2 3 5 1 100 0.75 1 1 0 2 2 0 100 0 0
2 3 5 1 100 0.75 1 2 0 4 4 0 100 0 0
2 3 5 1 100 0.75 1 3 0 6 6 0 100 0 0
2 3 5 1 100 0.75 1 4 0 8 8 0 100 0 0
2 3 5 1 100 0.75 1 5 0 10 10 0 100 0 0
2 3 5 1 100 0.75 1 6 0 12 12 0 100 0 0
2 3 5 1 100 0.75 1 7 0 14 14 0 100 0 0
2 3 5 1 100 0.75 1 8 1 16 15 0 100 0 0
2 3 5 1 100 0.75 1 9 1 18 16 1 100 0 0
2 3 5 1 100 0.75 1 10 1 20 19 1 100 0 0
2 3 5 1 100 0.75 1 11 1 22 20 1 100 0 0
2 3 5 1 100 0.75 1 12 1 24 21 1 100 0 0
2 3 5 1 100 0.75 1 13 2 26 22 1 100 0 0
2 3 5 1 100 0.75 1 14 3 28 24 2 100 0 0
2 3 5 1 100 0.75 1 15 6 30 24 3 100 0 0
2 3 5 1 100 0.75 1 16 7 32 26 6 100 0 1
2 3 5 1 100 0.75 1 17 7 34 27 7 100 0 1
2 3 5 1 100 0.75 1 18 8 36 28 7 100 0 1
2 3 5 1 100 0.75 1 19 10 38 28 8 100 0 1
2 3 5 1 100 0.75 1 20 12 40 29 10 100 0 1
2 3 5 1 100 0.75 1 21 13 42 31 12 100 0 1
2 3 5 1 100 0.75 1 22 13 44 35 13 100 0 3
2 3 5 1 100 0.75 1 23 13 46 37 13 100 0 4
2 3 5 1 100 0.75 1 24 14 48 39 13 100 0 4
2 3 5 1 100 0.75 1 25 14 50 42 14 100 0 5
2 3 5 1 100 0.75 1 26 14 52 43 14 100 0 5
2 3 5 1 100 0.75 1 27 15 54 46 14 100 0 7
2 3 5 1 100 0.75 1 28 16 56 48 15 100 0 9
2 3 5 1 100 0.75 1 29 16 58 48 16 100 0 9
2 3 5 1 100 0.75 1 30 17 60 53 16 100 0 9
2 3 5 1 100 0.75 1 31 19 62 51 17 100 0 9
2 3 5 1 100 0.75 1 32 19 64 56 19 100 0 10
2 3 5 1 100 0.75 1 33 20 66 54 19 100 0 10
2 3 5 1 100 0.75 1 34 21 67 58 19 101 1 10
2 3 5 1 100 0.75 1 35 21 69 58 20 101 1 11
2 3 5 1 100 0.75 1 36 23 71 59 20 101 1 11
2 3 5 1 100 0.75 1 37 23 73 62 22 101 1 11
2 3 5 1 100 0.75 1 38 24 74 62 21 102 2 11
2 3 5 1 100 0.75 1 39 25 75 62 21 103 3 11
2 3 5 1 100 0.75 1 40 26 77 66 22 103 3 12
2 3 5 1 100 0.75 1 41 26 79 70 23 103 3 13
2 3 5 1 100 0.75 1 42 29 80 64 22 104 4 12
2 3 5 1 100 0.75 1 43 29 82 71 25 103 4 13
2 3 5 1 100 0.75 1 44 31 84 70 25 103 4 14
2 3 5 1 100 0.75 1 45 33 85 68 26 104 5 13
2 3 5 1 100 0.75 1 46 37 85 67 26 106 7 12
2 3 5 1 100 0.75 1 47 38 86 69 29 107 8 12
2 3 5 1 100 0.75 1 48 39 87 67 29 108 9 11
2 3 5 1 100 0.75 1 49 40 88 70 29 109 10 12
2 3 5 1 100 0.75 1 50 40 89 71 29 110 11 11
2 3 5 1 100 0.75 1 51 43 90 73 28 111 12 11
2 3 5 1 100 0.75 1 52 45 92 72 31 111 12 12
2 3 5 1 100 0.75 1 53 48 94 76 33 111 12 16
2 3 5 1 100 0.75 1 54 52 96 74 36 111 12 16
2 3 5 1 100 0.75 1 55 53 98 77 40 111 12 18
2 3 5 1 100 0.75 1 56 53 100 77 41 110 12 18
2 3 5 1 100 0.75 1 57 57 101 78 40 111 13 17
2 3 5 1 100 0.75 1 58 58 103 82 44 111 13 19
2 3 5 1 100 0.75 1 59 63 103 75 43 113 15 18
2 3 5 1 100 0.75 1 60 66 104 79 47 114 16 18
2 3 5 1 100 0.75 1 61 67 104 80 48 116 18 20
2 3 5 1 100 0.75 1 62 72 105 80 48 117 19 22
2 3 5 1 100 0.75 1 63 72 107 79 53 117 19 22
2 3 5 1 100 0.75 1 64 74 109 86 53 117 19 23
2 3 5 1 100 0.75 1 65 76 108 86 52 120 22 23
2 3 5 1 100 0.75 1 66 77 110 87 54 120 22 25
2 3 5 1 100 0.75 1 67 78 111 90 54 121 23 27
2 3 5 1 100 0.75 1 68 78 111 90 53 123 25 26
2 3 5 1 100 0.75 1 69 80 113 92 53 123 25 30
2 3 5 1 100 0.75 1 70 84 113 92 53 125 27 30
2 3 5 1 100 0.75 1 71 89 114 93 56 126 28 31
2 3 5 1 100 0.75 1 72 93 116 87 61 125 28 32
2 3 5 1 100 0.75 1 73 93 117 90 64 126 29 32
2 3 5 1 100 0.75 1 74 98 118 87 63 127 30 32
2 3 5 1 100 0.75 1 75 100 119 89 67 128 31 31
2 3 5 1 100 0.75 1 76 103 119 86 67 129 33 30
2 3 5 1 100 0.75 1 77 105 120 86 69 130 34 30
2 3 5 1 100 0.75 1 78 107 120 84 69 132 36 32
2 3 5 1 100 0.75 1 79 110 119 88 68 135 39 34
2 3 5 1 100 0.75 1 80 111 118 86 68 138 42 33
2 3 5 1 100 0.75 1 81 113 119 87 68 139 43 32
2 3 5 1 100 0.75 1 82 117 119 90 68 141 45 32
2 3 5 1 100 0.75 1 83 120 121 90 72 141 45 34
2 3 5 1 100 0.75 1 84 123 123 89 75 141 45 36
2 3 5 1 100 0.75 1 85 126 122 88 76 144 48 35
2 3 5 1 100 0.75 1 86 130 119 86 74 149 53 33
2 3 5 1 100 0.75 1 87 132 120 89 77 150 54 34
2 3 5 1 100 0.75 1 88 133 118 79 75 154 58 30
2 3 5 1 100 0.75 1 89 135 118 86 74 156 60 31
2 3 5 1 100 0.75 1 90 139 120 81 76 156 60 34
2 3 5 1 100 0.75 1 91 141 121 83 79 157 61 35
2 3 5 1 100 0.75 1 92 145 122 83 80 156 62 38
2 3 5 1 100 0.75 1 93 147 122 85 82 158 64 39
2 3 5 1 100 0.75 1 94 148 120 78 80 161 68 39
2 3 5 1 100 0.75 1 95 154 121 79 81 162 69 39
2 3 5 1 100 0.75 1 96 158 121 79 85 164 71 38
2 3 5 1 100 0.75 1 97 161 121 83 87 166 73 40
2 3 5 1 100 0.75 1 98 163 122 72 89 167 74 39
2 3 5 1 100 0.75 1 99 164 120 74 87 171 78 36
2 3 5 1 100 0.75 1 100 168 122 77 88 170 78 39
2 3 5 1 100 0.75 1 101 170 123 81 91 171 79 41
2 3 5 1 100 0.75 1 102 172 122 80 90 172 82 41
2 3 5 1 100 0.75 1 103 177 120 73 88 176 86 40
2 3 5 1 100 0.75 1 104 180 121 80 92 177 87 41
2 3 5 1 100 0.75 1 105 186 121 74 94 178 89 42
2 3 5 1 100 0.75 1 106 187 122 73 99 179 90 42
2 3 5 1 100 0.75 1 107 189 121 76 97 182 93 42
2 3 5 1 100 0.75 1 108 191 120 72 96 185 96 42
2 3 5 1 100 0.75 1 109 194 120 76 96 187 98 41
2 3 5 1 100 0.75 1 110 197 118 70 95 191 102 40
2 3 5 1 100 0.75 1 111 199 115 71 93 196 107 39
2 3 5 1 100 0.75 1 112 202 117 75 95 196 107 43
2 3 5 1 100 0.75 1 113 205 116 71 95 198 110 42
2 3 5 1 100 0.75 1 114 206 118 75 98 198 110 44
2 3 5 1 100 0.75 1 115 209 119 72 98 199 111 43
2 3 5 1 100 0.75 1 116 210 120 75 100 200 112 44
2 3 5 1 100 0.75 1 117 212 119 78 98 203 115 42
2 3 5 1 100 0.75 1 118 216 118 78 97 206 118 41
2 3 5 1 100 0.75 1 119 218 119 79 100 207 119 41
2 3 5 1 100 0.75 1 120 221 115 66 96 213 125 38
2 3 5 1 100 0.75 1 121 223 117 70 99 213 125 40
2 3 5 1 100 0.75 1 122 224 115 73 98 216 129 37
2 3 5 1 100 0.75 1 123 226 115 66 97 218 131 36
2 3 5 1 100 0.75 1 124 226 115 74 98 220 133 35
2 3 5 1 100 0.75 1 125 228 113 65 94 224 137 32
2 3 5 1 100 0.75 1 126 230 115 73 96 224 137 36
2 3 5 1 100 0.75 1 127 232 116 73 97 225 138 36
2 3 5 1 100 0.75 1 128 234 113 67 94 230 143 32
2 3 5 1 100 0.75 1 129 235 113 68 94 232 145 32
2 3 5 1 100 0.75 1 130 238 113 67 93 234 147 33
2 3 5 1 100 0.75 1 131 240 111 63 92 238 151 30
2 3 5 1 100 0.75 1 132 241 111 62 92 239 153 28
2 3 5 1 100 0.75 1 133 241 112 73 92 240 154 28
2 3 5 1 100 0.75 1 134 244 112 67 91 242 156 28
2 3 5 1 100 0.75 1 135 245 113 66 94 243 157 27
2 3 5 1 100 0.75 1 136 247 112 63 92 246 160 25
2 3 5 1 100 0.75 1 137 252 113 58 94 247 161 24
2 3 5 1 100 0.75 1 138 253 112 54 96 250 164 23
2 3 5 1 100 0.75 1 139 255 112 61 95 252 166 23
2 3 5 1 100 0.75 1 140 257 113 58 96 253 167 23
2 3 5 1 100 0.75 1 141 258 114 58 97 254 168 22
2 3 5 1 100 0.75 1 142 261 113 56 95 257 171 21
2 3 5 1 100 0.75 1 143 263 113 56 96 259 173 22
2 3 5 1 100 0.75 1 144 264 115 57 98 259 173 25
2 3 5 1 100 0.75 1 145 266 116 63 99 260 174 25
2 3 5 1 100 0.75 1 146 268 115 55 98 263 177 23
2 3 5 1 100 0.75 1 147 269 116 58 99 264 178 25
2 3 5 1 100 0.75 1 148 269 116 57 100 266 180 24
2 3 5 1 100 0.75 1 149 271 117 61 100 267 181 24
2 3 5 1 100 0.75 1 150 273 118 67 101 268 182 25
2 3 5 1 100 0.75 1 150 273 118 118 101 290 182 25
2 3 5 1 100 0.75 1 180 273 118 118 101 33 182 25
2 3 5 1 100 0.75 2 181 0 2 2 0 33 0 0
2 3 5 1 100 0.75 2 182 0 4 4 0 33 0 0
2 3 5 1 100 0.75 2 183 0 6 6 0 33 0 0
2 3 5 1 100 0.75 2 184 0 8 8 0 33 0 0
2 3 5 1 100 0.75 2 185 0 10 10 0 33 0 0
2 3 5 1 100 0.75 2 186 0 12 12 0 33 0 0
2 3 5 1 100 0.75 2 187 0 14 14 0 33 0 0
2 3 5 1 100 0.75 2 188 0 16 16 0 33 0 0
2 3 5 1 100 0.75 2 189 0 18 18 0 33 0 0
2 3 5 1 100 0.75 2 190 0 20 20 0 33 0 0
2 3 5 1 100 0.75 2 191 0 22 22 0 33 0 0
2 3 5 1 100 0.75 2 192 0 24 24 0 33 0 0
2 3 5 1 100 0.75 2 193 1 26 25 0 33 0 0
2 3 5 1 100 0.75 2 194 1 28 27 1 33 0 0
2 3 5 1 100 0.75 2 195 1 30 29 1 33 0 0
2 3 5 1 100 0.75 2 196 1 32 31 1 33 0 0
2 3 5 1 100 0.75 2 197 1 34 32 1 33 0 0
2 3 5 1 100 0.75 2 198 2 36 34 1 33 0 0
2 3 5 1 100 0.75 2 199 3 38 34 2 33 0 0
2 3 5 1 100 0.75 2 200 5 40 34 3 33 0 0
2 3 5 1 100 0.75 2 201 7 42 36 5 33 0 1
2 3 5 1 100 0.75 2 202 8 44 36 7 33 0 1
2 3 5 1 100 0.75 2 203 8 46 38 8 33 0 1
2 3 5 1 100 0.75 2 204 8 48 41 8 33 0 1
2 3 5 1 100 0.75 2 205 8 50 44 8 33 0 2
2 3 5 1 100 0.75 2 206 9 52 45 8 33 0 2
2 3 5 1 100 0.75 2 207 10 54 47 9 33 0 3
2 3 5 1 100 0.75 2 208 11 56 50 10 33 0 4
2 3 5 1 100 0.75 2 209 12 58 53 11 33 0 5
2 3 5 1 100 0.75 2 210 13 60 53 12 33 0 5
2 3 5 1 100 0.75 2 211 14 62 55 13 33 0 5
2 3 5 1 100 0.75 2 212 15 64 57 14 33 0 5
2 3 5 1 100 0.75 2 213 16 66 57 15 33 0 6
2 3 5 1 100 0.75 2 214 16 68 59 16 33 0 7
2 3 5 1 100 0.75 2 215 17 70 61 16 33 0 7
2 3 5 1 100 0.75 2 216 17 72 63 17 33 0 8
2 3 5 1 100 0.75 2 217 17 74 68 17 33 0 9
2 3 5 1 100 0.75 2 218 18 75 68 16 34 1 8
2 3 5 1 100 0.75 2 219 19 77 69 17 34 1 9
2 3 5 1 100 0.75 2 220 20 79 72 18 34 1 9
2 3 5 1 100 0.75 2 221 21 81 74 19 34 1 9
2 3 5 1 100 0.75 2 222 22 83 76 20 34 1 10
2 3 5 1 100 0.75 2 223 23 84 74 20 35 2 9
2 3 5 1 100 0.75 2 224 24 86 76 21 35 2 9
2 3 5 1 100 0.75 2 225 25 86 76 20 37 4 7
2 3 5 1 100 0.75 2 226 26 88 76 21 37 4 7
2 3 5 1 100 0.75 2 227 26 90 81 22 37 4 8
2 3 5 1 100 0.75 2 228 28 91 77 21 38 5 7
2 3 5 1 100 0.75 2 229 28 93 83 23 38 5 9
2 3 5 1 100 0.75 2 230 29 94 82 22 39 6 8
2 3 5 1 100 0.75 2 231 30 96 84 23 39 6 8
2 3 5 1 100 0.75 2 232 31 97 84 23 40 7 8
2 3 5 1 100 0.75 2 233 31 99 88 24 40 7 8
2 3 5 1 100 0.75 2 234 33 100 88 23 41 8 7
2 3 5 1 100 0.75 2 235 34 100 89 23 43 10 7
2 3 5 1 100 0.75 2 236 38 102 87 24 43 10 7
2 3 5 1 100 0.75 2 237 39 103 85 27 44 11 6
2 3 5 1 100 0.75 2 238 41 105 90 28 44 11 8
2 3 5 1 100 0.75 2 239 43 107 89 30 44 11 9
2 3 5 1 100 0.75 2 240 44 109 92 32 44 11 9
2 3 5 1 100 0.75 2 241 45 111 92 33 44 11 10
2 3 5 1 100 0.75 2 242 47 113 93 34 44 11 11
2 3 5 1 100 0.75 2 243 47 114 97 35 45 12 11
2 3 5 1 100 0.75 2 244 49 116 99 35 45 12 14
2 3 5 1 100 0.75 2 245 51 118 100 37 45 12 16
2 3 5 1 100 0.75 2 246 52 120 103 40 45 12 16
2 3 5 1 100 0.75 2 247 52 121 103 40 46 13 16
2 3 5 1 100 0.75 2 248 53 123 107 40 46 13 17
2 3 5 1 100 0.75 2 249 56 123 104 39 48 15 15
2 3 5 1 100 0.75 2 250 56 125 108 43 48 15 16
2 3 5 1 100 0.75 2 251 60 126 107 42 49 16 16
2 3 5 1 100 0.75 2 252 61 127 107 45 50 17 16
2 3 5 1 100 0.75 2 253 62 128 109 45 51 18 17
2 3 5 1 100 0.75 2 254 63 129 108 45 52 19 16
2 3 5 1 100 0.75 2 255 63 131 107 47 52 19 16
2 3 5 1 100 0.75 2 256 63 132 117 46 53 20 18
2 3 5 1 100 0.75 2 257 67 133 110 45 54 21 18
2 3 5 1 100 0.75 2 258 67 134 114 48 55 22 17
2 3 5 1 100 0.75 2 259 68 136 117 48 55 22 20
2 3 5 1 100 0.75 2 260 70 138 119 49 55 22 21
2 3 5 1 100 0.75 2 261 72 139 118 50 56 23 22
2 3 5 1 100 0.75 2 262 74 138 119 49 59 26 20
2 3 5 1 100 0.75 2 263 77 138 114 49 61 28 18
2 3 5 1 100 0.75 2 264 77 140 119 52 61 28 18
2 3 5 1 100 0.75 2 265 79 141 118 51 62 29 20
2 3 5 1 100 0.75 2 266 83 143 116 53 62 29 20
2 3 5 1 100 0.75 2 267 86 144 114 56 63 30 21
2 3 5 1 100 0.75 2 268 86 145 119 58 64 31 21
2 3 5 1 100 0.75 2 269 89 146 117 57 65 32 20
2 3 5 1 100 0.75 2 270 91 145 116 57 68 35 19
2 3 5 1 100 0.75 2 271 91 146 117 58 69 36 21
2 3 5 1 100 0.75 2 272 93 148 121 58 69 36 22
2 3 5 1 100 0.75 2 273 98 149 115 59 70 37 22
2 3 5 1 100 0.75 2 274 99 151 125 64 70 37 27
2 3 5 1 100 0.75 2 275 101 152 123 64 71 38 27
2 3 5 1 100 0.75 2 276 103 152 128 64 73 40 27
2 3 5 1 100 0.75 2 277 107 151 122 63 76 43 25
2 3 5 1 100 0.75 2 278 111 152 120 66 77 44 26
2 3 5 1 100 0.75 2 279 116 154 118 70 77 44 26
2 3 5 1 100 0.75 2 280 118 156 121 75 77 44 29
2 3 5 1 100 0.75 2 281 119 156 124 75 79 46 30
2 3 5 1 100 0.75 2 282 121 157 123 75 80 47 30
2 3 5 1 100 0.75 2 283 123 156 122 75 83 50 29
2 3 5 1 100 0.75 2 284 127 158 120 77 83 50 32
2 3 5 1 100 0.75 2 285 127 158 128 79 85 52 34
2 3 5 1 100 0.75 2 286 130 159 129 79 86 53 36
2 3 5 1 100 0.75 2 287 133 160 128 81 87 54 39
2 3 5 1 100 0.75 2 288 135 162 128 84 87 54 39
2 3 5 1 100 0.75 2 289 142 160 123 82 91 58 35
2 3 5 1 100 0.75 2 290 144 161 125 88 92 59 36
2 3 5 1 100 0.75 2 291 145 160 122 87 95 62 36
2 3 5 1 100 0.75 2 292 147 162 125 88 95 62 37
2 3 5 1 100 0.75 2 293 151 162 128 88 97 64 37
2 3 5 1 100 0.75 2 294 156 161 122 89 100 67 36
2 3 5 1 100 0.75 2 295 157 161 120 92 101 69 35
2 3 5 1 100 0.75 2 296 159 161 120 92 103 71 35
2 3 5 1 100 0.75 2 297 161 162 128 93 104 72 40
2 3 5 1 100 0.75 2 298 169 162 119 93 106 74 39
2 3 5 1 100 0.75 2 299 172 160 114 97 110 78 37
2 3 5 1 100 0.75 2 300 175 162 118 100 110 78 40
2 3 5 1 100 0.75 2 301 179 163 120 102 111 79 44
2 3 5 1 100 0.75 2 302 183 163 116 104 113 81 45
2 3 5 1 100 0.75 2 303 185 163 121 106 115 83 44
2 3 5 1 100 0.75 2 304 187 161 118 104 119 87 42
2 3 5 1 100 0.75 2 305 194 160 113 103 122 90 42
2 3 5 1 100 0.75 2 306 197 159 109 107 124 93 43
2 3 5 1 100 0.75 2 307 197 158 110 107 127 96 43
2 3 5 1 100 0.75 2 308 200 160 111 107 127 96 46
2 3 5 1 100 0.75 2 309 203 161 120 109 128 97 50
2 3 5 1 100 0.75 2 310 206 159 111 108 132 101 47
2 3 5 1 100 0.75 2 311 208 160 113 110 133 102 47
2 3 5 1 100 0.75 2 312 210 159 116 110 136 105 49
2 3 5 1 100 0.75 2 313 214 158 114 110 139 108 47
2 3 5 1 100 0.75 2 314 218 158 107 113 141 110 47
2 3 5 1 100 0.75 2 315 219 159 106 116 142 111 47
2 3 5 1 100 0.75 2 316 221 158 104 115 145 114 45
2 3 5 1 100 0.75 2 317 224 155 103 112 149 119 44
2 3 5 1 100 0.75 2 318 225 155 106 114 151 121 43
2 3 5 1 100 0.75 2 319 228 157 103 115 151 121 43
2 3 5 1 100 0.75 2 320 230 153 107 113 157 127 42
2 3 5 1 100 0.75 2 321 232 152 105 112 160 130 41
2 3 5 1 100 0.75 2 322 234 152 98 112 162 132 41
2 3 5 1 100 0.75 2 323 237 150 98 110 166 136 38
2 3 5 1 100 0.75 2 324 241 150 100 111 168 138 38
2 3 5 1 100 0.75 2 325 241 148 98 111 172 142 35
2 3 5 1 100 0.75 2 326 242 145 102 106 177 147 32
2 3 5 1 100 0.75 2 327 243 145 94 105 179 149 31
2 3 5 1 100 0.75 2 328 246 146 93 105 180 150 33
2 3 5 1 100 0.75 2 329 248 145 91 106 183 153 32
2 3 5 1 100 0.75 2 330 252 145 91 106 185 155 32
2 3 5 1 100 0.75 2 330 252 145 145 106 214 155 32
2 3 5 1 100 0.75 2 360 252 145 145 106 33 155 32
2 3 5 1 100 0.75 3 361 0 2 2 0 33 0 0
2 3 5 1 100 0.75 3 362 0 4 4 0 33 0 0
2 3 5 1 100 0.75 3 363 0 6 6 0 33 0 0
2 3 5 1 100 0.75 3 364 0 8 8 0 33 0 0
2 3 5 1 100 0.75 3 365 0 10 10 0 33 0 0
2 3 5 1 100 0.75 3 366 0 12 12 0 33 0 0
2 3 5 1 100 0.75 3 367 0 14 14 0 33 0 0
2 3 5 1 100 0.75 3 368 0 16 16 0 33 0 0
2 3 5 1 100 0.75 3 369 0 18 18 0 33 0 0
2 3 5 1 100 0.75 3 370 0 20 20 0 32 0 0
2 3 5 1 100 0.75 3 371 0 22 22 0 32 0 0
2 3 5 1 100 0.75 3 372 0 24 24 0 32 0 0
2 3 5 1 100 0.75 3 373 0 26 26 0 32 0 0
2 3 5 1 100 0.75 3 374 0 28 28 0 32 0 0
2 3 5 1 100 0.75 3 375 0 30 30 0 32 0 0
2 3 5 1 100 0.75 3 376 0 32 32 0 32 0 0
2 3 5 1 100 0.75 3 377 0 34 34 0 32 0 0
2 3 5 1 100 0.75 3 378 0 36 36 0 32 0 0
2 3 5 1 100 0.75 3 379 0 38 38 0 32 0 0
2 3 5 1 100 0.75 3 380 1 40 38 0 32 0 0
2 3 5 1 100 0.75 3 381 1 42 41 1 32 0 0
2 3 5 1 100 0.75 3 382 3 44 41 1 32 0 0
2 3 5 1 100 0.75 3 383 3 46 43 3 32 0 0
2 3 5 1 100 0.75 3 384 4 48 43 3 32 0 0
2 3 5 1 100 0.75 3 385 5 50 45 4 32 0 0
2 3 5 1 100 0.75 3 386 6 52 45 5 32 0 0
2 3 5 1 100 0.75 3 387 7 54 47 6 32 0 0
2 3 5 1 100 0.75 3 388 8 56 48 7 32 0 1
2 3 5 1 100 0.75 3 389 9 58 50 8 32 0 2
2 3 5 1 100 0.75 3 390 9 60 54 9 32 0 2
2 3 5 1 100 0.75 3 391 9 62 56 9 32 0 3
2 3 5 1 100 0.75 3 392 9 64 59 9 32 0 3
2 3 5 1 100 0.75 3 393 10 66 61 9 32 0 3
2 3 5 1 100 0.75 3 394 10 68 62 10 32 0 4
2 3 5 1 100 0.75 3 395 10 70 66 10 32 0 4
2 3 5 1 100 0.75 3 396 10 72 68 10 32 0 5
2 3 5 1 100 0.75 3 397 11 74 71 10 32 0 5
2 3 5 1 100 0.75 3 398 11 76 72 11 32 0 5
2 3 5 1 100 0.75 3 399 11 78 74 11 32 0 5
2 3 5 1 100 0.75 3 400 12 80 74 11 32 0 5
2 3 5 1 100 0.75 3 401 13 82 77 12 32 0 5
2 3 5 1 100 0.75 3 402 15 84 76 13 32 0 5
2 3 5 1 100 0.75 3 403 17 86 79 15 32 0 5
2 3 5 1 100 0.75 3 404 18 88 78 17 32 0 6
2 3 5 1 100 0.75 3 405 20 90 79 18 32 0 6
2 3 5 1 100 0.75 3 406 22 92 78 20 32 0 6
2 3 5 1 100 0.75 3 407 23 92 79 20 34 2 4
2 3 5 1 100 0.75 3 408 26 93 78 20 35 3 3
2 3 5 1 100 0.75 3 409 27 95 81 23 35 3 4
2 3 5 1 100 0.75 3 410 27 97 84 24 35 3 5
2 3 5 1 100 0.75 3 411 29 98 85 23 36 4 6
2 3 5 1 100 0.75 3 412 31 99 84 24 37 5 6
2 3 5 1 100 0.75 3 413 31 101 90 26 37 5 7
2 3 5 1 100 0.75 3 414 31 103 92 26 37 5 7
2 3 5 1 100 0.75 3 415 33 105 92 26 37 5 8
2 3 5 1 100 0.75 3 416 33 107 97 28 37 5 9
2 3 5 1 100 0.75 3 417 34 109 97 28 37 5 9
2 3 5 1 100 0.75 3 418 35 111 99 29 37 5 10
2 3 5 1 100 0.75 3 419 35 113 100 30 37 5 10
2 3 5 1 100 0.75 3 420 37 115 103 30 37 5 11
2 3 5 1 100 0.75 3 421 38 116 102 31 38 6 10
2 3 5 1 100 0.75 3 422 39 118 102 32 37 6 11
2 3 5 1 100 0.75 3 423 39 120 106 33 37 6 12
2 3 5 1 100 0.75 3 424 40 122 107 33 37 6 12
2 3 5 1 100 0.75 3 425 40 124 110 34 37 6 13
2 3 5 1 100 0.75 3 426 40 126 112 34 37 6 13
2 3 5 1 100 0.75 3 427 40 126 113 32 39 8 13
2 3 5 1 100 0.75 3 428 41 127 112 31 40 9 13
2 3 5 1 100 0.75 3 429 41 127 113 30 42 11 11
2 3 5 1 100 0.75 3 430 42 129 111 30 42 11 12
2 3 5 1 100 0.75 3 431 42 130 114 30 43 12 11
2 3 5 1 100 0.75 3 432 44 130 114 28 45 14 10
2 3 5 1 100 0.75 3 433 45 131 113 29 46 15 9
2 3 5 1 100 0.75 3 434 46 133 115 30 46 15 9
2 3 5 1 100 0.75 3 435 49 135 115 31 46 15 10
2 3 5 1 100 0.75 3 436 51 137 116 34 46 15 10
2 3 5 1 100 0.75 3 437 53 139 115 36 46 15 11
2 3 5 1 100 0.75 3 438 54 140 117 37 47 16 10
2 3 5 1 100 0.75 3 439 54 142 119 38 47 16 11
2 3 5 1 100 0.75 3 440 55 143 120 37 48 17 12
2 3 5 1 100 0.75 3 441 55 143 119 36 50 19 10
2 3 5 1 100 0.75 3 442 56 145 123 36 50 19 11
2 3 5 1 100 0.75 3 443 56 147 129 37 50 19 15
2 3 5 1 100 0.75 3 444 58 148 130 36 51 20 15
2 3 5 1 100 0.75 3 445 61 150 128 38 51 20 16
2 3 5 1 100 0.75 3 446 63 152 131 41 51 20 16
2 3 5 1 100 0.75 3 447 65 151 129 40 54 23 13
2 3 5 1 100 0.75 3 448 68 152 127 41 55 24 12
2 3 5 1 100 0.75 3 449 69 154 127 44 55 24 12
2 3 5 1 100 0.75 3 450 70 156 129 45 55 24 13
2 3 5 1 100 0.75 3 451 71 158 131 46 55 24 14
2 3 5 1 100 0.75 3 452 72 159 131 46 56 25 14
2 3 5 1 100 0.75 3 453 75 160 133 47 57 26 16
2 3 5 1 100 0.75 3 454 79 162 130 50 57 26 19
2 3 5 1 100 0.75 3 455 80 164 136 54 57 26 20
2 3 5 1 100 0.75 3 456 84 166 136 55 57 26 21
2 3 5 1 100 0.75 3 457 85 168 138 59 57 26 22
2 3 5 1 100 0.75 3 458 87 168 134 58 59 28 22
2 3 5 1 100 0.75 3 459 89 167 134 57 62 31 20
2 3 5 1 100 0.75 3 460 90 167 134 57 64 33 19
2 3 5 1 100 0.75 3 461 93 168 136 57 65 34 21
2 3 5 1 100 0.75 3 462 98 170 137 60 65 34 24
2 3 5 1 100 0.75 3 463 101 170 132 63 67 36 23
2 3 5 1 100 0.75 3 464 105 172 136 66 67 36 26
2 3 5 1 100 0.75 3 465 106 173 135 70 68 37 25
2 3 5 1 100 0.75 3 466 106 175 140 71 68 37 27
2 3 5 1 100 0.75 3 467 106 176 142 70 69 38 26
2 3 5 1 100 0.75 3 468 109 177 143 69 70 39 27
2 3 5 1 100 0.75 3 469 111 179 145 72 70 39 30
2 3 5 1 100 0.75 3 470 117 181 148 74 70 39 34
2 3 5 1 100 0.75 3 471 121 181 142 78 72 41 37
2 3 5 1 100 0.75 3 472 122 182 147 81 73 42 37
2 3 5 1 100 0.75 3 473 124 181 145 79 76 45 35
2 3 5 1 100 0.75 3 474 128 178 140 76 81 50 30
2 3 5 1 100 0.75 3 475 130 179 139 79 82 51 31
2 3 5 1 100 0.75 3 476 131 180 141 80 82 52 31
2 3 5 1 100 0.75 3 477 137 181 137 80 83 53 33
2 3 5 1 100 0.75 3 478 138 181 141 84 85 55 33
2 3 5 1 100 0.75 3 479 140 181 143 84 87 57 33
2 3 5 1 100 0.75 3 480 144 181 139 84 89 59 32
2 3 5 1 100 0.75 3 481 147 180 135 85 92 62 31
2 3 5 1 100 0.75 3 482 150 181 140 88 92 63 32
2 3 5 1 100 0.75 3 483 153 182 138 90 93 64 32
2 3 5 1 100 0.75 3 484 153 182 140 91 95 66 33
2 3 5 1 100 0.75 3 485 158 183 139 90 96 67 35
2 3 5 1 100 0.75 3 486 162 182 136 92 99 70 33
2 3 5 1 100 0.75 3 487 164 182 137 94 101 72 32
2 3 5 1 100 0.75 3 488 166 182 137 94 103 74 35
2 3 5 1 100 0.75 3 489 168 183 137 95 104 75 36
2 3 5 1 100 0.75 3 490 173 183 135 95 106 77 38
2 3 5 1 100 0.75 3 491 173 182 133 97 109 80 37
2 3 5 1 100 0.75 3 492 173 183 137 96 110 81 37
2 3 5 1 100 0.75 3 493 177 185 141 96 110 81 40
2 3 5 1 100 0.75 3 494 185 183 138 96 114 85 40
2 3 5 1 100 0.75 3 495 187 184 134 103 115 86 40
2 3 5 1 100 0.75 3 496 194 186 136 105 115 86 42
2 3 5 1 100 0.75 3 497 196 184 131 108 119 90 39
2 3 5 1 100 0.75 3 498 201 183 129 107 122 93 38
2 3 5 1 100 0.75 3 499 204 182 122 109 125 96 35
2 3 5 1 100 0.75 3 500 205 183 128 111 126 97 35
2 3 5 1 100 0.75 3 501 210 184 123 111 127 98 37
2 3 5 1 100 0.75 3 502 214 184 129 114 129 100 41
2 3 5 1 100 0.75 3 503 221 185 125 117 130 101 46
2 3 5 1 100 0.75 3 504 223 184 125 122 133 104 45
2 3 5 1 100 0.75 3 505 226 183 123 121 136 107 44
2 3 5 1 100 0.75 3 506 227 184 125 123 137 108 46
2 3 5 1 100 0.75 3 507 228 181 123 119 142 113 42
2 3 5 1 100 0.75 3 508 229 180 126 117 145 116 41
2 3 5 1 100 0.75 3 509 232 179 122 115 148 119 41
2 3 5 1 100 0.75 3 510 236 178 125 115 151 122 44
2 3 5 1 100 0.75 3 510 236 178 178 115 193 122 44
2 3 5 1 100 0.75 3 540 236 178 178 115 33 122 44
2 3 5 1 100 0.75 4 541 0 2 2 0 33 0 0
2 3 5 1 100 0.75 4 542 0 4 4 0 33 0 0
2 3 5 1 100 0.75 4 543 0 6 6 0 33 0 0
2 3 5 1 100 0.75 4 544 0 8 8 0 33 0 0
2 3 5 1 100 0.75 4 545 0 10 10 0 33 0 0
2 3 5 1 100 0.75 4 546 0 12 12 0 33 0 0
2 3 5 1 100 0.75 4 547 0 14 14 0 33 0 0
2 3 5 1 100 0.75 4 548 0 16 16 0 33 0 0
2 3 5 1 100 0.75 4 549 0 18 18 0 33 0 0
2 3 5 1 100 0.75 4 550 0 20 20 0 33 0 0
2 3 5 1 100 0.75 4 551 0 22 22 0 33 0 0
2 3 5 1 100 0.75 4 552 0 24 24 0 33 0 0
2 3 5 1 100 0.75 4 553 2 26 24 0 33 0 0
2 3 5 1 100 0.75 4 554 2 28 26 2 33 0 0
2 3 5 1 100 0.75 4 555 3 30 27 2 33 0 0
2 3 5 1 100 0.75 4 556 3 32 29 3 33 0 0
2 3 5 1 100 0.75 4 557 4 34 30 3 33 0 0
2 3 5 1 100 0.75 4 558 4 36 32 4 33 0 0
2 3 5 1 100 0.75 4 559 5 38 33 4 33 0 0
2 3 5 1 100 0.75 4 560 5 40 36 5 33 0 1
2 3 5 1 100 0.75 4 561 6 42 38 5 33 0 1
2 3 5 1 100 0.75 4 562 7 44 38 6 33 0 1
2 3 5 1 100 0.75 4 563 8 46 41 7 33 0 2
2 3 5 1 100 0.75 4 564 8 48 42 8 33 0 2
2 3 5 1 100 0.75 4 565 8 50 45 8 33 0 3
2 3 5 1 100 0.75 4 566 9 52 47 8 33 0 3
2 3 5 1 100 0.75 4 567 9 54 49 9 33 0 4
2 3 5 1 100 0.75 4 568 9 56 52 9 33 0 4
2 3 5 1 100 0.75 4 569 10 58 54 9 33 0 5
2 3 5 1 100 0.75 4 570 11 60 57 10 33 0 5
2 3 5 1 100 0.75 4 571 12 62 56 11 33 0 5
2 3 5 1 100 0.75 4 572 12 64 58 12 33 0 5
2 3 5 1 100 0.75 4 573 13 66 61 12 33 0 5
2 3 5 1 100 0.75 4 574 15 68 60 13 33 0 5
2 3 5 1 100 0.75 4 575 17 70 59 15 33 0 5
2 3 5 1 100 0.75 4 576 20 71 56 16 34 1 4
2 3 5 1 100 0.75 4 577 20 73 60 19 34 1 5
2 3 5 1 100 0.75 4 578 21 74 63 18 35 2 5
2 3 5 1 100 0.75 4 579 22 76 64 19 35 2 5
2 3 5 1 100 0.75 4 580 22 78 66 20 35 2 5
2 3 5 1 100 0.75 4 581 25 79 64 19 36 3 4
2 3 5 1 100 0.75 4 582 25 80 68 21 37 4 5
2 3 5 1 100 0.75 4 583 25 82 72 21 37 4 7
2 3 5 1 100 0.75 4 584 25 84 74 21 37 4 8
2 3 5 1 100 0.75 4 585 26 86 75 21 37 4 9
2 3 5 1 100 0.75 4 586 27 88 78 22 37 4 10
2 3 5 1 100 0.75 4 587 29 89 78 22 38 5 9
2 3 5 1 100 0.75 4 588 30 91 81 24 38 5 11
2 3 5 1 100 0.75 4 589 32 93 82 25 38 5 12
2 3 5 1 100 0.75 4 590 33 95 82 27 38 5 12
2 3 5 1 100 0.75 4 591 33 97 84 28 38 5 12
2 3 5 1 100 0.75 4 592 35 99 82 28 38 5 12
2 3 5 1 100 0.75 4 593 35 101 88 30 38 5 13
2 3 5 1 100 0.75 4 594 36 103 90 30 38 5 14
2 3 5 1 100 0.75 4 595 38 105 92 31 38 5 16
2 3 5 1 100 0.75 4 596 39 107 92 33 38 5 16
2 3 5 1 100 0.75 4 597 41 107 94 32 40 7 17
2 3 5 1 100 0.75 4 598 42 109 91 34 40 7 17
2 3 5 1 100 0.75 4 599 43 109 94 33 42 9 15
2 3 5 1 100 0.75 4 600 45 111 93 34 41 9 17
2 3 5 1 100 0.75 4 601 45 111 96 34 43 11 15
2 3 5 1 100 0.75 4 602 47 111 96 32 45 13 13
2 3 5 1 100 0.75 4 603 47 113 98 34 45 13 15
2 3 5 1 100 0.75 4 604 49 114 96 33 46 14 15
2 3 5 1 100 0.75 4 605 51 114 97 33 48 16 14
2 3 5 1 100 0.75 4 606 51 116 97 35 48 16 15
2 3 5 1 100 0.75 4 607 51 117 104 34 49 17 16
2 3 5 1 100 0.75 4 608 54 119 101 34 49 17 17
2 3 5 1 100 0.75 4 609 55 120 101 36 50 18 16
2 3 5 1 100 0.75 4 610 56 122 107 37 50 18 17
2 3 5 1 100 0.75 4 611 57 123 103 37 51 19 16
2 3 5 1 100 0.75 4 612 58 125 110 38 51 19 18
2 3 5 1 100 0.75 4 613 63 127 110 39 51 19 18
2 3 5 1 100 0.75 4 614 65 127 107 42 53 21 16
2 3 5 1 100 0.75 4 615 67 126 105 41 56 24 15
2 3 5 1 100 0.75 4 616 69 127 106 42 57 25 14
2 3 5 1 100 0.75 4 617 69 129 108 44 57 25 15
2 3 5 1 100 0.75 4 618 69 131 111 44 57 25 16
2 3 5 1 100 0.75 4 619 71 132 110 44 58 26 15
2 3 5 1 100 0.75 4 620 73 132 110 44 60 28 16
2 3 5 1 100 0.75 4 621 75 134 116 46 59 28 19
2 3 5 1 100 0.75 4 622 76 135 114 47 60 29 19
2 3 5 1 100 0.75 4 623 77 137 119 48 60 29 22
2 3 5 1 100 0.75 4 624 79 137 116 47 62 31 20
2 3 5 1 100 0.75 4 625 84 136 111 46 65 34 17
2 3 5 1 100 0.75 4 626 85 138 114 51 65 34 18
2 3 5 1 100 0.75 4 627 88 140 116 52 65 34 20
2 3 5 1 100 0.75 4 628 92 141 114 54 66 35 20
2 3 5 1 100 0.75 4 629 96 142 114 57 67 36 20
2 3 5 1 100 0.75 4 630 99 143 113 60 68 37 20
2 3 5 1 100 0.75 4 631 101 145 114 63 68 37 21
2 3 5 1 100 0.75 4 632 103 146 113 64 69 38 22
2 3 5 1 100 0.75 4 633 104 148 122 66 69 38 24
2 3 5 1 100 0.75 4 634 110 148 112 65 71 40 22
2 3 5 1 100 0.75 4 635 112 148 114 69 73 42 23
2 3 5 1 100 0.75 4 636 114 149 120 70 74 43 25
2 3 5 1 100 0.75 4 637 116 150 117 71 75 44 24
2 3 5 1 100 0.75 4 638 118 152 120 73 75 44 25
2 3 5 1 100 0.75 4 639 120 150 117 71 79 48 24
2 3 5 1 100 0.75 4 640 124 151 116 72 80 49 25
2 3 5 1 100 0.75 4 641 126 151 112 74 81 51 24
2 3 5 1 100 0.75 4 642 129 151 115 74 83 53 25
2 3 5 1 100 0.75 4 643 130 153 123 77 83 53 28
2 3 5 1 100 0.75 4 644 132 155 122 78 83 53 28
2 3 5 1 100 0.75 4 645 134 156 121 79 84 54 29
2 3 5 1 100 0.75 4 646 137 157 122 80 85 55 29
2 3 5 1 100 0.75 4 647 138 158 129 82 86 56 30
2 3 5 1 100 0.75 4 648 142 159 124 82 87 57 30
2 3 5 1 100 0.75 4 649 145 161 124 86 86 57 34
2 3 5 1 100 0.75 4 650 149 160 123 86 89 60 32
2 3 5 1 100 0.75 4 651 153 159 117 87 92 63 30
2 3 5 1 100 0.75 4 652 156 159 115 89 94 65 30
2 3 5 1 100 0.75 4 653 160 160 115 91 95 66 31
2 3 5 1 100 0.75 4 654 161 160 118 93 97 68 30
2 3 5 1 100 0.75 4 655 165 162 117 94 97 68 31
2 3 5 1 100 0.75 4 656 165 162 123 96 99 70 32
2 3 5 1 100 0.75 4 657 169 163 125 95 100 71 33
2 3 5 1 100 0.75 4 658 173 161 116 96 104 75 30
2 3 5 1 100 0.75 4 659 175 162 120 99 105 76 31
2 3 5 1 100 0.75 4 660 177 160 119 97 109 80 30
2 3 5 1 100 0.75 4 661 180 161 121 98 110 81 31
2 3 5 1 100 0.75 4 662 181 162 118 100 111 82 31
2 3 5 1 100 0.75 4 663 183 162 120 99 113 84 32
2 3 5 1 100 0.75 4 664 187 162 112 99 115 86 32
2 3 5 1 100 0.75 4 665 194 162 114 101 116 88 34
2 3 5 1 100 0.75 4 666 195 164 119 108 116 88 36
2 3 5 1 100 0.75 4 667 199 165 117 108 117 89 37
2 3 5 1 100 0.75 4 668 203 164 118 109 120 92 36
2 3 5 1 100 0.75 4 669 205 164 113 112 122 94 37
2 3 5 1 100 0.75 4 670 206 165 113 113 123 95 37
2 3 5 1 100 0.75 4 671 212 164 110 111 125 98 34
2 3 5 1 100 0.75 4 672 217 165 112 116 126 99 39
2 3 5 1 100 0.75 4 673 218 165 114 119 128 101 41
2 3 5 1 100 0.75 4 674 222 165 115 118 130 103 41
2 3 5 1 100 0.75 4 675 224 166 113 121 131 104 42
2 3 5 1 100 0.75 4 676 228 166 115 122 133 106 43
2 3 5 1 100 0.75 4 677 229 166 116 124 135 108 42
2 3 5 1 100 0.75 4 678 231 166 114 123 137 110 40
2 3 5 1 100 0.75 4 679 236 165 114 122 140 113 42
2 3 5 1 100 0.75 4 680 240 164 111 124 143 116 41
2 3 5 1 100 0.75 4 681 243 165 114 127 143 117 44
2 3 5 1 100 0.75 4 682 246 162 110 125 148 122 43
2 3 5 1 100 0.75 4 683 248 163 111 128 149 123 44
2 3 5 1 100 0.75 4 684 249 163 111 128 151 125 44
2 3 5 1 100 0.75 4 685 251 165 115 129 151 125 46
2 3 5 1 100 0.75 4 686 254 166 117 130 152 126 49
2 3 5 1 100 0.75 4 687 257 164 111 129 156 130 46
2 3 5 1 100 0.75 4 688 261 163 108 129 159 133 44
2 3 5 1 100 0.75 4 689 261 162 105 130 162 136 45
2 3 5 1 100 0.75 4 690 265 162 112 128 164 138 47
2 3 5 1 100 0.75 4 690 265 162 162 128 209 138 47
2 3 5 1 100 0.75 4 720 265 162 162 128 33 138 47
2 3 5 1 100 0.75 5 721 0 2 2 0 33 0 0
2 3 5 1 100 0.75 5 722 0 4 4 0 33 0 0
2 3 5 1 100 0.75 5 723 0 6 6 0 33 0 0
2 3 5 1 100 0.75 5 724 0 8 8 0 33 0 0
2 3 5 1 100 0.75 5 725 0 10 10 0 33 0 0
2 3 5 1 100 0.75 5 726 0 12 12 0 33 0 0
2 3 5 1 100 0.75 5 727 0 14 14 0 33 0 0
2 3 5 1 100 0.75 5 728 0 16 16 0 33 0 0
2 3 5 1 100 0.75 5 729 0 18 18 0 33 0 0
2 3 5 1 100 0.75 5 730 0 20 20 0 33 0 0
2 3 5 1 100 0.75 5 731 0 22 22 0 33 0 0
2 3 5 1 100 0.75 5 732 0 24 24 0 33 0 0
2 3 5 1 100 0.75 5 733 0 26 26 0 33 0 0
2 3 5 1 100 0.75 5 734 2 28 26 0 33 0 0
2 3 5 1 100 0.75 5 735 2 30 28 2 33 0 0
2 3 5 1 100 0.75 5 736 2 32 30 2 33 0 0
2 3 5 1 100 0.75 5 737 2 34 32 2 33 0 0
2 3 5 1 100 0.75 5 738 2 36 34 2 33 0 0
2 3 5 1 100 0.75 5 739 3 38 35 2 33 0 0
2 3 5 1 100 0.75 5 740 4 40 36 3 33 0 0
2 3 5 1 100 0.75 5 741 4 42 39 4 33 0 1
2 3 5 1 100 0.75 5 742 4 44 41 4 33 0 2
2 3 5 1 100 0.75 5 743 4 46 44 4 33 0 2
2 3 5 1 100 0.75 5 744 4 48 46 4 33 0 2
2 3 5 1 100 0.75 5 745 4 50 48 4 33 0 2
2 3 5 1 100 0.75 5 746 4 52 50 4 33 0 3
2 3 5 1 100 0.75 5 747 4 54 53 4 33 0 4
2 3 5 1 100 0.75 5 748 5 56 55 4 33 0 4
2 3 5 1 100 0.75 5 749 5 58 55 5 33 0 4
2 3 5 1 100 0.75 5 750 6 60 57 5 33 0 4
2 3 5 1 100 0.75 5 751 6 62 59 6 33 0 4
2 3 5 1 100 0.75 5 752 6 64 60 6 33 0 4
2 3 5 1 100 0.75 5 753 6 66 64 6 33 0 4
2 3 5 1 100 0.75 5 754 8 68 64 6 32 0 4
2 3 5 1 100 0.75 5 755 11 70 63 8 32 0 5
2 3 5 1 100 0.75 5 756 12 71 64 10 33 1 4
2 3 5 1 100 0.75 5 757 12 73 66 11 33 1 5
2 3 5 1 100 0.75 5 758 12 75 68 11 33 1 5
2 3 5 1 100 0.75 5 759 12 77 69 11 33 1 5
2 3 5 1 100 0.75 5 760 12 78 71 10 34 2 4
2 3 5 1 100 0.75 5 761 14 80 72 10 34 2 4
2 3 5 1 100 0.75 5 762 14 81 76 11 35 3 7
2 3 5 1 100 0.75 5 763 15 83 78 11 35 3 8
2 3 5 1 100 0.75 5 764 17 85 80 12 35 3 9
2 3 5 1 100 0.75 5 765 17 87 80 14 35 3 9
2 3 5 1 100 0.75 5 766 17 89 81 14 35 3 9
2 3 5 1 100 0.75 5 767 20 90 81 13 36 4 8
2 3 5 1 100 0.75 5 768 20 92 84 16 36 4 9
2 3 5 1 100 0.75 5 769 22 94 84 16 36 4 10
2 3 5 1 100 0.75 5 770 23 96 86 18 36 4 10
2 3 5 1 100 0.75 5 771 23 98 87 19 36 4 11
2 3 5 1 100 0.75 5 772 24 100 92 19 36 4 13
2 3 5 1 100 0.75 5 773 28 100 89 18 38 6 11
2 3 5 1 100 0.75 5 774 29 102 89 22 38 6 11
2 3 5 1 100 0.75 5 775 31 104 90 23 38 6 13
2 3 5 1 100 0.75 5 776 32 106 94 25 38 6 13
2 3 5 1 100 0.75 5 777 35 107 93 25 39 7 13
2 3 5 1 100 0.75 5 778 36 109 95 28 39 7 14
2 3 5 1 100 0.75 5 779 36 110 96 28 40 8 13
2 3 5 1 100 0.75 5 780 36 110 99 26 42 10 13
2 3 5 1 100 0.75 5 781 38 111 98 25 43 11 15
2 3 5 1 100 0.75 5 782 40 112 97 26 44 12 15
2 3 5 1 100 0.75 5 783 41 114 99 28 44 12 15
2 3 5 1 100 0.75 5 784 44 115 98 28 45 13 14
2 3 5 1 100 0.75 5 785 47 116 100 30 46 14 16
2 3 5 1 100 0.75 5 786 50 118 102 33 46 14 17
2 3 5 1 100 0.75 5 787 52 120 102 36 46 14 17
2 3 5 1 100 0.75 5 788 54 120 102 36 48 16 17
2 3 5 1 100 0.75 5 789 54 122 103 38 48 16 17
2 3 5 1 100 0.75 5 790 54 122 106 36 49 18 18
2 3 5 1 100 0.75 5 791 56 124 108 36 49 18 21
2 3 5 1 100 0.75 5 792 57 126 112 38 49 18 23
2 3 5 1 100 0.75 5 793 59 127 112 38 50 19 23
2 3 5 1 100 0.75 5 794 59 128 113 39 51 20 24
2 3 5 1 100 0.75 5 795 62 129 116 38 52 21 24
2 3 5 1 100 0.75 5 796 65 128 113 38 55 24 23
2 3 5 1 100 0.75 5 797 71 129 108 40 56 25 22
2 3 5 1 100 0.75 5 798 73 131 110 46 56 25 23
2 3 5 1 100 0.75 5 799 74 133 113 48 56 25 23
2 3 5 1 100 0.75 5 800 76 134 112 48 57 26 22
2 3 5 1 100 0.75 5 801 76 135 114 49 58 27 22
2 3 5 1 100 0.75 5 802 77 134 112 46 61 30 19
2 3 5 1 100 0.75 5 803 79 135 112 46 62 31 21
2 3 5 1 100 0.75 5 804 83 137 115 48 62 31 24
2 3 5 1 100 0.75 5 805 84 138 120 51 63 32 28
2 3 5 1 100 0.75 5 806 88 139 112 51 64 33 27
2 3 5 1 100 0.75 5 807 89 138 117 52 67 36 25
2 3 5 1 100 0.75 5 808 90 139 114 52 68 37 25
2 3 5 1 100 0.75 5 809 91 140 115 52 69 38 25
2 3 5 1 100 0.75 5 810 94 141 116 52 70 39 25
2 3 5 1 100 0.75 5 811 96 140 114 52 73 42 24
2 3 5 1 100 0.75 5 812 101 141 110 53 74 43 25
2 3 5 1 100 0.75 5 813 102 142 115 57 75 44 25
2 3 5 1 100 0.75 5 814 103 141 113 55 78 47 24
2 3 5 1 100 0.75 5 815 105 143 110 56 78 47 24
2 3 5 1 100 0.75 5 816 105 144 112 57 79 48 24
2 3 5 1 100 0.75 5 817 106 146 115 57 79 48 25
2 3 5 1 100 0.75 5 818 108 146 117 57 81 50 25
2 3 5 1 100 0.75 5 819 109 148 117 60 81 50 26
2 3 5 1 100 0.75 5 820 111 149 121 60 82 51 30
2 3 5 1 100 0.75 5 821 115 151 120 62 82 51 30
2 3 5 1 100 0.75 5 822 117 147 113 61 88 57 26
2 3 5 1 100 0.75 5 823 122 148 111 62 89 58 25
2 3 5 1 100 0.75 5 824 125 149 108 66 90 59 25
2 3 5 1 100 0.75 5 825 126 149 112 67 92 61 24
2 3 5 1 100 0.75 5 826 130 148 108 65 95 64 23
2 3 5 1 100 0.75 5 827 134 150 108 69 95 64 24
2 3 5 1 100 0.75 5 828 136 151 110 72 96 65 26
2 3 5 1 100 0.75 5 829 139 152 112 73 97 66 26
2 3 5 1 100 0.75 5 830 143 153 111 76 98 67 29
2 3 5 1 100 0.75 5 831 147 152 110 77 101 70 28
2 3 5 1 100 0.75 5 832 151 153 109 80 102 71 28
2 3 5 1 100 0.75 5 833 152 154 112 83 103 72 28
2 3 5 1 100 0.75 5 834 156 155 114 83 104 73 32
2 3 5 1 100 0.75 5 835 161 154 109 84 107 76 29
2 3 5 1 100 0.75 5 836 163 156 107 90 107 76 32
2 3 5 1 100 0.75 5 837 164 156 111 90 109 78 31
2 3 5 1 100 0.75 5 838 166 156 111 89 111 80 32
2 3 5 1 100 0.75 5 839 168 157 110 90 112 81 35
2 3 5 1 100 0.75 5 840 172 157 114 90 114 83 35
2 3 5 1 100 0.75 5 841 174 159 112 94 114 83 37
2 3 5 1 100 0.75 5 842 178 160 116 95 115 84 42
2 3 5 1 100 0.75 5 843 183 161 114 98 116 85 43
2 3 5 1 100 0.75 5 844 184 163 113 103 116 85 43
2 3 5 1 100 0.75 5 845 189 160 109 99 121 90 40
2 3 5 1 100 0.75 5 846 191 160 106 102 123 92 39
2 3 5 1 100 0.75 5 847 198 159 104 101 126 95 36
2 3 5 1 100 0.75 5 848 200 160 102 108 127 96 38
2 3 5 1 100 0.75 5 849 203 161 107 109 128 97 40
2 3 5 1 100 0.75 5 850 207 162 102 111 128 98 40
2 3 5 1 100 0.75 5 851 210 159 103 110 133 103 37
2 3 5 1 100 0.75 5 852 210 159 98 111 135 105 36
2 3 5 1 100 0.75 5 853 215 158 105 108 138 108 37
2 3 5 1 100 0.75 5 854 218 160 101 113 138 108 41
2 3 5 1 100 0.75 5 855 219 158 104 112 142 112 40
2 3 5 1 100 0.75 5 856 225 159 97 113 143 113 40
2 3 5 1 100 0.75 5 857 226 156 100 114 148 118 38
2 3 5 1 100 0.75 5 858 228 157 99 114 149 119 39
2 3 5 1 100 0.75 5 859 230 156 100 113 152 122 37
2 3 5 1 100 0.75 5 860 233 156 101 113 154 124 39
2 3 5 1 100 0.75 5 861 236 155 96 113 157 127 38
2 3 5 1 100 0.75 5 862 239 156 97 115 158 128 38
2 3 5 1 100 0.75 5 863 240 156 98 116 160 130 39
2 3 5 1 100 0.75 5 864 244 156 96 115 162 132 40
2 3 5 1 100 0.75 5 865 244 156 101 117 164 134 39
2 3 5 1 100 0.75 5 866 248 158 95 118 164 134 41
2 3 5 1 100 0.75 5 867 251 157 97 119 167 137 39
2 3 5 1 100 0.75 5 868 256 155 94 119 171 141 39
2 3 5 1 100 0.75 5 869 261 156 95 123 172 142 42
2 3 5 1 100 0.75 5 870 265 157 94 127 173 143 41
2 3 5 1 100 0.75 5 870 265 157 157 127 212 143 41
2 3 5 1 100 0.75 5 900 265 157 157 127 33 143 41
2 3 5 1 100 0.75 6 901 0 2 2 0 33 0 0
2 3 5 1 100 0.75 6 902 0 4 4 0 33 0 0
2 3 5 1 100 0.75 6 903 0 6 6 0 33 0 0
2 3 5 1 100 0.75 6 904 0 8 8 0 33 0 0
2 3 5 1 100 0.75 6 905 0 10 10 0 33 0 0
2 3 5 1 100 0.75 6 906 0 12 12 0 33 0 0
2 3 5 1 100 0.75 6 907 0 14 14 0 33 0 0
2 3 5 1 100 0.75 6 908 0 16 16 0 33 0 0
2 3 5 1 100 0.75 6 909 0 18 18 0 33 0 0
2 3 5 1 100 0.75 6 910 0 20 20 0 33 0 0
2 3 5 1 100 0.75 6 911 1 22 21 0 33 0 0
2 3 5 1 100 0.75 6 912 1 24 23 1 33 0 0
2 3 5 1 100 0.75 6 913 1 26 25 1 32 0 0
2 3 5 1 100 0.75 6 914 1 28 27 1 32 0 0
2 3 5 1 100 0.75 6 915 1 30 29 1 32 0 0
2 3 5 1 100 0.75 6 916 1 32 31 1 32 0 0
2 3 5 1 100 0.75 6 917 1 34 33 1 32 0 0
2 3 5 1 100 0.75 6 918 1 36 36 1 32 0 1
2 3 5 1 100 0.75 6 919 1 38 38 1 32 0 1
2 3 5 1 100 0.75 6 920 1 40 39 1 32 0 1
2 3 5 1 100 0.75 6 921 1 42 42 1 32 0 1
2 3 5 1 100 0.75 6 922 1 44 43 1 31 0 1
2 3 5 1 100 0.75 6 923 1 46 46 1 31 0 1
2 3 5 1 100 0.75 6 924 1 48 48 1 31 0 1
2 3 5 1 100 0.75 6 925 2 50 49 1 31 0 1
2 3 5 1 100 0.75 6 926 3 52 50 2 31 0 1
2 3 5 1 100 0.75 6 927 3 54 52 3 31 0 1
2 3 5 1 100 0.75 6 928 5 56 52 3 31 0 1
2 3 5 1 100 0.75 6 929 5 58 54 5 31 0 1
2 3 5 1 100 0.75 6 930 6 60 55 5 31 0 1
2 3 5 1 100 0.75 6 931 6 62 57 6 31 0 1
2 3 5 1 100 0.75 6 932 6 64 58 6 31 0 1
2 3 5 1 100 0.75 6 933 6 66 63 6 31 0 3
2 3 5 1 100 0.75 6 934 7 68 64 6 31 0 3
2 3 5 1 100 0.75 6 935 7 70 67 7 31 0 4
2 3 5 1 100 0.75 6 936 7 72 69 7 31 0 5
2 3 5 1 100 0.75 6 937 8 73 70 6 32 1 5
2 3 5 1 100 0.75 6 938 9 75 70 7 32 1 5
2 3 5 1 100 0.75 6 939 9 77 74 8 32 1 5
2 3 5 1 100 0.75 6 940 10 79 73 8 32 1 5
2 3 5 1 100 0.75 6 941 12 81 76 9 32 1 6
2 3 5 1 100 0.75 6 942 14 83 73 11 32 1 6
2 3 5 1 100 0.75 6 943 14 85 78 13 32 1 6
2 3 5 1 100 0.75 6 944 14 87 80 13 32 1 7
2 3 5 1 100 0.75 6 945 15 89 83 13 32 1 7
2 3 5 1 100 0.75 6 946 18 91 82 14 32 1 7
2 3 5 1 100 0.75 6 947 18 93 84 17 32 1 7
2 3 5 1 100 0.75 6 948 19 95 87 17 32 1 9
2 3 5 1 100 0.75 6 949 20 97 89 18 32 1 10
2 3 5 1 100 0.75 6 950 23 98 88 18 33 2 10
2 3 5 1 100 0.75 6 951 23 99 88 20 34 3 9
2 3 5 1 100 0.75 6 952 23 101 90 20 34 3 9
2 3 5 1 100 0.75 6 953 23 102 92 19 35 4 10
2 3 5 1 100 0.75 6 954 24 103 95 18 36 5 11
2 3 5 1 100 0.75 6 955 25 105 97 19 36 5 11
2 3 5 1 100 0.75 6 956 25 107 100 20 36 5 11
2 3 5 1 100 0.75 6 957 25 108 100 19 37 6 11
2 3 5 1 100 0.75 6 958 25 110 105 19 37 6 12
2 3 5 1 100 0.75 6 959 25 112 106 19 37 6 12
2 3 5 1 100 0.75 6 960 25 114 108 19 37 6 12
2 3 5 1 100 0.75 6 961 27 115 109 18 38 7 12
2 3 5 1 100 0.75 6 962 28 117 108 20 38 7 13
2 3 5 1 100 0.75 6 963 29 117 111 19 40 9 11
2 3 5 1 100 0.75 6 964 30 118 111 19 41 10 10
2 3 5 1 100 0.75 6 965 31 120 112 20 41 10 10
2 3 5 1 100 0.75 6 966 31 122 114 21 41 10 10
2 3 5 1 100 0.75 6 967 32 123 112 20 42 11 9
2 3 5 1 100 0.75 6 968 33 125 114 21 42 11 11
2 3 5 1 100 0.75 6 969 33 125 115 20 44 13 9
2 3 5 1 100 0.75 6 970 34 124 117 17 47 16 8
2 3 5 1 100 0.75 6 971 35 126 116 18 47 16 8
2 3 5 1 100 0.75 6 972 36 127 119 18 48 17 8
2 3 5 1 100 0.75 6 973 38 129 120 19 48 17 8
2 3 5 1 100 0.75 6 974 40 131 120 21 48 17 8
2 3 5 1 100 0.75 6 975 41 133 121 23 48 17 9
2 3 5 1 100 0.75 6 976 42 135 122 24 48 17 10
2 3 5 1 100 0.75 6 977 44 136 120 24 49 18 9
2 3 5 1 100 0.75 6 978 46 137 123 25 50 19 9
2 3 5 1 100 0.75 6 979 49 139 121 27 50 19 9
2 3 5 1 100 0.75 6 980 50 141 125 30 50 19 11
2 3 5 1 100 0.75 6 981 51 142 127 30 51 20 12
2 3 5 1 100 0.75 6 982 52 144 129 31 51 20 13
2 3 5 1 100 0.75 6 983 52 146 131 32 51 20 14
2 3 5 1 100 0.75 6 984 56 148 131 32 51 20 16
2 3 5 1 100 0.75 6 985 57 150 131 36 51 20 17
2 3 5 1 100 0.75 6 986 59 150 134 35 53 22 19
2 3 5 1 100 0.75 6 987 62 151 133 36 54 23 18
2 3 5 1 100 0.75 6 988 64 153 136 39 54 23 18
2 3 5 1 100 0.75 6 989 67 154 134 40 54 24 18
2 3 5 1 100 0.75 6 990 71 155 133 42 55 25 18
2 3 5 1 100 0.75 6 991 75 157 133 46 55 25 20
2 3 5 1 100 0.75 6 992 79 159 133 50 55 25 20
2 3 5 1 100 0.75 6 993 82 159 131 52 57 27 19
2 3 5 1 100 0.75 6 994 82 161 137 55 57 27 22
2 3 5 1 100 0.75 6 995 84 163 135 55 57 27 24
2 3 5 1 100 0.75 6 996 87 163 134 55 59 29 23
2 3 5 1 100 0.75 6 997 89 165 139 58 59 29 26
2 3 5 1 100 0.75 6 998 94 165 141 58 61 31 28
2 3 5 1 100 0.75 6 999 103 166 132 62 62 32 30
2 3 5 1 100 0.75 6 1000 106 166 133 69 64 34 31
2 3 5 1 100 0.75 6 1001 109 166 130 71 66 36 30
2 3 5 1 100 0.75 6 1002 111 167 133 73 67 37 31
2 3 5 1 100 0.75 6 1003 115 168 127 74 68 38 32
2 3 5 1 100 0.75 6 1004 117 169 129 77 69 39 33
2 3 5 1 100 0.75 6 1005 121 169 132 77 71 41 32
2 3 5 1 100 0.75 6 1006 123 169 138 79 73 43 41
2 3 5 1 100 0.75 6 1007 125 171 138 81 73 43 43
2 3 5 1 100 0.75 6 1008 130 172 142 82 74 44 45
2 3 5 1 100 0.75 6 1009 136 173 138 86 75 45 45
2 3 5 1 100 0.75 6 1010 140 175 137 92 75 45 49
2 3 5 1 100 0.75 6 1011 143 176 141 95 76 46 50
2 3 5 1 100 0.75 6 1012 145 175 140 95 79 49 49
2 3 5 1 100 0.75 6 1013 147 173 140 93 83 53 47
2 3 5 1 100 0.75 6 1014 153 172 131 92 86 56 47
2 3 5 1 100 0.75 6 1015 155 172 135 96 88 58 45
2 3 5 1 100 0.75 6 1016 161 173 130 97 88 59 52
2 3 5 1 100 0.75 6 1017 165 173 131 101 90 61 52
2 3 5 1 100 0.75 6 1018 169 170 125 100 95 66 52
2 3 5 1 100 0.75 6 1019 171 170 130 103 97 68 52
2 3 5 1 100 0.75 6 1020 173 171 128 104 98 69 52
2 3 5 1 100 0.75 6 1021 176 171 132 104 100 71 53
2 3 5 1 100 0.75 6 1022 182 167 122 101 106 77 50
2 3 5 1 100 0.75 6 1023 186 165 123 103 110 81 50
2 3 5 1 100 0.75 6 1024 192 164 118 104 113 84 49
2 3 5 1 100 0.75 6 1025 193 165 119 109 113 85 51
2 3 5 1 100 0.75 6 1026 196 161 120 104 119 91 47
2 3 5 1 100 0.75 6 1027 201 161 110 105 121 93 45
2 3 5 1 100 0.75 6 1028 205 162 113 109 122 94 46
2 3 5 1 100 0.75 6 1029 209 163 113 112 123 95 48
2 3 5 1 100 0.75 6 1030 212 163 112 114 125 97 50
2 3 5 1 100 0.75 6 1031 214 162 117 115 128 100 51
2 3 5 1 100 0.75 6 1032 217 162 119 115 129 102 50
2 3 5 1 100 0.75 6 1033 221 159 109 113 134 107 46
2 3 5 1 100 0.75 6 1034 223 156 109 112 139 112 43
2 3 5 1 100 0.75 6 1035 227 156 108 112 141 114 45
2 3 5 1 100 0.75 6 1036 232 154 102 112 145 118 42
2 3 5 1 100 0.75 6 1037 238 154 101 115 147 120 43
2 3 5 1 100 0.75 6 1038 240 153 99 118 150 123 42
2 3 5 1 100 0.75 6 1039 244 152 96 118 153 126 40
2 3 5 1 100 0.75 6 1040 246 152 102 120 154 128 41
2 3 5 1 100 0.75 6 1041 246 152 98 120 156 130 40
2 3 5 1 100 0.75 6 1042 249 151 102 118 159 133 40
2 3 5 1 100 0.75 6 1043 251 150 107 118 162 136 40
2 3 5 1 100 0.75 6 1044 256 151 99 119 163 137 43
2 3 5 1 100 0.75 6 1045 259 152 100 123 164 138 45
2 3 5 1 100 0.75 6 1046 262 151 103 123 167 141 45
2 3 5 1 100 0.75 6 1047 264 151 99 124 169 143 46
2 3 5 1 100 0.75 6 1048 265 149 97 122 173 147 43
2 3 5 1 100 0.75 6 1049 267 148 96 120 176 150 42
2 3 5 1 100 0.75 6 1050 268 147 98 119 179 153 42
2 3 5 1 100 0.75 6 1050 268 147 147 119 216 153 42
2 3 5 1 100 0.75 6 1080 268 147 147 119 33 153 42
2 3 5 1 100 0.75 7 1081 0 2 2 0 33 0 0
2 3 5 1 100 0.75 7 1082 0 4 4 0 33 0 0
2 3 5 1 100 0.75 7 1083 0 6 6 0 33 0 0
2 3 5 1 100 0.75 7 1084 0 8 8 0 33 0 0
2 3 5 1 100 0.75 7 1085 0 10 10 0 33 0 0
2 3 5 1 100 0.75 7 1086 0 12 12 0 33 0 0
2 3 5 1 100 0.75 7 1087 0 14 14 0 33 0 0
2 3 5 1 100 0.75 7 1088 0 16 16 0 33 0 0
2 3 5 1 100 0.75 7 1089 0 18 18 0 33 0 0
2 3 5 1 100 0.75 7 1090 0 20 20 0 33 0 0
2 3 5 1 100 0.75 7 1091 0 22 22 0 33 0 0
2 3 5 1 100 0.75 7 1092 0 24 24 0 33 0 0
2 3 5 1 100 0.75 7 1093 0 26 26 0 33 0 0
2 3 5 1 100 0.75 7 1094 0 28 28 0 33 0 0
2 3 5 1 100 0.75 7 1095 0 30 30 0 33 0 0
2 3 5 1 100 0.75 7 1096 0 32 32 0 33 0 0
2 3 5 1 100 0.75 7 1097 1 34 32 0 33 0 0
2 3 5 1 100 0.75 7 1098 1 36 35 1 33 0 0
2 3 5 1 100 0.75 7 1099 2 38 36 1 33 0 0
2 3 5 1 100 0.75 7 1100 2 40 38 2 33 0 0
2 3 5 1 100 0.75 7 1101 2 42 40 2 33 0 0
2 3 5 1 100 0.75 7 1102 3 44 40 2 33 0 0
2 3 5 1 100 0.75 7 1103 4 46 42 3 33 0 0
2 3 5 1 100 0.75 7 1104 4 48 43 4 33 0 0
2 3 5 1 100 0.75 7 1105 4 50 47 4 33 0 1
2 3 5 1 100 0.75 7 1106 5 52 48 4 33 0 1
2 3 5 1 100 0.75 7 1107 7 54 49 5 33 0 1
2 3 5 1 100 0.75 7 1108 7 56 51 7 33 0 1
2 3 5 1 100 0.75 7 1109 8 58 51 7 33 0 1
2 3 5 1 100 0.75 7 1110 8 60 55 8 33 0 2
2 3 5 1 100 0.75 7 1111 9 62 56 8 33 0 3
2 3 5 1 100 0.75 7 1112 10 64 57 9 33 0 3
2 3 5 1 100 0.75 7 1113 12 66 57 10 33 0 3
2 3 5 1 100 0.75 7 1114 12 68 62 12 33 0 6
2 3 5 1 100 0.75 7 1115 13 70 63 12 33 0 6
2 3 5 1 100 0.75 7 1116 14 72 65 13 33 0 6
2 3 5 1 100 0.75 7 1117 15 74 67 14 33 0 7
2 3 5 1 100 0.75 7 1118 16 76 67 15 33 0 8
2 3 5 1 100 0.75 7 1119 16 78 72 16 33 0 9
2 3 5 1 100 0.75 7 1120 16 79 72 15 34 1 8
2 3 5 1 100 0.75 7 1121 17 81 73 15 34 1 9
2 3 5 1 100 0.75 7 1122 17 83 76 16 34 1 10
2 3 5 1 100 0.75 7 1123 20 85 78 16 34 1 10
2 3 5 1 100 0.75 7 1124 20 87 80 19 34 1 11
2 3 5 1 100 0.75 7 1125 21 89 82 19 34 1 12
2 3 5 1 100 0.75 7 1126 24 91 81 20 34 1 12
2 3 5 1 100 0.75 7 1127 26 93 79 23 34 1 12
2 3 5 1 100 0.75 7 1128 27 95 82 25 34 1 12
2 3 5 1 100 0.75 7 1129 28 95 81 24 36 3 10
2 3 5 1 100 0.75 7 1130 30 97 82 25 36 3 11
2 3 5 1 100 0.75 7 1131 30 98 85 26 37 4 11
2 3 5 1 100 0.75 7 1132 31 100 87 26 37 4 12
2 3 5 1 100 0.75 7 1133 32 100 85 25 39 6 11
2 3 5 1 100 0.75 7 1134 33 100 88 24 41 8 11
2 3 5 1 100 0.75 7 1135 36 101 90 24 42 9 11
2 3 5 1 100 0.75 7 1136 37 102 90 26 43 10 10
2 3 5 1 100 0.75 7 1137 38 104 91 27 43 10 10
2 3 5 1 100 0.75 7 1138 38 106 95 28 43 10 10
2 3 5 1 100 0.75 7 1139 40 108 94 28 43 10 11
2 3 5 1 100 0.75 7 1140 43 109 94 29 44 11 10
2 3 5 1 100 0.75 7 1141 44 111 95 32 44 11 10
2 3 5 1 100 0.75 7 1142 44 112 95 32 45 12 10
2 3 5 1 100 0.75 7 1143 46 113 98 31 46 13 11
2 3 5 1 100 0.75 7 1144 48 115 98 33 46 13 12
2 3 5 1 100 0.75 7 1145 48 117 101 35 46 13 13
2 3 5 1 100 0.75 7 1146 50 119 100 35 46 13 14
2 3 5 1 100 0.75 7 1147 50 120 102 37 47 14 14
2 3 5 1 100 0.75 7 1148 51 122 108 37 47 14 14
2 3 5 1 100 0.75 7 1149 52 124 109 38 47 14 14
2 3 5 1 100 0.75 7 1150 52 123 110 36 50 17 12
2 3 5 1 100 0.75 7 1151 54 124 108 35 51 18 13
2 3 5 1 100 0.75 7 1152 57 125 109 36 52 19 13
2 3 5 1 100 0.75 7 1153 57 127 112 39 52 19 13
2 3 5 1 100 0.75 7 1154 61 128 110 38 53 20 13
2 3 5 1 100 0.75 7 1155 61 130 112 42 53 20 13
2 3 5 1 100 0.75 7 1156 63 132 113 42 53 20 13
2 3 5 1 100 0.75 7 1157 66 134 113 44 53 20 14
2 3 5 1 100 0.75 7 1158 71 135 107 46 54 21 13
2 3 5 1 100 0.75 7 1159 72 136 113 50 55 22 16
2 3 5 1 100 0.75 7 1160 74 138 113 51 55 22 17
2 3 5 1 100 0.75 7 1161 77 138 114 51 57 24 18
2 3 5 1 100 0.75 7 1162 78 137 110 51 60 27 15
2 3 5 1 100 0.75 7 1163 79 138 113 51 61 28 15
2 3 5 1 100 0.75 7 1164 81 140 114 52 61 28 17
2 3 5 1 100 0.75 7 1165 83 141 113 53 61 29 18
2 3 5 1 100 0.75 7 1166 86 143 117 55 61 29 22
2 3 5 1 100 0.75 7 1167 90 145 115 58 61 29 23
2 3 5 1 100 0.75 7 1168 93 147 119 62 61 29 28
2 3 5 1 100 0.75 7 1169 96 148 117 64 62 30 28
2 3 5 1 100 0.75 7 1170 97 150 118 67 62 30 28
2 3 5 1 100 0.75 7 1171 99 150 119 66 64 32 27
2 3 5 1 100 0.75 7 1172 100 151 120 67 65 33 29
2 3 5 1 100 0.75 7 1173 102 153 122 68 65 33 30
2 3 5 1 100 0.75 7 1174 105 154 125 69 66 34 32
2 3 5 1 100 0.75 7 1175 108 155 122 71 67 35 31
2 3 5 1 100 0.75 7 1176 110 153 122 72 71 39 31
2 3 5 1 100 0.75 7 1177 114 155 123 74 71 39 32
2 3 5 1 100 0.75 7 1178 116 155 124 76 73 41 31
2 3 5 1 100 0.75 7 1179 119 156 122 77 74 42 32
2 3 5 1 100 0.75 7 1180 120 158 123 80 74 42 34
2 3 5 1 100 0.75 7 1181 122 157 121 79 77 45 32
2 3 5 1 100 0.75 7 1182 123 157 122 79 79 47 35
2 3 5 1 100 0.75 7 1183 128 156 119 77 82 50 34
2 3 5 1 100 0.75 7 1184 131 155 121 79 85 53 33
2 3 5 1 100 0.75 7 1185 133 155 121 80 87 55 34
2 3 5 1 100 0.75 7 1186 137 157 120 82 87 55 35
2 3 5 1 100 0.75 7 1187 140 158 120 85 88 56 38
2 3 5 1 100 0.75 7 1188 142 156 116 84 92 60 34
2 3 5 1 100 0.75 7 1189 144 157 115 86 93 61 35
2 3 5 1 100 0.75 7 1190 147 156 114 85 96 64 35
2 3 5 1 100 0.75 7 1191 149 157 116 87 97 65 35
2 3 5 1 100 0.75 7 1192 151 156 117 87 100 68 36
2 3 5 1 100 0.75 7 1193 154 155 117 86 103 71 36
2 3 5 1 100 0.75 7 1194 155 157 119 89 103 71 37
2 3 5 1 100 0.75 7 1195 158 158 118 89 104 72 38
2 3 5 1 100 0.75 7 1196 161 159 120 91 105 73 38
2 3 5 1 100 0.75 7 1197 163 158 118 91 108 76 38
2 3 5 1 100 0.75 7 1198 165 157 117 90 111 79 36
2 3 5 1 100 0.75 7 1199 168 157 113 90 113 81 37
2 3 5 1 100 0.75 7 1200 171 157 117 91 115 83 35
2 3 5 1 100 0.75 7 1201 175 157 114 92 117 85 36
2 3 5 1 100 0.75 7 1202 177 158 114 95 118 86 36
2 3 5 1 100 0.75 7 1203 181 156 108 93 122 90 36
2 3 5 1 100 0.75 7 1204 184 157 116 96 123 91 37
2 3 5 1 100 0.75 7 1205 188 158 111 98 124 92 38
2 3 5 1 100 0.75 7 1206 189 156 111 98 128 96 34
2 3 5 1 100 0.75 7 1207 194 157 107 98 129 97 38
2 3 5 1 100 0.75 7 1208 195 155 109 100 133 101 35
2 3 5 1 100 0.75 7 1209 195 156 108 100 134 102 35
2 3 5 1 100 0.75 7 1210 197 155 111 98 137 105 37
2 3 5 1 100 0.75 7 1211 201 155 106 98 139 107 38
2 3 5 1 100 0.75 7 1212 204 157 108 102 139 107 41
2 3 5 1 100 0.75 7 1213 206 156 111 102 142 110 39
2 3 5 1 100 0.75 7 1214 209 154 108 100 146 114 37
2 3 5 1 100 0.75 7 1215 211 156 109 103 146 114 41
2 3 5 1 100 0.75 7 1216 214 153 105 100 151 119 36
2 3 5 1 100 0.75 7 1217 217 153 104 101 153 121 35
2 3 5 1 100 0.75 7 1218 219 153 108 102 155 123 36
2 3 5 1 100 0.75 7 1219 222 153 107 102 157 125 36
2 3 5 1 100 0.75 7 1220 225 154 103 104 158 126 36
2 3 5 1 100 0.75 7 1221 227 156 108 107 158 126 39
2 3 5 1 100 0.75 7 1222 227 156 106 107 160 128 39
2 3 5 1 100 0.75 7 1223 228 153 106 102 165 133 35
2 3 5 1 100 0.75 7 1224 234 154 100 103 166 134 35
2 3 5 1 100 0.75 7 1225 237 153 100 108 169 137 33
2 3 5 1 100 0.75 7 1226 239 152 100 108 172 140 31
2 3 5 1 100 0.75 7 1227 241 152 99 109 174 142 31
2 3 5 1 100 0.75 7 1228 244 153 100 110 175 143 32
2 3 5 1 100 0.75 7 1229 247 153 96 111 177 145 31
2 3 5 1 100 0.75 7 1230 253 151 93 110 181 149 28
2 3 5 1 100 0.75 7 1230 253 151 151 110 209 149 28
2 3 5 1 100 0.75 7 1260 253 151 151 110 33 149 28
2 3 5 1 100 0.75 8 1261 0 2 2 0 33 0 0
2 3 5 1 100 0.75 8 1262 0 4 4 0 33 0 0
2 3 5 1 100 0.75 8 1263 0 6 6 0 33 0 0
2 3 5 1 100 0.75 8 1264 0 8 8 0 33 0 0
2 3 5 1 100 0.75 8 1265 0 10 10 0 33 0 0
2 3 5 1 100 0.75 8 1266 0 12 12 0 33 0 0
2 3 5 1 100 0.75 8 1267 0 14 14 0 33 0 0
2 3 5 1 100 0.75 8 1268 0 16 16 0 33 0 0
2 3 5 1 100 0.75 8 1269 0 18 18 0 33 0 0
2 3 5 1 100 0.75 8 1270 0 20 20 0 33 0 0
2 3 5 1 100 0.75 8 1271 0 22 21 0 33 0 0
2 3 5 1 100 0.75 8 1272 1 24 23 0 33 0 0
2 3 5 1 100 0.75 8 1273 1 26 25 1 33 0 0
2 3 5 1 100 0.75 8 1274 2 28 26 1 33 0 0
2 3 5 1 100 0.75 8 1275 3 30 27 2 33 0 0
2 3 5 1 100 0.75 8 1276 3 32 29 3 33 0 0
2 3 5 1 100 0.75 8 1277 3 34 31 3 33 0 0
2 3 5 1 100 0.75 8 1278 3 36 33 3 33 0 0
2 3 5 1 100 0.75 8 1279 4 38 34 3 33 0 0
2 3 5 1 100 0.75 8 1280 5 40 36 4 33 0 1
2 3 5 1 100 0.75 8 1281 5 42 38 5 33 0 2
2 3 5 1 100 0.75 8 1282 5 44 41 5 33 0 2
2 3 5 1 100 0.75 8 1283 5 46 44 5 32 0 3
2 3 5 1 100 0.75 8 1284 5 48 46 5 32 0 3
2 3 5 1 100 0.75 8 1285 6 50 47 5 32 0 3
2 3 5 1 100 0.75 8 1286 6 52 50 6 32 0 4
2 3 5 1 100 0.75 8 1287 7 54 51 6 32 0 4
2 3 5 1 100 0.75 8 1288 8 56 52 7 32 0 4
2 3 5 1 100 0.75 8 1289 8 58 53 8 32 0 4
2 3 5 1 100 0.75 8 1290 9 60 55 8 32 0 4
2 3 5 1 100 0.75 8 1291 9 62 57 9 32 0 4
2 3 5 1 100 0.75 8 1292 9 64 59 9 32 0 4
2 3 5 1 100 0.75 8 1293 10 66 62 9 32 0 4
2 3 5 1 100 0.75 8 1294 10 68 64 10 32 0 4
2 3 5 1 100 0.75 8 1295 10 70 66 10 32 0 5
2 3 5 1 100 0.75 8 1296 11 71 67 9 33 1 5
2 3 5 1 100 0.75 8 1297 12 73 68 10 33 1 5
2 3 5 1 100 0.75 8 1298 14 74 68 10 34 2 5
2 3 5 1 100 0.75 8 1299 15 76 66 12 34 2 5
2 3 5 1 100 0.75 8 1300 15 77 72 12 35 3 5
2 3 5 1 100 0.75 8 1301 18 78 70 11 36 4 4
2 3 5 1 100 0.75 8 1302 18 80 68 14 36 4 4
2 3 5 1 100 0.75 8 1303 19 82 73 14 36 4 4
2 3 5 1 100 0.75 8 1304 20 84 75 15 36 4 6
2 3 5 1 100 0.75 8 1305 20 86 79 16 36 4 8
2 3 5 1 100 0.75 8 1306 22 88 79 16 36 4 8
2 3 5 1 100 0.75 8 1307 23 90 80 18 36 4 8
2 3 5 1 100 0.75 8 1308 24 92 82 19 36 4 8
2 3 5 1 100 0.75 8 1309 25 94 87 20 36 4 10
2 3 5 1 100 0.75 8 1310 27 96 85 21 36 4 11
2 3 5 1 100 0.75 8 1311 27 98 89 23 36 4 11
2 3 5 1 100 0.75 8 1312 27 98 87 21 38 6 10
2 3 5 1 100 0.75 8 1313 30 100 88 21 38 6 11
2 3 5 1 100 0.75 8 1314 31 102 91 24 38 6 12
2 3 5 1 100 0.75 8 1315 34 104 92 25 38 6 14
2 3 5 1 100 0.75 8 1316 35 106 94 28 38 6 14
2 3 5 1 100 0.75 8 1317 36 108 97 29 38 6 15
2 3 5 1 100 0.75 8 1318 40 109 93 29 39 7 14
2 3 5 1 100 0.75 8 1319 40 111 97 33 39 7 14
2 3 5 1 100 0.75 8 1320 42 112 95 32 40 8 13
2 3 5 1 100 0.75 8 1321 45 113 96 33 41 9 15
2 3 5 1 100 0.75 8 1322 46 113 96 34 43 11 14
2 3 5 1 100 0.75 8 1323 47 115 98 35 43 11 17
2 3 5 1 100 0.75 8 1324 47 115 100 34 45 13 15
2 3 5 1 100 0.75 8 1325 48 116 100 33 46 14 14
2 3 5 1 100 0.75 8 1326 51 118 105 34 46 14 16
2 3 5 1 100 0.75 8 1327 54 120 99 37 46 14 17
2 3 5 1 100 0.75 8 1328 57 121 103 39 47 15 19
2 3 5 1 100 0.75 8 1329 59 122 103 41 48 16 19
2 3 5 1 100 0.75 8 1330 60 123 103 42 49 17 18
2 3 5 1 100 0.75 8 1331 63 125 105 43 49 17 19
2 3 5 1 100 0.75 8 1332 63 125 104 44 51 19 18
2 3 5 1 100 0.75 8 1333 65 127 107 44 51 19 20
2 3 5 1 100 0.75 8 1334 65 129 108 46 51 19 21
2 3 5 1 100 0.75 8 1335 66 130 113 45 52 20 22
2 3 5 1 100 0.75 8 1336 68 132 115 46 52 20 24
2 3 5 1 100 0.75 8 1337 73 133 111 47 53 21 24
2 3 5 1 100 0.75 8 1338 74 135 116 52 53 21 26
2 3 5 1 100 0.75 8 1339 76 134 114 50 56 24 25
2 3 5 1 100 0.75 8 1340 76 134 117 50 58 26 24
2 3 5 1 100 0.75 8 1341 79 135 111 49 59 27 23
2 3 5 1 100 0.75 8 1342 80 136 112 51 60 28 22
2 3 5 1 100 0.75 8 1343 81 137 116 51 61 29 22
2 3 5 1 100 0.75 8 1344 85 137 116 50 63 31 22
2 3 5 1 100 0.75 8 1345 87 139 116 54 63 31 23
2 3 5 1 100 0.75 8 1346 88 138 114 53 66 34 20
2 3 5 1 100 0.75 8 1347 90 137 113 51 69 37 19
2 3 5 1 100 0.75 8 1348 92 139 115 53 69 37 22
2 3 5 1 100 0.75 8 1349 94 140 117 54 70 38 21
2 3 5 1 100 0.75 8 1350 98 141 114 55 71 39 21
2 3 5 1 100 0.75 8 1351 102 142 114 58 72 40 23
2 3 5 1 100 0.75 8 1352 104 144 116 62 72 40 25
2 3 5 1 100 0.75 8 1353 106 144 114 62 74 42 23
2 3 5 1 100 0.75 8 1354 108 144 112 62 76 44 22
2 3 5 1 100 0.75 8 1355 112 144 113 64 78 46 22
2 3 5 1 100 0.75 8 1356 114 145 113 67 79 47 23
2 3 5 1 100 0.75 8 1357 117 146 114 68 80 48 25
2 3 5 1 100 0.75 8 1358 120 147 113 70 81 49 27
2 3 5 1 100 0.75 8 1359 126 148 111 72 82 50 28
2 3 5 1 100 0.75 8 1360 126 149 113 77 83 51 30
2 3 5 1 100 0.75 8 1361 127 151 117 77 83 51 33
2 3 5 1 100 0.75 8 1362 132 153 116 79 83 51 37
2 3 5 1 100 0.75 8 1363 135 152 115 81 86 54 36
2 3 5 1 100 0.75 8 1364 137 152 119 82 88 56 35
2 3 5 1 100 0.75 8 1365 139 153 123 83 89 57 36
2 3 5 1 100 0.75 8 1366 142 153 123 83 91 59 37
2 3 5 1 100 0.75 8 1367 143 153 126 84 93 61 38
2 3 5 1 100 0.75 8 1368 145 154 124 84 94 62 38
2 3 5 1 100 0.75 8 1369 147 154 119 84 96 64 38
2 3 5 1 100 0.75 8 1370 151 155 119 85 97 65 40
2 3 5 1 100 0.75 8 1371 154 155 123 87 98 67 38
2 3 5 1 100 0.75 8 1372 157 156 115 89 99 68 38
2 3 5 1 100 0.75 8 1373 158 157 123 91 100 69 40
2 3 5 1 100 0.75 8 1374 163 155 112 88 103 73 38
2 3 5 1 100 0.75 8 1375 168 155 112 91 105 75 37
2 3 5 1 100 0.75 8 1376 170 154 111 93 108 78 36
2 3 5 1 100 0.75 8 1377 174 155 113 94 109 79 39
2 3 5 1 100 0.75 8 1378 176 155 115 96 111 81 38
2 3 5 1 100 0.75 8 1379 179 155 113 96 113 83 38
2 3 5 1 100 0.75 8 1380 182 154 109 96 116 86 36
2 3 5 1 100 0.75 8 1381 186 151 108 94 121 91 33
2 3 5 1 100 0.75 8 1382 191 151 102 96 123 93 33
2 3 5 1 100 0.75 8 1383 192 151 107 99 125 95 34
2 3 5 1 100 0.75 8 1384 194 151 99 98 127 97 34
2 3 5 1 100 0.75 8 1385 198 150 102 97 130 100 34
2 3 5 1 100 0.75 8 1386 202 152 99 102 130 100 35
2 3 5 1 100 0.75 8 1387 206 153 102 105 131 101 38
2 3 5 1 100 0.75 8 1388 210 154 99 108 132 102 41
2 3 5 1 100 0.75 8 1389 216 150 93 106 138 108 39
2 3 5 1 100 0.75 8 1390 219 150 94 112 140 110 38
2 3 5 1 100 0.75 8 1391 219 150 93 113 142 112 37
2 3 5 1 100 0.75 8 1392 221 150 92 111 144 114 36
2 3 5 1 100 0.75 8 1393 223 150 99 111 146 116 35
2 3 5 1 100 0.75 8 1394 226 150 99 111 148 118 39
2 3 5 1 100 0.75 8 1395 228 151 103 113 149 119 42
2 3 5 1 100 0.75 8 1396 230 152 101 114 150 120 42
2 3 5 1 100 0.75 8 1397 233 153 112 115 151 121 46
2 3 5 1 100 0.75 8 1398 238 155 106 118 151 121 46
2 3 5 1 100 0.75 8 1399 239 154 104 121 154 124 43
2 3 5 1 100 0.75 8 1400 242 156 105 122 154 124 45
2 3 5 1 100 0.75 8 1401 246 154 101 121 158 128 42
2 3 5 1 100 0.75 8 1402 251 154 101 123 160 130 41
2 3 5 1 100 0.75 8 1403 253 151 97 123 165 135 38
2 3 5 1 100 0.75 8 1404 256 150 95 122 168 138 37
2 3 5 1 100 0.75 8 1405 259 147 88 120 173 143 35
2 3 5 1 100 0.75 8 1406 262 147 94 121 175 145 37
2 3 5 1 100 0.75 8 1407 265 148 90 123 176 146 37
2 3 5 1 100 0.75 8 1408 266 148 96 124 178 148 38
2 3 5 1 100 0.75 8 1409 269 147 88 123 181 151 37
2 3 5 1 100 0.75 8 1410 271 146 87 124 184 154 36
2 3 5 1 100 0.75 8 1410 271 146 146 124 219 154 36
2 3 5 1 100 0.75 8 1440 271 146 146 124 33 154 36
2 3 5 1 100 0.75 9 1441 0 2 2 0 33 0 0
2 3 5 1 100 0.75 9 1442 0 4 4 0 33 0 0
2 3 5 1 100 0.75 9 1443 0 6 6 0 33 0 0
2 3 5 1 100 0.75 9 1444 0 8 8 0 33 0 0
2 3 5 1 100 0.75 9 1445 0 10 10 0 33 0 0
2 3 5 1 100 0.75 9 1446 0 12 12 0 33 0 0
2 3 5 1 100 0.75 9 1447 0 14 14 0 33 0 0
2 3 5 1 100 0.75 9 1448 1 16 15 0 33 0 0
2 3 5 1 100 0.75 9 1449 1 18 17 1 33 0 0
2 3 5 1 100 0.75 9 1450 1 20 19 1 33 0 0
2 3 5 1 100 0.75 9 1451 1 22 21 1 33 0 0
2 3 5 1 100 0.75 9 1452 1 24 23 1 33 0 0
2 3 5 1 100 0.75 9 1453 1 26 25 1 33 0 0
2 3 5 1 100 0.75 9 1454 1 28 27 1 33 0 0
2 3 5 1 100 0.75 9 1455 1 30 29 1 33 0 0
2 3 5 1 100 0.75 9 1456 1 32 32 1 33 0 1
2 3 5 1 100 0.75 9 1457 1 34 34 1 33 0 1
2 3 5 1 100 0.75 9 1458 1 36 36 1 33 0 1
2 3 5 1 100 0.75 9 1459 1 38 37 1 33 0 1
2 3 5 1 100 0.75 9 1460 1 40 40 1 33 0 1
2 3 5 1 100 0.75 9 1461 1 42 42 1 33 0 1
2 3 5 1 100 0.75 9 1462 2 44 43 1 33 0 1
2 3 5 1 100 0.75 9 1463 3 46 44 2 33 0 1
2 3 5 1 100 0.75 9 1464 4 48 45 3 33 0 1
2 3 5 1 100 0.75 9 1465 4 50 47 4 33 0 1
2 3 5 1 100 0.75 9 1466 5 52 48 4 33 0 1
2 3 5 1 100 0.75 9 1467 7 54 48 5 33 0 1
2 3 5 1 100 0.75 9 1468 7 56 50 7 33 0 1
2 3 5 1 100 0.75 9 1469 9 58 48 7 33 0 1
2 3 5 1 100 0.75 9 1470 10 60 52 9 33 0 1
2 3 5 1 100 0.75 9 1471 10 62 55 10 33 0 2
2 3 5 1 100 0.75 9 1472 10 64 58 10 33 0 3
2 3 5 1 100 0.75 9 1473 10 66 61 10 33 0 4
2 3 5 1 100 0.75 9 1474 10 67 59 9 34 1 4
2 3 5 1 100 0.75 9 1475 10 69 66 9 34 1 5
2 3 5 1 100 0.75 9 1476 11 71 66 9 34 1 5
2 3 5 1 100 0.75 9 1477 11 73 71 10 34 1 5
2 3 5 1 100 0.75 9 1478 11 75 71 10 34 1 5
2 3 5 1 100 0.75 9 1479 11 77 75 10 34 1 5
2 3 5 1 100 0.75 9 1480 13 79 74 10 34 1 5
2 3 5 1 100 0.75 9 1481 15 81 75 12 34 1 5
2 3 5 1 100 0.75 9 1482 15 83 77 14 34 1 5
2 3 5 1 100 0.75 9 1483 16 85 78 14 34 1 5
2 3 5 1 100 0.75 9 1484 18 87 78 15 34 1 5
2 3 5 1 100 0.75 9 1485 18 89 79 17 34 1 5
2 3 5 1 100 0.75 9 1486 19 91 80 17 34 1 5
2 3 5 1 100 0.75 9 1487 20 93 83 18 33 1 6
2 3 5 1 100 0.75 9 1488 20 94 85 18 34 2 7
2 3 5 1 100 0.75 9 1489 20 95 87 17 35 3 7
2 3 5 1 100 0.75 9 1490 20 96 90 16 36 4 7
2 3 5 1 100 0.75 9 1491 21 98 91 16 36 4 8
2 3 5 1 100 0.75 9 1492 23 100 91 17 36 4 8
2 3 5 1 100 0.75 9 1493 23 101 93 18 37 5 7
2 3 5 1 100 0.75 9 1494 26 102 93 17 38 6 7
2 3 5 1 100 0.75 9 1495 27 104 94 20 38 6 7
2 3 5 1 100 0.75 9 1496 28 106 94 21 38 6 7
2 3 5 1 100 0.75 9 1497 28 108 96 22 38 6 7
2 3 5 1 100 0.75 9 1498 29 110 99 22 38 6 8
2 3 5 1 100 0.75 9 1499 30 112 101 23 38 6 10
2 3 5 1 100 0.75 9 1500 30 114 103 24 38 6 10
2 3 5 1 100 0.75 9 1501 30 116 107 24 38 6 12
2 3 5 1 100 0.75 9 1502 33 118 108 24 38 6 12
2 3 5 1 100 0.75 9 1503 34 120 109 27 38 6 12
2 3 5 1 100 0.75 9 1504 35 120 109 26 40 8 11
2 3 5 1 100 0.75 9 1505 36 121 109 26 41 9 11
2 3 5 1 100 0.75 9 1506 36 123 112 27 41 9 12
2 3 5 1 100 0.75 9 1507 36 124 113 26 42 10 11
2 3 5 1 100 0.75 9 1508 38 126 113 26 42 10 11
2 3 5 1 100 0.75 9 1509 42 128 114 28 42 10 13
2 3 5 1 100 0.75 9 1510 44 128 112 30 44 12 11
2 3 5 1 100 0.75 9 1511 44 130 114 32 44 12 12
2 3 5 1 100 0.75 9 1512 45 132 115 32 44 12 12
2 3 5 1 100 0.75 9 1513 49 134 112 33 44 12 13
2 3 5 1 100 0.75 9 1514 50 135 115 36 45 13 12
2 3 5 1 100 0.75 9 1515 51 136 119 36 46 14 13
2 3 5 1 100 0.75 9 1516 55 137 117 36 47 15 14
2 3 5 1 100 0.75 9 1517 57 138 117 39 48 16 14
2 3 5 1 100 0.75 9 1518 60 138 116 39 50 18 14
2 3 5 1 100 0.75 9 1519 61 140 120 42 50 18 14
2 3 5 1 100 0.75 9 1520 64 142 119 43 50 18 15
2 3 5 1 100 0.75 9 1521 65 143 123 45 51 19 16
2 3 5 1 100 0.75 9 1522 68 145 123 46 51 19 16
2 3 5 1 100 0.75 9 1523 71 146 122 48 52 20 16
2 3 5 1 100 0.75 9 1524 74 147 123 50 53 21 19
2 3 5 1 100 0.75 9 1525 76 148 125 52 54 22 19
2 3 5 1 100 0.75 9 1526 76 150 127 54 54 22 20
2 3 5 1 100 0.75 9 1527 79 151 127 53 55 23 21
2 3 5 1 100 0.75 9 1528 80 153 133 56 55 23 23
2 3 5 1 100 0.75 9 1529 81 154 134 56 56 24 22
2 3 5 1 100 0.75 9 1530 83 155 134 56 57 25 23
2 3 5 1 100 0.75 9 1531 84 157 139 58 57 25 28
2 3 5 1 100 0.75 9 1532 88 158 136 58 58 26 29
2 3 5 1 100 0.75 9 1533 90 157 132 59 61 29 26
2 3 5 1 100 0.75 9 1534 92 159 139 61 61 29 29
2 3 5 1 100 0.75 9 1535 95 160 139 62 62 30 28
2 3 5 1 100 0.75 9 1536 98 161 137 64 63 31 28
2 3 5 1 100 0.75 9 1537 101 160 135 64 66 34 26
2 3 5 1 100 0.75 9 1538 102 162 139 68 66 34 27
2 3 5 1 100 0.75 9 1539 105 164 138 69 66 34 28
2 3 5 1 100 0.75 9 1540 108 162 135 68 70 38 26
2 3 5 1 100 0.75 9 1541 111 164 133 71 70 38 28
2 3 5 1 100 0.75 9 1542 113 164 133 72 72 40 27
2 3 5 1 100 0.75 9 1543 115 166 134 74 72 40 29
2 3 5 1 100 0.75 9 1544 119 165 133 73 75 43 29
2 3 5 1 100 0.75 9 1545 123 166 131 76 76 44 31
2 3 5 1 100 0.75 9 1546 126 166 133 78 78 46 31
2 3 5 1 100 0.75 9 1547 128 166 133 79 80 48 31
2 3 5 1 100 0.75 9 1548 133 166 130 79 82 50 31
2 3 5 1 100 0.75 9 1549 133 166 129 82 84 52 31
2 3 5 1 100 0.75 9 1550 136 166 133 80 86 54 30
2 3 5 1 100 0.75 9 1551 141 166 128 81 88 56 32
2 3 5 1 100 0.75 9 1552 146 166 128 84 90 58 33
2 3 5 1 100 0.75 9 1553 150 168 126 89 90 58 35
2 3 5 1 100 0.75 9 1554 151 170 131 93 90 58 37
2 3 5 1 100 0.75 9 1555 155 170 129 92 92 60 37
2 3 5 1 100 0.75 9 1556 156 171 130 96 93 61 39
2 3 5 1 100 0.75 9 1557 158 170 127 94 96 64 38
2 3 5 1 100 0.75 9 1558 160 171 129 95 97 65 39
2 3 5 1 100 0.75 9 1559 166 171 128 96 99 67 43
2 3 5 1 100 0.75 9 1560 168 170 131 99 101 70 42
2 3 5 1 100 0.75 9 1561 170 170 128 100 103 72 41
2 3 5 1 100 0.75 9 1562 173 171 125 102 104 73 42
2 3 5 1 100 0.75 9 1563 178 171 127 103 106 75 43
2 3 5 1 100 0.75 9 1564 180 172 128 107 107 76 43
2 3 5 1 100 0.75 9 1565 183 170 126 105 111 80 40
2 3 5 1 100 0.75 9 1566 184 170 125 106 113 82 40
2 3 5 1 100 0.75 9 1567 188 172 123 107 113 82 45
2 3 5 1 100 0.75 9 1568 192 172 124 109 115 84 44
2 3 5 1 100 0.75 9 1569 194 168 123 107 121 90 42
2 3 5 1 100 0.75 9 1570 196 168 127 108 123 92 43
2 3 5 1 100 0.75 9 1571 199 166 122 106 127 96 42
2 3 5 1 100 0.75 9 1572 206 166 115 107 129 98 41
2 3 5 1 100 0.75 9 1573 210 166 112 112 131 100 42
2 3 5 1 100 0.75 9 1574 217 167 109 115 132 101 43
2 3 5 1 100 0.75 9 1575 219 166 110 119 135 104 44
2 3 5 1 100 0.75 9 1576 225 163 108 116 140 109 41
2 3 5 1 100 0.75 9 1577 226 164 110 121 141 110 41
2 3 5 1 100 0.75 9 1578 230 162 104 118 145 114 40
2 3 5 1 100 0.75 9 1579 235 164 105 122 145 114 44
2 3 5 1 100 0.75 9 1580 236 165 110 126 146 115 46
2 3 5 1 100 0.75 9 1581 239 165 114 125 148 117 46
2 3 5 1 100 0.75 9 1582 240 165 116 126 150 119 47
2 3 5 1 100 0.75 9 1583 242 164 118 124 153 122 47
2 3 5 1 100 0.75 9 1584 244 163 106 123 156 125 44
2 3 5 1 100 0.75 9 1585 248 162 105 122 158 128 43
2 3 5 1 100 0.75 9 1586 249 160 111 122 162 132 44
2 3 5 1 100 0.75 9 1587 254 158 100 119 166 136 43
2 3 5 1 100 0.75 9 1588 256 158 104 125 168 138 43
2 3 5 1 100 0.75 9 1589 261 158 96 126 170 140 43
2 3 5 1 100 0.75 9 1590 262 159 93 130 171 141 42
2 3 5 1 100 0.75 9 1590 262 159 159 130 211 141 42
2 3 5 1 100 0.75 9 1620 262 159 159 130 33 141 42
2 3 5 1 100 0.75 10 1621 0 2 2 0 33 0 0
2 3 5 1 100 0.75 10 1622 0 4 4 0 33 0 0
2 3 5 1 100 0.75 10 1623 0 6 6 0 33 0 0
2 3 5 1 100 0.75 10 1624 0 8 8 0 33 0 0
2 3 5 1 100 0.75 10 1625 0 10 10 0 33 0 0
2 3 5 1 100 0.75 10 1626 0 12 12 0 33 0 0
2 3 5 1 100 0.75 10 1627 0 14 14 0 33 0 0
2 3 5 1 100 0.75 10 1628 0 16 16 0 33 0 0
2 3 5 1 100 0.75 10 1629 0 18 18 0 33 0 0
2 3 5 1 100 0.75 10 1630 0 20 20 0 33 0 0
2 3 5 1 100 0.75 10 1631 0 22 22 0 33 0 0
2 3 5 1 100 0.75 10 1632 0 24 24 0 33 0 0
2 3 5 1 100 0.75 10 1633 0 26 26 0 33 0 0
2 3 5 1 100 0.75 10 1634 0 28 28 0 33 0 0
2 3 5 1 100 0.75 10 1635 0 30 30 0 33 0 0
2 3 5 1 100 0.75 10 1636 0 32 32 0 33 0 0
2 3 5 1 100 0.75 10 1637 0 34 34 0 33 0 0
2 3 5 1 100 0.75 10 1638 0 36 35 0 33 0 0
2 3 5 1 100 0.75 10 1639 0 38 38 0 32 0 0
2 3 5 1 100 0.75 10 1640 1 40 39 0 32 0 0
2 3 5 1 100 0.75 10 1641 1 42 40 1 32 0 0
2 3 5 1 100 0.75 10 1642 2 44 41 1 32 0 0
2 3 5 1 100 0.75 10 1643 3 46 43 2 32 0 0
2 3 5 1 100 0.75 10 1644 3 48 45 3 32 0 0
2 3 5 1 100 0.75 10 1645 3 50 47 3 32 0 0
2 3 5 1 100 0.75 10 1646 3 52 49 3 32 0 0
2 3 5 1 100 0.75 10 1647 4 54 51 3 32 0 1
2 3 5 1 100 0.75 10 1648 4 56 52 4 32 0 1
2 3 5 1 100 0.75 10 1649 4 58 56 4 32 0 2
2 3 5 1 100 0.75 10 1650 4 60 57 4 32 0 3
2 3 5 1 100 0.75 10 1651 4 62 61 4 32 0 3
2 3 5 1 100 0.75 10 1652 6 64 61 4 32 0 3
2 3 5 1 100 0.75 10 1653 6 66 60 6 32 0 3
2 3 5 1 100 0.75 10 1654 8 68 62 6 32 0 3
2 3 5 1 100 0.75 10 1655 8 70 65 8 32 0 4
2 3 5 1 100 0.75 10 1656 11 72 65 8 32 0 4
2 3 5 1 100 0.75 10 1657 11 74 67 11 32 0 4
2 3 5 1 100 0.75 10 1658 12 76 68 11 32 0 4
2 3 5 1 100 0.75 10 1659 12 78 72 12 32 0 5
2 3 5 1 100 0.75 10 1660 12 80 74 12 32 0 5
2 3 5 1 100 0.75 10 1661 13 82 75 12 32 0 6
2 3 5 1 100 0.75 10 1662 13 84 78 13 32 0 7
2 3 5 1 100 0.75 10 1663 14 86 79 13 32 0 7
2 3 5 1 100 0.75 10 1664 15 87 83 13 33 1 8
2 3 5 1 100 0.75 10 1665 15 89 81 14 32 1 8
2 3 5 1 100 0.75 10 1666 16 90 86 13 33 2 7
2 3 5 1 100 0.75 10 1667 16 91 84 13 34 3 6
2 3 5 1 100 0.75 10 1668 18 93 87 13 34 3 6
2 3 5 1 100 0.75 10 1669 18 95 86 15 34 3 6
2 3 5 1 100 0.75 10 1670 18 97 90 15 34 3 6
2 3 5 1 100 0.75 10 1671 18 99 94 15 34 3 8
2 3 5 1 100 0.75 10 1672 21 101 93 15 34 3 8
2 3 5 1 100 0.75 10 1673 22 102 91 17 35 4 7
2 3 5 1 100 0.75 10 1674 23 104 94 18 35 4 7
2 3 5 1 100 0.75 10 1675 25 105 94 18 36 5 8
2 3 5 1 100 0.75 10 1676 25 107 97 20 36 5 8
2 3 5 1 100 0.75 10 1677 25 109 99 20 36 5 8
2 3 5 1 100 0.75 10 1678 25 109 100 18 38 7 6
2 3 5 1 100 0.75 10 1679 26 111 101 18 38 7 7
2 3 5 1 100 0.75 10 1680 27 113 103 19 38 7 8
2 3 5 1 100 0.75 10 1681 27 115 106 20 38 7 9
2 3 5 1 100 0.75 10 1682 28 117 110 20 38 7 10
2 3 5 1 100 0.75 10 1683 29 118 110 20 39 8 10
2 3 5 1 100 0.75 10 1684 31 119 109 20 40 9 9
2 3 5 1 100 0.75 10 1685 31 121 111 22 40 9 9
2 3 5 1 100 0.75 10 1686 33 123 113 22 40 9 10
2 3 5 1 100 0.75 10 1687 33 125 113 24 40 9 11
2 3 5 1 100 0.75 10 1688 35 126 115 23 41 10 10
2 3 5 1 100 0.75 10 1689 35 128 118 25 41 10 11
2 3 5 1 100 0.75 10 1690 36 130 117 25 41 10 11
2 3 5 1 100 0.75 10 1691 38 129 115 23 44 13 9
2 3 5 1 100 0.75 10 1692 38 131 119 25 44 13 11
2 3 5 1 100 0.75 10 1693 40 133 123 25 44 13 13
2 3 5 1 100 0.75 10 1694 43 135 121 27 44 13 13
2 3 5 1 100 0.75 10 1695 44 137 122 30 44 13 13
2 3 5 1 100 0.75 10 1696 47 139 123 31 44 13 15
2 3 5 1 100 0.75 10 1697 47 141 124 35 44 13 15
2 3 5 1 100 0.75 10 1698 48 143 125 35 44 13 17
2 3 5 1 100 0.75 10 1699 48 143 124 34 46 15 16
2 3 5 1 100 0.75 10 1700 52 144 124 33 47 16 15
2 3 5 1 100 0.75 10 1701 53 145 125 36 48 17 14
2 3 5 1 100 0.75 10 1702 54 145 126 35 50 19 14
2 3 5 1 100 0.75 10 1703 56 147 129 37 50 19 18
2 3 5 1 100 0.75 10 1704 56 149 130 39 50 19 18
2 3 5 1 100 0.75 10 1705 58 151 132 39 50 19 19
2 3 5 1 100 0.75 10 1706 60 152 134 40 51 20 18
2 3 5 1 100 0.75 10 1707 62 152 131 40 53 22 19
2 3 5 1 100 0.75 10 1708 63 153 137 41 54 23 20
2 3 5 1 100 0.75 10 1709 66 154 133 41 55 24 20
2 3 5 1 100 0.75 10 1710 68 156 137 44 55 24 22
2 3 5 1 100 0.75 10 1711 69 157 138 45 56 25 22
2 3 5 1 100 0.75 10 1712 70 158 135 45 57 26 21
2 3 5 1 100 0.75 10 1713 71 159 139 45 58 27 23
2 3 5 1 100 0.75 10 1714 72 160 141 45 59 28 23
2 3 5 1 100 0.75 10 1715 75 161 140 45 60 29 23
2 3 5 1 100 0.75 10 1716 78 163 140 48 60 29 25
2 3 5 1 100 0.75 10 1717 81 162 139 48 63 32 24
2 3 5 1 100 0.75 10 1718 88 164 133 51 63 32 25
2 3 5 1 100 0.75 10 1719 88 164 139 56 65 34 24
2 3 5 1 100 0.75 10 1720 89 164 138 54 67 36 24
2 3 5 1 100 0.75 10 1721 90 166 139 55 67 36 24
2 3 5 1 100 0.75 10 1722 92 167 140 55 68 37 25
2 3 5 1 100 0.75 10 1723 93 167 143 56 70 39 25
2 3 5 1 100 0.75 10 1724 95 166 145 54 73 42 25
2 3 5 1 100 0.75 10 1725 96 167 142 55 74 43 27
2 3 5 1 100 0.75 10 1726 102 168 143 55 75 44 26
2 3 5 1 100 0.75 10 1727 105 170 142 61 75 44 26
2 3 5 1 100 0.75 10 1728 108 168 135 60 79 48 22
2 3 5 1 100 0.75 10 1729 111 170 136 63 79 48 24
2 3 5 1 100 0.75 10 1730 113 171 138 65 80 49 26
2 3 5 1 100 0.75 10 1731 115 172 134 66 81 50 25
2 3 5 1 100 0.75 10 1732 121 174 137 68 81 50 27
2 3 5 1 100 0.75 10 1733 124 175 137 73 82 51 30
2 3 5 1 100 0.75 10 1734 127 174 136 73 85 54 30
2 3 5 1 100 0.75 10 1735 130 173 135 73 88 57 31
2 3 5 1 100 0.75 10 1736 130 173 140 74 90 59 32
2 3 5 1 100 0.75 10 1737 134 175 141 74 90 59 34
2 3 5 1 100 0.75 10 1738 137 177 139 78 90 59 35
2 3 5 1 100 0.75 10 1739 143 176 139 78 93 62 37
2 3 5 1 100 0.75 10 1740 147 177 137 83 94 63 39
2 3 5 1 100 0.75 10 1741 147 177 137 85 96 65 39
2 3 5 1 100 0.75 10 1742 149 178 137 84 97 66 39
2 3 5 1 100 0.75 10 1743 152 177 138 83 100 69 37
2 3 5 1 100 0.75 10 1744 159 176 129 83 103 72 35
2 3 5 1 100 0.75 10 1745 161 177 138 89 104 73 38
2 3 5 1 100 0.75 10 1746 164 179 139 91 104 73 41
2 3 5 1 100 0.75 10 1747 167 179 137 93 106 75 41
2 3 5 1 100 0.75 10 1748 169 180 137 95 107 76 44
2 3 5 1 100 0.75 10 1749 173 181 136 96 108 77 44
2 3 5 1 100 0.75 10 1750 174 181 135 100 110 79 45
2 3 5 1 100 0.75 10 1751 181 181 135 100 112 81 45
2 3 5 1 100 0.75 10 1752 183 181 133 106 114 83 48
2 3 5 1 100 0.75 10 1753 186 179 132 104 118 87 46
2 3 5 1 100 0.75 10 1754 188 177 130 103 122 91 43
2 3 5 1 100 0.75 10 1755 194 177 129 103 124 93 44
2 3 5 1 100 0.75 10 1756 194 176 132 106 127 96 44
2 3 5 1 100 0.75 10 1757 195 176 136 104 129 98 44
2 3 5 1 100 0.75 10 1758 200 174 130 101 133 102 45
2 3 5 1 100 0.75 10 1759 204 175 132 105 134 103 46
2 3 5 1 100 0.75 10 1760 210 174 119 106 137 106 46
2 3 5 1 100 0.75 10 1761 213 174 122 111 139 108 46
2 3 5 1 100 0.75 10 1762 215 174 121 112 141 110 46
2 3 5 1 100 0.75 10 1763 217 173 127 111 144 113 45
2 3 5 1 100 0.75 10 1764 220 171 120 109 148 117 41
2 3 5 1 100 0.75 10 1765 223 173 114 113 148 117 43
2 3 5 1 100 0.75 10 1766 227 172 119 113 151 120 42
2 3 5 1 100 0.75 10 1767 231 172 117 115 153 122 44
2 3 5 1 100 0.75 10 1768 236 171 118 116 156 125 44
2 3 5 1 100 0.75 10 1769 240 170 110 118 159 128 42
2 3 5 1 100 0.75 10 1770 240 170 113 121 161 130 42
2 3 5 1 100 0.75 10 1770 240 170 170 121 201 130 42
2 3 5 1 100 0.75 10 1800 240 170 170 121 33 130 42
