20 3 1 1 100 0.75 1 1 0 20 20 0 100 0 0
20 3 1 1 100 0.75 1 2 0 40 40 0 100 0 0
20 3 1 1 100 0.75 1 3 0 60 60 0 100 0 0
20 3 1 1 100 0.75 1 4 0 80 80 0 100 0 0
20 3 1 1 100 0.75 1 5 0 100 100 0 100 0 0
20 3 1 1 100 0.75 1 6 0 120 119 0 100 0 0
20 3 1 1 100 0.75 1 7 0 140 136 0 100 0 0
20 3 1 1 100 0.75 1 8 0 160 156 0 100 0 0
20 3 1 1 100 0.75 1 9 4 180 173 0 100 0 0
20 3 1 1 100 0.75 1 10 14 200 183 4 100 0 0
20 3 1 1 100 0.75 1 11 19 220 195 14 100 0 0
20 3 1 1 100 0.75 1 12 29 240 209 19 100 0 0
20 3 1 1 100 0.75 1 13 34 260 222 29 100 0 0
20 3 1 1 100 0.75 1 14 46 280 232 34 100 0 0
20 3 1 1 100 0.75 1 15 50 300 243 46 99 0 0
20 3 1 1 100 0.75 1 16 57 320 261 50 99 0 2
20 3 1 1 100 0.75 1 17 65 340 278 57 99 0 6
20 3 1 1 100 0.75 1 18 73 360 300 65 99 0 12
20 3 1 1 100 0.75 1 19 84 380 312 73 99 0 20
20 3 1 1 100 0.75 1 20 95 400 334 84 99 0 28
20 3 1 1 100 0.75 1 21 101 420 354 95 99 0 36
20 3 1 1 100 0.75 1 22 110 440 371 101 99 0 40
20 3 1 1 100 0.75 1 23 122 460 377 110 99 0 42
20 3 1 1 100 0.75 1 24 133 480 399 122 99 0 50
20 3 1 1 100 0.75 1 25 143 500 417 133 99 0 53
20 3 1 1 100 0.75 1 26 153 520 436 143 99 0 63
20 3 1 1 100 0.75 1 27 165 540 453 153 99 0 73
20 3 1 1 100 0.75 1 28 179 560 471 165 99 0 78
20 3 1 1 100 0.75 1 29 184 580 491 179 99 0 84
20 3 1 1 100 0.75 1 30 195 600 511 184 99 0 93
20 3 1 1 100 0.75 1 31 204 620 533 195 99 0 102
20 3 1 1 100 0.75 1 32 220 640 549 204 99 0 111
20 3 1 1 100 0.75 1 33 231 658 567 218 101 2 118
20 3 1 1 100 0.75 1 34 244 675 580 226 104 5 123
20 3 1 1 100 0.75 1 35 259 688 590 232 111 12 128
20 3 1 1 100 0.75 1 36 271 703 598 242 116 17 125
20 3 1 1 100 0.75 1 37 284 718 607 249 121 22 130
20 3 1 1 100 0.75 1 38 299 732 616 256 127 28 132
20 3 1 1 100 0.75 1 39 314 741 622 260 138 39 128
20 3 1 1 100 0.75 1 40 325 758 638 272 140 42 136
20 3 1 1 100 0.75 1 41 344 772 644 277 146 48 137
20 3 1 1 100 0.75 1 42 362 783 652 287 155 57 139
20 3 1 1 100 0.75 1 43 389 797 652 299 161 63 143
20 3 1 1 100 0.75 1 44 407 814 663 323 164 66 150
20 3 1 1 100 0.75 1 45 432 823 662 330 175 77 150
20 3 1 1 100 0.75 1 46 453 839 674 351 179 81 156
20 3 1 1 100 0.75 1 47 473 854 682 368 184 86 160
20 3 1 1 100 0.75 1 48 496 863 677 377 195 97 163
20 3 1 1 100 0.75 1 49 515 873 683 390 205 107 164
20 3 1 1 100 0.75 1 50 542 886 691 402 212 114 178
20 3 1 1 100 0.75 1 51 558 897 698 424 221 123 189
20 3 1 1 100 0.75 1 52 580 912 701 437 226 128 195
20 3 1 1 100 0.75 1 53 608 918 697 448 240 142 202
20 3 1 1 100 0.75 1 54 631 930 708 472 248 150 209
20 3 1 1 100 0.75 1 55 655 947 717 496 251 153 222
20 3 1 1 100 0.75 1 56 677 957 715 514 261 163 228
20 3 1 1 100 0.75 1 57 696 964 714 526 274 176 232
20 3 1 1 100 0.75 1 58 718 975 721 545 283 185 239
20 3 1 1 100 0.75 1 59 739 990 724 568 288 190 250
20 3 1 1 100 0.75 1 60 766 1002 731 590 296 198 267
20 3 1 1 100 0.75 1 61 785 1012 738 612 306 208 275
20 3 1 1 100 0.75 1 62 808 1021 741 627 317 219 284
20 3 1 1 100 0.75 1 63 829 1025 731 641 333 235 293
20 3 1 1 100 0.75 1 64 842 1029 717 665 349 251 295
20 3 1 1 100 0.75 1 65 860 1039 714 680 359 261 309
20 3 1 1 100 0.75 1 66 874 1048 724 700 367 269 323
20 3 1 1 100 0.75 1 67 888 1041 704 708 382 284 333
20 3 1 1 100 0.75 1 68 901 1040 696 723 398 300 337
20 3 1 1 100 0.75 1 69 915 1038 675 735 415 318 340
20 3 1 1 100 0.75 1 70 929 1044 684 756 427 330 360
20 3 1 1 100 0.75 1 71 939 1035 656 775 448 351 365
20 3 1 1 100 0.75 1 72 943 1040 660 786 463 366 369
20 3 1 1 100 0.75 1 73 951 1043 647 798 475 379 378
20 3 1 1 100 0.75 1 74 958 1034 627 801 497 401 374
20 3 1 1 100 0.75 1 75 963 1037 628 803 514 418 386
20 3 1 1 100 0.75 1 76 971 1044 630 812 526 430 387
20 3 1 1 100 0.75 1 77 980 1036 607 820 546 450 399
20 3 1 1 100 0.75 1 78 984 1039 603 826 563 467 404
20 3 1 1 100 0.75 1 79 988 1029 589 819 590 494 398
20 3 1 1 100 0.75 1 80 995 1034 574 826 605 509 401
20 3 1 1 100 0.75 1 81 1001 1031 553 834 628 532 394
20 3 1 1 100 0.75 1 82 1004 1031 569 836 648 552 383
20 3 1 1 100 0.75 1 83 1011 1019 520 826 680 584 371
20 3 1 1 100 0.75 1 84 1013 1020 532 831 699 603 376
20 3 1 1 100 0.75 1 85 1018 1023 521 832 716 620 374
20 3 1 1 100 0.75 1 86 1022 1014 507 823 745 649 356
20 3 1 1 100 0.75 1 87 1026 1011 484 823 768 672 354
20 3 1 1 100 0.75 1 88 1030 1009 483 823 790 694 347
20 3 1 1 100 0.75 1 89 1033 1000 467 814 819 723 339
20 3 1 1 100 0.75 1 90 1035 994 444 817 845 749 333
20 3 1 1 100 0.75 1 91 1041 991 434 817 868 772 323
20 3 1 1 100 0.75 1 92 1042 998 423 831 880 785 328
20 3 1 1 100 0.75 1 93 1045 997 427 832 901 806 324
20 3 1 1 100 0.75 1 94 1046 995 409 833 923 828 322
20 3 1 1 100 0.75 1 95 1047 984 400 822 952 859 309
20 3 1 1 100 0.75 1 96 1048 989 381 826 967 874 311
20 3 1 1 100 0.75 1 97 1052 987 389 825 986 896 304
20 3 1 1 100 0.75 1 98 1052 987 379 833 1006 916 303
20 3 1 1 100 0.75 1 99 1054 988 386 834 1025 935 305
20 3 1 1 100 0.75 1 100 1055 991 371 842 1042 952 302
20 3 1 1 100 0.75 1 101 1056 998 371 846 1055 965 304
20 3 1 1 100 0.75 1 102 1056 1003 362 849 1070 980 304
20 3 1 1 100 0.75 1 103 1056 1002 356 850 1091 1001 300
20 3 1 1 100 0.75 1 104 1056 1004 330 854 1109 1019 298
20 3 1 1 100 0.75 1 105 1056 999 340 846 1134 1044 294
20 3 1 1 100 0.75 1 106 1056 1005 336 854 1148 1058 297
20 3 1 1 100 0.75 1 107 1056 1014 354 859 1157 1069 298
20 3 1 1 100 0.75 1 108 1056 1020 344 869 1169 1083 294
20 3 1 1 100 0.75 1 109 1056 1021 325 871 1187 1102 292
20 3 1 1 100 0.75 1 110 1056 1026 335 877 1202 1117 293
20 3 1 1 100 0.75 1 111 1056 1029 330 878 1219 1134 290
20 3 1 1 100 0.75 1 112 1056 1032 322 885 1236 1151 285
20 3 1 1 100 0.75 1 113 1056 1017 310 869 1271 1186 270
20 3 1 1 100 0.75 1 114 1056 1019 304 870 1288 1204 267
20 3 1 1 100 0.75 1 115 1056 1030 301 879 1296 1213 273
20 3 1 1 100 0.75 1 116 1056 1040 310 890 1305 1223 281
20 3 1 1 100 0.75 1 117 1056 1039 295 890 1321 1240 278
20 3 1 1 100 0.75 1 118 1056 1040 301 899 1336 1256 281
20 3 1 1 100 0.75 1 119 1056 1035 307 891 1356 1277 279
20 3 1 1 100 0.75 1 120 1056 1040 308 902 1370 1292 274
20 3 1 1 100 0.75 1 121 1056 1035 285 903 1391 1313 269
20 3 1 1 100 0.75 1 122 1056 1042 277 904 1403 1326 271
20 3 1 1 100 0.75 1 123 1056 1040 269 912 1419 1342 269
20 3 1 1 100 0.75 1 124 1056 1049 251 922 1426 1349 280
20 3 1 1 100 0.75 1 125 1056 1040 260 926 1441 1365 280
20 3 1 1 100 0.75 1 126 1056 1034 256 919 1463 1387 270
20 3 1 1 100 0.75 1 127 1056 1044 255 923 1472 1397 281
20 3 1 1 100 0.75 1 128 1056 1037 257 923 1489 1416 273
20 3 1 1 100 0.75 1 129 1056 1038 248 925 1505 1434 267
20 3 1 1 100 0.75 1 130 1056 1043 249 931 1518 1447 270
20 3 1 1 100 0.75 1 131 1056 1044 264 935 1530 1459 271
20 3 1 1 100 0.75 1 132 1056 1043 243 930 1543 1472 272
20 3 1 1 100 0.75 1 133 1056 1032 260 917 1566 1496 259
20 3 1 1 100 0.75 1 134 1056 1032 237 913 1586 1516 249
20 3 1 1 100 0.75 1 135 1056 1039 221 919 1599 1529 253
20 3 1 1 100 0.75 1 136 1056 1046 245 923 1609 1539 258
20 3 1 1 100 0.75 1 137 1056 1033 219 918 1630 1562 246
20 3 1 1 100 0.75 1 138 1056 1034 213 912 1649 1581 233
20 3 1 1 100 0.75 1 139 1056 1037 224 910 1666 1598 225
20 3 1 1 100 0.75 1 140 1056 1047 230 910 1675 1607 227
20 3 1 1 100 0.75 1 141 1056 1041 208 918 1689 1622 226
20 3 1 1 100 0.75 1 142 1056 1045 208 927 1699 1633 228
20 3 1 1 100 0.75 1 143 1056 1046 206 933 1708 1643 233
20 3 1 1 100 0.75 1 144 1056 1033 215 924 1731 1666 220
20 3 1 1 100 0.75 1 145 1056 1040 214 926 1742 1679 219
20 3 1 1 100 0.75 1 146 1056 1041 199 931 1757 1694 219
20 3 1 1 100 0.75 1 147 1056 1035 214 927 1778 1715 207
20 3 1 1 100 0.75 1 148 1056 1043 181 933 1790 1727 213
20 3 1 1 100 0.75 1 149 1056 1044 197 931 1801 1739 214
20 3 1 1 100 0.75 1 150 1056 1045 186 934 1808 1750 217
20 3 1 1 100 0.75 1 150 1056 1045 1045 934 2018 1750 217
20 3 1 1 100 0.75 1 180 1056 1045 1045 934 33 1750 217
20 3 1 1 100 0.75 2 181 0 20 20 0 33 0 0
20 3 1 1 100 0.75 2 182 0 40 40 0 33 0 0
20 3 1 1 100 0.75 2 183 0 60 60 0 33 0 0
20 3 1 1 100 0.75 2 184 0 80 80 0 33 0 0
20 3 1 1 100 0.75 2 185 0 100 100 0 33 0 0
20 3 1 1 100 0.75 2 186 0 120 120 0 33 0 0
20 3 1 1 100 0.75 2 187 0 140 139 0 33 0 0
20 3 1 1 100 0.75 2 188 1 160 158 0 33 0 0
20 3 1 1 100 0.75 2 189 2 180 175 1 33 0 0
20 3 1 1 100 0.75 2 190 5 200 192 2 33 0 0
20 3 1 1 100 0.75 2 191 8 220 208 5 33 0 0
20 3 1 1 100 0.75 2 192 12 240 227 8 33 0 0
20 3 1 1 100 0.75 2 193 16 260 243 12 33 0 0
20 3 1 1 100 0.75 2 194 19 280 261 16 33 0 0
20 3 1 1 100 0.75 2 195 23 300 276 19 33 0 0
20 3 1 1 100 0.75 2 196 27 320 294 23 33 0 0
20 3 1 1 100 0.75 2 197 30 340 314 27 33 0 4
20 3 1 1 100 0.75 2 198 34 360 331 30 33 0 5
20 3 1 1 100 0.75 2 199 36 380 353 34 33 0 6
20 3 1 1 100 0.75 2 200 40 400 373 36 32 0 12
20 3 1 1 100 0.75 2 201 44 420 391 40 32 0 14
20 3 1 1 100 0.75 2 202 47 440 413 44 32 0 17
20 3 1 1 100 0.75 2 203 50 460 434 47 32 0 22
20 3 1 1 100 0.75 2 204 52 480 453 50 32 0 23
20 3 1 1 100 0.75 2 205 56 500 472 52 32 0 26
20 3 1 1 100 0.75 2 206 62 520 493 56 32 0 30
20 3 1 1 100 0.75 2 207 64 540 512 62 32 0 32
20 3 1 1 100 0.75 2 208 66 560 533 64 32 0 36
20 3 1 1 100 0.75 2 209 73 580 551 66 32 0 39
20 3 1 1 100 0.75 2 210 79 600 569 73 32 0 42
20 3 1 1 100 0.75 2 211 80 620 590 79 32 0 43
20 3 1 1 100 0.75 2 212 83 640 608 80 32 0 44
20 3 1 1 100 0.75 2 213 90 659 628 82 33 1 48
20 3 1 1 100 0.75 2 214 94 678 646 88 34 2 50
20 3 1 1 100 0.75 2 215 97 696 663 90 36 4 50
20 3 1 1 100 0.75 2 216 103 713 678 90 39 7 51
20 3 1 1 100 0.75 2 217 110 729 692 92 43 11 51
20 3 1 1 100 0.75 2 218 118 749 709 99 43 11 54
20 3 1 1 100 0.75 2 219 124 765 721 103 47 15 51
20 3 1 1 100 0.75 2 220 129 784 740 108 48 16 54
20 3 1 1 100 0.75 2 221 139 797 747 106 55 23 52
20 3 1 1 100 0.75 2 222 141 817 769 116 55 23 53
20 3 1 1 100 0.75 2 223 152 831 775 112 61 29 49
20 3 1 1 100 0.75 2 224 163 848 786 120 64 32 51
20 3 1 1 100 0.75 2 225 171 864 801 127 68 36 52
20 3 1 1 100 0.75 2 226 184 882 814 133 70 38 56
20 3 1 1 100 0.75 2 227 194 900 830 144 72 40 59
20 3 1 1 100 0.75 2 228 202 919 847 153 73 41 63
20 3 1 1 100 0.75 2 229 208 938 864 160 74 42 65
20 3 1 1 100 0.75 2 230 219 955 879 163 77 45 70
20 3 1 1 100 0.75 2 231 230 972 893 172 80 48 73
20 3 1 1 100 0.75 2 232 243 988 907 180 84 52 78
20 3 1 1 100 0.75 2 233 254 1003 914 189 89 57 80
20 3 1 1 100 0.75 2 234 271 1021 932 200 91 59 88
20 3 1 1 100 0.75 2 235 287 1035 938 211 97 65 89
20 3 1 1 100 0.75 2 236 294 1052 952 224 100 68 89
20 3 1 1 100 0.75 2 237 306 1054 954 229 102 70 96
20 3 1 1 100 0.75 2 238 319 1052 946 238 106 74 99
20 3 1 1 100 0.75 2 239 332 1056 950 252 106 74 104
20 3 1 1 100 0.75 2 240 345 1052 942 263 110 78 108
20 3 1 1 100 0.75 2 241 360 1053 941 275 113 81 115
20 3 1 1 100 0.75 2 242 380 1051 936 286 118 86 124
20 3 1 1 100 0.75 2 243 396 1052 932 304 122 90 128
20 3 1 1 100 0.75 2 244 412 1048 919 314 130 98 127
20 3 1 1 100 0.75 2 245 421 1052 920 328 134 102 133
20 3 1 1 100 0.75 2 246 436 1051 913 334 139 107 140
20 3 1 1 100 0.75 2 247 453 1051 909 349 144 112 148
20 3 1 1 100 0.75 2 248 470 1049 900 363 151 119 152
20 3 1 1 100 0.75 2 249 495 1043 881 369 164 132 152
20 3 1 1 100 0.75 2 250 517 1051 887 393 169 137 162
20 3 1 1 100 0.75 2 251 534 1050 879 410 175 143 173
20 3 1 1 100 0.75 2 252 550 1045 866 420 186 154 174
20 3 1 1 100 0.75 2 253 561 1053 868 442 189 157 183
20 3 1 1 100 0.75 2 254 578 1049 859 453 196 164 194
20 3 1 1 100 0.75 2 255 594 1049 853 471 203 171 202
20 3 1 1 100 0.75 2 256 612 1050 856 490 209 177 212
20 3 1 1 100 0.75 2 257 636 1048 840 505 217 185 216
20 3 1 1 100 0.75 2 258 656 1041 819 521 232 200 217
20 3 1 1 100 0.75 2 259 672 1051 827 543 237 205 227
20 3 1 1 100 0.75 2 260 687 1048 821 558 245 213 235
20 3 1 1 100 0.75 2 261 703 1047 810 576 254 222 242
20 3 1 1 100 0.75 2 262 724 1043 801 586 267 235 249
20 3 1 1 100 0.75 2 263 743 1044 788 601 279 247 260
20 3 1 1 100 0.75 2 264 763 1042 785 614 293 261 268
20 3 1 1 100 0.75 2 265 777 1046 775 630 303 271 276
20 3 1 1 100 0.75 2 266 790 1047 768 651 312 280 284
20 3 1 1 100 0.75 2 267 800 1045 767 669 323 291 289
20 3 1 1 100 0.75 2 268 816 1048 752 682 331 299 307
20 3 1 1 100 0.75 2 269 829 1041 740 690 346 314 308
20 3 1 1 100 0.75 2 270 842 1040 730 706 362 330 313
20 3 1 1 100 0.75 2 271 861 1042 725 715 376 344 322
20 3 1 1 100 0.75 2 272 874 1038 710 737 394 362 327
20 3 1 1 100 0.75 2 273 888 1034 683 737 415 384 322
20 3 1 1 100 0.75 2 274 899 1041 685 749 428 397 328
20 3 1 1 100 0.75 2 275 907 1042 673 760 441 411 325
20 3 1 1 100 0.75 2 276 920 1038 665 763 459 429 328
20 3 1 1 100 0.75 2 277 933 1044 659 776 471 441 335
20 3 1 1 100 0.75 2 278 945 1038 644 783 488 459 339
20 3 1 1 100 0.75 2 279 958 1040 649 798 504 475 346
20 3 1 1 100 0.75 2 280 973 1036 614 805 524 495 352
20 3 1 1 100 0.75 2 281 980 1041 618 824 539 510 349
20 3 1 1 100 0.75 2 282 987 1035 603 829 560 531 349
20 3 1 1 100 0.75 2 283 995 1035 578 829 579 551 348
20 3 1 1 100 0.75 2 284 1007 1031 565 828 603 575 340
20 3 1 1 100 0.75 2 285 1013 1032 563 841 622 594 339
20 3 1 1 100 0.75 2 286 1023 1026 542 835 648 620 335
20 3 1 1 100 0.75 2 287 1033 1027 544 842 667 639 348
20 3 1 1 100 0.75 2 288 1038 1030 544 858 683 656 352
20 3 1 1 100 0.75 2 289 1041 1037 547 863 696 669 356
20 3 1 1 100 0.75 2 290 1043 1032 507 864 720 693 348
20 3 1 1 100 0.75 2 291 1047 1031 505 860 741 714 346
20 3 1 1 100 0.75 2 292 1054 1037 494 871 755 728 347
20 3 1 1 100 0.75 2 293 1054 1031 505 875 780 753 338
20 3 1 1 100 0.75 2 294 1056 1032 478 881 798 772 339
20 3 1 1 100 0.75 2 295 1056 1030 458 880 820 794 340
20 3 1 1 100 0.75 2 296 1056 1029 458 880 841 815 332
20 3 1 1 100 0.75 2 297 1056 1038 461 888 852 826 338
20 3 1 1 100 0.75 2 298 1056 1027 455 879 881 855 320
20 3 1 1 100 0.75 2 299 1056 1023 442 872 905 879 321
20 3 1 1 100 0.75 2 300 1056 1030 440 883 918 892 334
20 3 1 1 100 0.75 2 301 1056 1033 434 883 935 909 331
20 3 1 1 100 0.75 2 302 1056 1034 429 883 954 928 328
20 3 1 1 100 0.75 2 303 1056 1037 433 885 971 945 324
20 3 1 1 100 0.75 2 304 1056 1031 414 880 995 970 314
20 3 1 1 100 0.75 2 305 1056 1026 396 876 1018 995 302
20 3 1 1 100 0.75 2 306 1056 1030 408 880 1034 1011 301
20 3 1 1 100 0.75 2 307 1056 1027 374 871 1057 1034 291
20 3 1 1 100 0.75 2 308 1056 1030 379 876 1074 1051 286
20 3 1 1 100 0.75 2 309 1056 1035 382 882 1089 1066 288
20 3 1 1 100 0.75 2 310 1056 1035 360 882 1108 1086 285
20 3 1 1 100 0.75 2 311 1056 1039 363 887 1124 1102 283
20 3 1 1 100 0.75 2 312 1056 1042 355 894 1137 1116 281
20 3 1 1 100 0.75 2 313 1056 1038 361 896 1154 1134 276
20 3 1 1 100 0.75 2 314 1056 1035 350 896 1175 1155 273
20 3 1 1 100 0.75 2 315 1056 1039 319 902 1191 1171 271
20 3 1 1 100 0.75 2 316 1056 1031 318 895 1214 1196 260
20 3 1 1 100 0.75 2 317 1056 1034 328 896 1231 1213 257
20 3 1 1 100 0.75 2 318 1056 1036 323 900 1248 1231 250
20 3 1 1 100 0.75 2 319 1056 1040 322 906 1263 1247 252
20 3 1 1 100 0.75 2 320 1056 1038 305 900 1281 1265 247
20 3 1 1 100 0.75 2 321 1056 1045 316 906 1290 1276 252
20 3 1 1 100 0.75 2 322 1056 1045 287 912 1301 1287 253
20 3 1 1 100 0.75 2 323 1056 1043 299 919 1313 1300 252
20 3 1 1 100 0.75 2 324 1056 1039 291 915 1329 1317 248
20 3 1 1 100 0.75 2 325 1056 1042 313 923 1343 1331 253
20 3 1 1 100 0.75 2 326 1056 1038 292 928 1360 1349 247
20 3 1 1 100 0.75 2 327 1056 1043 310 929 1373 1362 246
20 3 1 1 100 0.75 2 328 1056 1045 277 939 1382 1373 245
20 3 1 1 100 0.75 2 329 1056 1037 252 932 1399 1392 246
20 3 1 1 100 0.75 2 330 1056 1040 292 925 1415 1408 239
20 3 1 1 100 0.75 2 330 1056 1040 1040 925 1650 1408 239
20 3 1 1 100 0.75 2 360 1056 1040 1040 925 33 1408 239
20 3 1 1 100 0.75 3 361 0 20 20 0 33 0 0
20 3 1 1 100 0.75 3 362 0 40 40 0 33 0 0
20 3 1 1 100 0.75 3 363 0 60 60 0 33 0 0
20 3 1 1 100 0.75 3 364 0 80 80 0 33 0 0
20 3 1 1 100 0.75 3 365 0 100 98 0 33 0 0
20 3 1 1 100 0.75 3 366 0 120 120 0 33 0 0
20 3 1 1 100 0.75 3 367 2 140 138 0 33 0 0
20 3 1 1 100 0.75 3 368 2 160 158 2 33 0 0
20 3 1 1 100 0.75 3 369 4 180 175 2 33 0 0
20 3 1 1 100 0.75 3 370 10 200 189 4 33 0 0
20 3 1 1 100 0.75 3 371 13 220 206 10 33 0 0
20 3 1 1 100 0.75 3 372 15 240 221 13 33 0 0
20 3 1 1 100 0.75 3 373 20 260 239 15 33 0 0
20 3 1 1 100 0.75 3 374 22 280 257 20 33 0 2
20 3 1 1 100 0.75 3 375 24 300 275 22 33 0 2
20 3 1 1 100 0.75 3 376 27 320 294 24 33 0 2
20 3 1 1 100 0.75 3 377 29 340 317 27 33 0 4
20 3 1 1 100 0.75 3 378 38 360 332 29 33 0 9
20 3 1 1 100 0.75 3 379 39 380 354 38 33 0 9
20 3 1 1 100 0.75 3 380 47 400 370 39 33 0 13
20 3 1 1 100 0.75 3 381 52 420 389 47 33 0 16
20 3 1 1 100 0.75 3 382 55 440 407 52 33 0 17
20 3 1 1 100 0.75 3 383 56 460 427 55 33 0 17
20 3 1 1 100 0.75 3 384 59 480 448 56 33 0 18
20 3 1 1 100 0.75 3 385 64 500 468 59 33 0 21
20 3 1 1 100 0.75 3 386 69 520 488 64 33 0 25
20 3 1 1 100 0.75 3 387 72 540 508 69 33 0 28
20 3 1 1 100 0.75 3 388 79 560 529 72 33 0 34
20 3 1 1 100 0.75 3 389 84 579 546 78 34 1 37
20 3 1 1 100 0.75 3 390 86 599 567 83 34 1 39
20 3 1 1 100 0.75 3 391 89 619 586 85 34 1 41
20 3 1 1 100 0.75 3 392 95 639 605 88 34 1 46
20 3 1 1 100 0.75 3 393 100 658 624 93 35 2 48
20 3 1 1 100 0.75 3 394 105 677 642 97 36 3 50
20 3 1 1 100 0.75 3 395 106 696 661 101 37 4 52
20 3 1 1 100 0.75 3 396 117 713 675 99 40 7 54
20 3 1 1 100 0.75 3 397 124 728 686 105 45 12 52
20 3 1 1 100 0.75 3 398 131 745 698 109 48 15 50
20 3 1 1 100 0.75 3 399 135 765 717 116 48 15 51
20 3 1 1 100 0.75 3 400 141 784 736 119 49 16 58
20 3 1 1 100 0.75 3 401 150 801 752 122 52 19 61
20 3 1 1 100 0.75 3 402 154 821 769 131 52 19 62
20 3 1 1 100 0.75 3 403 161 838 784 132 55 22 63
20 3 1 1 100 0.75 3 404 176 854 795 135 59 26 67
20 3 1 1 100 0.75 3 405 184 872 812 148 61 28 70
20 3 1 1 100 0.75 3 406 194 887 821 151 66 33 65
20 3 1 1 100 0.75 3 407 203 902 833 156 71 38 63
20 3 1 1 100 0.75 3 408 212 916 841 159 77 44 61
20 3 1 1 100 0.75 3 409 223 934 857 166 79 46 65
20 3 1 1 100 0.75 3 410 230 952 872 176 81 48 65
20 3 1 1 100 0.75 3 411 243 969 889 180 84 51 71
20 3 1 1 100 0.75 3 412 257 986 900 191 87 54 76
20 3 1 1 100 0.75 3 413 265 1004 917 203 89 56 83
20 3 1 1 100 0.75 3 414 275 1020 931 207 93 60 87
20 3 1 1 100 0.75 3 415 288 1037 942 215 96 63 87
20 3 1 1 100 0.75 3 416 305 1053 955 227 99 66 97
20 3 1 1 100 0.75 3 417 317 1051 948 241 104 71 100
20 3 1 1 100 0.75 3 418 327 1054 949 251 106 73 101
20 3 1 1 100 0.75 3 419 343 1053 945 260 109 76 110
20 3 1 1 100 0.75 3 420 365 1044 924 265 121 88 111
20 3 1 1 100 0.75 3 421 377 1053 933 285 124 91 115
20 3 1 1 100 0.75 3 422 392 1053 928 296 127 94 121
20 3 1 1 100 0.75 3 423 412 1051 923 308 132 99 131
20 3 1 1 100 0.75 3 424 426 1054 922 328 134 101 140
20 3 1 1 100 0.75 3 425 438 1053 917 341 137 104 143
20 3 1 1 100 0.75 3 426 452 1048 905 348 145 112 141
20 3 1 1 100 0.75 3 427 467 1053 908 361 148 115 152
20 3 1 1 100 0.75 3 428 484 1053 906 379 151 118 164
20 3 1 1 100 0.75 3 429 504 1051 896 396 156 123 173
20 3 1 1 100 0.75 3 430 524 1046 887 406 166 133 175
20 3 1 1 100 0.75 3 431 542 1047 879 425 175 142 175
20 3 1 1 100 0.75 3 432 562 1047 871 436 184 151 179
20 3 1 1 100 0.75 3 433 574 1047 861 450 193 160 178
20 3 1 1 100 0.75 3 434 593 1047 855 461 202 169 183
20 3 1 1 100 0.75 3 435 612 1049 845 481 209 176 192
20 3 1 1 100 0.75 3 436 631 1051 844 502 214 181 201
20 3 1 1 100 0.75 3 437 643 1049 837 519 221 188 207
20 3 1 1 100 0.75 3 438 659 1047 833 531 230 197 222
20 3 1 1 100 0.75 3 439 677 1045 825 550 241 208 228
20 3 1 1 100 0.75 3 440 696 1044 806 564 253 220 232
20 3 1 1 100 0.75 3 441 715 1049 813 589 260 227 246
20 3 1 1 100 0.75 3 442 728 1044 792 602 272 239 252
20 3 1 1 100 0.75 3 443 741 1040 779 610 288 255 249
20 3 1 1 100 0.75 3 444 758 1047 777 620 297 264 266
20 3 1 1 100 0.75 3 445 775 1046 768 643 307 274 272
20 3 1 1 100 0.75 3 446 797 1039 760 646 324 291 278
20 3 1 1 100 0.75 3 447 813 1042 748 666 338 305 283
20 3 1 1 100 0.75 3 448 830 1044 745 684 350 317 295
20 3 1 1 100 0.75 3 449 840 1046 739 702 360 327 295
20 3 1 1 100 0.75 3 450 856 1046 722 716 370 337 304
20 3 1 1 100 0.75 3 451 867 1043 718 732 383 350 308
20 3 1 1 100 0.75 3 452 878 1044 712 741 395 362 314
20 3 1 1 100 0.75 3 453 898 1044 704 750 407 374 332
20 3 1 1 100 0.75 3 454 911 1040 683 765 423 390 337
20 3 1 1 100 0.75 3 455 932 1039 674 777 440 407 347
20 3 1 1 100 0.75 3 456 943 1046 681 802 450 417 358
20 3 1 1 100 0.75 3 457 950 1027 641 797 479 446 346
20 3 1 1 100 0.75 3 458 956 1035 640 807 491 458 352
20 3 1 1 100 0.75 3 459 961 1036 625 804 510 477 345
20 3 1 1 100 0.75 3 460 972 1040 622 807 526 493 347
20 3 1 1 100 0.75 3 461 983 1039 625 815 543 510 355
20 3 1 1 100 0.75 3 462 991 1036 608 824 563 530 356
20 3 1 1 100 0.75 3 463 1000 1032 579 822 587 554 354
20 3 1 1 100 0.75 3 464 1004 1027 568 826 612 579 344
20 3 1 1 100 0.75 3 465 1010 1028 559 826 631 598 337
20 3 1 1 100 0.75 3 466 1014 1025 550 830 654 621 329
20 3 1 1 100 0.75 3 467 1017 1033 546 842 666 633 330
20 3 1 1 100 0.75 3 468 1026 1039 530 852 680 647 334
20 3 1 1 100 0.75 3 469 1030 1034 525 857 701 669 323
20 3 1 1 100 0.75 3 470 1035 1027 503 854 728 696 314
20 3 1 1 100 0.75 3 471 1038 1034 513 860 739 709 317
20 3 1 1 100 0.75 3 472 1040 1026 492 853 767 737 306
20 3 1 1 100 0.75 3 473 1042 1026 507 855 787 757 300
20 3 1 1 100 0.75 3 474 1045 1023 495 856 810 780 299
20 3 1 1 100 0.75 3 475 1048 1027 453 868 826 796 300
20 3 1 1 100 0.75 3 476 1050 1032 469 872 841 811 302
20 3 1 1 100 0.75 3 477 1052 1033 442 873 860 830 307
20 3 1 1 100 0.75 3 478 1054 1037 445 880 875 846 301
20 3 1 1 100 0.75 3 479 1055 1034 430 882 897 868 292
20 3 1 1 100 0.75 3 480 1056 1032 440 884 919 890 286
20 3 1 1 100 0.75 3 481 1056 1031 422 881 939 911 285
20 3 1 1 100 0.75 3 482 1056 1037 417 883 953 925 287
20 3 1 1 100 0.75 3 483 1056 1033 417 880 976 948 278
20 3 1 1 100 0.75 3 484 1056 1039 405 891 990 962 283
20 3 1 1 100 0.75 3 485 1056 1044 405 899 1002 974 288
20 3 1 1 100 0.75 3 486 1056 1045 401 906 1013 985 296
20 3 1 1 100 0.75 3 487 1056 1044 388 912 1025 997 298
20 3 1 1 100 0.75 3 488 1056 1036 392 911 1045 1017 296
20 3 1 1 100 0.75 3 489 1056 1032 369 910 1068 1041 283
20 3 1 1 100 0.75 3 490 1056 1045 384 922 1075 1048 296
20 3 1 1 100 0.75 3 491 1056 1046 376 930 1084 1058 306
20 3 1 1 100 0.75 3 492 1056 1028 351 921 1112 1086 288
20 3 1 1 100 0.75 3 493 1056 1029 339 919 1131 1105 281
20 3 1 1 100 0.75 3 494 1056 1029 334 911 1151 1125 280
20 3 1 1 100 0.75 3 495 1056 1031 334 904 1168 1143 279
20 3 1 1 100 0.75 3 496 1056 1035 324 906 1184 1159 281
20 3 1 1 100 0.75 3 497 1056 1039 345 909 1200 1175 283
20 3 1 1 100 0.75 3 498 1056 1042 325 910 1214 1189 285
20 3 1 1 100 0.75 3 499 1056 1044 331 906 1225 1201 287
20 3 1 1 100 0.75 3 500 1056 1042 340 908 1239 1215 281
20 3 1 1 100 0.75 3 501 1056 1032 316 905 1263 1239 261
20 3 1 1 100 0.75 3 502 1056 1036 294 908 1279 1255 257
20 3 1 1 100 0.75 3 503 1056 1038 307 910 1296 1273 252
20 3 1 1 100 0.75 3 504 1056 1042 293 914 1309 1287 246
20 3 1 1 100 0.75 3 505 1056 1040 303 919 1325 1303 242
20 3 1 1 100 0.75 3 506 1056 1046 294 922 1335 1313 240
20 3 1 1 100 0.75 3 507 1056 1041 280 920 1350 1328 238
20 3 1 1 100 0.75 3 508 1056 1035 282 912 1371 1349 231
20 3 1 1 100 0.75 3 509 1056 1040 276 917 1385 1364 225
20 3 1 1 100 0.75 3 510 1056 1036 280 914 1404 1384 221
20 3 1 1 100 0.75 3 510 1056 1036 1036 914 1622 1384 221
20 3 1 1 100 0.75 3 540 1056 1036 1036 914 33 1384 221
20 3 1 1 100 0.75 4 541 0 20 20 0 33 0 0
20 3 1 1 100 0.75 4 542 0 40 40 0 33 0 0
20 3 1 1 100 0.75 4 543 0 60 60 0 33 0 0
20 3 1 1 100 0.75 4 544 0 80 80 0 33 0 0
20 3 1 1 100 0.75 4 545 0 100 100 0 33 0 0
20 3 1 1 100 0.75 4 546 0 120 120 0 33 0 0
20 3 1 1 100 0.75 4 547 0 140 140 0 33 0 0
20 3 1 1 100 0.75 4 548 1 160 158 0 33 0 0
20 3 1 1 100 0.75 4 549 1 180 177 1 33 0 0
20 3 1 1 100 0.75 4 550 2 200 196 1 33 0 0
20 3 1 1 100 0.75 4 551 5 220 213 2 33 0 0
20 3 1 1 100 0.75 4 552 9 240 228 5 33 0 0
20 3 1 1 100 0.75 4 553 14 260 244 9 33 0 0
20 3 1 1 100 0.75 4 554 19 280 259 14 33 0 0
20 3 1 1 100 0.75 4 555 23 300 275 19 33 0 0
20 3 1 1 100 0.75 4 556 24 320 296 23 33 0 0
20 3 1 1 100 0.75 4 557 27 340 312 24 33 0 1
20 3 1 1 100 0.75 4 558 30 360 331 27 33 0 2
20 3 1 1 100 0.75 4 559 33 380 353 30 33 0 4
20 3 1 1 100 0.75 4 560 40 400 371 33 33 0 6
20 3 1 1 100 0.75 4 561 46 420 390 40 33 0 10
20 3 1 1 100 0.75 4 562 50 440 412 46 33 0 13
20 3 1 1 100 0.75 4 563 54 460 429 50 33 0 14
20 3 1 1 100 0.75 4 564 56 480 449 54 33 0 15
20 3 1 1 100 0.75 4 565 60 500 469 56 33 0 17
20 3 1 1 100 0.75 4 566 62 520 489 60 33 0 19
20 3 1 1 100 0.75 4 567 65 540 509 62 33 0 24
20 3 1 1 100 0.75 4 568 73 560 528 65 33 0 29
20 3 1 1 100 0.75 4 569 77 580 549 73 33 0 33
20 3 1 1 100 0.75 4 570 81 600 571 77 33 0 36
20 3 1 1 100 0.75 4 571 81 620 592 81 33 0 37
20 3 1 1 100 0.75 4 572 84 640 612 81 33 0 39
20 3 1 1 100 0.75 4 573 90 660 628 84 33 0 43
20 3 1 1 100 0.75 4 574 91 679 649 89 34 1 43
20 3 1 1 100 0.75 4 575 98 697 663 88 36 3 47
20 3 1 1 100 0.75 4 576 104 717 683 95 36 3 50
20 3 1 1 100 0.75 4 577 110 736 700 100 37 4 54
20 3 1 1 100 0.75 4 578 116 754 717 104 39 6 54
20 3 1 1 100 0.75 4 579 120 771 730 107 42 9 51
20 3 1 1 100 0.75 4 580 131 788 743 108 45 12 55
20 3 1 1 100 0.75 4 581 134 806 759 117 47 14 54
20 3 1 1 100 0.75 4 582 138 825 777 119 48 15 54
20 3 1 1 100 0.75 4 583 149 841 790 119 52 19 56
20 3 1 1 100 0.75 4 584 154 860 809 129 53 20 57
20 3 1 1 100 0.75 4 585 167 875 818 129 58 25 61
20 3 1 1 100 0.75 4 586 176 891 831 138 62 29 60
20 3 1 1 100 0.75 4 587 185 908 845 144 65 32 64
20 3 1 1 100 0.75 4 588 194 925 859 150 68 35 65
20 3 1 1 100 0.75 4 589 196 944 878 158 69 36 65
20 3 1 1 100 0.75 4 590 207 958 887 154 75 42 63
20 3 1 1 100 0.75 4 591 220 978 906 165 75 42 70
20 3 1 1 100 0.75 4 592 233 992 912 172 81 48 72
20 3 1 1 100 0.75 4 593 245 1009 929 182 84 51 81
20 3 1 1 100 0.75 4 594 254 1025 938 191 88 55 80
20 3 1 1 100 0.75 4 595 268 1043 956 199 90 57 86
20 3 1 1 100 0.75 4 596 276 1052 960 210 94 61 87
20 3 1 1 100 0.75 4 597 285 1054 960 216 96 63 90
20 3 1 1 100 0.75 4 598 299 1055 959 224 97 64 100
20 3 1 1 100 0.75 4 599 315 1051 950 237 102 69 102
20 3 1 1 100 0.75 4 600 331 1051 946 248 107 74 111
20 3 1 1 100 0.75 4 601 346 1051 941 262 112 79 115
20 3 1 1 100 0.75 4 602 359 1053 940 275 115 82 122
20 3 1 1 100 0.75 4 603 371 1052 935 287 119 86 126
20 3 1 1 100 0.75 4 604 386 1050 927 295 125 92 129
20 3 1 1 100 0.75 4 605 397 1055 930 311 126 93 136
20 3 1 1 100 0.75 4 606 410 1051 921 319 131 98 144
20 3 1 1 100 0.75 4 607 434 1046 906 328 141 108 144
20 3 1 1 100 0.75 4 608 457 1050 905 349 147 114 156
20 3 1 1 100 0.75 4 609 470 1053 906 371 150 117 164
20 3 1 1 100 0.75 4 610 484 1050 897 382 156 123 167
20 3 1 1 100 0.75 4 611 497 1052 893 396 160 127 171
20 3 1 1 100 0.75 4 612 513 1050 888 410 166 133 178
20 3 1 1 100 0.75 4 613 530 1046 878 416 176 143 179
20 3 1 1 100 0.75 4 614 554 1050 874 433 182 149 190
20 3 1 1 100 0.75 4 615 582 1043 855 446 195 162 199
20 3 1 1 100 0.75 4 616 597 1045 854 470 206 173 200
20 3 1 1 100 0.75 4 617 615 1048 843 486 214 181 208
20 3 1 1 100 0.75 4 618 633 1047 834 500 223 190 212
20 3 1 1 100 0.75 4 619 655 1046 823 517 233 200 219
20 3 1 1 100 0.75 4 620 673 1049 819 541 240 207 225
20 3 1 1 100 0.75 4 621 693 1049 812 557 247 214 238
20 3 1 1 100 0.75 4 622 715 1045 806 573 258 225 254
20 3 1 1 100 0.75 4 623 733 1040 789 591 274 241 258
20 3 1 1 100 0.75 4 624 755 1048 789 614 282 249 265
20 3 1 1 100 0.75 4 625 773 1044 768 634 294 261 273
20 3 1 1 100 0.75 4 626 789 1043 762 648 307 274 278
20 3 1 1 100 0.75 4 627 803 1048 759 670 315 282 290
20 3 1 1 100 0.75 4 628 816 1043 752 684 327 295 293
20 3 1 1 100 0.75 4 629 838 1043 740 695 340 308 304
20 3 1 1 100 0.75 4 630 850 1045 737 716 351 319 315
20 3 1 1 100 0.75 4 631 862 1042 726 726 364 333 326
20 3 1 1 100 0.75 4 632 870 1041 723 734 379 348 332
20 3 1 1 100 0.75 4 633 887 1041 711 738 394 363 337
20 3 1 1 100 0.75 4 634 899 1039 683 755 411 380 334
20 3 1 1 100 0.75 4 635 913 1039 695 762 428 397 336
20 3 1 1 100 0.75 4 636 921 1047 675 781 437 406 346
20 3 1 1 100 0.75 4 637 930 1041 661 789 452 421 349
20 3 1 1 100 0.75 4 638 938 1041 660 795 467 436 354
20 3 1 1 100 0.75 4 639 945 1036 637 799 487 456 349
20 3 1 1 100 0.75 4 640 959 1025 618 787 517 487 339
20 3 1 1 100 0.75 4 641 965 1031 624 807 531 501 346
20 3 1 1 100 0.75 4 642 977 1028 596 803 554 524 348
20 3 1 1 100 0.75 4 643 984 1031 601 816 571 541 344
20 3 1 1 100 0.75 4 644 989 1033 588 819 589 559 343
20 3 1 1 100 0.75 4 645 998 1028 564 811 614 584 332
20 3 1 1 100 0.75 4 646 1001 1030 573 820 632 602 326
20 3 1 1 100 0.75 4 647 1006 1028 559 819 654 624 327
20 3 1 1 100 0.75 4 648 1013 1031 544 829 671 641 324
20 3 1 1 100 0.75 4 649 1016 1023 528 824 699 669 316
20 3 1 1 100 0.75 4 650 1022 1027 521 838 714 685 322
20 3 1 1 100 0.75 4 651 1025 1026 514 836 735 706 315
20 3 1 1 100 0.75 4 652 1027 1024 497 840 757 728 312
20 3 1 1 100 0.75 4 653 1035 1022 491 842 779 750 307
20 3 1 1 100 0.75 4 654 1038 1026 483 850 795 766 308
20 3 1 1 100 0.75 4 655 1043 1037 478 867 804 775 322
20 3 1 1 100 0.75 4 656 1044 1043 480 875 817 788 327
20 3 1 1 100 0.75 4 657 1049 1040 481 880 833 804 327
20 3 1 1 100 0.75 4 658 1052 1034 478 886 855 826 324
20 3 1 1 100 0.75 4 659 1053 1031 454 892 877 849 321
20 3 1 1 100 0.75 4 660 1056 1032 444 888 896 868 320
20 3 1 1 100 0.75 4 661 1056 1032 441 892 915 888 314
20 3 1 1 100 0.75 4 662 1056 1030 426 889 937 910 314
20 3 1 1 100 0.75 4 663 1056 1037 439 892 950 923 313
20 3 1 1 100 0.75 4 664 1056 1037 415 896 969 942 313
20 3 1 1 100 0.75 4 665 1056 1038 429 892 986 960 318
20 3 1 1 100 0.75 4 666 1056 1028 415 880 1014 988 301
20 3 1 1 100 0.75 4 667 1056 1030 405 880 1032 1006 297
20 3 1 1 100 0.75 4 668 1056 1037 391 889 1045 1019 298
20 3 1 1 100 0.75 4 669 1056 1043 386 892 1057 1032 295
20 3 1 1 100 0.75 4 670 1056 1036 383 893 1075 1052 289
20 3 1 1 100 0.75 4 671 1056 1041 362 904 1090 1067 291
20 3 1 1 100 0.75 4 672 1056 1037 372 902 1108 1086 284
20 3 1 1 100 0.75 4 673 1056 1037 375 897 1127 1105 281
20 3 1 1 100 0.75 4 674 1056 1038 361 902 1145 1123 278
20 3 1 1 100 0.75 4 675 1056 1040 342 906 1160 1139 275
20 3 1 1 100 0.75 4 676 1056 1041 356 915 1175 1154 276
20 3 1 1 100 0.75 4 677 1056 1036 328 910 1194 1174 271
20 3 1 1 100 0.75 4 678 1056 1032 340 901 1216 1198 260
20 3 1 1 100 0.75 4 679 1056 1034 323 899 1234 1216 256
20 3 1 1 100 0.75 4 680 1056 1037 317 900 1251 1233 251
20 3 1 1 100 0.75 4 681 1056 1041 318 901 1264 1248 246
20 3 1 1 100 0.75 4 682 1056 1040 296 906 1278 1264 249
20 3 1 1 100 0.75 4 683 1056 1039 327 904 1295 1281 251
20 3 1 1 100 0.75 4 684 1056 1048 326 914 1303 1289 256
20 3 1 1 100 0.75 4 685 1056 1043 317 917 1316 1302 255
20 3 1 1 100 0.75 4 686 1056 1039 296 919 1332 1319 255
20 3 1 1 100 0.75 4 687 1056 1039 291 924 1349 1336 253
20 3 1 1 100 0.75 4 688 1056 1042 282 930 1363 1350 252
20 3 1 1 100 0.75 4 689 1056 1038 290 927 1380 1368 248
20 3 1 1 100 0.75 4 690 1056 1046 299 935 1389 1378 254
20 3 1 1 100 0.75 4 690 1056 1046 1046 935 1642 1378 254
20 3 1 1 100 0.75 4 720 1056 1046 1046 935 33 1378 254
20 3 1 1 100 0.75 5 721 0 20 20 0 33 0 0
20 3 1 1 100 0.75 5 722 0 40 40 0 33 0 0
20 3 1 1 100 0.75 5 723 0 60 60 0 33 0 0
20 3 1 1 100 0.75 5 724 0 80 80 0 33 0 0
20 3 1 1 100 0.75 5 725 0 100 100 0 33 0 0
20 3 1 1 100 0.75 5 726 0 120 117 0 33 0 0
20 3 1 1 100 0.75 5 727 0 140 139 0 33 0 0
20 3 1 1 100 0.75 5 728 1 160 157 0 33 0 0
20 3 1 1 100 0.75 5 729 4 180 174 1 33 0 0
20 3 1 1 100 0.75 5 730 6 200 190 4 33 0 0
20 3 1 1 100 0.75 5 731 11 220 208 6 33 0 0
20 3 1 1 100 0.75 5 732 13 240 222 11 33 0 0
20 3 1 1 100 0.75 5 733 15 260 244 13 33 0 0
20 3 1 1 100 0.75 5 734 21 280 256 15 33 0 0
20 3 1 1 100 0.75 5 735 25 300 275 21 33 0 0
20 3 1 1 100 0.75 5 736 30 320 292 25 33 0 2
20 3 1 1 100 0.75 5 737 35 340 310 30 33 0 4
20 3 1 1 100 0.75 5 738 37 360 330 35 33 0 6
20 3 1 1 100 0.75 5 739 42 380 347 37 33 0 8
20 3 1 1 100 0.75 5 740 45 400 369 42 33 0 11
20 3 1 1 100 0.75 5 741 48 420 387 45 33 0 12
20 3 1 1 100 0.75 5 742 51 440 411 48 33 0 15
20 3 1 1 100 0.75 5 743 56 460 430 51 33 0 19
20 3 1 1 100 0.75 5 744 59 480 452 56 33 0 23
20 3 1 1 100 0.75 5 745 64 500 469 59 33 0 27
20 3 1 1 100 0.75 5 746 68 520 490 64 33 0 28
20 3 1 1 100 0.75 5 747 72 540 512 68 33 0 34
20 3 1 1 100 0.75 5 748 76 560 531 72 33 0 36
20 3 1 1 100 0.75 5 749 80 580 549 76 33 0 39
20 3 1 1 100 0.75 5 750 87 600 568 80 33 0 44
20 3 1 1 100 0.75 5 751 90 619 587 86 34 1 46
20 3 1 1 100 0.75 5 752 96 637 603 87 36 3 48
20 3 1 1 100 0.75 5 753 101 656 620 92 37 4 50
20 3 1 1 100 0.75 5 754 107 676 640 97 37 4 53
20 3 1 1 100 0.75 5 755 110 695 657 102 38 5 55
20 3 1 1 100 0.75 5 756 119 711 671 101 42 9 54
20 3 1 1 100 0.75 5 757 127 730 689 109 43 10 57
20 3 1 1 100 0.75 5 758 132 747 702 114 46 13 55
20 3 1 1 100 0.75 5 759 139 764 717 116 48 16 55
20 3 1 1 100 0.75 5 760 145 783 737 122 49 17 58
20 3 1 1 100 0.75 5 761 155 796 742 121 56 24 55
20 3 1 1 100 0.75 5 762 164 812 755 127 60 28 52
20 3 1 1 100 0.75 5 763 177 828 766 132 64 32 54
20 3 1 1 100 0.75 5 764 190 846 781 143 66 34 58
20 3 1 1 100 0.75 5 765 196 862 793 152 70 38 58
20 3 1 1 100 0.75 5 766 204 878 804 154 74 42 58
20 3 1 1 100 0.75 5 767 214 895 824 161 77 45 62
20 3 1 1 100 0.75 5 768 226 912 835 168 80 48 65
20 3 1 1 100 0.75 5 769 234 931 853 179 81 49 69
20 3 1 1 100 0.75 5 770 248 947 867 183 85 53 73
20 3 1 1 100 0.75 5 771 259 965 882 196 87 55 80
20 3 1 1 100 0.75 5 772 275 978 886 202 94 62 80
20 3 1 1 100 0.75 5 773 288 995 902 216 97 65 80
20 3 1 1 100 0.75 5 774 300 1014 918 228 98 66 87
20 3 1 1 100 0.75 5 775 312 1032 933 238 100 68 94
20 3 1 1 100 0.75 5 776 323 1048 945 247 104 72 94
20 3 1 1 100 0.75 5 777 339 1054 949 257 106 74 102
20 3 1 1 100 0.75 5 778 350 1050 939 268 112 80 104
20 3 1 1 100 0.75 5 779 367 1053 938 278 115 83 111
20 3 1 1 100 0.75 5 780 382 1049 930 292 122 90 116
20 3 1 1 100 0.75 5 781 398 1054 933 310 124 92 125
20 3 1 1 100 0.75 5 782 416 1052 924 323 128 96 131
20 3 1 1 100 0.75 5 783 435 1051 918 336 133 101 139
20 3 1 1 100 0.75 5 784 447 1054 920 353 135 103 143
20 3 1 1 100 0.75 5 785 460 1052 914 363 139 107 151
20 3 1 1 100 0.75 5 786 476 1051 910 373 144 112 159
20 3 1 1 100 0.75 5 787 503 1048 899 384 152 120 168
20 3 1 1 100 0.75 5 788 522 1044 885 402 164 132 169
20 3 1 1 100 0.75 5 789 545 1049 883 418 171 139 174
20 3 1 1 100 0.75 5 790 561 1046 869 433 181 149 178
20 3 1 1 100 0.75 5 791 577 1054 877 454 183 151 188
20 3 1 1 100 0.75 5 792 593 1051 864 470 188 156 193
20 3 1 1 100 0.75 5 793 612 1046 852 481 198 166 193
20 3 1 1 100 0.75 5 794 635 1048 849 497 206 174 207
20 3 1 1 100 0.75 5 795 659 1047 839 520 214 183 218
20 3 1 1 100 0.75 5 796 677 1048 834 544 222 191 223
20 3 1 1 100 0.75 5 797 706 1044 819 554 234 203 229
20 3 1 1 100 0.75 5 798 720 1046 815 583 244 213 233
20 3 1 1 100 0.75 5 799 739 1047 805 600 253 222 237
20 3 1 1 100 0.75 5 800 759 1045 793 614 264 233 244
20 3 1 1 100 0.75 5 801 778 1043 788 627 277 246 251
20 3 1 1 100 0.75 5 802 801 1045 780 647 288 257 266
20 3 1 1 100 0.75 5 803 816 1044 777 665 300 269 274
20 3 1 1 100 0.75 5 804 835 1039 758 667 316 286 284
20 3 1 1 100 0.75 5 805 852 1046 749 694 326 296 292
20 3 1 1 100 0.75 5 806 867 1047 745 709 335 305 301
20 3 1 1 100 0.75 5 807 874 1048 741 733 342 313 314
20 3 1 1 100 0.75 5 808 893 1038 727 739 360 331 316
20 3 1 1 100 0.75 5 809 906 1045 721 759 370 342 330
20 3 1 1 100 0.75 5 810 919 1045 718 773 381 353 341
20 3 1 1 100 0.75 5 811 932 1040 689 785 397 369 339
20 3 1 1 100 0.75 5 812 945 1036 683 793 417 389 340
20 3 1 1 100 0.75 5 813 959 1039 670 810 434 406 342
20 3 1 1 100 0.75 5 814 962 1042 666 820 448 420 351
20 3 1 1 100 0.75 5 815 967 1035 647 814 467 441 347
20 3 1 1 100 0.75 5 816 975 1039 647 819 483 457 360
20 3 1 1 100 0.75 5 817 980 1045 642 836 493 468 360
20 3 1 1 100 0.75 5 818 989 1039 632 838 509 485 361
20 3 1 1 100 0.75 5 819 994 1030 619 840 533 511 355
20 3 1 1 100 0.75 5 820 999 1027 593 838 556 534 358
20 3 1 1 100 0.75 5 821 1005 1034 604 842 568 547 361
20 3 1 1 100 0.75 5 822 1008 1030 592 838 592 571 352
20 3 1 1 100 0.75 5 823 1013 1027 570 841 614 594 346
20 3 1 1 100 0.75 5 824 1014 1022 561 839 639 619 341
20 3 1 1 100 0.75 5 825 1022 1022 551 834 659 639 341
20 3 1 1 100 0.75 5 826 1026 1019 547 833 682 662 334
20 3 1 1 100 0.75 5 827 1032 1016 523 834 705 685 327
20 3 1 1 100 0.75 5 828 1036 1016 515 835 725 705 321
20 3 1 1 100 0.75 5 829 1039 1022 491 849 739 719 324
20 3 1 1 100 0.75 5 830 1040 1023 492 855 758 738 324
20 3 1 1 100 0.75 5 831 1041 1024 506 854 776 757 319
20 3 1 1 100 0.75 5 832 1042 1019 474 849 799 782 304
20 3 1 1 100 0.75 5 833 1047 1019 461 847 819 802 304
20 3 1 1 100 0.75 5 834 1048 1025 462 857 833 816 306
20 3 1 1 100 0.75 5 835 1051 1028 454 868 850 833 308
20 3 1 1 100 0.75 5 836 1054 1022 464 864 876 859 303
20 3 1 1 100 0.75 5 837 1055 1028 439 875 889 873 303
20 3 1 1 100 0.75 5 838 1055 1026 427 871 910 895 295
20 3 1 1 100 0.75 5 839 1055 1023 407 867 933 918 282
20 3 1 1 100 0.75 5 840 1056 1020 419 871 956 941 279
20 3 1 1 100 0.75 5 841 1056 1029 410 876 967 952 284
20 3 1 1 100 0.75 5 842 1056 1027 401 879 988 974 277
20 3 1 1 100 0.75 5 843 1056 1029 394 873 1004 992 280
20 3 1 1 100 0.75 5 844 1056 1037 390 887 1016 1004 278
20 3 1 1 100 0.75 5 845 1056 1040 386 892 1032 1020 280
20 3 1 1 100 0.75 5 846 1056 1045 392 898 1043 1031 283
20 3 1 1 100 0.75 5 847 1056 1035 372 902 1064 1052 274
20 3 1 1 100 0.75 5 848 1056 1042 356 907 1077 1065 276
20 3 1 1 100 0.75 5 849 1056 1035 380 899 1097 1086 269
20 3 1 1 100 0.75 5 850 1056 1038 341 910 1114 1103 263
20 3 1 1 100 0.75 5 851 1056 1039 341 910 1130 1120 259
20 3 1 1 100 0.75 5 852 1056 1042 335 916 1142 1134 266
20 3 1 1 100 0.75 5 853 1056 1046 344 922 1152 1144 270
20 3 1 1 100 0.75 5 854 1056 1037 345 916 1171 1163 266
20 3 1 1 100 0.75 5 855 1056 1041 320 917 1186 1178 267
20 3 1 1 100 0.75 5 856 1056 1042 326 919 1199 1192 265
20 3 1 1 100 0.75 5 857 1056 1034 341 914 1221 1214 259
20 3 1 1 100 0.75 5 858 1056 1037 311 917 1238 1231 256
20 3 1 1 100 0.75 5 859 1056 1040 331 920 1254 1247 249
20 3 1 1 100 0.75 5 860 1056 1034 309 912 1274 1269 237
20 3 1 1 100 0.75 5 861 1056 1038 317 908 1290 1285 236
20 3 1 1 100 0.75 5 862 1056 1042 311 911 1303 1299 233
20 3 1 1 100 0.75 5 863 1056 1048 287 921 1307 1307 236
20 3 1 1 100 0.75 5 864 1056 1049 309 930 1314 1314 241
20 3 1 1 100 0.75 5 865 1056 1044 310 928 1325 1326 243
20 3 1 1 100 0.75 5 866 1056 1041 294 935 1339 1341 237
20 3 1 1 100 0.75 5 867 1056 1039 296 934 1355 1358 230
20 3 1 1 100 0.75 5 868 1056 1036 285 932 1375 1378 222
20 3 1 1 100 0.75 5 869 1056 1046 291 942 1384 1388 224
20 3 1 1 100 0.75 5 870 1056 1041 280 946 1399 1403 222
20 3 1 1 100 0.75 5 870 1056 1041 1041 946 1620 1403 222
20 3 1 1 100 0.75 5 900 1056 1041 1041 946 33 1403 222
20 3 1 1 100 0.75 6 901 0 20 20 0 33 0 0
20 3 1 1 100 0.75 6 902 0 40 40 0 33 0 0
20 3 1 1 100 0.75 6 903 0 60 60 0 33 0 0
20 3 1 1 100 0.75 6 904 0 80 80 0 33 0 0
20 3 1 1 100 0.75 6 905 0 100 100 0 33 0 0
20 3 1 1 100 0.75 6 906 0 120 120 0 33 0 0
20 3 1 1 100 0.75 6 907 0 140 139 0 33 0 0
20 3 1 1 100 0.75 6 908 0 160 159 0 33 0 0
20 3 1 1 100 0.75 6 909 5 180 174 0 33 0 0
20 3 1 1 100 0.75 6 910 9 200 191 5 33 0 0
20 3 1 1 100 0.75 6 911 10 220 210 9 33 0 0
20 3 1 1 100 0.75 6 912 14 240 226 10 33 0 0
20 3 1 1 100 0.75 6 913 19 260 240 14 33 0 0
20 3 1 1 100 0.75 6 914 24 280 255 19 33 0 0
20 3 1 1 100 0.75 6 915 24 300 275 24 33 0 0
20 3 1 1 100 0.75 6 916 26 320 296 24 33 0 3
20 3 1 1 100 0.75 6 917 30 340 313 26 33 0 6
20 3 1 1 100 0.75 6 918 32 360 334 30 33 0 8
20 3 1 1 100 0.75 6 919 37 380 352 32 33 0 11
20 3 1 1 100 0.75 6 920 41 400 374 37 33 0 14
20 3 1 1 100 0.75 6 921 46 420 393 41 33 0 17
20 3 1 1 100 0.75 6 922 51 440 412 46 33 0 19
20 3 1 1 100 0.75 6 923 52 460 430 51 33 0 19
20 3 1 1 100 0.75 6 924 56 480 451 52 33 0 22
20 3 1 1 100 0.75 6 925 58 500 471 56 33 0 26
20 3 1 1 100 0.75 6 926 61 520 489 58 33 0 27
20 3 1 1 100 0.75 6 927 67 540 510 61 33 0 32
20 3 1 1 100 0.75 6 928 71 560 530 67 33 0 35
20 3 1 1 100 0.75 6 929 76 580 550 71 33 0 37
20 3 1 1 100 0.75 6 930 79 600 570 76 33 0 40
20 3 1 1 100 0.75 6 931 81 620 590 79 33 0 40
20 3 1 1 100 0.75 6 932 84 639 608 80 34 1 42
20 3 1 1 100 0.75 6 933 89 655 620 79 38 5 39
20 3 1 1 100 0.75 6 934 96 674 639 83 39 6 42
20 3 1 1 100 0.75 6 935 103 693 656 89 40 7 44
20 3 1 1 100 0.75 6 936 111 710 670 93 43 10 46
20 3 1 1 100 0.75 6 937 118 728 685 99 45 12 47
20 3 1 1 100 0.75 6 938 123 743 696 101 50 17 43
20 3 1 1 100 0.75 6 939 127 762 713 105 51 18 44
20 3 1 1 100 0.75 6 940 132 780 728 107 53 20 44
20 3 1 1 100 0.75 6 941 141 799 747 111 54 21 48
20 3 1 1 100 0.75 6 942 154 816 759 117 57 24 50
20 3 1 1 100 0.75 6 943 157 833 776 127 60 27 49
20 3 1 1 100 0.75 6 944 169 850 790 127 63 30 52
20 3 1 1 100 0.75 6 945 177 868 807 137 65 32 58
20 3 1 1 100 0.75 6 946 185 886 822 143 67 34 59
20 3 1 1 100 0.75 6 947 194 903 835 148 70 37 60
20 3 1 1 100 0.75 6 948 207 919 847 154 74 41 64
20 3 1 1 100 0.75 6 949 215 937 862 165 76 43 66
20 3 1 1 100 0.75 6 950 227 955 880 172 78 45 71
20 3 1 1 100 0.75 6 951 236 971 890 180 82 49 70
20 3 1 1 100 0.75 6 952 246 990 909 188 83 50 77
20 3 1 1 100 0.75 6 953 260 1006 920 195 87 54 80
20 3 1 1 100 0.75 6 954 272 1024 936 208 89 56 88
20 3 1 1 100 0.75 6 955 284 1041 950 218 92 59 93
20 3 1 1 100 0.75 6 956 295 1051 957 225 97 64 97
20 3 1 1 100 0.75 6 957 308 1053 955 234 100 67 104
20 3 1 1 100 0.75 6 958 325 1054 952 245 102 69 112
20 3 1 1 100 0.75 6 959 333 1054 951 260 104 71 115
20 3 1 1 100 0.75 6 960 348 1052 945 266 108 75 121
20 3 1 1 100 0.75 6 961 367 1050 936 275 114 81 124
20 3 1 1 100 0.75 6 962 382 1052 935 292 118 85 130
20 3 1 1 100 0.75 6 963 396 1050 928 303 124 91 132
20 3 1 1 100 0.75 6 964 413 1047 917 310 133 100 129
20 3 1 1 100 0.75 6 965 433 1055 922 328 134 101 142
20 3 1 1 100 0.75 6 966 442 1050 913 344 140 107 140
20 3 1 1 100 0.75 6 967 458 1048 903 348 148 115 138
20 3 1 1 100 0.75 6 968 481 1053 905 364 151 118 148
20 3 1 1 100 0.75 6 969 498 1049 896 383 158 125 155
20 3 1 1 100 0.75 6 970 512 1046 882 396 168 135 157
20 3 1 1 100 0.75 6 971 532 1052 883 412 172 139 169
20 3 1 1 100 0.75 6 972 554 1047 873 428 181 148 175
20 3 1 1 100 0.75 6 973 569 1049 867 451 188 155 177
20 3 1 1 100 0.75 6 974 584 1046 854 457 198 165 179
20 3 1 1 100 0.75 6 975 605 1048 849 471 206 173 187
20 3 1 1 100 0.75 6 976 621 1044 833 487 218 185 187
20 3 1 1 100 0.75 6 977 642 1046 831 499 228 195 192
20 3 1 1 100 0.75 6 978 665 1046 823 520 238 205 199
20 3 1 1 100 0.75 6 979 682 1050 823 545 244 211 206
20 3 1 1 100 0.75 6 980 698 1050 814 567 250 217 219
20 3 1 1 100 0.75 6 981 719 1043 795 580 263 230 219
20 3 1 1 100 0.75 6 982 737 1051 803 605 268 235 231
20 3 1 1 100 0.75 6 983 752 1047 789 621 277 244 241
20 3 1 1 100 0.75 6 984 772 1045 775 636 288 255 253
20 3 1 1 100 0.75 6 985 788 1045 773 658 299 266 265
20 3 1 1 100 0.75 6 986 804 1043 759 676 312 279 271
20 3 1 1 100 0.75 6 987 819 1043 749 690 325 292 277
20 3 1 1 100 0.75 6 988 832 1042 739 699 339 306 282
20 3 1 1 100 0.75 6 989 846 1043 737 713 352 319 289
20 3 1 1 100 0.75 6 990 858 1050 729 726 358 325 302
20 3 1 1 100 0.75 6 991 873 1035 716 730 379 346 305
20 3 1 1 100 0.75 6 992 891 1042 705 749 392 359 316
20 3 1 1 100 0.75 6 993 904 1044 697 766 404 371 327
20 3 1 1 100 0.75 6 994 909 1048 696 786 412 379 335
20 3 1 1 100 0.75 6 995 922 1040 691 788 428 395 339
20 3 1 1 100 0.75 6 996 932 1049 688 802 435 402 349
20 3 1 1 100 0.75 6 997 944 1043 669 812 448 415 355
20 3 1 1 100 0.75 6 998 955 1031 662 811 473 440 353
20 3 1 1 100 0.75 6 999 964 1034 646 824 490 457 355
20 3 1 1 100 0.75 6 1000 981 1030 619 822 514 481 354
20 3 1 1 100 0.75 6 1001 989 1026 608 828 538 505 347
20 3 1 1 100 0.75 6 1002 996 1028 597 833 556 523 342
20 3 1 1 100 0.75 6 1003 1001 1035 606 844 568 536 342
20 3 1 1 100 0.75 6 1004 1008 1038 598 842 585 553 343
20 3 1 1 100 0.75 6 1005 1019 1030 580 832 611 579 335
20 3 1 1 100 0.75 6 1006 1023 1026 570 832 634 603 331
20 3 1 1 100 0.75 6 1007 1031 1024 553 840 655 625 326
20 3 1 1 100 0.75 6 1008 1041 1019 534 838 680 650 325
20 3 1 1 100 0.75 6 1009 1043 1025 538 855 694 664 329
20 3 1 1 100 0.75 6 1010 1045 1017 526 847 722 692 315
20 3 1 1 100 0.75 6 1011 1047 1016 495 853 743 713 312
20 3 1 1 100 0.75 6 1012 1049 1016 484 854 763 733 309
20 3 1 1 100 0.75 6 1013 1050 1022 488 859 777 747 318
20 3 1 1 100 0.75 6 1014 1053 1024 474 862 795 765 321
20 3 1 1 100 0.75 6 1015 1055 1026 457 871 813 783 324
20 3 1 1 100 0.75 6 1016 1056 1023 468 870 834 806 315
20 3 1 1 100 0.75 6 1017 1056 1028 461 873 849 821 317
20 3 1 1 100 0.75 6 1018 1056 1031 456 879 866 838 321
20 3 1 1 100 0.75 6 1019 1056 1033 445 881 884 856 318
20 3 1 1 100 0.75 6 1020 1056 1030 440 879 907 879 309
20 3 1 1 100 0.75 6 1021 1056 1037 441 886 920 892 310
20 3 1 1 100 0.75 6 1022 1056 1041 424 891 935 907 318
20 3 1 1 100 0.75 6 1023 1056 1036 437 886 954 927 318
20 3 1 1 100 0.75 6 1024 1056 1041 415 892 969 942 315
20 3 1 1 100 0.75 6 1025 1056 1032 428 888 991 966 305
20 3 1 1 100 0.75 6 1026 1056 1036 396 896 1007 982 299
20 3 1 1 100 0.75 6 1027 1056 1034 380 897 1028 1004 295
20 3 1 1 100 0.75 6 1028 1056 1042 396 902 1040 1016 295
20 3 1 1 100 0.75 6 1029 1056 1043 385 906 1053 1029 299
20 3 1 1 100 0.75 6 1030 1056 1035 364 904 1074 1050 287
20 3 1 1 100 0.75 6 1031 1056 1038 375 906 1091 1067 284
20 3 1 1 100 0.75 6 1032 1056 1033 362 898 1112 1090 282
20 3 1 1 100 0.75 6 1033 1056 1027 347 890 1138 1116 272
20 3 1 1 100 0.75 6 1034 1056 1032 339 897 1152 1131 274
20 3 1 1 100 0.75 6 1035 1056 1032 343 894 1171 1151 267
20 3 1 1 100 0.75 6 1036 1056 1035 339 894 1188 1168 263
20 3 1 1 100 0.75 6 1037 1056 1045 346 902 1196 1178 268
20 3 1 1 100 0.75 6 1038 1056 1041 354 902 1211 1193 266
20 3 1 1 100 0.75 6 1039 1056 1029 327 895 1237 1220 248
20 3 1 1 100 0.75 6 1040 1056 1042 314 903 1243 1227 257
20 3 1 1 100 0.75 6 1041 1056 1035 309 905 1263 1248 256
20 3 1 1 100 0.75 6 1042 1056 1043 323 910 1275 1260 251
20 3 1 1 100 0.75 6 1043 1056 1048 322 925 1281 1268 258
20 3 1 1 100 0.75 6 1044 1056 1038 310 925 1299 1286 250
20 3 1 1 100 0.75 6 1045 1056 1046 325 930 1309 1296 251
20 3 1 1 100 0.75 6 1046 1056 1032 299 923 1333 1320 242
20 3 1 1 100 0.75 6 1047 1056 1033 303 919 1352 1339 234
20 3 1 1 100 0.75 6 1048 1056 1038 283 922 1367 1354 236
20 3 1 1 100 0.75 6 1049 1056 1045 289 926 1378 1365 239
20 3 1 1 100 0.75 6 1050 1056 1046 300 933 1387 1375 243
20 3 1 1 100 0.75 6 1050 1056 1046 1046 933 1627 1375 243
20 3 1 1 100 0.75 6 1080 1056 1046 1046 933 33 1375 243
20 3 1 1 100 0.75 7 1081 0 20 20 0 33 0 0
20 3 1 1 100 0.75 7 1082 0 40 40 0 33 0 0
20 3 1 1 100 0.75 7 1083 0 60 60 0 33 0 0
20 3 1 1 100 0.75 7 1084 0 80 80 0 33 0 0
20 3 1 1 100 0.75 7 1085 0 100 100 0 33 0 0
20 3 1 1 100 0.75 7 1086 0 120 120 0 33 0 0
20 3 1 1 100 0.75 7 1087 0 140 139 0 33 0 0
20 3 1 1 100 0.75 7 1088 0 160 160 0 33 0 0
20 3 1 1 100 0.75 7 1089 3 180 177 0 33 0 0
20 3 1 1 100 0.75 7 1090 4 200 195 3 33 0 0
20 3 1 1 100 0.75 7 1091 5 220 213 4 33 0 0
20 3 1 1 100 0.75 7 1092 8 240 232 5 33 0 0
20 3 1 1 100 0.75 7 1093 13 260 244 8 33 0 0
20 3 1 1 100 0.75 7 1094 16 280 262 13 33 0 0
20 3 1 1 100 0.75 7 1095 22 300 278 16 33 0 0
20 3 1 1 100 0.75 7 1096 26 320 296 22 33 0 2
20 3 1 1 100 0.75 7 1097 29 340 315 26 33 0 2
20 3 1 1 100 0.75 7 1098 32 360 332 29 33 0 2
20 3 1 1 100 0.75 7 1099 34 380 351 32 33 0 3
20 3 1 1 100 0.75 7 1100 36 400 373 34 33 0 6
20 3 1 1 100 0.75 7 1101 44 420 391 36 33 0 12
20 3 1 1 100 0.75 7 1102 47 440 412 44 33 0 16
20 3 1 1 100 0.75 7 1103 51 460 432 47 33 0 20
20 3 1 1 100 0.75 7 1104 56 480 450 51 33 0 21
20 3 1 1 100 0.75 7 1105 57 500 469 56 33 0 23
20 3 1 1 100 0.75 7 1106 60 520 490 57 33 0 23
20 3 1 1 100 0.75 7 1107 64 540 509 60 33 0 24
20 3 1 1 100 0.75 7 1108 67 560 528 64 33 0 26
20 3 1 1 100 0.75 7 1109 73 580 550 67 33 0 33
20 3 1 1 100 0.75 7 1110 77 600 570 73 33 0 36
20 3 1 1 100 0.75 7 1111 79 619 589 76 34 1 38
20 3 1 1 100 0.75 7 1112 84 639 608 78 34 1 41
20 3 1 1 100 0.75 7 1113 90 659 626 83 34 1 43
20 3 1 1 100 0.75 7 1114 94 679 645 89 34 1 46
20 3 1 1 100 0.75 7 1115 98 698 663 92 35 2 47
20 3 1 1 100 0.75 7 1116 103 715 678 93 38 5 46
20 3 1 1 100 0.75 7 1117 112 731 690 94 42 9 46
20 3 1 1 100 0.75 7 1118 118 749 706 101 44 11 45
20 3 1 1 100 0.75 7 1119 119 769 727 107 44 11 47
20 3 1 1 100 0.75 7 1120 132 783 736 102 50 17 44
20 3 1 1 100 0.75 7 1121 141 801 751 113 52 19 47
20 3 1 1 100 0.75 7 1122 145 819 765 120 54 21 47
20 3 1 1 100 0.75 7 1123 149 837 782 122 56 23 48
20 3 1 1 100 0.75 7 1124 159 856 802 125 57 24 51
20 3 1 1 100 0.75 7 1125 168 872 813 131 61 28 52
20 3 1 1 100 0.75 7 1126 175 890 828 138 63 30 54
20 3 1 1 100 0.75 7 1127 182 907 844 143 66 33 56
20 3 1 1 100 0.75 7 1128 195 924 858 147 69 36 62
20 3 1 1 100 0.75 7 1129 209 940 867 156 73 40 65
20 3 1 1 100 0.75 7 1130 214 958 884 168 75 42 67
20 3 1 1 100 0.75 7 1131 227 973 893 168 80 47 69
20 3 1 1 100 0.75 7 1132 235 990 908 178 83 50 73
20 3 1 1 100 0.75 7 1133 243 1009 931 186 84 51 78
20 3 1 1 100 0.75 7 1134 253 1026 941 191 87 54 79
20 3 1 1 100 0.75 7 1135 266 1045 959 201 88 55 88
20 3 1 1 100 0.75 7 1136 283 1055 966 213 89 56 97
20 3 1 1 100 0.75 7 1137 294 1050 955 225 95 62 96
20 3 1 1 100 0.75 7 1138 309 1055 960 236 96 63 104
20 3 1 1 100 0.75 7 1139 320 1051 951 246 101 68 107
20 3 1 1 100 0.75 7 1140 330 1051 946 252 106 73 107
20 3 1 1 100 0.75 7 1141 342 1053 949 259 109 76 112
20 3 1 1 100 0.75 7 1142 358 1051 940 268 114 81 117
20 3 1 1 100 0.75 7 1143 369 1054 940 286 116 83 122
20 3 1 1 100 0.75 7 1144 388 1049 927 294 123 90 129
20 3 1 1 100 0.75 7 1145 404 1051 924 310 128 95 134
20 3 1 1 100 0.75 7 1146 420 1053 922 326 131 98 144
20 3 1 1 100 0.75 7 1147 433 1046 907 335 141 108 143
20 3 1 1 100 0.75 7 1148 449 1051 908 346 146 113 148
20 3 1 1 100 0.75 7 1149 467 1048 896 357 154 121 154
20 3 1 1 100 0.75 7 1150 482 1051 894 374 159 126 161
20 3 1 1 100 0.75 7 1151 496 1047 889 385 168 135 168
20 3 1 1 100 0.75 7 1152 518 1050 883 398 174 141 176
20 3 1 1 100 0.75 7 1153 532 1049 872 416 181 148 176
20 3 1 1 100 0.75 7 1154 556 1053 874 430 184 151 191
20 3 1 1 100 0.75 7 1155 574 1043 852 445 197 164 187
20 3 1 1 100 0.75 7 1156 584 1053 864 464 200 167 201
20 3 1 1 100 0.75 7 1157 603 1044 845 475 212 179 209
20 3 1 1 100 0.75 7 1158 612 1046 837 491 222 189 210
20 3 1 1 100 0.75 7 1159 631 1052 844 507 226 193 230
20 3 1 1 100 0.75 7 1160 649 1045 825 523 237 204 233
20 3 1 1 100 0.75 7 1161 672 1041 811 532 252 219 232
20 3 1 1 100 0.75 7 1162 690 1048 810 556 260 227 238
20 3 1 1 100 0.75 7 1163 702 1048 804 573 268 235 252
20 3 1 1 100 0.75 7 1164 715 1044 788 584 280 247 255
20 3 1 1 100 0.75 7 1165 727 1045 791 598 291 258 266
20 3 1 1 100 0.75 7 1166 747 1046 777 612 301 268 273
20 3 1 1 100 0.75 7 1167 765 1040 761 620 317 284 275
20 3 1 1 100 0.75 7 1168 779 1045 760 644 328 295 286
20 3 1 1 100 0.75 7 1169 794 1038 744 650 346 313 295
20 3 1 1 100 0.75 7 1170 809 1045 743 662 357 324 306
20 3 1 1 100 0.75 7 1171 821 1042 738 673 371 338 308
20 3 1 1 100 0.75 7 1172 833 1043 716 684 384 351 313
20 3 1 1 100 0.75 7 1173 851 1047 719 701 393 360 319
20 3 1 1 100 0.75 7 1174 863 1041 708 722 408 375 325
20 3 1 1 100 0.75 7 1175 874 1042 704 734 422 389 341
20 3 1 1 100 0.75 7 1176 877 1035 678 736 441 410 330
20 3 1 1 100 0.75 7 1177 894 1042 689 742 454 423 336
20 3 1 1 100 0.75 7 1178 905 1034 668 752 476 445 334
20 3 1 1 100 0.75 7 1179 911 1037 665 755 493 462 334
20 3 1 1 100 0.75 7 1180 927 1041 649 764 508 477 351
20 3 1 1 100 0.75 7 1181 937 1043 635 781 521 490 357
20 3 1 1 100 0.75 7 1182 946 1041 642 793 536 505 357
20 3 1 1 100 0.75 7 1183 955 1029 617 787 563 532 348
20 3 1 1 100 0.75 7 1184 964 1028 602 786 584 553 344
20 3 1 1 100 0.75 7 1185 973 1022 590 789 610 579 336
20 3 1 1 100 0.75 7 1186 985 1023 564 799 629 598 333
20 3 1 1 100 0.75 7 1187 995 1025 557 811 647 616 335
20 3 1 1 100 0.75 7 1188 1001 1027 554 822 665 634 334
20 3 1 1 100 0.75 7 1189 1011 1030 536 829 682 651 333
20 3 1 1 100 0.75 7 1190 1018 1026 521 826 705 675 322
20 3 1 1 100 0.75 7 1191 1025 1031 526 839 719 690 324
20 3 1 1 100 0.75 7 1192 1030 1028 509 838 742 713 320
20 3 1 1 100 0.75 7 1193 1033 1028 495 846 762 733 326
20 3 1 1 100 0.75 7 1194 1036 1030 477 849 780 751 328
20 3 1 1 100 0.75 7 1195 1041 1030 476 858 800 771 326
20 3 1 1 100 0.75 7 1196 1045 1032 480 864 818 789 326
20 3 1 1 100 0.75 7 1197 1047 1031 458 866 839 810 319
20 3 1 1 100 0.75 7 1198 1048 1031 437 868 858 830 321
20 3 1 1 100 0.75 7 1199 1050 1035 450 875 874 846 316
20 3 1 1 100 0.75 7 1200 1051 1034 447 875 895 867 322
20 3 1 1 100 0.75 7 1201 1051 1037 430 883 911 884 319
20 3 1 1 100 0.75 7 1202 1052 1039 420 883 925 901 320
20 3 1 1 100 0.75 7 1203 1054 1039 409 890 942 918 324
20 3 1 1 100 0.75 7 1204 1055 1035 413 886 961 939 324
20 3 1 1 100 0.75 7 1205 1056 1042 428 895 974 952 329
20 3 1 1 100 0.75 7 1206 1056 1035 416 895 995 973 324
20 3 1 1 100 0.75 7 1207 1056 1041 423 903 1008 987 327
20 3 1 1 100 0.75 7 1208 1056 1038 401 901 1024 1005 320
20 3 1 1 100 0.75 7 1209 1056 1043 396 911 1037 1018 324
20 3 1 1 100 0.75 7 1210 1056 1032 375 905 1061 1042 311
20 3 1 1 100 0.75 7 1211 1056 1029 382 901 1084 1065 305
20 3 1 1 100 0.75 7 1212 1056 1031 352 906 1102 1083 303
20 3 1 1 100 0.75 7 1213 1056 1036 354 903 1117 1098 305
20 3 1 1 100 0.75 7 1214 1056 1036 354 901 1137 1118 299
20 3 1 1 100 0.75 7 1215 1056 1038 352 898 1154 1136 297
20 3 1 1 100 0.75 7 1216 1056 1039 344 896 1171 1153 297
20 3 1 1 100 0.75 7 1217 1056 1036 337 895 1190 1173 294
20 3 1 1 100 0.75 7 1218 1056 1036 336 888 1209 1193 291
20 3 1 1 100 0.75 7 1219 1056 1037 328 892 1228 1212 285
20 3 1 1 100 0.75 7 1220 1056 1041 336 896 1242 1227 282
20 3 1 1 100 0.75 7 1221 1056 1036 320 895 1262 1247 277
20 3 1 1 100 0.75 7 1222 1056 1036 295 898 1282 1267 268
20 3 1 1 100 0.75 7 1223 1056 1039 313 898 1298 1284 263
20 3 1 1 100 0.75 7 1224 1056 1038 312 899 1314 1302 258
20 3 1 1 100 0.75 7 1225 1056 1041 304 904 1328 1317 257
20 3 1 1 100 0.75 7 1226 1056 1038 284 909 1342 1335 255
20 3 1 1 100 0.75 7 1227 1056 1046 291 911 1352 1345 263
20 3 1 1 100 0.75 7 1228 1056 1042 259 917 1366 1359 263
20 3 1 1 100 0.75 7 1229 1056 1042 297 918 1380 1373 263
20 3 1 1 100 0.75 7 1230 1056 1036 284 921 1400 1393 255
20 3 1 1 100 0.75 7 1230 1056 1036 1036 921 1652 1393 255
20 3 1 1 100 0.75 7 1260 1056 1036 1036 921 33 1393 255
20 3 1 1 100 0.75 8 1261 0 20 20 0 33 0 0
20 3 1 1 100 0.75 8 1262 0 40 40 0 33 0 0
20 3 1 1 100 0.75 8 1263 0 60 60 0 33 0 0
20 3 1 1 100 0.75 8 1264 0 80 80 0 33 0 0
20 3 1 1 100 0.75 8 1265 0 100 100 0 33 0 0
20 3 1 1 100 0.75 8 1266 0 120 119 0 33 0 0
20 3 1 1 100 0.75 8 1267 1 140 138 0 33 0 0
20 3 1 1 100 0.75 8 1268 2 160 157 1 33 0 0
20 3 1 1 100 0.75 8 1269 2 180 177 2 33 0 0
20 3 1 1 100 0.75 8 1270 5 200 195 2 33 0 0
20 3 1 1 100 0.75 8 1271 8 220 211 5 33 0 0
20 3 1 1 100 0.75 8 1272 13 240 225 8 33 0 0
20 3 1 1 100 0.75 8 1273 17 260 243 13 33 0 0
20 3 1 1 100 0.75 8 1274 23 280 254 17 33 0 0
20 3 1 1 100 0.75 8 1275 24 300 277 23 33 0 2
20 3 1 1 100 0.75 8 1276 27 320 294 24 33 0 2
20 3 1 1 100 0.75 8 1277 29 340 313 27 33 0 4
20 3 1 1 100 0.75 8 1278 32 360 332 29 33 0 6
20 3 1 1 100 0.75 8 1279 36 380 353 32 33 0 10
20 3 1 1 100 0.75 8 1280 44 400 373 36 33 0 15
20 3 1 1 100 0.75 8 1281 50 420 390 44 33 0 18
20 3 1 1 100 0.75 8 1282 51 440 411 50 33 0 21
20 3 1 1 100 0.75 8 1283 53 460 431 51 33 0 22
20 3 1 1 100 0.75 8 1284 54 480 452 53 33 0 24
20 3 1 1 100 0.75 8 1285 58 500 470 54 33 0 26
20 3 1 1 100 0.75 8 1286 65 520 491 58 33 0 30
20 3 1 1 100 0.75 8 1287 67 540 510 65 33 0 31
20 3 1 1 100 0.75 8 1288 77 560 530 67 33 0 37
20 3 1 1 100 0.75 8 1289 82 580 548 77 33 0 39
20 3 1 1 100 0.75 8 1290 85 599 565 81 34 1 41
20 3 1 1 100 0.75 8 1291 86 619 586 84 34 1 41
20 3 1 1 100 0.75 8 1292 90 638 604 84 35 2 42
20 3 1 1 100 0.75 8 1293 93 657 624 87 36 3 46
20 3 1 1 100 0.75 8 1294 100 676 640 89 37 4 48
20 3 1 1 100 0.75 8 1295 105 696 663 96 37 4 53
20 3 1 1 100 0.75 8 1296 116 711 669 96 42 9 52
20 3 1 1 100 0.75 8 1297 124 729 688 105 44 11 53
20 3 1 1 100 0.75 8 1298 132 742 693 106 51 18 47
20 3 1 1 100 0.75 8 1299 138 761 711 113 52 19 49
20 3 1 1 100 0.75 8 1300 143 779 726 117 54 21 50
20 3 1 1 100 0.75 8 1301 148 797 743 120 56 23 49
20 3 1 1 100 0.75 8 1302 155 817 763 125 56 23 54
20 3 1 1 100 0.75 8 1303 165 833 774 128 60 27 54
20 3 1 1 100 0.75 8 1304 177 852 793 137 61 28 58
20 3 1 1 100 0.75 8 1305 189 869 808 146 64 31 65
20 3 1 1 100 0.75 8 1306 202 883 816 152 70 37 64
20 3 1 1 100 0.75 8 1307 210 902 831 164 71 38 66
20 3 1 1 100 0.75 8 1308 216 920 849 170 73 40 69
20 3 1 1 100 0.75 8 1309 222 935 858 171 78 45 66
20 3 1 1 100 0.75 8 1310 237 953 873 175 80 47 71
20 3 1 1 100 0.75 8 1311 249 969 885 186 84 51 73
20 3 1 1 100 0.75 8 1312 263 986 903 195 87 54 81
20 3 1 1 100 0.75 8 1313 280 1002 914 205 91 58 88
20 3 1 1 100 0.75 8 1314 295 1018 925 219 95 62 90
20 3 1 1 100 0.75 8 1315 305 1035 939 231 98 65 93
20 3 1 1 100 0.75 8 1316 313 1053 953 240 100 67 93
20 3 1 1 100 0.75 8 1317 324 1052 948 244 104 71 95
20 3 1 1 100 0.75 8 1318 337 1053 947 254 107 74 103
20 3 1 1 100 0.75 8 1319 351 1055 947 269 108 75 112
20 3 1 1 100 0.75 8 1320 374 1051 941 279 113 80 121
20 3 1 1 100 0.75 8 1321 394 1050 931 296 119 86 126
20 3 1 1 100 0.75 8 1322 410 1050 927 312 125 92 135
20 3 1 1 100 0.75 8 1323 419 1052 926 327 129 96 138
20 3 1 1 100 0.75 8 1324 437 1050 915 333 135 102 141
20 3 1 1 100 0.75 8 1325 453 1048 906 344 143 110 146
20 3 1 1 100 0.75 8 1326 465 1053 908 363 146 113 149
20 3 1 1 100 0.75 8 1327 489 1051 900 373 151 118 159
20 3 1 1 100 0.75 8 1328 504 1056 908 400 151 118 174
20 3 1 1 100 0.75 8 1329 526 1048 891 409 159 126 180
20 3 1 1 100 0.75 8 1330 544 1043 877 425 172 139 179
20 3 1 1 100 0.75 8 1331 558 1048 870 441 180 147 182
20 3 1 1 100 0.75 8 1332 572 1049 872 451 187 154 192
20 3 1 1 100 0.75 8 1333 587 1052 865 469 191 158 201
20 3 1 1 100 0.75 8 1334 599 1049 859 484 198 165 215
20 3 1 1 100 0.75 8 1335 619 1048 846 500 206 173 219
20 3 1 1 100 0.75 8 1336 637 1044 840 513 218 185 227
20 3 1 1 100 0.75 8 1337 658 1043 828 522 231 198 232
20 3 1 1 100 0.75 8 1338 681 1045 815 541 242 209 238
20 3 1 1 100 0.75 8 1339 691 1043 816 560 255 222 239
20 3 1 1 100 0.75 8 1340 707 1046 802 570 265 232 252
20 3 1 1 100 0.75 8 1341 717 1045 794 581 276 243 250
20 3 1 1 100 0.75 8 1342 741 1045 792 592 287 254 265
20 3 1 1 100 0.75 8 1343 756 1048 791 613 295 262 271
20 3 1 1 100 0.75 8 1344 771 1046 771 632 305 272 279
20 3 1 1 100 0.75 8 1345 792 1044 763 648 317 284 299
20 3 1 1 100 0.75 8 1346 804 1045 760 672 328 295 307
20 3 1 1 100 0.75 8 1347 815 1038 736 677 346 313 299
20 3 1 1 100 0.75 8 1348 823 1044 739 688 358 325 301
20 3 1 1 100 0.75 8 1349 832 1042 727 695 371 339 310
20 3 1 1 100 0.75 8 1350 841 1040 718 703 387 355 313
20 3 1 1 100 0.75 8 1351 849 1046 704 716 397 365 320
20 3 1 1 100 0.75 8 1352 872 1033 687 711 420 388 323
20 3 1 1 100 0.75 8 1353 887 1037 678 729 436 404 330
20 3 1 1 100 0.75 8 1354 898 1044 673 747 448 416 341
20 3 1 1 100 0.75 8 1355 905 1035 651 751 469 437 334
20 3 1 1 100 0.75 8 1356 913 1037 663 753 487 455 331
20 3 1 1 100 0.75 8 1357 921 1040 660 758 503 471 334
20 3 1 1 100 0.75 8 1358 929 1035 623 763 524 492 325
20 3 1 1 100 0.75 8 1359 940 1036 627 768 543 511 323
20 3 1 1 100 0.75 8 1360 954 1040 618 783 559 527 332
20 3 1 1 100 0.75 8 1361 961 1032 597 788 582 551 320
20 3 1 1 100 0.75 8 1362 973 1034 570 796 600 569 319
20 3 1 1 100 0.75 8 1363 977 1039 582 808 615 584 320
20 3 1 1 100 0.75 8 1364 983 1040 568 816 631 600 324
20 3 1 1 100 0.75 8 1365 992 1039 545 823 648 617 331
20 3 1 1 100 0.75 8 1366 997 1038 566 838 666 635 335
20 3 1 1 100 0.75 8 1367 999 1033 547 840 689 658 332
20 3 1 1 100 0.75 8 1368 1007 1033 527 837 709 678 336
20 3 1 1 100 0.75 8 1369 1014 1034 521 847 728 697 338
20 3 1 1 100 0.75 8 1370 1020 1035 507 852 747 716 336
20 3 1 1 100 0.75 8 1371 1024 1040 510 861 762 731 339
20 3 1 1 100 0.75 8 1372 1027 1031 483 860 787 756 338
20 3 1 1 100 0.75 8 1373 1030 1032 476 858 806 775 336
20 3 1 1 100 0.75 8 1374 1033 1031 481 857 827 796 333
20 3 1 1 100 0.75 8 1375 1036 1033 454 862 845 814 327
20 3 1 1 100 0.75 8 1376 1038 1032 454 860 866 835 325
20 3 1 1 100 0.75 8 1377 1042 1038 462 872 880 849 332
20 3 1 1 100 0.75 8 1378 1047 1044 452 881 892 861 336
20 3 1 1 100 0.75 8 1379 1049 1040 458 890 908 877 337
20 3 1 1 100 0.75 8 1380 1050 1036 437 890 928 897 327
20 3 1 1 100 0.75 8 1381 1050 1037 428 890 947 916 321
20 3 1 1 100 0.75 8 1382 1054 1038 429 894 962 934 314
20 3 1 1 100 0.75 8 1383 1056 1035 411 898 982 955 308
20 3 1 1 100 0.75 8 1384 1056 1029 409 897 1008 981 302
20 3 1 1 100 0.75 8 1385 1056 1021 397 885 1036 1009 292
20 3 1 1 100 0.75 8 1386 1056 1023 376 887 1053 1027 290
20 3 1 1 100 0.75 8 1387 1056 1027 394 881 1068 1043 287
20 3 1 1 100 0.75 8 1388 1056 1030 401 885 1083 1060 286
20 3 1 1 100 0.75 8 1389 1056 1021 355 876 1112 1089 274
20 3 1 1 100 0.75 8 1390 1056 1021 355 869 1132 1109 274
20 3 1 1 100 0.75 8 1391 1056 1027 362 873 1146 1123 279
20 3 1 1 100 0.75 8 1392 1056 1025 337 875 1167 1145 266
20 3 1 1 100 0.75 8 1393 1056 1032 355 879 1178 1158 271
20 3 1 1 100 0.75 8 1394 1056 1040 344 890 1190 1170 268
20 3 1 1 100 0.75 8 1395 1056 1043 342 897 1203 1183 268
20 3 1 1 100 0.75 8 1396 1056 1045 357 904 1214 1194 272
20 3 1 1 100 0.75 8 1397 1056 1035 322 905 1233 1215 263
20 3 1 1 100 0.75 8 1398 1056 1039 320 906 1247 1231 263
20 3 1 1 100 0.75 8 1399 1056 1043 314 917 1260 1244 266
20 3 1 1 100 0.75 8 1400 1056 1040 315 918 1275 1260 267
20 3 1 1 100 0.75 8 1401 1056 1048 323 932 1282 1268 272
20 3 1 1 100 0.75 8 1402 1056 1039 298 931 1299 1285 265
20 3 1 1 100 0.75 8 1403 1056 1046 303 937 1309 1295 277
20 3 1 1 100 0.75 8 1404 1056 1037 276 930 1328 1314 271
20 3 1 1 100 0.75 8 1405 1056 1033 287 925 1351 1337 265
20 3 1 1 100 0.75 8 1406 1056 1035 273 924 1368 1355 259
20 3 1 1 100 0.75 8 1407 1056 1036 272 920 1387 1374 255
20 3 1 1 100 0.75 8 1408 1056 1037 263 916 1405 1393 251
20 3 1 1 100 0.75 8 1409 1056 1043 259 915 1417 1406 252
20 3 1 1 100 0.75 8 1410 1056 1041 286 911 1431 1421 247
20 3 1 1 100 0.75 8 1410 1056 1041 1041 911 1674 1421 247
20 3 1 1 100 0.75 8 1440 1056 1041 1041 911 33 1421 247
20 3 1 1 100 0.75 9 1441 0 20 20 0 33 0 0
20 3 1 1 100 0.75 9 1442 0 40 40 0 33 0 0
20 3 1 1 100 0.75 9 1443 0 60 60 0 33 0 0
20 3 1 1 100 0.75 9 1444 0 80 80 0 33 0 0
20 3 1 1 100 0.75 9 1445 0 100 100 0 33 0 0
20 3 1 1 100 0.75 9 1446 0 120 120 0 33 0 0
20 3 1 1 100 0.75 9 1447 0 140 139 0 33 0 0
20 3 1 1 100 0.75 9 1448 0 160 157 0 33 0 0
20 3 1 1 100 0.75 9 1449 1 180 179 0 33 0 0
20 3 1 1 100 0.75 9 1450 6 200 191 1 33 0 0
20 3 1 1 100 0.75 9 1451 10 220 209 6 33 0 0
20 3 1 1 100 0.75 9 1452 11 240 229 10 33 0 0
20 3 1 1 100 0.75 9 1453 17 260 241 11 33 0 0
20 3 1 1 100 0.75 9 1454 20 280 260 17 33 0 0
20 3 1 1 100 0.75 9 1455 23 300 274 20 33 0 0
20 3 1 1 100 0.75 9 1456 25 320 296 23 33 0 0
20 3 1 1 100 0.75 9 1457 28 340 313 25 33 0 2
20 3 1 1 100 0.75 9 1458 32 360 335 28 33 0 7
20 3 1 1 100 0.75 9 1459 36 380 352 32 33 0 9
20 3 1 1 100 0.75 9 1460 39 400 374 36 33 0 12
20 3 1 1 100 0.75 9 1461 48 420 390 39 33 0 16
20 3 1 1 100 0.75 9 1462 53 440 409 48 33 0 19
20 3 1 1 100 0.75 9 1463 55 460 429 53 33 0 21
20 3 1 1 100 0.75 9 1464 56 480 449 55 33 0 23
20 3 1 1 100 0.75 9 1465 58 500 470 56 33 0 25
20 3 1 1 100 0.75 9 1466 65 520 488 58 33 0 28
20 3 1 1 100 0.75 9 1467 69 540 508 65 33 0 31
20 3 1 1 100 0.75 9 1468 72 560 531 69 33 0 38
20 3 1 1 100 0.75 9 1469 79 580 550 72 33 0 42
20 3 1 1 100 0.75 9 1470 81 600 569 79 33 0 46
20 3 1 1 100 0.75 9 1471 86 620 589 81 33 0 47
20 3 1 1 100 0.75 9 1472 87 640 609 86 33 0 47
20 3 1 1 100 0.75 9 1473 92 659 627 86 34 1 50
20 3 1 1 100 0.75 9 1474 96 677 646 89 36 3 53
20 3 1 1 100 0.75 9 1475 101 696 662 92 37 4 55
20 3 1 1 100 0.75 9 1476 110 713 678 94 40 7 56
20 3 1 1 100 0.75 9 1477 120 729 687 99 44 11 55
20 3 1 1 100 0.75 9 1478 128 743 696 103 50 17 51
20 3 1 1 100 0.75 9 1479 133 761 712 109 52 19 51
20 3 1 1 100 0.75 9 1480 138 781 732 114 52 19 55
20 3 1 1 100 0.75 9 1481 145 800 748 118 53 20 57
20 3 1 1 100 0.75 9 1482 150 819 765 124 54 21 58
20 3 1 1 100 0.75 9 1483 156 835 779 125 58 25 59
20 3 1 1 100 0.75 9 1484 172 848 786 124 65 32 60
20 3 1 1 100 0.75 9 1485 188 863 795 135 70 37 59
20 3 1 1 100 0.75 9 1486 199 878 805 147 75 42 59
20 3 1 1 100 0.75 9 1487 204 896 823 156 77 44 59
20 3 1 1 100 0.75 9 1488 215 914 837 159 79 46 63
20 3 1 1 100 0.75 9 1489 223 932 853 168 81 48 64
20 3 1 1 100 0.75 9 1490 230 949 866 173 84 51 64
20 3 1 1 100 0.75 9 1491 244 966 882 177 87 54 70
20 3 1 1 100 0.75 9 1492 264 982 893 187 91 58 78
20 3 1 1 100 0.75 9 1493 280 999 908 204 94 61 82
20 3 1 1 100 0.75 9 1494 290 1016 922 218 97 64 86
20 3 1 1 100 0.75 9 1495 299 1034 937 227 99 66 92
20 3 1 1 100 0.75 9 1496 315 1050 947 233 103 70 92
20 3 1 1 100 0.75 9 1497 325 1054 949 248 105 72 96
20 3 1 1 100 0.75 9 1498 335 1055 949 257 106 73 102
20 3 1 1 100 0.75 9 1499 349 1053 946 265 109 76 112
20 3 1 1 100 0.75 9 1500 379 1047 930 271 118 85 122
20 3 1 1 100 0.75 9 1501 393 1051 929 298 123 90 127
20 3 1 1 100 0.75 9 1502 401 1051 926 310 128 95 129
20 3 1 1 100 0.75 9 1503 416 1054 926 320 130 97 139
20 3 1 1 100 0.75 9 1504 434 1054 922 334 132 99 152
20 3 1 1 100 0.75 9 1505 444 1050 913 348 138 105 149
20 3 1 1 100 0.75 9 1506 463 1049 908 351 145 112 153
20 3 1 1 100 0.75 9 1507 489 1051 902 366 150 117 171
20 3 1 1 100 0.75 9 1508 511 1048 892 389 158 125 182
20 3 1 1 100 0.75 9 1509 527 1048 885 409 166 133 186
20 3 1 1 100 0.75 9 1510 543 1049 878 424 173 140 188
20 3 1 1 100 0.75 9 1511 557 1051 880 436 178 145 196
20 3 1 1 100 0.75 9 1512 574 1049 867 446 185 152 204
20 3 1 1 100 0.75 9 1513 592 1047 861 461 194 161 210
20 3 1 1 100 0.75 9 1514 616 1048 854 482 202 169 220
20 3 1 1 100 0.75 9 1515 643 1049 848 504 209 176 235
20 3 1 1 100 0.75 9 1516 666 1045 834 527 220 187 246
20 3 1 1 100 0.75 9 1517 681 1049 835 552 227 194 254
20 3 1 1 100 0.75 9 1518 696 1048 824 564 235 202 258
20 3 1 1 100 0.75 9 1519 716 1047 818 577 244 211 272
20 3 1 1 100 0.75 9 1520 741 1043 798 590 257 224 283
20 3 1 1 100 0.75 9 1521 763 1048 802 616 265 232 295
20 3 1 1 100 0.75 9 1522 786 1032 770 621 289 256 296
20 3 1 1 100 0.75 9 1523 803 1038 762 643 303 270 306
20 3 1 1 100 0.75 9 1524 818 1040 753 655 319 286 308
20 3 1 1 100 0.75 9 1525 830 1050 753 685 325 292 320
20 3 1 1 100 0.75 9 1526 842 1047 750 693 334 301 326
20 3 1 1 100 0.75 9 1527 862 1040 733 703 350 317 325
20 3 1 1 100 0.75 9 1528 880 1038 728 713 368 335 326
20 3 1 1 100 0.75 9 1529 895 1037 706 720 387 354 332
20 3 1 1 100 0.75 9 1530 916 1040 697 736 402 370 344
20 3 1 1 100 0.75 9 1531 926 1043 688 765 415 383 354
20 3 1 1 100 0.75 9 1532 937 1034 667 776 437 405 352
20 3 1 1 100 0.75 9 1533 946 1040 671 789 451 419 352
20 3 1 1 100 0.75 9 1534 952 1043 657 792 464 432 363
20 3 1 1 100 0.75 9 1535 963 1041 643 802 479 447 368
20 3 1 1 100 0.75 9 1536 972 1033 622 811 502 470 365
20 3 1 1 100 0.75 9 1537 983 1029 602 811 526 494 362
20 3 1 1 100 0.75 9 1538 996 1034 615 823 539 509 379
20 3 1 1 100 0.75 9 1539 1004 1032 605 831 561 531 377
20 3 1 1 100 0.75 9 1540 1015 1016 562 823 597 567 352
20 3 1 1 100 0.75 9 1541 1020 1015 543 828 616 588 348
20 3 1 1 100 0.75 9 1542 1024 1020 542 839 631 603 354
20 3 1 1 100 0.75 9 1543 1035 1014 538 828 657 629 350
20 3 1 1 100 0.75 9 1544 1041 1022 527 848 669 641 361
20 3 1 1 100 0.75 9 1545 1044 1028 532 856 683 655 369
20 3 1 1 100 0.75 9 1546 1046 1025 521 859 705 678 368
20 3 1 1 100 0.75 9 1547 1049 1023 515 861 726 700 367
20 3 1 1 100 0.75 9 1548 1050 1025 505 864 743 718 369
20 3 1 1 100 0.75 9 1549 1050 1023 498 861 764 740 362
20 3 1 1 100 0.75 9 1550 1052 1015 473 855 792 768 352
20 3 1 1 100 0.75 9 1551 1055 1021 483 866 806 782 358
20 3 1 1 100 0.75 9 1552 1056 1018 446 865 829 805 347
20 3 1 1 100 0.75 9 1553 1056 1008 469 853 859 835 335
20 3 1 1 100 0.75 9 1554 1056 1004 425 851 883 859 328
20 3 1 1 100 0.75 9 1555 1056 1011 431 858 895 872 336
20 3 1 1 100 0.75 9 1556 1056 1016 444 865 910 887 336
20 3 1 1 100 0.75 9 1557 1056 1013 414 857 933 910 327
20 3 1 1 100 0.75 9 1558 1056 1010 411 860 955 933 322
20 3 1 1 100 0.75 9 1559 1056 1012 400 859 973 951 322
20 3 1 1 100 0.75 9 1560 1056 1018 387 867 987 965 321
20 3 1 1 100 0.75 9 1561 1056 1017 404 866 1005 986 314
20 3 1 1 100 0.75 9 1562 1056 1012 354 863 1030 1011 303
20 3 1 1 100 0.75 9 1563 1056 1014 379 860 1048 1029 298
20 3 1 1 100 0.75 9 1564 1056 1007 355 854 1074 1056 286
20 3 1 1 100 0.75 9 1565 1056 1011 369 858 1090 1072 285
20 3 1 1 100 0.75 9 1566 1056 1007 349 861 1113 1096 279
20 3 1 1 100 0.75 9 1567 1056 1012 341 865 1128 1111 280
20 3 1 1 100 0.75 9 1568 1056 1011 353 860 1149 1132 274
20 3 1 1 100 0.75 9 1569 1056 1018 352 866 1162 1145 277
20 3 1 1 100 0.75 9 1570 1056 1019 341 869 1181 1164 270
20 3 1 1 100 0.75 9 1571 1056 1022 314 874 1198 1181 267
20 3 1 1 100 0.75 9 1572 1056 1027 303 875 1213 1196 268
20 3 1 1 100 0.75 9 1573 1056 1035 315 887 1225 1208 276
20 3 1 1 100 0.75 9 1574 1056 1031 316 880 1249 1232 261
20 3 1 1 100 0.75 9 1575 1056 1035 310 884 1263 1248 264
20 3 1 1 100 0.75 9 1576 1056 1035 299 885 1282 1268 259
20 3 1 1 100 0.75 9 1577 1056 1041 316 889 1296 1282 265
20 3 1 1 100 0.75 9 1578 1056 1041 278 899 1311 1297 264
20 3 1 1 100 0.75 9 1579 1056 1047 304 907 1320 1306 270
20 3 1 1 100 0.75 9 1580 1056 1045 292 914 1331 1317 273
20 3 1 1 100 0.75 9 1581 1056 1044 289 920 1343 1329 275
20 3 1 1 100 0.75 9 1582 1056 1036 270 925 1363 1349 270
20 3 1 1 100 0.75 9 1583 1056 1036 283 925 1383 1369 260
20 3 1 1 100 0.75 9 1584 1056 1041 295 925 1397 1384 269
20 3 1 1 100 0.75 9 1585 1056 1042 276 931 1408 1398 268
20 3 1 1 100 0.75 9 1586 1056 1045 268 932 1418 1409 274
20 3 1 1 100 0.75 9 1587 1056 1041 273 931 1432 1424 270
20 3 1 1 100 0.75 9 1588 1056 1046 249 932 1441 1434 273
20 3 1 1 100 0.75 9 1589 1056 1037 266 926 1460 1453 276
20 3 1 1 100 0.75 9 1590 1056 1042 261 927 1474 1467 269
20 3 1 1 100 0.75 9 1590 1056 1042 1042 927 1737 1467 269
20 3 1 1 100 0.75 9 1620 1056 1042 1042 927 33 1467 269
20 3 1 1 100 0.75 10 1621 0 20 20 0 33 0 0
20 3 1 1 100 0.75 10 1622 0 40 40 0 33 0 0
20 3 1 1 100 0.75 10 1623 0 60 60 0 33 0 0
20 3 1 1 100 0.75 10 1624 0 80 80 0 33 0 0
20 3 1 1 100 0.75 10 1625 0 100 100 0 33 0 0
20 3 1 1 100 0.75 10 1626 0 120 119 0 33 0 0
20 3 1 1 100 0.75 10 1627 1 140 138 0 33 0 0
20 3 1 1 100 0.75 10 1628 2 160 156 1 33 0 0
20 3 1 1 100 0.75 10 1629 4 180 173 2 33 0 0
20 3 1 1 100 0.75 10 1630 7 200 191 4 33 0 0
20 3 1 1 100 0.75 10 1631 10 220 207 7 33 0 0
20 3 1 1 100 0.75 10 1632 14 240 226 10 33 0 0
20 3 1 1 100 0.75 10 1633 19 260 241 14 33 0 0
20 3 1 1 100 0.75 10 1634 23 280 258 19 33 0 1
20 3 1 1 100 0.75 10 1635 25 300 277 23 33 0 2
20 3 1 1 100 0.75 10 1636 32 320 291 25 33 0 3
20 3 1 1 100 0.75 10 1637 32 340 313 32 33 0 4
20 3 1 1 100 0.75 10 1638 37 360 329 32 33 0 5
20 3 1 1 100 0.75 10 1639 41 380 352 37 33 0 9
20 3 1 1 100 0.75 10 1640 46 400 370 41 33 0 13
20 3 1 1 100 0.75 10 1641 49 420 392 46 33 0 15
20 3 1 1 100 0.75 10 1642 52 440 411 49 33 0 18
20 3 1 1 100 0.75 10 1643 54 460 434 52 33 0 22
20 3 1 1 100 0.75 10 1644 61 480 451 54 33 0 23
20 3 1 1 100 0.75 10 1645 63 500 470 61 33 0 26
20 3 1 1 100 0.75 10 1646 69 520 488 63 33 0 30
20 3 1 1 100 0.75 10 1647 70 540 510 69 33 0 34
20 3 1 1 100 0.75 10 1648 73 560 529 70 33 0 37
20 3 1 1 100 0.75 10 1649 78 580 550 73 33 0 40
20 3 1 1 100 0.75 10 1650 83 599 566 77 34 1 41
20 3 1 1 100 0.75 10 1651 87 619 589 82 34 1 47
20 3 1 1 100 0.75 10 1652 92 639 606 86 34 1 51
20 3 1 1 100 0.75 10 1653 99 658 625 90 35 2 54
20 3 1 1 100 0.75 10 1654 104 675 637 94 38 5 51
20 3 1 1 100 0.75 10 1655 107 694 655 98 39 6 51
20 3 1 1 100 0.75 10 1656 112 711 669 98 42 9 50
20 3 1 1 100 0.75 10 1657 119 731 691 103 42 9 57
20 3 1 1 100 0.75 10 1658 123 748 705 107 45 12 56
20 3 1 1 100 0.75 10 1659 131 766 721 109 47 14 58
20 3 1 1 100 0.75 10 1660 141 782 732 113 51 18 58
20 3 1 1 100 0.75 10 1661 148 799 749 120 54 21 61
20 3 1 1 100 0.75 10 1662 159 814 756 122 59 26 59
20 3 1 1 100 0.75 10 1663 167 831 770 130 62 29 58
20 3 1 1 100 0.75 10 1664 174 849 787 136 64 31 61
20 3 1 1 100 0.75 10 1665 183 862 793 136 71 38 56
20 3 1 1 100 0.75 10 1666 193 881 812 144 72 39 63
20 3 1 1 100 0.75 10 1667 205 896 820 149 77 44 62
20 3 1 1 100 0.75 10 1668 214 914 837 159 79 46 68
20 3 1 1 100 0.75 10 1669 230 930 848 164 83 50 69
20 3 1 1 100 0.75 10 1670 239 948 866 178 85 52 72
20 3 1 1 100 0.75 10 1671 253 964 876 183 89 56 76
20 3 1 1 100 0.75 10 1672 259 982 894 195 91 58 77
20 3 1 1 100 0.75 10 1673 269 1001 911 200 92 59 84
20 3 1 1 100 0.75 10 1674 285 1018 923 209 95 62 86
20 3 1 1 100 0.75 10 1675 298 1033 934 221 100 67 92
20 3 1 1 100 0.75 10 1676 313 1051 951 233 102 69 102
20 3 1 1 100 0.75 10 1677 330 1052 946 245 106 73 106
20 3 1 1 100 0.75 10 1678 345 1051 942 257 111 78 110
20 3 1 1 100 0.75 10 1679 356 1049 933 266 118 85 111
20 3 1 1 100 0.75 10 1680 364 1055 937 278 119 86 116
20 3 1 1 100 0.75 10 1681 380 1055 937 287 120 87 127
20 3 1 1 100 0.75 10 1682 398 1052 930 300 124 91 138
20 3 1 1 100 0.75 10 1683 419 1050 921 313 130 97 141
20 3 1 1 100 0.75 10 1684 433 1048 916 329 138 105 139
20 3 1 1 100 0.75 10 1685 455 1051 910 341 143 110 149
20 3 1 1 100 0.75 10 1686 470 1047 897 358 152 119 153
20 3 1 1 100 0.75 10 1687 482 1055 905 378 153 120 162
20 3 1 1 100 0.75 10 1688 499 1051 894 387 158 125 168
20 3 1 1 100 0.75 10 1689 518 1048 883 397 166 133 174
20 3 1 1 100 0.75 10 1690 535 1052 888 418 170 137 188
20 3 1 1 100 0.75 10 1691 551 1046 876 429 180 147 192
20 3 1 1 100 0.75 10 1692 576 1048 867 445 188 155 200
20 3 1 1 100 0.75 10 1693 595 1048 857 468 196 163 211
20 3 1 1 100 0.75 10 1694 609 1045 848 483 207 174 212
20 3 1 1 100 0.75 10 1695 626 1049 848 493 213 181 220
20 3 1 1 100 0.75 10 1696 647 1040 817 503 229 197 218
20 3 1 1 100 0.75 10 1697 665 1047 823 523 238 206 224
20 3 1 1 100 0.75 10 1698 681 1047 819 541 247 215 235
20 3 1 1 100 0.75 10 1699 697 1051 813 559 252 220 253
20 3 1 1 100 0.75 10 1700 722 1048 805 579 260 228 269
20 3 1 1 100 0.75 10 1701 735 1044 794 607 272 240 273
20 3 1 1 100 0.75 10 1702 753 1039 779 615 289 257 266
20 3 1 1 100 0.75 10 1703 772 1045 769 628 300 268 278
20 3 1 1 100 0.75 10 1704 790 1044 760 649 312 280 286
20 3 1 1 100 0.75 10 1705 811 1042 750 672 326 294 292
20 3 1 1 100 0.75 10 1706 829 1047 749 689 335 303 311
20 3 1 1 100 0.75 10 1707 851 1037 717 698 354 322 311
20 3 1 1 100 0.75 10 1708 869 1041 722 713 369 337 317
20 3 1 1 100 0.75 10 1709 880 1046 711 732 379 347 325
20 3 1 1 100 0.75 10 1710 895 1045 705 744 390 358 333
20 3 1 1 100 0.75 10 1711 905 1038 701 756 408 376 334
20 3 1 1 100 0.75 10 1712 917 1038 679 762 426 394 339
20 3 1 1 100 0.75 10 1713 931 1044 681 782 437 406 342
20 3 1 1 100 0.75 10 1714 950 1039 672 788 454 423 347
20 3 1 1 100 0.75 10 1715 962 1037 642 806 472 442 347
20 3 1 1 100 0.75 10 1716 972 1037 647 818 491 461 348
20 3 1 1 100 0.75 10 1717 984 1036 633 817 511 481 342
20 3 1 1 100 0.75 10 1718 994 1033 618 819 534 504 338
20 3 1 1 100 0.75 10 1719 999 1035 611 830 552 522 341
20 3 1 1 100 0.75 10 1720 1004 1034 601 833 572 543 341
20 3 1 1 100 0.75 10 1721 1012 1034 582 837 592 563 340
20 3 1 1 100 0.75 10 1722 1021 1033 588 837 613 584 338
20 3 1 1 100 0.75 10 1723 1025 1036 569 846 630 601 344
20 3 1 1 100 0.75 10 1724 1029 1030 538 843 656 627 336
20 3 1 1 100 0.75 10 1725 1034 1037 560 853 669 640 341
20 3 1 1 100 0.75 10 1726 1036 1040 543 867 685 656 351
20 3 1 1 100 0.75 10 1727 1041 1032 532 863 709 680 338
20 3 1 1 100 0.75 10 1728 1045 1034 529 867 727 698 339
20 3 1 1 100 0.75 10 1729 1049 1028 504 868 753 724 325
20 3 1 1 100 0.75 10 1730 1051 1027 479 871 774 745 327
20 3 1 1 100 0.75 10 1731 1052 1028 488 874 792 764 321
20 3 1 1 100 0.75 10 1732 1052 1028 493 873 812 784 318
20 3 1 1 100 0.75 10 1733 1054 1035 484 879 825 797 320
20 3 1 1 100 0.75 10 1734 1055 1035 468 882 845 817 313
20 3 1 1 100 0.75 10 1735 1056 1036 466 880 864 836 312
20 3 1 1 100 0.75 10 1736 1056 1042 456 888 878 850 314
20 3 1 1 100 0.75 10 1737 1056 1032 438 890 902 874 310
20 3 1 1 100 0.75 10 1738 1056 1033 448 887 921 893 309
20 3 1 1 100 0.75 10 1739 1056 1033 425 885 941 913 302
20 3 1 1 100 0.75 10 1740 1056 1037 418 895 957 929 306
20 3 1 1 100 0.75 10 1741 1056 1034 426 889 978 951 294
20 3 1 1 100 0.75 10 1742 1056 1028 396 885 1004 977 285
20 3 1 1 100 0.75 10 1743 1056 1034 396 886 1017 991 290
20 3 1 1 100 0.75 10 1744 1056 1037 384 885 1034 1008 291
20 3 1 1 100 0.75 10 1745 1056 1035 381 886 1054 1029 285
20 3 1 1 100 0.75 10 1746 1056 1038 382 888 1069 1046 284
20 3 1 1 100 0.75 10 1747 1056 1042 381 893 1082 1060 287
20 3 1 1 100 0.75 10 1748 1056 1046 370 907 1092 1070 289
20 3 1 1 100 0.75 10 1749 1056 1045 365 914 1103 1081 293
20 3 1 1 100 0.75 10 1750 1056 1038 337 916 1121 1099 281
20 3 1 1 100 0.75 10 1751 1056 1028 344 909 1149 1127 278
20 3 1 1 100 0.75 10 1752 1056 1030 325 912 1167 1145 277
20 3 1 1 100 0.75 10 1753 1056 1033 333 907 1184 1162 271
20 3 1 1 100 0.75 10 1754 1056 1038 359 912 1199 1177 276
20 3 1 1 100 0.75 10 1755 1056 1040 331 916 1215 1193 271
20 3 1 1 100 0.75 10 1756 1056 1041 314 910 1230 1208 272
20 3 1 1 100 0.75 10 1757 1056 1043 319 909 1241 1221 272
20 3 1 1 100 0.75 10 1758 1056 1035 314 901 1261 1242 265
20 3 1 1 100 0.75 10 1759 1056 1041 319 908 1275 1256 266
20 3 1 1 100 0.75 10 1760 1056 1042 327 915 1289 1270 269
20 3 1 1 100 0.75 10 1761 1056 1040 318 913 1305 1286 268
20 3 1 1 100 0.75 10 1762 1056 1037 301 917 1324 1305 258
20 3 1 1 100 0.75 10 1763 1056 1042 296 924 1338 1319 246
20 3 1 1 100 0.75 10 1764 1056 1046 281 926 1348 1329 249
20 3 1 1 100 0.75 10 1765 1056 1040 293 922 1364 1345 240
20 3 1 1 100 0.75 10 1766 1056 1044 290 927 1374 1357 255
20 3 1 1 100 0.75 10 1767 1056 1034 256 925 1396 1379 244
20 3 1 1 100 0.75 10 1768 1056 1043 294 929 1407 1390 244
20 3 1 1 100 0.75 10 1769 1056 1034 267 919 1429 1412 238
20 3 1 1 100 0.75 10 1770 1056 1037 294 918 1445 1429 236
20 3 1 1 100 0.75 10 1770 1056 1037 1037 918 1676 1429 236
20 3 1 1 100 0.75 10 1800 1056 1037 1037 918 33 1429 236
