7 7 1 1 100 0.75 1 1 0 7 7 0 100 0 0
7 7 1 1 100 0.75 1 2 0 14 14 0 100 0 0
7 7 1 1 100 0.75 1 3 0 21 21 0 100 0 0
7 7 1 1 100 0.75 1 4 0 28 28 0 100 0 0
7 7 1 1 100 0.75 1 5 0 35 35 0 100 0 0
7 7 1 1 100 0.75 1 6 0 42 42 0 100 0 0
7 7 1 1 100 0.75 1 7 2 49 46 0 100 0 0
7 7 1 1 100 0.75 1 8 3 56 51 2 100 0 0
7 7 1 1 100 0.75 1 9 5 63 58 3 100 0 0
7 7 1 1 100 0.75 1 10 8 70 59 5 100 0 0
7 7 1 1 100 0.75 1 11 10 77 67 8 100 0 0
7 7 1 1 100 0.75 1 12 16 84 67 10 100 0 0
7 7 1 1 100 0.75 1 13 19 91 72 16 100 0 0
7 7 1 1 100 0.75 1 14 22 98 77 19 100 0 1
7 7 1 1 100 0.75 1 15 27 105 77 22 99 0 1
7 7 1 1 100 0.75 1 16 34 112 79 27 99 0 3
7 7 1 1 100 0.75 1 17 39 119 84 34 99 0 4
7 7 1 1 100 0.75 1 18 44 126 87 39 99 0 6
7 7 1 1 100 0.75 1 19 51 133 89 44 99 0 11
7 7 1 1 100 0.75 1 20 52 140 97 51 99 0 13
7 7 1 1 100 0.75 1 21 56 147 101 52 99 0 15
7 7 1 1 100 0.75 1 22 64 154 110 56 99 0 19
7 7 1 1 100 0.75 1 23 69 161 112 64 99 0 23
7 7 1 1 100 0.75 1 24 70 168 124 69 99 0 25
7 7 1 1 100 0.75 1 25 77 175 131 70 99 0 31
7 7 1 1 100 0.75 1 26 87 182 137 77 99 0 38
7 7 1 1 100 0.75 1 27 94 189 136 87 99 0 38
7 7 1 1 100 0.75 1 28 98 196 142 94 99 0 39
7 7 1 1 100 0.75 1 29 102 202 151 97 100 1 43
7 7 1 1 100 0.75 1 30 105 209 161 101 100 1 48
7 7 1 1 100 0.75 1 31 109 216 166 104 100 1 51
7 7 1 1 100 0.75 1 32 115 222 173 107 101 2 53
7 7 1 1 100 0.75 1 33 118 228 177 112 102 3 59
7 7 1 1 100 0.75 1 34 123 234 186 114 103 4 63
7 7 1 1 100 0.75 1 35 127 239 192 117 105 6 64
7 7 1 1 100 0.75 1 36 134 244 193 119 107 8 64
7 7 1 1 100 0.75 1 37 143 247 192 122 111 12 62
7 7 1 1 100 0.75 1 38 153 248 187 125 117 18 57
7 7 1 1 100 0.75 1 39 157 252 190 132 120 21 57
7 7 1 1 100 0.75 1 40 164 257 195 134 122 23 59
7 7 1 1 100 0.75 1 41 168 262 195 139 124 25 62
7 7 1 1 100 0.75 1 42 174 266 199 140 127 28 62
7 7 1 1 100 0.75 1 43 184 266 191 139 134 35 58
7 7 1 1 100 0.75 1 44 193 270 190 146 137 38 62
7 7 1 1 100 0.75 1 45 199 274 202 152 140 41 67
7 7 1 1 100 0.75 1 46 202 278 207 155 143 44 67
7 7 1 1 100 0.75 1 47 212 283 201 156 145 46 72
7 7 1 1 100 0.75 1 48 219 286 202 162 149 50 75
7 7 1 1 100 0.75 1 49 227 287 201 164 155 56 73
7 7 1 1 100 0.75 1 50 233 290 206 168 159 60 76
7 7 1 1 100 0.75 1 51 245 296 211 173 160 61 85
7 7 1 1 100 0.75 1 52 253 301 210 183 162 63 87
7 7 1 1 100 0.75 1 53 260 302 213 185 168 69 83
7 7 1 1 100 0.75 1 54 265 305 213 188 172 73 86
7 7 1 1 100 0.75 1 55 274 308 212 189 176 77 85
7 7 1 1 100 0.75 1 56 286 314 212 197 177 78 93
7 7 1 1 100 0.75 1 57 293 318 216 206 180 81 96
7 7 1 1 100 0.75 1 58 305 321 218 210 184 85 100
7 7 1 1 100 0.75 1 59 315 323 216 218 189 90 102
7 7 1 1 100 0.75 1 60 321 324 212 224 195 96 103
7 7 1 1 100 0.75 1 61 326 328 213 227 198 99 102
7 7 1 1 100 0.75 1 62 333 328 209 226 205 106 98
7 7 1 1 100 0.75 1 63 339 328 218 226 212 113 98
7 7 1 1 100 0.75 1 64 354 332 212 229 214 116 103
7 7 1 1 100 0.75 1 65 363 332 215 237 221 123 101
7 7 1 1 100 0.75 1 66 372 334 219 241 225 128 109
7 7 1 1 100 0.75 1 67 376 336 221 245 230 133 109
7 7 1 1 100 0.75 1 68 382 337 224 243 236 139 111
7 7 1 1 100 0.75 1 69 390 340 217 246 240 143 111
7 7 1 1 100 0.75 1 70 396 343 228 250 244 147 114
7 7 1 1 100 0.75 1 71 402 345 219 251 249 152 117
7 7 1 1 100 0.75 1 72 409 340 220 247 260 164 111
7 7 1 1 100 0.75 1 73 421 342 219 249 265 169 118
7 7 1 1 100 0.75 1 74 428 346 225 259 268 172 119
7 7 1 1 100 0.75 1 75 436 345 218 260 276 180 115
7 7 1 1 100 0.75 1 76 444 345 203 262 283 187 117
7 7 1 1 100 0.75 1 77 451 349 220 267 285 190 115
7 7 1 1 100 0.75 1 78 459 347 204 265 294 199 114
7 7 1 1 100 0.75 1 79 463 348 208 269 300 205 111
7 7 1 1 100 0.75 1 80 471 349 207 268 306 211 112
7 7 1 1 100 0.75 1 81 479 349 199 271 313 218 111
7 7 1 1 100 0.75 1 82 488 349 198 274 320 225 113
7 7 1 1 100 0.75 1 83 495 349 203 279 327 232 113
7 7 1 1 100 0.75 1 84 502 352 202 283 331 236 112
7 7 1 1 100 0.75 1 85 507 347 199 279 342 248 107
7 7 1 1 100 0.75 1 86 512 346 191 278 350 256 104
7 7 1 1 100 0.75 1 87 523 351 197 281 351 258 111
7 7 1 1 100 0.75 1 88 527 351 198 289 358 265 112
7 7 1 1 100 0.75 1 89 529 354 194 291 362 269 114
7 7 1 1 100 0.75 1 90 534 356 202 291 367 274 115
7 7 1 1 100 0.75 1 91 539 349 189 285 381 288 107
7 7 1 1 100 0.75 1 92 543 351 198 291 386 293 106
7 7 1 1 100 0.75 1 93 547 351 178 290 393 300 104
7 7 1 1 100 0.75 1 94 555 355 187 296 396 303 106
7 7 1 1 100 0.75 1 95 562 354 184 297 404 311 108
7 7 1 1 100 0.75 1 96 568 354 183 299 411 318 106
7 7 1 1 100 0.75 1 97 570 354 177 298 418 325 106
7 7 1 1 100 0.75 1 98 574 355 183 297 424 331 111
7 7 1 1 100 0.75 1 99 579 357 192 297 429 336 112
7 7 1 1 100 0.75 1 100 583 358 175 299 435 342 111
7 7 1 1 100 0.75 1 101 586 359 177 302 441 348 113
7 7 1 1 100 0.75 1 102 593 360 181 300 446 354 116
7 7 1 1 100 0.75 1 103 599 360 180 302 453 361 112
7 7 1 1 100 0.75 1 104 605 360 176 304 460 368 111
7 7 1 1 100 0.75 1 105 611 363 175 310 463 372 113
7 7 1 1 100 0.75 1 106 616 366 167 313 467 376 111
7 7 1 1 100 0.75 1 107 621 366 183 312 474 383 112
7 7 1 1 100 0.75 1 108 628 368 175 314 479 388 114
7 7 1 1 100 0.75 1 109 632 365 160 312 489 398 107
7 7 1 1 100 0.75 1 110 635 366 169 313 495 404 109
7 7 1 1 100 0.75 1 111 638 367 180 314 501 410 109
7 7 1 1 100 0.75 1 112 641 369 175 316 506 415 112
7 7 1 1 100 0.75 1 113 647 366 171 311 516 425 106
7 7 1 1 100 0.75 1 114 651 365 169 311 524 433 102
7 7 1 1 100 0.75 1 115 655 366 173 312 530 439 103
7 7 1 1 100 0.75 1 116 660 368 162 316 535 444 101
7 7 1 1 100 0.75 1 117 664 364 179 311 546 455 95
7 7 1 1 100 0.75 1 118 668 365 163 310 552 461 95
7 7 1 1 100 0.75 1 119 673 367 180 311 557 466 95
7 7 1 1 100 0.75 1 120 679 365 161 310 566 475 91
7 7 1 1 100 0.75 1 121 682 369 158 315 569 478 91
7 7 1 1 100 0.75 1 122 687 371 176 317 574 483 93
7 7 1 1 100 0.75 1 123 690 373 168 321 578 488 95
7 7 1 1 100 0.75 1 124 695 371 156 319 587 497 90
7 7 1 1 100 0.75 1 125 697 375 154 321 589 500 93
7 7 1 1 100 0.75 1 126 701 375 164 320 596 507 90
7 7 1 1 100 0.75 1 127 702 378 148 326 600 511 94
7 7 1 1 100 0.75 1 128 706 379 163 326 606 517 90
7 7 1 1 100 0.75 1 129 710 378 153 324 613 525 87
7 7 1 1 100 0.75 1 130 711 381 154 328 617 529 90
7 7 1 1 100 0.75 1 131 715 386 161 328 618 531 95
7 7 1 1 100 0.75 1 132 718 389 158 333 622 535 94
7 7 1 1 100 0.75 1 133 720 387 154 333 631 544 92
7 7 1 1 100 0.75 1 134 726 389 158 336 635 549 90
7 7 1 1 100 0.75 1 135 727 391 162 339 640 554 92
7 7 1 1 100 0.75 1 136 731 394 163 339 644 558 92
7 7 1 1 100 0.75 1 137 734 396 154 343 649 563 91
7 7 1 1 100 0.75 1 138 736 398 161 346 654 568 92
7 7 1 1 100 0.75 1 139 741 398 153 343 661 575 95
7 7 1 1 100 0.75 1 140 745 401 152 348 665 579 95
7 7 1 1 100 0.75 1 141 749 405 165 352 668 582 101
7 7 1 1 100 0.75 1 142 751 405 165 351 675 589 98
7 7 1 1 100 0.75 1 143 752 406 162 354 681 595 97
7 7 1 1 100 0.75 1 144 758 409 153 355 683 599 100
7 7 1 1 100 0.75 1 145 761 410 163 358 689 605 99
7 7 1 1 100 0.75 1 146 763 410 148 358 696 612 95
7 7 1 1 100 0.75 1 147 766 412 150 360 701 617 96
7 7 1 1 100 0.75 1 148 773 411 148 357 709 625 91
7 7 1 1 100 0.75 1 149 773 412 151 361 715 631 91
7 7 1 1 100 0.75 1 150 776 413 153 359 720 637 92
7 7 1 1 100 0.75 1 150 776 413 413 359 809 637 92
7 7 1 1 100 0.75 1 180 776 413 413 359 76 637 92
7 7 1 1 100 0.75 2 181 0 7 7 0 76 0 0
7 7 1 1 100 0.75 2 182 0 14 14 0 76 0 0
7 7 1 1 100 0.75 2 183 0 21 21 0 76 0 0
7 7 1 1 100 0.75 2 184 0 28 28 0 76 0 0
7 7 1 1 100 0.75 2 185 0 35 35 0 76 0 0
7 7 1 1 100 0.75 2 186 0 42 42 0 76 0 0
7 7 1 1 100 0.75 2 187 0 49 49 0 76 0 0
7 7 1 1 100 0.75 2 188 1 56 55 0 76 0 0
7 7 1 1 100 0.75 2 189 4 63 57 1 76 0 0
7 7 1 1 100 0.75 2 190 5 70 65 4 76 0 0
7 7 1 1 100 0.75 2 191 7 77 66 5 76 0 0
7 7 1 1 100 0.75 2 192 8 84 75 7 76 0 0
7 7 1 1 100 0.75 2 193 10 91 81 8 76 0 0
7 7 1 1 100 0.75 2 194 12 98 83 10 76 0 0
7 7 1 1 100 0.75 2 195 18 105 87 12 76 0 0
7 7 1 1 100 0.75 2 196 20 112 93 18 76 0 2
7 7 1 1 100 0.75 2 197 25 119 97 20 76 0 4
7 7 1 1 100 0.75 2 198 33 126 96 25 76 0 4
7 7 1 1 100 0.75 2 199 36 133 103 33 76 0 6
7 7 1 1 100 0.75 2 200 40 140 106 36 76 0 7
7 7 1 1 100 0.75 2 201 43 147 113 40 75 0 8
7 7 1 1 100 0.75 2 202 46 154 120 43 75 0 12
7 7 1 1 100 0.75 2 203 50 161 127 46 75 0 15
7 7 1 1 100 0.75 2 204 52 168 137 50 75 0 17
7 7 1 1 100 0.75 2 205 56 175 142 52 75 0 21
7 7 1 1 100 0.75 2 206 62 182 150 56 75 0 25
7 7 1 1 100 0.75 2 207 67 189 148 62 75 0 26
7 7 1 1 100 0.75 2 208 72 196 162 67 75 0 31
7 7 1 1 100 0.75 2 209 74 203 166 72 75 0 31
7 7 1 1 100 0.75 2 210 78 210 173 74 75 0 34
7 7 1 1 100 0.75 2 211 84 217 176 78 75 0 38
7 7 1 1 100 0.75 2 212 90 221 178 81 78 3 35
7 7 1 1 100 0.75 2 213 96 228 182 87 78 3 40
7 7 1 1 100 0.75 2 214 100 234 193 92 79 4 43
7 7 1 1 100 0.75 2 215 108 240 193 95 80 5 46
7 7 1 1 100 0.75 2 216 116 247 195 103 80 5 48
7 7 1 1 100 0.75 2 217 121 252 196 109 82 7 47
7 7 1 1 100 0.75 2 218 125 258 206 113 83 8 50
7 7 1 1 100 0.75 2 219 132 263 207 115 85 10 52
7 7 1 1 100 0.75 2 220 135 268 209 120 87 12 54
7 7 1 1 100 0.75 2 221 141 269 212 117 93 18 54
7 7 1 1 100 0.75 2 222 147 275 216 122 94 19 57
7 7 1 1 100 0.75 2 223 154 280 220 126 96 21 64
7 7 1 1 100 0.75 2 224 160 284 219 130 99 24 67
7 7 1 1 100 0.75 2 225 167 287 224 133 103 28 66
7 7 1 1 100 0.75 2 226 170 291 227 137 106 31 69
7 7 1 1 100 0.75 2 227 177 295 230 137 109 34 66
7 7 1 1 100 0.75 2 228 183 299 236 141 112 37 67
7 7 1 1 100 0.75 2 229 192 302 230 143 116 41 70
7 7 1 1 100 0.75 2 230 204 306 232 149 119 44 71
7 7 1 1 100 0.75 2 231 212 312 237 160 120 45 75
7 7 1 1 100 0.75 2 232 221 314 237 163 125 50 73
7 7 1 1 100 0.75 2 233 230 320 238 171 126 51 75
7 7 1 1 100 0.75 2 234 236 323 235 176 130 55 76
7 7 1 1 100 0.75 2 235 241 325 238 177 135 60 77
7 7 1 1 100 0.75 2 236 248 329 240 179 138 63 82
7 7 1 1 100 0.75 2 237 258 332 245 182 142 67 88
7 7 1 1 100 0.75 2 238 270 336 244 190 145 70 92
7 7 1 1 100 0.75 2 239 277 341 250 200 147 72 101
7 7 1 1 100 0.75 2 240 288 346 252 205 149 74 104
7 7 1 1 100 0.75 2 241 305 342 238 205 160 85 99
7 7 1 1 100 0.75 2 242 311 344 237 218 165 90 97
7 7 1 1 100 0.75 2 243 316 345 241 219 171 96 95
7 7 1 1 100 0.75 2 244 324 347 225 219 176 101 93
7 7 1 1 100 0.75 2 245 333 352 241 227 178 103 101
7 7 1 1 100 0.75 2 246 341 358 242 236 179 104 105
7 7 1 1 100 0.75 2 247 349 361 245 242 183 108 113
7 7 1 1 100 0.75 2 248 358 361 251 243 190 115 118
7 7 1 1 100 0.75 2 249 367 362 250 246 196 121 116
7 7 1 1 100 0.75 2 250 373 366 248 254 199 124 117
7 7 1 1 100 0.75 2 251 384 365 240 255 207 132 116
7 7 1 1 100 0.75 2 252 393 366 241 261 213 138 118
7 7 1 1 100 0.75 2 253 405 368 254 266 218 143 120
7 7 1 1 100 0.75 2 254 413 371 243 275 222 147 123
7 7 1 1 100 0.75 2 255 417 370 240 277 229 155 118
7 7 1 1 100 0.75 2 256 426 365 229 269 241 167 114
7 7 1 1 100 0.75 2 257 433 365 232 272 247 174 118
7 7 1 1 100 0.75 2 258 441 367 233 275 252 179 122
7 7 1 1 100 0.75 2 259 449 372 246 281 254 181 128
7 7 1 1 100 0.75 2 260 457 373 233 284 259 187 132
7 7 1 1 100 0.75 2 261 465 373 240 287 266 194 132
7 7 1 1 100 0.75 2 262 477 372 240 287 274 202 131
7 7 1 1 100 0.75 2 263 484 374 226 295 279 207 129
7 7 1 1 100 0.75 2 264 494 373 222 294 287 215 131
7 7 1 1 100 0.75 2 265 500 369 213 295 298 226 127
7 7 1 1 100 0.75 2 266 511 363 198 290 311 239 118
7 7 1 1 100 0.75 2 267 515 366 217 299 314 243 121
7 7 1 1 100 0.75 2 268 521 367 209 300 320 249 123
7 7 1 1 100 0.75 2 269 530 369 216 302 325 254 125
7 7 1 1 100 0.75 2 270 534 372 216 308 329 258 130
7 7 1 1 100 0.75 2 271 541 371 209 306 337 266 126
7 7 1 1 100 0.75 2 272 546 367 215 304 348 277 128
7 7 1 1 100 0.75 2 273 557 366 207 303 356 285 128
7 7 1 1 100 0.75 2 274 560 366 205 309 363 292 130
7 7 1 1 100 0.75 2 275 564 361 206 304 375 304 128
7 7 1 1 100 0.75 2 276 569 364 202 304 378 308 125
7 7 1 1 100 0.75 2 277 576 364 200 302 385 315 128
7 7 1 1 100 0.75 2 278 580 366 196 306 390 320 130
7 7 1 1 100 0.75 2 279 586 369 207 307 394 324 133
7 7 1 1 100 0.75 2 280 595 366 196 307 404 334 128
7 7 1 1 100 0.75 2 281 598 367 203 313 410 340 129
7 7 1 1 100 0.75 2 282 602 365 196 309 419 349 126
7 7 1 1 100 0.75 2 283 606 363 186 307 427 358 120
7 7 1 1 100 0.75 2 284 614 360 181 304 437 368 117
7 7 1 1 100 0.75 2 285 618 360 175 307 444 375 114
7 7 1 1 100 0.75 2 286 622 364 193 308 447 378 117
7 7 1 1 100 0.75 2 287 628 365 177 308 453 384 116
7 7 1 1 100 0.75 2 288 634 366 187 309 459 390 113
7 7 1 1 100 0.75 2 289 640 364 181 309 467 399 108
7 7 1 1 100 0.75 2 290 645 362 166 308 476 408 103
7 7 1 1 100 0.75 2 291 648 365 184 310 480 412 104
7 7 1 1 100 0.75 2 292 655 361 168 306 491 423 96
7 7 1 1 100 0.75 2 293 657 363 169 310 496 428 95
7 7 1 1 100 0.75 2 294 663 363 164 308 503 435 89
7 7 1 1 100 0.75 2 295 664 361 172 308 512 444 88
7 7 1 1 100 0.75 2 296 670 362 172 304 518 450 88
7 7 1 1 100 0.75 2 297 674 358 168 303 529 461 80
7 7 1 1 100 0.75 2 298 679 358 155 303 536 468 75
7 7 1 1 100 0.75 2 299 681 356 154 300 545 477 71
7 7 1 1 100 0.75 2 300 684 360 163 304 548 480 73
7 7 1 1 100 0.75 2 301 686 362 154 305 553 485 73
7 7 1 1 100 0.75 2 302 693 366 150 308 555 488 75
7 7 1 1 100 0.75 2 303 696 371 157 318 557 490 77
7 7 1 1 100 0.75 2 304 700 374 160 318 560 494 77
7 7 1 1 100 0.75 2 305 707 373 150 316 568 502 74
7 7 1 1 100 0.75 2 306 707 373 151 322 575 509 70
7 7 1 1 100 0.75 2 307 711 377 161 320 578 512 73
7 7 1 1 100 0.75 2 308 714 384 162 329 578 512 78
7 7 1 1 100 0.75 2 309 717 386 174 332 583 517 81
7 7 1 1 100 0.75 2 310 720 388 173 334 588 522 83
7 7 1 1 100 0.75 2 311 724 391 163 336 592 526 82
7 7 1 1 100 0.75 2 312 729 393 172 339 597 531 88
7 7 1 1 100 0.75 2 313 735 397 171 343 600 534 87
7 7 1 1 100 0.75 2 314 738 402 176 348 602 536 91
7 7 1 1 100 0.75 2 315 740 406 177 352 605 539 94
7 7 1 1 100 0.75 2 316 741 408 172 355 610 544 92
7 7 1 1 100 0.75 2 317 744 409 165 353 616 550 95
7 7 1 1 100 0.75 2 318 746 409 161 355 623 557 92
7 7 1 1 100 0.75 2 319 749 411 169 356 628 562 89
7 7 1 1 100 0.75 2 320 754 415 164 359 630 565 90
7 7 1 1 100 0.75 2 321 759 418 169 364 634 569 92
7 7 1 1 100 0.75 2 322 762 421 184 368 638 573 95
7 7 1 1 100 0.75 2 323 765 421 175 367 643 580 91
7 7 1 1 100 0.75 2 324 768 422 167 369 649 586 91
7 7 1 1 100 0.75 2 325 771 422 166 369 656 593 88
7 7 1 1 100 0.75 2 326 775 428 160 373 656 594 91
7 7 1 1 100 0.75 2 327 778 426 169 372 664 603 87
7 7 1 1 100 0.75 2 328 782 427 163 373 670 609 90
7 7 1 1 100 0.75 2 329 785 431 160 379 673 612 93
7 7 1 1 100 0.75 2 330 789 433 170 380 678 617 96
7 7 1 1 100 0.75 2 330 789 433 433 380 774 617 96
7 7 1 1 100 0.75 2 360 789 433 433 380 76 617 96
7 7 1 1 100 0.75 3 361 0 7 7 0 76 0 0
7 7 1 1 100 0.75 3 362 0 14 14 0 76 0 0
7 7 1 1 100 0.75 3 363 0 21 21 0 76 0 0
7 7 1 1 100 0.75 3 364 0 28 28 0 76 0 0
7 7 1 1 100 0.75 3 365 0 35 35 0 76 0 0
7 7 1 1 100 0.75 3 366 0 42 42 0 76 0 0
7 7 1 1 100 0.75 3 367 0 49 49 0 76 0 0
7 7 1 1 100 0.75 3 368 1 56 55 0 76 0 0
7 7 1 1 100 0.75 3 369 1 63 62 1 76 0 0
7 7 1 1 100 0.75 3 370 3 70 66 1 76 0 0
7 7 1 1 100 0.75 3 371 4 77 73 3 75 0 0
7 7 1 1 100 0.75 3 372 6 84 74 4 75 0 0
7 7 1 1 100 0.75 3 373 10 91 80 6 75 0 0
7 7 1 1 100 0.75 3 374 14 98 83 10 75 0 0
7 7 1 1 100 0.75 3 375 19 105 86 14 75 0 0
7 7 1 1 100 0.75 3 376 22 112 90 19 75 0 0
7 7 1 1 100 0.75 3 377 31 119 91 22 75 0 1
7 7 1 1 100 0.75 3 378 34 126 93 31 75 0 2
7 7 1 1 100 0.75 3 379 39 133 99 34 75 0 2
7 7 1 1 100 0.75 3 380 43 140 102 39 75 0 5
7 7 1 1 100 0.75 3 381 48 147 111 43 75 0 7
7 7 1 1 100 0.75 3 382 52 154 114 48 75 0 9
7 7 1 1 100 0.75 3 383 57 161 123 52 75 0 15
7 7 1 1 100 0.75 3 384 59 168 128 57 75 0 18
7 7 1 1 100 0.75 3 385 63 175 140 59 75 0 25
7 7 1 1 100 0.75 3 386 69 182 141 63 75 0 25
7 7 1 1 100 0.75 3 387 72 189 154 69 75 0 31
7 7 1 1 100 0.75 3 388 74 196 158 72 75 0 32
7 7 1 1 100 0.75 3 389 79 203 167 74 75 0 37
7 7 1 1 100 0.75 3 390 86 210 172 79 75 0 40
7 7 1 1 100 0.75 3 391 90 217 175 86 75 0 44
7 7 1 1 100 0.75 3 392 95 224 184 90 75 0 45
7 7 1 1 100 0.75 3 393 100 231 191 95 75 0 48
7 7 1 1 100 0.75 3 394 104 238 197 100 75 0 50
7 7 1 1 100 0.75 3 395 112 245 197 104 75 0 52
7 7 1 1 100 0.75 3 396 114 249 204 109 78 3 51
7 7 1 1 100 0.75 3 397 123 255 202 110 79 4 54
7 7 1 1 100 0.75 3 398 132 259 206 116 82 7 56
7 7 1 1 100 0.75 3 399 137 261 206 120 87 12 54
7 7 1 1 100 0.75 3 400 141 265 207 122 90 15 53
7 7 1 1 100 0.75 3 401 148 271 210 125 91 16 56
7 7 1 1 100 0.75 3 402 156 275 214 129 94 19 59
7 7 1 1 100 0.75 3 403 162 277 216 132 99 24 57
7 7 1 1 100 0.75 3 404 168 277 207 131 106 31 51
7 7 1 1 100 0.75 3 405 171 281 221 134 109 34 57
7 7 1 1 100 0.75 3 406 178 285 223 134 112 37 60
7 7 1 1 100 0.75 3 407 183 290 229 139 114 39 61
7 7 1 1 100 0.75 3 408 193 295 227 142 116 41 62
7 7 1 1 100 0.75 3 409 202 300 230 150 118 43 65
7 7 1 1 100 0.75 3 410 211 305 232 158 120 45 67
7 7 1 1 100 0.75 3 411 215 309 241 164 123 48 71
7 7 1 1 100 0.75 3 412 224 312 234 164 127 52 72
7 7 1 1 100 0.75 3 413 235 319 237 173 127 52 74
7 7 1 1 100 0.75 3 414 241 320 236 178 133 58 73
7 7 1 1 100 0.75 3 415 252 325 243 182 135 60 79
7 7 1 1 100 0.75 3 416 265 327 231 188 140 65 82
7 7 1 1 100 0.75 3 417 275 332 239 199 142 67 86
7 7 1 1 100 0.75 3 418 278 339 248 209 142 67 87
7 7 1 1 100 0.75 3 419 285 342 254 208 146 71 91
7 7 1 1 100 0.75 3 420 298 343 246 209 152 77 93
7 7 1 1 100 0.75 3 421 304 345 249 217 157 82 92
7 7 1 1 100 0.75 3 422 317 347 243 218 161 87 98
7 7 1 1 100 0.75 3 423 321 352 254 229 163 89 102
7 7 1 1 100 0.75 3 424 336 354 251 228 168 94 103
7 7 1 1 100 0.75 3 425 342 356 254 238 173 99 105
7 7 1 1 100 0.75 3 426 348 358 254 239 178 104 104
7 7 1 1 100 0.75 3 427 358 359 246 239 184 110 103
7 7 1 1 100 0.75 3 428 361 361 251 244 189 115 103
7 7 1 1 100 0.75 3 429 375 362 245 242 195 121 103
7 7 1 1 100 0.75 3 430 385 365 248 252 199 125 106
7 7 1 1 100 0.75 3 431 392 368 245 259 203 129 111
7 7 1 1 100 0.75 3 432 401 368 248 259 210 136 116
7 7 1 1 100 0.75 3 433 409 372 251 265 213 139 118
7 7 1 1 100 0.75 3 434 415 374 253 269 218 144 118
7 7 1 1 100 0.75 3 435 420 372 250 266 227 153 111
7 7 1 1 100 0.75 3 436 429 374 251 267 232 158 112
7 7 1 1 100 0.75 3 437 442 374 237 270 237 165 114
7 7 1 1 100 0.75 3 438 445 376 241 279 242 170 112
7 7 1 1 100 0.75 3 439 453 373 248 274 252 180 111
7 7 1 1 100 0.75 3 440 463 373 240 276 258 187 115
7 7 1 1 100 0.75 3 441 470 375 240 282 263 192 115
7 7 1 1 100 0.75 3 442 478 376 234 286 268 198 114
7 7 1 1 100 0.75 3 443 483 380 245 292 270 201 115
7 7 1 1 100 0.75 3 444 497 378 222 289 279 210 114
7 7 1 1 100 0.75 3 445 501 378 231 298 285 217 116
7 7 1 1 100 0.75 3 446 511 377 219 296 291 225 114
7 7 1 1 100 0.75 3 447 514 377 222 302 298 232 114
7 7 1 1 100 0.75 3 448 523 380 229 303 302 236 118
7 7 1 1 100 0.75 3 449 528 380 211 308 308 243 119
7 7 1 1 100 0.75 3 450 532 378 214 307 316 252 117
7 7 1 1 100 0.75 3 451 540 379 213 309 322 258 115
7 7 1 1 100 0.75 3 452 545 385 233 320 323 259 124
7 7 1 1 100 0.75 3 453 551 386 228 320 329 265 124
7 7 1 1 100 0.75 3 454 561 389 210 324 333 269 125
7 7 1 1 100 0.75 3 455 566 389 212 329 340 276 124
7 7 1 1 100 0.75 3 456 572 389 213 330 346 283 129
7 7 1 1 100 0.75 3 457 574 388 205 330 354 291 124
7 7 1 1 100 0.75 3 458 579 389 211 330 360 297 126
7 7 1 1 100 0.75 3 459 583 382 210 323 374 311 117
7 7 1 1 100 0.75 3 460 588 380 205 320 383 320 115
7 7 1 1 100 0.75 3 461 590 383 209 323 387 324 117
7 7 1 1 100 0.75 3 462 594 389 221 331 388 325 123
7 7 1 1 100 0.75 3 463 603 387 209 327 397 334 124
7 7 1 1 100 0.75 3 464 606 384 203 330 407 344 118
7 7 1 1 100 0.75 3 465 616 383 201 325 415 352 115
7 7 1 1 100 0.75 3 466 619 384 199 331 421 358 116
7 7 1 1 100 0.75 3 467 624 383 184 327 429 366 114
7 7 1 1 100 0.75 3 468 627 385 196 331 434 371 113
7 7 1 1 100 0.75 3 469 629 384 194 328 442 379 110
7 7 1 1 100 0.75 3 470 634 384 190 326 449 386 108
7 7 1 1 100 0.75 3 471 637 381 199 324 458 396 107
7 7 1 1 100 0.75 3 472 642 382 190 328 464 402 106
7 7 1 1 100 0.75 3 473 643 385 194 332 468 406 108
7 7 1 1 100 0.75 3 474 647 388 194 333 471 410 112
7 7 1 1 100 0.75 3 475 652 390 196 334 476 415 112
7 7 1 1 100 0.75 3 476 654 389 185 333 484 423 108
7 7 1 1 100 0.75 3 477 655 387 183 332 493 432 104
7 7 1 1 100 0.75 3 478 663 386 174 329 501 440 104
7 7 1 1 100 0.75 3 479 666 387 183 333 506 446 107
7 7 1 1 100 0.75 3 480 669 390 185 334 510 450 106
7 7 1 1 100 0.75 3 481 673 389 180 331 518 458 100
7 7 1 1 100 0.75 3 482 679 386 170 333 527 468 94
7 7 1 1 100 0.75 3 483 683 389 175 336 531 472 95
7 7 1 1 100 0.75 3 484 688 389 162 336 538 479 95
7 7 1 1 100 0.75 3 485 691 393 174 339 541 482 97
7 7 1 1 100 0.75 3 486 696 397 175 341 544 485 102
7 7 1 1 100 0.75 3 487 701 394 177 341 554 495 96
7 7 1 1 100 0.75 3 488 703 399 186 346 556 497 101
7 7 1 1 100 0.75 3 489 705 399 166 345 563 504 100
7 7 1 1 100 0.75 3 490 706 397 178 342 571 513 97
7 7 1 1 100 0.75 3 491 711 399 169 348 576 518 97
7 7 1 1 100 0.75 3 492 712 401 173 349 581 523 93
7 7 1 1 100 0.75 3 493 717 402 167 348 587 529 94
7 7 1 1 100 0.75 3 494 720 404 183 349 592 534 94
7 7 1 1 100 0.75 3 495 726 405 167 351 598 540 96
7 7 1 1 100 0.75 3 496 731 405 162 352 603 547 91
7 7 1 1 100 0.75 3 497 732 410 161 355 605 549 93
7 7 1 1 100 0.75 3 498 735 408 165 354 614 558 94
7 7 1 1 100 0.75 3 499 738 412 178 357 615 561 92
7 7 1 1 100 0.75 3 500 741 415 183 360 619 565 94
7 7 1 1 100 0.75 3 501 746 419 179 363 622 568 94
7 7 1 1 100 0.75 3 502 749 421 177 369 627 573 95
7 7 1 1 100 0.75 3 503 751 423 180 370 632 578 95
7 7 1 1 100 0.75 3 504 751 422 162 369 640 586 91
7 7 1 1 100 0.75 3 505 753 421 168 363 648 594 88
7 7 1 1 100 0.75 3 506 757 421 164 363 654 601 85
7 7 1 1 100 0.75 3 507 763 421 167 364 660 608 82
7 7 1 1 100 0.75 3 508 765 426 161 374 662 610 85
7 7 1 1 100 0.75 3 509 765 428 168 375 667 615 85
7 7 1 1 100 0.75 3 510 769 427 159 371 675 623 83
7 7 1 1 100 0.75 3 510 769 427 427 371 757 623 83
7 7 1 1 100 0.75 3 540 769 427 427 371 74 623 83
7 7 1 1 100 0.75 4 541 0 7 7 0 74 0 0
7 7 1 1 100 0.75 4 542 0 14 14 0 74 0 0
7 7 1 1 100 0.75 4 543 0 21 21 0 74 0 0
7 7 1 1 100 0.75 4 544 0 28 28 0 74 0 0
7 7 1 1 100 0.75 4 545 0 35 35 0 74 0 0
7 7 1 1 100 0.75 4 546 0 42 42 0 74 0 0
7 7 1 1 100 0.75 4 547 0 49 48 0 74 0 0
7 7 1 1 100 0.75 4 548 1 56 54 0 74 0 0
7 7 1 1 100 0.75 4 549 3 63 60 1 74 0 0
7 7 1 1 100 0.75 4 550 4 70 63 3 74 0 0
7 7 1 1 100 0.75 4 551 7 77 70 4 74 0 0
7 7 1 1 100 0.75 4 552 13 84 69 7 74 0 0
7 7 1 1 100 0.75 4 553 17 91 72 13 74 0 0
7 7 1 1 100 0.75 4 554 24 98 72 17 74 0 0
7 7 1 1 100 0.75 4 555 26 105 74 24 74 0 0
7 7 1 1 100 0.75 4 556 30 112 83 26 74 0 0
7 7 1 1 100 0.75 4 557 36 119 86 30 74 0 1
7 7 1 1 100 0.75 4 558 39 126 92 36 74 0 2
7 7 1 1 100 0.75 4 559 39 133 101 39 74 0 8
7 7 1 1 100 0.75 4 560 45 140 107 39 74 0 10
7 7 1 1 100 0.75 4 561 49 147 117 45 74 0 14
7 7 1 1 100 0.75 4 562 52 154 120 49 74 0 18
7 7 1 1 100 0.75 4 563 56 161 128 52 74 0 20
7 7 1 1 100 0.75 4 564 58 168 136 56 74 0 23
7 7 1 1 100 0.75 4 565 62 175 143 58 74 0 27
7 7 1 1 100 0.75 4 566 67 182 144 62 74 0 27
7 7 1 1 100 0.75 4 567 73 189 148 67 74 0 30
7 7 1 1 100 0.75 4 568 79 196 150 73 74 0 32
7 7 1 1 100 0.75 4 569 83 203 163 79 74 0 36
7 7 1 1 100 0.75 4 570 90 210 166 83 74 0 39
7 7 1 1 100 0.75 4 571 94 217 167 90 74 0 39
7 7 1 1 100 0.75 4 572 97 223 180 93 75 1 41
7 7 1 1 100 0.75 4 573 102 230 181 96 75 1 42
7 7 1 1 100 0.75 4 574 108 235 181 99 77 3 45
7 7 1 1 100 0.75 4 575 115 242 191 105 77 3 50
7 7 1 1 100 0.75 4 576 121 244 192 107 82 8 49
7 7 1 1 100 0.75 4 577 128 248 187 110 85 11 50
7 7 1 1 100 0.75 4 578 133 253 199 115 87 13 52
7 7 1 1 100 0.75 4 579 137 259 201 119 88 14 54
7 7 1 1 100 0.75 4 580 141 263 205 120 91 17 52
7 7 1 1 100 0.75 4 581 152 265 204 119 96 22 55
7 7 1 1 100 0.75 4 582 159 270 202 128 98 24 58
7 7 1 1 100 0.75 4 583 165 277 209 135 98 24 62
7 7 1 1 100 0.75 4 584 173 278 207 135 104 30 61
7 7 1 1 100 0.75 4 585 180 283 216 141 106 32 64
7 7 1 1 100 0.75 4 586 185 288 221 146 108 34 67
7 7 1 1 100 0.75 4 587 190 294 224 150 109 35 68
7 7 1 1 100 0.75 4 588 198 298 228 152 112 38 70
7 7 1 1 100 0.75 4 589 206 304 231 159 113 39 79
7 7 1 1 100 0.75 4 590 214 308 235 164 116 42 79
7 7 1 1 100 0.75 4 591 226 311 232 168 120 46 82
7 7 1 1 100 0.75 4 592 235 315 234 177 123 49 82
7 7 1 1 100 0.75 4 593 244 318 234 182 127 53 82
7 7 1 1 100 0.75 4 594 257 320 221 187 132 58 80
7 7 1 1 100 0.75 4 595 263 323 230 196 136 62 82
7 7 1 1 100 0.75 4 596 271 323 226 195 143 69 82
7 7 1 1 100 0.75 4 597 276 328 237 201 144 71 89
7 7 1 1 100 0.75 4 598 289 329 231 200 150 77 87
7 7 1 1 100 0.75 4 599 301 335 228 213 151 78 97
7 7 1 1 100 0.75 4 600 306 338 237 221 155 82 99
7 7 1 1 100 0.75 4 601 315 339 232 220 161 88 101
7 7 1 1 100 0.75 4 602 321 341 238 225 166 93 103
7 7 1 1 100 0.75 4 603 329 343 243 227 171 98 103
7 7 1 1 100 0.75 4 604 335 346 240 231 175 102 102
7 7 1 1 100 0.75 4 605 344 349 239 233 179 106 106
7 7 1 1 100 0.75 4 606 354 350 246 236 185 112 114
7 7 1 1 100 0.75 4 607 362 350 241 240 192 119 114
7 7 1 1 100 0.75 4 608 371 352 243 243 197 124 113
7 7 1 1 100 0.75 4 609 381 353 234 249 203 130 116
7 7 1 1 100 0.75 4 610 387 357 244 256 206 133 116
7 7 1 1 100 0.75 4 611 394 360 238 258 210 137 118
7 7 1 1 100 0.75 4 612 402 366 245 266 211 138 122
7 7 1 1 100 0.75 4 613 406 366 247 269 218 145 122
7 7 1 1 100 0.75 4 614 416 364 232 264 227 154 120
7 7 1 1 100 0.75 4 615 423 366 235 273 232 159 123
7 7 1 1 100 0.75 4 616 434 363 227 270 242 169 122
7 7 1 1 100 0.75 4 617 444 361 226 277 251 178 122
7 7 1 1 100 0.75 4 618 450 361 221 280 258 185 121
7 7 1 1 100 0.75 4 619 457 365 235 284 260 188 124
7 7 1 1 100 0.75 4 620 467 361 229 280 271 199 118
7 7 1 1 100 0.75 4 621 474 355 213 278 284 212 108
7 7 1 1 100 0.75 4 622 479 355 223 278 288 219 113
7 7 1 1 100 0.75 4 623 485 358 215 282 292 223 119
7 7 1 1 100 0.75 4 624 489 358 210 284 298 230 117
7 7 1 1 100 0.75 4 625 497 355 207 280 308 240 115
7 7 1 1 100 0.75 4 626 508 359 213 286 311 243 119
7 7 1 1 100 0.75 4 627 513 364 210 295 313 245 126
7 7 1 1 100 0.75 4 628 520 362 213 291 322 254 126
7 7 1 1 100 0.75 4 629 529 364 213 294 326 259 127
7 7 1 1 100 0.75 4 630 532 364 205 299 333 266 127
7 7 1 1 100 0.75 4 631 543 366 203 300 338 271 127
7 7 1 1 100 0.75 4 632 546 368 213 306 342 276 127
7 7 1 1 100 0.75 4 633 552 364 205 300 353 287 124
7 7 1 1 100 0.75 4 634 559 363 202 299 361 295 123
7 7 1 1 100 0.75 4 635 566 362 203 299 369 303 118
7 7 1 1 100 0.75 4 636 573 364 195 301 374 308 122
7 7 1 1 100 0.75 4 637 577 367 198 307 378 312 125
7 7 1 1 100 0.75 4 638 581 365 195 305 387 321 122
7 7 1 1 100 0.75 4 639 586 364 197 305 395 329 118
7 7 1 1 100 0.75 4 640 591 364 188 303 402 336 114
7 7 1 1 100 0.75 4 641 593 363 198 304 410 344 112
7 7 1 1 100 0.75 4 642 596 363 179 307 417 351 112
7 7 1 1 100 0.75 4 643 602 363 195 305 424 358 108
7 7 1 1 100 0.75 4 644 606 362 186 305 431 366 109
7 7 1 1 100 0.75 4 645 610 361 199 306 438 374 106
7 7 1 1 100 0.75 4 646 616 360 176 304 446 382 103
7 7 1 1 100 0.75 4 647 620 360 183 304 453 389 103
7 7 1 1 100 0.75 4 648 625 363 189 305 457 393 107
7 7 1 1 100 0.75 4 649 631 364 182 308 462 399 108
7 7 1 1 100 0.75 4 650 633 364 171 307 469 406 105
7 7 1 1 100 0.75 4 651 638 365 184 305 475 412 105
7 7 1 1 100 0.75 4 652 642 363 168 305 484 421 102
7 7 1 1 100 0.75 4 653 650 361 164 306 493 430 99
7 7 1 1 100 0.75 4 654 654 363 167 309 498 435 98
7 7 1 1 100 0.75 4 655 657 360 159 307 508 445 94
7 7 1 1 100 0.75 4 656 661 365 164 311 510 447 94
7 7 1 1 100 0.75 4 657 666 368 167 315 514 451 96
7 7 1 1 100 0.75 4 658 673 371 165 317 518 455 96
7 7 1 1 100 0.75 4 659 676 372 172 319 524 461 96
7 7 1 1 100 0.75 4 660 681 376 186 320 527 464 101
7 7 1 1 100 0.75 4 661 685 375 178 322 535 472 99
7 7 1 1 100 0.75 4 662 689 376 181 320 540 478 98
7 7 1 1 100 0.75 4 663 692 375 182 318 548 486 93
7 7 1 1 100 0.75 4 664 699 379 170 324 550 489 94
7 7 1 1 100 0.75 4 665 704 383 175 328 553 492 96
7 7 1 1 100 0.75 4 666 705 384 169 332 557 498 92
7 7 1 1 100 0.75 4 667 707 383 164 330 564 506 89
7 7 1 1 100 0.75 4 668 713 381 170 325 573 515 84
7 7 1 1 100 0.75 4 669 716 381 153 327 580 522 81
7 7 1 1 100 0.75 4 670 718 383 169 329 585 527 82
7 7 1 1 100 0.75 4 671 722 386 162 330 589 531 85
7 7 1 1 100 0.75 4 672 724 388 151 336 594 536 84
7 7 1 1 100 0.75 4 673 731 389 164 333 600 542 84
7 7 1 1 100 0.75 4 674 732 393 167 341 602 545 84
7 7 1 1 100 0.75 4 675 740 394 158 337 608 551 81
7 7 1 1 100 0.75 4 676 745 398 172 345 611 554 83
7 7 1 1 100 0.75 4 677 747 399 160 346 617 560 80
7 7 1 1 100 0.75 4 678 750 401 159 348 622 565 81
7 7 1 1 100 0.75 4 679 753 402 151 348 628 571 79
7 7 1 1 100 0.75 4 680 754 399 169 347 637 581 77
7 7 1 1 100 0.75 4 681 758 402 160 346 641 585 74
7 7 1 1 100 0.75 4 682 760 406 161 353 643 588 74
7 7 1 1 100 0.75 4 683 762 412 167 357 644 589 81
7 7 1 1 100 0.75 4 684 766 414 158 357 649 594 78
7 7 1 1 100 0.75 4 685 767 419 182 365 651 596 79
7 7 1 1 100 0.75 4 686 770 419 166 366 658 603 80
7 7 1 1 100 0.75 4 687 771 421 166 367 662 608 77
7 7 1 1 100 0.75 4 688 773 426 173 373 663 610 80
7 7 1 1 100 0.75 4 689 775 432 165 375 664 611 83
7 7 1 1 100 0.75 4 690 777 429 158 376 673 621 77
7 7 1 1 100 0.75 4 690 777 429 429 376 750 621 77
7 7 1 1 100 0.75 4 720 777 429 429 376 75 621 77
7 7 1 1 100 0.75 5 721 0 7 7 0 75 0 0
7 7 1 1 100 0.75 5 722 0 14 14 0 75 0 0
7 7 1 1 100 0.75 5 723 0 21 21 0 75 0 0
7 7 1 1 100 0.75 5 724 0 28 28 0 75 0 0
7 7 1 1 100 0.75 5 725 0 35 35 0 75 0 0
7 7 1 1 100 0.75 5 726 0 42 42 0 75 0 0
7 7 1 1 100 0.75 5 727 0 49 49 0 75 0 0
7 7 1 1 100 0.75 5 728 0 56 56 0 75 0 0
7 7 1 1 100 0.75 5 729 3 63 60 0 75 0 0
7 7 1 1 100 0.75 5 730 5 70 63 3 75 0 0
7 7 1 1 100 0.75 5 731 9 77 66 5 75 0 0
7 7 1 1 100 0.75 5 732 10 84 71 9 75 0 0
7 7 1 1 100 0.75 5 733 14 91 74 10 75 0 0
7 7 1 1 100 0.75 5 734 18 98 78 14 75 0 0
7 7 1 1 100 0.75 5 735 21 105 82 18 75 0 0
7 7 1 1 100 0.75 5 736 26 112 87 21 75 0 2
7 7 1 1 100 0.75 5 737 30 119 90 26 75 0 2
7 7 1 1 100 0.75 5 738 34 126 97 30 75 0 4
7 7 1 1 100 0.75 5 739 36 133 104 34 75 0 6
7 7 1 1 100 0.75 5 740 41 140 106 36 75 0 8
7 7 1 1 100 0.75 5 741 48 147 112 41 75 0 10
7 7 1 1 100 0.75 5 742 52 154 119 48 75 0 10
7 7 1 1 100 0.75 5 743 54 161 131 52 75 0 16
7 7 1 1 100 0.75 5 744 61 168 129 54 75 0 18
7 7 1 1 100 0.75 5 745 68 175 130 61 75 0 21
7 7 1 1 100 0.75 5 746 73 182 144 68 75 0 25
7 7 1 1 100 0.75 5 747 77 189 145 73 75 0 27
7 7 1 1 100 0.75 5 748 78 196 154 77 75 0 30
7 7 1 1 100 0.75 5 749 82 203 165 78 75 0 35
7 7 1 1 100 0.75 5 750 86 210 170 82 75 0 38
7 7 1 1 100 0.75 5 751 91 217 176 86 75 0 42
7 7 1 1 100 0.75 5 752 98 224 184 91 75 0 47
7 7 1 1 100 0.75 5 753 106 230 187 97 76 1 53
7 7 1 1 100 0.75 5 754 109 237 198 105 76 1 55
7 7 1 1 100 0.75 5 755 113 242 198 106 78 3 55
7 7 1 1 100 0.75 5 756 117 247 201 108 80 5 56
7 7 1 1 100 0.75 5 757 120 253 209 111 81 6 58
7 7 1 1 100 0.75 5 758 126 257 210 111 84 9 56
7 7 1 1 100 0.75 5 759 133 262 216 115 86 11 57
7 7 1 1 100 0.75 5 760 139 269 216 122 86 11 60
7 7 1 1 100 0.75 5 761 145 269 219 121 93 18 58
7 7 1 1 100 0.75 5 762 153 274 221 125 95 20 60
7 7 1 1 100 0.75 5 763 159 277 219 129 99 24 58
7 7 1 1 100 0.75 5 764 162 281 223 132 102 27 55
7 7 1 1 100 0.75 5 765 171 284 224 131 106 31 53
7 7 1 1 100 0.75 5 766 181 290 229 139 107 32 60
7 7 1 1 100 0.75 5 767 187 294 226 146 110 35 60
7 7 1 1 100 0.75 5 768 191 293 232 144 118 43 58
7 7 1 1 100 0.75 5 769 201 296 225 144 122 47 59
7 7 1 1 100 0.75 5 770 209 300 225 151 125 50 60
7 7 1 1 100 0.75 5 771 216 303 231 155 129 54 59
7 7 1 1 100 0.75 5 772 226 307 226 159 132 57 63
7 7 1 1 100 0.75 5 773 228 311 233 167 135 60 67
7 7 1 1 100 0.75 5 774 235 316 232 167 137 62 71
7 7 1 1 100 0.75 5 775 242 321 240 172 139 64 73
7 7 1 1 100 0.75 5 776 253 324 238 175 143 68 74
7 7 1 1 100 0.75 5 777 259 328 242 184 146 71 78
7 7 1 1 100 0.75 5 778 270 334 250 189 147 72 80
7 7 1 1 100 0.75 5 779 277 339 257 198 149 74 85
7 7 1 1 100 0.75 5 780 283 341 249 201 154 79 80
7 7 1 1 100 0.75 5 781 296 343 246 204 159 84 80
7 7 1 1 100 0.75 5 782 310 347 240 215 162 87 85
7 7 1 1 100 0.75 5 783 317 350 241 225 166 91 86
7 7 1 1 100 0.75 5 784 329 356 241 231 167 92 94
7 7 1 1 100 0.75 5 785 334 355 239 235 175 100 92
7 7 1 1 100 0.75 5 786 339 361 255 239 176 101 97
7 7 1 1 100 0.75 5 787 350 364 251 241 180 105 101
7 7 1 1 100 0.75 5 788 356 365 251 247 186 111 99
7 7 1 1 100 0.75 5 789 366 366 256 247 192 117 105
7 7 1 1 100 0.75 5 790 375 371 251 255 194 119 113
7 7 1 1 100 0.75 5 791 379 371 251 260 201 126 112
7 7 1 1 100 0.75 5 792 388 370 255 258 208 134 111
7 7 1 1 100 0.75 5 793 400 370 251 261 215 141 108
7 7 1 1 100 0.75 5 794 412 371 243 269 221 147 111
7 7 1 1 100 0.75 5 795 420 374 242 278 224 151 110
7 7 1 1 100 0.75 5 796 427 375 233 280 230 157 106
7 7 1 1 100 0.75 5 797 436 376 234 283 236 163 111
7 7 1 1 100 0.75 5 798 440 380 233 291 239 166 114
7 7 1 1 100 0.75 5 799 449 381 239 289 245 172 114
7 7 1 1 100 0.75 5 800 455 383 242 294 250 177 120
7 7 1 1 100 0.75 5 801 462 385 248 296 255 182 126
7 7 1 1 100 0.75 5 802 468 385 247 297 262 189 126
7 7 1 1 100 0.75 5 803 478 384 246 297 270 197 127
7 7 1 1 100 0.75 5 804 485 388 242 305 273 200 131
7 7 1 1 100 0.75 5 805 498 384 224 303 284 211 126
7 7 1 1 100 0.75 5 806 503 382 238 307 293 220 121
7 7 1 1 100 0.75 5 807 511 382 231 305 300 227 120
7 7 1 1 100 0.75 5 808 516 382 226 308 307 234 118
7 7 1 1 100 0.75 5 809 521 381 219 305 315 242 111
7 7 1 1 100 0.75 5 810 528 382 223 305 321 248 114
7 7 1 1 100 0.75 5 811 542 384 223 308 326 253 113
7 7 1 1 100 0.75 5 812 547 384 222 317 333 260 113
7 7 1 1 100 0.75 5 813 553 384 218 316 340 267 116
7 7 1 1 100 0.75 5 814 557 385 208 320 346 273 115
7 7 1 1 100 0.75 5 815 564 384 212 316 354 281 111
7 7 1 1 100 0.75 5 816 570 383 206 317 361 289 105
7 7 1 1 100 0.75 5 817 574 382 220 315 369 297 103
7 7 1 1 100 0.75 5 818 580 385 223 315 373 301 106
7 7 1 1 100 0.75 5 819 588 387 219 322 378 306 109
7 7 1 1 100 0.75 5 820 593 382 204 320 390 318 102
7 7 1 1 100 0.75 5 821 597 379 195 319 400 328 97
7 7 1 1 100 0.75 5 822 602 381 201 319 404 333 95
7 7 1 1 100 0.75 5 823 606 384 209 324 408 337 102
7 7 1 1 100 0.75 5 824 608 387 203 327 412 341 100
7 7 1 1 100 0.75 5 825 609 386 204 324 420 349 99
7 7 1 1 100 0.75 5 826 616 389 197 327 423 353 103
7 7 1 1 100 0.75 5 827 620 391 191 333 428 358 103
7 7 1 1 100 0.75 5 828 624 389 191 335 437 367 98
7 7 1 1 100 0.75 5 829 626 388 182 333 444 375 97
7 7 1 1 100 0.75 5 830 631 388 191 330 451 382 94
7 7 1 1 100 0.75 5 831 636 388 185 330 458 389 89
7 7 1 1 100 0.75 5 832 641 391 194 332 462 393 92
7 7 1 1 100 0.75 5 833 644 396 195 339 464 395 100
7 7 1 1 100 0.75 5 834 649 400 197 340 467 398 100
7 7 1 1 100 0.75 5 835 655 403 202 344 471 402 106
7 7 1 1 100 0.75 5 836 659 405 198 346 476 407 104
7 7 1 1 100 0.75 5 837 665 407 198 348 481 412 103
7 7 1 1 100 0.75 5 838 675 410 194 352 485 416 104
7 7 1 1 100 0.75 5 839 676 409 200 356 493 424 98
7 7 1 1 100 0.75 5 840 680 408 183 352 501 432 96
7 7 1 1 100 0.75 5 841 681 408 190 354 508 439 94
7 7 1 1 100 0.75 5 842 684 407 206 352 516 447 92
7 7 1 1 100 0.75 5 843 688 412 194 355 518 449 96
7 7 1 1 100 0.75 5 844 695 411 185 354 526 457 96
7 7 1 1 100 0.75 5 845 701 412 195 357 532 463 100
7 7 1 1 100 0.75 5 846 702 412 177 358 539 470 100
7 7 1 1 100 0.75 5 847 709 414 187 357 544 475 99
7 7 1 1 100 0.75 5 848 715 419 192 363 546 477 104
7 7 1 1 100 0.75 5 849 721 420 198 365 552 483 102
7 7 1 1 100 0.75 5 850 723 424 182 370 555 486 105
7 7 1 1 100 0.75 5 851 727 426 199 373 560 491 108
7 7 1 1 100 0.75 5 852 730 427 191 374 565 497 107
7 7 1 1 100 0.75 5 853 734 426 186 373 571 505 105
7 7 1 1 100 0.75 5 854 736 426 184 375 577 512 102
7 7 1 1 100 0.75 5 855 741 425 189 372 584 520 99
7 7 1 1 100 0.75 5 856 744 429 200 376 585 523 102
7 7 1 1 100 0.75 5 857 745 432 195 378 589 527 102
7 7 1 1 100 0.75 5 858 748 434 185 379 594 532 104
7 7 1 1 100 0.75 5 859 751 434 187 380 601 539 104
7 7 1 1 100 0.75 5 860 753 434 176 383 608 546 101
7 7 1 1 100 0.75 5 861 755 434 188 379 614 553 99
7 7 1 1 100 0.75 5 862 757 433 187 377 622 561 94
7 7 1 1 100 0.75 5 863 760 438 189 382 624 563 97
7 7 1 1 100 0.75 5 864 762 440 183 385 629 568 98
7 7 1 1 100 0.75 5 865 767 440 186 382 636 575 93
7 7 1 1 100 0.75 5 866 775 441 176 383 642 581 93
7 7 1 1 100 0.75 5 867 780 441 170 385 649 588 92
7 7 1 1 100 0.75 5 868 783 441 182 387 656 595 88
7 7 1 1 100 0.75 5 869 786 441 175 386 663 602 86
7 7 1 1 100 0.75 5 870 791 442 180 387 669 608 87
7 7 1 1 100 0.75 5 870 791 442 442 387 755 608 87
7 7 1 1 100 0.75 5 900 791 442 442 387 74 608 87
7 7 1 1 100 0.75 6 901 0 7 7 0 74 0 0
7 7 1 1 100 0.75 6 902 0 14 14 0 74 0 0
7 7 1 1 100 0.75 6 903 0 21 21 0 74 0 0
7 7 1 1 100 0.75 6 904 0 28 28 0 74 0 0
7 7 1 1 100 0.75 6 905 0 35 35 0 74 0 0
7 7 1 1 100 0.75 6 906 0 42 41 0 74 0 0
7 7 1 1 100 0.75 6 907 0 49 49 0 74 0 0
7 7 1 1 100 0.75 6 908 1 56 55 0 74 0 0
7 7 1 1 100 0.75 6 909 2 63 61 1 74 0 0
7 7 1 1 100 0.75 6 910 2 70 67 2 74 0 0
7 7 1 1 100 0.75 6 911 4 77 70 2 74 0 0
7 7 1 1 100 0.75 6 912 8 84 75 4 74 0 0
7 7 1 1 100 0.75 6 913 9 91 80 8 74 0 0
7 7 1 1 100 0.75 6 914 17 98 80 9 74 0 0
7 7 1 1 100 0.75 6 915 21 105 83 17 74 0 1
7 7 1 1 100 0.75 6 916 25 112 88 21 74 0 1
7 7 1 1 100 0.75 6 917 29 119 91 25 74 0 2
7 7 1 1 100 0.75 6 918 33 126 94 29 74 0 3
7 7 1 1 100 0.75 6 919 37 133 100 33 74 0 6
7 7 1 1 100 0.75 6 920 43 140 104 37 74 0 6
7 7 1 1 100 0.75 6 921 44 147 110 43 74 0 7
7 7 1 1 100 0.75 6 922 47 154 123 44 74 0 13
7 7 1 1 100 0.75 6 923 50 161 128 47 74 0 16
7 7 1 1 100 0.75 6 924 54 168 136 50 74 0 19
7 7 1 1 100 0.75 6 925 61 175 141 54 74 0 22
7 7 1 1 100 0.75 6 926 65 182 147 61 74 0 24
7 7 1 1 100 0.75 6 927 72 189 152 65 74 0 27
7 7 1 1 100 0.75 6 928 76 196 161 72 74 0 32
7 7 1 1 100 0.75 6 929 78 203 164 76 74 0 33
7 7 1 1 100 0.75 6 930 82 210 170 78 74 0 36
7 7 1 1 100 0.75 6 931 88 217 175 82 74 0 38
7 7 1 1 100 0.75 6 932 90 223 186 87 75 1 43
7 7 1 1 100 0.75 6 933 92 230 189 89 75 1 45
7 7 1 1 100 0.75 6 934 95 236 201 90 76 2 50
7 7 1 1 100 0.75 6 935 102 243 204 93 76 2 54
7 7 1 1 100 0.75 6 936 108 250 209 100 76 2 57
7 7 1 1 100 0.75 6 937 115 253 212 102 80 6 57
7 7 1 1 100 0.75 6 938 121 257 213 106 83 9 57
7 7 1 1 100 0.75 6 939 128 263 214 111 84 10 58
7 7 1 1 100 0.75 6 940 138 266 212 114 88 14 57
7 7 1 1 100 0.75 6 941 138 270 220 121 91 17 54
7 7 1 1 100 0.75 6 942 143 275 222 119 93 19 55
7 7 1 1 100 0.75 6 943 157 280 223 122 95 21 59
7 7 1 1 100 0.75 6 944 166 285 220 134 97 23 59
7 7 1 1 100 0.75 6 945 169 287 225 138 102 28 57
7 7 1 1 100 0.75 6 946 178 292 226 139 104 30 61
7 7 1 1 100 0.75 6 947 191 297 228 146 106 32 66
7 7 1 1 100 0.75 6 948 196 300 231 155 110 36 66
7 7 1 1 100 0.75 6 949 201 304 228 157 113 39 64
7 7 1 1 100 0.75 6 950 208 307 235 158 117 43 70
7 7 1 1 100 0.75 6 951 216 306 235 157 125 51 68
7 7 1 1 100 0.75 6 952 229 308 228 160 130 56 69
7 7 1 1 100 0.75 6 953 244 314 225 172 131 57 76
7 7 1 1 100 0.75 6 954 251 318 236 184 134 60 80
7 7 1 1 100 0.75 6 955 258 322 234 189 137 63 83
7 7 1 1 100 0.75 6 956 266 323 233 190 143 69 84
7 7 1 1 100 0.75 6 957 274 330 235 198 143 69 87
7 7 1 1 100 0.75 6 958 281 335 239 204 145 71 88
7 7 1 1 100 0.75 6 959 292 337 237 207 150 76 91
7 7 1 1 100 0.75 6 960 305 340 247 215 154 80 99
7 7 1 1 100 0.75 6 961 313 342 247 223 159 85 100
7 7 1 1 100 0.75 6 962 322 348 245 231 160 86 106
7 7 1 1 100 0.75 6 963 332 355 253 240 160 86 112
7 7 1 1 100 0.75 6 964 337 360 259 248 162 88 116
7 7 1 1 100 0.75 6 965 347 361 261 247 168 94 113
7 7 1 1 100 0.75 6 966 353 362 252 251 174 100 118
7 7 1 1 100 0.75 6 967 363 357 251 245 186 112 112
7 7 1 1 100 0.75 6 968 369 357 255 249 193 119 118
7 7 1 1 100 0.75 6 969 384 358 242 250 199 125 120
7 7 1 1 100 0.75 6 970 392 359 246 259 205 131 119
7 7 1 1 100 0.75 6 971 398 364 251 267 207 133 125
7 7 1 1 100 0.75 6 972 408 363 243 267 215 141 127
7 7 1 1 100 0.75 6 973 414 364 245 271 221 147 124
7 7 1 1 100 0.75 6 974 423 366 248 272 226 152 127
7 7 1 1 100 0.75 6 975 431 364 237 272 235 161 123
7 7 1 1 100 0.75 6 976 444 366 240 276 240 166 127
7 7 1 1 100 0.75 6 977 454 368 239 284 245 171 131
7 7 1 1 100 0.75 6 978 460 367 238 288 253 179 133
7 7 1 1 100 0.75 6 979 467 370 224 291 257 183 137
7 7 1 1 100 0.75 6 980 478 371 236 295 263 189 136
7 7 1 1 100 0.75 6 981 486 369 227 297 272 198 133
7 7 1 1 100 0.75 6 982 491 369 225 299 279 205 132
7 7 1 1 100 0.75 6 983 496 366 223 294 289 215 131
7 7 1 1 100 0.75 6 984 505 365 216 293 297 223 131
7 7 1 1 100 0.75 6 985 511 366 221 299 302 229 133
7 7 1 1 100 0.75 6 986 517 358 218 290 317 244 126
7 7 1 1 100 0.75 6 987 524 359 214 291 323 250 127
7 7 1 1 100 0.75 6 988 529 360 211 292 329 256 128
7 7 1 1 100 0.75 6 989 535 360 228 293 336 263 126
7 7 1 1 100 0.75 6 990 548 363 223 296 340 267 128
7 7 1 1 100 0.75 6 991 555 363 205 305 347 274 128
7 7 1 1 100 0.75 6 992 556 364 219 306 353 280 130
7 7 1 1 100 0.75 6 993 565 361 201 297 363 290 121
7 7 1 1 100 0.75 6 994 569 360 200 298 371 298 122
7 7 1 1 100 0.75 6 995 573 362 192 302 376 303 122
7 7 1 1 100 0.75 6 996 580 360 201 298 385 312 120
7 7 1 1 100 0.75 6 997 586 358 193 297 394 321 115
7 7 1 1 100 0.75 6 998 592 356 196 297 403 330 119
7 7 1 1 100 0.75 6 999 594 356 185 298 410 337 115
7 7 1 1 100 0.75 6 1000 602 353 188 294 420 347 107
7 7 1 1 100 0.75 6 1001 605 358 197 302 422 349 111
7 7 1 1 100 0.75 6 1002 614 357 181 299 430 357 110
7 7 1 1 100 0.75 6 1003 619 356 182 303 438 365 108
7 7 1 1 100 0.75 6 1004 624 356 176 303 445 372 109
7 7 1 1 100 0.75 6 1005 628 354 182 299 454 381 105
7 7 1 1 100 0.75 6 1006 633 357 172 302 458 385 106
7 7 1 1 100 0.75 6 1007 635 356 184 301 466 393 106
7 7 1 1 100 0.75 6 1008 640 360 182 303 469 396 109
7 7 1 1 100 0.75 6 1009 645 359 191 303 477 404 108
7 7 1 1 100 0.75 6 1010 648 362 186 306 481 408 107
7 7 1 1 100 0.75 6 1011 654 362 185 305 488 415 105
7 7 1 1 100 0.75 6 1012 657 363 178 309 494 421 101
7 7 1 1 100 0.75 6 1013 662 363 170 307 501 428 102
7 7 1 1 100 0.75 6 1014 665 362 164 307 509 436 98
7 7 1 1 100 0.75 6 1015 670 365 182 309 513 440 100
7 7 1 1 100 0.75 6 1016 673 363 171 308 522 449 98
7 7 1 1 100 0.75 6 1017 677 362 151 308 530 457 93
7 7 1 1 100 0.75 6 1018 681 361 168 305 538 465 88
7 7 1 1 100 0.75 6 1019 687 365 161 310 541 468 92
7 7 1 1 100 0.75 6 1020 690 369 173 314 544 471 96
7 7 1 1 100 0.75 6 1021 693 372 162 316 548 475 98
7 7 1 1 100 0.75 6 1022 698 373 169 318 554 481 96
7 7 1 1 100 0.75 6 1023 702 374 167 319 560 487 96
7 7 1 1 100 0.75 6 1024 703 373 167 322 568 495 92
7 7 1 1 100 0.75 6 1025 708 375 173 319 573 500 94
7 7 1 1 100 0.75 6 1026 712 375 153 318 580 507 92
7 7 1 1 100 0.75 6 1027 716 377 171 323 585 512 92
7 7 1 1 100 0.75 6 1028 718 381 160 327 586 515 91
7 7 1 1 100 0.75 6 1029 722 384 175 327 590 519 93
7 7 1 1 100 0.75 6 1030 723 387 157 332 594 523 95
7 7 1 1 100 0.75 6 1031 725 389 165 332 599 528 95
7 7 1 1 100 0.75 6 1032 727 392 170 335 603 532 93
7 7 1 1 100 0.75 6 1033 734 390 173 331 612 541 88
7 7 1 1 100 0.75 6 1034 735 392 172 335 616 546 88
7 7 1 1 100 0.75 6 1035 738 391 155 336 624 554 87
7 7 1 1 100 0.75 6 1036 739 397 170 343 624 555 90
7 7 1 1 100 0.75 6 1037 744 397 179 341 630 562 88
7 7 1 1 100 0.75 6 1038 746 398 172 343 636 568 84
7 7 1 1 100 0.75 6 1039 749 399 167 342 642 574 86
7 7 1 1 100 0.75 6 1040 754 399 175 344 649 581 82
7 7 1 1 100 0.75 6 1041 757 403 169 349 652 584 87
7 7 1 1 100 0.75 6 1042 761 404 166 350 658 590 88
7 7 1 1 100 0.75 6 1043 765 407 173 353 661 594 89
7 7 1 1 100 0.75 6 1044 766 405 158 350 669 603 83
7 7 1 1 100 0.75 6 1045 769 407 163 352 674 608 84
7 7 1 1 100 0.75 6 1046 774 412 154 358 676 610 88
7 7 1 1 100 0.75 6 1047 780 417 163 364 677 612 92
7 7 1 1 100 0.75 6 1048 782 416 164 365 685 620 91
7 7 1 1 100 0.75 6 1049 783 420 163 365 688 623 95
7 7 1 1 100 0.75 6 1050 787 420 166 362 695 630 91
7 7 1 1 100 0.75 6 1050 787 420 420 362 785 630 91
7 7 1 1 100 0.75 6 1080 787 420 420 362 75 630 91
7 7 1 1 100 0.75 7 1081 0 7 7 0 75 0 0
7 7 1 1 100 0.75 7 1082 0 14 14 0 75 0 0
7 7 1 1 100 0.75 7 1083 0 21 21 0 75 0 0
7 7 1 1 100 0.75 7 1084 0 28 28 0 75 0 0
7 7 1 1 100 0.75 7 1085 0 35 35 0 75 0 0
7 7 1 1 100 0.75 7 1086 0 42 41 0 75 0 0
7 7 1 1 100 0.75 7 1087 0 49 47 0 75 0 0
7 7 1 1 100 0.75 7 1088 1 56 55 0 75 0 0
7 7 1 1 100 0.75 7 1089 4 63 59 1 75 0 0
7 7 1 1 100 0.75 7 1090 11 70 57 4 75 0 0
7 7 1 1 100 0.75 7 1091 14 77 63 11 75 0 0
7 7 1 1 100 0.75 7 1092 15 84 67 14 75 0 0
7 7 1 1 100 0.75 7 1093 19 91 71 15 75 0 0
7 7 1 1 100 0.75 7 1094 21 98 75 19 75 0 0
7 7 1 1 100 0.75 7 1095 24 105 79 21 75 0 1
7 7 1 1 100 0.75 7 1096 30 112 85 24 75 0 2
7 7 1 1 100 0.75 7 1097 35 119 89 30 75 0 4
7 7 1 1 100 0.75 7 1098 39 126 98 35 75 0 9
7 7 1 1 100 0.75 7 1099 43 133 99 39 75 0 10
7 7 1 1 100 0.75 7 1100 48 140 107 43 75 0 13
7 7 1 1 100 0.75 7 1101 54 147 109 48 75 0 16
7 7 1 1 100 0.75 7 1102 54 154 117 54 75 0 18
7 7 1 1 100 0.75 7 1103 58 161 124 54 75 0 21
7 7 1 1 100 0.75 7 1104 64 168 126 58 75 0 24
7 7 1 1 100 0.75 7 1105 70 175 135 64 75 0 28
7 7 1 1 100 0.75 7 1106 74 182 144 70 75 0 31
7 7 1 1 100 0.75 7 1107 81 189 147 74 75 0 35
7 7 1 1 100 0.75 7 1108 88 196 150 81 75 0 39
7 7 1 1 100 0.75 7 1109 91 203 157 88 75 0 41
7 7 1 1 100 0.75 7 1110 98 210 160 91 75 0 43
7 7 1 1 100 0.75 7 1111 100 216 170 97 76 1 46
7 7 1 1 100 0.75 7 1112 108 223 175 99 76 1 51
7 7 1 1 100 0.75 7 1113 110 229 180 106 77 2 53
7 7 1 1 100 0.75 7 1114 114 232 186 104 81 6 53
7 7 1 1 100 0.75 7 1115 122 236 191 105 83 9 57
7 7 1 1 100 0.75 7 1116 124 240 189 110 86 12 57
7 7 1 1 100 0.75 7 1117 134 244 192 109 89 15 59
7 7 1 1 100 0.75 7 1118 141 249 190 117 91 17 60
7 7 1 1 100 0.75 7 1119 149 253 196 121 94 20 64
7 7 1 1 100 0.75 7 1120 153 258 196 127 96 22 64
7 7 1 1 100 0.75 7 1121 160 261 200 127 100 26 61
7 7 1 1 100 0.75 7 1122 167 264 201 130 104 30 63
7 7 1 1 100 0.75 7 1123 178 268 199 134 107 33 65
7 7 1 1 100 0.75 7 1124 183 274 203 144 108 34 67
7 7 1 1 100 0.75 7 1125 185 280 215 148 109 35 72
7 7 1 1 100 0.75 7 1126 190 285 219 148 111 37 74
7 7 1 1 100 0.75 7 1127 198 285 217 146 118 44 72
7 7 1 1 100 0.75 7 1128 205 290 217 152 119 46 73
7 7 1 1 100 0.75 7 1129 214 290 218 153 126 53 72
7 7 1 1 100 0.75 7 1130 219 297 222 164 126 53 78
7 7 1 1 100 0.75 7 1131 226 298 222 164 132 59 78
7 7 1 1 100 0.75 7 1132 233 302 217 168 135 62 79
7 7 1 1 100 0.75 7 1133 240 305 226 172 139 66 79
7 7 1 1 100 0.75 7 1134 247 309 227 176 142 69 79
7 7 1 1 100 0.75 7 1135 254 312 227 179 146 73 83
7 7 1 1 100 0.75 7 1136 262 318 236 186 146 74 88
7 7 1 1 100 0.75 7 1137 277 316 232 185 155 83 89
7 7 1 1 100 0.75 7 1138 284 319 224 196 159 87 89
7 7 1 1 100 0.75 7 1139 295 321 223 198 164 92 89
7 7 1 1 100 0.75 7 1140 302 326 225 208 166 94 92
7 7 1 1 100 0.75 7 1141 310 330 233 212 169 97 94
7 7 1 1 100 0.75 7 1142 320 333 234 216 173 101 92
7 7 1 1 100 0.75 7 1143 330 330 223 216 183 111 86
7 7 1 1 100 0.75 7 1144 340 329 220 218 191 119 87
7 7 1 1 100 0.75 7 1145 346 330 224 222 197 125 92
7 7 1 1 100 0.75 7 1146 358 333 225 224 200 129 95
7 7 1 1 100 0.75 7 1147 361 336 238 232 204 133 100
7 7 1 1 100 0.75 7 1148 369 339 233 231 208 137 98
7 7 1 1 100 0.75 7 1149 374 343 234 239 211 140 100
7 7 1 1 100 0.75 7 1150 387 346 239 240 215 144 103
7 7 1 1 100 0.75 7 1151 400 347 230 247 221 150 103
7 7 1 1 100 0.75 7 1152 405 349 240 255 226 155 106
7 7 1 1 100 0.75 7 1153 411 354 235 258 228 157 107
7 7 1 1 100 0.75 7 1154 423 353 230 257 236 165 105
7 7 1 1 100 0.75 7 1155 435 349 217 259 247 176 101
7 7 1 1 100 0.75 7 1156 444 353 228 268 250 179 103
7 7 1 1 100 0.75 7 1157 448 355 224 273 254 184 105
7 7 1 1 100 0.75 7 1158 457 360 229 276 255 186 114
7 7 1 1 100 0.75 7 1159 465 360 218 278 262 193 113
7 7 1 1 100 0.75 7 1160 476 360 220 284 269 200 111
7 7 1 1 100 0.75 7 1161 480 363 221 291 272 204 116
7 7 1 1 100 0.75 7 1162 487 364 219 292 278 210 118
7 7 1 1 100 0.75 7 1163 491 362 224 292 287 219 121
7 7 1 1 100 0.75 7 1164 502 363 217 291 293 225 120
7 7 1 1 100 0.75 7 1165 507 361 222 296 301 234 116
7 7 1 1 100 0.75 7 1166 512 360 207 294 308 242 115
7 7 1 1 100 0.75 7 1167 517 365 227 301 310 244 127
7 7 1 1 100 0.75 7 1168 525 363 212 299 319 253 124
7 7 1 1 100 0.75 7 1169 532 366 224 304 323 257 127
7 7 1 1 100 0.75 7 1170 536 365 213 305 331 265 125
7 7 1 1 100 0.75 7 1171 537 367 223 308 336 270 125
7 7 1 1 100 0.75 7 1172 542 370 210 306 339 274 130
7 7 1 1 100 0.75 7 1173 551 371 221 309 344 280 129
7 7 1 1 100 0.75 7 1174 555 372 210 314 350 286 131
7 7 1 1 100 0.75 7 1175 560 375 218 314 354 290 130
7 7 1 1 100 0.75 7 1176 566 377 210 320 359 295 129
7 7 1 1 100 0.75 7 1177 574 374 206 316 369 305 127
7 7 1 1 100 0.75 7 1178 580 372 201 316 378 314 123
7 7 1 1 100 0.75 7 1179 584 369 196 313 388 324 115
7 7 1 1 100 0.75 7 1180 590 365 191 308 399 335 114
7 7 1 1 100 0.75 7 1181 591 367 186 313 403 340 116
7 7 1 1 100 0.75 7 1182 598 367 193 309 410 347 115
7 7 1 1 100 0.75 7 1183 602 367 190 310 417 354 115
7 7 1 1 100 0.75 7 1184 607 364 201 305 427 364 111
7 7 1 1 100 0.75 7 1185 609 364 189 306 434 371 112
7 7 1 1 100 0.75 7 1186 611 361 185 302 444 381 106
7 7 1 1 100 0.75 7 1187 615 363 180 304 449 386 104
7 7 1 1 100 0.75 7 1188 621 363 184 304 456 393 101
7 7 1 1 100 0.75 7 1189 624 365 184 311 461 398 101
7 7 1 1 100 0.75 7 1190 630 364 169 308 469 406 98
7 7 1 1 100 0.75 7 1191 631 364 179 309 476 413 97
7 7 1 1 100 0.75 7 1192 635 367 162 310 480 417 97
7 7 1 1 100 0.75 7 1193 637 367 179 311 487 424 98
7 7 1 1 100 0.75 7 1194 644 371 162 314 490 427 97
7 7 1 1 100 0.75 7 1195 649 375 189 323 493 430 101
7 7 1 1 100 0.75 7 1196 653 374 177 322 501 438 94
7 7 1 1 100 0.75 7 1197 657 370 176 315 512 449 89
7 7 1 1 100 0.75 7 1198 662 371 180 317 518 455 90
7 7 1 1 100 0.75 7 1199 666 377 177 322 519 456 91
7 7 1 1 100 0.75 7 1200 670 374 159 321 529 466 84
7 7 1 1 100 0.75 7 1201 674 374 171 321 536 473 83
7 7 1 1 100 0.75 7 1202 677 376 175 322 541 478 86
7 7 1 1 100 0.75 7 1203 680 374 167 322 550 487 80
7 7 1 1 100 0.75 7 1204 682 377 166 324 554 491 81
7 7 1 1 100 0.75 7 1205 685 379 174 322 559 496 79
7 7 1 1 100 0.75 7 1206 688 384 173 327 561 498 85
7 7 1 1 100 0.75 7 1207 691 390 166 336 561 499 91
7 7 1 1 100 0.75 7 1208 694 391 176 335 567 505 89
7 7 1 1 100 0.75 7 1209 696 388 170 329 577 515 83
7 7 1 1 100 0.75 7 1210 701 392 176 333 580 518 86
7 7 1 1 100 0.75 7 1211 704 396 170 341 583 521 87
7 7 1 1 100 0.75 7 1212 709 400 155 343 586 524 90
7 7 1 1 100 0.75 7 1213 712 402 165 347 591 529 89
7 7 1 1 100 0.75 7 1214 714 403 164 350 597 535 89
7 7 1 1 100 0.75 7 1215 718 403 180 349 603 542 85
7 7 1 1 100 0.75 7 1216 722 408 174 354 604 544 90
7 7 1 1 100 0.75 7 1217 724 411 182 360 608 548 92
7 7 1 1 100 0.75 7 1218 728 410 170 354 616 556 88
7 7 1 1 100 0.75 7 1219 733 415 173 360 618 558 91
7 7 1 1 100 0.75 7 1220 737 414 182 359 626 566 92
7 7 1 1 100 0.75 7 1221 739 417 179 363 630 570 93
7 7 1 1 100 0.75 7 1222 744 420 181 365 633 574 94
7 7 1 1 100 0.75 7 1223 746 421 180 368 639 580 97
7 7 1 1 100 0.75 7 1224 748 419 183 365 648 589 92
7 7 1 1 100 0.75 7 1225 751 425 178 369 648 590 96
7 7 1 1 100 0.75 7 1226 756 426 166 369 654 596 96
7 7 1 1 100 0.75 7 1227 759 425 179 372 662 604 93
7 7 1 1 100 0.75 7 1228 759 428 175 375 666 608 96
7 7 1 1 100 0.75 7 1229 763 427 177 371 674 616 93
7 7 1 1 100 0.75 7 1230 765 432 168 378 676 618 98
7 7 1 1 100 0.75 7 1230 765 432 432 378 773 618 98
7 7 1 1 100 0.75 7 1260 765 432 432 378 75 618 98
7 7 1 1 100 0.75 8 1261 0 7 7 0 75 0 0
7 7 1 1 100 0.75 8 1262 0 14 14 0 75 0 0
7 7 1 1 100 0.75 8 1263 0 21 21 0 75 0 0
7 7 1 1 100 0.75 8 1264 0 28 28 0 75 0 0
7 7 1 1 100 0.75 8 1265 0 35 35 0 75 0 0
7 7 1 1 100 0.75 8 1266 0 42 42 0 75 0 0
7 7 1 1 100 0.75 8 1267 1 49 47 0 75 0 0
7 7 1 1 100 0.75 8 1268 1 56 53 1 75 0 0
7 7 1 1 100 0.75 8 1269 5 63 58 1 75 0 0
7 7 1 1 100 0.75 8 1270 6 70 63 5 75 0 0
7 7 1 1 100 0.75 8 1271 7 77 68 6 75 0 0
7 7 1 1 100 0.75 8 1272 13 84 70 7 75 0 0
7 7 1 1 100 0.75 8 1273 15 91 76 13 75 0 0
7 7 1 1 100 0.75 8 1274 20 98 76 15 75 0 0
7 7 1 1 100 0.75 8 1275 22 105 82 20 75 0 1
7 7 1 1 100 0.75 8 1276 25 112 91 22 75 0 3
7 7 1 1 100 0.75 8 1277 29 119 91 25 75 0 3
7 7 1 1 100 0.75 8 1278 34 126 96 29 75 0 5
7 7 1 1 100 0.75 8 1279 38 133 101 34 75 0 8
7 7 1 1 100 0.75 8 1280 42 140 106 38 75 0 9
7 7 1 1 100 0.75 8 1281 45 147 116 42 75 0 11
7 7 1 1 100 0.75 8 1282 52 154 119 45 75 0 15
7 7 1 1 100 0.75 8 1283 56 161 123 52 75 0 17
7 7 1 1 100 0.75 8 1284 59 168 129 56 75 0 18
7 7 1 1 100 0.75 8 1285 61 175 138 59 75 0 20
7 7 1 1 100 0.75 8 1286 68 182 146 61 75 0 27
7 7 1 1 100 0.75 8 1287 76 189 146 68 75 0 29
7 7 1 1 100 0.75 8 1288 80 196 155 76 75 0 32
7 7 1 1 100 0.75 8 1289 86 203 160 80 75 0 37
7 7 1 1 100 0.75 8 1290 89 210 169 86 75 0 40
7 7 1 1 100 0.75 8 1291 95 216 171 88 76 1 42
7 7 1 1 100 0.75 8 1292 100 223 177 94 76 1 45
7 7 1 1 100 0.75 8 1293 105 228 174 97 78 3 46
7 7 1 1 100 0.75 8 1294 111 233 187 100 80 5 50
7 7 1 1 100 0.75 8 1295 117 240 192 106 80 5 53
7 7 1 1 100 0.75 8 1296 121 245 196 110 82 7 56
7 7 1 1 100 0.75 8 1297 128 249 196 111 85 10 56
7 7 1 1 100 0.75 8 1298 135 255 204 117 85 11 58
7 7 1 1 100 0.75 8 1299 140 259 208 121 88 14 60
7 7 1 1 100 0.75 8 1300 145 265 211 125 89 15 62
7 7 1 1 100 0.75 8 1301 152 271 217 129 90 16 64
7 7 1 1 100 0.75 8 1302 160 273 212 131 95 21 62
7 7 1 1 100 0.75 8 1303 165 276 220 135 99 25 65
7 7 1 1 100 0.75 8 1304 171 280 217 137 102 28 65
7 7 1 1 100 0.75 8 1305 178 283 220 139 106 32 65
7 7 1 1 100 0.75 8 1306 186 287 215 143 109 35 66
7 7 1 1 100 0.75 8 1307 200 292 218 149 111 37 71
7 7 1 1 100 0.75 8 1308 204 297 224 161 113 39 72
7 7 1 1 100 0.75 8 1309 211 301 225 162 116 42 77
7 7 1 1 100 0.75 8 1310 223 303 222 164 121 47 76
7 7 1 1 100 0.75 8 1311 230 306 221 172 125 51 77
7 7 1 1 100 0.75 8 1312 239 310 228 176 128 54 79
7 7 1 1 100 0.75 8 1313 247 314 221 182 131 57 79
7 7 1 1 100 0.75 8 1314 257 318 231 187 134 60 83
7 7 1 1 100 0.75 8 1315 260 320 237 192 139 65 88
7 7 1 1 100 0.75 8 1316 264 320 239 188 146 72 84
7 7 1 1 100 0.75 8 1317 278 323 231 188 150 76 86
7 7 1 1 100 0.75 8 1318 283 323 224 196 157 83 85
7 7 1 1 100 0.75 8 1319 290 328 239 199 159 85 89
7 7 1 1 100 0.75 8 1320 298 332 241 204 162 88 91
7 7 1 1 100 0.75 8 1321 305 335 250 208 165 92 94
7 7 1 1 100 0.75 8 1322 317 340 239 214 167 94 97
7 7 1 1 100 0.75 8 1323 324 340 236 220 173 101 91
7 7 1 1 100 0.75 8 1324 335 343 236 223 177 105 96
7 7 1 1 100 0.75 8 1325 338 345 239 229 182 110 96
7 7 1 1 100 0.75 8 1326 347 349 240 231 185 113 97
7 7 1 1 100 0.75 8 1327 360 347 235 232 194 122 97
7 7 1 1 100 0.75 8 1328 367 350 235 241 198 126 97
7 7 1 1 100 0.75 8 1329 371 350 239 241 205 133 98
7 7 1 1 100 0.75 8 1330 382 350 234 240 212 140 97
7 7 1 1 100 0.75 8 1331 399 353 230 248 216 144 104
7 7 1 1 100 0.75 8 1332 408 356 232 261 220 148 106
7 7 1 1 100 0.75 8 1333 415 356 228 265 227 155 107
7 7 1 1 100 0.75 8 1334 428 360 239 269 230 158 113
7 7 1 1 100 0.75 8 1335 438 358 221 273 239 167 111
7 7 1 1 100 0.75 8 1336 444 363 229 282 241 169 112
7 7 1 1 100 0.75 8 1337 453 364 231 283 247 175 114
7 7 1 1 100 0.75 8 1338 460 367 233 289 251 179 123
7 7 1 1 100 0.75 8 1339 467 366 230 288 259 187 122
7 7 1 1 100 0.75 8 1340 472 368 235 291 264 192 124
7 7 1 1 100 0.75 8 1341 481 367 233 289 272 200 126
7 7 1 1 100 0.75 8 1342 490 372 232 297 274 202 138
7 7 1 1 100 0.75 8 1343 498 372 225 302 281 209 135
7 7 1 1 100 0.75 8 1344 503 375 230 306 285 213 141
7 7 1 1 100 0.75 8 1345 511 379 228 309 288 216 142
7 7 1 1 100 0.75 8 1346 514 373 219 306 301 229 136
7 7 1 1 100 0.75 8 1347 518 374 219 304 307 235 132
7 7 1 1 100 0.75 8 1348 523 372 224 303 315 244 129
7 7 1 1 100 0.75 8 1349 529 371 224 302 323 252 129
7 7 1 1 100 0.75 8 1350 537 376 226 308 325 254 135
7 7 1 1 100 0.75 8 1351 546 375 219 309 333 262 132
7 7 1 1 100 0.75 8 1352 550 374 220 311 341 270 129
7 7 1 1 100 0.75 8 1353 554 371 216 308 351 280 125
7 7 1 1 100 0.75 8 1354 558 368 206 305 361 290 117
7 7 1 1 100 0.75 8 1355 563 367 203 303 369 298 116
7 7 1 1 100 0.75 8 1356 565 362 199 299 381 310 109
7 7 1 1 100 0.75 8 1357 575 361 201 296 389 318 108
7 7 1 1 100 0.75 8 1358 582 361 188 302 395 325 107
7 7 1 1 100 0.75 8 1359 586 361 199 305 402 332 107
7 7 1 1 100 0.75 8 1360 591 357 182 298 413 343 102
7 7 1 1 100 0.75 8 1361 595 359 184 303 418 348 102
7 7 1 1 100 0.75 8 1362 598 360 187 306 422 354 102
7 7 1 1 100 0.75 8 1363 601 360 192 306 429 361 102
7 7 1 1 100 0.75 8 1364 606 355 181 299 441 373 97
7 7 1 1 100 0.75 8 1365 610 359 184 303 444 376 105
7 7 1 1 100 0.75 8 1366 613 362 176 305 447 380 105
7 7 1 1 100 0.75 8 1367 616 365 188 308 451 384 110
7 7 1 1 100 0.75 8 1368 620 368 199 308 455 388 113
7 7 1 1 100 0.75 8 1369 624 371 193 312 459 392 117
7 7 1 1 100 0.75 8 1370 627 371 191 311 466 399 113
7 7 1 1 100 0.75 8 1371 633 370 178 312 474 407 108
7 7 1 1 100 0.75 8 1372 641 371 183 317 479 413 109
7 7 1 1 100 0.75 8 1373 643 373 176 322 484 418 112
7 7 1 1 100 0.75 8 1374 647 377 167 323 487 421 109
7 7 1 1 100 0.75 8 1375 652 377 172 323 493 428 103
7 7 1 1 100 0.75 8 1376 657 377 168 323 500 435 102
7 7 1 1 100 0.75 8 1377 660 376 173 322 508 443 98
7 7 1 1 100 0.75 8 1378 663 378 175 324 513 448 102
7 7 1 1 100 0.75 8 1379 667 381 171 326 516 452 107
7 7 1 1 100 0.75 8 1380 671 378 176 322 526 462 104
7 7 1 1 100 0.75 8 1381 674 380 184 327 531 467 105
7 7 1 1 100 0.75 8 1382 676 378 177 325 540 476 100
7 7 1 1 100 0.75 8 1383 681 379 174 322 546 482 100
7 7 1 1 100 0.75 8 1384 686 382 174 327 550 486 102
7 7 1 1 100 0.75 8 1385 688 383 175 328 556 492 100
7 7 1 1 100 0.75 8 1386 689 384 172 327 562 498 100
7 7 1 1 100 0.75 8 1387 695 381 175 323 572 508 95
7 7 1 1 100 0.75 8 1388 700 380 160 323 580 516 94
7 7 1 1 100 0.75 8 1389 706 382 159 326 585 521 92
7 7 1 1 100 0.75 8 1390 714 386 169 329 588 524 93
7 7 1 1 100 0.75 8 1391 716 388 178 334 593 529 94
7 7 1 1 100 0.75 8 1392 720 391 169 332 597 533 95
7 7 1 1 100 0.75 8 1393 725 396 159 339 599 535 93
7 7 1 1 100 0.75 8 1394 727 397 184 341 604 541 94
7 7 1 1 100 0.75 8 1395 731 398 178 342 610 547 92
7 7 1 1 100 0.75 8 1396 733 399 165 345 616 553 93
7 7 1 1 100 0.75 8 1397 737 403 161 346 618 556 96
7 7 1 1 100 0.75 8 1398 741 399 164 345 629 567 89
7 7 1 1 100 0.75 8 1399 743 399 157 345 636 574 88
7 7 1 1 100 0.75 8 1400 745 399 161 345 643 581 85
7 7 1 1 100 0.75 8 1401 746 400 149 345 648 587 84
7 7 1 1 100 0.75 8 1402 751 401 154 344 653 593 85
7 7 1 1 100 0.75 8 1403 754 404 155 350 657 597 85
7 7 1 1 100 0.75 8 1404 756 407 153 356 661 601 87
7 7 1 1 100 0.75 8 1405 760 413 167 358 662 602 93
7 7 1 1 100 0.75 8 1406 763 415 159 362 667 607 95
7 7 1 1 100 0.75 8 1407 764 415 173 360 674 614 90
7 7 1 1 100 0.75 8 1408 765 421 159 366 675 615 93
7 7 1 1 100 0.75 8 1409 768 421 161 365 682 622 93
7 7 1 1 100 0.75 8 1410 769 421 169 366 689 629 97
7 7 1 1 100 0.75 8 1410 769 421 421 366 786 629 97
7 7 1 1 100 0.75 8 1440 769 421 421 366 75 629 97
7 7 1 1 100 0.75 9 1441 0 7 7 0 75 0 0
7 7 1 1 100 0.75 9 1442 0 14 14 0 75 0 0
7 7 1 1 100 0.75 9 1443 0 21 21 0 75 0 0
7 7 1 1 100 0.75 9 1444 0 28 28 0 75 0 0
7 7 1 1 100 0.75 9 1445 0 35 35 0 75 0 0
7 7 1 1 100 0.75 9 1446 0 42 42 0 75 0 0
7 7 1 1 100 0.75 9 1447 0 49 48 0 75 0 0
7 7 1 1 100 0.75 9 1448 0 56 56 0 75 0 0
7 7 1 1 100 0.75 9 1449 2 63 60 0 75 0 0
7 7 1 1 100 0.75 9 1450 6 70 62 2 75 0 0
7 7 1 1 100 0.75 9 1451 6 77 71 6 75 0 0
7 7 1 1 100 0.75 9 1452 10 84 72 6 75 0 0
7 7 1 1 100 0.75 9 1453 12 91 78 10 75 0 0
7 7 1 1 100 0.75 9 1454 15 98 82 12 75 0 0
7 7 1 1 100 0.75 9 1455 24 105 81 15 75 0 0
7 7 1 1 100 0.75 9 1456 27 112 85 24 75 0 1
7 7 1 1 100 0.75 9 1457 31 119 90 27 75 0 4
7 7 1 1 100 0.75 9 1458 32 126 98 31 75 0 5
7 7 1 1 100 0.75 9 1459 36 133 105 32 75 0 7
7 7 1 1 100 0.75 9 1460 39 140 108 36 75 0 8
7 7 1 1 100 0.75 9 1461 43 147 116 39 75 0 13
7 7 1 1 100 0.75 9 1462 48 154 121 43 75 0 17
7 7 1 1 100 0.75 9 1463 52 161 130 48 75 0 19
7 7 1 1 100 0.75 9 1464 59 168 133 52 74 0 21
7 7 1 1 100 0.75 9 1465 61 175 142 59 74 0 22
7 7 1 1 100 0.75 9 1466 66 182 145 61 74 0 24
7 7 1 1 100 0.75 9 1467 71 189 150 66 74 0 26
7 7 1 1 100 0.75 9 1468 81 196 151 71 74 0 28
7 7 1 1 100 0.75 9 1469 84 203 160 81 73 0 29
7 7 1 1 100 0.75 9 1470 87 210 168 84 73 0 32
7 7 1 1 100 0.75 9 1471 92 217 174 87 73 0 36
7 7 1 1 100 0.75 9 1472 97 223 180 91 74 1 38
7 7 1 1 100 0.75 9 1473 100 229 187 95 75 2 41
7 7 1 1 100 0.75 9 1474 103 236 193 98 75 2 44
7 7 1 1 100 0.75 9 1475 107 241 199 99 77 4 48
7 7 1 1 100 0.75 9 1476 117 245 201 100 80 7 53
7 7 1 1 100 0.75 9 1477 121 249 201 107 83 10 51
7 7 1 1 100 0.75 9 1478 125 253 205 108 86 13 52
7 7 1 1 100 0.75 9 1479 134 259 204 111 87 14 56
7 7 1 1 100 0.75 9 1480 142 262 208 116 91 18 54
7 7 1 1 100 0.75 9 1481 153 267 205 122 93 20 54
7 7 1 1 100 0.75 9 1482 155 272 210 131 95 22 54
7 7 1 1 100 0.75 9 1483 163 275 210 129 99 26 55
7 7 1 1 100 0.75 9 1484 173 281 217 136 100 27 62
7 7 1 1 100 0.75 9 1485 179 286 215 144 102 29 62
7 7 1 1 100 0.75 9 1486 187 292 224 149 103 30 68
7 7 1 1 100 0.75 9 1487 196 298 224 156 104 31 75
7 7 1 1 100 0.75 9 1488 205 302 227 162 107 34 76
7 7 1 1 100 0.75 9 1489 209 305 228 167 111 38 78
7 7 1 1 100 0.75 9 1490 214 307 230 166 116 43 75
7 7 1 1 100 0.75 9 1491 223 307 239 165 123 50 77
7 7 1 1 100 0.75 9 1492 230 312 237 172 125 52 80
7 7 1 1 100 0.75 9 1493 238 313 231 173 131 58 78
7 7 1 1 100 0.75 9 1494 246 317 243 178 134 61 83
7 7 1 1 100 0.75 9 1495 258 323 236 185 135 62 89
7 7 1 1 100 0.75 9 1496 266 326 248 193 139 66 91
7 7 1 1 100 0.75 9 1497 275 327 231 195 145 72 88
7 7 1 1 100 0.75 9 1498 281 331 242 201 148 75 90
7 7 1 1 100 0.75 9 1499 293 333 238 202 153 80 92
7 7 1 1 100 0.75 9 1500 300 340 247 216 153 80 98
7 7 1 1 100 0.75 9 1501 304 345 238 221 155 82 98
7 7 1 1 100 0.75 9 1502 308 344 248 219 163 90 98
7 7 1 1 100 0.75 9 1503 318 347 250 219 167 94 102
7 7 1 1 100 0.75 9 1504 330 348 251 223 173 100 101
7 7 1 1 100 0.75 9 1505 338 351 245 231 177 104 101
7 7 1 1 100 0.75 9 1506 343 352 252 233 183 110 104
7 7 1 1 100 0.75 9 1507 353 352 246 231 190 117 104
7 7 1 1 100 0.75 9 1508 356 356 255 240 193 120 106
7 7 1 1 100 0.75 9 1509 363 358 243 238 198 125 103
7 7 1 1 100 0.75 9 1510 373 359 239 240 204 131 102
7 7 1 1 100 0.75 9 1511 382 359 238 245 210 138 101
7 7 1 1 100 0.75 9 1512 395 358 241 246 218 146 101
7 7 1 1 100 0.75 9 1513 404 360 236 254 223 151 100
7 7 1 1 100 0.75 9 1514 415 363 237 260 227 155 103
7 7 1 1 100 0.75 9 1515 422 364 239 266 232 161 101
7 7 1 1 100 0.75 9 1516 425 366 239 268 236 166 98
7 7 1 1 100 0.75 9 1517 436 364 225 262 245 175 96
7 7 1 1 100 0.75 9 1518 448 365 234 267 251 181 97
7 7 1 1 100 0.75 9 1519 457 368 228 276 255 185 99
7 7 1 1 100 0.75 9 1520 466 372 235 283 258 188 104
7 7 1 1 100 0.75 9 1521 476 373 225 286 263 194 109
7 7 1 1 100 0.75 9 1522 481 375 228 293 268 199 111
7 7 1 1 100 0.75 9 1523 490 372 225 291 278 209 105
7 7 1 1 100 0.75 9 1524 495 372 226 293 285 216 105
7 7 1 1 100 0.75 9 1525 502 373 219 296 291 222 106
7 7 1 1 100 0.75 9 1526 504 378 227 303 293 224 116
7 7 1 1 100 0.75 9 1527 509 379 228 302 299 230 115
7 7 1 1 100 0.75 9 1528 515 381 239 303 304 235 116
7 7 1 1 100 0.75 9 1529 524 380 231 302 312 243 116
7 7 1 1 100 0.75 9 1530 530 382 238 309 316 248 117
7 7 1 1 100 0.75 9 1531 537 385 231 313 320 252 124
7 7 1 1 100 0.75 9 1532 543 386 227 315 326 258 123
7 7 1 1 100 0.75 9 1533 549 387 229 316 332 264 125
7 7 1 1 100 0.75 9 1534 556 388 223 316 338 270 122
7 7 1 1 100 0.75 9 1535 564 386 216 317 346 279 115
7 7 1 1 100 0.75 9 1536 571 389 221 324 350 283 116
7 7 1 1 100 0.75 9 1537 576 391 210 327 355 288 120
7 7 1 1 100 0.75 9 1538 584 392 211 327 361 294 118
7 7 1 1 100 0.75 9 1539 590 389 213 325 371 304 115
7 7 1 1 100 0.75 9 1540 597 388 215 323 379 312 113
7 7 1 1 100 0.75 9 1541 603 387 212 325 387 320 111
7 7 1 1 100 0.75 9 1542 611 386 212 325 395 328 111
7 7 1 1 100 0.75 9 1543 616 382 197 325 406 339 106
7 7 1 1 100 0.75 9 1544 621 385 203 329 410 343 107
7 7 1 1 100 0.75 9 1545 625 386 206 330 416 349 105
7 7 1 1 100 0.75 9 1546 628 388 210 333 421 354 104
7 7 1 1 100 0.75 9 1547 633 385 199 327 431 364 102
7 7 1 1 100 0.75 9 1548 639 388 197 331 435 368 100
7 7 1 1 100 0.75 9 1549 644 391 200 335 439 372 104
7 7 1 1 100 0.75 9 1550 651 389 207 331 447 381 103
7 7 1 1 100 0.75 9 1551 655 389 201 333 454 388 101
7 7 1 1 100 0.75 9 1552 659 393 200 335 457 391 103
7 7 1 1 100 0.75 9 1553 662 396 195 341 461 395 104
7 7 1 1 100 0.75 9 1554 666 401 196 345 463 397 106
7 7 1 1 100 0.75 9 1555 670 397 191 341 474 408 99
7 7 1 1 100 0.75 9 1556 674 398 194 343 480 414 98
7 7 1 1 100 0.75 9 1557 676 393 186 338 492 426 91
7 7 1 1 100 0.75 9 1558 681 398 186 342 493 428 97
7 7 1 1 100 0.75 9 1559 683 398 172 345 500 435 94
7 7 1 1 100 0.75 9 1560 686 398 177 341 507 442 92
7 7 1 1 100 0.75 9 1561 688 399 167 344 512 448 89
7 7 1 1 100 0.75 9 1562 696 399 184 342 519 455 85
7 7 1 1 100 0.75 9 1563 699 404 181 351 520 457 90
7 7 1 1 100 0.75 9 1564 704 407 176 352 523 461 90
7 7 1 1 100 0.75 9 1565 707 411 186 357 526 464 94
7 7 1 1 100 0.75 9 1566 713 414 200 358 530 468 94
7 7 1 1 100 0.75 9 1567 716 412 190 358 539 477 88
7 7 1 1 100 0.75 9 1568 718 415 195 361 543 481 89
7 7 1 1 100 0.75 9 1569 724 415 195 359 550 488 89
7 7 1 1 100 0.75 9 1570 728 416 188 361 556 494 87
7 7 1 1 100 0.75 9 1571 729 415 187 360 564 502 85
7 7 1 1 100 0.75 9 1572 732 419 188 362 567 505 86
7 7 1 1 100 0.75 9 1573 737 422 187 365 571 509 84
7 7 1 1 100 0.75 9 1574 740 424 178 366 576 514 87
7 7 1 1 100 0.75 9 1575 742 425 187 369 582 520 87
7 7 1 1 100 0.75 9 1576 746 427 178 370 587 525 90
7 7 1 1 100 0.75 9 1577 748 432 183 376 589 527 92
7 7 1 1 100 0.75 9 1578 753 431 175 376 597 535 87
7 7 1 1 100 0.75 9 1579 757 435 167 380 600 538 90
7 7 1 1 100 0.75 9 1580 760 434 174 379 608 546 87
7 7 1 1 100 0.75 9 1581 763 434 189 381 615 553 87
7 7 1 1 100 0.75 9 1582 765 439 182 386 616 555 89
7 7 1 1 100 0.75 9 1583 767 440 184 387 622 561 88
7 7 1 1 100 0.75 9 1584 769 442 186 389 627 566 92
7 7 1 1 100 0.75 9 1585 773 444 176 389 632 571 92
7 7 1 1 100 0.75 9 1586 776 446 170 392 637 576 92
7 7 1 1 100 0.75 9 1587 776 450 181 397 640 579 94
7 7 1 1 100 0.75 9 1588 781 454 186 399 642 582 99
7 7 1 1 100 0.75 9 1589 783 459 186 406 644 584 102
7 7 1 1 100 0.75 9 1590 785 462 180 409 648 588 102
7 7 1 1 100 0.75 9 1590 785 462 462 409 749 588 102
7 7 1 1 100 0.75 9 1620 785 462 462 409 75 588 102
7 7 1 1 100 0.75 10 1621 0 7 7 0 75 0 0
7 7 1 1 100 0.75 10 1622 0 14 14 0 75 0 0
7 7 1 1 100 0.75 10 1623 0 21 21 0 75 0 0
7 7 1 1 100 0.75 10 1624 0 28 28 0 75 0 0
7 7 1 1 100 0.75 10 1625 0 35 35 0 75 0 0
7 7 1 1 100 0.75 10 1626 0 42 42 0 75 0 0
7 7 1 1 100 0.75 10 1627 0 49 49 0 75 0 0
7 7 1 1 100 0.75 10 1628 0 56 56 0 75 0 0
7 7 1 1 100 0.75 10 1629 2 63 61 0 75 0 0
7 7 1 1 100 0.75 10 1630 3 70 66 2 75 0 0
7 7 1 1 100 0.75 10 1631 6 77 70 3 75 0 0
7 7 1 1 100 0.75 10 1632 6 84 74 6 75 0 0
7 7 1 1 100 0.75 10 1633 11 91 80 6 75 0 0
7 7 1 1 100 0.75 10 1634 16 98 78 11 75 0 0
7 7 1 1 100 0.75 10 1635 24 105 80 16 75 0 0
7 7 1 1 100 0.75 10 1636 28 112 83 24 75 0 1
7 7 1 1 100 0.75 10 1637 33 119 87 28 75 0 2
7 7 1 1 100 0.75 10 1638 34 126 93 33 75 0 4
7 7 1 1 100 0.75 10 1639 39 133 96 34 75 0 6
7 7 1 1 100 0.75 10 1640 41 140 104 39 75 0 7
7 7 1 1 100 0.75 10 1641 48 147 110 41 75 0 12
7 7 1 1 100 0.75 10 1642 53 154 117 48 75 0 16
7 7 1 1 100 0.75 10 1643 61 161 123 53 75 0 19
7 7 1 1 100 0.75 10 1644 65 168 127 61 75 0 20
7 7 1 1 100 0.75 10 1645 70 175 136 65 75 0 23
7 7 1 1 100 0.75 10 1646 73 182 141 70 75 0 25
7 7 1 1 100 0.75 10 1647 76 189 147 73 75 0 28
7 7 1 1 100 0.75 10 1648 80 196 151 76 75 0 32
7 7 1 1 100 0.75 10 1649 86 203 161 80 75 0 35
7 7 1 1 100 0.75 10 1650 92 210 167 86 75 0 39
7 7 1 1 100 0.75 10 1651 100 217 170 92 75 0 45
7 7 1 1 100 0.75 10 1652 102 224 182 100 75 0 48
7 7 1 1 100 0.75 10 1653 110 230 183 101 76 1 50
7 7 1 1 100 0.75 10 1654 111 237 188 109 76 1 52
7 7 1 1 100 0.75 10 1655 118 243 193 109 77 2 55
7 7 1 1 100 0.75 10 1656 120 248 203 114 79 4 56
7 7 1 1 100 0.75 10 1657 126 251 204 112 83 8 58
7 7 1 1 100 0.75 10 1658 129 257 214 117 84 9 63
7 7 1 1 100 0.75 10 1659 134 263 218 119 85 10 65
7 7 1 1 100 0.75 10 1660 141 265 215 119 90 15 65
7 7 1 1 100 0.75 10 1661 148 269 218 123 93 18 64
7 7 1 1 100 0.75 10 1662 155 275 221 129 94 19 66
7 7 1 1 100 0.75 10 1663 161 277 219 131 99 24 63
7 7 1 1 100 0.75 10 1664 166 281 221 134 102 27 63
7 7 1 1 100 0.75 10 1665 171 284 222 136 106 31 62
7 7 1 1 100 0.75 10 1666 176 288 222 138 109 34 63
7 7 1 1 100 0.75 10 1667 181 291 228 139 113 38 62
7 7 1 1 100 0.75 10 1668 190 292 225 138 119 44 62
7 7 1 1 100 0.75 10 1669 200 296 226 144 122 47 67
7 7 1 1 100 0.75 10 1670 209 301 231 152 124 49 69
7 7 1 1 100 0.75 10 1671 214 306 236 159 126 51 72
7 7 1 1 100 0.75 10 1672 218 310 239 161 129 54 74
7 7 1 1 100 0.75 10 1673 226 316 242 164 130 55 76
7 7 1 1 100 0.75 10 1674 235 317 234 167 136 61 73
7 7 1 1 100 0.75 10 1675 242 319 235 171 141 66 74
7 7 1 1 100 0.75 10 1676 254 320 231 172 147 72 73
7 7 1 1 100 0.75 10 1677 263 322 237 179 152 77 74
7 7 1 1 100 0.75 10 1678 272 326 240 187 155 80 76
7 7 1 1 100 0.75 10 1679 282 331 236 194 157 82 77
7 7 1 1 100 0.75 10 1680 288 335 245 201 160 85 81
7 7 1 1 100 0.75 10 1681 297 337 240 203 165 90 82
7 7 1 1 100 0.75 10 1682 304 339 242 208 170 95 84
7 7 1 1 100 0.75 10 1683 311 343 241 212 173 98 87
7 7 1 1 100 0.75 10 1684 323 345 247 215 178 103 92
7 7 1 1 100 0.75 10 1685 333 349 245 226 181 106 95
7 7 1 1 100 0.75 10 1686 344 353 242 233 184 109 100
7 7 1 1 100 0.75 10 1687 352 354 242 238 190 115 101
7 7 1 1 100 0.75 10 1688 362 359 246 246 192 117 105
7 7 1 1 100 0.75 10 1689 373 362 249 253 196 121 111
7 7 1 1 100 0.75 10 1690 382 362 239 258 202 128 109
7 7 1 1 100 0.75 10 1691 388 366 248 265 205 131 115
7 7 1 1 100 0.75 10 1692 397 367 254 265 211 137 116
7 7 1 1 100 0.75 10 1693 406 367 238 267 217 144 114
7 7 1 1 100 0.75 10 1694 415 372 243 276 219 146 128
7 7 1 1 100 0.75 10 1695 423 373 244 280 224 152 130
7 7 1 1 100 0.75 10 1696 434 373 246 283 231 159 128
7 7 1 1 100 0.75 10 1697 441 376 245 290 235 163 134
7 7 1 1 100 0.75 10 1698 449 377 246 292 241 169 132
7 7 1 1 100 0.75 10 1699 457 378 247 297 247 175 129
7 7 1 1 100 0.75 10 1700 466 374 235 295 258 186 128
7 7 1 1 100 0.75 10 1701 474 371 237 294 268 196 128
7 7 1 1 100 0.75 10 1702 477 375 241 301 271 199 134
7 7 1 1 100 0.75 10 1703 482 376 246 299 277 205 138
7 7 1 1 100 0.75 10 1704 493 376 238 299 284 212 136
7 7 1 1 100 0.75 10 1705 499 380 248 308 287 215 139
7 7 1 1 100 0.75 10 1706 505 379 231 308 295 223 141
7 7 1 1 100 0.75 10 1707 511 376 233 306 305 233 139
7 7 1 1 100 0.75 10 1708 518 373 231 305 315 243 137
7 7 1 1 100 0.75 10 1709 521 370 232 303 325 253 132
7 7 1 1 100 0.75 10 1710 525 368 220 301 334 262 124
7 7 1 1 100 0.75 10 1711 534 365 212 296 344 272 120
7 7 1 1 100 0.75 10 1712 543 367 213 302 349 277 124
7 7 1 1 100 0.75 10 1713 550 368 218 305 353 283 122
7 7 1 1 100 0.75 10 1714 556 369 213 308 359 289 122
7 7 1 1 100 0.75 10 1715 560 367 215 308 368 298 119
7 7 1 1 100 0.75 10 1716 566 373 220 312 369 299 125
7 7 1 1 100 0.75 10 1717 575 366 205 304 382 313 114
7 7 1 1 100 0.75 10 1718 580 367 210 307 388 319 114
7 7 1 1 100 0.75 10 1719 587 365 209 304 397 328 113
7 7 1 1 100 0.75 10 1720 590 364 201 305 405 336 111
7 7 1 1 100 0.75 10 1721 595 362 200 301 414 345 112
7 7 1 1 100 0.75 10 1722 597 363 200 303 420 351 113
7 7 1 1 100 0.75 10 1723 606 364 210 301 426 357 109
7 7 1 1 100 0.75 10 1724 613 362 188 301 435 366 105
7 7 1 1 100 0.75 10 1725 617 361 198 303 443 374 102
7 7 1 1 100 0.75 10 1726 626 362 183 302 448 380 100
7 7 1 1 100 0.75 10 1727 629 362 189 307 455 387 102
7 7 1 1 100 0.75 10 1728 633 365 186 311 459 391 101
7 7 1 1 100 0.75 10 1729 641 367 180 311 464 396 102
7 7 1 1 100 0.75 10 1730 645 371 183 318 467 399 104
7 7 1 1 100 0.75 10 1731 646 371 189 317 473 406 104
7 7 1 1 100 0.75 10 1732 649 369 186 311 482 415 99
7 7 1 1 100 0.75 10 1733 656 373 194 315 484 418 103
7 7 1 1 100 0.75 10 1734 658 375 196 321 489 423 104
7 7 1 1 100 0.75 10 1735 660 373 176 317 497 432 99
7 7 1 1 100 0.75 10 1736 664 374 186 319 502 438 98
7 7 1 1 100 0.75 10 1737 666 373 175 320 510 446 98
7 7 1 1 100 0.75 10 1738 670 375 181 321 515 451 97
7 7 1 1 100 0.75 10 1739 673 378 181 323 519 455 96
7 7 1 1 100 0.75 10 1740 676 378 178 322 526 462 92
7 7 1 1 100 0.75 10 1741 679 379 168 323 531 468 92
7 7 1 1 100 0.75 10 1742 684 379 162 324 538 475 91
7 7 1 1 100 0.75 10 1743 686 381 171 329 543 480 89
7 7 1 1 100 0.75 10 1744 687 385 177 330 546 483 94
7 7 1 1 100 0.75 10 1745 690 387 177 331 551 488 93
7 7 1 1 100 0.75 10 1746 692 386 182 329 559 496 87
7 7 1 1 100 0.75 10 1747 696 386 181 328 566 503 84
7 7 1 1 100 0.75 10 1748 700 387 177 333 571 509 84
7 7 1 1 100 0.75 10 1749 702 389 165 336 576 514 80
7 7 1 1 100 0.75 10 1750 707 389 170 335 583 521 80
7 7 1 1 100 0.75 10 1751 710 389 172 335 590 528 77
7 7 1 1 100 0.75 10 1752 718 393 153 338 593 531 79
7 7 1 1 100 0.75 10 1753 718 395 174 343 597 536 78
7 7 1 1 100 0.75 10 1754 721 401 173 345 598 537 87
7 7 1 1 100 0.75 10 1755 723 402 174 347 604 543 89
7 7 1 1 100 0.75 10 1756 727 405 177 347 608 547 90
7 7 1 1 100 0.75 10 1757 729 407 169 353 612 552 90
7 7 1 1 100 0.75 10 1758 734 408 169 352 617 558 89
7 7 1 1 100 0.75 10 1759 735 412 168 360 620 561 92
7 7 1 1 100 0.75 10 1760 740 410 172 355 629 570 83
7 7 1 1 100 0.75 10 1761 745 413 167 360 633 574 82
7 7 1 1 100 0.75 10 1762 749 416 179 362 636 578 86
7 7 1 1 100 0.75 10 1763 750 419 170 366 640 582 88
7 7 1 1 100 0.75 10 1764 752 423 160 370 643 585 89
7 7 1 1 100 0.75 10 1765 755 428 179 374 644 587 97
7 7 1 1 100 0.75 10 1766 756 429 184 375 650 593 96
7 7 1 1 100 0.75 10 1767 759 432 179 375 654 597 97
7 7 1 1 100 0.75 10 1768 762 434 182 378 659 602 99
7 7 1 1 100 0.75 10 1769 766 435 179 380 665 608 100
7 7 1 1 100 0.75 10 1770 773 438 179 381 668 612 100
7 7 1 1 100 0.75 10 1770 773 438 438 381 768 612 100
7 7 1 1 100 0.75 10 1800 773 438 438 381 75 612 100
