10 90 5 1 100 0.75 1 1 0 10 10 0 100 0 0
10 90 5 1 100 0.75 1 2 0 20 20 0 100 0 0
10 90 5 1 100 0.75 1 3 0 30 30 0 100 0 0
10 90 5 1 100 0.75 1 4 0 40 40 0 100 0 0
10 90 5 1 100 0.75 1 5 0 50 50 0 100 0 0
10 90 5 1 100 0.75 1 6 0 60 60 0 100 0 0
10 90 5 1 100 0.75 1 7 0 70 69 0 100 0 0
10 90 5 1 100 0.75 1 8 3 80 74 0 100 0 0
10 90 5 1 100 0.75 1 9 6 90 80 3 100 0 0
10 90 5 1 100 0.75 1 10 15 100 84 6 100 0 0
10 90 5 1 100 0.75 1 11 20 109 83 15 100 0 0
10 90 5 1 100 0.75 1 12 24 109 83 20 100 0 0
10 90 5 1 100 0.75 1 13 32 109 74 24 100 0 0
10 90 5 1 100 0.75 1 14 36 109 71 32 100 0 0
10 90 5 1 100 0.75 1 15 46 109 61 36 100 0 0
10 90 5 1 100 0.75 1 16 51 109 63 46 100 0 5
10 90 5 1 100 0.75 1 17 59 109 54 51 100 0 6
10 90 5 1 100 0.75 1 18 62 109 64 59 100 0 14
10 90 5 1 100 0.75 1 19 69 109 55 62 100 0 18
10 90 5 1 100 0.75 1 20 71 109 64 69 100 0 22
10 90 5 1 100 0.75 1 21 75 109 63 71 100 0 28
10 90 5 1 100 0.75 1 22 78 109 72 75 100 0 36
10 90 5 1 100 0.75 1 23 84 109 65 78 100 0 42
10 90 5 1 100 0.75 1 24 86 109 70 84 99 0 45
10 90 5 1 100 0.75 1 25 86 109 77 86 99 0 51
10 90 5 1 100 0.75 1 26 87 109 75 86 99 0 54
10 90 5 1 100 0.75 1 27 89 109 81 87 99 0 55
10 90 5 1 100 0.75 1 28 90 109 82 89 99 0 55
10 90 5 1 100 0.75 1 29 92 109 79 90 99 0 59
10 90 5 1 100 0.75 1 30 94 109 87 92 99 0 65
10 90 5 1 100 0.75 1 31 96 108 84 93 100 1 67
10 90 5 1 100 0.75 1 32 99 108 82 94 101 2 66
10 90 5 1 100 0.75 1 33 100 105 80 93 105 6 63
10 90 5 1 100 0.75 1 34 100 108 78 93 106 7 62
10 90 5 1 100 0.75 1 35 102 103 78 87 112 13 56
10 90 5 1 100 0.75 1 36 102 107 78 87 114 15 55
10 90 5 1 100 0.75 1 37 103 106 78 84 117 18 53
10 90 5 1 100 0.75 1 38 103 103 80 79 123 24 48
10 90 5 1 100 0.75 1 39 104 103 81 73 129 30 43
10 90 5 1 100 0.75 1 40 106 103 77 69 135 36 38
10 90 5 1 100 0.75 1 41 107 99 72 62 145 46 29
10 90 5 1 100 0.75 1 42 107 107 71 63 147 48 27
10 90 5 1 100 0.75 1 43 107 105 71 61 151 52 25
10 90 5 1 100 0.75 1 44 107 108 72 62 152 53 24
10 90 5 1 100 0.75 1 45 107 107 69 62 154 55 23
10 90 5 1 100 0.75 1 46 107 105 67 61 158 59 19
10 90 5 1 100 0.75 1 47 107 105 64 61 162 63 17
10 90 5 1 100 0.75 1 48 108 107 58 66 164 65 19
10 90 5 1 100 0.75 1 49 108 107 57 70 166 67 19
10 90 5 1 100 0.75 1 50 109 107 48 75 168 69 19
10 90 5 1 100 0.75 1 51 109 108 53 82 169 70 20
10 90 5 1 100 0.75 1 52 109 109 51 83 169 70 21
10 90 5 1 100 0.75 1 53 109 108 53 82 170 71 22
10 90 5 1 100 0.75 1 54 109 107 56 83 172 73 25
10 90 5 1 100 0.75 1 55 109 109 55 85 172 73 28
10 90 5 1 100 0.75 1 56 109 109 59 91 172 73 32
10 90 5 1 100 0.75 1 57 109 108 60 94 173 74 36
10 90 5 1 100 0.75 1 58 109 109 65 98 173 74 41
10 90 5 1 100 0.75 1 59 109 108 65 98 174 75 41
10 90 5 1 100 0.75 1 60 109 109 69 98 174 75 42
10 90 5 1 100 0.75 1 61 109 107 67 98 176 77 44
10 90 5 1 100 0.75 1 62 109 108 60 98 177 78 44
10 90 5 1 100 0.75 1 63 109 109 68 101 177 78 51
10 90 5 1 100 0.75 1 64 109 108 71 101 178 79 52
10 90 5 1 100 0.75 1 65 109 105 70 97 182 83 50
10 90 5 1 100 0.75 1 66 109 105 62 93 186 87 46
10 90 5 1 100 0.75 1 67 109 108 70 93 187 88 45
10 90 5 1 100 0.75 1 68 109 106 66 92 190 91 44
10 90 5 1 100 0.75 1 69 109 109 70 93 190 91 45
10 90 5 1 100 0.75 1 70 109 106 68 90 193 94 43
10 90 5 1 100 0.75 1 71 109 106 70 89 196 97 40
10 90 5 1 100 0.75 1 72 109 106 63 86 199 100 37
10 90 5 1 100 0.75 1 73 109 107 68 85 201 102 35
10 90 5 1 100 0.75 1 74 109 101 48 80 209 110 27
10 90 5 1 100 0.75 1 75 109 108 58 82 210 111 29
10 90 5 1 100 0.75 1 76 109 106 59 82 213 114 26
10 90 5 1 100 0.75 1 77 109 107 59 82 215 116 25
10 90 5 1 100 0.75 1 78 109 105 54 79 219 120 22
10 90 5 1 100 0.75 1 79 109 107 58 81 221 122 20
10 90 5 1 100 0.75 1 80 109 105 55 81 225 126 18
10 90 5 1 100 0.75 1 81 109 106 54 79 228 129 18
10 90 5 1 100 0.75 1 82 109 108 55 82 229 130 19
10 90 5 1 100 0.75 1 83 109 107 45 83 231 132 17
10 90 5 1 100 0.75 1 84 109 107 52 86 233 134 18
10 90 5 1 100 0.75 1 85 109 108 53 86 234 135 19
10 90 5 1 100 0.75 1 86 109 109 55 90 234 135 22
10 90 5 1 100 0.75 1 87 109 109 51 91 234 135 24
10 90 5 1 100 0.75 1 88 109 107 47 93 236 137 23
10 90 5 1 100 0.75 1 89 109 109 50 96 236 137 25
10 90 5 1 100 0.75 1 90 109 109 51 99 235 137 29
10 90 5 1 100 0.75 1 91 109 109 53 101 235 137 31
10 90 5 1 100 0.75 1 92 109 108 54 102 236 138 33
10 90 5 1 100 0.75 1 93 109 109 54 104 236 138 35
10 90 5 1 100 0.75 1 94 109 107 59 102 238 140 35
10 90 5 1 100 0.75 1 95 109 108 58 101 239 141 36
10 90 5 1 100 0.75 1 96 109 108 60 101 240 142 38
10 90 5 1 100 0.75 1 97 109 106 60 98 243 145 39
10 90 5 1 100 0.75 1 98 109 109 65 98 243 145 41
10 90 5 1 100 0.75 1 99 109 106 61 96 246 148 40
10 90 5 1 100 0.75 1 100 109 107 60 94 248 150 39
10 90 5 1 100 0.75 1 101 109 106 59 92 251 153 36
10 90 5 1 100 0.75 1 102 109 108 68 92 252 154 36
10 90 5 1 100 0.75 1 103 109 106 58 90 255 157 33
10 90 5 1 100 0.75 1 104 109 109 62 91 255 157 33
10 90 5 1 100 0.75 1 105 109 107 56 93 257 159 32
10 90 5 1 100 0.75 1 106 109 107 58 92 259 161 30
10 90 5 1 100 0.75 1 107 109 106 56 91 262 164 28
10 90 5 1 100 0.75 1 108 109 107 57 92 264 166 26
10 90 5 1 100 0.75 1 109 109 108 54 92 265 167 26
10 90 5 1 100 0.75 1 110 109 106 46 91 268 170 23
10 90 5 1 100 0.75 1 111 109 106 51 90 271 173 21
10 90 5 1 100 0.75 1 112 109 106 50 87 274 176 21
10 90 5 1 100 0.75 1 113 109 106 45 86 277 179 20
10 90 5 1 100 0.75 1 114 109 107 53 86 279 181 20
10 90 5 1 100 0.75 1 115 109 107 51 84 281 183 19
10 90 5 1 100 0.75 1 116 109 107 44 87 283 185 17
10 90 5 1 100 0.75 1 117 109 108 54 88 284 186 17
10 90 5 1 100 0.75 1 118 109 107 49 88 286 188 17
10 90 5 1 100 0.75 1 119 109 108 48 90 286 189 17
10 90 5 1 100 0.75 1 120 109 109 44 91 286 189 18
10 90 5 1 100 0.75 1 121 109 108 49 94 287 190 18
10 90 5 1 100 0.75 1 122 109 107 46 96 289 192 18
10 90 5 1 100 0.75 1 123 109 109 47 99 289 192 22
10 90 5 1 100 0.75 1 124 109 108 48 98 290 193 22
10 90 5 1 100 0.75 1 125 109 109 48 102 290 193 24
10 90 5 1 100 0.75 1 126 109 109 45 102 290 193 26
10 90 5 1 100 0.75 1 127 109 109 48 103 290 193 27
10 90 5 1 100 0.75 1 128 109 108 51 103 291 194 27
10 90 5 1 100 0.75 1 129 109 108 56 103 292 195 28
10 90 5 1 100 0.75 1 130 109 106 43 101 295 198 26
10 90 5 1 100 0.75 1 131 109 108 50 102 296 199 25
10 90 5 1 100 0.75 1 132 109 109 53 102 296 199 27
10 90 5 1 100 0.75 1 133 109 107 49 101 298 201 26
10 90 5 1 100 0.75 1 134 109 108 51 100 299 202 26
10 90 5 1 100 0.75 1 135 109 108 49 99 300 203 25
10 90 5 1 100 0.75 1 136 109 108 52 98 301 204 25
10 90 5 1 100 0.75 1 137 109 108 46 98 302 205 25
10 90 5 1 100 0.75 1 138 109 107 54 97 304 207 23
10 90 5 1 100 0.75 1 139 109 106 51 95 307 210 20
10 90 5 1 100 0.75 1 140 109 109 50 97 307 210 20
10 90 5 1 100 0.75 1 141 109 106 46 96 310 213 17
10 90 5 1 100 0.75 1 142 109 107 46 95 312 215 15
10 90 5 1 100 0.75 1 143 109 109 50 95 312 215 15
10 90 5 1 100 0.75 1 144 109 108 50 96 313 216 15
10 90 5 1 100 0.75 1 145 109 105 48 93 317 220 13
10 90 5 1 100 0.75 1 146 109 106 49 91 320 223 11
10 90 5 1 100 0.75 1 147 109 109 48 92 320 223 12
10 90 5 1 100 0.75 1 148 109 107 51 92 322 225 12
10 90 5 1 100 0.75 1 149 109 108 46 93 323 226 12
10 90 5 1 100 0.75 1 150 109 109 48 95 323 226 12
10 90 5 1 100 0.75 1 150 109 109 109 95 335 226 12
10 90 5 1 100 0.75 1 180 109 109 109 95 299 226 12
10 90 5 1 100 0.75 2 181 0 10 10 0 299 0 0
10 90 5 1 100 0.75 2 182 0 20 20 0 299 0 0
10 90 5 1 100 0.75 2 183 0 30 30 0 299 0 0
10 90 5 1 100 0.75 2 184 0 40 40 0 299 0 0
10 90 5 1 100 0.75 2 185 0 50 49 0 299 0 0
10 90 5 1 100 0.75 2 186 0 60 57 0 299 0 0
10 90 5 1 100 0.75 2 187 0 70 66 0 299 0 0
10 90 5 1 100 0.75 2 188 5 80 70 0 299 0 0
10 90 5 1 100 0.75 2 189 10 90 71 5 299 0 0
10 90 5 1 100 0.75 2 190 20 100 72 10 299 0 0
10 90 5 1 100 0.75 2 191 31 109 70 20 299 0 0
10 90 5 1 100 0.75 2 192 41 109 58 31 299 0 0
10 90 5 1 100 0.75 2 193 52 109 49 41 299 0 0
10 90 5 1 100 0.75 2 194 60 109 34 52 299 0 0
10 90 5 1 100 0.75 2 195 71 109 33 60 299 0 2
10 90 5 1 100 0.75 2 196 83 109 23 71 299 0 5
10 90 5 1 100 0.75 2 197 94 109 24 83 299 0 11
10 90 5 1 100 0.75 2 198 104 109 25 94 299 0 17
10 90 5 1 100 0.75 2 199 106 109 30 104 299 0 22
10 90 5 1 100 0.75 2 200 106 109 40 106 299 0 31
10 90 5 1 100 0.75 2 201 108 109 42 106 299 0 37
10 90 5 1 100 0.75 2 202 108 109 46 108 299 0 44
10 90 5 1 100 0.75 2 203 108 109 53 108 299 0 54
10 90 5 1 100 0.75 2 204 108 109 63 108 299 0 59
10 90 5 1 100 0.75 2 205 108 109 77 108 299 0 67
10 90 5 1 100 0.75 2 206 108 109 70 108 299 0 71
10 90 5 1 100 0.75 2 207 108 109 76 108 299 0 71
10 90 5 1 100 0.75 2 208 108 109 74 108 299 0 71
10 90 5 1 100 0.75 2 209 108 109 78 108 299 0 73
10 90 5 1 100 0.75 2 210 108 107 66 106 301 2 71
10 90 5 1 100 0.75 2 211 108 109 70 106 301 2 71
10 90 5 1 100 0.75 2 212 108 108 77 105 302 3 70
10 90 5 1 100 0.75 2 213 108 107 66 103 304 5 68
10 90 5 1 100 0.75 2 214 108 103 66 97 310 11 62
10 90 5 1 100 0.75 2 215 109 106 70 94 313 14 59
10 90 5 1 100 0.75 2 216 109 100 59 86 322 23 50
10 90 5 1 100 0.75 2 217 109 104 67 81 327 28 45
10 90 5 1 100 0.75 2 218 109 101 60 73 335 36 37
10 90 5 1 100 0.75 2 219 109 105 60 71 339 40 33
10 90 5 1 100 0.75 2 220 109 105 68 68 343 44 29
10 90 5 1 100 0.75 2 221 109 101 53 61 351 52 21
10 90 5 1 100 0.75 2 222 109 96 52 50 364 65 9
10 90 5 1 100 0.75 2 223 109 104 52 53 366 67 7
10 90 5 1 100 0.75 2 224 109 105 45 52 370 71 3
10 90 5 1 100 0.75 2 225 109 108 44 62 371 72 4
10 90 5 1 100 0.75 2 226 109 108 47 67 372 73 3
10 90 5 1 100 0.75 2 227 109 109 46 71 372 73 5
10 90 5 1 100 0.75 2 228 109 109 41 76 372 73 6
10 90 5 1 100 0.75 2 229 109 109 43 79 372 73 8
10 90 5 1 100 0.75 2 230 109 109 34 86 372 73 11
10 90 5 1 100 0.75 2 231 109 109 34 94 372 73 17
10 90 5 1 100 0.75 2 232 109 109 48 102 372 73 27
10 90 5 1 100 0.75 2 233 109 109 38 102 372 73 29
10 90 5 1 100 0.75 2 234 109 109 49 106 372 73 31
10 90 5 1 100 0.75 2 235 109 109 38 106 372 73 35
10 90 5 1 100 0.75 2 236 109 109 48 108 372 73 39
10 90 5 1 100 0.75 2 237 109 108 55 108 373 74 45
10 90 5 1 100 0.75 2 238 109 109 53 108 373 74 51
10 90 5 1 100 0.75 2 239 109 109 56 108 373 74 52
10 90 5 1 100 0.75 2 240 109 109 58 108 373 74 52
10 90 5 1 100 0.75 2 241 109 109 62 108 373 74 54
10 90 5 1 100 0.75 2 242 109 107 56 106 375 76 53
10 90 5 1 100 0.75 2 243 109 108 63 105 376 77 54
10 90 5 1 100 0.75 2 244 109 108 56 104 377 78 53
10 90 5 1 100 0.75 2 245 109 107 62 103 379 80 51
10 90 5 1 100 0.75 2 246 109 108 62 102 380 81 50
10 90 5 1 100 0.75 2 247 109 103 56 96 386 87 44
10 90 5 1 100 0.75 2 248 109 106 57 93 389 90 41
10 90 5 1 100 0.75 2 249 109 106 55 90 392 93 38
10 90 5 1 100 0.75 2 250 109 104 51 86 397 98 33
10 90 5 1 100 0.75 2 251 109 100 51 77 406 107 25
10 90 5 1 100 0.75 2 252 109 109 51 80 406 107 25
10 90 5 1 100 0.75 2 253 109 103 51 76 412 113 19
10 90 5 1 100 0.75 2 254 109 107 47 74 414 115 17
10 90 5 1 100 0.75 2 255 109 102 40 70 421 122 10
10 90 5 1 100 0.75 2 256 109 106 43 71 424 125 7
10 90 5 1 100 0.75 2 257 109 107 42 73 426 127 5
10 90 5 1 100 0.75 2 258 109 108 44 75 427 128 6
10 90 5 1 100 0.75 2 259 109 107 44 81 429 130 6
10 90 5 1 100 0.75 2 260 109 108 36 84 430 131 5
10 90 5 1 100 0.75 2 261 109 109 34 87 430 131 6
10 90 5 1 100 0.75 2 262 109 109 37 91 430 131 8
10 90 5 1 100 0.75 2 263 109 109 33 95 430 131 12
10 90 5 1 100 0.75 2 264 109 109 36 100 430 131 14
10 90 5 1 100 0.75 2 265 109 109 38 103 430 131 20
10 90 5 1 100 0.75 2 266 109 109 44 105 430 131 24
10 90 5 1 100 0.75 2 267 109 109 40 106 430 131 25
10 90 5 1 100 0.75 2 268 109 108 42 106 431 132 25
10 90 5 1 100 0.75 2 269 109 109 38 108 431 132 30
10 90 5 1 100 0.75 2 270 109 109 48 108 431 132 33
10 90 5 1 100 0.75 2 271 109 109 51 108 431 132 36
10 90 5 1 100 0.75 2 272 109 109 56 108 431 132 38
10 90 5 1 100 0.75 2 273 109 108 47 107 432 133 38
10 90 5 1 100 0.75 2 274 109 108 50 106 433 134 38
10 90 5 1 100 0.75 2 275 109 109 48 106 433 134 38
10 90 5 1 100 0.75 2 276 109 108 54 105 434 135 37
10 90 5 1 100 0.75 2 277 109 108 50 105 434 136 36
10 90 5 1 100 0.75 2 278 109 108 57 104 435 137 35
10 90 5 1 100 0.75 2 279 109 105 49 100 439 141 31
10 90 5 1 100 0.75 2 280 109 107 51 98 441 143 29
10 90 5 1 100 0.75 2 281 109 107 51 96 443 145 27
10 90 5 1 100 0.75 2 282 109 105 48 93 447 149 23
10 90 5 1 100 0.75 2 283 109 109 48 94 447 149 23
10 90 5 1 100 0.75 2 284 109 106 55 92 450 152 21
10 90 5 1 100 0.75 2 285 109 103 42 87 456 158 15
10 90 5 1 100 0.75 2 286 109 107 45 85 458 160 13
10 90 5 1 100 0.75 2 287 109 106 43 85 460 163 10
10 90 5 1 100 0.75 2 288 109 107 45 85 462 165 9
10 90 5 1 100 0.75 2 289 109 106 38 86 465 168 6
10 90 5 1 100 0.75 2 290 109 108 38 87 466 169 6
10 90 5 1 100 0.75 2 291 109 108 44 88 467 170 7
10 90 5 1 100 0.75 2 292 109 107 38 87 469 172 5
10 90 5 1 100 0.75 2 293 109 109 43 89 469 172 6
10 90 5 1 100 0.75 2 294 109 109 44 93 469 172 10
10 90 5 1 100 0.75 2 295 109 109 32 97 468 172 11
10 90 5 1 100 0.75 2 296 109 109 45 101 468 172 15
10 90 5 1 100 0.75 2 297 109 109 32 104 468 172 16
10 90 5 1 100 0.75 2 298 109 109 39 105 468 172 16
10 90 5 1 100 0.75 2 299 109 109 34 107 468 172 17
10 90 5 1 100 0.75 2 300 109 108 37 106 469 173 17
10 90 5 1 100 0.75 2 301 109 109 31 108 469 173 22
10 90 5 1 100 0.75 2 302 109 109 35 108 469 173 24
10 90 5 1 100 0.75 2 303 109 109 43 108 469 173 27
10 90 5 1 100 0.75 2 304 109 109 44 108 469 173 28
10 90 5 1 100 0.75 2 305 109 109 44 108 469 173 28
10 90 5 1 100 0.75 2 306 109 108 50 107 470 174 27
10 90 5 1 100 0.75 2 307 109 108 42 106 471 175 27
10 90 5 1 100 0.75 2 308 109 107 46 104 473 177 25
10 90 5 1 100 0.75 2 309 109 106 47 102 476 180 22
10 90 5 1 100 0.75 2 310 109 108 44 101 477 181 21
10 90 5 1 100 0.75 2 311 109 109 50 101 477 181 21
10 90 5 1 100 0.75 2 312 109 109 40 101 477 181 21
10 90 5 1 100 0.75 2 313 109 108 40 100 478 182 20
10 90 5 1 100 0.75 2 314 109 107 43 98 480 184 18
10 90 5 1 100 0.75 2 315 109 109 32 100 480 184 18
10 90 5 1 100 0.75 2 316 109 105 36 98 484 188 14
10 90 5 1 100 0.75 2 317 109 106 38 97 487 191 11
10 90 5 1 100 0.75 2 318 109 105 34 94 491 195 7
10 90 5 1 100 0.75 2 319 109 106 32 92 494 198 4
10 90 5 1 100 0.75 2 320 109 107 43 90 496 200 2
10 90 5 1 100 0.75 2 321 109 109 34 90 496 200 2
10 90 5 1 100 0.75 2 322 109 108 40 90 497 201 3
10 90 5 1 100 0.75 2 323 109 109 41 92 497 201 5
10 90 5 1 100 0.75 2 324 109 108 42 92 498 202 5
10 90 5 1 100 0.75 2 325 109 109 37 96 498 202 6
10 90 5 1 100 0.75 2 326 109 109 41 99 498 202 6
10 90 5 1 100 0.75 2 327 109 109 35 103 498 202 6
10 90 5 1 100 0.75 2 328 109 109 36 106 498 202 7
10 90 5 1 100 0.75 2 329 109 109 28 107 498 202 7
10 90 5 1 100 0.75 2 330 109 109 36 108 498 202 10
10 90 5 1 100 0.75 2 330 109 109 109 108 508 202 10
10 90 5 1 100 0.75 2 360 109 109 109 108 437 202 10
10 90 5 1 100 0.75 3 361 0 10 10 0 437 0 0
10 90 5 1 100 0.75 3 362 0 20 20 0 437 0 0
10 90 5 1 100 0.75 3 363 0 30 30 0 437 0 0
10 90 5 1 100 0.75 3 364 0 40 39 0 437 0 0
10 90 5 1 100 0.75 3 365 0 50 48 0 437 0 0
10 90 5 1 100 0.75 3 366 0 60 57 0 437 0 0
10 90 5 1 100 0.75 3 367 3 70 61 0 437 0 0
10 90 5 1 100 0.75 3 368 11 80 58 3 437 0 0
10 90 5 1 100 0.75 3 369 18 90 59 11 437 0 0
10 90 5 1 100 0.75 3 370 27 100 62 18 437 0 0
10 90 5 1 100 0.75 3 371 39 109 56 27 437 0 0
10 90 5 1 100 0.75 3 372 53 109 45 39 437 0 0
10 90 5 1 100 0.75 3 373 61 109 40 53 437 0 0
10 90 5 1 100 0.75 3 374 71 109 27 61 437 0 2
10 90 5 1 100 0.75 3 375 81 109 26 71 437 0 4
10 90 5 1 100 0.75 3 376 95 109 22 81 437 0 9
10 90 5 1 100 0.75 3 377 101 109 22 95 437 0 18
10 90 5 1 100 0.75 3 378 108 109 21 101 437 0 22
10 90 5 1 100 0.75 3 379 108 109 34 108 437 0 39
10 90 5 1 100 0.75 3 380 108 109 37 108 437 0 44
10 90 5 1 100 0.75 3 381 108 109 36 108 437 0 46
10 90 5 1 100 0.75 3 382 108 109 47 108 436 0 57
10 90 5 1 100 0.75 3 383 109 109 51 108 435 0 68
10 90 5 1 100 0.75 3 384 109 109 62 109 435 0 78
10 90 5 1 100 0.75 3 385 109 109 63 109 435 0 81
10 90 5 1 100 0.75 3 386 109 109 61 109 435 0 87
10 90 5 1 100 0.75 3 387 109 109 65 109 435 0 87
10 90 5 1 100 0.75 3 388 109 109 65 109 435 0 87
10 90 5 1 100 0.75 3 389 109 109 69 109 434 0 87
10 90 5 1 100 0.75 3 390 109 108 64 108 435 1 87
10 90 5 1 100 0.75 3 391 109 106 60 105 438 4 84
10 90 5 1 100 0.75 3 392 109 108 59 104 439 5 83
10 90 5 1 100 0.75 3 393 109 106 57 101 442 8 80
10 90 5 1 100 0.75 3 394 109 103 61 95 448 14 74
10 90 5 1 100 0.75 3 395 109 101 59 87 456 22 66
10 90 5 1 100 0.75 3 396 109 99 57 77 466 32 56
10 90 5 1 100 0.75 3 397 109 103 59 71 472 38 50
10 90 5 1 100 0.75 3 398 109 103 54 65 478 44 44
10 90 5 1 100 0.75 3 399 109 96 41 55 491 57 31
10 90 5 1 100 0.75 3 400 109 98 55 47 499 65 23
10 90 5 1 100 0.75 3 401 109 102 54 42 505 71 17
10 90 5 1 100 0.75 3 402 109 99 45 39 515 81 7
10 90 5 1 100 0.75 3 403 109 107 43 43 517 83 5
10 90 5 1 100 0.75 3 404 109 105 42 45 521 87 1
10 90 5 1 100 0.75 3 405 109 109 41 54 521 87 3
10 90 5 1 100 0.75 3 406 109 109 38 61 521 87 4
10 90 5 1 100 0.75 3 407 109 109 30 70 521 87 5
10 90 5 1 100 0.75 3 408 109 108 27 78 522 88 8
10 90 5 1 100 0.75 3 409 109 109 22 89 522 88 11
10 90 5 1 100 0.75 3 410 109 109 26 95 522 88 15
10 90 5 1 100 0.75 3 411 109 109 23 100 522 88 20
10 90 5 1 100 0.75 3 412 109 109 35 104 522 88 23
10 90 5 1 100 0.75 3 413 109 109 30 106 522 88 30
10 90 5 1 100 0.75 3 414 109 109 34 107 522 88 38
10 90 5 1 100 0.75 3 415 109 109 43 108 522 88 46
10 90 5 1 100 0.75 3 416 109 109 39 108 522 88 52
10 90 5 1 100 0.75 3 417 109 109 53 109 522 88 56
10 90 5 1 100 0.75 3 418 109 109 52 109 522 88 58
10 90 5 1 100 0.75 3 419 109 109 49 109 522 88 59
10 90 5 1 100 0.75 3 420 109 109 51 109 522 88 61
10 90 5 1 100 0.75 3 421 109 109 58 109 522 88 62
10 90 5 1 100 0.75 3 422 109 109 45 109 522 88 62
10 90 5 1 100 0.75 3 423 109 106 49 106 525 91 59
10 90 5 1 100 0.75 3 424 109 108 45 105 526 92 59
10 90 5 1 100 0.75 3 425 109 108 61 104 527 93 58
10 90 5 1 100 0.75 3 426 109 107 48 102 529 95 56
10 90 5 1 100 0.75 3 427 109 105 62 98 533 99 52
10 90 5 1 100 0.75 3 428 109 104 45 93 538 104 47
10 90 5 1 100 0.75 3 429 109 101 46 85 546 112 39
10 90 5 1 100 0.75 3 430 109 104 50 80 551 117 34
10 90 5 1 100 0.75 3 431 109 103 48 75 557 123 28
10 90 5 1 100 0.75 3 432 109 105 48 74 561 127 24
10 90 5 1 100 0.75 3 433 109 103 44 69 567 133 18
10 90 5 1 100 0.75 3 434 109 104 37 65 572 138 13
10 90 5 1 100 0.75 3 435 109 103 46 61 578 144 7
10 90 5 1 100 0.75 3 436 109 108 40 65 579 145 6
10 90 5 1 100 0.75 3 437 109 108 34 69 580 146 6
10 90 5 1 100 0.75 3 438 109 106 37 74 583 149 4
10 90 5 1 100 0.75 3 439 109 109 28 80 583 149 5
10 90 5 1 100 0.75 3 440 109 108 27 84 584 150 4
10 90 5 1 100 0.75 3 441 109 108 26 88 585 151 4
10 90 5 1 100 0.75 3 442 109 109 21 92 585 151 6
10 90 5 1 100 0.75 3 443 109 109 22 98 585 151 9
10 90 5 1 100 0.75 3 444 109 109 21 102 585 151 15
10 90 5 1 100 0.75 3 445 109 109 26 104 585 151 22
10 90 5 1 100 0.75 3 446 109 109 28 106 585 151 25
10 90 5 1 100 0.75 3 447 109 109 33 107 585 151 28
10 90 5 1 100 0.75 3 448 109 109 32 107 585 151 31
10 90 5 1 100 0.75 3 449 109 109 44 109 585 151 34
10 90 5 1 100 0.75 3 450 109 109 40 109 585 151 40
10 90 5 1 100 0.75 3 451 109 109 42 109 585 151 41
10 90 5 1 100 0.75 3 452 109 108 47 108 586 152 41
10 90 5 1 100 0.75 3 453 109 109 43 108 586 152 42
10 90 5 1 100 0.75 3 454 109 109 48 108 586 152 43
10 90 5 1 100 0.75 3 455 109 109 42 108 586 152 43
10 90 5 1 100 0.75 3 456 109 108 47 107 587 153 44
10 90 5 1 100 0.75 3 457 109 106 41 104 590 156 41
10 90 5 1 100 0.75 3 458 109 109 43 104 590 156 41
10 90 5 1 100 0.75 3 459 109 107 44 102 592 158 39
10 90 5 1 100 0.75 3 460 109 107 43 100 594 160 37
10 90 5 1 100 0.75 3 461 109 102 44 93 601 167 30
10 90 5 1 100 0.75 3 462 109 104 35 89 606 172 25
10 90 5 1 100 0.75 3 463 109 107 49 87 608 174 23
10 90 5 1 100 0.75 3 464 109 106 35 84 611 177 20
10 90 5 1 100 0.75 3 465 109 103 45 81 617 183 14
10 90 5 1 100 0.75 3 466 109 107 37 80 619 185 12
10 90 5 1 100 0.75 3 467 109 108 39 80 620 186 11
10 90 5 1 100 0.75 3 468 109 105 38 79 624 190 7
10 90 5 1 100 0.75 3 469 109 106 32 79 627 193 5
10 90 5 1 100 0.75 3 470 109 107 33 83 629 195 3
10 90 5 1 100 0.75 3 471 109 108 31 86 630 196 4
10 90 5 1 100 0.75 3 472 109 109 31 87 630 196 4
10 90 5 1 100 0.75 3 473 109 109 36 90 630 196 5
10 90 5 1 100 0.75 3 474 109 109 26 96 630 196 5
10 90 5 1 100 0.75 3 475 109 108 28 98 631 197 7
10 90 5 1 100 0.75 3 476 109 109 32 98 631 197 10
10 90 5 1 100 0.75 3 477 109 109 32 101 630 197 13
10 90 5 1 100 0.75 3 478 109 109 30 104 630 197 16
10 90 5 1 100 0.75 3 479 109 109 32 106 630 197 18
10 90 5 1 100 0.75 3 480 109 109 32 107 630 197 22
10 90 5 1 100 0.75 3 481 109 109 33 108 630 197 27
10 90 5 1 100 0.75 3 482 109 109 32 108 630 197 27
10 90 5 1 100 0.75 3 483 109 109 37 108 630 197 27
10 90 5 1 100 0.75 3 484 109 109 45 108 630 197 30
10 90 5 1 100 0.75 3 485 109 109 36 109 630 197 31
10 90 5 1 100 0.75 3 486 109 109 35 109 630 197 32
10 90 5 1 100 0.75 3 487 109 109 38 109 630 197 33
10 90 5 1 100 0.75 3 488 109 109 36 109 630 197 34
10 90 5 1 100 0.75 3 489 109 108 34 108 631 198 33
10 90 5 1 100 0.75 3 490 109 106 37 105 634 201 30
10 90 5 1 100 0.75 3 491 109 108 33 104 635 202 29
10 90 5 1 100 0.75 3 492 109 107 33 102 637 204 28
10 90 5 1 100 0.75 3 493 109 108 31 101 638 205 27
10 90 5 1 100 0.75 3 494 109 105 32 97 642 209 23
10 90 5 1 100 0.75 3 495 109 106 28 94 645 212 20
10 90 5 1 100 0.75 3 496 109 104 38 89 650 217 15
10 90 5 1 100 0.75 3 497 109 105 32 85 654 221 11
10 90 5 1 100 0.75 3 498 109 107 33 86 656 223 9
10 90 5 1 100 0.75 3 499 109 108 43 86 657 224 8
10 90 5 1 100 0.75 3 500 109 109 24 87 657 224 8
10 90 5 1 100 0.75 3 501 109 105 30 86 661 228 4
10 90 5 1 100 0.75 3 502 109 108 28 87 662 229 3
10 90 5 1 100 0.75 3 503 109 109 31 91 662 229 3
10 90 5 1 100 0.75 3 504 109 109 27 93 662 229 5
10 90 5 1 100 0.75 3 505 109 109 22 98 662 229 6
10 90 5 1 100 0.75 3 506 109 109 23 99 662 229 8
10 90 5 1 100 0.75 3 507 109 107 18 102 664 231 7
10 90 5 1 100 0.75 3 508 109 109 25 102 664 231 10
10 90 5 1 100 0.75 3 509 109 109 28 104 664 231 13
10 90 5 1 100 0.75 3 510 109 108 30 105 665 232 14
10 90 5 1 100 0.75 3 510 109 108 108 105 679 232 14
10 90 5 1 100 0.75 3 540 109 108 108 105 541 232 14
10 90 5 1 100 0.75 4 541 0 10 10 0 541 0 0
10 90 5 1 100 0.75 4 542 0 20 20 0 541 0 0
10 90 5 1 100 0.75 4 543 0 30 30 0 541 0 0
10 90 5 1 100 0.75 4 544 0 40 40 0 541 0 0
10 90 5 1 100 0.75 4 545 0 50 50 0 541 0 0
10 90 5 1 100 0.75 4 546 0 60 56 0 541 0 0
10 90 5 1 100 0.75 4 547 0 70 65 0 541 0 0
10 90 5 1 100 0.75 4 548 6 80 65 0 541 0 0
10 90 5 1 100 0.75 4 549 14 90 65 6 541 0 0
10 90 5 1 100 0.75 4 550 26 100 53 14 541 0 0
10 90 5 1 100 0.75 4 551 37 109 54 26 541 0 0
10 90 5 1 100 0.75 4 552 52 109 42 37 541 0 0
10 90 5 1 100 0.75 4 553 64 109 36 52 541 0 0
10 90 5 1 100 0.75 4 554 74 109 23 64 541 0 0
10 90 5 1 100 0.75 4 555 84 109 19 74 541 0 1
10 90 5 1 100 0.75 4 556 96 109 16 84 541 0 7
10 90 5 1 100 0.75 4 557 102 109 14 96 541 0 17
10 90 5 1 100 0.75 4 558 107 109 24 102 541 0 26
10 90 5 1 100 0.75 4 559 109 109 26 107 541 0 33
10 90 5 1 100 0.75 4 560 109 109 43 109 541 0 40
10 90 5 1 100 0.75 4 561 109 109 39 109 541 0 48
10 90 5 1 100 0.75 4 562 109 109 46 109 541 0 54
10 90 5 1 100 0.75 4 563 109 109 47 109 541 0 64
10 90 5 1 100 0.75 4 564 109 109 57 109 541 0 71
10 90 5 1 100 0.75 4 565 109 109 55 109 541 0 74
10 90 5 1 100 0.75 4 566 109 109 54 109 541 0 79
10 90 5 1 100 0.75 4 567 109 109 61 109 541 0 79
10 90 5 1 100 0.75 4 568 109 109 52 109 541 0 79
10 90 5 1 100 0.75 4 569 109 109 54 109 541 0 79
10 90 5 1 100 0.75 4 570 109 109 59 109 541 0 79
10 90 5 1 100 0.75 4 571 109 108 56 108 542 1 78
10 90 5 1 100 0.75 4 572 109 107 57 106 544 3 76
10 90 5 1 100 0.75 4 573 109 107 52 104 546 5 74
10 90 5 1 100 0.75 4 574 109 106 58 101 549 8 71
10 90 5 1 100 0.75 4 575 109 101 59 93 557 16 63
10 90 5 1 100 0.75 4 576 109 102 49 86 564 23 56
10 90 5 1 100 0.75 4 577 109 101 51 78 572 31 48
10 90 5 1 100 0.75 4 578 109 102 51 71 579 38 41
10 90 5 1 100 0.75 4 579 109 98 44 60 590 49 30
10 90 5 1 100 0.75 4 580 109 100 58 53 598 57 22
10 90 5 1 100 0.75 4 581 109 102 52 48 604 64 15
10 90 5 1 100 0.75 4 582 109 104 44 45 609 69 10
10 90 5 1 100 0.75 4 583 109 102 40 42 616 76 3
10 90 5 1 100 0.75 4 584 109 109 44 50 616 76 3
10 90 5 1 100 0.75 4 585 109 107 39 55 618 78 1
10 90 5 1 100 0.75 4 586 109 108 28 63 619 79 0
10 90 5 1 100 0.75 4 587 109 109 23 73 619 79 1
10 90 5 1 100 0.75 4 588 109 109 24 83 619 79 4
10 90 5 1 100 0.75 4 589 109 109 23 88 619 79 6
10 90 5 1 100 0.75 4 590 109 109 16 95 619 79 9
10 90 5 1 100 0.75 4 591 109 109 19 101 619 79 17
10 90 5 1 100 0.75 4 592 109 109 25 106 619 79 25
10 90 5 1 100 0.75 4 593 109 109 33 107 619 79 33
10 90 5 1 100 0.75 4 594 109 109 34 109 619 79 37
10 90 5 1 100 0.75 4 595 109 109 34 109 619 79 43
10 90 5 1 100 0.75 4 596 109 109 36 109 619 79 45
10 90 5 1 100 0.75 4 597 109 109 43 109 619 79 50
10 90 5 1 100 0.75 4 598 109 109 45 109 619 79 56
10 90 5 1 100 0.75 4 599 109 109 49 109 619 79 57
10 90 5 1 100 0.75 4 600 109 109 47 109 619 79 57
10 90 5 1 100 0.75 4 601 109 109 59 109 619 79 57
10 90 5 1 100 0.75 4 602 109 109 53 109 619 79 57
10 90 5 1 100 0.75 4 603 109 109 41 109 619 79 57
10 90 5 1 100 0.75 4 604 109 109 43 109 618 79 57
10 90 5 1 100 0.75 4 605 109 107 45 107 620 81 55
10 90 5 1 100 0.75 4 606 109 106 48 104 623 84 52
10 90 5 1 100 0.75 4 607 109 106 40 101 626 87 49
10 90 5 1 100 0.75 4 608 109 102 45 94 633 94 42
10 90 5 1 100 0.75 4 609 109 101 39 86 641 102 34
10 90 5 1 100 0.75 4 610 109 103 46 80 647 108 28
10 90 5 1 100 0.75 4 611 109 104 39 75 652 113 23
10 90 5 1 100 0.75 4 612 109 104 35 70 657 118 18
10 90 5 1 100 0.75 4 613 109 103 33 65 662 124 12
10 90 5 1 100 0.75 4 614 109 108 34 67 663 125 11
10 90 5 1 100 0.75 4 615 109 105 32 65 667 129 7
10 90 5 1 100 0.75 4 616 109 105 28 67 671 133 3
10 90 5 1 100 0.75 4 617 109 108 22 72 672 134 2
10 90 5 1 100 0.75 4 618 109 108 30 80 673 135 1
10 90 5 1 100 0.75 4 619 109 108 21 82 674 136 0
10 90 5 1 100 0.75 4 620 109 109 16 88 674 136 2
10 90 5 1 100 0.75 4 621 109 109 25 95 674 136 4
10 90 5 1 100 0.75 4 622 109 109 22 97 673 136 9
10 90 5 1 100 0.75 4 623 109 109 22 100 673 136 14
10 90 5 1 100 0.75 4 624 109 109 27 102 673 136 19
10 90 5 1 100 0.75 4 625 109 109 24 104 673 136 23
10 90 5 1 100 0.75 4 626 109 109 30 107 673 136 27
10 90 5 1 100 0.75 4 627 109 109 26 107 673 136 28
10 90 5 1 100 0.75 4 628 109 109 23 109 673 136 34
10 90 5 1 100 0.75 4 629 109 109 32 109 673 136 35
10 90 5 1 100 0.75 4 630 109 109 28 109 673 136 37
10 90 5 1 100 0.75 4 631 109 109 31 109 673 136 39
10 90 5 1 100 0.75 4 632 109 109 37 109 673 136 43
10 90 5 1 100 0.75 4 633 109 109 41 109 673 136 43
10 90 5 1 100 0.75 4 634 109 109 36 109 673 136 43
10 90 5 1 100 0.75 4 635 109 108 40 108 674 137 44
10 90 5 1 100 0.75 4 636 109 109 32 108 674 137 44
10 90 5 1 100 0.75 4 637 109 109 40 108 674 137 44
10 90 5 1 100 0.75 4 638 109 107 37 106 676 139 42
10 90 5 1 100 0.75 4 639 109 105 31 102 680 143 38
10 90 5 1 100 0.75 4 640 109 106 32 99 683 146 35
10 90 5 1 100 0.75 4 641 109 100 34 90 692 155 26
10 90 5 1 100 0.75 4 642 109 104 27 85 697 160 21
10 90 5 1 100 0.75 4 643 109 106 33 82 700 163 18
10 90 5 1 100 0.75 4 644 109 108 35 82 701 164 17
10 90 5 1 100 0.75 4 645 109 108 40 81 702 165 16
10 90 5 1 100 0.75 4 646 109 105 36 78 706 169 12
10 90 5 1 100 0.75 4 647 109 106 35 78 709 172 9
10 90 5 1 100 0.75 4 648 109 106 31 77 712 175 6
10 90 5 1 100 0.75 4 649 109 108 30 83 713 176 5
10 90 5 1 100 0.75 4 650 109 109 24 89 713 176 5
10 90 5 1 100 0.75 4 651 109 107 29 90 715 178 4
10 90 5 1 100 0.75 4 652 109 108 26 93 716 179 4
10 90 5 1 100 0.75 4 653 109 109 27 94 716 179 6
10 90 5 1 100 0.75 4 654 109 108 20 96 717 180 7
10 90 5 1 100 0.75 4 655 109 108 24 99 718 181 9
10 90 5 1 100 0.75 4 656 109 109 30 102 718 181 14
10 90 5 1 100 0.75 4 657 109 109 25 102 718 181 18
10 90 5 1 100 0.75 4 658 109 109 27 103 718 181 22
10 90 5 1 100 0.75 4 659 109 109 24 105 718 181 24
10 90 5 1 100 0.75 4 660 109 109 29 105 718 181 26
10 90 5 1 100 0.75 4 661 109 109 29 106 718 181 29
10 90 5 1 100 0.75 4 662 109 109 32 107 718 181 30
10 90 5 1 100 0.75 4 663 109 109 33 109 718 181 33
10 90 5 1 100 0.75 4 664 109 109 33 109 718 181 34
10 90 5 1 100 0.75 4 665 109 109 31 109 717 181 34
10 90 5 1 100 0.75 4 666 109 109 35 109 716 181 34
10 90 5 1 100 0.75 4 667 109 109 34 109 715 181 34
10 90 5 1 100 0.75 4 668 109 109 37 109 715 181 35
10 90 5 1 100 0.75 4 669 109 106 32 106 718 184 33
10 90 5 1 100 0.75 4 670 109 108 33 105 719 185 32
10 90 5 1 100 0.75 4 671 109 106 32 102 722 188 29
10 90 5 1 100 0.75 4 672 109 107 38 100 724 190 27
10 90 5 1 100 0.75 4 673 109 107 34 98 726 192 25
10 90 5 1 100 0.75 4 674 109 101 31 90 734 200 17
10 90 5 1 100 0.75 4 675 109 109 26 90 734 200 17
10 90 5 1 100 0.75 4 676 109 105 31 86 738 204 13
10 90 5 1 100 0.75 4 677 109 106 30 85 741 207 10
10 90 5 1 100 0.75 4 678 109 105 26 83 745 211 6
10 90 5 1 100 0.75 4 679 109 108 33 83 746 212 5
10 90 5 1 100 0.75 4 680 109 108 23 83 747 213 4
10 90 5 1 100 0.75 4 681 109 107 25 86 749 215 2
10 90 5 1 100 0.75 4 682 109 109 25 91 749 215 2
10 90 5 1 100 0.75 4 683 109 109 26 94 749 215 3
10 90 5 1 100 0.75 4 684 109 109 24 94 749 215 5
10 90 5 1 100 0.75 4 685 109 108 21 99 750 216 6
10 90 5 1 100 0.75 4 686 109 109 17 102 750 216 6
10 90 5 1 100 0.75 4 687 109 109 19 104 750 216 9
10 90 5 1 100 0.75 4 688 109 108 18 105 751 217 14
10 90 5 1 100 0.75 4 689 109 109 17 106 751 217 17
10 90 5 1 100 0.75 4 690 109 109 23 107 751 217 18
10 90 5 1 100 0.75 4 690 109 109 109 107 769 217 18
10 90 5 1 100 0.75 4 720 109 109 109 107 618 217 18
10 90 5 1 100 0.75 5 721 0 10 10 0 618 0 0
10 90 5 1 100 0.75 5 722 0 20 20 0 618 0 0
10 90 5 1 100 0.75 5 723 0 30 30 0 618 0 0
10 90 5 1 100 0.75 5 724 0 40 40 0 618 0 0
10 90 5 1 100 0.75 5 725 0 50 50 0 618 0 0
10 90 5 1 100 0.75 5 726 0 60 57 0 618 0 0
10 90 5 1 100 0.75 5 727 3 70 59 0 618 0 0
10 90 5 1 100 0.75 5 728 9 80 60 3 618 0 0
10 90 5 1 100 0.75 5 729 22 90 56 9 618 0 0
10 90 5 1 100 0.75 5 730 31 100 61 22 618 0 0
10 90 5 1 100 0.75 5 731 42 109 51 31 618 0 0
10 90 5 1 100 0.75 5 732 52 109 41 42 618 0 0
10 90 5 1 100 0.75 5 733 64 109 28 52 618 0 0
10 90 5 1 100 0.75 5 734 72 109 27 64 618 0 1
10 90 5 1 100 0.75 5 735 83 109 22 72 617 0 5
10 90 5 1 100 0.75 5 736 93 109 16 83 617 0 10
10 90 5 1 100 0.75 5 737 103 109 21 93 617 0 20
10 90 5 1 100 0.75 5 738 108 109 22 103 617 0 26
10 90 5 1 100 0.75 5 739 108 109 29 108 617 0 34
10 90 5 1 100 0.75 5 740 109 109 32 108 617 0 42
10 90 5 1 100 0.75 5 741 109 109 50 109 617 0 52
10 90 5 1 100 0.75 5 742 109 109 44 109 617 0 64
10 90 5 1 100 0.75 5 743 109 109 45 109 617 0 70
10 90 5 1 100 0.75 5 744 109 109 56 109 617 0 76
10 90 5 1 100 0.75 5 745 109 109 53 109 617 0 81
10 90 5 1 100 0.75 5 746 109 109 57 109 617 0 81
10 90 5 1 100 0.75 5 747 109 109 55 109 617 0 81
10 90 5 1 100 0.75 5 748 109 109 50 109 617 0 82
10 90 5 1 100 0.75 5 749 109 109 57 109 616 0 82
10 90 5 1 100 0.75 5 750 109 109 61 109 616 0 82
10 90 5 1 100 0.75 5 751 109 107 53 107 618 2 80
10 90 5 1 100 0.75 5 752 109 107 47 105 620 4 78
10 90 5 1 100 0.75 5 753 109 105 49 101 624 8 74
10 90 5 1 100 0.75 5 754 109 104 49 96 629 13 69
10 90 5 1 100 0.75 5 755 109 104 54 91 634 18 64
10 90 5 1 100 0.75 5 756 109 99 52 81 644 28 54
10 90 5 1 100 0.75 5 757 109 102 49 74 651 35 47
10 90 5 1 100 0.75 5 758 109 90 45 55 670 54 28
10 90 5 1 100 0.75 5 759 109 94 39 50 676 60 22
10 90 5 1 100 0.75 5 760 109 97 46 45 683 67 15
10 90 5 1 100 0.75 5 761 109 101 39 41 689 73 9
10 90 5 1 100 0.75 5 762 109 104 49 41 694 78 4
10 90 5 1 100 0.75 5 763 109 107 38 43 696 80 2
10 90 5 1 100 0.75 5 764 109 107 43 50 698 82 0
10 90 5 1 100 0.75 5 765 109 109 37 56 698 82 1
10 90 5 1 100 0.75 5 766 109 109 26 62 698 82 2
10 90 5 1 100 0.75 5 767 109 109 18 75 698 82 3
10 90 5 1 100 0.75 5 768 109 109 28 86 698 82 5
10 90 5 1 100 0.75 5 769 109 109 17 93 698 82 10
10 90 5 1 100 0.75 5 770 109 109 20 102 698 82 18
10 90 5 1 100 0.75 5 771 109 109 20 106 698 82 23
10 90 5 1 100 0.75 5 772 109 109 21 107 698 82 26
10 90 5 1 100 0.75 5 773 109 109 35 109 698 82 34
10 90 5 1 100 0.75 5 774 109 109 36 109 698 82 41
10 90 5 1 100 0.75 5 775 109 109 30 109 698 82 47
10 90 5 1 100 0.75 5 776 109 109 41 109 698 82 52
10 90 5 1 100 0.75 5 777 109 109 49 109 698 82 58
10 90 5 1 100 0.75 5 778 109 109 47 109 698 82 59
10 90 5 1 100 0.75 5 779 109 109 47 109 698 82 60
10 90 5 1 100 0.75 5 780 109 109 53 109 698 82 61
10 90 5 1 100 0.75 5 781 109 109 47 109 698 82 61
10 90 5 1 100 0.75 5 782 109 108 46 108 699 83 60
10 90 5 1 100 0.75 5 783 109 107 45 106 700 85 58
10 90 5 1 100 0.75 5 784 109 106 50 103 703 88 55
10 90 5 1 100 0.75 5 785 109 108 43 102 704 89 54
10 90 5 1 100 0.75 5 786 109 105 51 98 708 93 50
10 90 5 1 100 0.75 5 787 109 106 42 95 711 96 47
10 90 5 1 100 0.75 5 788 109 103 45 89 717 102 41
10 90 5 1 100 0.75 5 789 109 106 45 86 720 105 38
10 90 5 1 100 0.75 5 790 109 104 42 82 725 110 33
10 90 5 1 100 0.75 5 791 109 97 35 71 737 122 21
10 90 5 1 100 0.75 5 792 109 103 33 70 741 126 17
10 90 5 1 100 0.75 5 793 109 105 37 67 745 130 13
10 90 5 1 100 0.75 5 794 109 104 38 65 750 135 8
10 90 5 1 100 0.75 5 795 109 108 39 68 751 136 7
10 90 5 1 100 0.75 5 796 109 105 34 66 755 140 3
10 90 5 1 100 0.75 5 797 109 108 37 70 756 141 4
10 90 5 1 100 0.75 5 798 109 108 28 75 757 142 3
10 90 5 1 100 0.75 5 799 109 109 26 83 757 142 5
10 90 5 1 100 0.75 5 800 109 108 26 89 758 143 6
10 90 5 1 100 0.75 5 801 109 109 18 94 758 143 7
10 90 5 1 100 0.75 5 802 109 109 25 100 758 143 10
10 90 5 1 100 0.75 5 803 109 109 26 101 758 143 13
10 90 5 1 100 0.75 5 804 109 109 21 103 758 143 18
10 90 5 1 100 0.75 5 805 109 109 30 105 758 143 22
10 90 5 1 100 0.75 5 806 109 109 28 107 758 143 27
10 90 5 1 100 0.75 5 807 109 109 24 108 758 143 31
10 90 5 1 100 0.75 5 808 109 109 35 109 758 143 37
10 90 5 1 100 0.75 5 809 109 109 42 109 758 143 39
10 90 5 1 100 0.75 5 810 109 109 47 109 758 143 41
10 90 5 1 100 0.75 5 811 109 109 40 109 758 143 43
10 90 5 1 100 0.75 5 812 109 108 38 108 759 144 43
10 90 5 1 100 0.75 5 813 109 109 41 108 759 144 44
10 90 5 1 100 0.75 5 814 109 108 41 107 760 145 43
10 90 5 1 100 0.75 5 815 109 108 49 106 761 146 43
10 90 5 1 100 0.75 5 816 109 107 41 104 763 148 41
10 90 5 1 100 0.75 5 817 109 107 44 102 765 150 39
10 90 5 1 100 0.75 5 818 109 107 37 100 767 152 37
10 90 5 1 100 0.75 5 819 109 109 40 100 766 152 37
10 90 5 1 100 0.75 5 820 109 106 47 97 769 155 34
10 90 5 1 100 0.75 5 821 109 102 39 91 776 162 27
10 90 5 1 100 0.75 5 822 109 105 37 87 780 166 23
10 90 5 1 100 0.75 5 823 109 106 38 86 783 169 20
10 90 5 1 100 0.75 5 824 109 103 36 82 789 175 14
10 90 5 1 100 0.75 5 825 109 107 27 82 791 177 12
10 90 5 1 100 0.75 5 826 109 106 40 79 794 180 9
10 90 5 1 100 0.75 5 827 109 103 28 75 800 186 3
10 90 5 1 100 0.75 5 828 109 109 33 76 800 186 3
10 90 5 1 100 0.75 5 829 109 109 31 82 800 186 4
10 90 5 1 100 0.75 5 830 109 108 29 87 801 187 5
10 90 5 1 100 0.75 5 831 109 108 25 88 802 188 5
10 90 5 1 100 0.75 5 832 109 109 22 91 802 188 5
10 90 5 1 100 0.75 5 833 109 108 26 95 803 189 4
10 90 5 1 100 0.75 5 834 109 109 14 98 803 189 4
10 90 5 1 100 0.75 5 835 109 109 27 104 803 189 8
10 90 5 1 100 0.75 5 836 109 109 25 106 803 189 10
10 90 5 1 100 0.75 5 837 109 109 34 106 803 189 14
10 90 5 1 100 0.75 5 838 109 109 29 106 803 189 14
10 90 5 1 100 0.75 5 839 109 109 34 108 802 189 17
10 90 5 1 100 0.75 5 840 109 109 29 108 802 189 20
10 90 5 1 100 0.75 5 841 109 109 29 108 801 189 26
10 90 5 1 100 0.75 5 842 109 109 33 109 801 189 27
10 90 5 1 100 0.75 5 843 109 109 33 109 801 189 29
10 90 5 1 100 0.75 5 844 109 109 32 109 801 189 29
10 90 5 1 100 0.75 5 845 109 108 35 108 802 190 29
10 90 5 1 100 0.75 5 846 109 108 36 107 803 191 28
10 90 5 1 100 0.75 5 847 109 109 44 107 803 191 28
10 90 5 1 100 0.75 5 848 109 108 33 106 804 192 28
10 90 5 1 100 0.75 5 849 109 108 35 105 805 193 27
10 90 5 1 100 0.75 5 850 109 109 37 105 805 193 27
10 90 5 1 100 0.75 5 851 109 108 33 104 806 194 26
10 90 5 1 100 0.75 5 852 109 109 35 104 806 194 26
10 90 5 1 100 0.75 5 853 109 107 33 102 808 196 24
10 90 5 1 100 0.75 5 854 109 107 34 102 810 198 22
10 90 5 1 100 0.75 5 855 109 107 31 100 812 200 20
10 90 5 1 100 0.75 5 856 109 103 29 94 818 206 14
10 90 5 1 100 0.75 5 857 109 107 27 93 820 208 12
10 90 5 1 100 0.75 5 858 109 106 22 91 823 211 9
10 90 5 1 100 0.75 5 859 109 107 30 90 825 213 7
10 90 5 1 100 0.75 5 860 109 106 27 87 828 216 4
10 90 5 1 100 0.75 5 861 109 108 26 86 829 217 4
10 90 5 1 100 0.75 5 862 109 108 31 87 829 218 3
10 90 5 1 100 0.75 5 863 109 108 29 89 830 219 2
10 90 5 1 100 0.75 5 864 109 108 27 91 831 220 2
10 90 5 1 100 0.75 5 865 109 109 21 96 831 220 3
10 90 5 1 100 0.75 5 866 109 109 16 99 830 220 4
10 90 5 1 100 0.75 5 867 109 109 31 101 830 220 4
10 90 5 1 100 0.75 5 868 109 109 22 103 830 220 4
10 90 5 1 100 0.75 5 869 109 109 23 106 830 220 6
10 90 5 1 100 0.75 5 870 109 109 19 107 830 220 9
10 90 5 1 100 0.75 5 870 109 109 109 107 839 220 9
10 90 5 1 100 0.75 5 900 109 109 109 107 653 220 9
10 90 5 1 100 0.75 6 901 0 10 10 0 653 0 0
10 90 5 1 100 0.75 6 902 0 20 20 0 653 0 0
10 90 5 1 100 0.75 6 903 0 30 29 0 653 0 0
10 90 5 1 100 0.75 6 904 0 40 39 0 653 0 0
10 90 5 1 100 0.75 6 905 0 50 48 0 653 0 0
10 90 5 1 100 0.75 6 906 0 60 58 0 653 0 0
10 90 5 1 100 0.75 6 907 0 70 58 0 653 0 0
10 90 5 1 100 0.75 6 908 10 80 60 0 653 0 0
10 90 5 1 100 0.75 6 909 19 90 57 10 653 0 0
10 90 5 1 100 0.75 6 910 31 100 55 19 653 0 0
10 90 5 1 100 0.75 6 911 39 109 48 31 653 0 0
10 90 5 1 100 0.75 6 912 55 109 39 39 653 0 0
10 90 5 1 100 0.75 6 913 65 109 25 55 653 0 0
10 90 5 1 100 0.75 6 914 70 109 28 65 653 0 0
10 90 5 1 100 0.75 6 915 82 109 17 70 653 0 1
10 90 5 1 100 0.75 6 916 92 109 19 82 653 0 9
10 90 5 1 100 0.75 6 917 104 109 15 92 653 0 16
10 90 5 1 100 0.75 6 918 109 109 19 104 653 0 25
10 90 5 1 100 0.75 6 919 109 109 21 109 653 0 38
10 90 5 1 100 0.75 6 920 109 109 30 109 653 0 46
10 90 5 1 100 0.75 6 921 109 109 41 109 653 0 49
10 90 5 1 100 0.75 6 922 109 109 38 109 653 0 54
10 90 5 1 100 0.75 6 923 109 109 46 109 653 0 65
10 90 5 1 100 0.75 6 924 109 109 56 109 653 0 72
10 90 5 1 100 0.75 6 925 109 109 56 109 653 0 78
10 90 5 1 100 0.75 6 926 109 109 56 109 653 0 79
10 90 5 1 100 0.75 6 927 109 109 50 109 653 0 79
10 90 5 1 100 0.75 6 928 109 109 51 109 653 0 79
10 90 5 1 100 0.75 6 929 109 109 46 109 653 0 79
10 90 5 1 100 0.75 6 930 109 109 52 109 653 0 79
10 90 5 1 100 0.75 6 931 109 108 49 108 654 1 78
10 90 5 1 100 0.75 6 932 109 105 53 104 658 5 74
10 90 5 1 100 0.75 6 933 109 104 45 99 663 10 69
10 90 5 1 100 0.75 6 934 109 103 44 93 669 16 63
10 90 5 1 100 0.75 6 935 109 105 52 89 673 20 59
10 90 5 1 100 0.75 6 936 109 100 47 80 682 29 50
10 90 5 1 100 0.75 6 937 109 101 49 72 690 37 42
10 90 5 1 100 0.75 6 938 109 98 37 61 701 48 31
10 90 5 1 100 0.75 6 939 109 102 40 56 707 54 25
10 90 5 1 100 0.75 6 940 109 101 39 51 715 62 17
10 90 5 1 100 0.75 6 941 109 105 44 51 719 66 13
10 90 5 1 100 0.75 6 942 109 103 30 51 725 72 7
10 90 5 1 100 0.75 6 943 109 106 36 52 728 75 4
10 90 5 1 100 0.75 6 944 109 105 28 54 732 79 0
10 90 5 1 100 0.75 6 945 109 109 24 65 732 79 0
10 90 5 1 100 0.75 6 946 109 109 29 72 732 79 1
10 90 5 1 100 0.75 6 947 109 109 19 80 732 79 3
10 90 5 1 100 0.75 6 948 109 109 25 87 731 79 6
10 90 5 1 100 0.75 6 949 109 109 19 91 731 79 10
10 90 5 1 100 0.75 6 950 109 109 16 101 731 79 14
10 90 5 1 100 0.75 6 951 109 109 27 103 731 79 20
10 90 5 1 100 0.75 6 952 109 109 29 108 731 79 26
10 90 5 1 100 0.75 6 953 109 109 25 109 731 79 34
10 90 5 1 100 0.75 6 954 109 109 28 109 731 79 39
10 90 5 1 100 0.75 6 955 109 109 30 109 731 79 41
10 90 5 1 100 0.75 6 956 109 109 36 109 731 79 48
10 90 5 1 100 0.75 6 957 109 109 41 109 731 79 52
10 90 5 1 100 0.75 6 958 109 109 40 109 731 79 54
10 90 5 1 100 0.75 6 959 109 109 39 109 731 79 57
10 90 5 1 100 0.75 6 960 109 109 31 109 731 79 57
10 90 5 1 100 0.75 6 961 109 109 36 109 731 79 57
10 90 5 1 100 0.75 6 962 109 109 47 109 731 79 57
10 90 5 1 100 0.75 6 963 109 109 37 109 731 79 57
10 90 5 1 100 0.75 6 964 109 106 44 106 734 82 54
10 90 5 1 100 0.75 6 965 109 107 39 104 736 84 52
10 90 5 1 100 0.75 6 966 109 108 38 103 737 85 51
10 90 5 1 100 0.75 6 967 109 103 36 97 742 91 45
10 90 5 1 100 0.75 6 968 109 103 29 91 748 97 39
10 90 5 1 100 0.75 6 969 109 105 46 87 752 101 35
10 90 5 1 100 0.75 6 970 109 101 33 79 760 109 27
10 90 5 1 100 0.75 6 971 109 101 37 71 768 117 19
10 90 5 1 100 0.75 6 972 109 104 33 67 773 122 14
10 90 5 1 100 0.75 6 973 109 108 39 69 774 123 13
10 90 5 1 100 0.75 6 974 109 103 32 65 780 129 7
10 90 5 1 100 0.75 6 975 109 107 37 65 782 131 5
10 90 5 1 100 0.75 6 976 109 106 32 66 785 134 2
10 90 5 1 100 0.75 6 977 109 107 24 74 787 136 0
10 90 5 1 100 0.75 6 978 109 109 19 76 787 136 0
10 90 5 1 100 0.75 6 979 109 109 19 85 786 136 1
10 90 5 1 100 0.75 6 980 109 109 17 93 786 136 3
10 90 5 1 100 0.75 6 981 109 109 17 95 786 136 4
10 90 5 1 100 0.75 6 982 109 109 17 100 786 136 7
10 90 5 1 100 0.75 6 983 109 109 23 103 786 136 10
10 90 5 1 100 0.75 6 984 109 109 19 105 786 136 15
10 90 5 1 100 0.75 6 985 109 109 24 107 786 136 20
10 90 5 1 100 0.75 6 986 109 109 29 109 786 136 29
10 90 5 1 100 0.75 6 987 109 109 27 109 786 136 31
10 90 5 1 100 0.75 6 988 109 109 36 109 786 136 36
10 90 5 1 100 0.75 6 989 109 109 38 109 786 136 38
10 90 5 1 100 0.75 6 990 109 109 30 109 786 136 43
10 90 5 1 100 0.75 6 991 109 109 38 109 786 136 43
10 90 5 1 100 0.75 6 992 109 109 39 109 786 136 45
10 90 5 1 100 0.75 6 993 109 109 36 109 786 136 46
10 90 5 1 100 0.75 6 994 109 109 36 109 786 136 46
10 90 5 1 100 0.75 6 995 109 109 34 109 786 136 46
10 90 5 1 100 0.75 6 996 109 107 34 107 788 138 44
10 90 5 1 100 0.75 6 997 109 109 33 107 788 138 44
10 90 5 1 100 0.75 6 998 109 108 33 106 789 139 43
10 90 5 1 100 0.75 6 999 109 107 42 104 791 141 41
10 90 5 1 100 0.75 6 1000 109 108 36 103 792 142 40
10 90 5 1 100 0.75 6 1001 109 104 33 98 797 147 35
10 90 5 1 100 0.75 6 1002 109 103 33 92 803 153 29
10 90 5 1 100 0.75 6 1003 109 101 30 84 811 161 21
10 90 5 1 100 0.75 6 1004 109 105 30 82 815 165 17
10 90 5 1 100 0.75 6 1005 109 103 32 76 821 171 11
10 90 5 1 100 0.75 6 1006 109 106 34 74 824 174 8
10 90 5 1 100 0.75 6 1007 109 108 32 74 825 175 7
10 90 5 1 100 0.75 6 1008 109 108 35 74 826 176 6
10 90 5 1 100 0.75 6 1009 109 106 32 76 829 179 3
10 90 5 1 100 0.75 6 1010 109 107 24 77 830 181 1
10 90 5 1 100 0.75 6 1011 109 108 25 84 831 182 2
10 90 5 1 100 0.75 6 1012 109 109 18 89 831 182 2
10 90 5 1 100 0.75 6 1013 109 109 21 93 831 182 2
10 90 5 1 100 0.75 6 1014 109 109 19 100 831 182 3
10 90 5 1 100 0.75 6 1015 109 109 21 101 831 182 5
10 90 5 1 100 0.75 6 1016 109 109 28 102 831 182 8
10 90 5 1 100 0.75 6 1017 109 109 25 105 831 182 10
10 90 5 1 100 0.75 6 1018 109 109 23 107 830 182 16
10 90 5 1 100 0.75 6 1019 109 109 27 108 830 182 22
10 90 5 1 100 0.75 6 1020 109 109 29 109 830 182 24
10 90 5 1 100 0.75 6 1021 109 109 29 109 830 182 27
10 90 5 1 100 0.75 6 1022 109 109 26 109 830 182 28
10 90 5 1 100 0.75 6 1023 109 109 27 109 830 182 29
10 90 5 1 100 0.75 6 1024 109 109 26 109 830 182 30
10 90 5 1 100 0.75 6 1025 109 109 36 109 830 182 32
10 90 5 1 100 0.75 6 1026 109 109 32 109 830 182 32
10 90 5 1 100 0.75 6 1027 109 109 36 109 830 182 33
10 90 5 1 100 0.75 6 1028 109 108 30 108 831 183 32
10 90 5 1 100 0.75 6 1029 109 109 28 108 831 183 32
10 90 5 1 100 0.75 6 1030 109 108 33 107 832 184 31
10 90 5 1 100 0.75 6 1031 109 108 26 106 833 185 30
10 90 5 1 100 0.75 6 1032 109 108 35 105 834 186 29
10 90 5 1 100 0.75 6 1033 109 106 29 102 837 189 26
10 90 5 1 100 0.75 6 1034 109 106 24 99 840 192 23
10 90 5 1 100 0.75 6 1035 109 107 27 97 842 194 21
10 90 5 1 100 0.75 6 1036 109 104 24 93 847 199 16
10 90 5 1 100 0.75 6 1037 109 103 35 87 853 205 10
10 90 5 1 100 0.75 6 1038 109 108 25 87 854 206 9
10 90 5 1 100 0.75 6 1039 109 107 29 85 856 208 7
10 90 5 1 100 0.75 6 1040 109 107 26 84 858 210 5
10 90 5 1 100 0.75 6 1041 109 107 30 85 860 212 3
10 90 5 1 100 0.75 6 1042 109 107 20 84 862 214 2
10 90 5 1 100 0.75 6 1043 109 109 26 88 862 214 2
10 90 5 1 100 0.75 6 1044 109 108 23 90 863 215 1
10 90 5 1 100 0.75 6 1045 109 109 25 94 863 215 2
10 90 5 1 100 0.75 6 1046 109 109 16 100 863 215 3
10 90 5 1 100 0.75 6 1047 109 109 19 101 863 215 5
10 90 5 1 100 0.75 6 1048 109 109 21 103 863 215 6
10 90 5 1 100 0.75 6 1049 109 109 21 105 863 215 10
10 90 5 1 100 0.75 6 1050 109 109 23 107 863 215 13
10 90 5 1 100 0.75 6 1050 109 109 109 107 876 215 13
10 90 5 1 100 0.75 6 1080 109 109 109 107 666 215 13
10 90 5 1 100 0.75 7 1081 0 10 10 0 666 0 0
10 90 5 1 100 0.75 7 1082 0 20 20 0 666 0 0
10 90 5 1 100 0.75 7 1083 0 30 29 0 666 0 0
10 90 5 1 100 0.75 7 1084 0 40 40 0 666 0 0
10 90 5 1 100 0.75 7 1085 0 50 48 0 666 0 0
10 90 5 1 100 0.75 7 1086 0 60 53 0 666 0 0
10 90 5 1 100 0.75 7 1087 3 70 62 0 666 0 0
10 90 5 1 100 0.75 7 1088 12 80 56 3 666 0 0
10 90 5 1 100 0.75 7 1089 20 90 52 12 666 0 0
10 90 5 1 100 0.75 7 1090 32 100 52 20 666 0 0
10 90 5 1 100 0.75 7 1091 43 109 49 32 666 0 0
10 90 5 1 100 0.75 7 1092 52 109 34 43 666 0 0
10 90 5 1 100 0.75 7 1093 62 109 24 52 666 0 0
10 90 5 1 100 0.75 7 1094 75 109 19 62 666 0 2
10 90 5 1 100 0.75 7 1095 81 109 18 75 666 0 8
10 90 5 1 100 0.75 7 1096 94 109 15 81 666 0 11
10 90 5 1 100 0.75 7 1097 101 109 23 94 666 0 21
10 90 5 1 100 0.75 7 1098 108 109 25 101 665 0 30
10 90 5 1 100 0.75 7 1099 109 109 27 108 665 0 34
10 90 5 1 100 0.75 7 1100 109 109 32 109 665 0 43
10 90 5 1 100 0.75 7 1101 109 109 40 109 665 0 51
10 90 5 1 100 0.75 7 1102 109 109 39 109 665 0 61
10 90 5 1 100 0.75 7 1103 109 109 39 109 665 0 67
10 90 5 1 100 0.75 7 1104 109 109 45 109 665 0 78
10 90 5 1 100 0.75 7 1105 109 109 44 109 665 0 81
10 90 5 1 100 0.75 7 1106 109 109 47 109 665 0 84
10 90 5 1 100 0.75 7 1107 109 109 49 109 665 0 85
10 90 5 1 100 0.75 7 1108 109 109 45 109 665 0 85
10 90 5 1 100 0.75 7 1109 109 109 58 109 665 0 85
10 90 5 1 100 0.75 7 1110 109 106 48 106 668 3 82
10 90 5 1 100 0.75 7 1111 109 106 52 103 671 6 79
10 90 5 1 100 0.75 7 1112 109 106 48 100 674 9 76
10 90 5 1 100 0.75 7 1113 109 104 56 95 678 14 71
10 90 5 1 100 0.75 7 1114 109 104 45 90 683 19 66
10 90 5 1 100 0.75 7 1115 109 101 46 82 691 27 58
10 90 5 1 100 0.75 7 1116 109 103 44 76 697 33 52
10 90 5 1 100 0.75 7 1117 109 102 33 69 704 40 45
10 90 5 1 100 0.75 7 1118 109 102 40 64 711 47 38
10 90 5 1 100 0.75 7 1119 109 102 40 59 718 54 31
10 90 5 1 100 0.75 7 1120 109 105 38 58 722 58 27
10 90 5 1 100 0.75 7 1121 109 98 32 50 733 69 16
10 90 5 1 100 0.75 7 1122 109 104 33 54 737 73 12
10 90 5 1 100 0.75 7 1123 109 106 28 54 739 76 9
10 90 5 1 100 0.75 7 1124 109 102 23 56 746 83 2
10 90 5 1 100 0.75 7 1125 109 108 28 61 747 84 2
10 90 5 1 100 0.75 7 1126 109 108 19 67 748 85 2
10 90 5 1 100 0.75 7 1127 109 109 24 75 748 85 4
10 90 5 1 100 0.75 7 1128 109 109 23 79 748 85 10
10 90 5 1 100 0.75 7 1129 109 109 18 88 748 85 11
10 90 5 1 100 0.75 7 1130 109 109 19 94 748 85 16
10 90 5 1 100 0.75 7 1131 109 109 13 98 747 85 20
10 90 5 1 100 0.75 7 1132 109 109 25 103 747 85 24
10 90 5 1 100 0.75 7 1133 109 109 23 108 747 85 29
10 90 5 1 100 0.75 7 1134 109 109 33 108 747 85 33
10 90 5 1 100 0.75 7 1135 109 109 37 109 747 85 37
10 90 5 1 100 0.75 7 1136 109 109 29 109 747 85 40
10 90 5 1 100 0.75 7 1137 109 109 41 109 747 85 44
10 90 5 1 100 0.75 7 1138 109 109 37 109 747 85 45
10 90 5 1 100 0.75 7 1139 109 109 38 109 747 85 50
10 90 5 1 100 0.75 7 1140 109 109 41 109 747 85 52
10 90 5 1 100 0.75 7 1141 109 108 42 108 748 86 52
10 90 5 1 100 0.75 7 1142 109 109 46 108 748 86 52
10 90 5 1 100 0.75 7 1143 109 106 45 105 751 89 49
10 90 5 1 100 0.75 7 1144 109 108 33 104 752 90 48
10 90 5 1 100 0.75 7 1145 109 105 33 100 756 94 44
10 90 5 1 100 0.75 7 1146 109 107 32 98 758 96 42
10 90 5 1 100 0.75 7 1147 109 104 35 93 763 101 37
10 90 5 1 100 0.75 7 1148 109 104 29 88 768 106 32
10 90 5 1 100 0.75 7 1149 109 108 45 88 769 107 31
10 90 5 1 100 0.75 7 1150 109 107 35 86 771 109 29
10 90 5 1 100 0.75 7 1151 109 105 29 82 775 113 25
10 90 5 1 100 0.75 7 1152 109 105 39 82 779 117 21
10 90 5 1 100 0.75 7 1153 109 104 31 78 784 122 16
10 90 5 1 100 0.75 7 1154 109 104 31 77 789 127 11
10 90 5 1 100 0.75 7 1155 109 105 20 76 793 131 7
10 90 5 1 100 0.75 7 1156 109 107 25 81 795 133 6
10 90 5 1 100 0.75 7 1157 109 107 23 81 797 135 4
10 90 5 1 100 0.75 7 1158 109 108 31 82 798 136 4
10 90 5 1 100 0.75 7 1159 109 109 26 85 798 136 7
10 90 5 1 100 0.75 7 1160 109 107 27 87 800 138 7
10 90 5 1 100 0.75 7 1161 109 109 30 87 800 138 9
10 90 5 1 100 0.75 7 1162 109 109 21 95 800 138 14
10 90 5 1 100 0.75 7 1163 109 109 28 98 800 138 18
10 90 5 1 100 0.75 7 1164 109 109 22 102 800 138 20
10 90 5 1 100 0.75 7 1165 109 109 26 105 800 138 22
10 90 5 1 100 0.75 7 1166 109 109 34 106 800 138 25
10 90 5 1 100 0.75 7 1167 109 109 31 107 800 138 27
10 90 5 1 100 0.75 7 1168 109 109 27 107 800 138 31
10 90 5 1 100 0.75 7 1169 109 109 32 109 800 138 36
10 90 5 1 100 0.75 7 1170 109 109 36 109 800 138 39
10 90 5 1 100 0.75 7 1171 109 109 38 109 800 138 40
10 90 5 1 100 0.75 7 1172 109 109 36 109 800 138 43
10 90 5 1 100 0.75 7 1173 109 108 35 108 801 139 42
10 90 5 1 100 0.75 7 1174 109 107 41 106 803 141 41
10 90 5 1 100 0.75 7 1175 109 107 32 104 805 143 39
10 90 5 1 100 0.75 7 1176 109 108 30 103 806 144 40
10 90 5 1 100 0.75 7 1177 109 106 42 100 809 147 37
10 90 5 1 100 0.75 7 1178 109 106 44 97 812 150 34
10 90 5 1 100 0.75 7 1179 109 106 36 94 815 153 31
10 90 5 1 100 0.75 7 1180 109 107 34 92 817 155 29
10 90 5 1 100 0.75 7 1181 109 107 34 90 819 157 27
10 90 5 1 100 0.75 7 1182 109 107 34 90 821 159 25
10 90 5 1 100 0.75 7 1183 109 106 27 88 824 162 22
10 90 5 1 100 0.75 7 1184 109 106 37 88 827 165 19
10 90 5 1 100 0.75 7 1185 109 105 25 85 831 169 15
10 90 5 1 100 0.75 7 1186 109 107 22 85 833 171 13
10 90 5 1 100 0.75 7 1187 109 106 31 87 836 174 10
10 90 5 1 100 0.75 7 1188 109 108 29 88 837 175 9
10 90 5 1 100 0.75 7 1189 109 107 25 88 839 177 9
10 90 5 1 100 0.75 7 1190 109 108 25 90 840 178 9
10 90 5 1 100 0.75 7 1191 109 107 23 90 842 180 9
10 90 5 1 100 0.75 7 1192 109 107 15 91 844 182 8
10 90 5 1 100 0.75 7 1193 109 108 24 94 845 183 7
10 90 5 1 100 0.75 7 1194 109 109 21 95 845 183 12
10 90 5 1 100 0.75 7 1195 109 109 23 98 845 183 14
10 90 5 1 100 0.75 7 1196 109 108 22 99 846 184 15
10 90 5 1 100 0.75 7 1197 109 109 25 101 846 184 15
10 90 5 1 100 0.75 7 1198 109 109 24 103 846 184 18
10 90 5 1 100 0.75 7 1199 109 109 26 104 845 184 22
10 90 5 1 100 0.75 7 1200 109 109 24 107 845 184 25
10 90 5 1 100 0.75 7 1201 109 109 30 108 845 184 25
10 90 5 1 100 0.75 7 1202 109 109 19 108 845 184 26
10 90 5 1 100 0.75 7 1203 109 109 38 108 845 184 28
10 90 5 1 100 0.75 7 1204 109 109 32 108 845 184 29
10 90 5 1 100 0.75 7 1205 109 108 31 107 845 185 29
10 90 5 1 100 0.75 7 1206 109 108 29 107 846 186 31
10 90 5 1 100 0.75 7 1207 109 107 31 105 848 188 29
10 90 5 1 100 0.75 7 1208 109 107 35 103 850 190 28
10 90 5 1 100 0.75 7 1209 109 109 41 103 850 190 28
10 90 5 1 100 0.75 7 1210 109 107 39 101 852 192 26
10 90 5 1 100 0.75 7 1211 109 107 36 99 854 194 24
10 90 5 1 100 0.75 7 1212 109 108 34 98 855 195 24
10 90 5 1 100 0.75 7 1213 109 106 26 95 858 198 21
10 90 5 1 100 0.75 7 1214 109 107 28 94 860 200 19
10 90 5 1 100 0.75 7 1215 109 106 25 94 863 203 16
10 90 5 1 100 0.75 7 1216 109 107 24 92 865 205 14
10 90 5 1 100 0.75 7 1217 109 108 29 93 866 206 13
10 90 5 1 100 0.75 7 1218 109 106 22 91 869 209 10
10 90 5 1 100 0.75 7 1219 109 108 23 92 870 210 9
10 90 5 1 100 0.75 7 1220 109 107 23 91 872 212 8
10 90 5 1 100 0.75 7 1221 109 109 22 94 872 212 10
10 90 5 1 100 0.75 7 1222 109 108 25 95 873 213 9
10 90 5 1 100 0.75 7 1223 109 106 14 95 876 216 6
10 90 5 1 100 0.75 7 1224 109 109 23 96 876 216 7
10 90 5 1 100 0.75 7 1225 109 108 25 96 877 217 8
10 90 5 1 100 0.75 7 1226 109 109 23 98 877 217 8
10 90 5 1 100 0.75 7 1227 109 108 20 100 878 218 8
10 90 5 1 100 0.75 7 1228 109 109 34 102 878 218 11
10 90 5 1 100 0.75 7 1229 109 109 25 103 878 218 12
10 90 5 1 100 0.75 7 1230 109 109 30 103 878 218 15
10 90 5 1 100 0.75 7 1230 109 109 109 103 893 218 15
10 90 5 1 100 0.75 7 1260 109 109 109 103 670 218 15
10 90 5 1 100 0.75 8 1261 0 10 10 0 670 0 0
10 90 5 1 100 0.75 8 1262 0 20 20 0 670 0 0
10 90 5 1 100 0.75 8 1263 0 30 30 0 670 0 0
10 90 5 1 100 0.75 8 1264 0 40 40 0 670 0 0
10 90 5 1 100 0.75 8 1265 0 50 48 0 670 0 0
10 90 5 1 100 0.75 8 1266 0 60 55 0 670 0 0
10 90 5 1 100 0.75 8 1267 2 70 62 0 670 0 0
10 90 5 1 100 0.75 8 1268 9 80 60 2 670 0 0
10 90 5 1 100 0.75 8 1269 21 90 51 9 670 0 0
10 90 5 1 100 0.75 8 1270 34 100 45 21 670 0 0
10 90 5 1 100 0.75 8 1271 42 109 47 34 670 0 0
10 90 5 1 100 0.75 8 1272 53 109 39 42 670 0 0
10 90 5 1 100 0.75 8 1273 62 109 34 53 670 0 0
10 90 5 1 100 0.75 8 1274 72 109 27 62 670 0 0
10 90 5 1 100 0.75 8 1275 81 109 18 72 670 0 5
10 90 5 1 100 0.75 8 1276 94 109 17 81 670 0 11
10 90 5 1 100 0.75 8 1277 102 109 22 94 670 0 21
10 90 5 1 100 0.75 8 1278 109 109 23 102 670 0 27
10 90 5 1 100 0.75 8 1279 109 109 25 109 670 0 31
10 90 5 1 100 0.75 8 1280 109 109 34 109 670 0 42
10 90 5 1 100 0.75 8 1281 109 109 32 109 670 0 51
10 90 5 1 100 0.75 8 1282 109 109 38 109 670 0 56
10 90 5 1 100 0.75 8 1283 109 109 49 109 670 0 66
10 90 5 1 100 0.75 8 1284 109 109 52 109 670 0 75
10 90 5 1 100 0.75 8 1285 109 109 51 109 670 0 79
10 90 5 1 100 0.75 8 1286 109 109 44 109 670 0 80
10 90 5 1 100 0.75 8 1287 109 109 48 109 670 0 80
10 90 5 1 100 0.75 8 1288 109 109 59 109 670 0 80
10 90 5 1 100 0.75 8 1289 109 109 52 109 670 0 80
10 90 5 1 100 0.75 8 1290 109 108 43 108 671 1 79
10 90 5 1 100 0.75 8 1291 109 107 51 106 673 3 77
10 90 5 1 100 0.75 8 1292 109 108 51 105 674 4 76
10 90 5 1 100 0.75 8 1293 109 105 50 101 678 8 72
10 90 5 1 100 0.75 8 1294 109 103 44 95 684 14 66
10 90 5 1 100 0.75 8 1295 109 98 44 84 695 25 55
10 90 5 1 100 0.75 8 1296 109 99 45 75 703 34 46
10 90 5 1 100 0.75 8 1297 109 102 46 68 710 41 39
10 90 5 1 100 0.75 8 1298 109 101 43 61 718 49 31
10 90 5 1 100 0.75 8 1299 109 105 40 57 722 53 27
10 90 5 1 100 0.75 8 1300 109 97 43 48 734 65 15
10 90 5 1 100 0.75 8 1301 109 99 37 42 742 73 7
10 90 5 1 100 0.75 8 1302 109 106 32 44 745 76 4
10 90 5 1 100 0.75 8 1303 109 106 32 51 747 79 1
10 90 5 1 100 0.75 8 1304 109 108 34 54 748 80 0
10 90 5 1 100 0.75 8 1305 109 109 27 62 748 80 0
10 90 5 1 100 0.75 8 1306 109 109 25 72 748 80 0
10 90 5 1 100 0.75 8 1307 109 109 23 78 748 80 1
10 90 5 1 100 0.75 8 1308 109 109 15 84 748 80 3
10 90 5 1 100 0.75 8 1309 109 109 12 98 748 80 11
10 90 5 1 100 0.75 8 1310 109 109 16 103 748 80 14
10 90 5 1 100 0.75 8 1311 109 109 26 108 748 80 19
10 90 5 1 100 0.75 8 1312 109 109 29 108 748 80 27
10 90 5 1 100 0.75 8 1313 109 109 25 109 748 80 30
10 90 5 1 100 0.75 8 1314 109 109 33 109 748 80 34
10 90 5 1 100 0.75 8 1315 109 109 35 109 748 80 41
10 90 5 1 100 0.75 8 1316 109 109 42 109 748 80 51
10 90 5 1 100 0.75 8 1317 109 109 30 109 748 80 54
10 90 5 1 100 0.75 8 1318 109 109 49 109 748 80 57
10 90 5 1 100 0.75 8 1319 109 109 35 109 748 80 57
10 90 5 1 100 0.75 8 1320 109 109 40 109 748 80 58
10 90 5 1 100 0.75 8 1321 109 109 44 109 748 80 58
10 90 5 1 100 0.75 8 1322 109 109 49 109 748 80 58
10 90 5 1 100 0.75 8 1323 109 109 47 109 748 80 58
10 90 5 1 100 0.75 8 1324 109 106 40 106 751 83 55
10 90 5 1 100 0.75 8 1325 109 107 37 104 753 85 53
10 90 5 1 100 0.75 8 1326 109 105 35 100 757 89 49
10 90 5 1 100 0.75 8 1327 109 106 36 97 760 92 46
10 90 5 1 100 0.75 8 1328 109 104 43 92 765 97 41
10 90 5 1 100 0.75 8 1329 109 106 44 89 768 100 38
10 90 5 1 100 0.75 8 1330 109 103 46 83 774 106 32
10 90 5 1 100 0.75 8 1331 109 102 36 76 781 113 25
10 90 5 1 100 0.75 8 1332 109 104 42 73 786 118 20
10 90 5 1 100 0.75 8 1333 109 104 34 70 791 123 15
10 90 5 1 100 0.75 8 1334 109 104 37 68 796 128 10
10 90 5 1 100 0.75 8 1335 109 106 34 68 799 131 7
10 90 5 1 100 0.75 8 1336 109 106 28 69 802 134 4
10 90 5 1 100 0.75 8 1337 109 105 22 68 806 138 0
10 90 5 1 100 0.75 8 1338 109 109 27 76 806 138 0
10 90 5 1 100 0.75 8 1339 109 109 28 78 806 138 1
10 90 5 1 100 0.75 8 1340 109 109 17 86 806 138 1
10 90 5 1 100 0.75 8 1341 109 109 27 92 806 138 4
10 90 5 1 100 0.75 8 1342 109 109 20 95 806 138 6
10 90 5 1 100 0.75 8 1343 109 109 22 100 806 138 10
10 90 5 1 100 0.75 8 1344 109 109 16 105 806 138 12
10 90 5 1 100 0.75 8 1345 109 109 22 106 806 138 16
10 90 5 1 100 0.75 8 1346 109 109 27 109 806 138 22
10 90 5 1 100 0.75 8 1347 109 109 30 109 806 138 28
10 90 5 1 100 0.75 8 1348 109 109 26 109 806 138 32
10 90 5 1 100 0.75 8 1349 109 109 31 109 806 138 33
10 90 5 1 100 0.75 8 1350 109 109 39 109 806 138 39
10 90 5 1 100 0.75 8 1351 109 109 29 109 806 138 41
10 90 5 1 100 0.75 8 1352 109 109 35 109 806 138 43
10 90 5 1 100 0.75 8 1353 109 109 37 109 806 138 44
10 90 5 1 100 0.75 8 1354 109 108 38 108 807 139 43
10 90 5 1 100 0.75 8 1355 109 109 46 108 807 139 43
10 90 5 1 100 0.75 8 1356 109 109 40 108 807 139 43
10 90 5 1 100 0.75 8 1357 109 106 35 105 810 142 40
10 90 5 1 100 0.75 8 1358 109 107 36 103 812 144 38
10 90 5 1 100 0.75 8 1359 109 105 32 99 816 148 34
10 90 5 1 100 0.75 8 1360 109 109 37 99 816 148 34
10 90 5 1 100 0.75 8 1361 109 107 27 97 818 150 32
10 90 5 1 100 0.75 8 1362 109 106 29 94 821 153 29
10 90 5 1 100 0.75 8 1363 109 106 34 92 824 156 26
10 90 5 1 100 0.75 8 1364 109 105 26 88 827 160 22
10 90 5 1 100 0.75 8 1365 109 105 32 85 831 164 18
10 90 5 1 100 0.75 8 1366 109 104 23 83 836 169 13
10 90 5 1 100 0.75 8 1367 109 104 24 82 841 174 8
10 90 5 1 100 0.75 8 1368 109 109 26 83 841 174 8
10 90 5 1 100 0.75 8 1369 109 108 25 83 841 175 7
10 90 5 1 100 0.75 8 1370 109 105 33 81 845 179 3
10 90 5 1 100 0.75 8 1371 109 108 33 83 846 180 3
10 90 5 1 100 0.75 8 1372 109 107 25 85 848 182 1
10 90 5 1 100 0.75 8 1373 109 109 25 88 848 182 6
10 90 5 1 100 0.75 8 1374 109 109 29 93 847 182 8
10 90 5 1 100 0.75 8 1375 109 109 31 97 847 182 10
10 90 5 1 100 0.75 8 1376 109 109 19 101 847 182 10
10 90 5 1 100 0.75 8 1377 109 109 17 102 847 182 14
10 90 5 1 100 0.75 8 1378 109 109 23 104 847 182 14
10 90 5 1 100 0.75 8 1379 109 109 26 107 847 182 19
10 90 5 1 100 0.75 8 1380 109 109 24 108 847 182 24
10 90 5 1 100 0.75 8 1381 109 109 31 109 846 182 25
10 90 5 1 100 0.75 8 1382 109 109 35 109 846 182 29
10 90 5 1 100 0.75 8 1383 109 109 30 109 846 182 32
10 90 5 1 100 0.75 8 1384 109 109 30 109 846 182 33
10 90 5 1 100 0.75 8 1385 109 109 40 109 846 182 36
10 90 5 1 100 0.75 8 1386 109 108 36 108 847 183 35
10 90 5 1 100 0.75 8 1387 109 109 43 108 847 183 36
10 90 5 1 100 0.75 8 1388 109 109 36 108 847 183 36
10 90 5 1 100 0.75 8 1389 109 108 37 107 848 184 35
10 90 5 1 100 0.75 8 1390 109 108 38 106 849 185 34
10 90 5 1 100 0.75 8 1391 109 106 34 103 852 188 31
10 90 5 1 100 0.75 8 1392 109 106 32 100 855 191 28
10 90 5 1 100 0.75 8 1393 109 108 30 99 856 192 27
10 90 5 1 100 0.75 8 1394 109 107 30 97 858 194 25
10 90 5 1 100 0.75 8 1395 109 105 28 94 862 198 21
10 90 5 1 100 0.75 8 1396 109 107 23 92 864 200 19
10 90 5 1 100 0.75 8 1397 109 107 30 90 866 202 17
10 90 5 1 100 0.75 8 1398 109 106 35 88 869 205 14
10 90 5 1 100 0.75 8 1399 109 106 25 88 871 208 11
10 90 5 1 100 0.75 8 1400 109 106 27 88 874 211 8
10 90 5 1 100 0.75 8 1401 109 109 34 90 874 211 8
10 90 5 1 100 0.75 8 1402 109 105 27 86 878 215 5
10 90 5 1 100 0.75 8 1403 109 107 24 87 880 217 3
10 90 5 1 100 0.75 8 1404 109 107 24 88 882 219 1
10 90 5 1 100 0.75 8 1405 109 109 28 90 882 219 2
10 90 5 1 100 0.75 8 1406 109 109 22 93 882 219 5
10 90 5 1 100 0.75 8 1407 109 109 21 97 882 219 7
10 90 5 1 100 0.75 8 1408 109 109 25 100 882 219 8
10 90 5 1 100 0.75 8 1409 109 109 26 101 882 219 9
10 90 5 1 100 0.75 8 1410 109 109 26 104 882 219 10
10 90 5 1 100 0.75 8 1410 109 109 109 104 891 219 10
10 90 5 1 100 0.75 8 1440 109 109 109 104 676 219 10
10 90 5 1 100 0.75 9 1441 0 10 10 0 676 0 0
10 90 5 1 100 0.75 9 1442 0 20 20 0 676 0 0
10 90 5 1 100 0.75 9 1443 0 30 30 0 676 0 0
10 90 5 1 100 0.75 9 1444 0 40 38 0 676 0 0
10 90 5 1 100 0.75 9 1445 0 50 48 0 676 0 0
10 90 5 1 100 0.75 9 1446 0 60 54 0 676 0 0
10 90 5 1 100 0.75 9 1447 1 70 59 0 676 0 0
10 90 5 1 100 0.75 9 1448 9 80 63 1 676 0 0
10 90 5 1 100 0.75 9 1449 22 90 55 9 676 0 0
10 90 5 1 100 0.75 9 1450 31 100 47 22 676 0 0
10 90 5 1 100 0.75 9 1451 44 109 47 31 676 0 0
10 90 5 1 100 0.75 9 1452 53 109 37 44 676 0 0
10 90 5 1 100 0.75 9 1453 64 109 29 53 676 0 0
10 90 5 1 100 0.75 9 1454 76 109 24 64 676 0 0
10 90 5 1 100 0.75 9 1455 84 109 14 76 675 0 2
10 90 5 1 100 0.75 9 1456 92 109 18 84 675 0 11
10 90 5 1 100 0.75 9 1457 101 109 22 92 675 0 21
10 90 5 1 100 0.75 9 1458 109 109 21 101 675 0 29
10 90 5 1 100 0.75 9 1459 109 109 30 109 675 0 39
10 90 5 1 100 0.75 9 1460 109 109 28 109 675 0 46
10 90 5 1 100 0.75 9 1461 109 109 39 109 675 0 55
10 90 5 1 100 0.75 9 1462 109 109 41 109 675 0 61
10 90 5 1 100 0.75 9 1463 109 109 52 109 675 0 71
10 90 5 1 100 0.75 9 1464 109 109 42 109 675 0 76
10 90 5 1 100 0.75 9 1465 109 109 55 109 675 0 82
10 90 5 1 100 0.75 9 1466 109 109 44 109 675 0 85
10 90 5 1 100 0.75 9 1467 109 109 50 109 675 0 85
10 90 5 1 100 0.75 9 1468 109 109 55 109 675 0 85
10 90 5 1 100 0.75 9 1469 109 109 46 109 675 0 85
10 90 5 1 100 0.75 9 1470 109 109 50 109 675 0 85
10 90 5 1 100 0.75 9 1471 109 107 46 107 677 2 83
10 90 5 1 100 0.75 9 1472 109 105 55 103 681 6 79
10 90 5 1 100 0.75 9 1473 109 106 40 100 684 9 76
10 90 5 1 100 0.75 9 1474 109 102 55 93 691 16 69
10 90 5 1 100 0.75 9 1475 109 108 45 92 692 17 68
10 90 5 1 100 0.75 9 1476 109 96 46 79 705 30 55
10 90 5 1 100 0.75 9 1477 109 96 43 69 715 40 45
10 90 5 1 100 0.75 9 1478 109 98 38 61 723 48 37
10 90 5 1 100 0.75 9 1479 109 101 40 54 730 55 30
10 90 5 1 100 0.75 9 1480 109 101 45 51 738 63 22
10 90 5 1 100 0.75 9 1481 109 101 40 44 746 71 14
10 90 5 1 100 0.75 9 1482 109 103 44 42 752 77 8
10 90 5 1 100 0.75 9 1483 109 107 32 47 754 79 6
10 90 5 1 100 0.75 9 1484 109 105 33 48 758 83 2
10 90 5 1 100 0.75 9 1485 109 108 27 56 759 84 1
10 90 5 1 100 0.75 9 1486 109 108 25 64 760 85 0
10 90 5 1 100 0.75 9 1487 109 109 14 73 760 85 3
10 90 5 1 100 0.75 9 1488 109 109 18 82 759 85 6
10 90 5 1 100 0.75 9 1489 109 109 20 91 759 85 7
10 90 5 1 100 0.75 9 1490 109 109 19 94 759 85 12
10 90 5 1 100 0.75 9 1491 109 109 13 101 759 85 17
10 90 5 1 100 0.75 9 1492 109 109 24 104 759 85 26
10 90 5 1 100 0.75 9 1493 109 109 20 108 759 85 32
10 90 5 1 100 0.75 9 1494 109 109 34 109 759 85 43
10 90 5 1 100 0.75 9 1495 109 109 30 109 759 85 46
10 90 5 1 100 0.75 9 1496 109 109 32 109 759 85 52
10 90 5 1 100 0.75 9 1497 109 109 46 109 759 85 55
10 90 5 1 100 0.75 9 1498 109 109 40 109 759 85 56
10 90 5 1 100 0.75 9 1499 109 109 40 109 759 85 57
10 90 5 1 100 0.75 9 1500 109 109 46 109 759 85 59
10 90 5 1 100 0.75 9 1501 109 109 40 109 759 85 59
10 90 5 1 100 0.75 9 1502 109 109 56 109 759 85 59
10 90 5 1 100 0.75 9 1503 109 108 30 108 760 86 58
10 90 5 1 100 0.75 9 1504 109 108 47 107 761 87 57
10 90 5 1 100 0.75 9 1505 109 108 37 106 762 88 56
10 90 5 1 100 0.75 9 1506 109 105 37 102 766 92 52
10 90 5 1 100 0.75 9 1507 109 101 38 94 774 100 44
10 90 5 1 100 0.75 9 1508 109 106 42 91 777 103 41
10 90 5 1 100 0.75 9 1509 109 105 35 87 781 107 37
10 90 5 1 100 0.75 9 1510 109 103 35 81 787 113 31
10 90 5 1 100 0.75 9 1511 109 103 32 75 793 119 25
10 90 5 1 100 0.75 9 1512 109 102 33 68 800 126 18
10 90 5 1 100 0.75 9 1513 109 104 35 65 805 131 13
10 90 5 1 100 0.75 9 1514 109 104 36 62 810 136 8
10 90 5 1 100 0.75 9 1515 109 107 20 67 812 138 6
10 90 5 1 100 0.75 9 1516 109 107 34 70 814 140 4
10 90 5 1 100 0.75 9 1517 109 107 25 73 816 142 2
10 90 5 1 100 0.75 9 1518 109 109 22 76 816 142 2
10 90 5 1 100 0.75 9 1519 109 107 17 82 818 144 2
10 90 5 1 100 0.75 9 1520 109 109 21 89 818 144 4
10 90 5 1 100 0.75 9 1521 109 109 21 93 818 144 7
10 90 5 1 100 0.75 9 1522 109 109 22 98 818 144 10
10 90 5 1 100 0.75 9 1523 109 109 25 101 818 144 16
10 90 5 1 100 0.75 9 1524 109 109 29 105 818 144 19
10 90 5 1 100 0.75 9 1525 109 109 20 106 817 144 23
10 90 5 1 100 0.75 9 1526 109 109 29 107 817 144 28
10 90 5 1 100 0.75 9 1527 109 109 23 109 817 144 34
10 90 5 1 100 0.75 9 1528 109 109 29 109 817 144 39
10 90 5 1 100 0.75 9 1529 109 109 26 109 817 144 42
10 90 5 1 100 0.75 9 1530 109 109 39 109 817 144 44
10 90 5 1 100 0.75 9 1531 109 109 36 109 817 144 48
10 90 5 1 100 0.75 9 1532 109 109 30 109 817 144 48
10 90 5 1 100 0.75 9 1533 109 109 33 109 817 144 50
10 90 5 1 100 0.75 9 1534 109 109 30 109 817 144 51
10 90 5 1 100 0.75 9 1535 109 108 34 108 818 145 50
10 90 5 1 100 0.75 9 1536 109 107 35 106 820 147 48
10 90 5 1 100 0.75 9 1537 109 109 33 106 820 147 48
10 90 5 1 100 0.75 9 1538 109 107 40 104 822 149 46
10 90 5 1 100 0.75 9 1539 109 105 33 100 826 153 42
10 90 5 1 100 0.75 9 1540 109 104 32 95 831 158 37
10 90 5 1 100 0.75 9 1541 109 106 36 92 834 161 34
10 90 5 1 100 0.75 9 1542 109 106 36 89 837 164 31
10 90 5 1 100 0.75 9 1543 109 103 26 83 843 170 25
10 90 5 1 100 0.75 9 1544 109 105 37 81 847 174 21
10 90 5 1 100 0.75 9 1545 109 105 29 78 851 178 17
10 90 5 1 100 0.75 9 1546 109 102 31 73 858 185 10
10 90 5 1 100 0.75 9 1547 109 106 23 71 861 188 7
10 90 5 1 100 0.75 9 1548 109 109 24 76 861 188 7
10 90 5 1 100 0.75 9 1549 109 105 23 77 865 192 3
10 90 5 1 100 0.75 9 1550 109 108 26 78 866 193 2
10 90 5 1 100 0.75 9 1551 109 107 28 82 868 195 2
10 90 5 1 100 0.75 9 1552 109 109 19 87 868 195 4
10 90 5 1 100 0.75 9 1553 109 109 21 90 868 195 4
10 90 5 1 100 0.75 9 1554 109 109 15 96 868 195 5
10 90 5 1 100 0.75 9 1555 109 109 17 100 868 195 10
10 90 5 1 100 0.75 9 1556 109 109 16 101 868 195 13
10 90 5 1 100 0.75 9 1557 109 109 16 105 868 195 18
10 90 5 1 100 0.75 9 1558 109 109 20 106 867 195 21
10 90 5 1 100 0.75 9 1559 109 109 16 108 867 195 24
10 90 5 1 100 0.75 9 1560 109 109 30 109 867 195 28
10 90 5 1 100 0.75 9 1561 109 109 23 109 867 195 34
10 90 5 1 100 0.75 9 1562 109 109 28 109 867 195 36
10 90 5 1 100 0.75 9 1563 109 109 35 109 867 195 39
10 90 5 1 100 0.75 9 1564 109 109 37 109 867 195 42
10 90 5 1 100 0.75 9 1565 109 109 33 109 867 195 42
10 90 5 1 100 0.75 9 1566 109 109 29 109 867 195 42
10 90 5 1 100 0.75 9 1567 109 107 36 107 869 197 40
10 90 5 1 100 0.75 9 1568 109 109 40 107 869 197 40
10 90 5 1 100 0.75 9 1569 109 108 30 106 870 198 39
10 90 5 1 100 0.75 9 1570 109 108 34 105 871 199 38
10 90 5 1 100 0.75 9 1571 109 107 33 103 873 201 36
10 90 5 1 100 0.75 9 1572 109 108 37 102 874 202 35
10 90 5 1 100 0.75 9 1573 109 107 29 100 876 204 33
10 90 5 1 100 0.75 9 1574 109 102 32 93 883 211 26
10 90 5 1 100 0.75 9 1575 109 107 29 92 885 213 24
10 90 5 1 100 0.75 9 1576 109 104 22 88 890 218 19
10 90 5 1 100 0.75 9 1577 109 105 24 85 894 222 15
10 90 5 1 100 0.75 9 1578 109 104 25 81 899 227 10
10 90 5 1 100 0.75 9 1579 109 102 25 75 906 234 3
10 90 5 1 100 0.75 9 1580 109 108 27 76 907 235 2
10 90 5 1 100 0.75 9 1581 109 109 31 76 907 235 3
10 90 5 1 100 0.75 9 1582 109 108 19 79 908 236 2
10 90 5 1 100 0.75 9 1583 109 109 23 85 908 236 3
10 90 5 1 100 0.75 9 1584 109 108 15 87 909 237 2
10 90 5 1 100 0.75 9 1585 109 109 18 92 909 237 3
10 90 5 1 100 0.75 9 1586 109 109 17 95 909 237 5
10 90 5 1 100 0.75 9 1587 109 109 19 104 908 237 5
10 90 5 1 100 0.75 9 1588 109 109 16 107 908 237 7
10 90 5 1 100 0.75 9 1589 109 109 24 107 908 237 10
10 90 5 1 100 0.75 9 1590 109 109 22 107 908 237 14
10 90 5 1 100 0.75 9 1590 109 109 109 107 922 237 14
10 90 5 1 100 0.75 9 1620 109 109 109 107 694 237 14
10 90 5 1 100 0.75 10 1621 0 10 10 0 694 0 0
10 90 5 1 100 0.75 10 1622 0 20 20 0 694 0 0
10 90 5 1 100 0.75 10 1623 0 30 30 0 694 0 0
10 90 5 1 100 0.75 10 1624 0 40 40 0 694 0 0
10 90 5 1 100 0.75 10 1625 0 50 46 0 694 0 0
10 90 5 1 100 0.75 10 1626 0 60 58 0 694 0 0
10 90 5 1 100 0.75 10 1627 1 70 58 0 694 0 0
10 90 5 1 100 0.75 10 1628 7 80 63 1 694 0 0
10 90 5 1 100 0.75 10 1629 19 90 61 7 694 0 0
10 90 5 1 100 0.75 10 1630 32 100 51 19 694 0 0
10 90 5 1 100 0.75 10 1631 40 109 43 32 694 0 0
10 90 5 1 100 0.75 10 1632 52 109 38 40 694 0 0
10 90 5 1 100 0.75 10 1633 60 109 31 52 694 0 0
10 90 5 1 100 0.75 10 1634 74 109 24 60 694 0 1
10 90 5 1 100 0.75 10 1635 83 109 18 74 694 0 4
10 90 5 1 100 0.75 10 1636 96 109 12 83 694 0 9
10 90 5 1 100 0.75 10 1637 105 109 20 96 694 0 18
10 90 5 1 100 0.75 10 1638 109 109 18 105 694 0 25
10 90 5 1 100 0.75 10 1639 109 109 28 109 694 0 35
10 90 5 1 100 0.75 10 1640 109 109 33 109 694 0 42
10 90 5 1 100 0.75 10 1641 109 109 41 109 694 0 48
10 90 5 1 100 0.75 10 1642 109 109 46 109 694 0 55
10 90 5 1 100 0.75 10 1643 109 109 45 109 694 0 63
10 90 5 1 100 0.75 10 1644 109 109 53 109 694 0 74
10 90 5 1 100 0.75 10 1645 109 109 50 109 694 0 77
10 90 5 1 100 0.75 10 1646 109 109 58 109 694 0 79
10 90 5 1 100 0.75 10 1647 109 109 50 109 694 0 79
10 90 5 1 100 0.75 10 1648 109 109 50 109 694 0 79
10 90 5 1 100 0.75 10 1649 109 109 55 109 694 0 79
10 90 5 1 100 0.75 10 1650 109 109 56 109 694 0 79
10 90 5 1 100 0.75 10 1651 109 106 59 106 697 3 76
10 90 5 1 100 0.75 10 1652 109 107 47 104 699 5 74
10 90 5 1 100 0.75 10 1653 109 107 55 102 701 7 72
10 90 5 1 100 0.75 10 1654 109 102 43 95 708 14 65
10 90 5 1 100 0.75 10 1655 109 101 52 87 716 22 57
10 90 5 1 100 0.75 10 1656 109 105 45 83 720 26 53
10 90 5 1 100 0.75 10 1657 109 101 52 75 727 34 45
10 90 5 1 100 0.75 10 1658 109 100 32 66 736 43 36
10 90 5 1 100 0.75 10 1659 109 105 52 64 740 47 32
10 90 5 1 100 0.75 10 1660 109 102 47 59 747 54 25
10 90 5 1 100 0.75 10 1661 109 99 42 51 757 64 15
10 90 5 1 100 0.75 10 1662 109 104 35 48 762 69 10
10 90 5 1 100 0.75 10 1663 109 103 39 51 767 75 4
10 90 5 1 100 0.75 10 1664 109 106 33 52 770 78 1
10 90 5 1 100 0.75 10 1665 109 108 27 60 771 79 2
10 90 5 1 100 0.75 10 1666 109 109 28 67 771 79 3
10 90 5 1 100 0.75 10 1667 109 109 26 74 771 79 5
10 90 5 1 100 0.75 10 1668 109 109 26 81 771 79 5
10 90 5 1 100 0.75 10 1669 109 109 24 89 771 79 11
10 90 5 1 100 0.75 10 1670 109 109 22 94 771 79 14
10 90 5 1 100 0.75 10 1671 109 109 24 100 771 79 18
10 90 5 1 100 0.75 10 1672 109 109 20 106 771 79 25
10 90 5 1 100 0.75 10 1673 109 109 28 108 771 79 31
10 90 5 1 100 0.75 10 1674 109 109 30 109 771 79 38
10 90 5 1 100 0.75 10 1675 109 109 37 109 771 79 43
10 90 5 1 100 0.75 10 1676 109 109 42 109 771 79 49
10 90 5 1 100 0.75 10 1677 109 109 39 109 771 79 52
10 90 5 1 100 0.75 10 1678 109 109 40 109 771 79 57
10 90 5 1 100 0.75 10 1679 109 109 45 109 771 79 62
10 90 5 1 100 0.75 10 1680 109 109 43 109 771 79 63
10 90 5 1 100 0.75 10 1681 109 109 46 109 771 79 63
10 90 5 1 100 0.75 10 1682 109 107 52 107 773 81 61
10 90 5 1 100 0.75 10 1683 109 108 37 106 774 82 60
10 90 5 1 100 0.75 10 1684 109 107 50 104 776 84 58
10 90 5 1 100 0.75 10 1685 109 108 37 103 777 85 57
10 90 5 1 100 0.75 10 1686 109 108 45 102 778 86 56
10 90 5 1 100 0.75 10 1687 109 103 36 96 784 92 50
10 90 5 1 100 0.75 10 1688 109 101 39 88 792 100 42
10 90 5 1 100 0.75 10 1689 109 105 41 84 796 104 38
10 90 5 1 100 0.75 10 1690 109 103 39 78 802 110 32
10 90 5 1 100 0.75 10 1691 109 103 37 74 808 116 26
10 90 5 1 100 0.75 10 1692 109 102 40 68 815 123 19
10 90 5 1 100 0.75 10 1693 109 108 38 69 816 124 18
10 90 5 1 100 0.75 10 1694 109 102 34 63 823 131 11
10 90 5 1 100 0.75 10 1695 109 105 33 61 827 135 7
10 90 5 1 100 0.75 10 1696 109 107 30 66 829 137 5
10 90 5 1 100 0.75 10 1697 109 107 22 71 831 139 3
10 90 5 1 100 0.75 10 1698 109 107 23 75 833 141 3
10 90 5 1 100 0.75 10 1699 109 108 22 80 834 142 2
10 90 5 1 100 0.75 10 1700 109 109 27 86 834 142 2
10 90 5 1 100 0.75 10 1701 109 109 23 90 834 142 4
10 90 5 1 100 0.75 10 1702 109 109 21 94 834 142 5
10 90 5 1 100 0.75 10 1703 109 109 24 101 834 142 13
10 90 5 1 100 0.75 10 1704 109 109 24 103 834 142 16
10 90 5 1 100 0.75 10 1705 109 109 21 105 834 142 17
10 90 5 1 100 0.75 10 1706 109 109 26 108 834 142 23
10 90 5 1 100 0.75 10 1707 109 109 31 108 834 142 27
10 90 5 1 100 0.75 10 1708 109 109 21 109 833 142 31
10 90 5 1 100 0.75 10 1709 109 109 29 109 833 142 34
10 90 5 1 100 0.75 10 1710 109 109 35 109 833 142 38
10 90 5 1 100 0.75 10 1711 109 109 36 109 833 142 39
10 90 5 1 100 0.75 10 1712 109 109 39 109 833 142 42
10 90 5 1 100 0.75 10 1713 109 109 33 109 833 142 42
10 90 5 1 100 0.75 10 1714 109 109 35 109 833 142 42
10 90 5 1 100 0.75 10 1715 109 109 38 109 833 142 42
10 90 5 1 100 0.75 10 1716 109 107 34 107 835 144 40
10 90 5 1 100 0.75 10 1717 109 109 31 107 835 144 40
10 90 5 1 100 0.75 10 1718 109 108 41 106 836 145 39
10 90 5 1 100 0.75 10 1719 109 108 35 105 837 146 38
10 90 5 1 100 0.75 10 1720 109 103 29 99 843 152 32
10 90 5 1 100 0.75 10 1721 109 106 32 96 846 155 29
10 90 5 1 100 0.75 10 1722 109 104 29 91 851 160 24
10 90 5 1 100 0.75 10 1723 109 106 36 88 854 163 21
10 90 5 1 100 0.75 10 1724 109 104 29 84 859 168 16
10 90 5 1 100 0.75 10 1725 109 108 26 84 860 169 15
10 90 5 1 100 0.75 10 1726 109 104 35 79 865 174 10
10 90 5 1 100 0.75 10 1727 109 106 36 77 868 177 7
10 90 5 1 100 0.75 10 1728 109 106 23 76 871 180 4
10 90 5 1 100 0.75 10 1729 109 105 24 79 875 184 0
10 90 5 1 100 0.75 10 1730 109 109 25 82 875 184 1
10 90 5 1 100 0.75 10 1731 109 109 18 86 875 184 2
10 90 5 1 100 0.75 10 1732 109 109 19 92 875 184 2
10 90 5 1 100 0.75 10 1733 109 109 22 94 875 184 2
10 90 5 1 100 0.75 10 1734 109 109 21 96 875 184 3
10 90 5 1 100 0.75 10 1735 109 109 22 101 875 184 6
10 90 5 1 100 0.75 10 1736 109 109 26 102 875 184 11
10 90 5 1 100 0.75 10 1737 109 109 20 107 875 184 15
10 90 5 1 100 0.75 10 1738 109 109 28 109 875 184 18
10 90 5 1 100 0.75 10 1739 109 109 24 109 875 184 21
10 90 5 1 100 0.75 10 1740 109 109 31 109 875 184 24
10 90 5 1 100 0.75 10 1741 109 109 27 109 875 184 27
10 90 5 1 100 0.75 10 1742 109 109 23 109 875 184 29
10 90 5 1 100 0.75 10 1743 109 109 31 109 875 184 30
10 90 5 1 100 0.75 10 1744 109 109 38 109 875 184 35
10 90 5 1 100 0.75 10 1745 109 109 30 109 875 184 36
10 90 5 1 100 0.75 10 1746 109 108 32 108 876 185 35
10 90 5 1 100 0.75 10 1747 109 109 28 108 876 185 35
10 90 5 1 100 0.75 10 1748 109 108 28 107 877 186 34
10 90 5 1 100 0.75 10 1749 109 108 31 106 878 187 33
10 90 5 1 100 0.75 10 1750 109 109 24 106 878 187 33
10 90 5 1 100 0.75 10 1751 109 108 27 105 879 188 32
10 90 5 1 100 0.75 10 1752 109 109 26 105 879 188 32
10 90 5 1 100 0.75 10 1753 109 106 35 102 882 191 29
10 90 5 1 100 0.75 10 1754 109 103 24 96 887 197 23
10 90 5 1 100 0.75 10 1755 109 104 28 92 892 202 18
10 90 5 1 100 0.75 10 1756 109 106 24 89 895 205 15
10 90 5 1 100 0.75 10 1757 109 107 31 89 897 207 13
10 90 5 1 100 0.75 10 1758 109 107 28 87 898 209 11
10 90 5 1 100 0.75 10 1759 109 106 31 85 901 212 8
10 90 5 1 100 0.75 10 1760 109 105 22 81 905 216 4
10 90 5 1 100 0.75 10 1761 109 108 35 82 905 217 4
10 90 5 1 100 0.75 10 1762 109 108 26 83 906 218 3
10 90 5 1 100 0.75 10 1763 109 108 23 89 907 219 3
10 90 5 1 100 0.75 10 1764 109 108 22 93 908 220 3
10 90 5 1 100 0.75 10 1765 109 109 21 94 908 220 3
10 90 5 1 100 0.75 10 1766 109 109 13 97 908 220 4
10 90 5 1 100 0.75 10 1767 109 109 22 100 908 220 5
10 90 5 1 100 0.75 10 1768 109 109 14 104 908 220 6
10 90 5 1 100 0.75 10 1769 109 109 22 106 908 220 11
10 90 5 1 100 0.75 10 1770 109 109 23 107 908 220 16
10 90 5 1 100 0.75 10 1770 109 109 109 107 924 220 16
10 90 5 1 100 0.75 10 1800 109 109 109 107 693 220 16
