20 5 5 1 100 0.75 1 1 0 20 20 0 100 0 0
20 5 5 1 100 0.75 1 2 0 40 40 0 100 0 0
20 5 5 1 100 0.75 1 3 0 60 60 0 100 0 0
20 5 5 1 100 0.75 1 4 0 80 80 0 100 0 0
20 5 5 1 100 0.75 1 5 0 100 100 0 100 0 0
20 5 5 1 100 0.75 1 6 0 120 119 0 100 0 0
20 5 5 1 100 0.75 1 7 0 140 140 0 100 0 0
20 5 5 1 100 0.75 1 8 0 160 159 0 100 0 0
20 5 5 1 100 0.75 1 9 3 180 176 0 100 0 0
20 5 5 1 100 0.75 1 10 7 200 188 3 100 0 0
20 5 5 1 100 0.75 1 11 10 220 209 7 100 0 0
20 5 5 1 100 0.75 1 12 16 240 221 10 100 0 0
20 5 5 1 100 0.75 1 13 16 260 243 16 100 0 0
20 5 5 1 100 0.75 1 14 17 280 259 16 100 0 0
20 5 5 1 100 0.75 1 15 18 300 277 17 100 0 0
20 5 5 1 100 0.75 1 16 22 320 297 18 100 0 1
20 5 5 1 100 0.75 1 17 29 340 312 22 100 0 5
20 5 5 1 100 0.75 1 18 33 360 330 29 100 0 7
20 5 5 1 100 0.75 1 19 40 380 344 33 100 0 9
20 5 5 1 100 0.75 1 20 44 400 362 40 100 0 14
20 5 5 1 100 0.75 1 21 47 420 383 44 100 0 15
20 5 5 1 100 0.75 1 22 48 440 400 47 100 0 15
20 5 5 1 100 0.75 1 23 54 460 419 48 100 0 18
20 5 5 1 100 0.75 1 24 56 480 435 54 100 0 22
20 5 5 1 100 0.75 1 25 66 500 459 56 100 0 27
20 5 5 1 100 0.75 1 26 71 520 474 66 100 0 31
20 5 5 1 100 0.75 1 27 79 540 495 71 100 0 37
20 5 5 1 100 0.75 1 28 83 560 513 79 100 0 40
20 5 5 1 100 0.75 1 29 88 580 534 83 100 0 41
20 5 5 1 100 0.75 1 30 97 600 549 88 100 0 45
20 5 5 1 100 0.75 1 31 101 620 566 97 100 0 47
20 5 5 1 100 0.75 1 32 107 638 583 99 102 2 48
20 5 5 1 100 0.75 1 33 117 658 599 105 102 2 54
20 5 5 1 100 0.75 1 34 123 677 614 114 103 3 56
20 5 5 1 100 0.75 1 35 129 696 629 119 104 4 58
20 5 5 1 100 0.75 1 36 139 713 647 122 107 7 58
20 5 5 1 100 0.75 1 37 145 731 663 130 109 9 59
20 5 5 1 100 0.75 1 38 154 747 677 132 113 13 60
20 5 5 1 100 0.75 1 39 163 765 688 139 115 15 63
20 5 5 1 100 0.75 1 40 173 782 701 146 118 18 63
20 5 5 1 100 0.75 1 41 185 799 713 153 121 21 66
20 5 5 1 100 0.75 1 42 195 816 729 162 124 24 67
20 5 5 1 100 0.75 1 43 203 834 738 170 126 26 72
20 5 5 1 100 0.75 1 44 213 851 750 175 129 29 75
20 5 5 1 100 0.75 1 45 227 868 769 182 132 32 76
20 5 5 1 100 0.75 1 46 236 882 781 190 138 38 81
20 5 5 1 100 0.75 1 47 250 896 785 193 144 44 82
20 5 5 1 100 0.75 1 48 258 912 797 204 148 48 81
20 5 5 1 100 0.75 1 49 274 930 812 210 150 50 90
20 5 5 1 100 0.75 1 50 282 947 832 225 153 53 90
20 5 5 1 100 0.75 1 51 293 964 849 231 156 56 95
20 5 5 1 100 0.75 1 52 301 982 855 242 158 58 100
20 5 5 1 100 0.75 1 53 321 998 869 248 162 62 109
20 5 5 1 100 0.75 1 54 333 1013 876 265 167 67 109
20 5 5 1 100 0.75 1 55 343 1027 883 272 173 73 114
20 5 5 1 100 0.75 1 56 355 1032 887 281 176 76 121
20 5 5 1 100 0.75 1 57 366 1035 889 296 176 76 129
20 5 5 1 100 0.75 1 58 380 1026 879 302 184 85 128
20 5 5 1 100 0.75 1 59 388 1030 875 320 189 90 132
20 5 5 1 100 0.75 1 60 400 1030 866 325 194 95 137
20 5 5 1 100 0.75 1 61 416 1032 866 342 197 98 149
20 5 5 1 100 0.75 1 62 427 1026 854 354 206 107 148
20 5 5 1 100 0.75 1 63 433 1030 859 370 211 112 155
20 5 5 1 100 0.75 1 64 443 1028 847 375 218 119 153
20 5 5 1 100 0.75 1 65 455 1025 846 377 228 129 158
20 5 5 1 100 0.75 1 66 472 1029 841 387 234 135 167
20 5 5 1 100 0.75 1 67 481 1032 841 410 237 138 168
20 5 5 1 100 0.75 1 68 491 1027 830 414 245 146 178
20 5 5 1 100 0.75 1 69 500 1026 825 419 254 155 184
20 5 5 1 100 0.75 1 70 507 1027 826 428 262 163 194
20 5 5 1 100 0.75 1 71 515 1024 817 434 273 174 190
20 5 5 1 100 0.75 1 72 527 1024 808 437 284 185 192
20 5 5 1 100 0.75 1 73 539 1026 799 452 293 194 200
20 5 5 1 100 0.75 1 74 552 1031 801 466 297 198 205
20 5 5 1 100 0.75 1 75 560 1023 787 473 309 210 205
20 5 5 1 100 0.75 1 76 567 1025 783 476 319 220 208
20 5 5 1 100 0.75 1 77 577 1022 765 481 332 233 206
20 5 5 1 100 0.75 1 78 588 1021 757 482 346 247 203
20 5 5 1 100 0.75 1 79 605 1028 761 499 353 254 212
20 5 5 1 100 0.75 1 80 615 1027 755 520 360 262 219
20 5 5 1 100 0.75 1 81 627 1020 738 522 375 277 215
20 5 5 1 100 0.75 1 82 638 1026 743 532 384 286 220
20 5 5 1 100 0.75 1 83 646 1025 734 538 393 296 224
20 5 5 1 100 0.75 1 84 651 1022 733 548 406 309 220
20 5 5 1 100 0.75 1 85 664 1024 720 553 417 320 219
20 5 5 1 100 0.75 1 86 674 1027 725 572 424 328 233
20 5 5 1 100 0.75 1 87 684 1026 716 580 432 337 243
20 5 5 1 100 0.75 1 88 693 1012 677 579 455 360 232
20 5 5 1 100 0.75 1 89 706 1019 690 588 467 373 233
20 5 5 1 100 0.75 1 90 716 1023 673 598 479 385 236
20 5 5 1 100 0.75 1 91 723 1020 663 602 494 400 230
20 5 5 1 100 0.75 1 92 729 1028 662 617 501 407 247
20 5 5 1 100 0.75 1 93 742 1023 642 623 513 419 252
20 5 5 1 100 0.75 1 94 750 1022 649 631 526 432 255
20 5 5 1 100 0.75 1 95 756 1022 630 634 539 445 258
20 5 5 1 100 0.75 1 96 765 1023 641 643 551 457 262
20 5 5 1 100 0.75 1 97 775 1015 609 652 570 477 255
20 5 5 1 100 0.75 1 98 785 1022 617 661 582 490 260
20 5 5 1 100 0.75 1 99 793 1025 607 678 592 500 266
20 5 5 1 100 0.75 1 100 801 1028 622 690 599 507 277
20 5 5 1 100 0.75 1 101 812 1020 597 693 614 522 276
20 5 5 1 100 0.75 1 102 823 1017 585 699 632 540 274
20 5 5 1 100 0.75 1 103 829 1021 570 708 645 554 275
20 5 5 1 100 0.75 1 104 837 1027 568 718 653 562 287
20 5 5 1 100 0.75 1 105 846 1025 582 729 662 572 294
20 5 5 1 100 0.75 1 106 857 1018 556 737 679 589 292
20 5 5 1 100 0.75 1 107 868 1016 558 743 698 608 289
20 5 5 1 100 0.75 1 108 879 1020 541 746 713 623 285
20 5 5 1 100 0.75 1 109 889 1013 534 744 735 645 277
20 5 5 1 100 0.75 1 110 899 1016 525 754 752 662 278
20 5 5 1 100 0.75 1 111 903 1019 494 767 767 678 269
20 5 5 1 100 0.75 1 112 908 1016 505 763 786 697 270
20 5 5 1 100 0.75 1 113 914 1022 495 764 797 710 274
20 5 5 1 100 0.75 1 114 922 1029 513 776 802 716 285
20 5 5 1 100 0.75 1 115 932 1013 496 785 824 738 283
20 5 5 1 100 0.75 1 116 937 1014 481 787 842 757 278
20 5 5 1 100 0.75 1 117 946 1016 465 793 860 775 285
20 5 5 1 100 0.75 1 118 950 1022 474 811 873 788 288
20 5 5 1 100 0.75 1 119 956 1018 454 816 890 805 287
20 5 5 1 100 0.75 1 120 961 1019 441 826 905 821 290
20 5 5 1 100 0.75 1 121 964 1019 431 827 920 837 292
20 5 5 1 100 0.75 1 122 969 1016 439 822 939 856 292
20 5 5 1 100 0.75 1 123 974 1018 438 822 956 873 294
20 5 5 1 100 0.75 1 124 976 1012 425 821 979 896 288
20 5 5 1 100 0.75 1 125 985 1016 425 831 995 912 286
20 5 5 1 100 0.75 1 126 990 1022 413 841 1008 925 291
20 5 5 1 100 0.75 1 127 994 1027 418 851 1016 933 297
20 5 5 1 100 0.75 1 128 996 1021 407 856 1029 947 294
20 5 5 1 100 0.75 1 129 1000 1027 403 871 1036 955 297
20 5 5 1 100 0.75 1 130 1001 1020 404 874 1051 970 295
20 5 5 1 100 0.75 1 131 1006 1012 380 869 1073 993 290
20 5 5 1 100 0.75 1 132 1011 1008 362 875 1096 1017 286
20 5 5 1 100 0.75 1 133 1016 1014 348 878 1109 1031 285
20 5 5 1 100 0.75 1 134 1020 1012 341 883 1130 1053 277
20 5 5 1 100 0.75 1 135 1022 1017 359 879 1145 1068 277
20 5 5 1 100 0.75 1 136 1025 1019 340 878 1160 1084 276
20 5 5 1 100 0.75 1 137 1027 1007 334 862 1188 1112 264
20 5 5 1 100 0.75 1 138 1030 1011 333 860 1204 1128 270
20 5 5 1 100 0.75 1 139 1030 1022 344 875 1213 1137 277
20 5 5 1 100 0.75 1 140 1032 1019 346 878 1228 1153 282
20 5 5 1 100 0.75 1 141 1033 1016 316 880 1247 1172 274
20 5 5 1 100 0.75 1 142 1035 1016 296 881 1265 1191 266
20 5 5 1 100 0.75 1 143 1035 1020 306 887 1280 1206 260
20 5 5 1 100 0.75 1 144 1035 1023 311 896 1292 1218 261
20 5 5 1 100 0.75 1 145 1035 1017 301 892 1310 1236 250
20 5 5 1 100 0.75 1 146 1035 1018 303 892 1326 1253 249
20 5 5 1 100 0.75 1 147 1035 1027 290 904 1334 1261 256
20 5 5 1 100 0.75 1 148 1035 1019 295 899 1350 1277 259
20 5 5 1 100 0.75 1 149 1035 1022 296 901 1363 1290 258
20 5 5 1 100 0.75 1 150 1035 1021 278 908 1377 1304 270
20 5 5 1 100 0.75 1 150 1035 1021 1021 908 1620 1304 270
20 5 5 1 100 0.75 1 180 1035 1021 1021 908 54 1304 270
20 5 5 1 100 0.75 2 181 0 20 20 0 54 0 0
20 5 5 1 100 0.75 2 182 0 40 40 0 54 0 0
20 5 5 1 100 0.75 2 183 0 60 60 0 54 0 0
20 5 5 1 100 0.75 2 184 0 80 80 0 54 0 0
20 5 5 1 100 0.75 2 185 0 100 100 0 54 0 0
20 5 5 1 100 0.75 2 186 0 120 120 0 54 0 0
20 5 5 1 100 0.75 2 187 0 140 139 0 54 0 0
20 5 5 1 100 0.75 2 188 0 160 160 0 54 0 0
20 5 5 1 100 0.75 2 189 1 180 177 0 54 0 0
20 5 5 1 100 0.75 2 190 2 200 197 1 54 0 0
20 5 5 1 100 0.75 2 191 3 220 214 2 54 0 0
20 5 5 1 100 0.75 2 192 10 240 229 3 54 0 0
20 5 5 1 100 0.75 2 193 13 260 245 10 54 0 0
20 5 5 1 100 0.75 2 194 15 280 263 13 54 0 0
20 5 5 1 100 0.75 2 195 16 300 283 15 54 0 0
20 5 5 1 100 0.75 2 196 20 320 299 16 54 0 0
20 5 5 1 100 0.75 2 197 22 340 318 20 54 0 1
20 5 5 1 100 0.75 2 198 25 360 335 22 54 0 3
20 5 5 1 100 0.75 2 199 28 380 357 25 54 0 6
20 5 5 1 100 0.75 2 200 33 400 375 28 54 0 9
20 5 5 1 100 0.75 2 201 34 420 400 33 54 0 13
20 5 5 1 100 0.75 2 202 39 440 410 34 54 0 14
20 5 5 1 100 0.75 2 203 42 460 434 39 54 0 15
20 5 5 1 100 0.75 2 204 46 480 449 42 54 0 18
20 5 5 1 100 0.75 2 205 50 500 472 46 54 0 21
20 5 5 1 100 0.75 2 206 54 520 487 50 54 0 22
20 5 5 1 100 0.75 2 207 57 540 509 54 54 0 24
20 5 5 1 100 0.75 2 208 59 560 529 57 54 0 24
20 5 5 1 100 0.75 2 209 66 580 544 59 54 0 26
20 5 5 1 100 0.75 2 210 70 600 562 66 54 0 29
20 5 5 1 100 0.75 2 211 74 620 585 70 54 0 33
20 5 5 1 100 0.75 2 212 80 639 599 73 55 1 32
20 5 5 1 100 0.75 2 213 83 658 621 78 56 2 36
20 5 5 1 100 0.75 2 214 92 677 633 80 57 3 36
20 5 5 1 100 0.75 2 215 94 697 654 89 57 3 39
20 5 5 1 100 0.75 2 216 101 715 669 89 59 5 41
20 5 5 1 100 0.75 2 217 107 733 684 94 61 7 43
20 5 5 1 100 0.75 2 218 110 752 706 99 62 8 44
20 5 5 1 100 0.75 2 219 113 769 719 99 65 11 43
20 5 5 1 100 0.75 2 220 120 786 735 99 68 14 45
20 5 5 1 100 0.75 2 221 130 801 747 101 73 19 45
20 5 5 1 100 0.75 2 222 133 820 766 110 74 20 49
20 5 5 1 100 0.75 2 223 139 839 785 112 75 21 52
20 5 5 1 100 0.75 2 224 146 858 804 118 76 22 58
20 5 5 1 100 0.75 2 225 154 874 812 121 80 26 57
20 5 5 1 100 0.75 2 226 159 893 835 128 81 27 58
20 5 5 1 100 0.75 2 227 167 911 847 132 83 29 60
20 5 5 1 100 0.75 2 228 181 928 856 137 85 32 64
20 5 5 1 100 0.75 2 229 187 946 872 149 87 34 66
20 5 5 1 100 0.75 2 230 191 965 888 154 88 35 67
20 5 5 1 100 0.75 2 231 203 981 903 154 92 39 70
20 5 5 1 100 0.75 2 232 213 1000 922 167 93 40 77
20 5 5 1 100 0.75 2 233 225 1016 929 175 97 44 78
20 5 5 1 100 0.75 2 234 231 1033 946 185 99 46 80
20 5 5 1 100 0.75 2 235 241 1029 940 186 105 52 85
20 5 5 1 100 0.75 2 236 252 1032 939 195 108 55 91
20 5 5 1 100 0.75 2 237 259 1032 933 209 111 58 91
20 5 5 1 100 0.75 2 238 273 1033 929 216 113 60 97
20 5 5 1 100 0.75 2 239 283 1025 912 223 123 70 94
20 5 5 1 100 0.75 2 240 298 1028 910 231 130 77 97
20 5 5 1 100 0.75 2 241 308 1034 914 247 131 78 105
20 5 5 1 100 0.75 2 242 313 1033 910 261 133 80 107
20 5 5 1 100 0.75 2 243 319 1030 906 264 138 85 113
20 5 5 1 100 0.75 2 244 329 1032 902 274 141 88 119
20 5 5 1 100 0.75 2 245 335 1031 900 282 145 92 125
20 5 5 1 100 0.75 2 246 347 1029 893 284 151 98 130
20 5 5 1 100 0.75 2 247 354 1030 887 299 156 103 134
20 5 5 1 100 0.75 2 248 363 1030 892 311 161 108 145
20 5 5 1 100 0.75 2 249 368 1033 890 321 163 110 156
20 5 5 1 100 0.75 2 250 376 1028 881 323 170 117 157
20 5 5 1 100 0.75 2 251 388 1027 874 324 178 125 161
20 5 5 1 100 0.75 2 252 395 1028 875 334 185 132 158
20 5 5 1 100 0.75 2 253 408 1031 870 342 189 136 167
20 5 5 1 100 0.75 2 254 417 1027 862 353 197 144 173
20 5 5 1 100 0.75 2 255 425 1020 845 351 212 159 165
20 5 5 1 100 0.75 2 256 436 1028 852 357 219 166 168
20 5 5 1 100 0.75 2 257 444 1026 842 363 228 175 164
20 5 5 1 100 0.75 2 258 454 1029 839 374 234 181 165
20 5 5 1 100 0.75 2 259 466 1027 833 380 242 189 168
20 5 5 1 100 0.75 2 260 476 1024 818 388 253 200 167
20 5 5 1 100 0.75 2 261 485 1028 825 400 260 207 172
20 5 5 1 100 0.75 2 262 497 1027 815 406 268 215 174
20 5 5 1 100 0.75 2 263 506 1025 807 418 278 225 171
20 5 5 1 100 0.75 2 264 516 1026 797 428 287 234 173
20 5 5 1 100 0.75 2 265 523 1022 787 436 300 247 173
20 5 5 1 100 0.75 2 266 537 1022 780 437 312 260 174
20 5 5 1 100 0.75 2 267 545 1027 777 449 320 268 178
20 5 5 1 100 0.75 2 268 556 1027 776 457 328 276 183
20 5 5 1 100 0.75 2 269 565 1025 762 469 338 286 184
20 5 5 1 100 0.75 2 270 579 1024 756 474 349 297 187
20 5 5 1 100 0.75 2 271 589 1025 758 484 359 307 200
20 5 5 1 100 0.75 2 272 599 1024 736 499 370 318 199
20 5 5 1 100 0.75 2 273 610 1026 746 510 379 327 206
20 5 5 1 100 0.75 2 274 621 1027 740 525 387 335 209
20 5 5 1 100 0.75 2 275 631 1021 720 533 401 349 217
20 5 5 1 100 0.75 2 276 641 1028 729 546 408 356 222
20 5 5 1 100 0.75 2 277 654 1024 713 557 419 367 223
20 5 5 1 100 0.75 2 278 667 1025 703 569 429 377 234
20 5 5 1 100 0.75 2 279 680 1028 700 587 436 384 237
20 5 5 1 100 0.75 2 280 690 1024 682 594 447 395 237
20 5 5 1 100 0.75 2 281 700 1026 686 604 455 404 244
20 5 5 1 100 0.75 2 282 713 1021 670 609 468 418 251
20 5 5 1 100 0.75 2 283 725 1028 676 628 475 425 261
20 5 5 1 100 0.75 2 284 737 1021 667 637 488 439 261
20 5 5 1 100 0.75 2 285 749 1020 656 643 503 454 266
20 5 5 1 100 0.75 2 286 756 1028 655 655 510 461 270
20 5 5 1 100 0.75 2 287 769 1021 649 659 524 475 268
20 5 5 1 100 0.75 2 288 781 1013 631 659 546 497 261
20 5 5 1 100 0.75 2 289 794 1016 625 661 562 514 262
20 5 5 1 100 0.75 2 290 802 1016 608 671 581 533 258
20 5 5 1 100 0.75 2 291 812 1028 606 683 588 540 270
20 5 5 1 100 0.75 2 292 826 1022 613 691 601 553 275
20 5 5 1 100 0.75 2 293 834 1014 592 695 622 574 267
20 5 5 1 100 0.75 2 294 843 1024 591 704 631 584 271
20 5 5 1 100 0.75 2 295 850 1022 585 709 643 597 278
20 5 5 1 100 0.75 2 296 858 1019 582 721 659 613 287
20 5 5 1 100 0.75 2 297 870 1023 564 735 671 625 289
20 5 5 1 100 0.75 2 298 875 1013 561 744 692 647 285
20 5 5 1 100 0.75 2 299 885 1014 545 741 711 666 285
20 5 5 1 100 0.75 2 300 891 1019 537 753 724 681 283
20 5 5 1 100 0.75 2 301 900 1020 523 752 739 696 283
20 5 5 1 100 0.75 2 302 905 1020 506 768 754 711 287
20 5 5 1 100 0.75 2 303 911 1026 517 776 763 720 298
20 5 5 1 100 0.75 2 304 919 1016 501 778 780 739 302
20 5 5 1 100 0.75 2 305 921 1021 506 784 794 753 308
20 5 5 1 100 0.75 2 306 928 1019 488 786 810 769 305
20 5 5 1 100 0.75 2 307 937 1022 498 801 822 782 312
20 5 5 1 100 0.75 2 308 947 1017 482 808 840 800 313
20 5 5 1 100 0.75 2 309 950 1018 463 817 856 817 309
20 5 5 1 100 0.75 2 310 955 1022 459 822 869 830 311
20 5 5 1 100 0.75 2 311 961 1014 468 822 889 851 308
20 5 5 1 100 0.75 2 312 967 1017 444 822 905 868 304
20 5 5 1 100 0.75 2 313 972 1021 447 833 919 882 311
20 5 5 1 100 0.75 2 314 976 1016 432 828 937 901 312
20 5 5 1 100 0.75 2 315 983 1016 439 831 955 920 314
20 5 5 1 100 0.75 2 316 986 1014 416 833 975 941 307
20 5 5 1 100 0.75 2 317 988 1018 414 832 990 957 307
20 5 5 1 100 0.75 2 318 992 1020 408 842 1005 972 301
20 5 5 1 100 0.75 2 319 995 1014 394 842 1026 993 297
20 5 5 1 100 0.75 2 320 1001 1015 402 843 1044 1012 296
20 5 5 1 100 0.75 2 321 1007 1016 389 844 1063 1031 287
20 5 5 1 100 0.75 2 322 1011 1015 371 848 1082 1051 280
20 5 5 1 100 0.75 2 323 1013 1015 372 852 1101 1071 275
20 5 5 1 100 0.75 2 324 1018 1019 354 861 1117 1087 272
20 5 5 1 100 0.75 2 325 1019 1020 363 864 1132 1102 279
20 5 5 1 100 0.75 2 326 1021 1021 345 867 1145 1116 283
20 5 5 1 100 0.75 2 327 1021 1023 359 878 1157 1128 280
20 5 5 1 100 0.75 2 328 1023 1016 352 874 1176 1147 281
20 5 5 1 100 0.75 2 329 1026 1017 347 878 1193 1165 282
20 5 5 1 100 0.75 2 330 1029 1008 334 873 1220 1192 272
20 5 5 1 100 0.75 2 330 1029 1008 1008 873 1463 1192 272
20 5 5 1 100 0.75 2 360 1029 1008 1008 873 54 1192 272
20 5 5 1 100 0.75 3 361 0 20 20 0 54 0 0
20 5 5 1 100 0.75 3 362 0 40 40 0 54 0 0
20 5 5 1 100 0.75 3 363 0 60 60 0 54 0 0
20 5 5 1 100 0.75 3 364 0 80 80 0 54 0 0
20 5 5 1 100 0.75 3 365 0 100 100 0 54 0 0
20 5 5 1 100 0.75 3 366 0 120 120 0 54 0 0
20 5 5 1 100 0.75 3 367 0 140 140 0 54 0 0
20 5 5 1 100 0.75 3 368 1 160 159 0 54 0 0
20 5 5 1 100 0.75 3 369 2 180 177 1 54 0 0
20 5 5 1 100 0.75 3 370 2 200 198 2 54 0 0
20 5 5 1 100 0.75 3 371 5 220 215 2 54 0 0
20 5 5 1 100 0.75 3 372 5 240 233 5 54 0 0
20 5 5 1 100 0.75 3 373 9 260 248 5 54 0 0
20 5 5 1 100 0.75 3 374 11 280 269 9 54 0 0
20 5 5 1 100 0.75 3 375 15 300 283 11 54 0 0
20 5 5 1 100 0.75 3 376 17 320 302 15 54 0 1
20 5 5 1 100 0.75 3 377 17 340 324 17 54 0 2
20 5 5 1 100 0.75 3 378 21 360 340 17 54 0 2
20 5 5 1 100 0.75 3 379 26 380 356 21 54 0 4
20 5 5 1 100 0.75 3 380 28 400 378 26 54 0 6
20 5 5 1 100 0.75 3 381 31 420 394 28 54 0 7
20 5 5 1 100 0.75 3 382 35 440 411 31 54 0 8
20 5 5 1 100 0.75 3 383 38 460 436 35 54 0 12
20 5 5 1 100 0.75 3 384 41 480 451 38 54 0 12
20 5 5 1 100 0.75 3 385 43 500 473 41 54 0 12
20 5 5 1 100 0.75 3 386 47 520 493 43 54 0 15
20 5 5 1 100 0.75 3 387 53 540 511 47 54 0 17
20 5 5 1 100 0.75 3 388 56 560 529 53 54 0 18
20 5 5 1 100 0.75 3 389 57 580 552 56 54 0 22
20 5 5 1 100 0.75 3 390 63 600 568 57 54 0 25
20 5 5 1 100 0.75 3 391 69 620 584 63 54 0 27
20 5 5 1 100 0.75 3 392 74 640 604 69 54 0 27
20 5 5 1 100 0.75 3 393 78 659 621 73 55 1 29
20 5 5 1 100 0.75 3 394 80 679 643 77 55 1 32
20 5 5 1 100 0.75 3 395 83 697 662 77 57 3 32
20 5 5 1 100 0.75 3 396 89 717 678 80 57 3 35
20 5 5 1 100 0.75 3 397 93 737 699 86 57 3 37
20 5 5 1 100 0.75 3 398 102 753 714 86 61 7 35
20 5 5 1 100 0.75 3 399 107 770 724 92 64 10 36
20 5 5 1 100 0.75 3 400 112 789 741 96 65 11 37
20 5 5 1 100 0.75 3 401 116 807 758 99 67 13 38
20 5 5 1 100 0.75 3 402 122 825 772 101 69 15 38
20 5 5 1 100 0.75 3 403 129 845 792 107 69 15 41
20 5 5 1 100 0.75 3 404 138 864 807 113 70 16 44
20 5 5 1 100 0.75 3 405 141 884 828 122 70 16 47
20 5 5 1 100 0.75 3 406 148 900 842 122 74 20 48
20 5 5 1 100 0.75 3 407 158 915 856 124 79 25 49
20 5 5 1 100 0.75 3 408 165 934 867 134 80 26 52
20 5 5 1 100 0.75 3 409 169 953 887 140 81 27 54
20 5 5 1 100 0.75 3 410 176 973 903 145 81 27 59
20 5 5 1 100 0.75 3 411 186 989 916 149 85 31 60
20 5 5 1 100 0.75 3 412 194 1006 929 156 88 34 67
20 5 5 1 100 0.75 3 413 202 1022 938 163 92 38 67
20 5 5 1 100 0.75 3 414 213 1034 950 172 93 39 75
20 5 5 1 100 0.75 3 415 223 1033 948 181 95 41 79
20 5 5 1 100 0.75 3 416 229 1035 950 193 95 41 84
20 5 5 1 100 0.75 3 417 235 1032 946 198 98 44 84
20 5 5 1 100 0.75 3 418 248 1033 944 203 100 46 93
20 5 5 1 100 0.75 3 419 255 1030 936 213 105 51 91
20 5 5 1 100 0.75 3 420 267 1033 936 219 107 53 100
20 5 5 1 100 0.75 3 421 275 1030 933 229 112 58 103
20 5 5 1 100 0.75 3 422 285 1032 929 241 115 61 107
20 5 5 1 100 0.75 3 423 298 1027 917 247 123 69 109
20 5 5 1 100 0.75 3 424 306 1032 915 261 126 72 110
20 5 5 1 100 0.75 3 425 314 1033 911 272 128 74 116
20 5 5 1 100 0.75 3 426 322 1030 909 277 133 79 121
20 5 5 1 100 0.75 3 427 329 1030 904 282 137 84 126
20 5 5 1 100 0.75 3 428 338 1026 904 283 146 93 131
20 5 5 1 100 0.75 3 429 342 1029 903 289 152 99 135
20 5 5 1 100 0.75 3 430 355 1027 894 290 160 107 139
20 5 5 1 100 0.75 3 431 365 1029 886 301 166 113 145
20 5 5 1 100 0.75 3 432 375 1031 889 315 170 117 150
20 5 5 1 100 0.75 3 433 382 1031 886 322 173 121 150
20 5 5 1 100 0.75 3 434 394 1027 871 325 181 129 151
20 5 5 1 100 0.75 3 435 398 1027 874 335 189 137 150
20 5 5 1 100 0.75 3 436 408 1027 868 337 197 145 154
20 5 5 1 100 0.75 3 437 416 1031 870 347 201 149 163
20 5 5 1 100 0.75 3 438 425 1028 852 353 208 156 164
20 5 5 1 100 0.75 3 439 438 1027 848 364 216 164 169
20 5 5 1 100 0.75 3 440 446 1031 848 377 220 168 172
20 5 5 1 100 0.75 3 441 454 1027 839 384 228 176 176
20 5 5 1 100 0.75 3 442 463 1023 825 388 240 188 171
20 5 5 1 100 0.75 3 443 472 1026 821 393 249 197 172
20 5 5 1 100 0.75 3 444 482 1027 823 403 257 205 169
20 5 5 1 100 0.75 3 445 490 1022 805 410 270 218 165
20 5 5 1 100 0.75 3 446 499 1025 809 412 280 228 165
20 5 5 1 100 0.75 3 447 511 1025 802 416 290 238 169
20 5 5 1 100 0.75 3 448 520 1021 789 422 304 252 171
20 5 5 1 100 0.75 3 449 531 1027 786 428 312 260 172
20 5 5 1 100 0.75 3 450 538 1027 785 440 320 268 178
20 5 5 1 100 0.75 3 451 550 1024 776 449 331 279 179
20 5 5 1 100 0.75 3 452 560 1029 774 463 337 285 182
20 5 5 1 100 0.75 3 453 568 1021 752 469 351 299 179
20 5 5 1 100 0.75 3 454 581 1030 754 484 356 304 187
20 5 5 1 100 0.75 3 455 593 1021 741 495 370 318 185
20 5 5 1 100 0.75 3 456 603 1024 745 508 380 329 183
20 5 5 1 100 0.75 3 457 617 1027 735 518 388 337 192
20 5 5 1 100 0.75 3 458 627 1021 723 528 402 351 194
20 5 5 1 100 0.75 3 459 637 1032 735 543 405 354 204
20 5 5 1 100 0.75 3 460 646 1028 725 553 412 361 212
20 5 5 1 100 0.75 3 461 656 1026 714 563 421 370 216
20 5 5 1 100 0.75 3 462 671 1025 721 575 431 380 229
20 5 5 1 100 0.75 3 463 680 1026 700 587 440 389 231
20 5 5 1 100 0.75 3 464 690 1022 689 597 453 402 228
20 5 5 1 100 0.75 3 465 707 1027 684 610 460 410 239
20 5 5 1 100 0.75 3 466 714 1020 673 623 475 425 235
20 5 5 1 100 0.75 3 467 725 1024 674 627 486 436 238
20 5 5 1 100 0.75 3 468 731 1022 670 633 499 449 241
20 5 5 1 100 0.75 3 469 748 1025 656 633 509 459 251
20 5 5 1 100 0.75 3 470 762 1020 654 648 524 474 257
20 5 5 1 100 0.75 3 471 773 1026 651 660 533 483 260
20 5 5 1 100 0.75 3 472 785 1025 646 673 543 493 266
20 5 5 1 100 0.75 3 473 801 1023 622 682 554 505 273
20 5 5 1 100 0.75 3 474 808 1018 612 696 571 522 268
20 5 5 1 100 0.75 3 475 815 1011 595 687 595 546 254
20 5 5 1 100 0.75 3 476 827 1024 602 703 602 553 266
20 5 5 1 100 0.75 3 477 838 1015 578 704 621 573 263
20 5 5 1 100 0.75 3 478 845 1024 588 719 631 584 271
20 5 5 1 100 0.75 3 479 856 1022 564 726 643 597 273
20 5 5 1 100 0.75 3 480 868 1017 569 729 661 615 277
20 5 5 1 100 0.75 3 481 874 1020 555 736 676 630 275
20 5 5 1 100 0.75 3 482 880 1026 559 746 685 639 274
20 5 5 1 100 0.75 3 483 891 1022 545 758 697 652 282
20 5 5 1 100 0.75 3 484 901 1017 532 767 715 670 281
20 5 5 1 100 0.75 3 485 908 1023 530 784 727 682 284
20 5 5 1 100 0.75 3 486 914 1014 524 783 748 703 279
20 5 5 1 100 0.75 3 487 924 1024 527 790 758 713 289
20 5 5 1 100 0.75 3 488 928 1012 508 797 780 736 287
20 5 5 1 100 0.75 3 489 929 1015 505 795 796 753 285
20 5 5 1 100 0.75 3 490 938 1018 492 795 813 770 285
20 5 5 1 100 0.75 3 491 944 1021 466 796 827 784 292
20 5 5 1 100 0.75 3 492 950 1022 491 802 839 797 295
20 5 5 1 100 0.75 3 493 955 1017 462 807 857 815 293
20 5 5 1 100 0.75 3 494 959 1025 461 822 866 825 300
20 5 5 1 100 0.75 3 495 962 1018 466 826 883 842 297
20 5 5 1 100 0.75 3 496 966 1011 440 816 907 866 284
20 5 5 1 100 0.75 3 497 969 1016 454 829 922 881 281
20 5 5 1 100 0.75 3 498 975 1019 428 834 938 897 277
20 5 5 1 100 0.75 3 499 977 1020 430 837 953 912 275
20 5 5 1 100 0.75 3 500 986 1016 418 837 972 931 278
20 5 5 1 100 0.75 3 501 990 1017 414 845 990 949 284
20 5 5 1 100 0.75 3 502 992 1027 390 854 997 957 287
20 5 5 1 100 0.75 3 503 996 1020 413 846 1012 972 288
20 5 5 1 100 0.75 3 504 999 1019 389 857 1028 988 293
20 5 5 1 100 0.75 3 505 1003 1008 374 853 1054 1015 283
20 5 5 1 100 0.75 3 506 1004 1011 373 856 1071 1032 280
20 5 5 1 100 0.75 3 507 1009 1015 354 864 1086 1048 280
20 5 5 1 100 0.75 3 508 1014 1022 359 872 1099 1061 283
20 5 5 1 100 0.75 3 509 1019 1019 345 875 1114 1077 276
20 5 5 1 100 0.75 3 510 1020 1021 365 883 1127 1091 274
20 5 5 1 100 0.75 3 510 1020 1021 1021 883 1370 1091 274
20 5 5 1 100 0.75 3 540 1020 1021 1021 883 54 1091 274
20 5 5 1 100 0.75 4 541 0 20 20 0 54 0 0
20 5 5 1 100 0.75 4 542 0 40 40 0 54 0 0
20 5 5 1 100 0.75 4 543 0 60 60 0 54 0 0
20 5 5 1 100 0.75 4 544 0 80 80 0 54 0 0
20 5 5 1 100 0.75 4 545 0 100 100 0 54 0 0
20 5 5 1 100 0.75 4 546 0 120 120 0 54 0 0
20 5 5 1 100 0.75 4 547 0 140 139 0 54 0 0
20 5 5 1 100 0.75 4 548 1 160 159 0 54 0 0
20 5 5 1 100 0.75 4 549 3 180 175 1 54 0 0
20 5 5 1 100 0.75 4 550 4 200 196 3 54 0 0
20 5 5 1 100 0.75 4 551 5 220 213 4 54 0 0
20 5 5 1 100 0.75 4 552 9 240 230 5 54 0 0
20 5 5 1 100 0.75 4 553 9 260 249 9 54 0 0
20 5 5 1 100 0.75 4 554 11 280 268 9 54 0 0
20 5 5 1 100 0.75 4 555 15 300 280 11 54 0 0
20 5 5 1 100 0.75 4 556 20 320 299 15 54 0 3
20 5 5 1 100 0.75 4 557 24 340 318 20 54 0 3
20 5 5 1 100 0.75 4 558 26 360 337 24 54 0 4
20 5 5 1 100 0.75 4 559 29 380 357 26 54 0 7
20 5 5 1 100 0.75 4 560 31 400 375 29 54 0 8
20 5 5 1 100 0.75 4 561 32 420 399 31 54 0 9
20 5 5 1 100 0.75 4 562 37 440 412 32 54 0 9
20 5 5 1 100 0.75 4 563 40 460 432 37 54 0 14
20 5 5 1 100 0.75 4 564 45 480 451 40 54 0 17
20 5 5 1 100 0.75 4 565 50 500 470 45 54 0 20
20 5 5 1 100 0.75 4 566 57 520 489 50 54 0 21
20 5 5 1 100 0.75 4 567 59 540 509 57 54 0 24
20 5 5 1 100 0.75 4 568 60 560 526 59 54 0 25
20 5 5 1 100 0.75 4 569 62 580 548 60 54 0 26
20 5 5 1 100 0.75 4 570 65 600 566 62 54 0 31
20 5 5 1 100 0.75 4 571 72 619 580 64 55 1 32
20 5 5 1 100 0.75 4 572 77 639 601 71 55 1 37
20 5 5 1 100 0.75 4 573 82 659 621 76 54 1 42
20 5 5 1 100 0.75 4 574 87 677 642 79 56 3 44
20 5 5 1 100 0.75 4 575 92 696 658 83 57 4 45
20 5 5 1 100 0.75 4 576 95 716 676 88 57 4 45
20 5 5 1 100 0.75 4 577 100 735 694 90 58 5 47
20 5 5 1 100 0.75 4 578 105 749 705 89 64 11 46
20 5 5 1 100 0.75 4 579 112 767 720 92 66 13 47
20 5 5 1 100 0.75 4 580 118 786 734 98 67 14 50
20 5 5 1 100 0.75 4 581 127 805 753 103 68 15 55
20 5 5 1 100 0.75 4 582 133 821 770 108 72 19 54
20 5 5 1 100 0.75 4 583 143 839 780 112 74 21 55
20 5 5 1 100 0.75 4 584 147 856 798 119 77 24 56
20 5 5 1 100 0.75 4 585 151 875 812 122 78 25 60
20 5 5 1 100 0.75 4 586 162 891 825 122 82 29 61
20 5 5 1 100 0.75 4 587 166 909 846 132 84 31 61
20 5 5 1 100 0.75 4 588 175 927 861 134 86 33 64
20 5 5 1 100 0.75 4 589 185 942 874 138 91 38 62
20 5 5 1 100 0.75 4 590 192 959 887 147 94 41 67
20 5 5 1 100 0.75 4 591 200 976 901 152 97 44 68
20 5 5 1 100 0.75 4 592 206 995 917 160 98 45 68
20 5 5 1 100 0.75 4 593 215 1009 925 160 104 51 69
20 5 5 1 100 0.75 4 594 222 1026 936 169 107 54 71
20 5 5 1 100 0.75 4 595 229 1033 942 177 109 56 78
20 5 5 1 100 0.75 4 596 237 1035 942 185 109 56 86
20 5 5 1 100 0.75 4 597 250 1031 934 193 113 60 89
20 5 5 1 100 0.75 4 598 259 1027 922 204 121 68 87
20 5 5 1 100 0.75 4 599 268 1032 922 215 124 71 89
20 5 5 1 100 0.75 4 600 277 1031 919 222 128 75 95
20 5 5 1 100 0.75 4 601 284 1032 915 235 131 78 99
20 5 5 1 100 0.75 4 602 291 1029 904 241 137 84 98
20 5 5 1 100 0.75 4 603 304 1032 907 247 140 87 104
20 5 5 1 100 0.75 4 604 313 1029 899 257 146 93 110
20 5 5 1 100 0.75 4 605 320 1032 907 266 149 96 116
20 5 5 1 100 0.75 4 606 327 1033 907 276 151 98 123
20 5 5 1 100 0.75 4 607 334 1030 898 284 156 103 127
20 5 5 1 100 0.75 4 608 340 1027 890 287 164 111 133
20 5 5 1 100 0.75 4 609 349 1030 887 294 169 116 133
20 5 5 1 100 0.75 4 610 355 1031 887 305 173 120 137
20 5 5 1 100 0.75 4 611 366 1032 879 313 176 123 149
20 5 5 1 100 0.75 4 612 372 1029 883 323 182 129 150
20 5 5 1 100 0.75 4 613 384 1021 859 319 196 143 145
20 5 5 1 100 0.75 4 614 392 1031 867 329 200 147 150
20 5 5 1 100 0.75 4 615 404 1027 855 331 208 155 148
20 5 5 1 100 0.75 4 616 415 1031 854 346 210 159 155
20 5 5 1 100 0.75 4 617 419 1033 860 361 211 161 163
20 5 5 1 100 0.75 4 618 429 1031 855 365 215 165 168
20 5 5 1 100 0.75 4 619 434 1023 846 367 227 177 163
20 5 5 1 100 0.75 4 620 447 1024 839 368 238 188 165
20 5 5 1 100 0.75 4 621 456 1029 835 384 244 194 166
20 5 5 1 100 0.75 4 622 469 1023 823 391 256 206 167
20 5 5 1 100 0.75 4 623 479 1024 819 397 267 217 170
20 5 5 1 100 0.75 4 624 489 1025 812 404 277 227 167
20 5 5 1 100 0.75 4 625 496 1024 810 407 288 238 165
20 5 5 1 100 0.75 4 626 506 1026 804 410 297 247 169
20 5 5 1 100 0.75 4 627 517 1024 794 415 308 258 174
20 5 5 1 100 0.75 4 628 525 1027 785 429 315 266 175
20 5 5 1 100 0.75 4 629 532 1026 773 438 324 275 175
20 5 5 1 100 0.75 4 630 548 1022 769 440 337 288 177
20 5 5 1 100 0.75 4 631 563 1027 763 460 345 296 181
20 5 5 1 100 0.75 4 632 574 1027 764 477 353 304 187
20 5 5 1 100 0.75 4 633 584 1031 765 493 357 308 196
20 5 5 1 100 0.75 4 634 589 1024 745 504 368 319 190
20 5 5 1 100 0.75 4 635 600 1025 740 506 378 329 194
20 5 5 1 100 0.75 4 636 607 1026 738 521 387 338 199
20 5 5 1 100 0.75 4 637 620 1029 747 532 393 344 210
20 5 5 1 100 0.75 4 638 637 1021 719 545 407 358 216
20 5 5 1 100 0.75 4 639 651 1028 716 560 414 365 224
20 5 5 1 100 0.75 4 640 664 1015 700 562 434 385 221
20 5 5 1 100 0.75 4 641 675 1028 702 577 441 392 236
20 5 5 1 100 0.75 4 642 684 1026 696 584 450 401 240
20 5 5 1 100 0.75 4 643 693 1030 700 597 455 406 249
20 5 5 1 100 0.75 4 644 704 1022 685 605 467 419 253
20 5 5 1 100 0.75 4 645 720 1016 667 607 486 438 254
20 5 5 1 100 0.75 4 646 733 1026 674 621 495 447 257
20 5 5 1 100 0.75 4 647 742 1021 660 629 509 461 260
20 5 5 1 100 0.75 4 648 759 1022 651 637 521 474 262
20 5 5 1 100 0.75 4 649 767 1025 644 656 531 484 264
20 5 5 1 100 0.75 4 650 775 1026 652 668 539 493 269
20 5 5 1 100 0.75 4 651 783 1023 649 674 551 505 275
20 5 5 1 100 0.75 4 652 795 1024 642 678 562 516 283
20 5 5 1 100 0.75 4 653 808 1017 628 688 580 534 283
20 5 5 1 100 0.75 4 654 819 1016 604 698 599 553 280
20 5 5 1 100 0.75 4 655 838 1024 599 705 610 564 291
20 5 5 1 100 0.75 4 656 843 1018 596 724 627 581 298
20 5 5 1 100 0.75 4 657 853 1022 582 726 639 594 295
20 5 5 1 100 0.75 4 658 859 1013 573 724 660 616 286
20 5 5 1 100 0.75 4 659 866 1012 560 722 681 637 280
20 5 5 1 100 0.75 4 660 876 1019 551 726 694 650 290
20 5 5 1 100 0.75 4 661 881 1025 558 738 704 660 298
20 5 5 1 100 0.75 4 662 889 1015 540 747 724 680 301
20 5 5 1 100 0.75 4 663 897 1023 559 755 736 692 311
20 5 5 1 100 0.75 4 664 902 1020 522 759 751 707 310
20 5 5 1 100 0.75 4 665 911 1018 528 760 768 724 305
20 5 5 1 100 0.75 4 666 920 1019 511 773 783 740 304
20 5 5 1 100 0.75 4 667 924 1016 511 784 802 759 300
20 5 5 1 100 0.75 4 668 928 1021 495 794 816 773 303
20 5 5 1 100 0.75 4 669 933 1018 492 791 833 790 312
20 5 5 1 100 0.75 4 670 940 1021 452 799 846 804 310
20 5 5 1 100 0.75 4 671 945 1018 486 806 863 821 310
20 5 5 1 100 0.75 4 672 953 1022 464 813 876 834 312
20 5 5 1 100 0.75 4 673 963 1011 459 810 900 858 312
20 5 5 1 100 0.75 4 674 967 1008 439 815 923 881 306
20 5 5 1 100 0.75 4 675 971 1009 446 810 942 900 300
20 5 5 1 100 0.75 4 676 976 1013 427 819 957 916 297
20 5 5 1 100 0.75 4 677 979 1016 429 826 974 933 302
20 5 5 1 100 0.75 4 678 983 1015 419 820 994 953 296
20 5 5 1 100 0.75 4 679 988 1021 395 827 1007 967 297
20 5 5 1 100 0.75 4 680 994 1018 407 832 1024 984 295
20 5 5 1 100 0.75 4 681 999 1020 401 841 1038 999 296
20 5 5 1 100 0.75 4 682 1002 1014 394 840 1059 1020 291
20 5 5 1 100 0.75 4 683 1006 1017 387 852 1076 1037 291
20 5 5 1 100 0.75 4 684 1010 1019 365 856 1091 1053 291
20 5 5 1 100 0.75 4 685 1011 1016 385 863 1110 1072 282
20 5 5 1 100 0.75 4 686 1016 1019 352 865 1125 1088 285
20 5 5 1 100 0.75 4 687 1020 1022 370 875 1137 1101 288
20 5 5 1 100 0.75 4 688 1024 1019 363 878 1152 1117 289
20 5 5 1 100 0.75 4 689 1028 1008 338 869 1179 1144 280
20 5 5 1 100 0.75 4 690 1030 1013 332 876 1194 1159 285
20 5 5 1 100 0.75 4 690 1030 1013 1013 876 1453 1159 285
20 5 5 1 100 0.75 4 720 1030 1013 1013 876 54 1159 285
20 5 5 1 100 0.75 5 721 0 20 20 0 54 0 0
20 5 5 1 100 0.75 5 722 0 40 40 0 54 0 0
20 5 5 1 100 0.75 5 723 0 60 60 0 54 0 0
20 5 5 1 100 0.75 5 724 0 80 80 0 54 0 0
20 5 5 1 100 0.75 5 725 0 100 99 0 54 0 0
20 5 5 1 100 0.75 5 726 0 120 117 0 54 0 0
20 5 5 1 100 0.75 5 727 0 140 139 0 54 0 0
20 5 5 1 100 0.75 5 728 2 160 156 0 54 0 0
20 5 5 1 100 0.75 5 729 6 180 173 2 54 0 0
20 5 5 1 100 0.75 5 730 6 200 192 6 54 0 0
20 5 5 1 100 0.75 5 731 9 220 210 6 54 0 0
20 5 5 1 100 0.75 5 732 13 240 223 9 54 0 0
20 5 5 1 100 0.75 5 733 13 260 245 13 54 0 0
20 5 5 1 100 0.75 5 734 18 280 262 13 54 0 0
20 5 5 1 100 0.75 5 735 22 300 278 18 54 0 2
20 5 5 1 100 0.75 5 736 24 320 298 22 54 0 4
20 5 5 1 100 0.75 5 737 27 340 315 24 54 0 5
20 5 5 1 100 0.75 5 738 29 360 337 27 54 0 7
20 5 5 1 100 0.75 5 739 30 380 355 29 54 0 7
20 5 5 1 100 0.75 5 740 33 400 376 30 54 0 8
20 5 5 1 100 0.75 5 741 39 420 394 33 54 0 10
20 5 5 1 100 0.75 5 742 44 440 412 39 54 0 15
20 5 5 1 100 0.75 5 743 47 460 432 44 53 0 16
20 5 5 1 100 0.75 5 744 47 480 454 47 53 0 18
20 5 5 1 100 0.75 5 745 52 500 471 47 53 0 19
20 5 5 1 100 0.75 5 746 57 520 488 52 53 0 21
20 5 5 1 100 0.75 5 747 61 540 507 57 53 0 21
20 5 5 1 100 0.75 5 748 69 560 525 61 53 0 29
20 5 5 1 100 0.75 5 749 75 580 545 69 53 0 33
20 5 5 1 100 0.75 5 750 79 600 564 75 53 0 34
20 5 5 1 100 0.75 5 751 81 620 583 79 53 0 34
20 5 5 1 100 0.75 5 752 83 638 599 79 55 2 32
20 5 5 1 100 0.75 5 753 88 656 619 79 57 4 35
20 5 5 1 100 0.75 5 754 92 676 637 84 57 4 39
20 5 5 1 100 0.75 5 755 99 693 649 85 60 7 38
20 5 5 1 100 0.75 5 756 104 713 671 92 60 7 45
20 5 5 1 100 0.75 5 757 108 733 691 97 60 7 51
20 5 5 1 100 0.75 5 758 116 751 707 99 62 9 52
20 5 5 1 100 0.75 5 759 125 769 716 105 64 11 51
20 5 5 1 100 0.75 5 760 129 788 737 113 65 12 53
20 5 5 1 100 0.75 5 761 134 805 752 114 68 15 53
20 5 5 1 100 0.75 5 762 142 822 764 116 71 18 50
20 5 5 1 100 0.75 5 763 152 841 780 123 72 19 55
20 5 5 1 100 0.75 5 764 162 856 794 128 77 24 55
20 5 5 1 100 0.75 5 765 174 873 802 135 80 27 56
20 5 5 1 100 0.75 5 766 182 891 819 145 82 29 57
20 5 5 1 100 0.75 5 767 188 910 839 152 83 30 64
20 5 5 1 100 0.75 5 768 195 926 849 155 87 34 62
20 5 5 1 100 0.75 5 769 204 943 866 159 90 37 66
20 5 5 1 100 0.75 5 770 212 963 884 168 90 37 72
20 5 5 1 100 0.75 5 771 220 979 897 172 94 41 72
20 5 5 1 100 0.75 5 772 233 995 910 176 98 45 76
20 5 5 1 100 0.75 5 773 242 1008 922 185 105 52 76
20 5 5 1 100 0.75 5 774 252 1024 931 191 109 56 76
20 5 5 1 100 0.75 5 775 261 1030 927 198 114 61 79
20 5 5 1 100 0.75 5 776 270 1033 929 208 116 63 80
20 5 5 1 100 0.75 5 777 278 1033 923 219 118 65 85
20 5 5 1 100 0.75 5 778 285 1033 923 228 120 67 87
20 5 5 1 100 0.75 5 779 297 1033 923 237 122 69 94
20 5 5 1 100 0.75 5 780 311 1032 918 249 125 72 103
20 5 5 1 100 0.75 5 781 318 1034 918 268 126 73 109
20 5 5 1 100 0.75 5 782 324 1030 907 276 131 78 113
20 5 5 1 100 0.75 5 783 332 1027 902 278 139 86 111
20 5 5 1 100 0.75 5 784 341 1034 909 292 140 87 119
20 5 5 1 100 0.75 5 785 348 1031 902 303 144 91 124
20 5 5 1 100 0.75 5 786 355 1029 902 306 150 97 130
20 5 5 1 100 0.75 5 787 365 1027 891 310 158 105 134
20 5 5 1 100 0.75 5 788 373 1031 890 319 162 109 139
20 5 5 1 100 0.75 5 789 383 1028 882 321 169 116 142
20 5 5 1 100 0.75 5 790 387 1028 877 329 176 123 146
20 5 5 1 100 0.75 5 791 393 1027 874 335 184 131 145
20 5 5 1 100 0.75 5 792 402 1030 874 339 189 136 151
20 5 5 1 100 0.75 5 793 407 1028 867 341 196 143 148
20 5 5 1 100 0.75 5 794 415 1029 874 346 202 149 152
20 5 5 1 100 0.75 5 795 423 1028 858 356 209 156 152
20 5 5 1 100 0.75 5 796 433 1030 866 366 214 161 157
20 5 5 1 100 0.75 5 797 443 1026 850 371 223 170 158
20 5 5 1 100 0.75 5 798 449 1023 835 380 235 182 155
20 5 5 1 100 0.75 5 799 458 1031 837 387 239 186 159
20 5 5 1 100 0.75 5 800 471 1024 829 390 250 197 158
20 5 5 1 100 0.75 5 801 480 1027 820 403 258 205 161
20 5 5 1 100 0.75 5 802 485 1024 819 405 268 216 163
20 5 5 1 100 0.75 5 803 495 1024 804 404 279 227 160
20 5 5 1 100 0.75 5 804 507 1026 805 413 288 236 163
20 5 5 1 100 0.75 5 805 518 1027 792 422 296 244 168
20 5 5 1 100 0.75 5 806 526 1026 792 439 304 253 165
20 5 5 1 100 0.75 5 807 538 1026 787 446 313 262 170
20 5 5 1 100 0.75 5 808 547 1028 775 460 320 269 173
20 5 5 1 100 0.75 5 809 557 1024 763 467 331 280 170
20 5 5 1 100 0.75 5 810 565 1026 760 474 340 289 172
20 5 5 1 100 0.75 5 811 580 1027 762 483 347 297 174
20 5 5 1 100 0.75 5 812 590 1028 757 502 354 304 185
20 5 5 1 100 0.75 5 813 602 1027 746 516 362 312 191
20 5 5 1 100 0.75 5 814 616 1026 736 526 370 321 195
20 5 5 1 100 0.75 5 815 631 1022 720 534 382 334 201
20 5 5 1 100 0.75 5 816 637 1026 728 551 391 343 200
20 5 5 1 100 0.75 5 817 650 1023 715 553 403 355 200
20 5 5 1 100 0.75 5 818 658 1026 707 564 412 364 205
20 5 5 1 100 0.75 5 819 673 1019 692 568 428 380 207
20 5 5 1 100 0.75 5 820 682 1027 700 583 436 388 213
20 5 5 1 100 0.75 5 821 695 1027 701 593 444 396 225
20 5 5 1 100 0.75 5 822 708 1026 670 604 453 405 231
20 5 5 1 100 0.75 5 823 719 1021 678 611 467 419 231
20 5 5 1 100 0.75 5 824 730 1025 663 624 477 429 236
20 5 5 1 100 0.75 5 825 738 1025 677 639 487 439 241
20 5 5 1 100 0.75 5 826 749 1026 651 648 495 448 248
20 5 5 1 100 0.75 5 827 762 1019 649 652 511 464 247
20 5 5 1 100 0.75 5 828 775 1027 649 673 519 472 258
20 5 5 1 100 0.75 5 829 783 1022 648 678 532 485 260
20 5 5 1 100 0.75 5 830 795 1023 628 685 544 497 264
20 5 5 1 100 0.75 5 831 807 1021 605 695 557 511 264
20 5 5 1 100 0.75 5 832 811 1027 623 706 565 519 274
20 5 5 1 100 0.75 5 833 822 1020 611 708 580 534 280
20 5 5 1 100 0.75 5 834 832 1023 600 720 592 546 288
20 5 5 1 100 0.75 5 835 843 1021 598 726 606 560 290
20 5 5 1 100 0.75 5 836 850 1012 581 727 629 583 280
20 5 5 1 100 0.75 5 837 854 1015 585 727 645 600 278
20 5 5 1 100 0.75 5 838 864 1020 570 732 659 615 276
20 5 5 1 100 0.75 5 839 873 1018 568 734 675 632 274
20 5 5 1 100 0.75 5 840 879 1023 561 744 687 644 273
20 5 5 1 100 0.75 5 841 887 1019 541 744 703 660 280
20 5 5 1 100 0.75 5 842 896 1024 544 757 713 671 282
20 5 5 1 100 0.75 5 843 904 1023 526 766 725 683 288
20 5 5 1 100 0.75 5 844 907 1018 546 770 742 700 288
20 5 5 1 100 0.75 5 845 913 1026 523 786 751 709 295
20 5 5 1 100 0.75 5 846 922 1019 525 790 767 725 289
20 5 5 1 100 0.75 5 847 929 1015 527 794 786 745 288
20 5 5 1 100 0.75 5 848 936 1017 503 803 803 763 283
20 5 5 1 100 0.75 5 849 942 1011 495 797 827 787 277
20 5 5 1 100 0.75 5 850 948 1018 487 807 840 800 278
20 5 5 1 100 0.75 5 851 952 1014 470 803 861 821 279
20 5 5 1 100 0.75 5 852 954 1016 453 803 879 839 277
20 5 5 1 100 0.75 5 853 960 1024 472 804 890 850 287
20 5 5 1 100 0.75 5 854 965 1018 453 808 907 867 282
20 5 5 1 100 0.75 5 855 968 1020 458 820 922 882 286
20 5 5 1 100 0.75 5 856 978 1022 441 822 935 895 295
20 5 5 1 100 0.75 5 857 981 1013 422 835 957 917 286
20 5 5 1 100 0.75 5 858 985 1017 418 843 973 933 282
20 5 5 1 100 0.75 5 859 989 1026 426 853 982 942 281
20 5 5 1 100 0.75 5 860 992 1017 414 858 1000 960 276
20 5 5 1 100 0.75 5 861 996 1022 409 862 1013 973 288
20 5 5 1 100 0.75 5 862 999 1011 382 860 1037 997 278
20 5 5 1 100 0.75 5 863 1004 1016 391 859 1052 1012 281
20 5 5 1 100 0.75 5 864 1011 1017 401 862 1070 1030 282
20 5 5 1 100 0.75 5 865 1014 1019 374 869 1085 1046 281
20 5 5 1 100 0.75 5 866 1017 1022 374 876 1098 1059 282
20 5 5 1 100 0.75 5 867 1019 1020 374 877 1113 1074 282
20 5 5 1 100 0.75 5 868 1022 1020 352 878 1127 1089 276
20 5 5 1 100 0.75 5 869 1024 1018 342 884 1144 1106 274
20 5 5 1 100 0.75 5 870 1026 1013 329 875 1166 1128 264
20 5 5 1 100 0.75 5 870 1026 1013 1013 875 1412 1128 264
20 5 5 1 100 0.75 5 900 1026 1013 1013 875 54 1128 264
20 5 5 1 100 0.75 6 901 0 20 20 0 54 0 0
20 5 5 1 100 0.75 6 902 0 40 40 0 54 0 0
20 5 5 1 100 0.75 6 903 0 60 60 0 54 0 0
20 5 5 1 100 0.75 6 904 0 80 80 0 54 0 0
20 5 5 1 100 0.75 6 905 0 100 100 0 54 0 0
20 5 5 1 100 0.75 6 906 0 120 119 0 54 0 0
20 5 5 1 100 0.75 6 907 0 140 138 0 54 0 0
20 5 5 1 100 0.75 6 908 1 160 158 0 54 0 0
20 5 5 1 100 0.75 6 909 1 180 177 1 54 0 0
20 5 5 1 100 0.75 6 910 2 200 196 1 54 0 0
20 5 5 1 100 0.75 6 911 3 220 213 2 54 0 0
20 5 5 1 100 0.75 6 912 9 240 228 3 54 0 0
20 5 5 1 100 0.75 6 913 12 260 247 9 54 0 0
20 5 5 1 100 0.75 6 914 14 280 266 12 54 0 0
20 5 5 1 100 0.75 6 915 17 300 284 14 54 0 0
20 5 5 1 100 0.75 6 916 23 320 295 17 54 0 0
20 5 5 1 100 0.75 6 917 27 340 313 23 54 0 0
20 5 5 1 100 0.75 6 918 32 360 330 27 54 0 1
20 5 5 1 100 0.75 6 919 34 380 349 32 54 0 2
20 5 5 1 100 0.75 6 920 38 400 368 34 54 0 5
20 5 5 1 100 0.75 6 921 39 420 392 38 54 0 7
20 5 5 1 100 0.75 6 922 39 440 411 39 54 0 8
20 5 5 1 100 0.75 6 923 45 460 426 39 54 0 11
20 5 5 1 100 0.75 6 924 51 480 450 45 54 0 18
20 5 5 1 100 0.75 6 925 58 500 468 51 54 0 22
20 5 5 1 100 0.75 6 926 65 520 485 58 54 0 24
20 5 5 1 100 0.75 6 927 69 540 503 65 54 0 25
20 5 5 1 100 0.75 6 928 70 560 524 69 54 0 26
20 5 5 1 100 0.75 6 929 72 580 542 70 54 0 26
20 5 5 1 100 0.75 6 930 75 600 564 72 54 0 30
20 5 5 1 100 0.75 6 931 82 620 581 75 54 0 36
20 5 5 1 100 0.75 6 932 87 640 599 82 54 0 38
20 5 5 1 100 0.75 6 933 92 659 622 86 55 1 43
20 5 5 1 100 0.75 6 934 101 679 640 91 55 1 48
20 5 5 1 100 0.75 6 935 107 698 654 99 56 2 49
20 5 5 1 100 0.75 6 936 110 717 672 104 57 3 49
20 5 5 1 100 0.75 6 937 112 737 693 107 57 3 50
20 5 5 1 100 0.75 6 938 117 755 706 107 59 5 51
20 5 5 1 100 0.75 6 939 128 772 723 109 62 8 55
20 5 5 1 100 0.75 6 940 134 786 732 114 68 14 50
20 5 5 1 100 0.75 6 941 144 804 747 118 70 16 54
20 5 5 1 100 0.75 6 942 152 821 764 125 73 19 56
20 5 5 1 100 0.75 6 943 159 838 774 130 76 22 56
20 5 5 1 100 0.75 6 944 162 857 795 136 77 23 57
20 5 5 1 100 0.75 6 945 174 875 806 137 79 25 57
20 5 5 1 100 0.75 6 946 181 891 821 145 83 29 56
20 5 5 1 100 0.75 6 947 192 909 839 150 85 31 60
20 5 5 1 100 0.75 6 948 202 926 851 159 88 34 63
20 5 5 1 100 0.75 6 949 214 943 863 168 91 37 67
20 5 5 1 100 0.75 6 950 222 961 874 178 93 39 67
20 5 5 1 100 0.75 6 951 228 976 889 181 98 44 68
20 5 5 1 100 0.75 6 952 235 992 899 187 102 48 70
20 5 5 1 100 0.75 6 953 246 1007 915 190 107 53 72
20 5 5 1 100 0.75 6 954 258 1026 933 201 108 54 81
20 5 5 1 100 0.75 6 955 266 1034 936 212 109 55 87
20 5 5 1 100 0.75 6 956 281 1031 928 220 113 59 93
20 5 5 1 100 0.75 6 957 296 1031 926 232 117 63 98
20 5 5 1 100 0.75 6 958 301 1032 927 245 120 66 99
20 5 5 1 100 0.75 6 959 304 1032 926 251 123 69 103
20 5 5 1 100 0.75 6 960 313 1029 911 250 129 75 101
20 5 5 1 100 0.75 6 961 324 1032 919 261 132 78 111
20 5 5 1 100 0.75 6 962 334 1033 915 276 134 80 119
20 5 5 1 100 0.75 6 963 352 1025 894 281 144 90 124
20 5 5 1 100 0.75 6 964 362 1031 897 302 148 94 128
20 5 5 1 100 0.75 6 965 373 1033 899 313 150 96 138
20 5 5 1 100 0.75 6 966 380 1030 890 324 155 101 139
20 5 5 1 100 0.75 6 967 390 1029 886 331 161 107 147
20 5 5 1 100 0.75 6 968 397 1031 883 340 164 111 155
20 5 5 1 100 0.75 6 969 406 1026 879 343 173 120 154
20 5 5 1 100 0.75 6 970 415 1032 885 354 176 123 165
20 5 5 1 100 0.75 6 971 432 1027 865 358 184 131 172
20 5 5 1 100 0.75 6 972 444 1024 856 372 195 142 172
20 5 5 1 100 0.75 6 973 452 1029 863 381 201 148 178
20 5 5 1 100 0.75 6 974 464 1027 850 385 209 156 177
20 5 5 1 100 0.75 6 975 475 1027 850 395 217 164 175
20 5 5 1 100 0.75 6 976 479 1030 831 408 222 169 181
20 5 5 1 100 0.75 6 977 484 1026 835 409 231 178 183
20 5 5 1 100 0.75 6 978 502 1025 824 410 241 188 184
20 5 5 1 100 0.75 6 979 516 1028 828 429 248 195 194
20 5 5 1 100 0.75 6 980 523 1027 815 439 256 203 196
20 5 5 1 100 0.75 6 981 532 1015 793 440 276 223 186
20 5 5 1 100 0.75 6 982 545 1028 797 448 283 230 194
20 5 5 1 100 0.75 6 983 554 1022 775 453 296 243 189
20 5 5 1 100 0.75 6 984 561 1028 787 465 303 250 193
20 5 5 1 100 0.75 6 985 572 1020 776 464 318 265 193
20 5 5 1 100 0.75 6 986 584 1024 775 473 329 276 200
20 5 5 1 100 0.75 6 987 596 1027 764 485 337 284 203
20 5 5 1 100 0.75 6 988 605 1019 756 488 353 300 198
20 5 5 1 100 0.75 6 989 613 1023 748 497 365 312 199
20 5 5 1 100 0.75 6 990 626 1027 748 509 373 320 206
20 5 5 1 100 0.75 6 991 637 1027 735 526 381 328 213
20 5 5 1 100 0.75 6 992 649 1031 734 542 384 332 219
20 5 5 1 100 0.75 6 993 661 1018 717 553 401 349 218
20 5 5 1 100 0.75 6 994 673 1027 716 567 409 357 225
20 5 5 1 100 0.75 6 995 684 1027 703 583 417 365 233
20 5 5 1 100 0.75 6 996 692 1015 696 581 437 385 225
20 5 5 1 100 0.75 6 997 705 1018 676 591 453 402 228
20 5 5 1 100 0.75 6 998 717 1028 680 605 460 409 240
20 5 5 1 100 0.75 6 999 728 1030 685 622 465 414 257
20 5 5 1 100 0.75 6 1000 735 1028 681 633 472 421 264
20 5 5 1 100 0.75 6 1001 752 1022 660 639 485 434 272
20 5 5 1 100 0.75 6 1002 757 1013 647 648 507 456 265
20 5 5 1 100 0.75 6 1003 769 1019 643 648 521 470 271
20 5 5 1 100 0.75 6 1004 779 1021 644 657 535 484 274
20 5 5 1 100 0.75 6 1005 790 1021 633 669 548 498 278
20 5 5 1 100 0.75 6 1006 799 1031 632 691 552 502 288
20 5 5 1 100 0.75 6 1007 805 1023 617 694 564 514 291
20 5 5 1 100 0.75 6 1008 814 1018 617 687 581 531 296
20 5 5 1 100 0.75 6 1009 821 1022 609 690 594 544 298
20 5 5 1 100 0.75 6 1010 826 1020 596 701 609 559 295
20 5 5 1 100 0.75 6 1011 831 1019 584 711 624 575 301
20 5 5 1 100 0.75 6 1012 844 1025 603 721 634 585 310
20 5 5 1 100 0.75 6 1013 851 1017 577 729 651 603 303
20 5 5 1 100 0.75 6 1014 856 1019 563 729 667 619 294
20 5 5 1 100 0.75 6 1015 867 1017 558 724 684 637 285
20 5 5 1 100 0.75 6 1016 875 1016 546 735 702 656 287
20 5 5 1 100 0.75 6 1017 879 1021 547 744 716 670 288
20 5 5 1 100 0.75 6 1018 886 1011 510 738 740 694 279
20 5 5 1 100 0.75 6 1019 892 1017 537 743 754 708 282
20 5 5 1 100 0.75 6 1020 901 1011 506 741 778 732 271
20 5 5 1 100 0.75 6 1021 912 1018 509 748 791 745 268
20 5 5 1 100 0.75 6 1022 914 1013 484 755 812 767 258
20 5 5 1 100 0.75 6 1023 920 1018 515 755 827 782 267
20 5 5 1 100 0.75 6 1024 932 1015 478 760 847 802 258
20 5 5 1 100 0.75 6 1025 941 1017 475 772 863 820 258
20 5 5 1 100 0.75 6 1026 944 1022 463 787 875 833 263
20 5 5 1 100 0.75 6 1027 950 1014 453 791 896 854 252
20 5 5 1 100 0.75 6 1028 957 1019 459 799 911 869 265
20 5 5 1 100 0.75 6 1029 964 1018 448 806 928 886 259
20 5 5 1 100 0.75 6 1030 971 1026 454 822 937 895 267
20 5 5 1 100 0.75 6 1031 975 1019 434 835 953 911 269
20 5 5 1 100 0.75 6 1032 981 1022 431 839 966 924 282
20 5 5 1 100 0.75 6 1033 986 1024 425 857 977 935 285
20 5 5 1 100 0.75 6 1034 989 1023 416 867 988 947 291
20 5 5 1 100 0.75 6 1035 992 1017 396 869 1004 965 288
20 5 5 1 100 0.75 6 1036 996 1021 410 870 1017 979 297
20 5 5 1 100 0.75 6 1037 1002 1014 383 875 1037 1000 296
20 5 5 1 100 0.75 6 1038 1007 1029 399 887 1042 1005 309
20 5 5 1 100 0.75 6 1039 1007 1019 404 888 1057 1021 309
20 5 5 1 100 0.75 6 1040 1010 1023 381 893 1068 1033 311
20 5 5 1 100 0.75 6 1041 1012 1017 376 887 1086 1051 313
20 5 5 1 100 0.75 6 1042 1015 1019 363 885 1100 1067 309
20 5 5 1 100 0.75 6 1043 1019 1016 373 884 1119 1086 306
20 5 5 1 100 0.75 6 1044 1021 1022 373 893 1131 1099 311
20 5 5 1 100 0.75 6 1045 1024 1016 363 892 1150 1118 299
20 5 5 1 100 0.75 6 1046 1027 1024 356 895 1161 1129 306
20 5 5 1 100 0.75 6 1047 1030 1008 343 883 1188 1156 287
20 5 5 1 100 0.75 6 1048 1031 1008 334 878 1206 1176 272
20 5 5 1 100 0.75 6 1049 1031 1010 311 877 1224 1194 265
20 5 5 1 100 0.75 6 1050 1034 1011 324 878 1242 1213 263
20 5 5 1 100 0.75 6 1050 1034 1011 1011 878 1481 1213 263
20 5 5 1 100 0.75 6 1080 1034 1011 1011 878 54 1213 263
20 5 5 1 100 0.75 7 1081 0 20 20 0 54 0 0
20 5 5 1 100 0.75 7 1082 0 40 40 0 54 0 0
20 5 5 1 100 0.75 7 1083 0 60 60 0 54 0 0
20 5 5 1 100 0.75 7 1084 0 80 80 0 54 0 0
20 5 5 1 100 0.75 7 1085 0 100 100 0 54 0 0
20 5 5 1 100 0.75 7 1086 0 120 120 0 54 0 0
20 5 5 1 100 0.75 7 1087 0 140 140 0 54 0 0
20 5 5 1 100 0.75 7 1088 1 160 158 0 54 0 0
20 5 5 1 100 0.75 7 1089 1 180 179 1 54 0 0
20 5 5 1 100 0.75 7 1090 3 200 193 1 54 0 0
20 5 5 1 100 0.75 7 1091 5 220 214 3 54 0 0
20 5 5 1 100 0.75 7 1092 8 240 227 5 54 0 0
20 5 5 1 100 0.75 7 1093 12 260 247 8 54 0 0
20 5 5 1 100 0.75 7 1094 18 280 260 12 54 0 0
20 5 5 1 100 0.75 7 1095 19 300 280 18 54 0 0
20 5 5 1 100 0.75 7 1096 21 320 298 19 54 0 1
20 5 5 1 100 0.75 7 1097 25 340 314 21 54 0 1
20 5 5 1 100 0.75 7 1098 28 360 334 25 54 0 4
20 5 5 1 100 0.75 7 1099 29 380 357 28 54 0 6
20 5 5 1 100 0.75 7 1100 34 400 376 29 54 0 9
20 5 5 1 100 0.75 7 1101 40 420 394 34 54 0 15
20 5 5 1 100 0.75 7 1102 43 440 413 40 54 0 17
20 5 5 1 100 0.75 7 1103 44 460 433 43 54 0 19
20 5 5 1 100 0.75 7 1104 47 480 453 44 54 0 21
20 5 5 1 100 0.75 7 1105 49 500 475 47 54 0 23
20 5 5 1 100 0.75 7 1106 56 520 488 49 54 0 25
20 5 5 1 100 0.75 7 1107 57 540 509 56 54 0 26
20 5 5 1 100 0.75 7 1108 64 560 526 57 54 0 31
20 5 5 1 100 0.75 7 1109 69 580 550 64 54 0 36
20 5 5 1 100 0.75 7 1110 76 600 564 69 54 0 37
20 5 5 1 100 0.75 7 1111 79 620 582 76 54 0 38
20 5 5 1 100 0.75 7 1112 82 640 603 79 54 0 41
20 5 5 1 100 0.75 7 1113 85 659 623 81 55 1 42
20 5 5 1 100 0.75 7 1114 90 678 641 83 56 2 44
20 5 5 1 100 0.75 7 1115 100 695 653 85 59 5 45
20 5 5 1 100 0.75 7 1116 106 712 666 92 62 8 44
20 5 5 1 100 0.75 7 1117 111 732 685 98 62 8 49
20 5 5 1 100 0.75 7 1118 115 751 705 102 63 9 49
20 5 5 1 100 0.75 7 1119 122 765 710 100 69 15 47
20 5 5 1 100 0.75 7 1120 128 783 729 105 71 17 46
20 5 5 1 100 0.75 7 1121 135 801 745 109 73 19 49
20 5 5 1 100 0.75 7 1122 146 819 760 114 75 21 55
20 5 5 1 100 0.75 7 1123 156 839 778 125 75 21 59
20 5 5 1 100 0.75 7 1124 164 855 790 131 78 25 61
20 5 5 1 100 0.75 7 1125 169 872 806 137 81 28 61
20 5 5 1 100 0.75 7 1126 176 890 821 140 83 30 64
20 5 5 1 100 0.75 7 1127 186 906 833 143 87 34 63
20 5 5 1 100 0.75 7 1128 195 923 842 150 90 37 68
20 5 5 1 100 0.75 7 1129 203 943 865 161 90 37 74
20 5 5 1 100 0.75 7 1130 215 956 873 163 97 44 77
20 5 5 1 100 0.75 7 1131 227 975 891 174 98 45 80
20 5 5 1 100 0.75 7 1132 239 991 898 184 102 49 83
20 5 5 1 100 0.75 7 1133 244 1010 916 197 103 50 84
20 5 5 1 100 0.75 7 1134 252 1029 934 202 104 51 89
20 5 5 1 100 0.75 7 1135 263 1031 932 207 108 55 96
20 5 5 1 100 0.75 7 1136 273 1033 936 219 110 57 104
20 5 5 1 100 0.75 7 1137 279 1029 925 230 116 63 105
20 5 5 1 100 0.75 7 1138 296 1032 925 234 119 66 116
20 5 5 1 100 0.75 7 1139 312 1026 909 244 128 75 118
20 5 5 1 100 0.75 7 1140 321 1033 916 264 130 77 123
20 5 5 1 100 0.75 7 1141 327 1032 913 275 133 80 127
20 5 5 1 100 0.75 7 1142 335 1032 909 279 136 83 132
20 5 5 1 100 0.75 7 1143 342 1027 897 281 144 91 134
20 5 5 1 100 0.75 7 1144 352 1030 903 290 149 96 137
20 5 5 1 100 0.75 7 1145 361 1031 892 300 153 100 144
20 5 5 1 100 0.75 7 1146 378 1026 885 305 162 109 155
20 5 5 1 100 0.75 7 1147 386 1029 882 323 168 115 160
20 5 5 1 100 0.75 7 1148 394 1027 871 329 176 123 160
20 5 5 1 100 0.75 7 1149 403 1030 883 335 181 128 160
20 5 5 1 100 0.75 7 1150 410 1030 869 341 186 133 162
20 5 5 1 100 0.75 7 1151 421 1032 870 352 189 136 172
20 5 5 1 100 0.75 7 1152 428 1028 861 360 196 143 176
20 5 5 1 100 0.75 7 1153 441 1026 854 366 205 152 183
20 5 5 1 100 0.75 7 1154 448 1021 846 372 219 166 182
20 5 5 1 100 0.75 7 1155 457 1027 842 379 227 174 184
20 5 5 1 100 0.75 7 1156 462 1023 832 386 239 186 179
20 5 5 1 100 0.75 7 1157 474 1024 823 388 250 197 172
20 5 5 1 100 0.75 7 1158 486 1028 825 397 257 204 179
20 5 5 1 100 0.75 7 1159 494 1028 816 405 264 211 181
20 5 5 1 100 0.75 7 1160 505 1026 812 410 272 220 185
20 5 5 1 100 0.75 7 1161 519 1023 805 415 284 232 187
20 5 5 1 100 0.75 7 1162 525 1027 801 432 292 240 191
20 5 5 1 100 0.75 7 1163 534 1023 788 434 304 252 191
20 5 5 1 100 0.75 7 1164 547 1020 773 444 319 267 187
20 5 5 1 100 0.75 7 1165 560 1026 776 458 328 276 188
20 5 5 1 100 0.75 7 1166 574 1026 766 469 337 285 192
20 5 5 1 100 0.75 7 1167 583 1025 760 483 347 295 195
20 5 5 1 100 0.75 7 1168 591 1021 740 486 360 309 190
20 5 5 1 100 0.75 7 1169 609 1027 739 499 368 317 199
20 5 5 1 100 0.75 7 1170 617 1027 742 517 376 325 205
20 5 5 1 100 0.75 7 1171 626 1022 740 523 389 338 208
20 5 5 1 100 0.75 7 1172 640 1023 721 533 401 350 212
20 5 5 1 100 0.75 7 1173 650 1023 710 544 413 362 218
20 5 5 1 100 0.75 7 1174 664 1028 713 560 420 369 223
20 5 5 1 100 0.75 7 1175 673 1024 693 573 431 380 225
20 5 5 1 100 0.75 7 1176 682 1029 700 586 437 386 234
20 5 5 1 100 0.75 7 1177 697 1029 698 599 443 392 246
20 5 5 1 100 0.75 7 1178 706 1021 684 608 457 406 246
20 5 5 1 100 0.75 7 1179 713 1021 686 613 471 420 249
20 5 5 1 100 0.75 7 1180 729 1020 658 618 484 435 256
20 5 5 1 100 0.75 7 1181 737 1021 644 635 498 449 251
20 5 5 1 100 0.75 7 1182 746 1023 651 640 510 461 256
20 5 5 1 100 0.75 7 1183 759 1025 649 649 520 471 263
20 5 5 1 100 0.75 7 1184 772 1025 639 662 529 481 268
20 5 5 1 100 0.75 7 1185 781 1027 650 670 537 489 277
20 5 5 1 100 0.75 7 1186 794 1021 636 673 551 503 280
20 5 5 1 100 0.75 7 1187 806 1017 626 686 569 521 278
20 5 5 1 100 0.75 7 1188 812 1013 611 689 591 543 283
20 5 5 1 100 0.75 7 1189 822 1019 603 695 604 557 274
20 5 5 1 100 0.75 7 1190 828 1021 591 705 618 571 278
20 5 5 1 100 0.75 7 1191 837 1022 588 710 631 584 281
20 5 5 1 100 0.75 7 1192 845 1020 572 713 646 599 282
20 5 5 1 100 0.75 7 1193 852 1023 558 717 657 611 287
20 5 5 1 100 0.75 7 1194 859 1015 575 714 677 631 285
20 5 5 1 100 0.75 7 1195 868 1021 558 723 691 645 294
20 5 5 1 100 0.75 7 1196 875 1019 563 734 706 661 293
20 5 5 1 100 0.75 7 1197 879 1016 532 742 724 680 284
20 5 5 1 100 0.75 7 1198 888 1023 537 752 735 692 286
20 5 5 1 100 0.75 7 1199 895 1014 503 751 756 713 278
20 5 5 1 100 0.75 7 1200 903 1021 527 760 769 726 277
20 5 5 1 100 0.75 7 1201 908 1027 507 770 776 734 283
20 5 5 1 100 0.75 7 1202 916 1012 499 765 799 757 278
20 5 5 1 100 0.75 7 1203 921 1006 481 768 825 783 274
20 5 5 1 100 0.75 7 1204 926 1013 476 779 837 796 274
20 5 5 1 100 0.75 7 1205 934 1021 485 779 849 808 284
20 5 5 1 100 0.75 7 1206 941 1016 491 791 868 827 281
20 5 5 1 100 0.75 7 1207 947 1020 459 801 883 842 287
20 5 5 1 100 0.75 7 1208 951 1018 448 805 900 859 280
20 5 5 1 100 0.75 7 1209 954 1022 448 806 912 872 288
20 5 5 1 100 0.75 7 1210 963 1020 447 809 927 887 295
20 5 5 1 100 0.75 7 1211 967 1014 420 822 948 908 285
20 5 5 1 100 0.75 7 1212 973 1021 435 828 960 921 286
20 5 5 1 100 0.75 7 1213 979 1018 421 833 977 938 291
20 5 5 1 100 0.75 7 1214 985 1019 404 842 992 954 291
20 5 5 1 100 0.75 7 1215 991 1019 404 848 1008 970 289
20 5 5 1 100 0.75 7 1216 992 1020 394 855 1023 985 285
20 5 5 1 100 0.75 7 1217 995 1028 404 862 1027 992 297
20 5 5 1 100 0.75 7 1218 998 1018 390 863 1044 1009 297
20 5 5 1 100 0.75 7 1219 1001 1011 372 863 1067 1033 294
20 5 5 1 100 0.75 7 1220 1007 1016 375 865 1081 1048 298
20 5 5 1 100 0.75 7 1221 1009 1017 364 869 1099 1066 294
20 5 5 1 100 0.75 7 1222 1010 1017 363 869 1117 1084 291
20 5 5 1 100 0.75 7 1223 1017 1023 370 872 1127 1096 295
20 5 5 1 100 0.75 7 1224 1020 1016 337 878 1145 1115 285
20 5 5 1 100 0.75 7 1225 1021 1021 355 878 1158 1129 284
20 5 5 1 100 0.75 7 1226 1023 1010 345 870 1183 1154 276
20 5 5 1 100 0.75 7 1227 1026 1011 343 868 1201 1173 272
20 5 5 1 100 0.75 7 1228 1028 1016 342 874 1216 1188 269
20 5 5 1 100 0.75 7 1229 1029 1017 351 878 1233 1206 262
20 5 5 1 100 0.75 7 1230 1033 1020 327 883 1248 1221 268
20 5 5 1 100 0.75 7 1230 1033 1020 1020 883 1493 1221 268
20 5 5 1 100 0.75 7 1260 1033 1020 1020 883 54 1221 268
20 5 5 1 100 0.75 8 1261 0 20 20 0 54 0 0
20 5 5 1 100 0.75 8 1262 0 40 40 0 54 0 0
20 5 5 1 100 0.75 8 1263 0 60 60 0 54 0 0
20 5 5 1 100 0.75 8 1264 0 80 80 0 54 0 0
20 5 5 1 100 0.75 8 1265 0 100 100 0 54 0 0
20 5 5 1 100 0.75 8 1266 0 120 120 0 54 0 0
20 5 5 1 100 0.75 8 1267 0 140 140 0 54 0 0
20 5 5 1 100 0.75 8 1268 0 160 158 0 54 0 0
20 5 5 1 100 0.75 8 1269 0 180 179 0 54 0 0
20 5 5 1 100 0.75 8 1270 2 200 197 0 54 0 0
20 5 5 1 100 0.75 8 1271 7 220 213 2 54 0 0
20 5 5 1 100 0.75 8 1272 8 240 230 7 54 0 0
20 5 5 1 100 0.75 8 1273 11 260 248 8 54 0 0
20 5 5 1 100 0.75 8 1274 14 280 265 11 54 0 0
20 5 5 1 100 0.75 8 1275 20 300 278 14 54 0 0
20 5 5 1 100 0.75 8 1276 20 320 299 20 54 0 0
20 5 5 1 100 0.75 8 1277 22 340 316 20 54 0 1
20 5 5 1 100 0.75 8 1278 25 360 336 22 54 0 4
20 5 5 1 100 0.75 8 1279 28 380 355 25 54 0 7
20 5 5 1 100 0.75 8 1280 30 400 374 28 54 0 7
20 5 5 1 100 0.75 8 1281 35 420 391 30 54 0 10
20 5 5 1 100 0.75 8 1282 38 440 415 35 54 0 13
20 5 5 1 100 0.75 8 1283 43 460 433 38 54 0 16
20 5 5 1 100 0.75 8 1284 47 480 450 43 54 0 17
20 5 5 1 100 0.75 8 1285 53 500 468 47 54 0 20
20 5 5 1 100 0.75 8 1286 54 520 490 53 54 0 22
20 5 5 1 100 0.75 8 1287 58 540 506 54 54 0 23
20 5 5 1 100 0.75 8 1288 64 560 526 58 54 0 28
20 5 5 1 100 0.75 8 1289 69 580 544 64 54 0 29
20 5 5 1 100 0.75 8 1290 73 600 565 69 54 0 30
20 5 5 1 100 0.75 8 1291 79 620 584 73 54 0 33
20 5 5 1 100 0.75 8 1292 81 639 603 78 55 1 34
20 5 5 1 100 0.75 8 1293 91 658 617 79 56 2 36
20 5 5 1 100 0.75 8 1294 94 675 634 86 59 5 34
20 5 5 1 100 0.75 8 1295 99 695 654 89 59 5 37
20 5 5 1 100 0.75 8 1296 105 714 671 93 60 6 43
20 5 5 1 100 0.75 8 1297 109 733 692 98 61 7 44
20 5 5 1 100 0.75 8 1298 117 749 703 98 65 11 44
20 5 5 1 100 0.75 8 1299 120 767 720 104 67 13 44
20 5 5 1 100 0.75 8 1300 124 787 739 107 67 13 46
20 5 5 1 100 0.75 8 1301 134 802 753 106 72 18 47
20 5 5 1 100 0.75 8 1302 142 821 767 115 73 19 49
20 5 5 1 100 0.75 8 1303 150 840 783 122 74 20 53
20 5 5 1 100 0.75 8 1304 157 859 799 129 75 21 55
20 5 5 1 100 0.75 8 1305 167 876 812 133 78 24 58
20 5 5 1 100 0.75 8 1306 176 893 827 140 81 27 61
20 5 5 1 100 0.75 8 1307 180 912 847 148 82 28 62
20 5 5 1 100 0.75 8 1308 188 928 858 148 86 32 61
20 5 5 1 100 0.75 8 1309 197 945 870 153 89 35 67
20 5 5 1 100 0.75 8 1310 205 963 887 160 91 37 71
20 5 5 1 100 0.75 8 1311 216 980 896 167 94 40 75
20 5 5 1 100 0.75 8 1312 223 998 916 177 96 42 81
20 5 5 1 100 0.75 8 1313 231 1015 932 181 99 45 83
20 5 5 1 100 0.75 8 1314 240 1030 943 185 104 50 85
20 5 5 1 100 0.75 8 1315 244 1031 939 190 108 54 83
20 5 5 1 100 0.75 8 1316 253 1032 939 194 111 57 87
20 5 5 1 100 0.75 8 1317 265 1034 940 205 112 58 96
20 5 5 1 100 0.75 8 1318 273 1031 938 216 116 62 103
20 5 5 1 100 0.75 8 1319 280 1033 929 226 118 64 107
20 5 5 1 100 0.75 8 1320 288 1030 923 234 123 69 106
20 5 5 1 100 0.75 8 1321 297 1031 923 242 127 73 114
20 5 5 1 100 0.75 8 1322 302 1030 918 251 132 78 115
20 5 5 1 100 0.75 8 1323 309 1026 908 254 141 87 115
20 5 5 1 100 0.75 8 1324 322 1032 905 266 144 90 122
20 5 5 1 100 0.75 8 1325 333 1030 905 276 149 95 128
20 5 5 1 100 0.75 8 1326 337 1033 901 290 151 97 133
20 5 5 1 100 0.75 8 1327 349 1026 891 285 160 106 135
20 5 5 1 100 0.75 8 1328 356 1029 882 294 166 112 133
20 5 5 1 100 0.75 8 1329 365 1030 888 302 171 117 143
20 5 5 1 100 0.75 8 1330 368 1028 880 311 178 124 143
20 5 5 1 100 0.75 8 1331 382 1032 889 315 181 127 159
20 5 5 1 100 0.75 8 1332 397 1028 875 331 188 134 162
20 5 5 1 100 0.75 8 1333 405 1028 871 341 195 141 160
20 5 5 1 100 0.75 8 1334 413 1024 858 342 206 152 154
20 5 5 1 100 0.75 8 1335 427 1029 856 347 212 158 160
20 5 5 1 100 0.75 8 1336 433 1027 851 359 220 166 160
20 5 5 1 100 0.75 8 1337 438 1027 840 365 228 174 162
20 5 5 1 100 0.75 8 1338 449 1027 836 370 236 182 159
20 5 5 1 100 0.75 8 1339 460 1031 840 382 240 186 173
20 5 5 1 100 0.75 8 1340 472 1018 818 379 257 203 165
20 5 5 1 100 0.75 8 1341 481 1029 824 392 263 209 172
20 5 5 1 100 0.75 8 1342 489 1028 813 408 270 216 175
20 5 5 1 100 0.75 8 1343 498 1026 809 411 279 225 173
20 5 5 1 100 0.75 8 1344 510 1026 799 422 288 234 178
20 5 5 1 100 0.75 8 1345 517 1027 794 434 296 242 185
20 5 5 1 100 0.75 8 1346 529 1022 778 435 309 255 181
20 5 5 1 100 0.75 8 1347 544 1024 778 444 320 266 185
20 5 5 1 100 0.75 8 1348 551 1025 763 462 329 276 190
20 5 5 1 100 0.75 8 1349 561 1025 750 467 339 286 192
20 5 5 1 100 0.75 8 1350 570 1025 757 473 349 296 191
20 5 5 1 100 0.75 8 1351 585 1022 750 479 362 309 194
20 5 5 1 100 0.75 8 1352 600 1029 757 497 368 315 200
20 5 5 1 100 0.75 8 1353 614 1028 742 510 375 322 208
20 5 5 1 100 0.75 8 1354 624 1022 738 522 388 335 216
20 5 5 1 100 0.75 8 1355 637 1026 724 535 397 344 221
20 5 5 1 100 0.75 8 1356 642 1024 721 545 408 355 219
20 5 5 1 100 0.75 8 1357 649 1029 709 557 414 361 230
20 5 5 1 100 0.75 8 1358 665 1020 707 557 429 376 234
20 5 5 1 100 0.75 8 1359 678 1026 701 578 438 385 238
20 5 5 1 100 0.75 8 1360 692 1019 678 589 454 401 236
20 5 5 1 100 0.75 8 1361 704 1025 685 598 464 411 247
20 5 5 1 100 0.75 8 1362 714 1021 681 607 478 425 243
20 5 5 1 100 0.75 8 1363 727 1027 662 619 486 433 251
20 5 5 1 100 0.75 8 1364 735 1023 662 629 498 445 247
20 5 5 1 100 0.75 8 1365 750 1023 636 634 509 457 247
20 5 5 1 100 0.75 8 1366 761 1023 647 647 521 469 255
20 5 5 1 100 0.75 8 1367 773 1026 656 660 530 478 264
20 5 5 1 100 0.75 8 1368 787 1015 626 665 549 498 257
20 5 5 1 100 0.75 8 1369 792 1021 636 678 563 512 255
20 5 5 1 100 0.75 8 1370 812 1022 630 683 575 525 256
20 5 5 1 100 0.75 8 1371 817 1021 611 699 589 539 253
20 5 5 1 100 0.75 8 1372 830 1023 601 703 601 551 252
20 5 5 1 100 0.75 8 1373 837 1019 585 712 617 567 255
20 5 5 1 100 0.75 8 1374 845 1018 584 714 634 584 257
20 5 5 1 100 0.75 8 1375 854 1026 583 726 643 593 261
20 5 5 1 100 0.75 8 1376 863 1019 565 729 658 609 262
20 5 5 1 100 0.75 8 1377 870 1007 540 733 685 637 257
20 5 5 1 100 0.75 8 1378 880 1015 528 736 697 649 264
20 5 5 1 100 0.75 8 1379 889 1019 537 744 710 665 258
20 5 5 1 100 0.75 8 1380 897 1019 529 751 726 681 262
20 5 5 1 100 0.75 8 1381 901 1024 521 762 736 692 268
20 5 5 1 100 0.75 8 1382 907 1022 524 766 749 705 269
20 5 5 1 100 0.75 8 1383 914 1021 506 774 763 719 272
20 5 5 1 100 0.75 8 1384 921 1019 517 779 779 735 276
20 5 5 1 100 0.75 8 1385 930 1018 500 789 795 752 271
20 5 5 1 100 0.75 8 1386 936 1020 494 796 810 767 271
20 5 5 1 100 0.75 8 1387 941 1027 495 815 818 775 280
20 5 5 1 100 0.75 8 1388 945 1024 490 828 828 786 291
20 5 5 1 100 0.75 8 1389 953 1021 472 832 842 800 288
20 5 5 1 100 0.75 8 1390 958 1021 477 836 856 814 294
20 5 5 1 100 0.75 8 1391 965 1020 465 839 871 829 297
20 5 5 1 100 0.75 8 1392 970 1024 462 851 880 840 307
20 5 5 1 100 0.75 8 1393 976 1008 442 848 907 867 299
20 5 5 1 100 0.75 8 1394 981 1006 420 844 929 889 295
20 5 5 1 100 0.75 8 1395 983 1012 453 848 942 903 293
20 5 5 1 100 0.75 8 1396 987 1015 420 846 959 920 292
20 5 5 1 100 0.75 8 1397 991 1020 410 848 973 935 289
20 5 5 1 100 0.75 8 1398 997 1020 420 845 987 950 291
20 5 5 1 100 0.75 8 1399 1001 1019 418 854 1000 966 291
20 5 5 1 100 0.75 8 1400 1006 1014 388 846 1020 987 288
20 5 5 1 100 0.75 8 1401 1012 1018 401 849 1036 1003 287
20 5 5 1 100 0.75 8 1402 1013 1022 390 864 1049 1016 286
20 5 5 1 100 0.75 8 1403 1017 1018 399 873 1066 1033 285
20 5 5 1 100 0.75 8 1404 1019 1022 355 881 1078 1046 280
20 5 5 1 100 0.75 8 1405 1021 1020 369 885 1093 1061 280
20 5 5 1 100 0.75 8 1406 1023 1021 370 889 1107 1075 280
20 5 5 1 100 0.75 8 1407 1024 1018 347 888 1124 1092 274
20 5 5 1 100 0.75 8 1408 1027 1011 349 877 1147 1116 269
20 5 5 1 100 0.75 8 1409 1030 1003 336 874 1175 1144 259
20 5 5 1 100 0.75 8 1410 1030 1006 340 876 1192 1161 264
20 5 5 1 100 0.75 8 1410 1030 1006 1006 876 1428 1161 264
20 5 5 1 100 0.75 8 1440 1030 1006 1006 876 54 1161 264
20 5 5 1 100 0.75 9 1441 0 20 20 0 54 0 0
20 5 5 1 100 0.75 9 1442 0 40 40 0 54 0 0
20 5 5 1 100 0.75 9 1443 0 60 60 0 54 0 0
20 5 5 1 100 0.75 9 1444 0 80 80 0 54 0 0
20 5 5 1 100 0.75 9 1445 0 100 100 0 54 0 0
20 5 5 1 100 0.75 9 1446 0 120 120 0 54 0 0
20 5 5 1 100 0.75 9 1447 0 140 139 0 54 0 0
20 5 5 1 100 0.75 9 1448 1 160 158 0 54 0 0
20 5 5 1 100 0.75 9 1449 1 180 178 1 54 0 0
20 5 5 1 100 0.75 9 1450 3 200 194 1 54 0 0
20 5 5 1 100 0.75 9 1451 6 220 210 3 54 0 0
20 5 5 1 100 0.75 9 1452 8 240 230 6 54 0 0
20 5 5 1 100 0.75 9 1453 10 260 245 8 54 0 0
20 5 5 1 100 0.75 9 1454 15 280 263 10 54 0 0
20 5 5 1 100 0.75 9 1455 18 300 282 15 54 0 0
20 5 5 1 100 0.75 9 1456 20 320 299 18 54 0 0
20 5 5 1 100 0.75 9 1457 23 340 318 20 54 0 2
20 5 5 1 100 0.75 9 1458 27 360 336 23 54 0 5
20 5 5 1 100 0.75 9 1459 30 380 357 27 54 0 6
20 5 5 1 100 0.75 9 1460 34 400 372 30 54 0 6
20 5 5 1 100 0.75 9 1461 35 420 394 34 54 0 8
20 5 5 1 100 0.75 9 1462 36 440 417 35 54 0 13
20 5 5 1 100 0.75 9 1463 41 460 434 36 54 0 16
20 5 5 1 100 0.75 9 1464 43 480 452 41 54 0 18
20 5 5 1 100 0.75 9 1465 47 500 475 43 54 0 22
20 5 5 1 100 0.75 9 1466 52 520 491 47 54 0 24
20 5 5 1 100 0.75 9 1467 56 540 511 52 54 0 27
20 5 5 1 100 0.75 9 1468 58 560 531 56 54 0 29
20 5 5 1 100 0.75 9 1469 59 580 550 58 54 0 29
20 5 5 1 100 0.75 9 1470 64 600 570 59 54 0 32
20 5 5 1 100 0.75 9 1471 69 620 587 64 54 0 35
20 5 5 1 100 0.75 9 1472 73 640 606 69 54 0 37
20 5 5 1 100 0.75 9 1473 79 659 620 72 55 1 38
20 5 5 1 100 0.75 9 1474 86 679 641 78 55 1 42
20 5 5 1 100 0.75 9 1475 95 697 655 83 57 3 43
20 5 5 1 100 0.75 9 1476 95 716 672 91 58 4 42
20 5 5 1 100 0.75 9 1477 99 734 691 89 60 6 42
20 5 5 1 100 0.75 9 1478 105 752 706 91 62 8 44
20 5 5 1 100 0.75 9 1479 116 766 711 91 68 14 43
20 5 5 1 100 0.75 9 1480 120 784 731 100 70 16 47
20 5 5 1 100 0.75 9 1481 130 804 746 104 70 16 51
20 5 5 1 100 0.75 9 1482 139 819 757 109 75 21 49
20 5 5 1 100 0.75 9 1483 145 835 775 114 79 25 50
20 5 5 1 100 0.75 9 1484 150 854 791 119 80 26 51
20 5 5 1 100 0.75 9 1485 156 874 809 124 80 26 55
20 5 5 1 100 0.75 9 1486 165 890 823 126 84 30 56
20 5 5 1 100 0.75 9 1487 170 908 839 134 86 32 60
20 5 5 1 100 0.75 9 1488 178 927 853 138 87 33 62
20 5 5 1 100 0.75 9 1489 184 945 875 146 89 35 67
20 5 5 1 100 0.75 9 1490 195 962 886 149 92 38 72
20 5 5 1 100 0.75 9 1491 200 979 899 158 95 41 72
20 5 5 1 100 0.75 9 1492 209 998 917 162 96 42 74
20 5 5 1 100 0.75 9 1493 221 1013 926 168 101 47 76
20 5 5 1 100 0.75 9 1494 232 1029 940 179 105 51 76
20 5 5 1 100 0.75 9 1495 237 1032 936 189 108 54 78
20 5 5 1 100 0.75 9 1496 246 1030 935 192 113 59 80
20 5 5 1 100 0.75 9 1497 254 1031 931 198 117 63 83
20 5 5 1 100 0.75 9 1498 269 1031 922 206 121 67 84
20 5 5 1 100 0.75 9 1499 275 1033 926 221 123 69 91
20 5 5 1 100 0.75 9 1500 284 1031 920 228 127 73 95
20 5 5 1 100 0.75 9 1501 301 1030 910 235 132 78 97
20 5 5 1 100 0.75 9 1502 307 1034 910 256 133 79 102
20 5 5 1 100 0.75 9 1503 314 1031 907 262 137 83 104
20 5 5 1 100 0.75 9 1504 318 1028 898 265 144 90 103
20 5 5 1 100 0.75 9 1505 327 1030 903 270 149 95 110
20 5 5 1 100 0.75 9 1506 339 1030 898 281 154 100 117
20 5 5 1 100 0.75 9 1507 347 1030 891 292 159 105 120
20 5 5 1 100 0.75 9 1508 358 1029 887 297 165 111 126
20 5 5 1 100 0.75 9 1509 367 1032 893 308 168 114 138
20 5 5 1 100 0.75 9 1510 376 1031 883 316 172 118 143
20 5 5 1 100 0.75 9 1511 382 1028 874 320 179 125 141
20 5 5 1 100 0.75 9 1512 392 1030 880 328 184 130 144
20 5 5 1 100 0.75 9 1513 399 1029 867 339 190 136 148
20 5 5 1 100 0.75 9 1514 409 1029 868 345 196 142 158
20 5 5 1 100 0.75 9 1515 421 1025 861 350 206 152 154
20 5 5 1 100 0.75 9 1516 433 1030 858 360 211 157 160
20 5 5 1 100 0.75 9 1517 444 1030 856 371 216 162 164
20 5 5 1 100 0.75 9 1518 450 1027 848 382 224 170 168
20 5 5 1 100 0.75 9 1519 457 1028 838 389 231 177 169
20 5 5 1 100 0.75 9 1520 465 1031 837 401 235 181 177
20 5 5 1 100 0.75 9 1521 474 1026 825 404 244 190 182
20 5 5 1 100 0.75 9 1522 487 1021 821 402 258 204 178
20 5 5 1 100 0.75 9 1523 498 1028 818 414 265 211 183
20 5 5 1 100 0.75 9 1524 512 1024 807 424 275 222 186
20 5 5 1 100 0.75 9 1525 524 1022 803 428 288 235 180
20 5 5 1 100 0.75 9 1526 532 1028 803 441 294 242 185
20 5 5 1 100 0.75 9 1527 539 1026 798 447 302 251 186
20 5 5 1 100 0.75 9 1528 554 1022 784 445 315 264 185
20 5 5 1 100 0.75 9 1529 566 1027 782 460 323 272 187
20 5 5 1 100 0.75 9 1530 574 1026 771 475 332 281 189
20 5 5 1 100 0.75 9 1531 590 1027 772 483 340 289 199
20 5 5 1 100 0.75 9 1532 601 1025 759 500 350 299 197
20 5 5 1 100 0.75 9 1533 612 1021 754 509 364 313 202
20 5 5 1 100 0.75 9 1534 624 1023 740 516 376 325 201
20 5 5 1 100 0.75 9 1535 637 1027 734 529 384 333 209
20 5 5 1 100 0.75 9 1536 644 1030 733 548 389 338 216
20 5 5 1 100 0.75 9 1537 659 1020 719 554 404 353 212
20 5 5 1 100 0.75 9 1538 673 1028 708 573 411 360 225
20 5 5 1 100 0.75 9 1539 684 1026 712 587 420 369 234
20 5 5 1 100 0.75 9 1540 692 1016 691 588 439 388 226
20 5 5 1 100 0.75 9 1541 706 1022 697 594 452 401 233
20 5 5 1 100 0.75 9 1542 716 1029 692 615 458 407 241
20 5 5 1 100 0.75 9 1543 728 1023 679 623 468 419 249
20 5 5 1 100 0.75 9 1544 734 1024 673 632 479 430 252
20 5 5 1 100 0.75 9 1545 746 1026 666 638 488 439 265
20 5 5 1 100 0.75 9 1546 761 1021 660 645 502 453 269
20 5 5 1 100 0.75 9 1547 771 1023 670 660 514 465 274
20 5 5 1 100 0.75 9 1548 782 1023 644 670 526 477 279
20 5 5 1 100 0.75 9 1549 795 1021 635 681 540 491 286
20 5 5 1 100 0.75 9 1550 802 1025 628 692 550 501 289
20 5 5 1 100 0.75 9 1551 808 1014 613 686 571 522 280
20 5 5 1 100 0.75 9 1552 818 1021 617 691 584 535 281
20 5 5 1 100 0.75 9 1553 833 1023 603 704 596 547 287
20 5 5 1 100 0.75 9 1554 841 1021 597 714 609 561 291
20 5 5 1 100 0.75 9 1555 850 1021 603 723 623 575 291
20 5 5 1 100 0.75 9 1556 861 1019 573 724 638 591 296
20 5 5 1 100 0.75 9 1557 870 1021 583 737 652 605 296
20 5 5 1 100 0.75 9 1558 878 1014 570 738 673 626 288
20 5 5 1 100 0.75 9 1559 885 1024 567 756 682 636 301
20 5 5 1 100 0.75 9 1560 895 1017 552 758 700 654 299
20 5 5 1 100 0.75 9 1561 900 1011 531 759 724 678 291
20 5 5 1 100 0.75 9 1562 909 1019 525 763 736 690 296
20 5 5 1 100 0.75 9 1563 915 1010 527 758 760 715 287
20 5 5 1 100 0.75 9 1564 923 1018 535 767 772 727 294
20 5 5 1 100 0.75 9 1565 929 1018 507 776 789 744 292
20 5 5 1 100 0.75 9 1566 932 1015 503 778 809 764 296
20 5 5 1 100 0.75 9 1567 940 1022 490 785 821 777 297
20 5 5 1 100 0.75 9 1568 946 1017 491 789 839 795 292
20 5 5 1 100 0.75 9 1569 950 1020 484 800 854 810 291
20 5 5 1 100 0.75 9 1570 955 1019 463 805 870 826 294
20 5 5 1 100 0.75 9 1571 962 1018 462 810 887 843 293
20 5 5 1 100 0.75 9 1572 970 1014 442 815 907 864 290
20 5 5 1 100 0.75 9 1573 974 1019 447 828 922 879 295
20 5 5 1 100 0.75 9 1574 978 1019 444 831 938 895 290
20 5 5 1 100 0.75 9 1575 983 1019 436 837 954 911 295
20 5 5 1 100 0.75 9 1576 987 1016 418 836 973 930 292
20 5 5 1 100 0.75 9 1577 989 1022 419 846 986 943 296
20 5 5 1 100 0.75 9 1578 994 1020 402 856 1001 958 298
20 5 5 1 100 0.75 9 1579 998 1024 402 859 1011 969 305
20 5 5 1 100 0.75 9 1580 1002 1017 410 861 1029 987 307
20 5 5 1 100 0.75 9 1581 1006 1015 368 865 1048 1007 304
20 5 5 1 100 0.75 9 1582 1008 1022 397 873 1061 1020 305
20 5 5 1 100 0.75 9 1583 1015 1015 378 870 1081 1040 299
20 5 5 1 100 0.75 9 1584 1017 1016 366 882 1100 1059 301
20 5 5 1 100 0.75 9 1585 1021 1015 360 874 1120 1079 297
20 5 5 1 100 0.75 9 1586 1024 1015 346 875 1139 1099 285
20 5 5 1 100 0.75 9 1587 1026 1019 332 870 1155 1115 288
20 5 5 1 100 0.75 9 1588 1028 1017 346 869 1172 1133 289
20 5 5 1 100 0.75 9 1589 1028 1018 340 878 1189 1150 282
20 5 5 1 100 0.75 9 1590 1030 1022 341 875 1202 1163 288
20 5 5 1 100 0.75 9 1590 1030 1022 1022 875 1462 1163 288
20 5 5 1 100 0.75 9 1620 1030 1022 1022 875 54 1163 288
20 5 5 1 100 0.75 10 1621 0 20 20 0 54 0 0
20 5 5 1 100 0.75 10 1622 0 40 40 0 54 0 0
20 5 5 1 100 0.75 10 1623 0 60 60 0 54 0 0
20 5 5 1 100 0.75 10 1624 0 80 80 0 54 0 0
20 5 5 1 100 0.75 10 1625 0 100 100 0 54 0 0
20 5 5 1 100 0.75 10 1626 0 120 120 0 54 0 0
20 5 5 1 100 0.75 10 1627 0 140 139 0 54 0 0
20 5 5 1 100 0.75 10 1628 1 160 159 0 54 0 0
20 5 5 1 100 0.75 10 1629 1 180 176 1 54 0 0
20 5 5 1 100 0.75 10 1630 3 200 197 1 54 0 0
20 5 5 1 100 0.75 10 1631 5 220 214 3 54 0 0
20 5 5 1 100 0.75 10 1632 6 240 232 5 54 0 0
20 5 5 1 100 0.75 10 1633 9 260 251 6 54 0 0
20 5 5 1 100 0.75 10 1634 11 280 266 9 54 0 0
20 5 5 1 100 0.75 10 1635 16 300 282 11 54 0 0
20 5 5 1 100 0.75 10 1636 20 320 298 16 54 0 0
20 5 5 1 100 0.75 10 1637 22 340 319 20 54 0 1
20 5 5 1 100 0.75 10 1638 25 360 339 22 54 0 3
20 5 5 1 100 0.75 10 1639 25 380 358 25 54 0 3
20 5 5 1 100 0.75 10 1640 27 400 379 25 54 0 5
20 5 5 1 100 0.75 10 1641 33 420 395 27 54 0 8
20 5 5 1 100 0.75 10 1642 35 440 413 33 54 0 12
20 5 5 1 100 0.75 10 1643 39 460 432 35 54 0 14
20 5 5 1 100 0.75 10 1644 42 480 455 39 54 0 16
20 5 5 1 100 0.75 10 1645 45 500 471 42 54 0 18
20 5 5 1 100 0.75 10 1646 46 520 494 45 54 0 20
20 5 5 1 100 0.75 10 1647 49 540 510 46 54 0 22
20 5 5 1 100 0.75 10 1648 54 560 533 49 54 0 24
20 5 5 1 100 0.75 10 1649 61 580 550 54 54 0 27
20 5 5 1 100 0.75 10 1650 65 600 569 61 54 0 29
20 5 5 1 100 0.75 10 1651 68 620 588 65 54 0 31
20 5 5 1 100 0.75 10 1652 72 639 607 67 55 1 33
20 5 5 1 100 0.75 10 1653 75 659 624 71 55 1 36
20 5 5 1 100 0.75 10 1654 79 679 642 74 55 1 37
20 5 5 1 100 0.75 10 1655 81 699 666 78 55 1 41
20 5 5 1 100 0.75 10 1656 86 716 680 77 58 4 42
20 5 5 1 100 0.75 10 1657 93 733 695 79 61 7 44
20 5 5 1 100 0.75 10 1658 100 753 710 86 61 7 47
20 5 5 1 100 0.75 10 1659 104 771 727 91 63 9 48
20 5 5 1 100 0.75 10 1660 111 788 743 92 66 12 50
20 5 5 1 100 0.75 10 1661 116 805 755 96 69 15 47
20 5 5 1 100 0.75 10 1662 124 821 767 97 73 19 47
20 5 5 1 100 0.75 10 1663 129 841 786 105 73 19 48
20 5 5 1 100 0.75 10 1664 136 860 804 109 74 20 54
20 5 5 1 100 0.75 10 1665 145 877 819 113 77 23 53
20 5 5 1 100 0.75 10 1666 152 895 838 121 79 25 55
20 5 5 1 100 0.75 10 1667 159 913 847 127 81 27 58
20 5 5 1 100 0.75 10 1668 162 929 864 131 85 31 56
20 5 5 1 100 0.75 10 1669 175 944 875 129 90 36 60
20 5 5 1 100 0.75 10 1670 180 963 892 143 90 37 63
20 5 5 1 100 0.75 10 1671 190 980 905 146 93 40 64
20 5 5 1 100 0.75 10 1672 198 999 920 155 94 41 70
20 5 5 1 100 0.75 10 1673 204 1015 940 160 98 45 71
20 5 5 1 100 0.75 10 1674 218 1032 946 163 101 48 77
20 5 5 1 100 0.75 10 1675 221 1030 941 176 106 53 73
20 5 5 1 100 0.75 10 1676 233 1034 941 178 107 54 83
20 5 5 1 100 0.75 10 1677 244 1033 939 190 109 56 89
20 5 5 1 100 0.75 10 1678 254 1033 938 199 110 58 92
20 5 5 1 100 0.75 10 1679 261 1032 931 214 113 61 95
20 5 5 1 100 0.75 10 1680 272 1028 919 218 120 68 92
20 5 5 1 100 0.75 10 1681 282 1031 917 230 124 72 97
20 5 5 1 100 0.75 10 1682 288 1032 917 239 127 75 99
20 5 5 1 100 0.75 10 1683 297 1033 914 249 129 77 106
20 5 5 1 100 0.75 10 1684 304 1032 911 256 132 80 110
20 5 5 1 100 0.75 10 1685 315 1029 903 260 138 86 122
20 5 5 1 100 0.75 10 1686 320 1031 911 271 142 90 125
20 5 5 1 100 0.75 10 1687 330 1029 903 274 148 96 127
20 5 5 1 100 0.75 10 1688 340 1024 898 277 159 107 129
20 5 5 1 100 0.75 10 1689 353 1029 886 286 165 113 132
20 5 5 1 100 0.75 10 1690 357 1028 888 296 172 120 132
20 5 5 1 100 0.75 10 1691 364 1032 882 301 175 123 138
20 5 5 1 100 0.75 10 1692 368 1033 886 311 177 125 144
20 5 5 1 100 0.75 10 1693 375 1027 881 312 185 133 147
20 5 5 1 100 0.75 10 1694 387 1033 881 322 187 135 154
20 5 5 1 100 0.75 10 1695 396 1028 866 332 194 142 154
20 5 5 1 100 0.75 10 1696 405 1024 854 337 205 153 157
20 5 5 1 100 0.75 10 1697 412 1028 863 348 212 160 158
20 5 5 1 100 0.75 10 1698 419 1029 855 355 217 166 162
20 5 5 1 100 0.75 10 1699 426 1029 861 364 223 172 165
20 5 5 1 100 0.75 10 1700 434 1026 843 364 232 181 166
20 5 5 1 100 0.75 10 1701 448 1025 837 365 242 191 167
20 5 5 1 100 0.75 10 1702 456 1028 833 377 249 198 170
20 5 5 1 100 0.75 10 1703 469 1025 823 379 259 208 174
20 5 5 1 100 0.75 10 1704 478 1027 817 393 267 216 179
20 5 5 1 100 0.75 10 1705 486 1019 811 397 283 232 172
20 5 5 1 100 0.75 10 1706 495 1026 799 405 292 241 170
20 5 5 1 100 0.75 10 1707 502 1025 787 411 302 251 165
20 5 5 1 100 0.75 10 1708 513 1027 800 415 310 259 171
20 5 5 1 100 0.75 10 1709 528 1032 786 433 313 262 181
20 5 5 1 100 0.75 10 1710 540 1024 789 441 324 273 184
20 5 5 1 100 0.75 10 1711 552 1025 769 453 334 283 188
20 5 5 1 100 0.75 10 1712 562 1024 764 464 344 294 189
20 5 5 1 100 0.75 10 1713 573 1022 751 469 357 307 183
20 5 5 1 100 0.75 10 1714 584 1031 757 490 361 311 193
20 5 5 1 100 0.75 10 1715 592 1027 745 505 369 319 197
20 5 5 1 100 0.75 10 1716 603 1021 732 510 383 333 196
20 5 5 1 100 0.75 10 1717 617 1029 738 523 389 339 199
20 5 5 1 100 0.75 10 1718 631 1023 725 532 401 351 206
20 5 5 1 100 0.75 10 1719 644 1025 728 546 410 361 213
20 5 5 1 100 0.75 10 1720 657 1027 716 561 418 369 224
20 5 5 1 100 0.75 10 1721 662 1018 699 573 434 386 225
20 5 5 1 100 0.75 10 1722 671 1024 679 573 445 397 226
20 5 5 1 100 0.75 10 1723 682 1025 689 577 455 407 230
20 5 5 1 100 0.75 10 1724 695 1026 687 586 464 416 232
20 5 5 1 100 0.75 10 1725 711 1027 678 605 472 424 246
20 5 5 1 100 0.75 10 1726 726 1025 683 620 482 434 255
20 5 5 1 100 0.75 10 1727 737 1023 661 636 494 446 261
20 5 5 1 100 0.75 10 1728 748 1025 659 646 504 456 271
20 5 5 1 100 0.75 10 1729 758 1022 645 654 517 469 268
20 5 5 1 100 0.75 10 1730 767 1015 628 658 536 489 256
20 5 5 1 100 0.75 10 1731 776 1023 628 662 548 501 260
20 5 5 1 100 0.75 10 1732 793 1026 646 672 557 510 274
20 5 5 1 100 0.75 10 1733 805 1021 610 686 571 524 281
20 5 5 1 100 0.75 10 1734 820 1023 614 697 582 536 285
20 5 5 1 100 0.75 10 1735 830 1026 606 716 591 545 293
20 5 5 1 100 0.75 10 1736 839 1015 586 714 611 565 289
20 5 5 1 100 0.75 10 1737 843 1019 593 721 627 581 283
20 5 5 1 100 0.75 10 1738 855 1021 570 730 641 595 287
20 5 5 1 100 0.75 10 1739 863 1013 572 731 663 617 289
20 5 5 1 100 0.75 10 1740 872 1024 569 741 672 626 293
20 5 5 1 100 0.75 10 1741 883 1019 568 749 688 642 303
20 5 5 1 100 0.75 10 1742 893 1019 552 753 703 658 298
20 5 5 1 100 0.75 10 1743 903 1018 528 759 719 675 296
20 5 5 1 100 0.75 10 1744 908 1020 530 767 734 690 299
20 5 5 1 100 0.75 10 1745 916 1014 543 772 755 711 299
20 5 5 1 100 0.75 10 1746 921 1020 518 781 769 725 299
20 5 5 1 100 0.75 10 1747 924 1017 513 784 786 743 296
20 5 5 1 100 0.75 10 1748 930 1021 498 786 800 757 297
20 5 5 1 100 0.75 10 1749 936 1020 504 791 815 772 297
20 5 5 1 100 0.75 10 1750 944 1017 488 793 833 790 298
20 5 5 1 100 0.75 10 1751 949 1017 483 803 851 808 301
20 5 5 1 100 0.75 10 1752 956 1009 475 796 877 834 292
20 5 5 1 100 0.75 10 1753 960 1012 464 806 892 851 291
20 5 5 1 100 0.75 10 1754 962 1019 467 815 905 864 295
20 5 5 1 100 0.75 10 1755 966 1018 446 818 922 881 289
20 5 5 1 100 0.75 10 1756 972 1013 445 808 944 903 284
20 5 5 1 100 0.75 10 1757 976 1026 452 823 951 910 293
20 5 5 1 100 0.75 10 1758 982 1021 426 835 965 924 300
20 5 5 1 100 0.75 10 1759 984 1010 417 836 988 949 294
20 5 5 1 100 0.75 10 1760 990 1012 392 837 1005 967 294
20 5 5 1 100 0.75 10 1761 998 1014 410 840 1022 985 287
20 5 5 1 100 0.75 10 1762 1002 1016 388 851 1039 1003 281
20 5 5 1 100 0.75 10 1763 1004 1023 392 860 1051 1015 283
20 5 5 1 100 0.75 10 1764 1007 1019 380 864 1067 1031 287
20 5 5 1 100 0.75 10 1765 1010 1017 373 863 1085 1049 284
20 5 5 1 100 0.75 10 1766 1011 1021 385 864 1099 1063 290
20 5 5 1 100 0.75 10 1767 1014 1015 360 859 1119 1083 282
20 5 5 1 100 0.75 10 1768 1019 1017 364 866 1136 1101 291
20 5 5 1 100 0.75 10 1769 1023 1020 346 878 1149 1116 298
20 5 5 1 100 0.75 10 1770 1024 1020 351 883 1163 1131 294
20 5 5 1 100 0.75 10 1770 1024 1020 1020 883 1428 1131 294
20 5 5 1 100 0.75 10 1800 1024 1020 1020 883 54 1131 294
