1 5 1 1 100 0.75 1 1 0 1 1 0 100 0 0
1 5 1 1 100 0.75 1 2 0 2 2 0 100 0 0
1 5 1 1 100 0.75 1 3 0 3 3 0 100 0 0
1 5 1 1 100 0.75 1 4 0 4 4 0 100 0 0
1 5 1 1 100 0.75 1 5 0 5 5 0 100 0 0
1 5 1 1 100 0.75 1 6 0 6 6 0 100 0 0
1 5 1 1 100 0.75 1 7 1 7 6 0 100 0 0
1 5 1 1 100 0.75 1 8 1 8 7 1 100 0 0
1 5 1 1 100 0.75 1 9 1 9 8 1 100 0 0
1 5 1 1 100 0.75 1 10 2 10 8 1 100 0 0
1 5 1 1 100 0.75 1 11 2 11 9 2 100 0 0
1 5 1 1 100 0.75 1 12 2 12 10 2 100 0 0
1 5 1 1 100 0.75 1 13 2 13 11 2 100 0 0
1 5 1 1 100 0.75 1 14 2 14 12 2 100 0 0
1 5 1 1 100 0.75 1 15 2 15 13 2 100 0 1
1 5 1 1 100 0.75 1 16 2 16 15 2 100 0 1
1 5 1 1 100 0.75 1 17 3 17 13 2 100 0 1
1 5 1 1 100 0.75 1 18 4 18 15 3 100 0 1
1 5 1 1 100 0.75 1 19 4 19 17 4 100 0 1
1 5 1 1 100 0.75 1 20 5 20 17 4 100 0 1
1 5 1 1 100 0.75 1 21 5 21 18 5 100 0 1
1 5 1 1 100 0.75 1 22 6 22 18 5 100 0 1
1 5 1 1 100 0.75 1 23 9 23 16 6 100 0 1
1 5 1 1 100 0.75 1 24 10 24 16 9 100 0 1
1 5 1 1 100 0.75 1 25 10 25 16 10 100 0 2
1 5 1 1 100 0.75 1 26 11 26 19 10 100 0 3
1 5 1 1 100 0.75 1 27 12 27 19 11 100 0 4
1 5 1 1 100 0.75 1 28 13 28 19 12 100 0 4
1 5 1 1 100 0.75 1 29 14 29 20 13 100 0 4
1 5 1 1 100 0.75 1 30 14 30 23 14 100 0 4
1 5 1 1 100 0.75 1 31 14 31 24 14 100 0 5
1 5 1 1 100 0.75 1 32 14 32 25 14 100 0 6
1 5 1 1 100 0.75 1 33 15 32 26 13 101 1 6
1 5 1 1 100 0.75 1 34 17 33 26 14 101 1 6
1 5 1 1 100 0.75 1 35 18 34 25 16 101 1 8
1 5 1 1 100 0.75 1 36 19 35 27 17 101 1 8
1 5 1 1 100 0.75 1 37 20 36 26 18 101 1 9
1 5 1 1 100 0.75 1 38 20 37 27 19 101 1 9
1 5 1 1 100 0.75 1 39 23 38 27 19 101 1 9
1 5 1 1 100 0.75 1 40 24 39 27 22 101 1 9
1 5 1 1 100 0.75 1 41 25 40 29 23 101 1 11
1 5 1 1 100 0.75 1 42 28 41 29 24 101 1 13
1 5 1 1 100 0.75 1 43 28 42 28 27 101 1 13
1 5 1 1 100 0.75 1 44 28 42 29 26 102 2 13
1 5 1 1 100 0.75 1 45 28 42 29 25 103 3 12
1 5 1 1 100 0.75 1 46 32 41 27 23 105 5 12
1 5 1 1 100 0.75 1 47 33 42 26 27 105 5 13
1 5 1 1 100 0.75 1 48 35 43 27 28 105 5 14
1 5 1 1 100 0.75 1 49 38 44 28 30 105 5 15
1 5 1 1 100 0.75 1 50 39 43 29 31 107 7 13
1 5 1 1 100 0.75 1 51 39 43 28 31 108 8 12
1 5 1 1 100 0.75 1 52 40 44 25 31 108 8 12
1 5 1 1 100 0.75 1 53 40 45 28 32 108 8 12
1 5 1 1 100 0.75 1 54 41 46 30 32 108 8 15
1 5 1 1 100 0.75 1 55 42 45 28 31 110 10 14
1 5 1 1 100 0.75 1 56 44 46 31 32 110 10 16
1 5 1 1 100 0.75 1 57 46 45 27 32 112 12 15
1 5 1 1 100 0.75 1 58 46 46 31 34 112 12 16
1 5 1 1 100 0.75 1 59 47 47 33 34 112 12 16
1 5 1 1 100 0.75 1 60 49 47 28 34 113 13 16
1 5 1 1 100 0.75 1 61 50 47 31 35 114 14 16
1 5 1 1 100 0.75 1 62 52 46 27 34 116 16 14
1 5 1 1 100 0.75 1 63 52 46 31 35 117 17 14
1 5 1 1 100 0.75 1 64 55 47 27 35 117 17 16
1 5 1 1 100 0.75 1 65 55 48 31 38 117 17 17
1 5 1 1 100 0.75 1 66 56 47 28 36 119 19 15
1 5 1 1 100 0.75 1 67 57 47 30 36 120 20 16
1 5 1 1 100 0.75 1 68 58 48 27 37 120 20 17
1 5 1 1 100 0.75 1 69 60 49 30 38 120 20 17
1 5 1 1 100 0.75 1 70 60 49 28 39 121 21 16
1 5 1 1 100 0.75 1 71 60 50 33 39 121 21 16
1 5 1 1 100 0.75 1 72 60 49 35 37 123 23 16
1 5 1 1 100 0.75 1 73 61 50 33 37 123 23 17
1 5 1 1 100 0.75 1 74 62 49 31 36 125 25 16
1 5 1 1 100 0.75 1 75 63 49 32 36 126 26 15
1 5 1 1 100 0.75 1 76 63 49 32 36 127 27 14
1 5 1 1 100 0.75 1 77 63 49 30 35 128 28 13
1 5 1 1 100 0.75 1 78 64 49 33 34 129 29 12
1 5 1 1 100 0.75 1 79 65 50 32 35 129 29 12
1 5 1 1 100 0.75 1 80 66 50 31 35 130 30 11
1 5 1 1 100 0.75 1 81 67 50 34 35 130 31 11
1 5 1 1 100 0.75 1 82 67 51 33 36 130 31 12
1 5 1 1 100 0.75 1 83 68 50 35 34 132 33 11
1 5 1 1 100 0.75 1 84 68 48 29 32 135 36 8
1 5 1 1 100 0.75 1 85 70 49 29 32 135 36 8
1 5 1 1 100 0.75 1 86 70 50 30 34 135 36 9
1 5 1 1 100 0.75 1 87 71 49 30 32 137 38 7
1 5 1 1 100 0.75 1 88 74 50 27 33 137 38 7
1 5 1 1 100 0.75 1 89 74 50 30 35 138 39 7
1 5 1 1 100 0.75 1 90 75 51 29 35 138 39 7
1 5 1 1 100 0.75 1 91 75 52 31 36 138 39 8
1 5 1 1 100 0.75 1 92 77 51 31 34 140 41 8
1 5 1 1 100 0.75 1 93 79 52 29 36 140 41 8
1 5 1 1 100 0.75 1 94 80 53 30 38 140 41 8
1 5 1 1 100 0.75 1 95 81 54 29 39 140 41 12
1 5 1 1 100 0.75 1 96 82 54 31 39 141 42 11
1 5 1 1 100 0.75 1 97 84 55 27 40 141 42 11
1 5 1 1 100 0.75 1 98 86 56 30 42 141 42 12
1 5 1 1 100 0.75 1 99 86 57 33 44 141 42 13
1 5 1 1 100 0.75 1 100 88 56 33 42 143 44 13
1 5 1 1 100 0.75 1 101 89 57 33 44 143 44 14
1 5 1 1 100 0.75 1 102 90 58 33 45 143 44 14
1 5 1 1 100 0.75 1 103 91 58 35 45 144 45 14
1 5 1 1 100 0.75 1 104 91 59 35 46 144 45 14
1 5 1 1 100 0.75 1 105 93 60 40 46 144 45 15
1 5 1 1 100 0.75 1 106 93 59 36 46 146 47 14
1 5 1 1 100 0.75 1 107 95 60 37 46 146 47 15
1 5 1 1 100 0.75 1 108 97 61 36 48 146 47 15
1 5 1 1 100 0.75 1 109 99 62 39 50 145 47 17
1 5 1 1 100 0.75 1 110 99 62 39 51 146 48 16
1 5 1 1 100 0.75 1 111 101 62 37 50 147 49 16
1 5 1 1 100 0.75 1 112 101 62 34 51 148 50 15
1 5 1 1 100 0.75 1 113 101 62 37 50 149 51 15
1 5 1 1 100 0.75 1 114 102 60 32 47 152 54 13
1 5 1 1 100 0.75 1 115 103 59 35 46 154 56 12
1 5 1 1 100 0.75 1 116 104 60 36 47 154 56 15
1 5 1 1 100 0.75 1 117 105 61 42 48 153 56 15
1 5 1 1 100 0.75 1 118 105 62 37 49 153 56 15
1 5 1 1 100 0.75 1 119 106 63 43 49 153 56 17
1 5 1 1 100 0.75 1 120 107 63 35 49 154 57 16
1 5 1 1 100 0.75 1 121 108 63 38 49 155 58 15
1 5 1 1 100 0.75 1 122 109 62 38 48 157 60 15
1 5 1 1 100 0.75 1 123 110 62 34 48 158 61 15
1 5 1 1 100 0.75 1 124 111 63 33 50 158 61 16
1 5 1 1 100 0.75 1 125 111 62 37 49 160 63 14
1 5 1 1 100 0.75 1 126 112 61 34 47 162 65 12
1 5 1 1 100 0.75 1 127 113 62 36 48 162 65 14
1 5 1 1 100 0.75 1 128 113 63 37 49 162 65 15
1 5 1 1 100 0.75 1 129 114 64 37 49 162 65 16
1 5 1 1 100 0.75 1 130 115 65 37 50 162 65 18
1 5 1 1 100 0.75 1 131 118 64 35 49 164 67 16
1 5 1 1 100 0.75 1 132 119 63 34 50 166 69 14
1 5 1 1 100 0.75 1 133 120 64 35 51 166 69 15
1 5 1 1 100 0.75 1 134 123 63 33 50 168 71 13
1 5 1 1 100 0.75 1 135 124 63 30 52 169 72 13
1 5 1 1 100 0.75 1 136 124 64 33 53 169 72 14
1 5 1 1 100 0.75 1 137 126 65 35 53 169 72 15
1 5 1 1 100 0.75 1 138 127 66 38 55 169 72 17
1 5 1 1 100 0.75 1 139 127 65 34 54 171 74 16
1 5 1 1 100 0.75 1 140 128 65 35 53 172 75 16
1 5 1 1 100 0.75 1 141 131 65 32 53 173 76 16
1 5 1 1 100 0.75 1 142 131 64 35 55 175 78 17
1 5 1 1 100 0.75 1 143 134 64 32 54 176 79 16
1 5 1 1 100 0.75 1 144 135 65 34 57 176 79 16
1 5 1 1 100 0.75 1 145 136 66 37 58 176 79 17
1 5 1 1 100 0.75 1 146 138 66 33 58 177 80 16
1 5 1 1 100 0.75 1 147 138 67 35 60 177 80 16
1 5 1 1 100 0.75 1 148 138 67 36 59 178 81 19
1 5 1 1 100 0.75 1 149 139 65 35 56 181 84 17
1 5 1 1 100 0.75 1 150 140 66 33 57 181 84 18
1 5 1 1 100 0.75 1 150 140 66 66 57 199 84 18
1 5 1 1 100 0.75 1 180 140 66 66 57 51 84 18
1 5 1 1 100 0.75 2 181 0 1 1 0 51 0 0
1 5 1 1 100 0.75 2 182 0 2 2 0 51 0 0
1 5 1 1 100 0.75 2 183 0 3 3 0 51 0 0
1 5 1 1 100 0.75 2 184 0 4 4 0 51 0 0
1 5 1 1 100 0.75 2 185 0 5 5 0 51 0 0
1 5 1 1 100 0.75 2 186 0 6 6 0 51 0 0
1 5 1 1 100 0.75 2 187 0 7 7 0 51 0 0
1 5 1 1 100 0.75 2 188 0 8 8 0 51 0 0
1 5 1 1 100 0.75 2 189 1 9 8 0 51 0 0
1 5 1 1 100 0.75 2 190 1 10 9 1 51 0 0
1 5 1 1 100 0.75 2 191 1 11 10 1 51 0 0
1 5 1 1 100 0.75 2 192 2 12 10 1 51 0 0
1 5 1 1 100 0.75 2 193 2 13 11 2 51 0 0
1 5 1 1 100 0.75 2 194 2 14 12 2 51 0 0
1 5 1 1 100 0.75 2 195 2 15 13 2 51 0 0
1 5 1 1 100 0.75 2 196 2 16 14 2 51 0 0
1 5 1 1 100 0.75 2 197 2 17 14 2 51 0 1
1 5 1 1 100 0.75 2 198 3 18 16 2 51 0 1
1 5 1 1 100 0.75 2 199 3 19 17 3 51 0 1
1 5 1 1 100 0.75 2 200 3 20 16 3 51 0 1
1 5 1 1 100 0.75 2 201 5 21 16 3 51 0 1
1 5 1 1 100 0.75 2 202 5 22 18 5 51 0 1
1 5 1 1 100 0.75 2 203 6 23 17 5 51 0 1
1 5 1 1 100 0.75 2 204 6 24 19 6 51 0 1
1 5 1 1 100 0.75 2 205 8 25 18 6 51 0 1
1 5 1 1 100 0.75 2 206 8 26 20 8 51 0 1
1 5 1 1 100 0.75 2 207 9 27 19 8 51 0 1
1 5 1 1 100 0.75 2 208 10 28 21 9 51 0 1
1 5 1 1 100 0.75 2 209 11 29 19 10 51 0 2
1 5 1 1 100 0.75 2 210 13 30 22 11 51 0 2
1 5 1 1 100 0.75 2 211 13 31 21 13 51 0 2
1 5 1 1 100 0.75 2 212 15 32 22 13 50 0 3
1 5 1 1 100 0.75 2 213 16 33 22 15 50 0 4
1 5 1 1 100 0.75 2 214 16 33 23 15 51 1 3
1 5 1 1 100 0.75 2 215 17 34 22 15 51 1 4
1 5 1 1 100 0.75 2 216 18 35 25 16 51 1 5
1 5 1 1 100 0.75 2 217 19 36 27 17 51 1 7
1 5 1 1 100 0.75 2 218 20 37 28 18 51 1 8
1 5 1 1 100 0.75 2 219 20 38 28 19 51 1 8
1 5 1 1 100 0.75 2 220 21 39 32 19 51 1 10
1 5 1 1 100 0.75 2 221 22 40 30 20 51 1 10
1 5 1 1 100 0.75 2 222 23 41 32 21 51 1 10
1 5 1 1 100 0.75 2 223 23 42 34 22 51 1 10
1 5 1 1 100 0.75 2 224 23 42 36 21 52 2 11
1 5 1 1 100 0.75 2 225 24 43 35 21 52 2 11
1 5 1 1 100 0.75 2 226 25 44 35 22 52 2 11
1 5 1 1 100 0.75 2 227 25 45 36 23 52 2 11
1 5 1 1 100 0.75 2 228 28 46 35 23 52 2 13
1 5 1 1 100 0.75 2 229 29 47 35 26 52 2 14
1 5 1 1 100 0.75 2 230 30 48 36 27 52 2 14
1 5 1 1 100 0.75 2 231 30 49 38 28 52 2 14
1 5 1 1 100 0.75 2 232 32 48 35 26 54 4 12
1 5 1 1 100 0.75 2 233 32 47 32 26 56 6 11
1 5 1 1 100 0.75 2 234 33 46 34 24 58 8 10
1 5 1 1 100 0.75 2 235 35 46 31 24 59 9 9
1 5 1 1 100 0.75 2 236 35 46 35 25 60 10 10
1 5 1 1 100 0.75 2 237 36 46 34 24 61 11 9
1 5 1 1 100 0.75 2 238 37 47 33 25 61 11 9
1 5 1 1 100 0.75 2 239 37 48 33 26 61 11 10
1 5 1 1 100 0.75 2 240 40 48 32 25 62 12 10
1 5 1 1 100 0.75 2 241 42 48 31 27 63 13 9
1 5 1 1 100 0.75 2 242 42 49 34 29 63 13 10
1 5 1 1 100 0.75 2 243 45 50 32 29 63 13 11
1 5 1 1 100 0.75 2 244 46 50 30 31 64 14 10
1 5 1 1 100 0.75 2 245 47 50 31 31 65 15 10
1 5 1 1 100 0.75 2 246 48 50 29 31 66 16 10
1 5 1 1 100 0.75 2 247 50 51 33 32 66 16 12
1 5 1 1 100 0.75 2 248 51 52 33 34 66 16 12
1 5 1 1 100 0.75 2 249 52 53 34 35 66 16 13
1 5 1 1 100 0.75 2 250 52 54 36 36 66 16 16
1 5 1 1 100 0.75 2 251 52 54 38 35 67 17 16
1 5 1 1 100 0.75 2 252 53 53 37 33 69 19 14
1 5 1 1 100 0.75 2 253 55 53 36 33 70 20 14
1 5 1 1 100 0.75 2 254 56 54 36 35 70 20 15
1 5 1 1 100 0.75 2 255 57 55 37 36 70 20 16
1 5 1 1 100 0.75 2 256 59 56 36 37 70 20 16
1 5 1 1 100 0.75 2 257 60 55 35 37 72 22 15
1 5 1 1 100 0.75 2 258 61 56 37 38 72 22 15
1 5 1 1 100 0.75 2 259 61 57 36 39 72 22 15
1 5 1 1 100 0.75 2 260 64 57 37 39 73 23 16
1 5 1 1 100 0.75 2 261 66 55 31 39 76 26 14
1 5 1 1 100 0.75 2 262 66 55 30 40 77 27 13
1 5 1 1 100 0.75 2 263 67 56 35 40 77 27 16
1 5 1 1 100 0.75 2 264 69 56 32 40 78 28 15
1 5 1 1 100 0.75 2 265 69 56 33 42 79 29 14
1 5 1 1 100 0.75 2 266 70 56 34 41 80 30 14
1 5 1 1 100 0.75 2 267 70 57 35 42 80 30 16
1 5 1 1 100 0.75 2 268 72 57 33 41 81 31 15
1 5 1 1 100 0.75 2 269 74 58 35 43 81 31 15
1 5 1 1 100 0.75 2 270 74 58 35 44 82 32 15
1 5 1 1 100 0.75 2 271 75 57 35 42 84 34 14
1 5 1 1 100 0.75 2 272 76 56 35 41 86 36 14
1 5 1 1 100 0.75 2 273 78 56 30 41 87 37 13
1 5 1 1 100 0.75 2 274 80 57 33 43 87 37 14
1 5 1 1 100 0.75 2 275 80 57 33 44 88 38 13
1 5 1 1 100 0.75 2 276 80 57 32 43 89 39 12
1 5 1 1 100 0.75 2 277 82 57 34 42 90 40 12
1 5 1 1 100 0.75 2 278 82 58 34 44 90 40 12
1 5 1 1 100 0.75 2 279 84 58 34 43 91 41 12
1 5 1 1 100 0.75 2 280 84 59 37 45 91 41 13
1 5 1 1 100 0.75 2 281 85 58 36 43 93 43 13
1 5 1 1 100 0.75 2 282 85 59 34 44 93 43 13
1 5 1 1 100 0.75 2 283 85 59 37 43 94 44 12
1 5 1 1 100 0.75 2 284 87 59 36 42 95 45 12
1 5 1 1 100 0.75 2 285 87 59 34 43 96 46 11
1 5 1 1 100 0.75 2 286 87 60 38 43 96 46 12
1 5 1 1 100 0.75 2 287 89 61 38 43 96 46 13
1 5 1 1 100 0.75 2 288 90 60 35 43 98 48 11
1 5 1 1 100 0.75 2 289 91 60 36 43 99 49 10
1 5 1 1 100 0.75 2 290 91 61 33 44 99 49 10
1 5 1 1 100 0.75 2 291 91 62 38 45 99 49 12
1 5 1 1 100 0.75 2 292 93 61 36 43 101 51 10
1 5 1 1 100 0.75 2 293 94 62 34 45 101 51 10
1 5 1 1 100 0.75 2 294 96 63 35 46 101 51 11
1 5 1 1 100 0.75 2 295 97 62 37 46 103 53 11
1 5 1 1 100 0.75 2 296 100 62 32 46 104 54 10
1 5 1 1 100 0.75 2 297 101 62 32 48 105 55 9
1 5 1 1 100 0.75 2 298 102 63 35 49 105 55 9
1 5 1 1 100 0.75 2 299 103 64 36 50 105 55 10
1 5 1 1 100 0.75 2 300 105 64 30 50 106 56 11
1 5 1 1 100 0.75 2 301 105 64 35 52 107 57 11
1 5 1 1 100 0.75 2 302 105 65 37 52 107 57 12
1 5 1 1 100 0.75 2 303 105 66 41 52 107 57 14
1 5 1 1 100 0.75 2 304 106 66 38 51 108 58 15
1 5 1 1 100 0.75 2 305 106 67 38 52 108 58 15
1 5 1 1 100 0.75 2 306 106 68 40 52 108 58 16
1 5 1 1 100 0.75 2 307 108 68 42 51 109 59 17
1 5 1 1 100 0.75 2 308 109 69 42 53 109 59 19
1 5 1 1 100 0.75 2 309 110 70 42 54 109 59 19
1 5 1 1 100 0.75 2 310 112 70 41 54 110 60 18
1 5 1 1 100 0.75 2 311 113 70 40 55 111 61 17
1 5 1 1 100 0.75 2 312 113 71 38 56 111 61 18
1 5 1 1 100 0.75 2 313 116 71 39 55 112 62 17
1 5 1 1 100 0.75 2 314 118 71 39 57 113 63 16
1 5 1 1 100 0.75 2 315 120 71 39 58 114 64 17
1 5 1 1 100 0.75 2 316 120 71 39 59 115 65 16
1 5 1 1 100 0.75 2 317 120 71 38 58 116 66 16
1 5 1 1 100 0.75 2 318 122 70 37 56 118 68 15
1 5 1 1 100 0.75 2 319 122 70 35 57 119 69 14
1 5 1 1 100 0.75 2 320 123 71 40 57 118 69 16
1 5 1 1 100 0.75 2 321 123 71 39 57 119 70 16
1 5 1 1 100 0.75 2 322 124 70 38 55 121 72 16
1 5 1 1 100 0.75 2 323 125 69 41 54 123 74 14
1 5 1 1 100 0.75 2 324 126 69 36 54 124 75 13
1 5 1 1 100 0.75 2 325 127 69 40 54 125 76 13
1 5 1 1 100 0.75 2 326 128 70 40 55 125 76 14
1 5 1 1 100 0.75 2 327 128 68 39 53 128 79 11
1 5 1 1 100 0.75 2 328 130 69 39 54 128 79 12
1 5 1 1 100 0.75 2 329 131 70 39 56 128 79 12
1 5 1 1 100 0.75 2 330 131 70 38 56 129 80 13
1 5 1 1 100 0.75 2 330 131 70 70 56 142 80 13
1 5 1 1 100 0.75 2 360 131 70 70 56 46 80 13
1 5 1 1 100 0.75 3 361 0 1 1 0 46 0 0
1 5 1 1 100 0.75 3 362 0 2 2 0 46 0 0
1 5 1 1 100 0.75 3 363 0 3 3 0 46 0 0
1 5 1 1 100 0.75 3 364 0 4 4 0 46 0 0
1 5 1 1 100 0.75 3 365 0 5 5 0 46 0 0
1 5 1 1 100 0.75 3 366 0 6 6 0 46 0 0
1 5 1 1 100 0.75 3 367 0 7 7 0 46 0 0
1 5 1 1 100 0.75 3 368 0 8 8 0 46 0 0
1 5 1 1 100 0.75 3 369 0 9 8 0 46 0 0
1 5 1 1 100 0.75 3 370 0 10 10 0 46 0 0
1 5 1 1 100 0.75 3 371 1 11 10 0 46 0 0
1 5 1 1 100 0.75 3 372 1 12 11 1 46 0 0
1 5 1 1 100 0.75 3 373 1 13 12 1 46 0 0
1 5 1 1 100 0.75 3 374 1 14 13 1 46 0 0
1 5 1 1 100 0.75 3 375 1 15 13 1 46 0 0
1 5 1 1 100 0.75 3 376 1 16 15 1 46 0 0
1 5 1 1 100 0.75 3 377 3 17 13 1 46 0 0
1 5 1 1 100 0.75 3 378 3 18 15 3 46 0 0
1 5 1 1 100 0.75 3 379 4 19 16 3 46 0 0
1 5 1 1 100 0.75 3 380 5 20 15 4 46 0 0
1 5 1 1 100 0.75 3 381 7 21 14 5 46 0 0
1 5 1 1 100 0.75 3 382 7 22 14 7 46 0 0
1 5 1 1 100 0.75 3 383 7 23 16 7 46 0 0
1 5 1 1 100 0.75 3 384 8 24 16 7 46 0 0
1 5 1 1 100 0.75 3 385 8 25 19 8 46 0 2
1 5 1 1 100 0.75 3 386 8 26 20 8 46 0 3
1 5 1 1 100 0.75 3 387 8 27 22 8 46 0 3
1 5 1 1 100 0.75 3 388 9 28 23 8 46 0 3
1 5 1 1 100 0.75 3 389 10 29 25 9 46 0 5
1 5 1 1 100 0.75 3 390 10 30 24 10 46 0 5
1 5 1 1 100 0.75 3 391 12 31 26 10 46 0 6
1 5 1 1 100 0.75 3 392 12 32 23 12 46 0 6
1 5 1 1 100 0.75 3 393 12 33 27 12 46 0 6
1 5 1 1 100 0.75 3 394 13 34 26 12 46 0 6
1 5 1 1 100 0.75 3 395 15 35 26 13 46 0 6
1 5 1 1 100 0.75 3 396 15 36 28 15 46 0 8
1 5 1 1 100 0.75 3 397 16 37 28 15 46 0 8
1 5 1 1 100 0.75 3 398 17 38 30 16 46 0 10
1 5 1 1 100 0.75 3 399 19 39 27 17 46 0 10
1 5 1 1 100 0.75 3 400 20 39 27 18 47 1 9
1 5 1 1 100 0.75 3 401 22 40 27 19 47 1 9
1 5 1 1 100 0.75 3 402 22 39 28 19 49 3 7
1 5 1 1 100 0.75 3 403 23 40 29 19 49 3 7
1 5 1 1 100 0.75 3 404 23 41 32 20 49 3 8
1 5 1 1 100 0.75 3 405 23 40 30 18 51 5 6
1 5 1 1 100 0.75 3 406 23 41 32 18 50 5 8
1 5 1 1 100 0.75 3 407 24 41 34 17 51 6 9
1 5 1 1 100 0.75 3 408 25 42 33 18 51 6 9
1 5 1 1 100 0.75 3 409 26 43 34 19 51 6 9
1 5 1 1 100 0.75 3 410 28 44 35 20 51 6 9
1 5 1 1 100 0.75 3 411 28 44 35 21 52 7 8
1 5 1 1 100 0.75 3 412 28 44 33 20 53 8 7
1 5 1 1 100 0.75 3 413 29 45 35 20 53 8 7
1 5 1 1 100 0.75 3 414 30 45 33 20 54 9 6
1 5 1 1 100 0.75 3 415 31 46 34 21 54 9 7
1 5 1 1 100 0.75 3 416 31 46 35 21 55 10 6
1 5 1 1 100 0.75 3 417 32 47 38 21 55 10 7
1 5 1 1 100 0.75 3 418 34 48 37 22 55 10 7
1 5 1 1 100 0.75 3 419 34 49 36 24 55 10 7
1 5 1 1 100 0.75 3 420 34 50 40 24 55 10 8
1 5 1 1 100 0.75 3 421 35 51 39 24 55 10 9
1 5 1 1 100 0.75 3 422 36 52 42 25 55 10 10
1 5 1 1 100 0.75 3 423 39 52 36 25 56 11 9
1 5 1 1 100 0.75 3 424 40 51 37 26 58 13 8
1 5 1 1 100 0.75 3 425 42 50 35 25 60 15 6
1 5 1 1 100 0.75 3 426 45 51 35 27 60 15 6
1 5 1 1 100 0.75 3 427 46 52 35 30 60 15 6
1 5 1 1 100 0.75 3 428 47 53 35 31 60 15 6
1 5 1 1 100 0.75 3 429 47 54 36 32 60 15 8
1 5 1 1 100 0.75 3 430 48 55 37 32 60 15 10
1 5 1 1 100 0.75 3 431 49 56 38 33 60 15 11
1 5 1 1 100 0.75 3 432 49 57 40 34 60 15 12
1 5 1 1 100 0.75 3 433 50 58 45 34 60 15 15
1 5 1 1 100 0.75 3 434 50 57 44 33 62 17 14
1 5 1 1 100 0.75 3 435 51 58 46 33 62 17 15
1 5 1 1 100 0.75 3 436 53 59 44 34 62 17 15
1 5 1 1 100 0.75 3 437 55 60 44 36 62 17 16
1 5 1 1 100 0.75 3 438 57 59 44 36 64 19 15
1 5 1 1 100 0.75 3 439 58 59 42 37 65 20 14
1 5 1 1 100 0.75 3 440 60 60 41 38 65 20 14
1 5 1 1 100 0.75 3 441 61 61 42 40 65 20 15
1 5 1 1 100 0.75 3 442 61 61 42 40 66 21 15
1 5 1 1 100 0.75 3 443 62 62 40 40 65 21 16
1 5 1 1 100 0.75 3 444 62 63 49 41 65 21 18
1 5 1 1 100 0.75 3 445 65 63 44 40 66 22 17
1 5 1 1 100 0.75 3 446 66 63 47 42 67 23 18
1 5 1 1 100 0.75 3 447 69 64 46 43 67 23 18
1 5 1 1 100 0.75 3 448 71 62 42 43 70 26 16
1 5 1 1 100 0.75 3 449 71 62 43 44 71 27 15
1 5 1 1 100 0.75 3 450 71 63 45 44 71 27 16
1 5 1 1 100 0.75 3 451 71 63 44 43 72 28 15
1 5 1 1 100 0.75 3 452 71 62 44 41 73 30 13
1 5 1 1 100 0.75 3 453 71 61 43 39 75 32 13
1 5 1 1 100 0.75 3 454 73 61 46 38 76 33 13
1 5 1 1 100 0.75 3 455 76 61 42 39 77 34 14
1 5 1 1 100 0.75 3 456 76 62 44 42 77 34 16
1 5 1 1 100 0.75 3 457 76 62 43 42 78 35 15
1 5 1 1 100 0.75 3 458 76 63 45 42 78 35 15
1 5 1 1 100 0.75 3 459 77 64 39 42 78 35 15
1 5 1 1 100 0.75 3 460 78 63 43 41 80 37 13
1 5 1 1 100 0.75 3 461 80 63 42 41 81 38 13
1 5 1 1 100 0.75 3 462 81 64 44 43 81 38 14
1 5 1 1 100 0.75 3 463 81 64 45 43 82 39 13
1 5 1 1 100 0.75 3 464 83 64 45 42 83 40 12
1 5 1 1 100 0.75 3 465 84 65 41 44 83 40 12
1 5 1 1 100 0.75 3 466 86 64 41 43 85 42 10
1 5 1 1 100 0.75 3 467 86 65 42 45 85 42 12
1 5 1 1 100 0.75 3 468 86 65 45 44 86 43 12
1 5 1 1 100 0.75 3 469 86 66 44 44 86 43 13
1 5 1 1 100 0.75 3 470 87 67 47 44 86 43 14
1 5 1 1 100 0.75 3 471 88 67 46 44 87 44 13
1 5 1 1 100 0.75 3 472 88 67 48 44 88 45 14
1 5 1 1 100 0.75 3 473 88 66 45 42 90 47 12
1 5 1 1 100 0.75 3 474 89 65 42 40 92 49 12
1 5 1 1 100 0.75 3 475 89 65 44 40 93 50 11
1 5 1 1 100 0.75 3 476 90 66 45 40 93 50 11
1 5 1 1 100 0.75 3 477 90 67 47 41 93 50 11
1 5 1 1 100 0.75 3 478 92 66 45 39 95 52 11
1 5 1 1 100 0.75 3 479 93 67 46 41 95 52 11
1 5 1 1 100 0.75 3 480 94 68 48 42 95 52 11
1 5 1 1 100 0.75 3 481 95 69 46 43 95 52 12
1 5 1 1 100 0.75 3 482 95 69 47 43 96 53 11
1 5 1 1 100 0.75 3 483 95 70 49 43 96 53 11
1 5 1 1 100 0.75 3 484 98 70 47 42 97 54 11
1 5 1 1 100 0.75 3 485 101 71 47 45 97 54 11
1 5 1 1 100 0.75 3 486 103 71 44 47 98 55 10
1 5 1 1 100 0.75 3 487 103 71 44 48 99 56 11
1 5 1 1 100 0.75 3 488 105 70 44 46 101 58 9
1 5 1 1 100 0.75 3 489 107 70 38 47 102 59 8
1 5 1 1 100 0.75 3 490 108 70 39 49 103 60 7
1 5 1 1 100 0.75 3 491 109 71 40 50 103 60 8
1 5 1 1 100 0.75 3 492 111 71 38 50 104 61 8
1 5 1 1 100 0.75 3 493 111 72 45 52 104 61 13
1 5 1 1 100 0.75 3 494 111 73 40 52 104 61 13
1 5 1 1 100 0.75 3 495 112 73 47 52 105 62 12
1 5 1 1 100 0.75 3 496 114 74 44 53 105 62 15
1 5 1 1 100 0.75 3 497 115 73 46 53 107 64 14
1 5 1 1 100 0.75 3 498 118 74 43 54 106 64 15
1 5 1 1 100 0.75 3 499 120 75 46 57 106 64 15
1 5 1 1 100 0.75 3 500 122 76 43 59 106 64 17
1 5 1 1 100 0.75 3 501 122 77 45 61 106 64 17
1 5 1 1 100 0.75 3 502 126 77 42 60 107 65 18
1 5 1 1 100 0.75 3 503 126 77 44 63 108 66 18
1 5 1 1 100 0.75 3 504 128 78 41 63 108 66 19
1 5 1 1 100 0.75 3 505 129 79 45 65 108 66 20
1 5 1 1 100 0.75 3 506 129 79 47 65 109 67 22
1 5 1 1 100 0.75 3 507 129 79 48 64 110 68 22
1 5 1 1 100 0.75 3 508 132 80 51 64 110 68 24
1 5 1 1 100 0.75 3 509 133 80 45 66 111 69 23
1 5 1 1 100 0.75 3 510 133 80 54 66 112 70 24
1 5 1 1 100 0.75 3 510 133 80 80 66 135 70 24
1 5 1 1 100 0.75 3 540 133 80 80 66 47 70 24
1 5 1 1 100 0.75 4 541 0 1 1 0 47 0 0
1 5 1 1 100 0.75 4 542 0 2 2 0 47 0 0
1 5 1 1 100 0.75 4 543 0 3 3 0 47 0 0
1 5 1 1 100 0.75 4 544 0 4 4 0 47 0 0
1 5 1 1 100 0.75 4 545 0 5 5 0 47 0 0
1 5 1 1 100 0.75 4 546 0 6 6 0 47 0 0
1 5 1 1 100 0.75 4 547 0 7 7 0 47 0 0
1 5 1 1 100 0.75 4 548 0 8 7 0 47 0 0
1 5 1 1 100 0.75 4 549 0 9 8 0 47 0 0
1 5 1 1 100 0.75 4 550 0 10 9 0 47 0 0
1 5 1 1 100 0.75 4 551 0 11 11 0 47 0 0
1 5 1 1 100 0.75 4 552 2 12 10 0 47 0 0
1 5 1 1 100 0.75 4 553 3 13 10 2 47 0 0
1 5 1 1 100 0.75 4 554 4 14 10 3 47 0 0
1 5 1 1 100 0.75 4 555 5 15 9 4 47 0 0
1 5 1 1 100 0.75 4 556 5 16 11 5 47 0 0
1 5 1 1 100 0.75 4 557 5 17 12 5 47 0 0
1 5 1 1 100 0.75 4 558 6 18 12 5 47 0 0
1 5 1 1 100 0.75 4 559 6 19 13 6 47 0 1
1 5 1 1 100 0.75 4 560 6 20 15 6 47 0 1
1 5 1 1 100 0.75 4 561 7 21 16 6 47 0 2
1 5 1 1 100 0.75 4 562 7 22 17 7 47 0 3
1 5 1 1 100 0.75 4 563 9 23 18 7 47 0 4
1 5 1 1 100 0.75 4 564 9 24 19 9 47 0 4
1 5 1 1 100 0.75 4 565 10 25 18 9 47 0 4
1 5 1 1 100 0.75 4 566 11 26 20 10 47 0 5
1 5 1 1 100 0.75 4 567 11 27 20 11 47 0 5
1 5 1 1 100 0.75 4 568 11 28 23 11 47 0 6
1 5 1 1 100 0.75 4 569 13 29 21 11 47 0 6
1 5 1 1 100 0.75 4 570 14 30 22 13 47 0 6
1 5 1 1 100 0.75 4 571 15 31 23 14 47 0 8
1 5 1 1 100 0.75 4 572 15 32 26 15 47 0 8
1 5 1 1 100 0.75 4 573 15 33 25 15 47 0 9
1 5 1 1 100 0.75 4 574 17 34 26 15 47 0 9
1 5 1 1 100 0.75 4 575 17 35 27 17 47 0 9
1 5 1 1 100 0.75 4 576 17 35 29 16 48 1 10
1 5 1 1 100 0.75 4 577 18 36 28 16 48 1 10
1 5 1 1 100 0.75 4 578 18 36 30 16 49 2 10
1 5 1 1 100 0.75 4 579 18 36 29 15 50 3 9
1 5 1 1 100 0.75 4 580 20 36 28 14 51 4 8
1 5 1 1 100 0.75 4 581 21 37 29 16 51 4 8
1 5 1 1 100 0.75 4 582 21 38 31 17 51 4 10
1 5 1 1 100 0.75 4 583 21 39 32 17 51 4 10
1 5 1 1 100 0.75 4 584 21 40 33 17 51 4 10
1 5 1 1 100 0.75 4 585 21 40 34 16 52 5 10
1 5 1 1 100 0.75 4 586 21 41 35 16 52 5 10
1 5 1 1 100 0.75 4 587 21 41 38 15 53 6 11
1 5 1 1 100 0.75 4 588 23 41 35 14 54 7 10
1 5 1 1 100 0.75 4 589 23 42 35 16 54 7 10
1 5 1 1 100 0.75 4 590 23 41 36 14 56 9 8
1 5 1 1 100 0.75 4 591 23 42 36 14 55 9 8
1 5 1 1 100 0.75 4 592 25 43 35 14 55 9 8
1 5 1 1 100 0.75 4 593 26 44 34 16 55 9 8
1 5 1 1 100 0.75 4 594 28 44 34 16 56 10 7
1 5 1 1 100 0.75 4 595 29 44 32 17 57 11 6
1 5 1 1 100 0.75 4 596 29 44 34 17 58 12 7
1 5 1 1 100 0.75 4 597 30 45 33 17 58 12 7
1 5 1 1 100 0.75 4 598 31 46 34 18 58 12 7
1 5 1 1 100 0.75 4 599 33 46 34 18 59 13 8
1 5 1 1 100 0.75 4 600 34 46 34 19 60 14 8
1 5 1 1 100 0.75 4 601 34 47 35 20 60 14 9
1 5 1 1 100 0.75 4 602 37 47 35 19 61 15 9
1 5 1 1 100 0.75 4 603 37 48 37 22 61 15 9
1 5 1 1 100 0.75 4 604 38 49 36 22 61 15 9
1 5 1 1 100 0.75 4 605 42 49 35 22 62 16 9
1 5 1 1 100 0.75 4 606 42 49 35 25 63 17 10
1 5 1 1 100 0.75 4 607 43 50 34 25 63 17 10
1 5 1 1 100 0.75 4 608 43 51 38 26 63 17 10
1 5 1 1 100 0.75 4 609 43 52 39 26 63 17 11
1 5 1 1 100 0.75 4 610 44 53 40 26 63 17 11
1 5 1 1 100 0.75 4 611 46 53 38 26 64 18 10
1 5 1 1 100 0.75 4 612 47 54 42 28 64 18 12
1 5 1 1 100 0.75 4 613 49 55 43 29 64 18 13
1 5 1 1 100 0.75 4 614 49 56 42 31 64 18 13
1 5 1 1 100 0.75 4 615 50 57 42 31 64 18 14
1 5 1 1 100 0.75 4 616 50 56 43 30 66 20 12
1 5 1 1 100 0.75 4 617 52 55 38 28 66 22 10
1 5 1 1 100 0.75 4 618 53 55 39 29 67 23 10
1 5 1 1 100 0.75 4 619 54 56 41 30 67 23 10
1 5 1 1 100 0.75 4 620 55 57 42 31 67 23 12
1 5 1 1 100 0.75 4 621 56 57 41 31 68 24 11
1 5 1 1 100 0.75 4 622 57 57 41 31 69 25 10
1 5 1 1 100 0.75 4 623 58 57 38 31 70 26 10
1 5 1 1 100 0.75 4 624 59 57 39 31 71 27 10
1 5 1 1 100 0.75 4 625 62 58 42 32 71 27 11
1 5 1 1 100 0.75 4 626 62 59 42 35 71 27 12
1 5 1 1 100 0.75 4 627 63 60 42 35 71 27 13
1 5 1 1 100 0.75 4 628 64 58 44 33 74 30 10
1 5 1 1 100 0.75 4 629 64 59 46 34 74 30 11
1 5 1 1 100 0.75 4 630 65 59 46 33 75 31 11
1 5 1 1 100 0.75 4 631 67 60 42 34 75 31 11
1 5 1 1 100 0.75 4 632 67 61 49 36 75 31 13
1 5 1 1 100 0.75 4 633 68 61 47 35 76 32 12
1 5 1 1 100 0.75 4 634 69 62 45 36 76 32 12
1 5 1 1 100 0.75 4 635 70 63 48 37 76 32 14
1 5 1 1 100 0.75 4 636 72 62 44 36 77 34 12
1 5 1 1 100 0.75 4 637 72 63 48 38 77 34 13
1 5 1 1 100 0.75 4 638 72 64 49 38 77 34 14
1 5 1 1 100 0.75 4 639 72 65 47 38 77 34 15
1 5 1 1 100 0.75 4 640 73 63 48 35 80 37 13
1 5 1 1 100 0.75 4 641 75 63 49 35 81 38 13
1 5 1 1 100 0.75 4 642 76 64 48 37 81 38 13
1 5 1 1 100 0.75 4 643 79 63 43 36 83 40 12
1 5 1 1 100 0.75 4 644 79 63 43 38 84 41 12
1 5 1 1 100 0.75 4 645 81 63 42 37 85 42 11
1 5 1 1 100 0.75 4 646 84 64 40 39 85 42 11
1 5 1 1 100 0.75 4 647 87 65 40 42 85 42 12
1 5 1 1 100 0.75 4 648 88 66 39 45 85 42 12
1 5 1 1 100 0.75 4 649 89 67 43 46 85 42 13
1 5 1 1 100 0.75 4 650 90 65 39 44 88 45 10
1 5 1 1 100 0.75 4 651 91 66 43 45 88 45 12
1 5 1 1 100 0.75 4 652 92 67 42 46 88 45 14
1 5 1 1 100 0.75 4 653 94 68 43 47 88 45 14
1 5 1 1 100 0.75 4 654 98 68 40 48 89 46 14
1 5 1 1 100 0.75 4 655 100 69 41 53 89 46 16
1 5 1 1 100 0.75 4 656 100 68 39 53 91 48 15
1 5 1 1 100 0.75 4 657 100 69 41 53 91 48 16
1 5 1 1 100 0.75 4 658 102 69 42 52 92 49 15
1 5 1 1 100 0.75 4 659 105 68 40 52 94 51 15
1 5 1 1 100 0.75 4 660 105 67 39 53 96 53 14
1 5 1 1 100 0.75 4 661 105 68 40 53 96 53 16
1 5 1 1 100 0.75 4 662 105 69 44 53 96 53 18
1 5 1 1 100 0.75 4 663 106 70 47 53 96 53 18
1 5 1 1 100 0.75 4 664 108 71 46 54 96 53 18
1 5 1 1 100 0.75 4 665 110 71 46 55 97 54 18
1 5 1 1 100 0.75 4 666 112 72 46 57 97 54 20
1 5 1 1 100 0.75 4 667 113 72 45 58 98 55 20
1 5 1 1 100 0.75 4 668 113 72 47 58 99 56 19
1 5 1 1 100 0.75 4 669 115 70 42 55 102 59 16
1 5 1 1 100 0.75 4 670 115 71 46 57 102 59 17
1 5 1 1 100 0.75 4 671 115 70 45 55 104 61 16
1 5 1 1 100 0.75 4 672 116 70 46 54 105 62 16
1 5 1 1 100 0.75 4 673 116 71 47 55 105 62 17
1 5 1 1 100 0.75 4 674 119 71 49 54 106 63 18
1 5 1 1 100 0.75 4 675 120 71 47 56 107 64 17
1 5 1 1 100 0.75 4 676 121 71 48 56 108 65 17
1 5 1 1 100 0.75 4 677 121 70 45 56 110 67 15
1 5 1 1 100 0.75 4 678 123 71 43 56 110 67 15
1 5 1 1 100 0.75 4 679 124 71 43 57 111 68 15
1 5 1 1 100 0.75 4 680 126 70 42 56 113 70 13
1 5 1 1 100 0.75 4 681 126 70 45 57 114 71 14
1 5 1 1 100 0.75 4 682 128 71 43 57 114 71 15
1 5 1 1 100 0.75 4 683 129 70 42 57 116 73 13
1 5 1 1 100 0.75 4 684 130 71 43 58 116 73 14
1 5 1 1 100 0.75 4 685 131 71 43 58 117 74 14
1 5 1 1 100 0.75 4 686 133 71 45 58 118 75 15
1 5 1 1 100 0.75 4 687 133 71 46 59 119 76 15
1 5 1 1 100 0.75 4 688 134 71 46 58 120 77 14
1 5 1 1 100 0.75 4 689 136 71 43 58 121 78 14
1 5 1 1 100 0.75 4 690 136 70 42 58 123 80 12
1 5 1 1 100 0.75 4 690 136 70 70 58 134 80 12
1 5 1 1 100 0.75 4 720 136 70 70 58 44 80 12
1 5 1 1 100 0.75 5 721 0 1 1 0 44 0 0
1 5 1 1 100 0.75 5 722 0 2 2 0 44 0 0
1 5 1 1 100 0.75 5 723 0 3 3 0 44 0 0
1 5 1 1 100 0.75 5 724 0 4 4 0 44 0 0
1 5 1 1 100 0.75 5 725 0 5 5 0 44 0 0
1 5 1 1 100 0.75 5 726 0 6 6 0 44 0 0
1 5 1 1 100 0.75 5 727 0 7 7 0 44 0 0
1 5 1 1 100 0.75 5 728 0 8 8 0 44 0 0
1 5 1 1 100 0.75 5 729 0 9 9 0 44 0 0
1 5 1 1 100 0.75 5 730 2 10 8 0 44 0 0
1 5 1 1 100 0.75 5 731 2 11 9 2 44 0 0
1 5 1 1 100 0.75 5 732 3 12 9 2 44 0 0
1 5 1 1 100 0.75 5 733 4 13 9 3 44 0 0
1 5 1 1 100 0.75 5 734 5 14 9 4 44 0 0
1 5 1 1 100 0.75 5 735 5 15 10 5 44 0 0
1 5 1 1 100 0.75 5 736 5 16 11 5 44 0 0
1 5 1 1 100 0.75 5 737 6 17 12 5 44 0 0
1 5 1 1 100 0.75 5 738 6 18 14 6 44 0 1
1 5 1 1 100 0.75 5 739 8 19 12 6 44 0 1
1 5 1 1 100 0.75 5 740 9 20 14 8 44 0 2
1 5 1 1 100 0.75 5 741 9 21 13 9 44 0 2
1 5 1 1 100 0.75 5 742 9 22 18 9 44 0 3
1 5 1 1 100 0.75 5 743 10 23 16 9 44 0 3
1 5 1 1 100 0.75 5 744 11 24 18 10 44 0 3
1 5 1 1 100 0.75 5 745 11 25 20 11 44 0 3
1 5 1 1 100 0.75 5 746 11 26 20 11 44 0 3
1 5 1 1 100 0.75 5 747 11 27 24 11 44 0 6
1 5 1 1 100 0.75 5 748 12 28 24 11 44 0 6
1 5 1 1 100 0.75 5 749 12 29 26 12 44 0 6
1 5 1 1 100 0.75 5 750 12 30 26 12 44 0 6
1 5 1 1 100 0.75 5 751 12 31 28 12 44 0 8
1 5 1 1 100 0.75 5 752 12 32 28 12 44 0 8
1 5 1 1 100 0.75 5 753 12 32 30 11 45 1 7
1 5 1 1 100 0.75 5 754 12 33 32 11 45 1 7
1 5 1 1 100 0.75 5 755 13 34 33 11 45 1 8
1 5 1 1 100 0.75 5 756 14 34 31 11 46 2 7
1 5 1 1 100 0.75 5 757 14 35 33 12 46 2 7
1 5 1 1 100 0.75 5 758 14 36 32 12 46 2 7
1 5 1 1 100 0.75 5 759 15 37 33 12 46 2 7
1 5 1 1 100 0.75 5 760 15 38 32 13 46 2 7
1 5 1 1 100 0.75 5 761 15 39 36 13 46 2 7
1 5 1 1 100 0.75 5 762 16 39 33 12 47 3 6
1 5 1 1 100 0.75 5 763 16 39 36 12 48 4 5
1 5 1 1 100 0.75 5 764 16 39 36 11 49 5 5
1 5 1 1 100 0.75 5 765 16 40 38 11 49 5 5
1 5 1 1 100 0.75 5 766 18 40 36 10 50 6 4
1 5 1 1 100 0.75 5 767 18 41 38 12 50 6 5
1 5 1 1 100 0.75 5 768 18 41 36 11 51 7 4
1 5 1 1 100 0.75 5 769 19 41 38 10 52 8 4
1 5 1 1 100 0.75 5 770 20 42 36 11 52 8 4
1 5 1 1 100 0.75 5 771 20 43 38 12 52 8 4
1 5 1 1 100 0.75 5 772 21 44 37 12 52 8 4
1 5 1 1 100 0.75 5 773 21 45 40 13 52 8 5
1 5 1 1 100 0.75 5 774 22 46 41 13 52 8 6
1 5 1 1 100 0.75 5 775 22 46 42 13 53 9 5
1 5 1 1 100 0.75 5 776 24 47 41 13 53 9 5
1 5 1 1 100 0.75 5 777 24 48 44 15 53 9 7
1 5 1 1 100 0.75 5 778 25 49 43 15 53 9 7
1 5 1 1 100 0.75 5 779 26 50 45 16 53 9 8
1 5 1 1 100 0.75 5 780 27 51 44 17 53 9 8
1 5 1 1 100 0.75 5 781 28 52 45 18 53 9 8
1 5 1 1 100 0.75 5 782 30 53 43 19 53 9 9
1 5 1 1 100 0.75 5 783 31 53 44 20 54 10 8
1 5 1 1 100 0.75 5 784 33 54 44 21 54 10 9
1 5 1 1 100 0.75 5 785 35 55 44 23 54 10 9
1 5 1 1 100 0.75 5 786 37 55 43 24 55 11 9
1 5 1 1 100 0.75 5 787 37 56 45 26 55 11 9
1 5 1 1 100 0.75 5 788 38 57 47 26 55 11 11
1 5 1 1 100 0.75 5 789 38 57 48 26 56 12 10
1 5 1 1 100 0.75 5 790 39 58 47 26 56 12 10
1 5 1 1 100 0.75 5 791 40 59 50 27 56 12 12
1 5 1 1 100 0.75 5 792 43 59 47 27 57 13 12
1 5 1 1 100 0.75 5 793 43 58 50 28 59 15 13
1 5 1 1 100 0.75 5 794 47 58 46 27 59 16 12
1 5 1 1 100 0.75 5 795 48 59 47 31 59 16 12
1 5 1 1 100 0.75 5 796 49 60 47 32 59 16 13
1 5 1 1 100 0.75 5 797 49 59 47 31 61 18 12
1 5 1 1 100 0.75 5 798 50 60 47 31 61 18 12
1 5 1 1 100 0.75 5 799 51 61 49 32 61 18 15
1 5 1 1 100 0.75 5 800 52 62 49 33 61 18 15
1 5 1 1 100 0.75 5 801 52 63 53 34 61 18 16
1 5 1 1 100 0.75 5 802 52 63 52 33 62 19 18
1 5 1 1 100 0.75 5 803 52 64 55 33 62 19 18
1 5 1 1 100 0.75 5 804 54 64 52 32 63 20 18
1 5 1 1 100 0.75 5 805 54 65 52 34 63 20 19
1 5 1 1 100 0.75 5 806 55 63 53 31 66 23 16
1 5 1 1 100 0.75 5 807 58 64 53 32 66 23 16
1 5 1 1 100 0.75 5 808 59 64 50 34 67 24 15
1 5 1 1 100 0.75 5 809 61 65 50 35 67 24 15
1 5 1 1 100 0.75 5 810 63 65 51 36 68 25 14
1 5 1 1 100 0.75 5 811 65 65 45 37 69 26 13
1 5 1 1 100 0.75 5 812 65 65 48 38 70 27 14
1 5 1 1 100 0.75 5 813 67 65 47 37 71 28 13
1 5 1 1 100 0.75 5 814 68 63 48 36 74 31 12
1 5 1 1 100 0.75 5 815 71 64 47 37 74 31 12
1 5 1 1 100 0.75 5 816 73 64 46 39 75 32 12
1 5 1 1 100 0.75 5 817 74 64 45 40 76 33 13
1 5 1 1 100 0.75 5 818 76 64 46 40 77 34 12
1 5 1 1 100 0.75 5 819 77 64 45 41 78 35 13
1 5 1 1 100 0.75 5 820 79 64 45 41 79 36 13
1 5 1 1 100 0.75 5 821 81 64 43 42 80 37 12
1 5 1 1 100 0.75 5 822 82 63 46 42 82 39 12
1 5 1 1 100 0.75 5 823 83 64 47 43 82 39 15
1 5 1 1 100 0.75 5 824 83 65 51 44 82 39 15
1 5 1 1 100 0.75 5 825 84 66 49 44 82 39 16
1 5 1 1 100 0.75 5 826 86 67 52 45 82 39 17
1 5 1 1 100 0.75 5 827 86 68 50 47 82 39 18
1 5 1 1 100 0.75 5 828 88 69 56 47 82 39 19
1 5 1 1 100 0.75 5 829 88 69 55 48 83 40 19
1 5 1 1 100 0.75 5 830 89 69 55 47 84 41 19
1 5 1 1 100 0.75 5 831 90 69 53 47 85 42 18
1 5 1 1 100 0.75 5 832 92 69 52 47 86 43 18
1 5 1 1 100 0.75 5 833 93 70 53 49 86 43 20
1 5 1 1 100 0.75 5 834 96 69 52 49 88 45 18
1 5 1 1 100 0.75 5 835 96 68 51 50 90 47 16
1 5 1 1 100 0.75 5 836 97 68 48 49 91 48 16
1 5 1 1 100 0.75 5 837 97 67 48 48 93 50 14
1 5 1 1 100 0.75 5 838 99 68 47 48 92 50 14
1 5 1 1 100 0.75 5 839 100 68 48 49 93 51 14
1 5 1 1 100 0.75 5 840 103 68 45 49 94 52 15
1 5 1 1 100 0.75 5 841 103 68 47 51 94 53 15
1 5 1 1 100 0.75 5 842 103 68 45 50 95 54 16
1 5 1 1 100 0.75 5 843 103 67 47 49 97 56 15
1 5 1 1 100 0.75 5 844 104 67 45 48 98 57 14
1 5 1 1 100 0.75 5 845 105 67 44 48 98 58 13
1 5 1 1 100 0.75 5 846 105 68 47 49 98 58 16
1 5 1 1 100 0.75 5 847 106 68 46 49 99 59 16
1 5 1 1 100 0.75 5 848 106 68 48 50 100 60 17
1 5 1 1 100 0.75 5 849 106 67 44 48 102 62 16
1 5 1 1 100 0.75 5 850 107 68 44 49 102 62 16
1 5 1 1 100 0.75 5 851 108 69 44 50 102 62 17
1 5 1 1 100 0.75 5 852 108 69 47 50 103 63 17
1 5 1 1 100 0.75 5 853 110 69 44 49 104 64 17
1 5 1 1 100 0.75 5 854 112 70 45 51 104 64 18
1 5 1 1 100 0.75 5 855 112 70 47 52 105 65 17
1 5 1 1 100 0.75 5 856 113 71 47 52 105 65 18
1 5 1 1 100 0.75 5 857 115 71 46 52 106 66 17
1 5 1 1 100 0.75 5 858 116 71 44 53 107 67 17
1 5 1 1 100 0.75 5 859 118 72 45 54 107 67 18
1 5 1 1 100 0.75 5 860 119 72 45 55 108 68 17
1 5 1 1 100 0.75 5 861 120 68 42 51 113 73 14
1 5 1 1 100 0.75 5 862 122 69 42 52 113 73 16
1 5 1 1 100 0.75 5 863 126 69 39 53 114 74 15
1 5 1 1 100 0.75 5 864 126 69 41 56 115 75 15
1 5 1 1 100 0.75 5 865 126 70 43 56 115 75 16
1 5 1 1 100 0.75 5 866 127 69 42 54 117 77 16
1 5 1 1 100 0.75 5 867 127 68 45 53 119 79 15
1 5 1 1 100 0.75 5 868 128 68 42 52 120 80 14
1 5 1 1 100 0.75 5 869 128 69 44 53 120 80 16
1 5 1 1 100 0.75 5 870 128 69 48 52 121 81 19
1 5 1 1 100 0.75 5 870 128 69 69 52 139 81 19
1 5 1 1 100 0.75 5 900 128 69 69 52 46 81 19
1 5 1 1 100 0.75 6 901 0 1 1 0 46 0 0
1 5 1 1 100 0.75 6 902 0 2 2 0 46 0 0
1 5 1 1 100 0.75 6 903 0 3 3 0 46 0 0
1 5 1 1 100 0.75 6 904 0 4 4 0 46 0 0
1 5 1 1 100 0.75 6 905 0 5 5 0 46 0 0
1 5 1 1 100 0.75 6 906 0 6 6 0 46 0 0
1 5 1 1 100 0.75 6 907 0 7 7 0 46 0 0
1 5 1 1 100 0.75 6 908 0 8 8 0 46 0 0
1 5 1 1 100 0.75 6 909 0 9 9 0 45 0 0
1 5 1 1 100 0.75 6 910 0 10 9 0 45 0 0
1 5 1 1 100 0.75 6 911 1 11 10 0 45 0 0
1 5 1 1 100 0.75 6 912 3 12 9 1 45 0 0
1 5 1 1 100 0.75 6 913 3 13 10 3 45 0 0
1 5 1 1 100 0.75 6 914 4 14 9 3 45 0 0
1 5 1 1 100 0.75 6 915 4 15 11 4 45 0 0
1 5 1 1 100 0.75 6 916 4 16 12 4 44 0 0
1 5 1 1 100 0.75 6 917 4 17 13 4 44 0 0
1 5 1 1 100 0.75 6 918 4 18 15 4 44 0 0
1 5 1 1 100 0.75 6 919 4 19 17 4 44 0 1
1 5 1 1 100 0.75 6 920 6 20 17 4 44 0 2
1 5 1 1 100 0.75 6 921 7 21 16 6 44 0 2
1 5 1 1 100 0.75 6 922 7 22 19 7 44 0 3
1 5 1 1 100 0.75 6 923 8 23 19 7 44 0 3
1 5 1 1 100 0.75 6 924 8 24 19 8 44 0 3
1 5 1 1 100 0.75 6 925 8 25 21 8 44 0 3
1 5 1 1 100 0.75 6 926 9 26 20 8 44 0 3
1 5 1 1 100 0.75 6 927 9 27 21 9 44 0 3
1 5 1 1 100 0.75 6 928 10 28 24 9 44 0 6
1 5 1 1 100 0.75 6 929 11 29 25 10 44 0 6
1 5 1 1 100 0.75 6 930 13 30 24 11 44 0 6
1 5 1 1 100 0.75 6 931 14 31 23 13 44 0 6
1 5 1 1 100 0.75 6 932 15 32 23 14 44 0 6
1 5 1 1 100 0.75 6 933 15 33 25 15 44 0 6
1 5 1 1 100 0.75 6 934 15 34 27 15 44 0 6
1 5 1 1 100 0.75 6 935 15 35 28 15 44 0 6
1 5 1 1 100 0.75 6 936 16 35 28 14 45 1 7
1 5 1 1 100 0.75 6 937 19 35 26 14 46 2 7
1 5 1 1 100 0.75 6 938 20 36 27 17 46 2 7
1 5 1 1 100 0.75 6 939 21 37 29 18 46 2 7
1 5 1 1 100 0.75 6 940 22 37 29 18 47 3 6
1 5 1 1 100 0.75 6 941 23 38 28 19 47 3 6
1 5 1 1 100 0.75 6 942 23 39 29 20 47 3 6
1 5 1 1 100 0.75 6 943 23 40 30 20 47 3 6
1 5 1 1 100 0.75 6 944 25 41 32 20 47 3 7
1 5 1 1 100 0.75 6 945 26 42 33 22 47 3 9
1 5 1 1 100 0.75 6 946 28 41 30 21 49 5 8
1 5 1 1 100 0.75 6 947 28 41 31 22 50 6 7
1 5 1 1 100 0.75 6 948 28 42 34 22 50 6 9
1 5 1 1 100 0.75 6 949 28 43 33 22 50 6 9
1 5 1 1 100 0.75 6 950 29 44 34 22 50 6 9
1 5 1 1 100 0.75 6 951 29 45 36 23 50 6 9
1 5 1 1 100 0.75 6 952 29 46 38 23 50 6 11
1 5 1 1 100 0.75 6 953 32 46 35 22 51 7 12
1 5 1 1 100 0.75 6 954 32 47 36 25 51 7 12
1 5 1 1 100 0.75 6 955 34 47 36 24 52 8 11
1 5 1 1 100 0.75 6 956 34 47 36 25 53 9 10
1 5 1 1 100 0.75 6 957 35 48 35 25 53 9 11
1 5 1 1 100 0.75 6 958 35 49 37 26 53 9 11
1 5 1 1 100 0.75 6 959 36 50 37 26 53 9 11
1 5 1 1 100 0.75 6 960 37 51 39 27 53 9 12
1 5 1 1 100 0.75 6 961 38 50 38 26 55 11 11
1 5 1 1 100 0.75 6 962 40 51 38 27 55 11 12
1 5 1 1 100 0.75 6 963 42 50 36 27 57 13 11
1 5 1 1 100 0.75 6 964 42 49 35 27 59 15 9
1 5 1 1 100 0.75 6 965 42 50 38 27 59 15 10
1 5 1 1 100 0.75 6 966 43 51 37 27 59 15 10
1 5 1 1 100 0.75 6 967 44 51 38 27 60 16 10
1 5 1 1 100 0.75 6 968 45 52 37 28 60 16 11
1 5 1 1 100 0.75 6 969 45 52 40 28 61 17 10
1 5 1 1 100 0.75 6 970 47 53 40 28 61 17 10
1 5 1 1 100 0.75 6 971 49 54 38 30 61 17 10
1 5 1 1 100 0.75 6 972 52 54 39 31 62 18 9
1 5 1 1 100 0.75 6 973 54 54 36 33 63 19 9
1 5 1 1 100 0.75 6 974 55 55 37 35 63 19 9
1 5 1 1 100 0.75 6 975 57 56 39 36 63 19 11
1 5 1 1 100 0.75 6 976 59 55 36 36 65 21 9
1 5 1 1 100 0.75 6 977 59 56 35 38 65 21 9
1 5 1 1 100 0.75 6 978 60 55 36 36 67 23 7
1 5 1 1 100 0.75 6 979 61 56 39 37 67 23 9
1 5 1 1 100 0.75 6 980 64 57 38 38 66 23 10
1 5 1 1 100 0.75 6 981 64 57 40 40 67 24 11
1 5 1 1 100 0.75 6 982 67 57 37 39 68 25 11
1 5 1 1 100 0.75 6 983 67 58 39 42 68 25 12
1 5 1 1 100 0.75 6 984 69 58 35 41 69 26 12
1 5 1 1 100 0.75 6 985 69 58 37 42 70 27 11
1 5 1 1 100 0.75 6 986 70 59 37 42 70 27 12
1 5 1 1 100 0.75 6 987 70 60 39 43 70 27 15
1 5 1 1 100 0.75 6 988 70 61 41 43 70 27 15
1 5 1 1 100 0.75 6 989 72 62 43 43 70 27 17
1 5 1 1 100 0.75 6 990 72 63 45 45 70 27 18
1 5 1 1 100 0.75 6 991 73 63 46 44 71 28 19
1 5 1 1 100 0.75 6 992 74 63 44 44 72 29 18
1 5 1 1 100 0.75 6 993 77 64 43 45 72 29 18
1 5 1 1 100 0.75 6 994 78 63 43 46 74 31 16
1 5 1 1 100 0.75 6 995 79 64 43 47 74 31 16
1 5 1 1 100 0.75 6 996 79 65 42 48 74 31 16
1 5 1 1 100 0.75 6 997 80 66 46 48 74 31 18
1 5 1 1 100 0.75 6 998 81 65 43 47 76 33 16
1 5 1 1 100 0.75 6 999 82 63 41 45 79 36 14
1 5 1 1 100 0.75 6 1000 82 63 41 45 80 37 15
1 5 1 1 100 0.75 6 1001 84 63 43 44 81 38 16
1 5 1 1 100 0.75 6 1002 87 62 37 44 83 40 14
1 5 1 1 100 0.75 6 1003 88 61 38 45 85 42 12
1 5 1 1 100 0.75 6 1004 88 62 41 46 85 42 12
1 5 1 1 100 0.75 6 1005 88 63 38 46 85 42 12
1 5 1 1 100 0.75 6 1006 89 64 42 46 85 42 14
1 5 1 1 100 0.75 6 1007 91 62 39 44 88 45 11
1 5 1 1 100 0.75 6 1008 93 63 37 46 88 45 11
1 5 1 1 100 0.75 6 1009 93 63 42 47 89 46 11
1 5 1 1 100 0.75 6 1010 93 64 39 48 89 46 13
1 5 1 1 100 0.75 6 1011 94 64 43 47 90 47 12
1 5 1 1 100 0.75 6 1012 95 64 37 47 91 48 11
1 5 1 1 100 0.75 6 1013 96 65 40 48 91 48 11
1 5 1 1 100 0.75 6 1014 98 66 41 49 91 48 14
1 5 1 1 100 0.75 6 1015 98 67 44 51 91 48 16
1 5 1 1 100 0.75 6 1016 100 67 42 50 92 49 16
1 5 1 1 100 0.75 6 1017 101 67 42 51 93 50 15
1 5 1 1 100 0.75 6 1018 101 68 42 52 93 50 15
1 5 1 1 100 0.75 6 1019 102 67 44 50 95 52 15
1 5 1 1 100 0.75 6 1020 103 67 43 50 96 53 15
1 5 1 1 100 0.75 6 1021 103 67 46 50 97 54 15
1 5 1 1 100 0.75 6 1022 103 67 42 49 98 55 15
1 5 1 1 100 0.75 6 1023 105 68 45 49 98 55 15
1 5 1 1 100 0.75 6 1024 106 68 45 50 99 56 16
1 5 1 1 100 0.75 6 1025 106 68 44 50 100 57 15
1 5 1 1 100 0.75 6 1026 107 69 45 50 100 57 16
1 5 1 1 100 0.75 6 1027 108 70 42 51 100 57 16
1 5 1 1 100 0.75 6 1028 109 71 46 53 100 57 17
1 5 1 1 100 0.75 6 1029 112 70 40 52 102 59 15
1 5 1 1 100 0.75 6 1030 112 69 41 53 104 61 14
1 5 1 1 100 0.75 6 1031 114 70 38 53 104 61 14
1 5 1 1 100 0.75 6 1032 116 69 36 53 106 63 13
1 5 1 1 100 0.75 6 1033 118 70 38 55 106 63 13
1 5 1 1 100 0.75 6 1034 120 69 37 55 108 65 12
1 5 1 1 100 0.75 6 1035 122 69 35 56 109 66 13
1 5 1 1 100 0.75 6 1036 124 69 36 57 110 67 14
1 5 1 1 100 0.75 6 1037 125 70 34 59 110 67 15
1 5 1 1 100 0.75 6 1038 125 71 38 60 110 67 16
1 5 1 1 100 0.75 6 1039 126 70 36 58 112 69 15
1 5 1 1 100 0.75 6 1040 127 70 38 58 113 70 16
1 5 1 1 100 0.75 6 1041 128 70 40 58 114 71 17
1 5 1 1 100 0.75 6 1042 129 70 39 58 115 72 18
1 5 1 1 100 0.75 6 1043 130 71 42 59 115 72 21
1 5 1 1 100 0.75 6 1044 132 71 38 59 116 73 20
1 5 1 1 100 0.75 6 1045 132 71 43 60 117 74 20
1 5 1 1 100 0.75 6 1046 132 72 40 60 117 74 21
1 5 1 1 100 0.75 6 1047 132 73 46 60 117 74 21
1 5 1 1 100 0.75 6 1048 132 74 42 60 117 74 22
1 5 1 1 100 0.75 6 1049 134 74 49 59 118 75 22
1 5 1 1 100 0.75 6 1050 135 75 46 61 118 75 23
1 5 1 1 100 0.75 6 1050 135 75 75 61 140 75 23
1 5 1 1 100 0.75 6 1080 135 75 75 61 42 75 23
1 5 1 1 100 0.75 7 1081 0 1 1 0 42 0 0
1 5 1 1 100 0.75 7 1082 0 2 2 0 42 0 0
1 5 1 1 100 0.75 7 1083 0 3 3 0 42 0 0
1 5 1 1 100 0.75 7 1084 0 4 4 0 42 0 0
1 5 1 1 100 0.75 7 1085 0 5 5 0 42 0 0
1 5 1 1 100 0.75 7 1086 0 6 6 0 42 0 0
1 5 1 1 100 0.75 7 1087 0 7 7 0 42 0 0
1 5 1 1 100 0.75 7 1088 0 8 8 0 42 0 0
1 5 1 1 100 0.75 7 1089 0 9 9 0 42 0 0
1 5 1 1 100 0.75 7 1090 0 10 10 0 42 0 0
1 5 1 1 100 0.75 7 1091 0 11 11 0 42 0 0
1 5 1 1 100 0.75 7 1092 0 12 12 0 42 0 0
1 5 1 1 100 0.75 7 1093 0 13 13 0 42 0 0
1 5 1 1 100 0.75 7 1094 1 14 13 0 42 0 0
1 5 1 1 100 0.75 7 1095 1 15 14 1 42 0 0
1 5 1 1 100 0.75 7 1096 1 16 15 1 42 0 0
1 5 1 1 100 0.75 7 1097 1 17 16 1 42 0 0
1 5 1 1 100 0.75 7 1098 1 18 17 1 42 0 0
1 5 1 1 100 0.75 7 1099 2 19 17 1 42 0 0
1 5 1 1 100 0.75 7 1100 2 20 18 2 42 0 0
1 5 1 1 100 0.75 7 1101 2 21 20 2 42 0 0
1 5 1 1 100 0.75 7 1102 2 22 20 2 42 0 0
1 5 1 1 100 0.75 7 1103 2 23 21 2 42 0 0
1 5 1 1 100 0.75 7 1104 2 24 22 2 42 0 0
1 5 1 1 100 0.75 7 1105 3 25 22 2 42 0 0
1 5 1 1 100 0.75 7 1106 3 26 23 3 42 0 0
1 5 1 1 100 0.75 7 1107 3 27 25 3 42 0 1
1 5 1 1 100 0.75 7 1108 5 28 24 3 41 0 1
1 5 1 1 100 0.75 7 1109 5 29 25 5 41 0 1
1 5 1 1 100 0.75 7 1110 6 30 25 5 41 0 1
1 5 1 1 100 0.75 7 1111 8 31 24 6 41 0 1
1 5 1 1 100 0.75 7 1112 9 32 24 8 41 0 1
1 5 1 1 100 0.75 7 1113 9 33 25 9 41 0 2
1 5 1 1 100 0.75 7 1114 10 34 26 9 41 0 2
1 5 1 1 100 0.75 7 1115 11 35 27 10 41 0 3
1 5 1 1 100 0.75 7 1116 11 36 28 11 41 0 4
1 5 1 1 100 0.75 7 1117 12 37 29 11 41 0 5
1 5 1 1 100 0.75 7 1118 14 38 30 12 41 0 7
1 5 1 1 100 0.75 7 1119 14 39 31 14 41 0 8
1 5 1 1 100 0.75 7 1120 14 40 34 14 41 0 8
1 5 1 1 100 0.75 7 1121 16 41 34 14 41 0 9
1 5 1 1 100 0.75 7 1122 17 42 33 16 41 0 9
1 5 1 1 100 0.75 7 1123 19 42 33 16 42 1 8
1 5 1 1 100 0.75 7 1124 20 43 33 18 42 1 8
1 5 1 1 100 0.75 7 1125 20 44 36 19 42 1 9
1 5 1 1 100 0.75 7 1126 21 45 35 19 42 1 9
1 5 1 1 100 0.75 7 1127 21 46 35 20 42 1 9
1 5 1 1 100 0.75 7 1128 21 47 38 20 42 1 10
1 5 1 1 100 0.75 7 1129 22 48 39 20 42 1 11
1 5 1 1 100 0.75 7 1130 23 49 40 21 42 1 12
1 5 1 1 100 0.75 7 1131 25 50 42 22 42 1 14
1 5 1 1 100 0.75 7 1132 25 50 39 23 43 2 13
1 5 1 1 100 0.75 7 1133 25 50 42 22 44 3 12
1 5 1 1 100 0.75 7 1134 27 49 39 20 46 5 11
1 5 1 1 100 0.75 7 1135 27 49 39 21 47 6 10
1 5 1 1 100 0.75 7 1136 27 50 41 21 47 6 10
1 5 1 1 100 0.75 7 1137 29 50 38 20 48 7 9
1 5 1 1 100 0.75 7 1138 31 51 39 22 48 7 11
1 5 1 1 100 0.75 7 1139 32 50 39 22 50 9 10
1 5 1 1 100 0.75 7 1140 32 51 39 23 49 9 10
1 5 1 1 100 0.75 7 1141 32 52 38 23 49 9 11
1 5 1 1 100 0.75 7 1142 32 53 44 23 49 9 12
1 5 1 1 100 0.75 7 1143 32 53 43 22 50 10 11
1 5 1 1 100 0.75 7 1144 34 54 42 23 50 10 12
1 5 1 1 100 0.75 7 1145 35 54 44 24 51 11 13
1 5 1 1 100 0.75 7 1146 38 53 42 23 53 13 12
1 5 1 1 100 0.75 7 1147 39 53 39 25 54 14 11
1 5 1 1 100 0.75 7 1148 39 53 42 25 55 15 10
1 5 1 1 100 0.75 7 1149 40 54 41 25 55 15 10
1 5 1 1 100 0.75 7 1150 42 55 40 26 55 15 11
1 5 1 1 100 0.75 7 1151 42 56 43 28 55 15 12
1 5 1 1 100 0.75 7 1152 43 57 44 28 55 15 13
1 5 1 1 100 0.75 7 1153 43 57 45 28 56 16 13
1 5 1 1 100 0.75 7 1154 44 56 46 26 58 18 14
1 5 1 1 100 0.75 7 1155 45 57 44 27 58 18 14
1 5 1 1 100 0.75 7 1156 46 58 47 28 58 18 14
1 5 1 1 100 0.75 7 1157 46 58 47 28 59 19 15
1 5 1 1 100 0.75 7 1158 46 58 48 27 60 20 14
1 5 1 1 100 0.75 7 1159 48 59 49 27 60 20 15
1 5 1 1 100 0.75 7 1160 49 60 48 29 60 20 15
1 5 1 1 100 0.75 7 1161 51 61 46 30 60 20 15
1 5 1 1 100 0.75 7 1162 51 59 44 29 63 23 12
1 5 1 1 100 0.75 7 1163 53 59 46 28 64 24 13
1 5 1 1 100 0.75 7 1164 54 59 44 29 65 25 12
1 5 1 1 100 0.75 7 1165 56 60 43 30 64 25 12
1 5 1 1 100 0.75 7 1166 60 61 41 32 64 25 13
1 5 1 1 100 0.75 7 1167 61 60 40 34 65 27 12
1 5 1 1 100 0.75 7 1168 61 60 43 34 66 28 13
1 5 1 1 100 0.75 7 1169 63 61 43 34 66 28 14
1 5 1 1 100 0.75 7 1170 67 61 41 36 67 29 14
1 5 1 1 100 0.75 7 1171 67 60 39 38 69 31 12
1 5 1 1 100 0.75 7 1172 69 61 41 38 68 31 14
1 5 1 1 100 0.75 7 1173 70 61 39 39 69 32 14
1 5 1 1 100 0.75 7 1174 70 61 44 39 70 33 14
1 5 1 1 100 0.75 7 1175 71 60 39 37 72 35 12
1 5 1 1 100 0.75 7 1176 72 61 44 38 72 35 12
1 5 1 1 100 0.75 7 1177 73 62 45 39 72 35 14
1 5 1 1 100 0.75 7 1178 73 63 46 40 72 35 17
1 5 1 1 100 0.75 7 1179 75 64 46 40 72 35 17
1 5 1 1 100 0.75 7 1180 79 64 47 41 73 36 18
1 5 1 1 100 0.75 7 1181 79 64 48 44 74 37 17
1 5 1 1 100 0.75 7 1182 81 65 46 44 74 37 18
1 5 1 1 100 0.75 7 1183 81 66 48 46 74 37 18
1 5 1 1 100 0.75 7 1184 84 65 47 44 76 39 17
1 5 1 1 100 0.75 7 1185 85 65 45 46 77 40 17
1 5 1 1 100 0.75 7 1186 86 65 43 46 78 41 16
1 5 1 1 100 0.75 7 1187 87 65 43 46 79 42 16
1 5 1 1 100 0.75 7 1188 88 64 45 46 81 44 17
1 5 1 1 100 0.75 7 1189 88 65 43 47 81 44 18
1 5 1 1 100 0.75 7 1190 88 66 49 47 81 44 19
1 5 1 1 100 0.75 7 1191 89 66 45 46 82 45 19
1 5 1 1 100 0.75 7 1192 91 66 44 46 83 46 19
1 5 1 1 100 0.75 7 1193 91 66 45 47 84 47 19
1 5 1 1 100 0.75 7 1194 95 63 42 43 88 51 16
1 5 1 1 100 0.75 7 1195 96 63 40 46 89 52 18
1 5 1 1 100 0.75 7 1196 99 63 40 46 90 53 17
1 5 1 1 100 0.75 7 1197 101 64 39 49 90 53 17
1 5 1 1 100 0.75 7 1198 102 64 38 50 91 54 16
1 5 1 1 100 0.75 7 1199 103 65 42 51 91 54 18
1 5 1 1 100 0.75 7 1200 104 65 39 51 92 55 18
1 5 1 1 100 0.75 7 1201 104 65 41 51 93 56 20
1 5 1 1 100 0.75 7 1202 104 66 41 51 93 56 20
1 5 1 1 100 0.75 7 1203 104 65 46 49 95 58 19
1 5 1 1 100 0.75 7 1204 104 66 48 49 95 58 22
1 5 1 1 100 0.75 7 1205 105 66 50 48 96 59 22
1 5 1 1 100 0.75 7 1206 107 65 46 47 98 61 21
1 5 1 1 100 0.75 7 1207 108 66 45 49 98 61 22
1 5 1 1 100 0.75 7 1208 110 65 44 48 100 63 20
1 5 1 1 100 0.75 7 1209 113 65 41 49 101 64 19
1 5 1 1 100 0.75 7 1210 114 64 41 50 103 66 17
1 5 1 1 100 0.75 7 1211 114 64 42 50 104 67 16
1 5 1 1 100 0.75 7 1212 115 65 41 50 104 67 16
1 5 1 1 100 0.75 7 1213 117 65 39 50 105 68 16
1 5 1 1 100 0.75 7 1214 121 64 36 50 107 70 15
1 5 1 1 100 0.75 7 1215 121 65 38 54 107 70 16
1 5 1 1 100 0.75 7 1216 121 66 41 54 107 70 17
1 5 1 1 100 0.75 7 1217 122 64 38 51 110 73 16
1 5 1 1 100 0.75 7 1218 123 65 41 52 110 73 16
1 5 1 1 100 0.75 7 1219 125 63 38 50 113 76 14
1 5 1 1 100 0.75 7 1220 126 63 36 51 114 77 15
1 5 1 1 100 0.75 7 1221 127 62 39 50 116 79 14
1 5 1 1 100 0.75 7 1222 127 60 39 48 119 82 13
1 5 1 1 100 0.75 7 1223 128 61 36 49 119 82 13
1 5 1 1 100 0.75 7 1224 128 61 36 49 120 83 13
1 5 1 1 100 0.75 7 1225 130 62 36 49 120 83 14
1 5 1 1 100 0.75 7 1226 130 63 37 51 120 83 14
1 5 1 1 100 0.75 7 1227 130 64 39 51 119 83 16
1 5 1 1 100 0.75 7 1228 131 65 38 51 119 83 17
1 5 1 1 100 0.75 7 1229 131 66 44 52 119 83 18
1 5 1 1 100 0.75 7 1230 133 65 44 51 121 85 17
1 5 1 1 100 0.75 7 1230 133 65 65 51 138 85 17
1 5 1 1 100 0.75 7 1260 133 65 65 51 45 85 17
1 5 1 1 100 0.75 8 1261 0 1 1 0 45 0 0
1 5 1 1 100 0.75 8 1262 0 2 2 0 45 0 0
1 5 1 1 100 0.75 8 1263 0 3 3 0 45 0 0
1 5 1 1 100 0.75 8 1264 0 4 4 0 45 0 0
1 5 1 1 100 0.75 8 1265 0 5 5 0 45 0 0
1 5 1 1 100 0.75 8 1266 0 6 6 0 45 0 0
1 5 1 1 100 0.75 8 1267 0 7 7 0 45 0 0
1 5 1 1 100 0.75 8 1268 0 8 8 0 45 0 0
1 5 1 1 100 0.75 8 1269 0 9 9 0 45 0 0
1 5 1 1 100 0.75 8 1270 1 10 9 0 45 0 0
1 5 1 1 100 0.75 8 1271 1 11 10 1 45 0 0
1 5 1 1 100 0.75 8 1272 2 12 10 1 44 0 0
1 5 1 1 100 0.75 8 1273 2 13 11 2 43 0 0
1 5 1 1 100 0.75 8 1274 2 14 11 2 43 0 0
1 5 1 1 100 0.75 8 1275 2 15 13 2 43 0 0
1 5 1 1 100 0.75 8 1276 3 16 13 2 43 0 0
1 5 1 1 100 0.75 8 1277 3 17 14 3 43 0 0
1 5 1 1 100 0.75 8 1278 3 18 16 3 43 0 0
1 5 1 1 100 0.75 8 1279 4 19 17 3 43 0 1
1 5 1 1 100 0.75 8 1280 4 20 17 4 43 0 1
1 5 1 1 100 0.75 8 1281 4 21 18 4 43 0 1
1 5 1 1 100 0.75 8 1282 5 22 18 4 43 0 1
1 5 1 1 100 0.75 8 1283 5 23 19 5 43 0 1
1 5 1 1 100 0.75 8 1284 5 24 21 5 43 0 2
1 5 1 1 100 0.75 8 1285 5 25 22 5 43 0 2
1 5 1 1 100 0.75 8 1286 6 26 21 5 43 0 2
1 5 1 1 100 0.75 8 1287 7 27 23 6 43 0 3
1 5 1 1 100 0.75 8 1288 8 28 21 7 43 0 3
1 5 1 1 100 0.75 8 1289 9 29 24 8 43 0 4
1 5 1 1 100 0.75 8 1290 10 30 22 9 43 0 4
1 5 1 1 100 0.75 8 1291 10 31 25 10 43 0 4
1 5 1 1 100 0.75 8 1292 11 32 24 10 43 0 4
1 5 1 1 100 0.75 8 1293 11 33 27 11 43 0 4
1 5 1 1 100 0.75 8 1294 12 33 26 10 44 1 4
1 5 1 1 100 0.75 8 1295 12 34 28 11 44 1 4
1 5 1 1 100 0.75 8 1296 14 35 27 11 44 1 5
1 5 1 1 100 0.75 8 1297 16 36 26 13 44 1 6
1 5 1 1 100 0.75 8 1298 18 37 26 15 44 1 6
1 5 1 1 100 0.75 8 1299 18 37 26 16 45 2 5
1 5 1 1 100 0.75 8 1300 18 38 29 16 45 2 6
1 5 1 1 100 0.75 8 1301 18 39 28 16 45 2 6
1 5 1 1 100 0.75 8 1302 19 40 31 16 45 2 6
1 5 1 1 100 0.75 8 1303 19 41 32 17 45 2 7
1 5 1 1 100 0.75 8 1304 20 41 34 16 46 3 8
1 5 1 1 100 0.75 8 1305 20 42 36 17 46 3 10
1 5 1 1 100 0.75 8 1306 21 43 37 17 45 3 10
1 5 1 1 100 0.75 8 1307 22 44 37 18 45 3 10
1 5 1 1 100 0.75 8 1308 22 45 38 19 45 3 10
1 5 1 1 100 0.75 8 1309 23 45 37 18 46 4 9
1 5 1 1 100 0.75 8 1310 24 45 38 18 47 5 9
1 5 1 1 100 0.75 8 1311 27 46 36 19 47 5 10
1 5 1 1 100 0.75 8 1312 27 47 36 22 47 5 10
1 5 1 1 100 0.75 8 1313 28 48 38 22 47 5 11
1 5 1 1 100 0.75 8 1314 29 48 36 22 48 6 10
1 5 1 1 100 0.75 8 1315 31 49 36 23 48 6 11
1 5 1 1 100 0.75 8 1316 31 50 39 25 48 6 11
1 5 1 1 100 0.75 8 1317 31 50 40 24 49 7 12
1 5 1 1 100 0.75 8 1318 31 51 42 24 48 7 14
1 5 1 1 100 0.75 8 1319 31 51 45 23 49 8 14
1 5 1 1 100 0.75 8 1320 32 52 45 23 49 8 14
1 5 1 1 100 0.75 8 1321 33 53 45 24 49 8 14
1 5 1 1 100 0.75 8 1322 34 52 44 23 51 10 12
1 5 1 1 100 0.75 8 1323 36 52 41 23 51 11 13
1 5 1 1 100 0.75 8 1324 36 51 41 23 53 13 11
1 5 1 1 100 0.75 8 1325 37 52 42 23 53 13 11
1 5 1 1 100 0.75 8 1326 42 52 35 23 54 14 10
1 5 1 1 100 0.75 8 1327 42 52 39 27 55 15 10
1 5 1 1 100 0.75 8 1328 43 53 36 27 55 15 10
1 5 1 1 100 0.75 8 1329 44 54 37 28 55 15 11
1 5 1 1 100 0.75 8 1330 45 55 41 29 55 15 13
1 5 1 1 100 0.75 8 1331 45 56 43 30 55 15 14
1 5 1 1 100 0.75 8 1332 45 56 41 29 56 16 13
1 5 1 1 100 0.75 8 1333 45 56 48 28 56 17 16
1 5 1 1 100 0.75 8 1334 46 57 47 28 56 17 16
1 5 1 1 100 0.75 8 1335 48 56 46 27 58 19 15
1 5 1 1 100 0.75 8 1336 51 55 40 27 60 21 14
1 5 1 1 100 0.75 8 1337 54 55 40 29 61 22 13
1 5 1 1 100 0.75 8 1338 55 56 37 33 61 22 13
1 5 1 1 100 0.75 8 1339 55 56 40 33 62 23 12
1 5 1 1 100 0.75 8 1340 55 57 40 33 62 23 12
1 5 1 1 100 0.75 8 1341 56 58 40 33 62 23 12
1 5 1 1 100 0.75 8 1342 57 58 41 33 63 24 12
1 5 1 1 100 0.75 8 1343 58 59 44 34 63 24 15
1 5 1 1 100 0.75 8 1344 60 60 42 35 63 24 15
1 5 1 1 100 0.75 8 1345 61 58 44 34 66 27 16
1 5 1 1 100 0.75 8 1346 61 59 42 36 66 27 16
1 5 1 1 100 0.75 8 1347 61 59 44 35 67 28 15
1 5 1 1 100 0.75 8 1348 61 60 44 35 67 28 15
1 5 1 1 100 0.75 8 1349 62 61 45 35 67 28 17
1 5 1 1 100 0.75 8 1350 63 61 48 35 68 29 17
1 5 1 1 100 0.75 8 1351 67 60 45 34 70 31 16
1 5 1 1 100 0.75 8 1352 68 61 44 38 70 31 17
1 5 1 1 100 0.75 8 1353 69 60 45 37 72 33 16
1 5 1 1 100 0.75 8 1354 69 61 44 38 72 33 16
1 5 1 1 100 0.75 8 1355 70 61 46 37 73 34 15
1 5 1 1 100 0.75 8 1356 71 61 44 37 74 35 14
1 5 1 1 100 0.75 8 1357 72 62 43 38 74 35 14
1 5 1 1 100 0.75 8 1358 74 63 42 39 74 35 15
1 5 1 1 100 0.75 8 1359 74 63 48 40 75 36 17
1 5 1 1 100 0.75 8 1360 76 63 47 39 76 37 17
1 5 1 1 100 0.75 8 1361 78 64 46 41 76 37 17
1 5 1 1 100 0.75 8 1362 79 62 42 40 79 40 15
1 5 1 1 100 0.75 8 1363 80 62 43 40 80 41 15
1 5 1 1 100 0.75 8 1364 82 62 38 40 81 42 14
1 5 1 1 100 0.75 8 1365 83 62 44 41 82 43 15
1 5 1 1 100 0.75 8 1366 85 62 40 41 83 44 14
1 5 1 1 100 0.75 8 1367 86 61 35 41 85 46 13
1 5 1 1 100 0.75 8 1368 86 62 41 42 85 46 15
1 5 1 1 100 0.75 8 1369 87 61 38 40 87 48 14
1 5 1 1 100 0.75 8 1370 89 61 40 40 88 49 14
1 5 1 1 100 0.75 8 1371 90 62 41 42 88 49 15
1 5 1 1 100 0.75 8 1372 90 63 44 43 88 49 15
1 5 1 1 100 0.75 8 1373 92 64 46 43 88 49 16
1 5 1 1 100 0.75 8 1374 92 65 43 45 88 49 16
1 5 1 1 100 0.75 8 1375 92 65 44 44 89 50 16
1 5 1 1 100 0.75 8 1376 94 66 43 44 89 50 17
1 5 1 1 100 0.75 8 1377 94 64 44 43 92 53 14
1 5 1 1 100 0.75 8 1378 96 64 42 42 93 54 13
1 5 1 1 100 0.75 8 1379 97 63 42 42 94 56 12
1 5 1 1 100 0.75 8 1380 99 62 38 41 96 58 11
1 5 1 1 100 0.75 8 1381 101 63 40 43 95 58 12
1 5 1 1 100 0.75 8 1382 102 63 39 44 94 59 11
1 5 1 1 100 0.75 8 1383 103 64 39 45 94 59 11
1 5 1 1 100 0.75 8 1384 104 65 40 46 94 59 12
1 5 1 1 100 0.75 8 1385 104 66 42 47 94 59 12
1 5 1 1 100 0.75 8 1386 105 67 43 47 94 59 15
1 5 1 1 100 0.75 8 1387 106 65 42 45 97 62 12
1 5 1 1 100 0.75 8 1388 109 65 42 45 98 63 14
1 5 1 1 100 0.75 8 1389 109 66 42 48 98 63 15
1 5 1 1 100 0.75 8 1390 109 65 43 46 100 65 14
1 5 1 1 100 0.75 8 1391 110 64 40 44 102 67 13
1 5 1 1 100 0.75 8 1392 113 65 41 45 102 67 14
1 5 1 1 100 0.75 8 1393 113 66 43 48 102 67 15
1 5 1 1 100 0.75 8 1394 115 67 41 48 102 67 15
1 5 1 1 100 0.75 8 1395 117 68 42 50 102 67 18
1 5 1 1 100 0.75 8 1396 117 69 43 52 102 67 18
1 5 1 1 100 0.75 8 1397 118 68 43 50 104 69 16
1 5 1 1 100 0.75 8 1398 120 69 39 51 104 69 16
1 5 1 1 100 0.75 8 1399 123 69 43 52 105 70 16
1 5 1 1 100 0.75 8 1400 124 69 39 54 106 71 16
1 5 1 1 100 0.75 8 1401 125 70 45 55 106 71 18
1 5 1 1 100 0.75 8 1402 126 69 40 54 108 73 16
1 5 1 1 100 0.75 8 1403 128 69 42 54 109 74 17
1 5 1 1 100 0.75 8 1404 130 69 41 55 110 75 17
1 5 1 1 100 0.75 8 1405 131 69 37 56 111 76 17
1 5 1 1 100 0.75 8 1406 133 68 39 55 113 78 17
1 5 1 1 100 0.75 8 1407 135 69 39 57 113 78 19
1 5 1 1 100 0.75 8 1408 135 69 40 58 114 79 19
1 5 1 1 100 0.75 8 1409 137 70 43 58 114 79 20
1 5 1 1 100 0.75 8 1410 138 69 41 58 116 81 19
1 5 1 1 100 0.75 8 1410 138 69 69 58 135 81 19
1 5 1 1 100 0.75 8 1440 138 69 69 58 45 81 19
1 5 1 1 100 0.75 9 1441 0 1 1 0 45 0 0
1 5 1 1 100 0.75 9 1442 0 2 2 0 45 0 0
1 5 1 1 100 0.75 9 1443 0 3 3 0 45 0 0
1 5 1 1 100 0.75 9 1444 0 4 4 0 45 0 0
1 5 1 1 100 0.75 9 1445 0 5 5 0 45 0 0
1 5 1 1 100 0.75 9 1446 0 6 6 0 45 0 0
1 5 1 1 100 0.75 9 1447 0 7 7 0 45 0 0
1 5 1 1 100 0.75 9 1448 0 8 8 0 45 0 0
1 5 1 1 100 0.75 9 1449 1 9 8 0 45 0 0
1 5 1 1 100 0.75 9 1450 1 10 9 1 45 0 0
1 5 1 1 100 0.75 9 1451 1 11 10 1 45 0 0
1 5 1 1 100 0.75 9 1452 1 12 11 1 45 0 0
1 5 1 1 100 0.75 9 1453 2 13 11 1 45 0 0
1 5 1 1 100 0.75 9 1454 2 14 12 2 45 0 0
1 5 1 1 100 0.75 9 1455 2 15 12 2 45 0 0
1 5 1 1 100 0.75 9 1456 2 16 14 2 45 0 0
1 5 1 1 100 0.75 9 1457 3 17 14 2 45 0 1
1 5 1 1 100 0.75 9 1458 4 18 15 3 45 0 1
1 5 1 1 100 0.75 9 1459 4 19 15 4 45 0 1
1 5 1 1 100 0.75 9 1460 4 20 17 4 45 0 1
1 5 1 1 100 0.75 9 1461 5 21 18 4 45 0 1
1 5 1 1 100 0.75 9 1462 5 22 18 5 45 0 1
1 5 1 1 100 0.75 9 1463 6 23 19 5 45 0 1
1 5 1 1 100 0.75 9 1464 7 24 20 6 45 0 2
1 5 1 1 100 0.75 9 1465 8 25 18 7 45 0 2
1 5 1 1 100 0.75 9 1466 8 26 22 8 45 0 2
1 5 1 1 100 0.75 9 1467 9 27 19 8 45 0 2
1 5 1 1 100 0.75 9 1468 9 28 24 9 45 0 3
1 5 1 1 100 0.75 9 1469 12 29 20 9 45 0 3
1 5 1 1 100 0.75 9 1470 12 30 23 12 45 0 3
1 5 1 1 100 0.75 9 1471 13 31 22 12 45 0 4
1 5 1 1 100 0.75 9 1472 13 31 24 12 46 1 4
1 5 1 1 100 0.75 9 1473 13 32 26 12 46 1 4
1 5 1 1 100 0.75 9 1474 14 33 26 12 46 1 4
1 5 1 1 100 0.75 9 1475 14 34 29 13 46 1 5
1 5 1 1 100 0.75 9 1476 14 35 29 13 46 1 6
1 5 1 1 100 0.75 9 1477 14 36 32 13 46 1 7
1 5 1 1 100 0.75 9 1478 14 37 33 13 46 1 7
1 5 1 1 100 0.75 9 1479 14 37 35 12 47 2 7
1 5 1 1 100 0.75 9 1480 16 38 34 12 47 2 7
1 5 1 1 100 0.75 9 1481 16 39 36 14 46 2 8
1 5 1 1 100 0.75 9 1482 16 40 37 14 46 2 8
1 5 1 1 100 0.75 9 1483 18 41 36 14 46 2 8
1 5 1 1 100 0.75 9 1484 18 42 36 16 46 2 8
1 5 1 1 100 0.75 9 1485 18 42 37 15 47 3 7
1 5 1 1 100 0.75 9 1486 19 42 35 14 48 4 6
1 5 1 1 100 0.75 9 1487 20 43 36 15 48 4 6
1 5 1 1 100 0.75 9 1488 20 43 37 15 49 5 7
1 5 1 1 100 0.75 9 1489 22 44 37 15 49 5 7
1 5 1 1 100 0.75 9 1490 22 45 39 17 49 5 8
1 5 1 1 100 0.75 9 1491 23 46 40 17 49 5 9
1 5 1 1 100 0.75 9 1492 23 47 40 18 49 5 9
1 5 1 1 100 0.75 9 1493 23 46 39 16 51 7 7
1 5 1 1 100 0.75 9 1494 24 46 40 15 52 8 6
1 5 1 1 100 0.75 9 1495 25 46 40 15 53 9 5
1 5 1 1 100 0.75 9 1496 25 46 40 15 54 10 5
1 5 1 1 100 0.75 9 1497 26 47 40 15 54 10 5
1 5 1 1 100 0.75 9 1498 26 48 41 16 54 10 5
1 5 1 1 100 0.75 9 1499 29 49 40 16 53 10 6
1 5 1 1 100 0.75 9 1500 31 50 38 19 53 10 6
1 5 1 1 100 0.75 9 1501 34 51 37 21 52 10 6
1 5 1 1 100 0.75 9 1502 35 52 38 24 52 10 7
1 5 1 1 100 0.75 9 1503 36 53 37 25 52 10 7
1 5 1 1 100 0.75 9 1504 37 53 38 25 53 11 7
1 5 1 1 100 0.75 9 1505 41 54 34 26 53 11 7
1 5 1 1 100 0.75 9 1506 41 55 38 30 53 11 8
1 5 1 1 100 0.75 9 1507 43 55 37 29 54 12 8
1 5 1 1 100 0.75 9 1508 43 55 40 30 55 13 8
1 5 1 1 100 0.75 9 1509 44 55 42 29 56 14 11
1 5 1 1 100 0.75 9 1510 44 56 43 30 56 14 11
1 5 1 1 100 0.75 9 1511 46 57 44 30 56 14 12
1 5 1 1 100 0.75 9 1512 46 57 43 31 57 15 12
1 5 1 1 100 0.75 9 1513 46 58 47 31 57 15 14
1 5 1 1 100 0.75 9 1514 48 58 42 30 58 16 13
1 5 1 1 100 0.75 9 1515 49 59 45 32 58 16 15
1 5 1 1 100 0.75 9 1516 50 60 44 33 58 16 15
1 5 1 1 100 0.75 9 1517 51 61 46 34 58 16 15
1 5 1 1 100 0.75 9 1518 51 62 49 35 58 16 16
1 5 1 1 100 0.75 9 1519 51 63 51 35 58 16 16
1 5 1 1 100 0.75 9 1520 54 62 47 33 60 18 14
1 5 1 1 100 0.75 9 1521 56 63 48 36 60 18 15
1 5 1 1 100 0.75 9 1522 60 64 45 38 60 18 17
1 5 1 1 100 0.75 9 1523 60 65 45 42 60 18 17
1 5 1 1 100 0.75 9 1524 62 64 44 40 62 20 17
1 5 1 1 100 0.75 9 1525 62 63 43 40 64 22 15
1 5 1 1 100 0.75 9 1526 64 64 41 40 64 22 15
1 5 1 1 100 0.75 9 1527 65 63 43 40 66 24 15
1 5 1 1 100 0.75 9 1528 66 61 40 38 69 27 13
1 5 1 1 100 0.75 9 1529 67 62 43 39 69 27 14
1 5 1 1 100 0.75 9 1530 68 62 44 39 70 28 16
1 5 1 1 100 0.75 9 1531 70 60 43 37 73 31 14
1 5 1 1 100 0.75 9 1532 70 61 46 39 73 31 15
1 5 1 1 100 0.75 9 1533 71 62 43 39 73 31 16
1 5 1 1 100 0.75 9 1534 72 62 48 39 74 32 16
1 5 1 1 100 0.75 9 1535 73 63 46 40 74 32 16
1 5 1 1 100 0.75 9 1536 74 64 48 41 74 32 17
1 5 1 1 100 0.75 9 1537 74 64 47 41 75 33 17
1 5 1 1 100 0.75 9 1538 75 64 48 40 76 34 16
1 5 1 1 100 0.75 9 1539 77 65 49 41 76 34 17
1 5 1 1 100 0.75 9 1540 79 66 47 43 76 34 17
1 5 1 1 100 0.75 9 1541 81 67 50 45 76 34 18
1 5 1 1 100 0.75 9 1542 81 66 49 45 78 36 16
1 5 1 1 100 0.75 9 1543 81 67 49 45 78 36 18
1 5 1 1 100 0.75 9 1544 83 66 47 43 80 38 16
1 5 1 1 100 0.75 9 1545 87 65 43 43 82 40 14
1 5 1 1 100 0.75 9 1546 89 65 45 46 83 41 14
1 5 1 1 100 0.75 9 1547 89 64 45 46 85 43 13
1 5 1 1 100 0.75 9 1548 90 65 45 46 85 43 13
1 5 1 1 100 0.75 9 1549 91 64 42 45 87 45 12
1 5 1 1 100 0.75 9 1550 91 65 44 46 87 45 12
1 5 1 1 100 0.75 9 1551 94 64 42 44 89 47 12
1 5 1 1 100 0.75 9 1552 96 64 42 46 90 48 11
1 5 1 1 100 0.75 9 1553 97 64 43 47 91 49 13
1 5 1 1 100 0.75 9 1554 98 65 44 48 91 49 15
1 5 1 1 100 0.75 9 1555 98 66 43 49 91 49 15
1 5 1 1 100 0.75 9 1556 100 66 44 48 92 50 15
1 5 1 1 100 0.75 9 1557 101 66 45 49 93 51 14
1 5 1 1 100 0.75 9 1558 102 65 44 48 95 53 14
1 5 1 1 100 0.75 9 1559 103 66 45 49 95 53 15
1 5 1 1 100 0.75 9 1560 103 67 47 50 95 53 16
1 5 1 1 100 0.75 9 1561 104 68 45 50 95 53 17
1 5 1 1 100 0.75 9 1562 105 68 47 50 96 54 16
1 5 1 1 100 0.75 9 1563 105 68 49 50 97 55 15
1 5 1 1 100 0.75 9 1564 105 69 50 50 97 55 15
1 5 1 1 100 0.75 9 1565 109 69 46 49 98 56 15
1 5 1 1 100 0.75 9 1566 109 69 49 52 99 57 15
1 5 1 1 100 0.75 9 1567 110 69 48 51 100 58 15
1 5 1 1 100 0.75 9 1568 112 70 47 52 100 58 15
1 5 1 1 100 0.75 9 1569 113 69 45 52 102 60 15
1 5 1 1 100 0.75 9 1570 114 69 43 52 103 61 14
1 5 1 1 100 0.75 9 1571 115 68 45 51 105 63 12
1 5 1 1 100 0.75 9 1572 118 68 43 51 106 64 14
1 5 1 1 100 0.75 9 1573 119 68 43 53 107 65 14
1 5 1 1 100 0.75 9 1574 119 69 46 54 107 65 14
1 5 1 1 100 0.75 9 1575 120 70 47 54 107 65 16
1 5 1 1 100 0.75 9 1576 121 68 47 52 110 68 15
1 5 1 1 100 0.75 9 1577 123 69 45 53 110 68 15
1 5 1 1 100 0.75 9 1578 124 69 45 54 111 69 15
1 5 1 1 100 0.75 9 1579 124 70 46 55 110 69 16
1 5 1 1 100 0.75 9 1580 125 71 47 55 110 69 20
1 5 1 1 100 0.75 9 1581 128 71 44 55 111 70 19
1 5 1 1 100 0.75 9 1582 133 72 42 58 111 70 19
1 5 1 1 100 0.75 9 1583 133 72 42 62 112 71 19
1 5 1 1 100 0.75 9 1584 134 73 44 62 112 71 21
1 5 1 1 100 0.75 9 1585 136 71 39 60 115 74 18
1 5 1 1 100 0.75 9 1586 136 71 39 61 116 75 17
1 5 1 1 100 0.75 9 1587 137 72 41 61 116 75 17
1 5 1 1 100 0.75 9 1588 140 71 36 60 118 77 17
1 5 1 1 100 0.75 9 1589 141 72 42 63 118 77 19
1 5 1 1 100 0.75 9 1590 141 72 44 63 119 78 21
1 5 1 1 100 0.75 9 1590 141 72 72 63 140 78 21
1 5 1 1 100 0.75 9 1620 141 72 72 63 49 78 21
1 5 1 1 100 0.75 10 1621 0 1 1 0 49 0 0
1 5 1 1 100 0.75 10 1622 0 2 2 0 49 0 0
1 5 1 1 100 0.75 10 1623 0 3 3 0 49 0 0
1 5 1 1 100 0.75 10 1624 0 4 4 0 49 0 0
1 5 1 1 100 0.75 10 1625 0 5 5 0 49 0 0
1 5 1 1 100 0.75 10 1626 0 6 6 0 49 0 0
1 5 1 1 100 0.75 10 1627 0 7 7 0 49 0 0
1 5 1 1 100 0.75 10 1628 0 8 8 0 49 0 0
1 5 1 1 100 0.75 10 1629 0 9 9 0 49 0 0
1 5 1 1 100 0.75 10 1630 0 10 10 0 49 0 0
1 5 1 1 100 0.75 10 1631 1 11 10 0 49 0 0
1 5 1 1 100 0.75 10 1632 1 12 11 1 49 0 0
1 5 1 1 100 0.75 10 1633 1 13 12 1 49 0 0
1 5 1 1 100 0.75 10 1634 1 14 13 1 49 0 0
1 5 1 1 100 0.75 10 1635 1 15 14 1 49 0 0
1 5 1 1 100 0.75 10 1636 1 16 15 1 49 0 0
1 5 1 1 100 0.75 10 1637 3 17 14 1 49 0 0
1 5 1 1 100 0.75 10 1638 3 18 16 3 49 0 1
1 5 1 1 100 0.75 10 1639 3 19 17 3 49 0 1
1 5 1 1 100 0.75 10 1640 3 20 18 3 49 0 1
1 5 1 1 100 0.75 10 1641 3 21 19 3 49 0 1
1 5 1 1 100 0.75 10 1642 6 22 17 3 49 0 1
1 5 1 1 100 0.75 10 1643 8 23 15 6 49 0 1
1 5 1 1 100 0.75 10 1644 8 24 19 8 49 0 3
1 5 1 1 100 0.75 10 1645 10 25 16 8 49 0 3
1 5 1 1 100 0.75 10 1646 10 26 18 10 49 0 3
1 5 1 1 100 0.75 10 1647 10 27 18 10 49 0 3
1 5 1 1 100 0.75 10 1648 10 28 21 10 49 0 3
1 5 1 1 100 0.75 10 1649 12 29 20 10 49 0 3
1 5 1 1 100 0.75 10 1650 13 30 24 12 49 0 7
1 5 1 1 100 0.75 10 1651 14 31 23 13 49 0 8
1 5 1 1 100 0.75 10 1652 15 32 25 14 49 0 9
1 5 1 1 100 0.75 10 1653 16 33 27 15 49 0 9
1 5 1 1 100 0.75 10 1654 16 34 26 16 49 0 9
1 5 1 1 100 0.75 10 1655 16 35 27 16 49 0 9
1 5 1 1 100 0.75 10 1656 16 35 27 15 50 1 8
1 5 1 1 100 0.75 10 1657 16 36 30 15 50 1 10
1 5 1 1 100 0.75 10 1658 16 37 32 15 50 1 11
1 5 1 1 100 0.75 10 1659 16 38 33 15 50 1 12
1 5 1 1 100 0.75 10 1660 17 39 36 15 50 1 12
1 5 1 1 100 0.75 10 1661 17 40 37 16 50 1 12
1 5 1 1 100 0.75 10 1662 19 41 36 16 50 1 12
1 5 1 1 100 0.75 10 1663 20 41 36 17 50 2 11
1 5 1 1 100 0.75 10 1664 22 41 34 17 51 3 10
1 5 1 1 100 0.75 10 1665 24 40 30 17 53 5 8
1 5 1 1 100 0.75 10 1666 24 39 29 17 55 7 6
1 5 1 1 100 0.75 10 1667 25 40 29 17 55 7 6
1 5 1 1 100 0.75 10 1668 27 40 28 17 56 8 5
1 5 1 1 100 0.75 10 1669 27 41 30 19 56 8 7
1 5 1 1 100 0.75 10 1670 28 41 30 18 57 9 6
1 5 1 1 100 0.75 10 1671 29 42 30 19 57 9 7
1 5 1 1 100 0.75 10 1672 30 43 33 20 57 9 9
1 5 1 1 100 0.75 10 1673 31 44 34 21 57 9 10
1 5 1 1 100 0.75 10 1674 32 45 33 22 57 9 10
1 5 1 1 100 0.75 10 1675 32 45 34 22 58 10 11
1 5 1 1 100 0.75 10 1676 35 45 29 21 59 11 11
1 5 1 1 100 0.75 10 1677 35 45 34 23 60 12 11
1 5 1 1 100 0.75 10 1678 35 45 33 22 61 13 10
1 5 1 1 100 0.75 10 1679 37 46 34 22 61 13 11
1 5 1 1 100 0.75 10 1680 37 47 34 24 61 13 12
1 5 1 1 100 0.75 10 1681 38 48 37 24 61 13 12
1 5 1 1 100 0.75 10 1682 40 49 36 25 61 13 12
1 5 1 1 100 0.75 10 1683 40 50 39 27 61 13 14
1 5 1 1 100 0.75 10 1684 41 50 39 26 62 14 14
1 5 1 1 100 0.75 10 1685 42 51 38 27 62 14 14
1 5 1 1 100 0.75 10 1686 43 51 39 27 63 15 14
1 5 1 1 100 0.75 10 1687 46 51 36 27 64 16 14
1 5 1 1 100 0.75 10 1688 46 52 39 30 64 16 15
1 5 1 1 100 0.75 10 1689 47 53 39 30 64 16 16
1 5 1 1 100 0.75 10 1690 47 53 39 30 65 17 15
1 5 1 1 100 0.75 10 1691 50 51 37 27 68 20 13
1 5 1 1 100 0.75 10 1692 50 51 37 29 69 21 12
1 5 1 1 100 0.75 10 1693 52 51 35 28 70 22 12
1 5 1 1 100 0.75 10 1694 52 51 36 29 71 23 11
1 5 1 1 100 0.75 10 1695 53 52 40 29 71 23 13
1 5 1 1 100 0.75 10 1696 55 52 37 29 72 24 12
1 5 1 1 100 0.75 10 1697 55 53 40 31 72 24 13
1 5 1 1 100 0.75 10 1698 55 53 41 30 73 25 15
1 5 1 1 100 0.75 10 1699 55 53 42 29 74 26 14
1 5 1 1 100 0.75 10 1700 55 54 43 29 74 26 14
1 5 1 1 100 0.75 10 1701 58 55 43 29 74 26 16
1 5 1 1 100 0.75 10 1702 60 55 37 31 75 27 16
1 5 1 1 100 0.75 10 1703 61 54 42 31 77 29 16
1 5 1 1 100 0.75 10 1704 62 55 35 33 77 29 16
1 5 1 1 100 0.75 10 1705 62 55 41 33 78 30 15
1 5 1 1 100 0.75 10 1706 64 56 35 33 78 30 15
1 5 1 1 100 0.75 10 1707 65 54 37 32 81 33 12
1 5 1 1 100 0.75 10 1708 66 55 40 33 81 33 14
1 5 1 1 100 0.75 10 1709 68 56 40 34 81 33 16
1 5 1 1 100 0.75 10 1710 70 57 41 36 81 33 16
1 5 1 1 100 0.75 10 1711 71 57 41 37 82 34 16
1 5 1 1 100 0.75 10 1712 73 58 42 38 82 34 17
1 5 1 1 100 0.75 10 1713 74 58 40 39 83 35 17
1 5 1 1 100 0.75 10 1714 74 56 39 37 86 38 15
1 5 1 1 100 0.75 10 1715 74 57 39 37 86 38 17
1 5 1 1 100 0.75 10 1716 78 56 36 35 88 40 15
1 5 1 1 100 0.75 10 1717 80 57 38 39 88 40 18
1 5 1 1 100 0.75 10 1718 80 57 37 40 89 41 19
1 5 1 1 100 0.75 10 1719 81 57 42 39 90 42 20
1 5 1 1 100 0.75 10 1720 83 56 38 38 92 44 18
1 5 1 1 100 0.75 10 1721 83 57 41 40 92 44 19
1 5 1 1 100 0.75 10 1722 85 57 39 39 93 45 18
1 5 1 1 100 0.75 10 1723 85 57 41 40 94 46 19
1 5 1 1 100 0.75 10 1724 87 58 41 40 94 46 21
1 5 1 1 100 0.75 10 1725 88 59 43 42 94 46 22
1 5 1 1 100 0.75 10 1726 89 59 40 42 95 47 21
1 5 1 1 100 0.75 10 1727 90 58 43 41 97 49 21
1 5 1 1 100 0.75 10 1728 90 58 40 41 98 50 21
1 5 1 1 100 0.75 10 1729 93 58 40 40 99 51 21
1 5 1 1 100 0.75 10 1730 94 58 40 42 100 52 21
1 5 1 1 100 0.75 10 1731 94 58 39 42 101 53 20
1 5 1 1 100 0.75 10 1732 94 59 42 42 101 53 23
1 5 1 1 100 0.75 10 1733 96 59 41 41 101 54 22
1 5 1 1 100 0.75 10 1734 100 58 37 41 102 56 21
1 5 1 1 100 0.75 10 1735 101 57 36 43 104 58 19
1 5 1 1 100 0.75 10 1736 102 57 37 43 105 59 19
1 5 1 1 100 0.75 10 1737 103 55 31 41 108 62 17
1 5 1 1 100 0.75 10 1738 104 55 37 41 109 63 17
1 5 1 1 100 0.75 10 1739 105 56 35 42 109 63 17
1 5 1 1 100 0.75 10 1740 105 55 36 41 111 65 16
1 5 1 1 100 0.75 10 1741 106 56 38 41 111 65 19
1 5 1 1 100 0.75 10 1742 108 55 38 40 113 67 18
1 5 1 1 100 0.75 10 1743 110 56 37 42 113 67 19
1 5 1 1 100 0.75 10 1744 111 54 36 41 116 70 16
1 5 1 1 100 0.75 10 1745 113 55 34 42 115 70 17
1 5 1 1 100 0.75 10 1746 114 55 32 44 116 71 16
1 5 1 1 100 0.75 10 1747 114 54 31 43 117 73 14
1 5 1 1 100 0.75 10 1748 115 54 32 42 118 74 14
1 5 1 1 100 0.75 10 1749 115 54 32 43 119 75 15
1 5 1 1 100 0.75 10 1750 116 55 32 43 119 75 15
1 5 1 1 100 0.75 10 1751 116 55 34 43 120 76 14
1 5 1 1 100 0.75 10 1752 117 54 32 41 122 78 12
1 5 1 1 100 0.75 10 1753 117 55 34 42 122 78 14
1 5 1 1 100 0.75 10 1754 117 55 36 41 123 79 14
1 5 1 1 100 0.75 10 1755 118 56 38 41 123 79 14
1 5 1 1 100 0.75 10 1756 119 56 35 41 124 80 14
1 5 1 1 100 0.75 10 1757 119 57 38 42 124 80 14
1 5 1 1 100 0.75 10 1758 121 57 37 41 125 81 14
1 5 1 1 100 0.75 10 1759 122 56 34 41 127 83 12
1 5 1 1 100 0.75 10 1760 125 55 29 40 128 85 11
1 5 1 1 100 0.75 10 1761 126 55 27 42 129 86 10
1 5 1 1 100 0.75 10 1762 126 55 31 42 130 87 10
1 5 1 1 100 0.75 10 1763 128 56 30 42 130 87 10
1 5 1 1 100 0.75 10 1764 129 56 30 43 131 88 9
1 5 1 1 100 0.75 10 1765 129 56 27 43 132 89 9
1 5 1 1 100 0.75 10 1766 129 57 35 43 132 89 10
1 5 1 1 100 0.75 10 1767 131 58 34 43 132 89 12
1 5 1 1 100 0.75 10 1768 135 58 31 44 133 90 11
1 5 1 1 100 0.75 10 1769 135 57 30 46 135 92 10
1 5 1 1 100 0.75 10 1770 136 58 33 46 135 92 11
1 5 1 1 100 0.75 10 1770 136 58 58 46 146 92 11
1 5 1 1 100 0.75 10 1800 136 58 58 46 47 92 11
