9 10 1 1 100 0.75 1 1 0 9 9 0 100 0 0
9 10 1 1 100 0.75 1 2 0 18 18 0 100 0 0
9 10 1 1 100 0.75 1 3 0 27 27 0 100 0 0
9 10 1 1 100 0.75 1 4 0 36 36 0 100 0 0
9 10 1 1 100 0.75 1 5 0 45 45 0 100 0 0
9 10 1 1 100 0.75 1 6 0 54 54 0 100 0 0
9 10 1 1 100 0.75 1 7 1 63 62 0 100 0 0
9 10 1 1 100 0.75 1 8 1 72 70 1 100 0 0
9 10 1 1 100 0.75 1 9 4 81 76 1 100 0 0
9 10 1 1 100 0.75 1 10 7 90 80 4 100 0 0
9 10 1 1 100 0.75 1 11 17 99 79 7 100 0 0
9 10 1 1 100 0.75 1 12 22 108 82 17 100 0 0
9 10 1 1 100 0.75 1 13 30 117 86 22 100 0 0
9 10 1 1 100 0.75 1 14 35 126 87 30 100 0 0
9 10 1 1 100 0.75 1 15 44 135 91 35 100 0 0
9 10 1 1 100 0.75 1 16 51 144 92 44 100 0 0
9 10 1 1 100 0.75 1 17 55 153 102 51 100 0 3
9 10 1 1 100 0.75 1 18 63 162 104 55 100 0 7
9 10 1 1 100 0.75 1 19 68 171 121 63 100 0 13
9 10 1 1 100 0.75 1 20 75 180 126 68 100 0 19
9 10 1 1 100 0.75 1 21 79 189 135 75 100 0 20
9 10 1 1 100 0.75 1 22 85 198 147 79 100 0 29
9 10 1 1 100 0.75 1 23 89 207 157 85 100 0 33
9 10 1 1 100 0.75 1 24 101 216 162 89 99 0 36
9 10 1 1 100 0.75 1 25 111 225 168 101 99 0 43
9 10 1 1 100 0.75 1 26 119 234 174 111 99 0 47
9 10 1 1 100 0.75 1 27 124 243 178 119 99 0 50
9 10 1 1 100 0.75 1 28 126 252 192 124 99 0 55
9 10 1 1 100 0.75 1 29 132 261 194 126 99 0 59
9 10 1 1 100 0.75 1 30 140 270 205 132 99 0 63
9 10 1 1 100 0.75 1 31 148 279 215 140 99 0 69
9 10 1 1 100 0.75 1 32 159 288 217 148 99 0 76
9 10 1 1 100 0.75 1 33 166 293 220 155 103 4 76
9 10 1 1 100 0.75 1 34 172 301 235 161 104 5 82
9 10 1 1 100 0.75 1 35 179 309 234 166 105 6 84
9 10 1 1 100 0.75 1 36 187 316 243 171 107 8 84
9 10 1 1 100 0.75 1 37 196 321 245 175 111 12 84
9 10 1 1 100 0.75 1 38 202 320 240 174 121 22 81
9 10 1 1 100 0.75 1 39 215 327 243 178 123 24 84
9 10 1 1 100 0.75 1 40 222 329 246 184 130 31 84
9 10 1 1 100 0.75 1 41 232 333 242 186 135 36 84
9 10 1 1 100 0.75 1 42 246 336 238 190 141 42 82
9 10 1 1 100 0.75 1 43 249 338 238 197 148 49 80
9 10 1 1 100 0.75 1 44 262 343 238 197 152 53 81
9 10 1 1 100 0.75 1 45 266 350 252 208 154 55 85
9 10 1 1 100 0.75 1 46 277 356 247 209 157 58 92
9 10 1 1 100 0.75 1 47 290 362 254 218 160 61 94
9 10 1 1 100 0.75 1 48 295 367 258 228 164 65 97
9 10 1 1 100 0.75 1 49 312 369 255 226 171 72 101
9 10 1 1 100 0.75 1 50 318 374 256 240 175 76 102
9 10 1 1 100 0.75 1 51 323 379 263 242 179 80 104
9 10 1 1 100 0.75 1 52 333 381 263 240 185 87 106
9 10 1 1 100 0.75 1 53 346 383 261 243 192 94 103
9 10 1 1 100 0.75 1 54 358 389 259 254 195 97 108
9 10 1 1 100 0.75 1 55 366 395 266 263 198 100 110
9 10 1 1 100 0.75 1 56 379 401 267 268 201 103 119
9 10 1 1 100 0.75 1 57 389 401 259 273 210 112 119
9 10 1 1 100 0.75 1 58 399 408 267 282 212 114 124
9 10 1 1 100 0.75 1 59 412 411 265 288 218 120 125
9 10 1 1 100 0.75 1 60 421 414 269 296 224 126 127
9 10 1 1 100 0.75 1 61 431 420 273 304 227 129 136
9 10 1 1 100 0.75 1 62 437 422 272 308 234 136 134
9 10 1 1 100 0.75 1 63 449 419 272 305 246 148 130
9 10 1 1 100 0.75 1 64 458 420 260 314 254 156 129
9 10 1 1 100 0.75 1 65 470 425 272 323 258 160 135
9 10 1 1 100 0.75 1 66 478 428 269 329 264 166 137
9 10 1 1 100 0.75 1 67 489 429 263 332 272 174 138
9 10 1 1 100 0.75 1 68 494 434 263 341 276 178 141
9 10 1 1 100 0.75 1 69 504 439 262 344 280 182 145
9 10 1 1 100 0.75 1 70 513 435 266 344 293 195 145
9 10 1 1 100 0.75 1 71 523 437 264 346 300 202 149
9 10 1 1 100 0.75 1 72 532 439 264 351 307 209 149
9 10 1 1 100 0.75 1 73 542 438 252 351 316 219 146
9 10 1 1 100 0.75 1 74 554 441 258 357 322 225 150
9 10 1 1 100 0.75 1 75 560 443 251 364 329 232 149
9 10 1 1 100 0.75 1 76 566 444 257 366 337 240 150
9 10 1 1 100 0.75 1 77 571 446 258 367 344 247 153
9 10 1 1 100 0.75 1 78 578 448 259 367 350 254 152
9 10 1 1 100 0.75 1 79 591 447 250 368 360 264 152
9 10 1 1 100 0.75 1 80 598 448 252 374 368 272 150
9 10 1 1 100 0.75 1 81 601 443 255 369 382 286 146
9 10 1 1 100 0.75 1 82 611 447 248 370 387 291 148
9 10 1 1 100 0.75 1 83 617 451 256 377 392 296 151
9 10 1 1 100 0.75 1 84 623 450 256 376 401 306 148
9 10 1 1 100 0.75 1 85 629 451 254 378 409 314 145
9 10 1 1 100 0.75 1 86 634 446 227 373 423 328 142
9 10 1 1 100 0.75 1 87 639 448 243 373 430 335 144
9 10 1 1 100 0.75 1 88 646 445 230 374 442 347 138
9 10 1 1 100 0.75 1 89 650 447 229 375 449 354 138
9 10 1 1 100 0.75 1 90 659 448 237 374 457 362 133
9 10 1 1 100 0.75 1 91 664 451 230 377 463 368 135
9 10 1 1 100 0.75 1 92 669 455 229 382 466 373 137
9 10 1 1 100 0.75 1 93 676 455 241 380 475 382 136
9 10 1 1 100 0.75 1 94 679 454 223 381 484 392 137
9 10 1 1 100 0.75 1 95 681 453 243 376 494 402 135
9 10 1 1 100 0.75 1 96 687 449 214 371 507 415 126
9 10 1 1 100 0.75 1 97 692 451 223 374 514 422 124
9 10 1 1 100 0.75 1 98 697 456 215 382 517 426 125
9 10 1 1 100 0.75 1 99 703 457 221 383 525 434 125
9 10 1 1 100 0.75 1 100 711 459 215 387 532 441 125
9 10 1 1 100 0.75 1 101 715 458 209 387 542 451 120
9 10 1 1 100 0.75 1 102 720 460 208 388 548 458 119
9 10 1 1 100 0.75 1 103 723 460 205 388 557 467 118
9 10 1 1 100 0.75 1 104 728 462 204 391 563 474 115
9 10 1 1 100 0.75 1 105 732 466 214 396 568 479 117
9 10 1 1 100 0.75 1 106 736 467 209 399 576 487 117
9 10 1 1 100 0.75 1 107 739 470 227 399 582 493 120
9 10 1 1 100 0.75 1 108 741 472 208 400 589 500 117
9 10 1 1 100 0.75 1 109 746 468 210 397 602 513 113
9 10 1 1 100 0.75 1 110 750 469 201 398 610 521 108
9 10 1 1 100 0.75 1 111 752 469 202 400 619 530 110
9 10 1 1 100 0.75 1 112 757 472 205 400 625 536 110
9 10 1 1 100 0.75 1 113 760 477 214 408 629 540 111
9 10 1 1 100 0.75 1 114 769 482 214 411 632 544 112
9 10 1 1 100 0.75 1 115 772 487 209 418 636 548 113
9 10 1 1 100 0.75 1 116 775 493 218 424 639 551 117
9 10 1 1 100 0.75 1 117 778 495 221 424 646 558 117
9 10 1 1 100 0.75 1 118 783 494 214 420 655 568 111
9 10 1 1 100 0.75 1 119 788 497 222 426 661 574 112
9 10 1 1 100 0.75 1 120 791 498 205 429 669 582 111
9 10 1 1 100 0.75 1 121 798 503 212 433 673 586 115
9 10 1 1 100 0.75 1 122 800 508 194 440 677 590 116
9 10 1 1 100 0.75 1 123 803 510 206 442 684 597 115
9 10 1 1 100 0.75 1 124 804 511 193 441 692 605 110
9 10 1 1 100 0.75 1 125 809 510 203 439 702 615 108
9 10 1 1 100 0.75 1 126 812 511 199 441 710 623 107
9 10 1 1 100 0.75 1 127 813 512 202 443 718 631 106
9 10 1 1 100 0.75 1 128 815 513 198 441 726 639 108
9 10 1 1 100 0.75 1 129 821 517 204 444 731 644 109
9 10 1 1 100 0.75 1 130 825 521 185 453 735 649 108
9 10 1 1 100 0.75 1 131 826 524 204 457 739 655 108
9 10 1 1 100 0.75 1 132 830 528 203 458 744 660 110
9 10 1 1 100 0.75 1 133 831 532 197 463 749 665 112
9 10 1 1 100 0.75 1 134 836 536 195 469 754 670 111
9 10 1 1 100 0.75 1 135 838 537 205 469 762 678 107
9 10 1 1 100 0.75 1 136 840 539 193 473 769 685 106
9 10 1 1 100 0.75 1 137 841 539 176 474 778 694 104
9 10 1 1 100 0.75 1 138 844 545 209 476 781 697 110
9 10 1 1 100 0.75 1 139 847 550 199 481 785 701 113
9 10 1 1 100 0.75 1 140 851 551 211 479 793 709 109
9 10 1 1 100 0.75 1 141 852 552 206 484 801 717 111
9 10 1 1 100 0.75 1 142 858 555 207 483 807 723 111
9 10 1 1 100 0.75 1 143 860 560 206 493 811 727 113
9 10 1 1 100 0.75 1 144 861 560 200 491 820 736 111
9 10 1 1 100 0.75 1 145 863 563 209 490 826 742 110
9 10 1 1 100 0.75 1 146 866 562 193 494 836 752 104
9 10 1 1 100 0.75 1 147 869 566 209 497 841 757 107
9 10 1 1 100 0.75 1 148 873 569 197 500 847 763 106
9 10 1 1 100 0.75 1 149 876 573 182 503 852 768 109
9 10 1 1 100 0.75 1 150 877 577 198 507 857 773 114
9 10 1 1 100 0.75 1 150 877 577 577 507 969 773 114
9 10 1 1 100 0.75 1 180 877 577 577 507 108 773 114
9 10 1 1 100 0.75 2 181 0 9 9 0 108 0 0
9 10 1 1 100 0.75 2 182 0 18 18 0 108 0 0
9 10 1 1 100 0.75 2 183 0 27 27 0 108 0 0
9 10 1 1 100 0.75 2 184 0 36 36 0 108 0 0
9 10 1 1 100 0.75 2 185 0 45 45 0 108 0 0
9 10 1 1 100 0.75 2 186 0 54 54 0 108 0 0
9 10 1 1 100 0.75 2 187 0 63 63 0 108 0 0
9 10 1 1 100 0.75 2 188 2 72 69 0 108 0 0
9 10 1 1 100 0.75 2 189 4 81 76 2 108 0 0
9 10 1 1 100 0.75 2 190 6 90 83 4 108 0 0
9 10 1 1 100 0.75 2 191 13 99 82 6 108 0 0
9 10 1 1 100 0.75 2 192 19 108 86 13 108 0 0
9 10 1 1 100 0.75 2 193 27 117 87 19 108 0 0
9 10 1 1 100 0.75 2 194 33 126 89 27 108 0 0
9 10 1 1 100 0.75 2 195 38 135 93 33 108 0 0
9 10 1 1 100 0.75 2 196 50 144 91 38 108 0 1
9 10 1 1 100 0.75 2 197 57 153 95 50 108 0 3
9 10 1 1 100 0.75 2 198 60 162 107 57 108 0 4
9 10 1 1 100 0.75 2 199 71 171 113 60 108 0 9
9 10 1 1 100 0.75 2 200 79 180 115 71 108 0 14
9 10 1 1 100 0.75 2 201 89 189 120 79 107 0 20
9 10 1 1 100 0.75 2 202 95 198 132 89 107 0 24
9 10 1 1 100 0.75 2 203 101 207 138 95 107 0 28
9 10 1 1 100 0.75 2 204 108 216 154 101 107 0 37
9 10 1 1 100 0.75 2 205 112 225 157 108 107 0 42
9 10 1 1 100 0.75 2 206 116 234 172 112 107 0 46
9 10 1 1 100 0.75 2 207 122 243 183 116 107 0 55
9 10 1 1 100 0.75 2 208 131 252 191 122 107 0 63
9 10 1 1 100 0.75 2 209 142 261 199 131 107 0 67
9 10 1 1 100 0.75 2 210 148 270 203 142 107 0 72
9 10 1 1 100 0.75 2 211 156 279 210 148 107 0 75
9 10 1 1 100 0.75 2 212 163 287 219 155 108 1 80
9 10 1 1 100 0.75 2 213 166 294 232 160 110 3 85
9 10 1 1 100 0.75 2 214 169 302 233 162 111 4 86
9 10 1 1 100 0.75 2 215 177 311 240 165 111 4 90
9 10 1 1 100 0.75 2 216 185 319 252 172 112 5 102
9 10 1 1 100 0.75 2 217 197 323 252 175 117 10 101
9 10 1 1 100 0.75 2 218 207 327 247 182 122 15 100
9 10 1 1 100 0.75 2 219 221 328 242 184 130 23 102
9 10 1 1 100 0.75 2 220 232 330 239 191 137 30 99
9 10 1 1 100 0.75 2 221 242 332 239 195 144 37 93
9 10 1 1 100 0.75 2 222 246 339 248 203 146 39 96
9 10 1 1 100 0.75 2 223 255 343 248 202 151 44 98
9 10 1 1 100 0.75 2 224 267 348 249 207 155 48 102
9 10 1 1 100 0.75 2 225 279 349 244 211 163 56 104
9 10 1 1 100 0.75 2 226 291 351 243 216 170 63 104
9 10 1 1 100 0.75 2 227 299 353 242 222 177 70 110
9 10 1 1 100 0.75 2 228 317 355 242 223 184 77 113
9 10 1 1 100 0.75 2 229 325 359 247 236 189 82 115
9 10 1 1 100 0.75 2 230 337 364 238 240 192 86 116
9 10 1 1 100 0.75 2 231 350 368 248 247 197 91 119
9 10 1 1 100 0.75 2 232 364 373 240 257 201 95 125
9 10 1 1 100 0.75 2 233 377 374 244 264 209 103 127
9 10 1 1 100 0.75 2 234 383 377 246 271 215 109 125
9 10 1 1 100 0.75 2 235 395 376 244 269 225 119 125
9 10 1 1 100 0.75 2 236 400 378 247 275 232 126 132
9 10 1 1 100 0.75 2 237 409 383 254 276 236 130 135
9 10 1 1 100 0.75 2 238 423 390 263 283 238 132 143
9 10 1 1 100 0.75 2 239 433 394 267 292 243 137 157
9 10 1 1 100 0.75 2 240 443 399 269 298 245 141 162
9 10 1 1 100 0.75 2 241 454 404 273 305 248 145 168
9 10 1 1 100 0.75 2 242 464 403 258 307 258 155 164
9 10 1 1 100 0.75 2 243 469 399 266 305 271 168 155
9 10 1 1 100 0.75 2 244 478 402 259 306 277 174 154
9 10 1 1 100 0.75 2 245 489 403 261 311 285 182 154
9 10 1 1 100 0.75 2 246 495 403 252 315 294 191 153
9 10 1 1 100 0.75 2 247 504 401 245 311 305 202 150
9 10 1 1 100 0.75 2 248 512 403 250 315 312 209 156
9 10 1 1 100 0.75 2 249 520 405 251 318 319 216 158
9 10 1 1 100 0.75 2 250 526 406 239 322 327 224 159
9 10 1 1 100 0.75 2 251 536 404 226 321 337 235 156
9 10 1 1 100 0.75 2 252 547 409 239 328 341 239 163
9 10 1 1 100 0.75 2 253 552 408 238 331 351 249 158
9 10 1 1 100 0.75 2 254 559 404 237 325 364 262 158
9 10 1 1 100 0.75 2 255 566 401 224 324 376 274 154
9 10 1 1 100 0.75 2 256 572 399 227 323 387 285 149
9 10 1 1 100 0.75 2 257 580 401 217 323 393 292 148
9 10 1 1 100 0.75 2 258 588 405 221 329 397 297 153
9 10 1 1 100 0.75 2 259 597 401 222 325 409 310 148
9 10 1 1 100 0.75 2 260 605 403 214 329 415 317 147
9 10 1 1 100 0.75 2 261 613 401 211 329 426 328 146
9 10 1 1 100 0.75 2 262 618 404 220 331 431 334 148
9 10 1 1 100 0.75 2 263 621 405 223 334 439 342 147
9 10 1 1 100 0.75 2 264 630 406 210 331 447 350 143
9 10 1 1 100 0.75 2 265 637 406 206 335 456 359 142
9 10 1 1 100 0.75 2 266 645 409 211 338 462 365 142
9 10 1 1 100 0.75 2 267 648 408 209 337 472 375 139
9 10 1 1 100 0.75 2 268 655 407 221 331 482 385 135
9 10 1 1 100 0.75 2 269 662 408 203 335 490 393 134
9 10 1 1 100 0.75 2 270 668 405 200 330 502 405 127
9 10 1 1 100 0.75 2 271 674 404 201 330 512 415 125
9 10 1 1 100 0.75 2 272 677 405 194 331 519 423 123
9 10 1 1 100 0.75 2 273 686 408 205 331 525 429 125
9 10 1 1 100 0.75 2 274 689 407 204 335 535 439 121
9 10 1 1 100 0.75 2 275 694 409 189 336 541 446 122
9 10 1 1 100 0.75 2 276 700 408 187 334 551 456 120
9 10 1 1 100 0.75 2 277 703 412 193 340 556 461 124
9 10 1 1 100 0.75 2 278 708 406 183 333 571 476 113
9 10 1 1 100 0.75 2 279 711 408 179 338 578 483 113
9 10 1 1 100 0.75 2 280 718 414 179 341 581 486 121
9 10 1 1 100 0.75 2 281 722 418 187 345 585 491 125
9 10 1 1 100 0.75 2 282 729 425 198 352 586 493 131
9 10 1 1 100 0.75 2 283 733 426 190 355 594 501 130
9 10 1 1 100 0.75 2 284 737 428 194 355 601 508 129
9 10 1 1 100 0.75 2 285 743 431 175 359 606 514 131
9 10 1 1 100 0.75 2 286 747 430 188 361 616 524 130
9 10 1 1 100 0.75 2 287 751 433 191 365 621 530 130
9 10 1 1 100 0.75 2 288 757 435 195 366 628 537 130
9 10 1 1 100 0.75 2 289 759 441 206 374 630 540 134
9 10 1 1 100 0.75 2 290 763 442 179 370 637 548 134
9 10 1 1 100 0.75 2 291 763 441 184 372 647 558 131
9 10 1 1 100 0.75 2 292 768 439 190 368 657 569 130
9 10 1 1 100 0.75 2 293 772 443 187 373 662 574 134
9 10 1 1 100 0.75 2 294 773 445 182 375 669 581 133
9 10 1 1 100 0.75 2 295 775 447 188 375 676 588 134
9 10 1 1 100 0.75 2 296 779 447 180 375 685 597 129
9 10 1 1 100 0.75 2 297 781 449 191 379 692 604 128
9 10 1 1 100 0.75 2 298 789 449 179 378 701 613 123
9 10 1 1 100 0.75 2 299 793 455 173 385 703 616 123
9 10 1 1 100 0.75 2 300 797 455 174 384 712 625 124
9 10 1 1 100 0.75 2 301 800 459 182 387 717 630 126
9 10 1 1 100 0.75 2 302 802 458 175 388 727 640 121
9 10 1 1 100 0.75 2 303 805 459 179 389 735 648 122
9 10 1 1 100 0.75 2 304 809 463 177 394 739 653 127
9 10 1 1 100 0.75 2 305 814 459 163 391 752 666 119
9 10 1 1 100 0.75 2 306 817 458 168 390 762 676 114
9 10 1 1 100 0.75 2 307 818 459 163 390 770 684 113
9 10 1 1 100 0.75 2 308 826 465 171 393 773 687 120
9 10 1 1 100 0.75 2 309 828 468 161 398 778 693 121
9 10 1 1 100 0.75 2 310 832 468 173 396 787 702 119
9 10 1 1 100 0.75 2 311 836 471 157 406 793 708 122
9 10 1 1 100 0.75 2 312 841 474 164 404 799 714 122
9 10 1 1 100 0.75 2 313 843 471 168 404 811 726 114
9 10 1 1 100 0.75 2 314 843 476 157 412 815 730 118
9 10 1 1 100 0.75 2 315 848 477 161 408 823 738 116
9 10 1 1 100 0.75 2 316 850 479 161 413 830 745 115
9 10 1 1 100 0.75 2 317 855 483 163 416 835 750 118
9 10 1 1 100 0.75 2 318 858 489 161 420 837 753 125
9 10 1 1 100 0.75 2 319 858 495 176 431 840 756 128
9 10 1 1 100 0.75 2 320 863 496 181 425 848 764 131
9 10 1 1 100 0.75 2 321 866 500 184 432 853 769 130
9 10 1 1 100 0.75 2 322 871 501 169 432 861 777 125
9 10 1 1 100 0.75 2 323 872 499 179 432 871 788 123
9 10 1 1 100 0.75 2 324 874 504 176 436 875 792 125
9 10 1 1 100 0.75 2 325 877 506 182 435 880 799 128
9 10 1 1 100 0.75 2 326 877 505 175 438 890 809 123
9 10 1 1 100 0.75 2 327 879 503 185 433 901 820 117
9 10 1 1 100 0.75 2 328 879 507 165 438 905 825 119
9 10 1 1 100 0.75 2 329 882 509 174 437 912 832 121
9 10 1 1 100 0.75 2 330 885 514 170 445 916 836 124
9 10 1 1 100 0.75 2 330 885 514 514 445 1040 836 124
9 10 1 1 100 0.75 2 360 885 514 514 445 108 836 124
9 10 1 1 100 0.75 3 361 0 9 9 0 108 0 0
9 10 1 1 100 0.75 3 362 0 18 18 0 108 0 0
9 10 1 1 100 0.75 3 363 0 27 27 0 108 0 0
9 10 1 1 100 0.75 3 364 0 36 36 0 108 0 0
9 10 1 1 100 0.75 3 365 0 45 44 0 108 0 0
9 10 1 1 100 0.75 3 366 0 54 54 0 108 0 0
9 10 1 1 100 0.75 3 367 1 63 58 0 108 0 0
9 10 1 1 100 0.75 3 368 5 72 66 1 108 0 0
9 10 1 1 100 0.75 3 369 7 81 73 5 108 0 0
9 10 1 1 100 0.75 3 370 11 90 76 7 108 0 0
9 10 1 1 100 0.75 3 371 14 99 83 11 108 0 0
9 10 1 1 100 0.75 3 372 21 108 82 14 108 0 0
9 10 1 1 100 0.75 3 373 28 117 83 21 108 0 0
9 10 1 1 100 0.75 3 374 35 126 87 28 108 0 1
9 10 1 1 100 0.75 3 375 38 135 93 35 108 0 2
9 10 1 1 100 0.75 3 376 44 144 104 38 108 0 5
9 10 1 1 100 0.75 3 377 53 153 105 44 108 0 8
9 10 1 1 100 0.75 3 378 58 162 112 53 108 0 9
9 10 1 1 100 0.75 3 379 67 171 116 58 108 0 12
9 10 1 1 100 0.75 3 380 73 180 126 67 108 0 18
9 10 1 1 100 0.75 3 381 78 189 136 73 108 0 22
9 10 1 1 100 0.75 3 382 86 198 138 78 108 0 24
9 10 1 1 100 0.75 3 383 95 207 145 86 108 0 29
9 10 1 1 100 0.75 3 384 103 216 152 95 108 0 33
9 10 1 1 100 0.75 3 385 109 225 160 103 108 0 38
9 10 1 1 100 0.75 3 386 112 234 170 109 108 0 45
9 10 1 1 100 0.75 3 387 124 243 181 112 108 0 50
9 10 1 1 100 0.75 3 388 128 252 187 124 108 0 55
9 10 1 1 100 0.75 3 389 133 260 196 127 109 1 58
9 10 1 1 100 0.75 3 390 151 269 196 132 109 1 66
9 10 1 1 100 0.75 3 391 156 276 204 148 111 3 71
9 10 1 1 100 0.75 3 392 159 284 218 152 112 4 76
9 10 1 1 100 0.75 3 393 167 293 218 155 112 4 80
9 10 1 1 100 0.75 3 394 177 298 225 159 116 8 81
9 10 1 1 100 0.75 3 395 183 304 234 166 119 11 86
9 10 1 1 100 0.75 3 396 197 311 227 170 121 13 86
9 10 1 1 100 0.75 3 397 203 314 228 178 127 19 90
9 10 1 1 100 0.75 3 398 212 323 241 184 127 19 101
9 10 1 1 100 0.75 3 399 220 326 239 187 132 25 97
9 10 1 1 100 0.75 3 400 228 333 252 193 134 27 101
9 10 1 1 100 0.75 3 401 240 336 250 195 140 33 101
9 10 1 1 100 0.75 3 402 247 339 251 201 146 39 100
9 10 1 1 100 0.75 3 403 259 340 247 200 154 47 101
9 10 1 1 100 0.75 3 404 272 344 246 207 159 52 99
9 10 1 1 100 0.75 3 405 280 352 248 219 160 53 102
9 10 1 1 100 0.75 3 406 296 356 246 222 165 58 109
9 10 1 1 100 0.75 3 407 309 358 238 231 172 65 108
9 10 1 1 100 0.75 3 408 319 361 251 238 178 71 112
9 10 1 1 100 0.75 3 409 328 366 245 245 182 75 114
9 10 1 1 100 0.75 3 410 342 370 245 249 187 80 117
9 10 1 1 100 0.75 3 411 349 374 250 259 192 85 123
9 10 1 1 100 0.75 3 412 358 376 243 260 199 92 121
9 10 1 1 100 0.75 3 413 373 379 241 264 205 98 125
9 10 1 1 100 0.75 3 414 382 379 244 271 214 107 124
9 10 1 1 100 0.75 3 415 398 381 241 273 221 114 125
9 10 1 1 100 0.75 3 416 407 384 244 283 227 120 127
9 10 1 1 100 0.75 3 417 415 388 250 287 232 125 133
9 10 1 1 100 0.75 3 418 422 390 251 288 239 132 134
9 10 1 1 100 0.75 3 419 436 391 248 287 247 140 134
9 10 1 1 100 0.75 3 420 443 396 254 298 250 144 134
9 10 1 1 100 0.75 3 421 456 396 257 297 259 153 137
9 10 1 1 100 0.75 3 422 464 400 247 307 264 158 141
9 10 1 1 100 0.75 3 423 472 402 257 310 270 165 140
9 10 1 1 100 0.75 3 424 480 404 255 311 277 172 138
9 10 1 1 100 0.75 3 425 487 410 255 316 279 175 138
9 10 1 1 100 0.75 3 426 499 409 249 317 289 185 139
9 10 1 1 100 0.75 3 427 506 411 249 326 296 192 143
9 10 1 1 100 0.75 3 428 517 410 244 326 306 202 137
9 10 1 1 100 0.75 3 429 527 409 237 330 315 212 135
9 10 1 1 100 0.75 3 430 535 413 235 337 320 217 136
9 10 1 1 100 0.75 3 431 542 413 233 336 329 226 131
9 10 1 1 100 0.75 3 432 546 410 225 333 340 238 127
9 10 1 1 100 0.75 3 433 554 412 240 331 347 245 132
9 10 1 1 100 0.75 3 434 558 411 236 331 357 255 128
9 10 1 1 100 0.75 3 435 565 414 231 331 363 261 131
9 10 1 1 100 0.75 3 436 576 413 235 331 373 271 130
9 10 1 1 100 0.75 3 437 584 409 224 331 386 284 125
9 10 1 1 100 0.75 3 438 593 416 227 340 388 286 129
9 10 1 1 100 0.75 3 439 599 421 228 348 392 290 131
9 10 1 1 100 0.75 3 440 602 422 237 348 400 298 129
9 10 1 1 100 0.75 3 441 610 425 229 349 406 304 131
9 10 1 1 100 0.75 3 442 616 423 228 349 417 315 128
9 10 1 1 100 0.75 3 443 625 425 216 349 424 322 125
9 10 1 1 100 0.75 3 444 629 428 232 353 430 328 129
9 10 1 1 100 0.75 3 445 634 427 219 353 440 338 128
9 10 1 1 100 0.75 3 446 639 429 218 358 447 345 128
9 10 1 1 100 0.75 3 447 646 435 215 362 450 348 129
9 10 1 1 100 0.75 3 448 652 437 225 363 457 355 130
9 10 1 1 100 0.75 3 449 655 440 217 367 462 361 128
9 10 1 1 100 0.75 3 450 660 445 238 368 466 365 131
9 10 1 1 100 0.75 3 451 671 445 214 368 474 374 126
9 10 1 1 100 0.75 3 452 676 446 227 372 482 382 129
9 10 1 1 100 0.75 3 453 683 444 198 372 493 393 124
9 10 1 1 100 0.75 3 454 686 442 211 374 504 404 119
9 10 1 1 100 0.75 3 455 688 446 210 376 508 409 124
9 10 1 1 100 0.75 3 456 699 450 220 374 513 414 123
9 10 1 1 100 0.75 3 457 705 452 216 381 520 421 123
9 10 1 1 100 0.75 3 458 711 456 204 384 525 426 125
9 10 1 1 100 0.75 3 459 717 455 223 382 535 436 121
9 10 1 1 100 0.75 3 460 724 455 214 384 544 445 121
9 10 1 1 100 0.75 3 461 731 453 207 385 555 456 118
9 10 1 1 100 0.75 3 462 734 452 202 386 565 466 111
9 10 1 1 100 0.75 3 463 736 456 206 389 570 471 115
9 10 1 1 100 0.75 3 464 744 459 201 386 575 477 115
9 10 1 1 100 0.75 3 465 747 465 209 392 577 480 120
9 10 1 1 100 0.75 3 466 751 471 222 397 579 483 125
9 10 1 1 100 0.75 3 467 755 471 187 394 588 492 124
9 10 1 1 100 0.75 3 468 758 471 202 400 597 501 125
9 10 1 1 100 0.75 3 469 760 470 205 403 606 511 120
9 10 1 1 100 0.75 3 470 762 472 198 405 613 518 118
9 10 1 1 100 0.75 3 471 766 478 209 409 615 521 121
9 10 1 1 100 0.75 3 472 767 479 208 412 623 529 120
9 10 1 1 100 0.75 3 473 770 482 220 412 629 535 121
9 10 1 1 100 0.75 3 474 772 488 196 417 632 538 130
9 10 1 1 100 0.75 3 475 778 490 199 422 639 545 132
9 10 1 1 100 0.75 3 476 784 496 206 428 642 548 135
9 10 1 1 100 0.75 3 477 787 496 203 427 651 557 133
9 10 1 1 100 0.75 3 478 790 498 187 429 658 564 136
9 10 1 1 100 0.75 3 479 796 498 204 425 667 573 132
9 10 1 1 100 0.75 3 480 801 499 187 429 675 581 129
9 10 1 1 100 0.75 3 481 807 496 192 425 687 593 126
9 10 1 1 100 0.75 3 482 810 497 190 428 695 601 123
9 10 1 1 100 0.75 3 483 815 501 203 430 700 606 127
9 10 1 1 100 0.75 3 484 816 504 190 438 706 612 126
9 10 1 1 100 0.75 3 485 821 506 185 439 713 619 122
9 10 1 1 100 0.75 3 486 822 509 192 441 717 625 121
9 10 1 1 100 0.75 3 487 823 512 192 444 722 631 124
9 10 1 1 100 0.75 3 488 824 513 205 446 730 639 125
9 10 1 1 100 0.75 3 489 828 515 205 448 737 646 126
9 10 1 1 100 0.75 3 490 831 518 188 452 743 652 124
9 10 1 1 100 0.75 3 491 835 518 191 450 752 661 122
9 10 1 1 100 0.75 3 492 838 518 203 449 761 670 118
9 10 1 1 100 0.75 3 493 842 513 183 443 773 684 109
9 10 1 1 100 0.75 3 494 843 519 191 450 775 687 116
9 10 1 1 100 0.75 3 495 845 522 191 453 781 693 116
9 10 1 1 100 0.75 3 496 849 525 194 457 787 699 119
9 10 1 1 100 0.75 3 497 851 529 183 464 792 704 117
9 10 1 1 100 0.75 3 498 854 531 191 461 798 711 112
9 10 1 1 100 0.75 3 499 859 533 182 463 805 718 113
9 10 1 1 100 0.75 3 500 862 535 179 465 812 725 115
9 10 1 1 100 0.75 3 501 862 536 193 469 820 733 113
9 10 1 1 100 0.75 3 502 864 535 177 465 830 743 108
9 10 1 1 100 0.75 3 503 867 539 190 472 834 748 111
9 10 1 1 100 0.75 3 504 867 540 183 472 842 756 110
9 10 1 1 100 0.75 3 505 867 541 176 472 850 764 107
9 10 1 1 100 0.75 3 506 869 546 170 478 854 768 111
9 10 1 1 100 0.75 3 507 871 550 200 482 859 773 113
9 10 1 1 100 0.75 3 508 874 553 209 484 865 779 113
9 10 1 1 100 0.75 3 509 877 555 172 487 872 786 113
9 10 1 1 100 0.75 3 510 879 554 177 487 882 796 112
9 10 1 1 100 0.75 3 510 879 554 554 487 993 796 112
9 10 1 1 100 0.75 3 540 879 554 554 487 107 796 112
9 10 1 1 100 0.75 4 541 0 9 9 0 107 0 0
9 10 1 1 100 0.75 4 542 0 18 18 0 107 0 0
9 10 1 1 100 0.75 4 543 0 27 27 0 107 0 0
9 10 1 1 100 0.75 4 544 0 36 36 0 107 0 0
9 10 1 1 100 0.75 4 545 0 45 45 0 107 0 0
9 10 1 1 100 0.75 4 546 0 54 53 0 107 0 0
9 10 1 1 100 0.75 4 547 0 63 61 0 107 0 0
9 10 1 1 100 0.75 4 548 2 72 70 0 107 0 0
9 10 1 1 100 0.75 4 549 6 81 74 2 107 0 0
9 10 1 1 100 0.75 4 550 11 90 76 6 107 0 0
9 10 1 1 100 0.75 4 551 12 99 83 11 107 0 0
9 10 1 1 100 0.75 4 552 17 108 89 12 107 0 0
9 10 1 1 100 0.75 4 553 27 117 85 17 107 0 0
9 10 1 1 100 0.75 4 554 33 126 89 27 107 0 0
9 10 1 1 100 0.75 4 555 39 135 96 33 107 0 2
9 10 1 1 100 0.75 4 556 48 144 97 39 107 0 4
9 10 1 1 100 0.75 4 557 57 153 100 48 107 0 7
9 10 1 1 100 0.75 4 558 60 162 108 57 107 0 9
9 10 1 1 100 0.75 4 559 62 171 115 60 107 0 9
9 10 1 1 100 0.75 4 560 68 180 128 62 107 0 15
9 10 1 1 100 0.75 4 561 76 189 132 68 107 0 19
9 10 1 1 100 0.75 4 562 82 198 146 76 106 0 26
9 10 1 1 100 0.75 4 563 93 207 149 82 106 0 32
9 10 1 1 100 0.75 4 564 98 216 156 93 106 0 38
9 10 1 1 100 0.75 4 565 104 225 171 98 106 0 46
9 10 1 1 100 0.75 4 566 112 234 170 104 106 0 47
9 10 1 1 100 0.75 4 567 117 243 185 112 106 0 51
9 10 1 1 100 0.75 4 568 131 252 183 117 106 0 57
9 10 1 1 100 0.75 4 569 136 261 197 131 106 0 61
9 10 1 1 100 0.75 4 570 141 270 209 136 106 0 67
9 10 1 1 100 0.75 4 571 147 278 217 140 107 1 73
9 10 1 1 100 0.75 4 572 156 285 215 144 109 3 76
9 10 1 1 100 0.75 4 573 160 294 229 153 109 3 80
9 10 1 1 100 0.75 4 574 172 303 229 157 109 3 83
9 10 1 1 100 0.75 4 575 179 310 232 167 111 5 87
9 10 1 1 100 0.75 4 576 188 314 241 169 116 10 90
9 10 1 1 100 0.75 4 577 194 320 242 175 119 13 91
9 10 1 1 100 0.75 4 578 201 325 246 177 123 17 91
9 10 1 1 100 0.75 4 579 209 326 246 176 131 25 90
9 10 1 1 100 0.75 4 580 224 328 237 177 138 32 88
9 10 1 1 100 0.75 4 581 238 331 235 186 144 38 89
9 10 1 1 100 0.75 4 582 246 334 238 194 149 44 89
9 10 1 1 100 0.75 4 583 256 341 246 200 151 46 94
9 10 1 1 100 0.75 4 584 266 346 246 206 154 50 98
9 10 1 1 100 0.75 4 585 275 353 251 214 156 52 101
9 10 1 1 100 0.75 4 586 282 352 250 213 166 62 97
9 10 1 1 100 0.75 4 587 292 358 243 217 169 65 102
9 10 1 1 100 0.75 4 588 311 365 255 225 171 67 111
9 10 1 1 100 0.75 4 589 321 369 250 240 176 72 113
9 10 1 1 100 0.75 4 590 331 371 258 244 183 79 114
9 10 1 1 100 0.75 4 591 345 371 246 245 192 88 111
9 10 1 1 100 0.75 4 592 358 374 250 253 198 94 114
9 10 1 1 100 0.75 4 593 368 380 245 265 201 97 116
9 10 1 1 100 0.75 4 594 376 383 251 270 207 103 119
9 10 1 1 100 0.75 4 595 387 386 256 273 213 109 125
9 10 1 1 100 0.75 4 596 397 390 256 279 218 114 128
9 10 1 1 100 0.75 4 597 402 395 268 285 222 118 134
9 10 1 1 100 0.75 4 598 411 398 275 284 228 124 136
9 10 1 1 100 0.75 4 599 425 403 270 290 232 128 141
9 10 1 1 100 0.75 4 600 436 405 282 297 239 135 143
9 10 1 1 100 0.75 4 601 445 406 269 300 247 143 137
9 10 1 1 100 0.75 4 602 454 410 270 305 252 148 140
9 10 1 1 100 0.75 4 603 463 412 262 309 259 155 140
9 10 1 1 100 0.75 4 604 474 410 256 310 270 166 133
9 10 1 1 100 0.75 4 605 479 414 254 318 275 171 133
9 10 1 1 100 0.75 4 606 491 418 266 318 280 176 137
9 10 1 1 100 0.75 4 607 499 418 268 322 288 185 140
9 10 1 1 100 0.75 4 608 507 416 259 320 299 196 137
9 10 1 1 100 0.75 4 609 516 416 251 320 308 205 136
9 10 1 1 100 0.75 4 610 522 419 253 325 314 211 136
9 10 1 1 100 0.75 4 611 532 416 245 322 326 223 133
9 10 1 1 100 0.75 4 612 539 416 249 325 335 232 132
9 10 1 1 100 0.75 4 613 546 418 232 330 342 239 132
9 10 1 1 100 0.75 4 614 555 420 238 330 349 246 133
9 10 1 1 100 0.75 4 615 560 420 243 333 358 255 132
9 10 1 1 100 0.75 4 616 571 422 239 338 365 262 133
9 10 1 1 100 0.75 4 617 580 424 232 346 372 269 136
9 10 1 1 100 0.75 4 618 583 426 239 354 379 276 137
9 10 1 1 100 0.75 4 619 590 428 232 351 386 283 139
9 10 1 1 100 0.75 4 620 598 431 229 354 391 289 139
9 10 1 1 100 0.75 4 621 604 437 235 365 392 292 143
9 10 1 1 100 0.75 4 622 610 438 236 363 400 300 146
9 10 1 1 100 0.75 4 623 613 441 246 366 406 306 153
9 10 1 1 100 0.75 4 624 616 436 226 360 420 320 147
9 10 1 1 100 0.75 4 625 622 438 231 362 427 327 150
9 10 1 1 100 0.75 4 626 628 439 234 365 435 335 147
9 10 1 1 100 0.75 4 627 635 438 221 365 445 345 146
9 10 1 1 100 0.75 4 628 639 436 221 363 455 356 142
9 10 1 1 100 0.75 4 629 647 439 208 366 461 362 140
9 10 1 1 100 0.75 4 630 655 440 230 368 469 370 140
9 10 1 1 100 0.75 4 631 658 444 216 374 473 375 141
9 10 1 1 100 0.75 4 632 666 443 232 371 483 385 142
9 10 1 1 100 0.75 4 633 668 443 217 372 492 394 144
9 10 1 1 100 0.75 4 634 679 448 216 375 496 398 145
9 10 1 1 100 0.75 4 635 682 445 213 378 508 410 140
9 10 1 1 100 0.75 4 636 687 447 226 376 515 417 141
9 10 1 1 100 0.75 4 637 692 446 218 375 524 427 144
9 10 1 1 100 0.75 4 638 695 446 219 375 533 436 140
9 10 1 1 100 0.75 4 639 702 444 204 373 544 447 135
9 10 1 1 100 0.75 4 640 707 444 196 375 553 456 131
9 10 1 1 100 0.75 4 641 709 444 201 373 562 465 129
9 10 1 1 100 0.75 4 642 713 445 196 370 569 473 132
9 10 1 1 100 0.75 4 643 718 444 194 373 578 483 125
9 10 1 1 100 0.75 4 644 725 449 200 378 582 487 128
9 10 1 1 100 0.75 4 645 731 452 187 380 588 493 130
9 10 1 1 100 0.75 4 646 736 454 196 386 595 500 134
9 10 1 1 100 0.75 4 647 738 457 198 386 600 506 132
9 10 1 1 100 0.75 4 648 741 456 179 384 610 516 124
9 10 1 1 100 0.75 4 649 744 454 177 385 621 527 120
9 10 1 1 100 0.75 4 650 749 456 179 386 627 534 124
9 10 1 1 100 0.75 4 651 752 458 191 390 634 541 124
9 10 1 1 100 0.75 4 652 759 460 192 390 641 548 123
9 10 1 1 100 0.75 4 653 761 467 202 397 642 550 127
9 10 1 1 100 0.75 4 654 764 465 213 393 653 561 118
9 10 1 1 100 0.75 4 655 767 463 191 390 664 572 112
9 10 1 1 100 0.75 4 656 770 466 189 395 669 578 115
9 10 1 1 100 0.75 4 657 771 468 183 398 676 585 115
9 10 1 1 100 0.75 4 658 777 474 182 404 679 588 119
9 10 1 1 100 0.75 4 659 782 477 179 409 685 594 117
9 10 1 1 100 0.75 4 660 784 476 187 409 695 604 111
9 10 1 1 100 0.75 4 661 787 477 182 410 703 612 109
9 10 1 1 100 0.75 4 662 788 480 181 412 709 618 107
9 10 1 1 100 0.75 4 663 789 480 186 415 718 627 106
9 10 1 1 100 0.75 4 664 794 487 182 418 720 629 113
9 10 1 1 100 0.75 4 665 799 488 193 420 726 637 115
9 10 1 1 100 0.75 4 666 803 484 174 417 739 650 112
9 10 1 1 100 0.75 4 667 805 483 173 414 749 660 109
9 10 1 1 100 0.75 4 668 807 490 178 420 751 662 114
9 10 1 1 100 0.75 4 669 808 498 182 431 752 663 123
9 10 1 1 100 0.75 4 670 812 501 180 431 758 669 121
9 10 1 1 100 0.75 4 671 817 505 172 435 763 674 121
9 10 1 1 100 0.75 4 672 820 505 194 437 771 683 121
9 10 1 1 100 0.75 4 673 824 510 186 442 775 687 125
9 10 1 1 100 0.75 4 674 825 513 182 444 781 693 124
9 10 1 1 100 0.75 4 675 828 515 182 444 786 700 123
9 10 1 1 100 0.75 4 676 830 515 170 447 795 709 125
9 10 1 1 100 0.75 4 677 836 519 184 448 800 714 123
9 10 1 1 100 0.75 4 678 837 525 194 458 803 717 128
9 10 1 1 100 0.75 4 679 840 530 187 463 807 721 130
9 10 1 1 100 0.75 4 680 841 531 197 462 814 729 124
9 10 1 1 100 0.75 4 681 843 530 182 460 823 739 121
9 10 1 1 100 0.75 4 682 846 531 187 464 831 747 117
9 10 1 1 100 0.75 4 683 850 535 179 465 836 752 119
9 10 1 1 100 0.75 4 684 854 534 190 465 846 762 118
9 10 1 1 100 0.75 4 685 854 532 175 464 855 773 113
9 10 1 1 100 0.75 4 686 856 536 179 468 860 778 114
9 10 1 1 100 0.75 4 687 857 539 175 472 866 784 115
9 10 1 1 100 0.75 4 688 860 539 184 471 875 793 118
9 10 1 1 100 0.75 4 689 865 543 162 475 880 798 119
9 10 1 1 100 0.75 4 690 868 546 185 478 886 804 118
9 10 1 1 100 0.75 4 690 868 546 546 478 1002 804 118
9 10 1 1 100 0.75 4 720 868 546 546 478 108 804 118
9 10 1 1 100 0.75 5 721 0 9 9 0 108 0 0
9 10 1 1 100 0.75 5 722 0 18 18 0 108 0 0
9 10 1 1 100 0.75 5 723 0 27 27 0 108 0 0
9 10 1 1 100 0.75 5 724 0 36 36 0 108 0 0
9 10 1 1 100 0.75 5 725 0 45 45 0 108 0 0
9 10 1 1 100 0.75 5 726 0 54 54 0 108 0 0
9 10 1 1 100 0.75 5 727 0 63 62 0 108 0 0
9 10 1 1 100 0.75 5 728 1 72 70 0 108 0 0
9 10 1 1 100 0.75 5 729 6 81 69 1 108 0 0
9 10 1 1 100 0.75 5 730 9 90 77 6 108 0 0
9 10 1 1 100 0.75 5 731 18 99 77 9 108 0 0
9 10 1 1 100 0.75 5 732 25 108 82 18 108 0 0
9 10 1 1 100 0.75 5 733 32 117 82 25 108 0 0
9 10 1 1 100 0.75 5 734 34 126 88 32 108 0 0
9 10 1 1 100 0.75 5 735 41 135 92 34 108 0 0
9 10 1 1 100 0.75 5 736 48 144 93 41 108 0 4
9 10 1 1 100 0.75 5 737 53 153 104 48 108 0 9
9 10 1 1 100 0.75 5 738 62 162 109 53 108 0 14
9 10 1 1 100 0.75 5 739 68 171 115 62 108 0 16
9 10 1 1 100 0.75 5 740 76 180 127 68 108 0 24
9 10 1 1 100 0.75 5 741 79 189 136 76 108 0 27
9 10 1 1 100 0.75 5 742 88 198 142 79 108 0 32
9 10 1 1 100 0.75 5 743 91 207 149 88 108 0 35
9 10 1 1 100 0.75 5 744 98 216 156 91 108 0 39
9 10 1 1 100 0.75 5 745 107 225 166 98 108 0 47
9 10 1 1 100 0.75 5 746 113 234 177 107 108 0 53
9 10 1 1 100 0.75 5 747 119 243 182 113 108 0 57
9 10 1 1 100 0.75 5 748 128 252 187 119 108 0 62
9 10 1 1 100 0.75 5 749 136 261 195 128 108 0 63
9 10 1 1 100 0.75 5 750 145 270 202 136 108 0 70
9 10 1 1 100 0.75 5 751 152 278 206 144 109 1 72
9 10 1 1 100 0.75 5 752 159 285 213 149 111 3 72
9 10 1 1 100 0.75 5 753 168 293 213 155 112 4 77
9 10 1 1 100 0.75 5 754 172 299 221 161 115 7 78
9 10 1 1 100 0.75 5 755 182 303 227 160 120 12 80
9 10 1 1 100 0.75 5 756 193 306 220 164 126 18 79
9 10 1 1 100 0.75 5 757 204 312 230 172 129 21 86
9 10 1 1 100 0.75 5 758 213 315 224 177 135 27 86
9 10 1 1 100 0.75 5 759 224 322 234 184 137 29 91
9 10 1 1 100 0.75 5 760 238 324 232 188 144 36 91
9 10 1 1 100 0.75 5 761 245 328 225 197 149 41 89
9 10 1 1 100 0.75 5 762 255 332 227 199 154 46 88
9 10 1 1 100 0.75 5 763 260 335 236 203 160 52 90
9 10 1 1 100 0.75 5 764 276 340 241 204 164 56 95
9 10 1 1 100 0.75 5 765 281 346 240 217 167 59 97
9 10 1 1 100 0.75 5 766 294 352 242 219 170 62 102
9 10 1 1 100 0.75 5 767 308 356 251 227 175 67 104
9 10 1 1 100 0.75 5 768 312 356 240 232 184 76 101
9 10 1 1 100 0.75 5 769 326 362 247 233 187 79 102
9 10 1 1 100 0.75 5 770 334 368 252 244 190 82 107
9 10 1 1 100 0.75 5 771 349 376 255 251 191 83 110
9 10 1 1 100 0.75 5 772 362 372 246 253 204 96 105
9 10 1 1 100 0.75 5 773 370 377 253 264 208 100 103
9 10 1 1 100 0.75 5 774 378 382 251 268 212 104 108
9 10 1 1 100 0.75 5 775 387 385 257 270 218 110 107
9 10 1 1 100 0.75 5 776 400 388 251 273 224 116 110
9 10 1 1 100 0.75 5 777 410 390 258 279 231 123 113
9 10 1 1 100 0.75 5 778 420 398 257 288 232 124 120
9 10 1 1 100 0.75 5 779 428 400 264 292 239 131 122
9 10 1 1 100 0.75 5 780 437 403 265 294 245 137 129
9 10 1 1 100 0.75 5 781 449 405 258 296 252 144 127
9 10 1 1 100 0.75 5 782 464 403 250 299 263 155 122
9 10 1 1 100 0.75 5 783 472 402 242 306 273 165 119
9 10 1 1 100 0.75 5 784 481 407 259 312 277 169 125
9 10 1 1 100 0.75 5 785 484 408 254 315 285 177 122
9 10 1 1 100 0.75 5 786 495 413 255 315 289 181 127
9 10 1 1 100 0.75 5 787 500 415 261 322 296 188 125
9 10 1 1 100 0.75 5 788 513 419 251 322 301 193 125
9 10 1 1 100 0.75 5 789 521 425 260 332 304 196 135
9 10 1 1 100 0.75 5 790 529 429 267 339 308 201 140
9 10 1 1 100 0.75 5 791 539 428 262 338 317 211 137
9 10 1 1 100 0.75 5 792 548 432 262 347 322 216 139
9 10 1 1 100 0.75 5 793 554 434 264 350 329 223 141
9 10 1 1 100 0.75 5 794 558 435 253 350 337 231 138
9 10 1 1 100 0.75 5 795 567 440 266 352 341 235 141
9 10 1 1 100 0.75 5 796 575 438 257 353 352 246 137
9 10 1 1 100 0.75 5 797 580 439 267 355 360 254 140
9 10 1 1 100 0.75 5 798 582 443 251 358 365 259 144
9 10 1 1 100 0.75 5 799 594 443 255 356 374 268 146
9 10 1 1 100 0.75 5 800 599 442 250 361 384 278 140
9 10 1 1 100 0.75 5 801 607 446 248 365 389 283 141
9 10 1 1 100 0.75 5 802 612 446 245 365 398 292 137
9 10 1 1 100 0.75 5 803 619 450 257 369 403 297 140
9 10 1 1 100 0.75 5 804 628 449 248 369 413 307 137
9 10 1 1 100 0.75 5 805 635 451 249 374 420 314 132
9 10 1 1 100 0.75 5 806 640 453 239 379 427 321 133
9 10 1 1 100 0.75 5 807 645 454 251 377 435 329 137
9 10 1 1 100 0.75 5 808 655 452 240 374 446 340 137
9 10 1 1 100 0.75 5 809 659 448 227 376 459 353 129
9 10 1 1 100 0.75 5 810 664 448 218 376 468 362 127
9 10 1 1 100 0.75 5 811 671 450 222 378 475 369 127
9 10 1 1 100 0.75 5 812 677 451 218 381 483 377 127
9 10 1 1 100 0.75 5 813 679 453 233 383 490 384 126
9 10 1 1 100 0.75 5 814 687 453 227 379 499 393 121
9 10 1 1 100 0.75 5 815 692 456 228 386 505 399 122
9 10 1 1 100 0.75 5 816 695 458 222 388 511 406 127
9 10 1 1 100 0.75 5 817 702 458 224 385 520 415 126
9 10 1 1 100 0.75 5 818 707 462 217 391 525 420 124
9 10 1 1 100 0.75 5 819 709 464 220 391 532 427 129
9 10 1 1 100 0.75 5 820 714 467 219 393 538 433 129
9 10 1 1 100 0.75 5 821 721 470 218 397 543 439 129
9 10 1 1 100 0.75 5 822 725 471 222 401 550 447 131
9 10 1 1 100 0.75 5 823 730 475 224 405 555 452 133
9 10 1 1 100 0.75 5 824 735 475 222 408 564 461 135
9 10 1 1 100 0.75 5 825 741 476 212 407 572 469 132
9 10 1 1 100 0.75 5 826 744 476 228 406 581 478 130
9 10 1 1 100 0.75 5 827 746 475 211 405 591 488 130
9 10 1 1 100 0.75 5 828 752 479 228 406 595 493 131
9 10 1 1 100 0.75 5 829 756 484 224 414 598 497 133
9 10 1 1 100 0.75 5 830 759 487 220 417 603 503 132
9 10 1 1 100 0.75 5 831 765 493 233 422 605 506 135
9 10 1 1 100 0.75 5 832 768 488 223 419 619 520 126
9 10 1 1 100 0.75 5 833 776 490 215 420 626 527 125
9 10 1 1 100 0.75 5 834 780 491 204 422 633 535 121
9 10 1 1 100 0.75 5 835 785 493 212 423 639 542 118
9 10 1 1 100 0.75 5 836 787 497 221 427 644 547 121
9 10 1 1 100 0.75 5 837 792 492 201 420 657 561 115
9 10 1 1 100 0.75 5 838 795 493 222 421 663 569 119
9 10 1 1 100 0.75 5 839 801 494 198 423 671 577 117
9 10 1 1 100 0.75 5 840 803 495 199 425 678 585 115
9 10 1 1 100 0.75 5 841 807 499 204 429 683 590 120
9 10 1 1 100 0.75 5 842 809 497 209 427 694 601 114
9 10 1 1 100 0.75 5 843 813 502 216 431 698 605 115
9 10 1 1 100 0.75 5 844 815 502 200 437 707 614 112
9 10 1 1 100 0.75 5 845 820 507 200 442 710 618 112
9 10 1 1 100 0.75 5 846 820 508 203 443 718 626 114
9 10 1 1 100 0.75 5 847 824 513 205 445 721 630 119
9 10 1 1 100 0.75 5 848 827 512 201 442 731 640 115
9 10 1 1 100 0.75 5 849 830 517 194 448 735 644 116
9 10 1 1 100 0.75 5 850 835 522 214 455 739 648 120
9 10 1 1 100 0.75 5 851 837 528 202 459 742 651 129
9 10 1 1 100 0.75 5 852 842 531 211 464 747 657 128
9 10 1 1 100 0.75 5 853 842 535 204 469 752 662 126
9 10 1 1 100 0.75 5 854 844 533 200 466 762 673 123
9 10 1 1 100 0.75 5 855 848 534 194 466 770 681 122
9 10 1 1 100 0.75 5 856 850 537 203 471 776 687 127
9 10 1 1 100 0.75 5 857 852 536 199 468 786 697 120
9 10 1 1 100 0.75 5 858 857 536 203 467 794 706 121
9 10 1 1 100 0.75 5 859 859 541 181 475 798 710 123
9 10 1 1 100 0.75 5 860 861 545 189 478 803 715 126
9 10 1 1 100 0.75 5 861 863 544 180 474 813 725 124
9 10 1 1 100 0.75 5 862 865 546 197 476 820 732 122
9 10 1 1 100 0.75 5 863 871 547 199 481 828 740 122
9 10 1 1 100 0.75 5 864 872 552 186 486 831 744 127
9 10 1 1 100 0.75 5 865 874 552 205 486 840 753 126
9 10 1 1 100 0.75 5 866 879 556 206 486 844 758 124
9 10 1 1 100 0.75 5 867 881 555 192 486 854 768 118
9 10 1 1 100 0.75 5 868 885 555 201 488 863 777 114
9 10 1 1 100 0.75 5 869 888 559 209 491 868 782 116
9 10 1 1 100 0.75 5 870 889 558 200 490 878 792 112
9 10 1 1 100 0.75 5 870 889 558 558 490 989 792 112
9 10 1 1 100 0.75 5 900 889 558 558 490 108 792 112
9 10 1 1 100 0.75 6 901 0 9 9 0 108 0 0
9 10 1 1 100 0.75 6 902 0 18 18 0 108 0 0
9 10 1 1 100 0.75 6 903 0 27 27 0 108 0 0
9 10 1 1 100 0.75 6 904 0 36 36 0 108 0 0
9 10 1 1 100 0.75 6 905 0 45 44 0 108 0 0
9 10 1 1 100 0.75 6 906 0 54 54 0 108 0 0
9 10 1 1 100 0.75 6 907 0 63 62 0 108 0 0
9 10 1 1 100 0.75 6 908 2 72 68 0 108 0 0
9 10 1 1 100 0.75 6 909 5 81 73 2 108 0 0
9 10 1 1 100 0.75 6 910 10 90 78 5 107 0 0
9 10 1 1 100 0.75 6 911 15 99 79 10 107 0 0
9 10 1 1 100 0.75 6 912 20 108 85 15 107 0 0
9 10 1 1 100 0.75 6 913 25 117 88 20 107 0 0
9 10 1 1 100 0.75 6 914 32 126 86 25 107 0 0
9 10 1 1 100 0.75 6 915 37 135 96 32 107 0 1
9 10 1 1 100 0.75 6 916 43 144 100 37 107 0 3
9 10 1 1 100 0.75 6 917 49 153 107 43 107 0 5
9 10 1 1 100 0.75 6 918 54 162 118 49 107 0 10
9 10 1 1 100 0.75 6 919 59 171 121 54 107 0 14
9 10 1 1 100 0.75 6 920 66 180 134 59 107 0 19
9 10 1 1 100 0.75 6 921 73 189 134 66 107 0 22
9 10 1 1 100 0.75 6 922 80 198 146 73 107 0 26
9 10 1 1 100 0.75 6 923 85 207 150 80 107 0 30
9 10 1 1 100 0.75 6 924 96 216 157 85 107 0 37
9 10 1 1 100 0.75 6 925 101 225 163 96 107 0 39
9 10 1 1 100 0.75 6 926 104 234 175 101 107 0 42
9 10 1 1 100 0.75 6 927 112 243 177 104 107 0 45
9 10 1 1 100 0.75 6 928 121 252 186 112 106 0 53
9 10 1 1 100 0.75 6 929 129 261 194 121 106 0 59
9 10 1 1 100 0.75 6 930 138 270 203 129 106 0 64
9 10 1 1 100 0.75 6 931 147 279 210 138 106 0 70
9 10 1 1 100 0.75 6 932 153 287 220 146 107 1 75
9 10 1 1 100 0.75 6 933 161 296 225 152 107 1 79
9 10 1 1 100 0.75 6 934 169 301 225 156 111 5 81
9 10 1 1 100 0.75 6 935 174 307 233 161 114 8 80
9 10 1 1 100 0.75 6 936 187 311 230 161 119 13 82
9 10 1 1 100 0.75 6 937 197 315 230 169 124 18 81
9 10 1 1 100 0.75 6 938 207 320 234 175 128 22 84
9 10 1 1 100 0.75 6 939 216 327 243 183 130 24 90
9 10 1 1 100 0.75 6 940 227 331 238 187 135 29 88
9 10 1 1 100 0.75 6 941 237 335 241 193 140 34 91
9 10 1 1 100 0.75 6 942 247 340 244 199 144 38 92
9 10 1 1 100 0.75 6 943 255 344 245 204 149 43 91
9 10 1 1 100 0.75 6 944 265 349 258 208 153 47 97
9 10 1 1 100 0.75 6 945 278 358 251 218 153 47 103
9 10 1 1 100 0.75 6 946 286 363 265 227 157 51 107
9 10 1 1 100 0.75 6 947 299 363 249 226 166 60 103
9 10 1 1 100 0.75 6 948 305 366 262 233 172 66 106
9 10 1 1 100 0.75 6 949 320 368 259 232 179 73 106
9 10 1 1 100 0.75 6 950 328 376 266 246 180 74 113
9 10 1 1 100 0.75 6 951 338 380 258 251 185 79 116
9 10 1 1 100 0.75 6 952 350 383 265 255 191 85 117
9 10 1 1 100 0.75 6 953 361 388 263 263 195 89 119
9 10 1 1 100 0.75 6 954 372 388 264 265 204 98 116
9 10 1 1 100 0.75 6 955 384 388 257 267 213 107 115
9 10 1 1 100 0.75 6 956 394 392 256 275 218 112 116
9 10 1 1 100 0.75 6 957 408 392 253 277 227 121 120
9 10 1 1 100 0.75 6 958 418 397 251 288 231 125 122
9 10 1 1 100 0.75 6 959 423 402 265 294 235 129 127
9 10 1 1 100 0.75 6 960 433 404 258 295 241 136 126
9 10 1 1 100 0.75 6 961 445 406 255 299 248 143 127
9 10 1 1 100 0.75 6 962 461 407 257 304 256 151 129
9 10 1 1 100 0.75 6 963 468 410 269 314 262 157 131
9 10 1 1 100 0.75 6 964 477 413 256 316 268 163 137
9 10 1 1 100 0.75 6 965 488 410 249 316 280 175 130
9 10 1 1 100 0.75 6 966 496 415 257 325 284 179 138
9 10 1 1 100 0.75 6 967 506 415 252 326 293 188 135
9 10 1 1 100 0.75 6 968 513 417 244 332 300 195 138
9 10 1 1 100 0.75 6 969 520 423 253 339 303 198 147
9 10 1 1 100 0.75 6 970 524 424 255 341 311 206 147
9 10 1 1 100 0.75 6 971 532 426 258 341 318 213 150
9 10 1 1 100 0.75 6 972 539 428 261 348 325 220 155
9 10 1 1 100 0.75 6 973 550 433 259 353 329 224 158
9 10 1 1 100 0.75 6 974 561 433 256 355 338 233 157
9 10 1 1 100 0.75 6 975 563 435 264 365 344 240 161
9 10 1 1 100 0.75 6 976 574 436 260 360 352 248 162
9 10 1 1 100 0.75 6 977 581 434 242 362 363 259 158
9 10 1 1 100 0.75 6 978 585 431 248 362 375 271 155
9 10 1 1 100 0.75 6 979 588 433 249 360 382 278 157
9 10 1 1 100 0.75 6 980 597 436 244 358 388 284 158
9 10 1 1 100 0.75 6 981 605 431 241 355 402 298 150
9 10 1 1 100 0.75 6 982 613 434 244 361 407 304 155
9 10 1 1 100 0.75 6 983 618 439 255 366 411 308 157
9 10 1 1 100 0.75 6 984 623 440 242 368 419 316 156
9 10 1 1 100 0.75 6 985 629 439 226 365 429 326 154
9 10 1 1 100 0.75 6 986 636 442 236 368 435 332 153
9 10 1 1 100 0.75 6 987 639 441 233 370 445 342 147
9 10 1 1 100 0.75 6 988 646 435 237 363 460 357 142
9 10 1 1 100 0.75 6 989 650 431 223 359 473 370 139
9 10 1 1 100 0.75 6 990 654 430 224 358 483 380 133
9 10 1 1 100 0.75 6 991 663 426 203 351 496 393 127
9 10 1 1 100 0.75 6 992 668 426 220 356 505 402 125
9 10 1 1 100 0.75 6 993 674 432 217 361 508 405 130
9 10 1 1 100 0.75 6 994 676 434 198 366 515 412 134
9 10 1 1 100 0.75 6 995 680 436 206 365 522 419 131
9 10 1 1 100 0.75 6 996 688 435 206 362 532 429 127
9 10 1 1 100 0.75 6 997 691 435 212 364 541 438 123
9 10 1 1 100 0.75 6 998 694 440 220 368 545 442 125
9 10 1 1 100 0.75 6 999 698 440 210 372 554 451 121
9 10 1 1 100 0.75 6 1000 701 440 207 369 563 460 119
9 10 1 1 100 0.75 6 1001 708 437 201 364 575 472 111
9 10 1 1 100 0.75 6 1002 714 439 197 367 582 479 110
9 10 1 1 100 0.75 6 1003 717 441 196 368 589 486 107
9 10 1 1 100 0.75 6 1004 723 446 207 373 593 490 108
9 10 1 1 100 0.75 6 1005 727 449 210 379 599 496 114
9 10 1 1 100 0.75 6 1006 731 451 205 381 605 503 112
9 10 1 1 100 0.75 6 1007 736 455 195 386 610 508 112
9 10 1 1 100 0.75 6 1008 742 458 204 387 616 514 111
9 10 1 1 100 0.75 6 1009 746 459 188 390 624 522 110
9 10 1 1 100 0.75 6 1010 752 458 192 387 634 532 106
9 10 1 1 100 0.75 6 1011 755 459 188 394 642 540 108
9 10 1 1 100 0.75 6 1012 761 460 184 389 650 548 108
9 10 1 1 100 0.75 6 1013 764 462 190 391 657 555 109
9 10 1 1 100 0.75 6 1014 768 464 195 396 664 562 110
9 10 1 1 100 0.75 6 1015 772 469 188 399 668 566 111
9 10 1 1 100 0.75 6 1016 776 473 204 405 672 571 111
9 10 1 1 100 0.75 6 1017 780 479 196 409 675 574 115
9 10 1 1 100 0.75 6 1018 782 482 195 412 681 580 114
9 10 1 1 100 0.75 6 1019 783 486 185 420 686 585 112
9 10 1 1 100 0.75 6 1020 788 492 212 421 688 588 119
9 10 1 1 100 0.75 6 1021 791 494 199 424 695 595 118
9 10 1 1 100 0.75 6 1022 794 499 208 427 699 599 124
9 10 1 1 100 0.75 6 1023 798 500 203 430 707 607 120
9 10 1 1 100 0.75 6 1024 800 503 201 437 713 613 123
9 10 1 1 100 0.75 6 1025 803 502 203 431 723 623 120
9 10 1 1 100 0.75 6 1026 808 503 193 433 731 631 117
9 10 1 1 100 0.75 6 1027 813 506 200 436 737 637 117
9 10 1 1 100 0.75 6 1028 816 505 178 438 746 647 115
9 10 1 1 100 0.75 6 1029 820 506 190 439 752 655 112
9 10 1 1 100 0.75 6 1030 822 508 175 440 759 662 112
9 10 1 1 100 0.75 6 1031 827 505 196 436 771 674 112
9 10 1 1 100 0.75 6 1032 827 510 180 442 775 678 111
9 10 1 1 100 0.75 6 1033 833 515 193 442 778 682 117
9 10 1 1 100 0.75 6 1034 837 518 185 448 784 688 116
9 10 1 1 100 0.75 6 1035 838 521 204 453 790 694 119
9 10 1 1 100 0.75 6 1036 840 526 208 457 793 698 121
9 10 1 1 100 0.75 6 1037 841 527 215 457 801 706 117
9 10 1 1 100 0.75 6 1038 843 532 192 461 804 710 120
9 10 1 1 100 0.75 6 1039 846 531 205 461 814 720 117
9 10 1 1 100 0.75 6 1040 848 532 199 464 822 728 115
9 10 1 1 100 0.75 6 1041 855 536 193 468 827 733 120
9 10 1 1 100 0.75 6 1042 856 535 178 469 837 743 111
9 10 1 1 100 0.75 6 1043 860 540 190 472 840 747 119
9 10 1 1 100 0.75 6 1044 861 543 185 476 845 753 118
9 10 1 1 100 0.75 6 1045 863 547 195 477 850 758 118
9 10 1 1 100 0.75 6 1046 865 550 180 484 856 764 118
9 10 1 1 100 0.75 6 1047 868 553 200 484 862 770 120
9 10 1 1 100 0.75 6 1048 870 553 204 484 870 779 121
9 10 1 1 100 0.75 6 1049 873 553 188 482 879 788 118
9 10 1 1 100 0.75 6 1050 874 555 184 489 886 795 117
9 10 1 1 100 0.75 6 1050 874 555 555 489 1001 795 117
9 10 1 1 100 0.75 6 1080 874 555 555 489 107 795 117
9 10 1 1 100 0.75 7 1081 0 9 9 0 107 0 0
9 10 1 1 100 0.75 7 1082 0 18 18 0 107 0 0
9 10 1 1 100 0.75 7 1083 0 27 27 0 107 0 0
9 10 1 1 100 0.75 7 1084 0 36 36 0 107 0 0
9 10 1 1 100 0.75 7 1085 0 45 45 0 107 0 0
9 10 1 1 100 0.75 7 1086 0 54 54 0 107 0 0
9 10 1 1 100 0.75 7 1087 0 63 61 0 107 0 0
9 10 1 1 100 0.75 7 1088 1 72 69 0 107 0 0
9 10 1 1 100 0.75 7 1089 8 81 71 1 107 0 0
9 10 1 1 100 0.75 7 1090 11 90 78 8 107 0 0
9 10 1 1 100 0.75 7 1091 14 99 78 11 107 0 0
9 10 1 1 100 0.75 7 1092 24 108 79 14 107 0 0
9 10 1 1 100 0.75 7 1093 28 117 86 24 107 0 0
9 10 1 1 100 0.75 7 1094 35 126 88 28 107 0 0
9 10 1 1 100 0.75 7 1095 42 135 91 35 107 0 1
9 10 1 1 100 0.75 7 1096 48 144 99 42 107 0 4
9 10 1 1 100 0.75 7 1097 55 153 99 48 107 0 6
9 10 1 1 100 0.75 7 1098 56 162 117 55 107 0 8
9 10 1 1 100 0.75 7 1099 64 171 126 56 107 0 18
9 10 1 1 100 0.75 7 1100 70 180 128 64 107 0 21
9 10 1 1 100 0.75 7 1101 82 189 133 70 106 0 25
9 10 1 1 100 0.75 7 1102 86 198 145 82 106 0 31
9 10 1 1 100 0.75 7 1103 97 207 149 86 106 0 35
9 10 1 1 100 0.75 7 1104 105 216 157 97 106 0 40
9 10 1 1 100 0.75 7 1105 110 225 165 105 106 0 42
9 10 1 1 100 0.75 7 1106 113 234 172 110 106 0 47
9 10 1 1 100 0.75 7 1107 125 243 177 113 106 0 51
9 10 1 1 100 0.75 7 1108 137 252 185 125 106 0 59
9 10 1 1 100 0.75 7 1109 142 261 191 137 106 0 63
9 10 1 1 100 0.75 7 1110 152 270 201 142 106 0 73
9 10 1 1 100 0.75 7 1111 157 278 206 151 107 1 79
9 10 1 1 100 0.75 7 1112 165 287 221 156 107 1 84
9 10 1 1 100 0.75 7 1113 177 295 219 163 108 2 86
9 10 1 1 100 0.75 7 1114 184 303 222 174 109 3 88
9 10 1 1 100 0.75 7 1115 195 308 231 177 113 7 94
9 10 1 1 100 0.75 7 1116 201 315 235 186 115 9 96
9 10 1 1 100 0.75 7 1117 211 312 227 180 127 21 88
9 10 1 1 100 0.75 7 1118 224 316 226 185 132 26 88
9 10 1 1 100 0.75 7 1119 227 324 235 197 133 27 91
9 10 1 1 100 0.75 7 1120 240 331 243 198 135 29 97
9 10 1 1 100 0.75 7 1121 249 335 242 206 140 34 96
9 10 1 1 100 0.75 7 1122 260 339 245 210 145 39 96
9 10 1 1 100 0.75 7 1123 265 344 249 217 149 43 100
9 10 1 1 100 0.75 7 1124 274 346 240 215 156 50 96
9 10 1 1 100 0.75 7 1125 287 350 244 219 161 55 100
9 10 1 1 100 0.75 7 1126 299 349 245 222 171 65 98
9 10 1 1 100 0.75 7 1127 313 348 231 226 181 75 95
9 10 1 1 100 0.75 7 1128 323 352 227 235 186 80 97
9 10 1 1 100 0.75 7 1129 331 358 240 242 189 83 104
9 10 1 1 100 0.75 7 1130 339 363 231 246 193 87 105
9 10 1 1 100 0.75 7 1131 349 369 235 251 196 90 106
9 10 1 1 100 0.75 7 1132 360 372 242 255 202 96 111
9 10 1 1 100 0.75 7 1133 370 379 253 264 203 98 117
9 10 1 1 100 0.75 7 1134 381 382 250 268 209 104 120
9 10 1 1 100 0.75 7 1135 394 384 255 272 216 111 124
9 10 1 1 100 0.75 7 1136 401 388 250 280 220 116 123
9 10 1 1 100 0.75 7 1137 412 394 253 285 223 119 127
9 10 1 1 100 0.75 7 1138 422 394 250 289 232 128 125
9 10 1 1 100 0.75 7 1139 430 399 257 295 236 132 131
9 10 1 1 100 0.75 7 1140 441 405 262 300 239 135 135
9 10 1 1 100 0.75 7 1141 453 405 261 302 248 144 131
9 10 1 1 100 0.75 7 1142 461 410 263 311 252 148 135
9 10 1 1 100 0.75 7 1143 471 409 255 310 262 158 132
9 10 1 1 100 0.75 7 1144 477 410 253 313 270 166 132
9 10 1 1 100 0.75 7 1145 485 412 267 314 277 173 135
9 10 1 1 100 0.75 7 1146 493 415 262 319 283 179 132
9 10 1 1 100 0.75 7 1147 501 416 261 320 291 187 130
9 10 1 1 100 0.75 7 1148 511 417 264 321 299 195 130
9 10 1 1 100 0.75 7 1149 520 419 248 325 306 202 135
9 10 1 1 100 0.75 7 1150 530 419 244 327 315 211 134
9 10 1 1 100 0.75 7 1151 535 425 253 337 318 214 137
9 10 1 1 100 0.75 7 1152 547 427 262 338 325 221 139
9 10 1 1 100 0.75 7 1153 551 428 257 343 333 229 136
9 10 1 1 100 0.75 7 1154 560 423 242 336 347 243 130
9 10 1 1 100 0.75 7 1155 568 427 236 342 352 248 129
9 10 1 1 100 0.75 7 1156 572 430 256 347 358 254 134
9 10 1 1 100 0.75 7 1157 577 431 255 346 366 262 132
9 10 1 1 100 0.75 7 1158 584 434 260 346 372 268 136
9 10 1 1 100 0.75 7 1159 595 435 243 345 380 276 131
9 10 1 1 100 0.75 7 1160 601 435 250 349 389 285 131
9 10 1 1 100 0.75 7 1161 605 436 243 351 397 293 129
9 10 1 1 100 0.75 7 1162 615 439 242 354 402 299 131
9 10 1 1 100 0.75 7 1163 623 439 245 355 411 308 133
9 10 1 1 100 0.75 7 1164 627 439 238 357 420 317 129
9 10 1 1 100 0.75 7 1165 638 441 229 357 427 324 129
9 10 1 1 100 0.75 7 1166 643 441 222 363 436 333 125
9 10 1 1 100 0.75 7 1167 651 438 218 357 448 345 125
9 10 1 1 100 0.75 7 1168 658 441 218 360 454 351 127
9 10 1 1 100 0.75 7 1169 665 442 231 363 462 359 124
9 10 1 1 100 0.75 7 1170 674 448 212 371 465 362 130
9 10 1 1 100 0.75 7 1171 678 453 232 380 469 366 128
9 10 1 1 100 0.75 7 1172 684 453 224 378 478 375 127
9 10 1 1 100 0.75 7 1173 688 458 219 386 482 379 129
9 10 1 1 100 0.75 7 1174 692 456 241 382 493 390 124
9 10 1 1 100 0.75 7 1175 699 453 211 379 505 402 119
9 10 1 1 100 0.75 7 1176 703 457 223 386 510 407 122
9 10 1 1 100 0.75 7 1177 711 461 222 389 515 412 125
9 10 1 1 100 0.75 7 1178 716 463 227 393 521 419 130
9 10 1 1 100 0.75 7 1179 717 461 222 392 532 430 122
9 10 1 1 100 0.75 7 1180 721 462 232 392 540 438 123
9 10 1 1 100 0.75 7 1181 724 467 227 397 544 442 124
9 10 1 1 100 0.75 7 1182 727 464 218 391 556 454 120
9 10 1 1 100 0.75 7 1183 732 469 224 399 559 458 128
9 10 1 1 100 0.75 7 1184 737 474 234 402 563 462 131
9 10 1 1 100 0.75 7 1185 740 476 227 408 570 469 133
9 10 1 1 100 0.75 7 1186 746 478 234 406 577 476 136
9 10 1 1 100 0.75 7 1187 751 475 213 405 589 488 128
9 10 1 1 100 0.75 7 1188 758 476 213 405 597 496 126
9 10 1 1 100 0.75 7 1189 765 481 222 411 601 500 129
9 10 1 1 100 0.75 7 1190 767 485 224 417 605 505 132
9 10 1 1 100 0.75 7 1191 769 489 228 418 610 510 132
9 10 1 1 100 0.75 7 1192 774 493 232 420 615 515 137
9 10 1 1 100 0.75 7 1193 782 496 238 425 621 521 136
9 10 1 1 100 0.75 7 1194 787 497 229 427 629 529 136
9 10 1 1 100 0.75 7 1195 794 491 217 420 643 544 124
9 10 1 1 100 0.75 7 1196 796 493 212 426 650 551 125
9 10 1 1 100 0.75 7 1197 797 495 210 427 656 558 126
9 10 1 1 100 0.75 7 1198 803 498 206 428 662 564 125
9 10 1 1 100 0.75 7 1199 808 496 212 429 673 575 119
9 10 1 1 100 0.75 7 1200 812 499 208 430 678 581 124
9 10 1 1 100 0.75 7 1201 814 502 212 433 684 587 128
9 10 1 1 100 0.75 7 1202 816 503 210 434 692 595 125
9 10 1 1 100 0.75 7 1203 819 503 206 434 701 604 125
9 10 1 1 100 0.75 7 1204 821 506 206 437 707 610 121
9 10 1 1 100 0.75 7 1205 823 507 199 437 714 618 120
9 10 1 1 100 0.75 7 1206 825 511 204 443 719 623 123
9 10 1 1 100 0.75 7 1207 828 508 208 439 731 635 117
9 10 1 1 100 0.75 7 1208 833 512 202 442 736 640 122
9 10 1 1 100 0.75 7 1209 837 510 204 442 747 651 119
9 10 1 1 100 0.75 7 1210 838 511 203 443 753 659 118
9 10 1 1 100 0.75 7 1211 843 517 212 446 756 662 119
9 10 1 1 100 0.75 7 1212 847 520 203 450 762 668 124
9 10 1 1 100 0.75 7 1213 850 520 206 452 771 677 121
9 10 1 1 100 0.75 7 1214 851 526 197 458 774 680 126
9 10 1 1 100 0.75 7 1215 853 532 219 461 776 683 130
9 10 1 1 100 0.75 7 1216 855 535 196 465 782 689 132
9 10 1 1 100 0.75 7 1217 856 537 204 469 788 696 130
9 10 1 1 100 0.75 7 1218 858 534 206 464 800 708 125
9 10 1 1 100 0.75 7 1219 860 535 204 466 807 716 125
9 10 1 1 100 0.75 7 1220 863 538 201 467 812 722 124
9 10 1 1 100 0.75 7 1221 866 542 212 473 817 727 126
9 10 1 1 100 0.75 7 1222 868 544 193 477 824 734 126
9 10 1 1 100 0.75 7 1223 869 547 198 480 829 740 126
9 10 1 1 100 0.75 7 1224 872 545 184 479 840 751 126
9 10 1 1 100 0.75 7 1225 876 546 196 479 848 759 125
9 10 1 1 100 0.75 7 1226 877 545 191 478 858 769 121
9 10 1 1 100 0.75 7 1227 881 551 197 484 861 772 122
9 10 1 1 100 0.75 7 1228 881 550 192 483 870 782 119
9 10 1 1 100 0.75 7 1229 884 555 194 489 873 786 124
9 10 1 1 100 0.75 7 1230 888 559 193 491 877 791 125
9 10 1 1 100 0.75 7 1230 888 559 559 491 1001 791 125
9 10 1 1 100 0.75 7 1260 888 559 559 491 108 791 125
9 10 1 1 100 0.75 8 1261 0 9 9 0 108 0 0
9 10 1 1 100 0.75 8 1262 0 18 18 0 108 0 0
9 10 1 1 100 0.75 8 1263 0 27 27 0 108 0 0
9 10 1 1 100 0.75 8 1264 0 36 36 0 108 0 0
9 10 1 1 100 0.75 8 1265 0 45 45 0 108 0 0
9 10 1 1 100 0.75 8 1266 0 54 54 0 108 0 0
9 10 1 1 100 0.75 8 1267 2 63 60 0 108 0 0
9 10 1 1 100 0.75 8 1268 2 72 67 2 108 0 0
9 10 1 1 100 0.75 8 1269 8 81 68 2 108 0 0
9 10 1 1 100 0.75 8 1270 11 90 76 8 108 0 0
9 10 1 1 100 0.75 8 1271 17 99 77 11 108 0 0
9 10 1 1 100 0.75 8 1272 22 108 84 17 108 0 0
9 10 1 1 100 0.75 8 1273 29 117 85 22 108 0 0
9 10 1 1 100 0.75 8 1274 38 126 87 29 108 0 1
9 10 1 1 100 0.75 8 1275 45 135 87 38 108 0 1
9 10 1 1 100 0.75 8 1276 49 144 94 45 108 0 3
9 10 1 1 100 0.75 8 1277 52 153 102 49 108 0 7
9 10 1 1 100 0.75 8 1278 59 162 112 52 108 0 11
9 10 1 1 100 0.75 8 1279 68 171 114 59 108 0 14
9 10 1 1 100 0.75 8 1280 73 180 126 68 108 0 17
9 10 1 1 100 0.75 8 1281 80 189 138 73 108 0 22
9 10 1 1 100 0.75 8 1282 90 198 142 80 108 0 27
9 10 1 1 100 0.75 8 1283 95 207 148 90 108 0 32
9 10 1 1 100 0.75 8 1284 102 216 156 95 108 0 32
9 10 1 1 100 0.75 8 1285 112 225 161 102 108 0 36
9 10 1 1 100 0.75 8 1286 115 234 171 112 108 0 41
9 10 1 1 100 0.75 8 1287 119 243 188 115 108 0 48
9 10 1 1 100 0.75 8 1288 124 252 188 119 108 0 51
9 10 1 1 100 0.75 8 1289 130 260 207 123 109 1 57
9 10 1 1 100 0.75 8 1290 135 269 211 129 108 1 62
9 10 1 1 100 0.75 8 1291 145 278 218 134 108 1 67
9 10 1 1 100 0.75 8 1292 153 286 224 143 109 2 71
9 10 1 1 100 0.75 8 1293 161 295 230 151 109 2 75
9 10 1 1 100 0.75 8 1294 168 302 234 157 111 4 76
9 10 1 1 100 0.75 8 1295 175 305 231 158 117 10 75
9 10 1 1 100 0.75 8 1296 184 308 231 159 123 16 71
9 10 1 1 100 0.75 8 1297 189 315 230 166 125 18 72
9 10 1 1 100 0.75 8 1298 201 323 242 170 126 19 78
9 10 1 1 100 0.75 8 1299 218 331 237 181 127 20 85
9 10 1 1 100 0.75 8 1300 225 337 247 195 130 23 86
9 10 1 1 100 0.75 8 1301 229 339 247 195 137 30 86
9 10 1 1 100 0.75 8 1302 240 341 250 192 144 37 81
9 10 1 1 100 0.75 8 1303 251 347 244 200 147 40 88
9 10 1 1 100 0.75 8 1304 260 353 252 208 150 43 90
9 10 1 1 100 0.75 8 1305 269 356 251 211 156 49 91
9 10 1 1 100 0.75 8 1306 284 360 254 215 161 54 97
9 10 1 1 100 0.75 8 1307 301 360 247 221 170 63 95
9 10 1 1 100 0.75 8 1308 313 367 252 236 172 65 97
9 10 1 1 100 0.75 8 1309 321 371 254 243 177 70 97
9 10 1 1 100 0.75 8 1310 328 377 257 249 180 73 102
9 10 1 1 100 0.75 8 1311 335 379 257 249 187 80 100
9 10 1 1 100 0.75 8 1312 343 386 267 254 189 82 103
9 10 1 1 100 0.75 8 1313 361 390 263 258 194 87 109
9 10 1 1 100 0.75 8 1314 376 397 270 274 196 89 122
9 10 1 1 100 0.75 8 1315 387 401 273 284 201 94 126
9 10 1 1 100 0.75 8 1316 401 402 265 287 209 102 125
9 10 1 1 100 0.75 8 1317 408 406 265 296 214 107 128
9 10 1 1 100 0.75 8 1318 415 408 271 298 221 114 122
9 10 1 1 100 0.75 8 1319 426 410 269 300 228 121 122
9 10 1 1 100 0.75 8 1320 438 416 266 309 231 124 131
9 10 1 1 100 0.75 8 1321 449 417 273 316 239 132 132
9 10 1 1 100 0.75 8 1322 463 421 269 323 244 137 138
9 10 1 1 100 0.75 8 1323 470 419 272 327 254 148 137
9 10 1 1 100 0.75 8 1324 474 420 265 327 262 156 133
9 10 1 1 100 0.75 8 1325 481 426 275 331 265 159 140
9 10 1 1 100 0.75 8 1326 493 427 273 330 273 167 139
9 10 1 1 100 0.75 8 1327 500 432 278 339 277 171 146
9 10 1 1 100 0.75 8 1328 512 435 270 341 283 177 153
9 10 1 1 100 0.75 8 1329 523 442 277 352 285 179 161
9 10 1 1 100 0.75 8 1330 530 440 283 354 296 190 156
9 10 1 1 100 0.75 8 1331 539 438 275 351 307 201 148
9 10 1 1 100 0.75 8 1332 547 440 262 354 314 208 145
9 10 1 1 100 0.75 8 1333 553 444 283 361 319 213 148
9 10 1 1 100 0.75 8 1334 562 443 264 358 329 223 145
9 10 1 1 100 0.75 8 1335 569 442 267 360 338 233 139
9 10 1 1 100 0.75 8 1336 580 440 243 357 349 244 138
9 10 1 1 100 0.75 8 1337 584 443 244 364 355 250 141
9 10 1 1 100 0.75 8 1338 591 441 246 359 366 261 138
9 10 1 1 100 0.75 8 1339 596 441 251 364 375 270 136
9 10 1 1 100 0.75 8 1340 603 443 250 366 382 277 135
9 10 1 1 100 0.75 8 1341 604 444 257 367 390 285 135
9 10 1 1 100 0.75 8 1342 613 443 253 363 400 295 131
9 10 1 1 100 0.75 8 1343 618 441 234 362 411 306 128
9 10 1 1 100 0.75 8 1344 622 444 249 363 417 312 132
9 10 1 1 100 0.75 8 1345 628 442 237 366 428 323 132
9 10 1 1 100 0.75 8 1346 638 446 231 369 433 328 131
9 10 1 1 100 0.75 8 1347 643 446 234 371 441 337 128
9 10 1 1 100 0.75 8 1348 649 447 242 371 449 345 128
9 10 1 1 100 0.75 8 1349 656 449 235 374 456 352 127
9 10 1 1 100 0.75 8 1350 662 454 226 380 459 356 126
9 10 1 1 100 0.75 8 1351 666 456 231 383 466 363 127
9 10 1 1 100 0.75 8 1352 671 456 222 382 474 372 127
9 10 1 1 100 0.75 8 1353 678 457 215 382 482 380 124
9 10 1 1 100 0.75 8 1354 680 460 228 386 488 386 124
9 10 1 1 100 0.75 8 1355 691 465 231 391 492 390 132
9 10 1 1 100 0.75 8 1356 692 464 215 394 502 400 128
9 10 1 1 100 0.75 8 1357 698 464 218 389 511 409 126
9 10 1 1 100 0.75 8 1358 702 468 225 396 516 414 127
9 10 1 1 100 0.75 8 1359 706 468 230 396 525 423 126
9 10 1 1 100 0.75 8 1360 710 473 231 403 529 427 128
9 10 1 1 100 0.75 8 1361 715 474 216 403 536 435 127
9 10 1 1 100 0.75 8 1362 723 474 221 401 545 444 126
9 10 1 1 100 0.75 8 1363 729 474 222 403 554 453 125
9 10 1 1 100 0.75 8 1364 735 476 210 405 559 460 122
9 10 1 1 100 0.75 8 1365 742 478 222 407 565 467 124
9 10 1 1 100 0.75 8 1366 744 484 220 414 567 470 127
9 10 1 1 100 0.75 8 1367 746 485 226 413 575 478 129
9 10 1 1 100 0.75 8 1368 751 485 213 412 584 487 125
9 10 1 1 100 0.75 8 1369 757 486 218 413 592 495 124
9 10 1 1 100 0.75 8 1370 760 488 208 421 599 502 123
9 10 1 1 100 0.75 8 1371 763 489 207 418 606 510 125
9 10 1 1 100 0.75 8 1372 765 490 198 422 614 518 124
9 10 1 1 100 0.75 8 1373 768 493 222 423 620 524 126
9 10 1 1 100 0.75 8 1374 772 498 205 430 623 528 128
9 10 1 1 100 0.75 8 1375 776 498 216 429 632 537 129
9 10 1 1 100 0.75 8 1376 778 504 206 436 635 540 137
9 10 1 1 100 0.75 8 1377 781 503 216 433 645 550 136
9 10 1 1 100 0.75 8 1378 783 505 213 435 652 557 133
9 10 1 1 100 0.75 8 1379 788 507 213 435 659 564 137
9 10 1 1 100 0.75 8 1380 793 512 218 442 663 568 138
9 10 1 1 100 0.75 8 1381 798 513 212 442 669 576 136
9 10 1 1 100 0.75 8 1382 803 513 220 440 677 585 134
9 10 1 1 100 0.75 8 1383 809 514 199 446 685 593 132
9 10 1 1 100 0.75 8 1384 810 517 217 452 690 599 133
9 10 1 1 100 0.75 8 1385 813 518 206 449 698 607 130
9 10 1 1 100 0.75 8 1386 814 517 210 449 708 617 126
9 10 1 1 100 0.75 8 1387 818 517 214 448 717 626 123
9 10 1 1 100 0.75 8 1388 821 520 195 451 723 632 120
9 10 1 1 100 0.75 8 1389 823 526 202 458 726 635 126
9 10 1 1 100 0.75 8 1390 828 528 206 459 733 642 124
9 10 1 1 100 0.75 8 1391 829 527 203 459 743 652 123
9 10 1 1 100 0.75 8 1392 834 525 209 455 754 663 117
9 10 1 1 100 0.75 8 1393 836 525 182 455 763 672 121
9 10 1 1 100 0.75 8 1394 838 527 195 458 769 679 119
9 10 1 1 100 0.75 8 1395 839 527 185 457 778 688 115
9 10 1 1 100 0.75 8 1396 842 529 189 460 785 695 116
9 10 1 1 100 0.75 8 1397 844 528 178 460 794 705 114
9 10 1 1 100 0.75 8 1398 844 530 187 463 800 712 110
9 10 1 1 100 0.75 8 1399 846 536 182 464 803 715 114
9 10 1 1 100 0.75 8 1400 849 539 182 466 809 721 115
9 10 1 1 100 0.75 8 1401 854 547 195 478 810 722 123
9 10 1 1 100 0.75 8 1402 857 547 197 481 819 731 117
9 10 1 1 100 0.75 8 1403 860 548 192 481 827 739 119
9 10 1 1 100 0.75 8 1404 861 548 193 480 836 748 114
9 10 1 1 100 0.75 8 1405 863 554 187 485 839 751 116
9 10 1 1 100 0.75 8 1406 866 553 201 484 848 761 111
9 10 1 1 100 0.75 8 1407 868 558 192 489 852 765 115
9 10 1 1 100 0.75 8 1408 870 561 184 494 858 771 117
9 10 1 1 100 0.75 8 1409 874 564 196 497 863 777 123
9 10 1 1 100 0.75 8 1410 877 567 191 500 869 783 121
9 10 1 1 100 0.75 8 1410 877 567 567 500 988 783 121
9 10 1 1 100 0.75 8 1440 877 567 567 500 108 783 121
9 10 1 1 100 0.75 9 1441 0 9 9 0 108 0 0
9 10 1 1 100 0.75 9 1442 0 18 18 0 108 0 0
9 10 1 1 100 0.75 9 1443 0 27 27 0 108 0 0
9 10 1 1 100 0.75 9 1444 0 36 36 0 108 0 0
9 10 1 1 100 0.75 9 1445 0 45 45 0 108 0 0
9 10 1 1 100 0.75 9 1446 0 54 54 0 108 0 0
9 10 1 1 100 0.75 9 1447 0 63 60 0 108 0 0
9 10 1 1 100 0.75 9 1448 2 72 68 0 108 0 0
9 10 1 1 100 0.75 9 1449 7 81 71 2 108 0 0
9 10 1 1 100 0.75 9 1450 10 90 77 7 108 0 0
9 10 1 1 100 0.75 9 1451 20 99 76 10 108 0 0
9 10 1 1 100 0.75 9 1452 22 108 82 20 108 0 0
9 10 1 1 100 0.75 9 1453 30 117 84 22 108 0 0
9 10 1 1 100 0.75 9 1454 36 126 88 30 107 0 0
9 10 1 1 100 0.75 9 1455 44 135 88 36 107 0 0
9 10 1 1 100 0.75 9 1456 47 144 100 44 107 0 2
9 10 1 1 100 0.75 9 1457 52 153 105 47 107 0 7
9 10 1 1 100 0.75 9 1458 59 162 111 52 107 0 10
9 10 1 1 100 0.75 9 1459 65 171 122 59 107 0 14
9 10 1 1 100 0.75 9 1460 72 180 127 65 107 0 19
9 10 1 1 100 0.75 9 1461 77 189 137 72 107 0 23
9 10 1 1 100 0.75 9 1462 84 198 149 77 107 0 30
9 10 1 1 100 0.75 9 1463 94 207 153 84 107 0 35
9 10 1 1 100 0.75 9 1464 100 216 151 94 107 0 35
9 10 1 1 100 0.75 9 1465 106 225 162 100 107 0 41
9 10 1 1 100 0.75 9 1466 114 234 170 106 107 0 46
9 10 1 1 100 0.75 9 1467 119 243 179 114 107 0 51
9 10 1 1 100 0.75 9 1468 122 252 187 119 107 0 54
9 10 1 1 100 0.75 9 1469 126 261 200 122 107 0 62
9 10 1 1 100 0.75 9 1470 132 270 209 126 106 0 67
9 10 1 1 100 0.75 9 1471 143 279 220 132 106 0 77
9 10 1 1 100 0.75 9 1472 159 286 214 141 108 2 80
9 10 1 1 100 0.75 9 1473 169 293 217 155 110 4 84
9 10 1 1 100 0.75 9 1474 174 299 220 162 113 7 84
9 10 1 1 100 0.75 9 1475 180 306 225 165 115 9 84
9 10 1 1 100 0.75 9 1476 186 310 228 166 120 14 83
9 10 1 1 100 0.75 9 1477 192 314 229 167 125 19 80
9 10 1 1 100 0.75 9 1478 201 321 235 171 127 21 89
9 10 1 1 100 0.75 9 1479 216 324 239 174 133 27 95
9 10 1 1 100 0.75 9 1480 223 328 240 184 138 32 96
9 10 1 1 100 0.75 9 1481 232 335 247 189 140 34 102
9 10 1 1 100 0.75 9 1482 240 340 246 194 144 38 101
9 10 1 1 100 0.75 9 1483 251 345 252 198 148 42 102
9 10 1 1 100 0.75 9 1484 259 347 247 202 155 49 98
9 10 1 1 100 0.75 9 1485 271 351 249 205 160 54 99
9 10 1 1 100 0.75 9 1486 281 353 244 210 167 61 102
9 10 1 1 100 0.75 9 1487 294 356 255 214 173 67 106
9 10 1 1 100 0.75 9 1488 300 361 252 223 177 71 105
9 10 1 1 100 0.75 9 1489 313 363 256 222 184 78 106
9 10 1 1 100 0.75 9 1490 321 366 254 230 190 84 108
9 10 1 1 100 0.75 9 1491 330 369 258 232 196 90 107
9 10 1 1 100 0.75 9 1492 336 377 254 241 197 91 113
9 10 1 1 100 0.75 9 1493 350 381 261 242 202 96 115
9 10 1 1 100 0.75 9 1494 359 384 258 251 208 102 118
9 10 1 1 100 0.75 9 1495 368 386 262 255 215 109 120
9 10 1 1 100 0.75 9 1496 381 386 246 255 224 118 118
9 10 1 1 100 0.75 9 1497 391 391 252 265 228 122 120
9 10 1 1 100 0.75 9 1498 400 391 253 268 237 131 119
9 10 1 1 100 0.75 9 1499 410 394 244 273 243 137 117
9 10 1 1 100 0.75 9 1500 421 399 251 283 247 141 120
9 10 1 1 100 0.75 9 1501 432 404 251 291 251 145 125
9 10 1 1 100 0.75 9 1502 444 408 243 298 255 150 129
9 10 1 1 100 0.75 9 1503 451 414 255 308 258 153 137
9 10 1 1 100 0.75 9 1504 459 417 255 310 264 159 139
9 10 1 1 100 0.75 9 1505 465 412 255 306 278 173 133
9 10 1 1 100 0.75 9 1506 475 413 250 304 286 181 130
9 10 1 1 100 0.75 9 1507 487 416 265 309 292 187 135
9 10 1 1 100 0.75 9 1508 495 418 264 315 299 194 140
9 10 1 1 100 0.75 9 1509 505 419 258 318 307 202 141
9 10 1 1 100 0.75 9 1510 514 421 256 321 312 209 142
9 10 1 1 100 0.75 9 1511 524 426 254 328 316 213 147
9 10 1 1 100 0.75 9 1512 534 425 247 330 326 223 143
9 10 1 1 100 0.75 9 1513 542 427 255 335 333 230 143
9 10 1 1 100 0.75 9 1514 550 429 241 338 340 237 147
9 10 1 1 100 0.75 9 1515 560 432 255 342 346 243 151
9 10 1 1 100 0.75 9 1516 572 436 247 348 351 248 153
9 10 1 1 100 0.75 9 1517 580 435 242 353 361 258 150
9 10 1 1 100 0.75 9 1518 586 437 236 354 368 265 152
9 10 1 1 100 0.75 9 1519 593 439 243 357 375 272 153
9 10 1 1 100 0.75 9 1520 602 437 228 357 386 283 153
9 10 1 1 100 0.75 9 1521 611 434 234 356 397 295 149
9 10 1 1 100 0.75 9 1522 615 434 219 359 406 304 147
9 10 1 1 100 0.75 9 1523 618 431 230 357 417 316 147
9 10 1 1 100 0.75 9 1524 623 434 227 357 423 322 149
9 10 1 1 100 0.75 9 1525 629 438 234 364 427 327 152
9 10 1 1 100 0.75 9 1526 637 438 235 363 436 336 151
9 10 1 1 100 0.75 9 1527 643 437 225 363 446 346 149
9 10 1 1 100 0.75 9 1528 647 440 232 365 452 352 150
9 10 1 1 100 0.75 9 1529 655 445 242 369 456 356 156
9 10 1 1 100 0.75 9 1530 662 444 223 371 465 366 152
9 10 1 1 100 0.75 9 1531 667 445 227 373 473 374 147
9 10 1 1 100 0.75 9 1532 670 440 221 369 487 388 141
9 10 1 1 100 0.75 9 1533 672 436 210 363 500 401 137
9 10 1 1 100 0.75 9 1534 676 437 213 362 508 409 138
9 10 1 1 100 0.75 9 1535 680 436 205 360 518 419 135
9 10 1 1 100 0.75 9 1536 686 438 198 366 525 426 136
9 10 1 1 100 0.75 9 1537 690 439 212 366 533 434 136
9 10 1 1 100 0.75 9 1538 693 443 220 371 538 439 142
9 10 1 1 100 0.75 9 1539 696 441 210 370 549 450 134
9 10 1 1 100 0.75 9 1540 700 444 217 372 555 456 135
9 10 1 1 100 0.75 9 1541 706 444 201 372 564 465 132
9 10 1 1 100 0.75 9 1542 712 444 200 374 573 474 128
9 10 1 1 100 0.75 9 1543 717 444 203 373 582 483 130
9 10 1 1 100 0.75 9 1544 721 442 189 370 593 494 126
9 10 1 1 100 0.75 9 1545 725 445 195 375 599 500 128
9 10 1 1 100 0.75 9 1546 729 450 198 378 603 504 129
9 10 1 1 100 0.75 9 1547 735 450 192 378 612 513 128
9 10 1 1 100 0.75 9 1548 737 449 191 381 622 523 125
9 10 1 1 100 0.75 9 1549 740 452 193 380 627 529 123
9 10 1 1 100 0.75 9 1550 745 454 204 382 634 536 123
9 10 1 1 100 0.75 9 1551 751 456 186 386 641 543 122
9 10 1 1 100 0.75 9 1552 755 461 195 393 644 547 122
9 10 1 1 100 0.75 9 1553 760 459 188 388 654 558 118
9 10 1 1 100 0.75 9 1554 764 464 196 393 658 562 119
9 10 1 1 100 0.75 9 1555 767 465 194 395 666 570 114
9 10 1 1 100 0.75 9 1556 770 465 175 395 674 579 113
9 10 1 1 100 0.75 9 1557 773 470 188 401 678 583 116
9 10 1 1 100 0.75 9 1558 775 468 185 400 689 594 112
9 10 1 1 100 0.75 9 1559 779 467 179 396 698 604 108
9 10 1 1 100 0.75 9 1560 784 471 171 398 702 609 107
9 10 1 1 100 0.75 9 1561 785 473 185 403 709 616 110
9 10 1 1 100 0.75 9 1562 788 475 183 403 716 623 110
9 10 1 1 100 0.75 9 1563 793 475 180 404 725 632 112
9 10 1 1 100 0.75 9 1564 796 480 186 414 728 636 115
9 10 1 1 100 0.75 9 1565 798 484 186 417 732 641 114
9 10 1 1 100 0.75 9 1566 799 490 193 421 735 644 120
9 10 1 1 100 0.75 9 1567 803 489 180 418 745 654 116
9 10 1 1 100 0.75 9 1568 805 491 190 423 752 661 117
9 10 1 1 100 0.75 9 1569 809 493 187 422 759 668 115
9 10 1 1 100 0.75 9 1570 811 498 186 429 761 672 119
9 10 1 1 100 0.75 9 1571 813 500 192 429 766 679 122
9 10 1 1 100 0.75 9 1572 817 501 196 430 774 687 120
9 10 1 1 100 0.75 9 1573 821 504 194 435 780 693 121
9 10 1 1 100 0.75 9 1574 821 507 194 441 786 699 125
9 10 1 1 100 0.75 9 1575 822 510 183 445 792 705 124
9 10 1 1 100 0.75 9 1576 826 513 187 442 797 711 125
9 10 1 1 100 0.75 9 1577 831 516 184 445 802 717 125
9 10 1 1 100 0.75 9 1578 833 522 184 454 805 720 123
9 10 1 1 100 0.75 9 1579 833 523 189 455 813 728 123
9 10 1 1 100 0.75 9 1580 836 525 217 454 820 735 128
9 10 1 1 100 0.75 9 1581 839 525 176 458 829 744 127
9 10 1 1 100 0.75 9 1582 841 526 197 459 837 752 126
9 10 1 1 100 0.75 9 1583 841 527 199 458 845 760 121
9 10 1 1 100 0.75 9 1584 845 531 212 461 850 765 123
9 10 1 1 100 0.75 9 1585 847 531 183 463 859 774 126
9 10 1 1 100 0.75 9 1586 849 534 187 464 865 780 127
9 10 1 1 100 0.75 9 1587 851 538 182 470 869 785 130
9 10 1 1 100 0.75 9 1588 854 541 191 474 875 791 131
9 10 1 1 100 0.75 9 1589 857 542 196 475 883 799 127
9 10 1 1 100 0.75 9 1590 858 546 204 479 887 804 127
9 10 1 1 100 0.75 9 1590 858 546 546 479 1011 804 127
9 10 1 1 100 0.75 9 1620 858 546 546 479 108 804 127
9 10 1 1 100 0.75 10 1621 0 9 9 0 108 0 0
9 10 1 1 100 0.75 10 1622 0 18 18 0 108 0 0
9 10 1 1 100 0.75 10 1623 0 27 27 0 108 0 0
9 10 1 1 100 0.75 10 1624 0 36 36 0 108 0 0
9 10 1 1 100 0.75 10 1625 0 45 45 0 108 0 0
9 10 1 1 100 0.75 10 1626 0 54 54 0 108 0 0
9 10 1 1 100 0.75 10 1627 0 63 60 0 108 0 0
9 10 1 1 100 0.75 10 1628 1 72 69 0 108 0 0
9 10 1 1 100 0.75 10 1629 4 81 75 1 108 0 0
9 10 1 1 100 0.75 10 1630 12 90 77 4 108 0 0
9 10 1 1 100 0.75 10 1631 15 99 80 12 108 0 0
9 10 1 1 100 0.75 10 1632 21 108 84 15 108 0 0
9 10 1 1 100 0.75 10 1633 28 117 86 21 108 0 0
9 10 1 1 100 0.75 10 1634 37 126 85 28 108 0 0
9 10 1 1 100 0.75 10 1635 43 135 87 37 108 0 0
9 10 1 1 100 0.75 10 1636 50 144 94 43 108 0 2
9 10 1 1 100 0.75 10 1637 56 153 102 50 108 0 8
9 10 1 1 100 0.75 10 1638 59 162 107 56 108 0 10
9 10 1 1 100 0.75 10 1639 66 171 121 59 108 0 14
9 10 1 1 100 0.75 10 1640 74 180 119 66 108 0 20
9 10 1 1 100 0.75 10 1641 83 189 137 74 108 0 28
9 10 1 1 100 0.75 10 1642 95 198 133 83 108 0 31
9 10 1 1 100 0.75 10 1643 99 207 144 95 108 0 36
9 10 1 1 100 0.75 10 1644 110 216 145 99 108 0 38
9 10 1 1 100 0.75 10 1645 118 225 156 110 108 0 43
9 10 1 1 100 0.75 10 1646 123 234 160 118 108 0 47
9 10 1 1 100 0.75 10 1647 125 243 177 123 108 0 53
9 10 1 1 100 0.75 10 1648 131 252 186 125 108 0 61
9 10 1 1 100 0.75 10 1649 136 261 197 131 108 0 66
9 10 1 1 100 0.75 10 1650 144 270 206 136 108 0 73
9 10 1 1 100 0.75 10 1651 149 279 219 144 108 0 80
9 10 1 1 100 0.75 10 1652 155 287 225 148 109 1 85
9 10 1 1 100 0.75 10 1653 162 295 235 153 110 2 86
9 10 1 1 100 0.75 10 1654 169 300 229 156 114 6 86
9 10 1 1 100 0.75 10 1655 174 307 243 161 116 8 88
9 10 1 1 100 0.75 10 1656 185 309 231 159 123 15 85
9 10 1 1 100 0.75 10 1657 196 314 231 166 127 19 85
9 10 1 1 100 0.75 10 1658 203 320 236 174 130 22 84
9 10 1 1 100 0.75 10 1659 214 326 243 178 133 25 91
9 10 1 1 100 0.75 10 1660 221 327 239 181 139 33 84
9 10 1 1 100 0.75 10 1661 234 331 241 183 144 38 85
9 10 1 1 100 0.75 10 1662 237 337 246 193 147 41 86
9 10 1 1 100 0.75 10 1663 243 342 248 192 151 45 89
9 10 1 1 100 0.75 10 1664 256 348 253 195 153 48 93
9 10 1 1 100 0.75 10 1665 269 351 256 202 159 54 94
9 10 1 1 100 0.75 10 1666 283 350 242 205 169 64 94
9 10 1 1 100 0.75 10 1667 298 355 245 215 173 68 97
9 10 1 1 100 0.75 10 1668 307 356 240 222 180 76 98
9 10 1 1 100 0.75 10 1669 317 363 245 229 182 78 101
9 10 1 1 100 0.75 10 1670 325 365 244 232 189 85 97
9 10 1 1 100 0.75 10 1671 334 370 252 237 193 89 103
9 10 1 1 100 0.75 10 1672 344 374 255 241 198 94 106
9 10 1 1 100 0.75 10 1673 359 381 255 249 200 96 116
9 10 1 1 100 0.75 10 1674 370 382 252 256 208 104 117
9 10 1 1 100 0.75 10 1675 379 388 262 264 211 107 124
9 10 1 1 100 0.75 10 1676 388 392 261 270 216 112 125
9 10 1 1 100 0.75 10 1677 400 400 266 278 217 113 132
9 10 1 1 100 0.75 10 1678 413 404 266 287 222 118 135
9 10 1 1 100 0.75 10 1679 425 404 263 291 231 127 133
9 10 1 1 100 0.75 10 1680 432 410 266 301 234 130 138
9 10 1 1 100 0.75 10 1681 441 414 281 304 239 135 144
9 10 1 1 100 0.75 10 1682 452 412 261 303 250 146 138
9 10 1 1 100 0.75 10 1683 460 418 280 313 253 149 149
9 10 1 1 100 0.75 10 1684 473 416 267 310 264 160 146
9 10 1 1 100 0.75 10 1685 487 417 267 317 272 168 147
9 10 1 1 100 0.75 10 1686 496 423 267 329 275 171 151
9 10 1 1 100 0.75 10 1687 504 421 262 327 286 182 151
9 10 1 1 100 0.75 10 1688 518 419 260 325 297 193 147
9 10 1 1 100 0.75 10 1689 523 422 262 333 303 199 150
9 10 1 1 100 0.75 10 1690 535 419 251 327 315 211 142
9 10 1 1 100 0.75 10 1691 541 422 252 334 321 217 145
9 10 1 1 100 0.75 10 1692 552 418 249 329 334 230 144
9 10 1 1 100 0.75 10 1693 558 421 248 335 340 236 148
9 10 1 1 100 0.75 10 1694 568 424 250 338 346 242 148
9 10 1 1 100 0.75 10 1695 576 428 239 343 351 247 151
9 10 1 1 100 0.75 10 1696 583 425 248 342 362 259 150
9 10 1 1 100 0.75 10 1697 588 428 233 347 368 265 148
9 10 1 1 100 0.75 10 1698 596 430 245 350 375 272 149
9 10 1 1 100 0.75 10 1699 602 427 239 348 387 284 145
9 10 1 1 100 0.75 10 1700 609 429 229 350 394 291 146
9 10 1 1 100 0.75 10 1701 618 431 238 354 401 298 149
9 10 1 1 100 0.75 10 1702 622 430 234 357 411 308 146
9 10 1 1 100 0.75 10 1703 628 431 237 357 419 316 146
9 10 1 1 100 0.75 10 1704 634 435 231 361 424 321 145
9 10 1 1 100 0.75 10 1705 640 431 232 356 437 334 140
9 10 1 1 100 0.75 10 1706 651 433 221 356 444 341 140
9 10 1 1 100 0.75 10 1707 655 431 230 360 455 352 135
9 10 1 1 100 0.75 10 1708 663 433 225 361 461 359 140
9 10 1 1 100 0.75 10 1709 666 434 219 363 469 367 145
9 10 1 1 100 0.75 10 1710 670 438 222 366 474 372 146
9 10 1 1 100 0.75 10 1711 671 434 204 363 487 385 139
9 10 1 1 100 0.75 10 1712 676 435 225 360 495 393 136
9 10 1 1 100 0.75 10 1713 683 435 203 361 504 402 134
9 10 1 1 100 0.75 10 1714 691 436 218 363 512 410 134
9 10 1 1 100 0.75 10 1715 693 439 215 370 518 416 141
9 10 1 1 100 0.75 10 1716 697 440 214 366 526 424 140
9 10 1 1 100 0.75 10 1717 705 440 222 368 535 433 139
9 10 1 1 100 0.75 10 1718 711 442 205 373 542 440 135
9 10 1 1 100 0.75 10 1719 716 445 210 374 548 446 132
9 10 1 1 100 0.75 10 1720 719 444 206 373 558 456 131
9 10 1 1 100 0.75 10 1721 726 448 215 376 563 461 133
9 10 1 1 100 0.75 10 1722 728 449 208 380 571 469 131
9 10 1 1 100 0.75 10 1723 734 446 203 372 583 481 123
9 10 1 1 100 0.75 10 1724 738 446 193 375 592 490 122
9 10 1 1 100 0.75 10 1725 744 445 189 372 602 500 120
9 10 1 1 100 0.75 10 1726 750 447 190 378 609 507 119
9 10 1 1 100 0.75 10 1727 754 452 183 385 613 511 120
9 10 1 1 100 0.75 10 1728 757 452 197 383 621 520 121
9 10 1 1 100 0.75 10 1729 759 454 195 384 628 527 121
9 10 1 1 100 0.75 10 1730 764 456 195 385 635 534 119
9 10 1 1 100 0.75 10 1731 768 453 180 383 647 546 113
9 10 1 1 100 0.75 10 1732 772 459 175 389 650 549 115
9 10 1 1 100 0.75 10 1733 778 465 212 395 653 552 126
9 10 1 1 100 0.75 10 1734 783 463 193 394 663 563 122
9 10 1 1 100 0.75 10 1735 789 462 194 392 673 573 115
9 10 1 1 100 0.75 10 1736 790 464 195 395 679 580 112
9 10 1 1 100 0.75 10 1737 794 467 190 396 685 586 111
9 10 1 1 100 0.75 10 1738 795 472 202 403 689 590 112
9 10 1 1 100 0.75 10 1739 798 472 181 403 697 599 111
9 10 1 1 100 0.75 10 1740 803 478 198 408 700 602 113
9 10 1 1 100 0.75 10 1741 804 481 191 413 706 608 114
9 10 1 1 100 0.75 10 1742 804 484 211 414 712 614 118
9 10 1 1 100 0.75 10 1743 806 485 188 414 720 622 114
9 10 1 1 100 0.75 10 1744 808 486 185 418 726 630 114
9 10 1 1 100 0.75 10 1745 813 488 182 420 733 637 118
9 10 1 1 100 0.75 10 1746 817 490 190 422 740 644 117
9 10 1 1 100 0.75 10 1747 818 494 194 425 745 649 122
9 10 1 1 100 0.75 10 1748 820 500 176 432 748 652 123
9 10 1 1 100 0.75 10 1749 821 501 174 432 756 660 121
9 10 1 1 100 0.75 10 1750 824 504 193 433 762 666 122
9 10 1 1 100 0.75 10 1751 828 504 184 436 771 675 121
9 10 1 1 100 0.75 10 1752 829 505 190 437 778 683 117
9 10 1 1 100 0.75 10 1753 831 507 199 440 785 690 116
9 10 1 1 100 0.75 10 1754 837 513 184 444 788 693 123
9 10 1 1 100 0.75 10 1755 841 518 181 449 792 697 128
9 10 1 1 100 0.75 10 1756 842 513 182 443 805 711 118
9 10 1 1 100 0.75 10 1757 844 516 177 445 810 717 118
9 10 1 1 100 0.75 10 1758 847 523 194 454 812 719 126
9 10 1 1 100 0.75 10 1759 851 526 185 456 818 725 126
9 10 1 1 100 0.75 10 1760 852 530 211 462 823 730 127
9 10 1 1 100 0.75 10 1761 855 520 175 453 842 749 114
9 10 1 1 100 0.75 10 1762 859 520 165 452 851 758 113
9 10 1 1 100 0.75 10 1763 862 527 192 459 853 760 118
9 10 1 1 100 0.75 10 1764 866 531 196 460 857 765 119
9 10 1 1 100 0.75 10 1765 867 534 194 466 862 771 120
9 10 1 1 100 0.75 10 1766 870 534 185 463 871 780 114
9 10 1 1 100 0.75 10 1767 872 540 189 471 874 783 119
9 10 1 1 100 0.75 10 1768 872 541 184 472 882 791 119
9 10 1 1 100 0.75 10 1769 874 540 180 470 892 801 115
9 10 1 1 100 0.75 10 1770 875 547 189 480 894 803 120
9 10 1 1 100 0.75 10 1770 875 547 547 480 1014 803 120
9 10 1 1 100 0.75 10 1800 875 547 547 480 108 803 120
