4 30 5 1 100 0.75 1 1 0 4 4 0 100 0 0
4 30 5 1 100 0.75 1 2 0 8 8 0 100 0 0
4 30 5 1 100 0.75 1 3 0 12 12 0 100 0 0
4 30 5 1 100 0.75 1 4 0 16 16 0 100 0 0
4 30 5 1 100 0.75 1 5 0 20 20 0 100 0 0
4 30 5 1 100 0.75 1 6 0 24 24 0 100 0 0
4 30 5 1 100 0.75 1 7 0 28 28 0 100 0 0
4 30 5 1 100 0.75 1 8 1 32 30 0 100 0 0
4 30 5 1 100 0.75 1 9 1 36 35 1 99 0 0
4 30 5 1 100 0.75 1 10 5 40 32 1 99 0 0
4 30 5 1 100 0.75 1 11 5 44 39 5 99 0 0
4 30 5 1 100 0.75 1 12 9 48 39 5 99 0 0
4 30 5 1 100 0.75 1 13 10 52 41 9 99 0 0
4 30 5 1 100 0.75 1 14 15 56 40 10 99 0 0
4 30 5 1 100 0.75 1 15 19 60 42 15 99 0 1
4 30 5 1 100 0.75 1 16 23 64 41 19 99 0 1
4 30 5 1 100 0.75 1 17 25 68 48 23 99 0 4
4 30 5 1 100 0.75 1 18 26 72 47 25 99 0 4
4 30 5 1 100 0.75 1 19 28 76 52 26 99 0 5
4 30 5 1 100 0.75 1 20 33 80 56 28 99 0 6
4 30 5 1 100 0.75 1 21 35 84 56 33 99 0 8
4 30 5 1 100 0.75 1 22 37 88 63 35 99 0 9
4 30 5 1 100 0.75 1 23 39 92 70 37 99 0 13
4 30 5 1 100 0.75 1 24 43 96 70 39 99 0 17
4 30 5 1 100 0.75 1 25 45 100 76 43 99 0 18
4 30 5 1 100 0.75 1 26 47 104 77 45 99 0 18
4 30 5 1 100 0.75 1 27 53 108 83 47 99 0 22
4 30 5 1 100 0.75 1 28 56 112 85 53 99 0 24
4 30 5 1 100 0.75 1 29 57 116 90 56 99 0 25
4 30 5 1 100 0.75 1 30 60 119 95 56 100 1 28
4 30 5 1 100 0.75 1 31 64 123 95 59 100 1 29
4 30 5 1 100 0.75 1 32 68 127 98 63 100 1 33
4 30 5 1 100 0.75 1 33 70 130 96 66 101 2 32
4 30 5 1 100 0.75 1 34 71 134 108 68 101 2 33
4 30 5 1 100 0.75 1 35 77 137 106 68 102 3 35
4 30 5 1 100 0.75 1 36 82 139 105 72 104 5 36
4 30 5 1 100 0.75 1 37 85 141 106 75 106 7 35
4 30 5 1 100 0.75 1 38 91 144 105 77 107 8 37
4 30 5 1 100 0.75 1 39 96 145 104 80 110 11 38
4 30 5 1 100 0.75 1 40 98 148 109 84 111 12 38
4 30 5 1 100 0.75 1 41 104 151 104 85 112 13 39
4 30 5 1 100 0.75 1 42 106 151 108 87 116 17 38
4 30 5 1 100 0.75 1 43 110 152 110 86 119 20 39
4 30 5 1 100 0.75 1 44 117 155 110 89 120 21 41
4 30 5 1 100 0.75 1 45 121 159 117 96 120 21 45
4 30 5 1 100 0.75 1 46 123 160 111 97 123 24 45
4 30 5 1 100 0.75 1 47 129 160 116 95 127 28 45
4 30 5 1 100 0.75 1 48 132 161 115 99 130 31 47
4 30 5 1 100 0.75 1 49 135 165 124 102 130 31 48
4 30 5 1 100 0.75 1 50 136 168 126 104 131 32 51
4 30 5 1 100 0.75 1 51 141 169 128 102 134 35 54
4 30 5 1 100 0.75 1 52 147 171 130 105 136 37 56
4 30 5 1 100 0.75 1 53 151 173 129 109 138 39 55
4 30 5 1 100 0.75 1 54 157 173 128 109 142 43 55
4 30 5 1 100 0.75 1 55 162 174 130 112 145 46 54
4 30 5 1 100 0.75 1 56 163 176 125 115 147 48 56
4 30 5 1 100 0.75 1 57 168 179 130 115 148 49 56
4 30 5 1 100 0.75 1 58 172 180 129 117 151 52 54
4 30 5 1 100 0.75 1 59 178 180 125 117 155 56 54
4 30 5 1 100 0.75 1 60 182 182 132 121 157 58 55
4 30 5 1 100 0.75 1 61 188 184 127 123 159 60 59
4 30 5 1 100 0.75 1 62 195 183 125 124 163 65 56
4 30 5 1 100 0.75 1 63 200 187 121 131 163 65 59
4 30 5 1 100 0.75 1 64 205 186 119 131 168 70 56
4 30 5 1 100 0.75 1 65 208 187 121 134 171 73 57
4 30 5 1 100 0.75 1 66 208 188 122 134 174 76 59
4 30 5 1 100 0.75 1 67 217 189 123 132 177 79 61
4 30 5 1 100 0.75 1 68 221 186 120 134 184 86 58
4 30 5 1 100 0.75 1 69 223 185 121 133 189 91 58
4 30 5 1 100 0.75 1 70 231 186 118 132 192 94 58
4 30 5 1 100 0.75 1 71 236 186 118 137 196 98 58
4 30 5 1 100 0.75 1 72 241 187 112 140 199 101 58
4 30 5 1 100 0.75 1 73 246 190 117 144 200 102 61
4 30 5 1 100 0.75 1 74 248 192 111 148 202 104 63
4 30 5 1 100 0.75 1 75 256 194 123 149 204 106 64
4 30 5 1 100 0.75 1 76 258 196 113 156 206 108 64
4 30 5 1 100 0.75 1 77 265 194 108 153 212 114 62
4 30 5 1 100 0.75 1 78 268 198 115 160 211 114 66
4 30 5 1 100 0.75 1 79 270 196 120 159 217 120 65
4 30 5 1 100 0.75 1 80 274 195 116 157 222 125 65
4 30 5 1 100 0.75 1 81 277 195 122 157 226 129 63
4 30 5 1 100 0.75 1 82 282 197 118 159 228 131 64
4 30 5 1 100 0.75 1 83 285 198 121 161 231 134 66
4 30 5 1 100 0.75 1 84 292 198 118 161 235 138 65
4 30 5 1 100 0.75 1 85 296 197 120 163 240 143 67
4 30 5 1 100 0.75 1 86 298 198 109 164 242 146 66
4 30 5 1 100 0.75 1 87 300 198 108 163 246 150 64
4 30 5 1 100 0.75 1 88 302 199 121 164 249 153 64
4 30 5 1 100 0.75 1 89 307 198 123 162 254 158 62
4 30 5 1 100 0.75 1 90 311 199 116 164 257 161 62
4 30 5 1 100 0.75 1 91 313 200 109 165 260 164 61
4 30 5 1 100 0.75 1 92 320 201 111 164 263 167 66
4 30 5 1 100 0.75 1 93 324 200 114 166 268 172 65
4 30 5 1 100 0.75 1 94 329 200 114 168 272 176 64
4 30 5 1 100 0.75 1 95 332 199 112 168 276 181 62
4 30 5 1 100 0.75 1 96 334 200 112 168 279 184 64
4 30 5 1 100 0.75 1 97 336 201 110 167 282 187 64
4 30 5 1 100 0.75 1 98 342 201 108 166 286 191 63
4 30 5 1 100 0.75 1 99 346 203 107 172 288 193 66
4 30 5 1 100 0.75 1 100 347 204 113 173 291 196 64
4 30 5 1 100 0.75 1 101 351 204 109 170 295 200 67
4 30 5 1 100 0.75 1 102 352 201 110 168 302 207 61
4 30 5 1 100 0.75 1 103 356 203 103 167 304 209 60
4 30 5 1 100 0.75 1 104 357 202 105 168 309 214 58
4 30 5 1 100 0.75 1 105 358 204 102 170 311 216 60
4 30 5 1 100 0.75 1 106 366 204 111 168 315 220 61
4 30 5 1 100 0.75 1 107 369 205 108 173 318 223 61
4 30 5 1 100 0.75 1 108 371 208 116 175 318 224 62
4 30 5 1 100 0.75 1 109 373 210 111 176 320 226 63
4 30 5 1 100 0.75 1 110 374 208 113 173 326 232 57
4 30 5 1 100 0.75 1 111 377 204 98 168 334 240 54
4 30 5 1 100 0.75 1 112 379 204 108 171 338 244 52
4 30 5 1 100 0.75 1 113 381 206 101 173 340 246 53
4 30 5 1 100 0.75 1 114 385 208 113 175 342 248 57
4 30 5 1 100 0.75 1 115 388 207 108 176 346 253 55
4 30 5 1 100 0.75 1 116 388 208 106 178 349 256 54
4 30 5 1 100 0.75 1 117 390 210 110 178 351 258 54
4 30 5 1 100 0.75 1 118 393 212 115 179 353 260 57
4 30 5 1 100 0.75 1 119 396 208 112 174 361 268 53
4 30 5 1 100 0.75 1 120 399 211 109 178 362 269 54
4 30 5 1 100 0.75 1 121 402 214 107 182 363 270 57
4 30 5 1 100 0.75 1 122 404 213 110 182 368 275 57
4 30 5 1 100 0.75 1 123 406 214 110 181 371 278 54
4 30 5 1 100 0.75 1 124 409 218 110 184 371 278 55
4 30 5 1 100 0.75 1 125 410 217 107 183 376 283 51
4 30 5 1 100 0.75 1 126 414 217 108 181 380 287 52
4 30 5 1 100 0.75 1 127 418 217 107 183 384 291 50
4 30 5 1 100 0.75 1 128 423 221 112 188 384 291 55
4 30 5 1 100 0.75 1 129 426 222 107 190 387 294 54
4 30 5 1 100 0.75 1 130 429 224 103 193 388 296 54
4 30 5 1 100 0.75 1 131 431 224 103 194 392 300 51
4 30 5 1 100 0.75 1 132 433 223 103 193 397 305 49
4 30 5 1 100 0.75 1 133 434 225 115 195 399 307 49
4 30 5 1 100 0.75 1 134 435 228 114 196 400 308 53
4 30 5 1 100 0.75 1 135 440 221 104 187 411 319 47
4 30 5 1 100 0.75 1 136 442 223 99 192 413 321 49
4 30 5 1 100 0.75 1 137 444 225 97 193 414 323 50
4 30 5 1 100 0.75 1 138 449 226 115 194 417 326 51
4 30 5 1 100 0.75 1 139 451 229 110 198 418 327 55
4 30 5 1 100 0.75 1 140 453 230 109 197 421 330 54
4 30 5 1 100 0.75 1 141 455 232 109 199 423 332 54
4 30 5 1 100 0.75 1 142 459 233 115 200 426 335 53
4 30 5 1 100 0.75 1 143 462 234 109 202 429 338 56
4 30 5 1 100 0.75 1 144 465 237 109 206 430 339 56
4 30 5 1 100 0.75 1 145 467 238 116 208 433 342 56
4 30 5 1 100 0.75 1 146 471 238 107 207 437 346 53
4 30 5 1 100 0.75 1 147 474 240 110 211 439 348 53
4 30 5 1 100 0.75 1 148 476 241 111 211 442 351 53
4 30 5 1 100 0.75 1 149 476 244 112 214 443 352 55
4 30 5 1 100 0.75 1 150 476 244 106 211 447 356 57
4 30 5 1 100 0.75 1 150 476 244 244 211 504 356 57
4 30 5 1 100 0.75 1 180 476 244 244 211 293 356 57
4 30 5 1 100 0.75 2 181 0 4 4 0 293 0 0
4 30 5 1 100 0.75 2 182 0 8 8 0 293 0 0
4 30 5 1 100 0.75 2 183 0 12 12 0 293 0 0
4 30 5 1 100 0.75 2 184 0 16 15 0 293 0 0
4 30 5 1 100 0.75 2 185 0 20 20 0 293 0 0
4 30 5 1 100 0.75 2 186 0 24 24 0 293 0 0
4 30 5 1 100 0.75 2 187 0 28 27 0 293 0 0
4 30 5 1 100 0.75 2 188 0 32 31 0 293 0 0
4 30 5 1 100 0.75 2 189 0 36 36 0 293 0 0
4 30 5 1 100 0.75 2 190 3 40 35 0 293 0 0
4 30 5 1 100 0.75 2 191 8 44 33 3 293 0 0
4 30 5 1 100 0.75 2 192 13 48 34 8 293 0 0
4 30 5 1 100 0.75 2 193 14 52 35 13 293 0 0
4 30 5 1 100 0.75 2 194 20 56 33 14 293 0 0
4 30 5 1 100 0.75 2 195 27 60 32 20 293 0 0
4 30 5 1 100 0.75 2 196 28 64 32 27 293 0 0
4 30 5 1 100 0.75 2 197 32 68 36 28 293 0 2
4 30 5 1 100 0.75 2 198 35 72 39 32 293 0 5
4 30 5 1 100 0.75 2 199 37 76 46 35 293 0 9
4 30 5 1 100 0.75 2 200 40 80 44 37 293 0 11
4 30 5 1 100 0.75 2 201 46 84 48 40 292 0 15
4 30 5 1 100 0.75 2 202 54 88 46 46 292 0 19
4 30 5 1 100 0.75 2 203 58 92 51 54 292 0 23
4 30 5 1 100 0.75 2 204 61 96 59 58 292 0 26
4 30 5 1 100 0.75 2 205 68 100 53 61 292 0 26
4 30 5 1 100 0.75 2 206 69 104 53 68 292 0 30
4 30 5 1 100 0.75 2 207 77 108 53 69 291 0 31
4 30 5 1 100 0.75 2 208 80 112 60 77 291 0 35
4 30 5 1 100 0.75 2 209 84 116 63 80 291 0 38
4 30 5 1 100 0.75 2 210 89 120 65 84 291 0 46
4 30 5 1 100 0.75 2 211 93 124 66 89 291 0 48
4 30 5 1 100 0.75 2 212 97 127 74 92 292 1 51
4 30 5 1 100 0.75 2 213 100 130 76 95 293 2 52
4 30 5 1 100 0.75 2 214 108 134 80 98 293 2 55
4 30 5 1 100 0.75 2 215 111 137 73 105 294 3 58
4 30 5 1 100 0.75 2 216 114 139 81 106 296 5 56
4 30 5 1 100 0.75 2 217 117 141 87 107 298 7 57
4 30 5 1 100 0.75 2 218 120 141 83 106 302 11 59
4 30 5 1 100 0.75 2 219 124 137 65 101 310 19 54
4 30 5 1 100 0.75 2 220 128 139 75 103 312 21 55
4 30 5 1 100 0.75 2 221 135 141 72 105 314 23 59
4 30 5 1 100 0.75 2 222 137 141 78 108 318 27 59
4 30 5 1 100 0.75 2 223 142 142 77 107 321 30 58
4 30 5 1 100 0.75 2 224 147 144 81 110 323 32 58
4 30 5 1 100 0.75 2 225 152 145 74 112 326 35 55
4 30 5 1 100 0.75 2 226 157 146 80 114 329 38 54
4 30 5 1 100 0.75 2 227 159 144 73 113 335 44 51
4 30 5 1 100 0.75 2 228 165 145 69 112 338 47 51
4 30 5 1 100 0.75 2 229 168 148 81 117 339 48 57
4 30 5 1 100 0.75 2 230 171 149 72 117 342 51 55
4 30 5 1 100 0.75 2 231 173 150 82 117 345 54 55
4 30 5 1 100 0.75 2 232 179 153 79 118 346 55 57
4 30 5 1 100 0.75 2 233 186 153 83 120 350 59 56
4 30 5 1 100 0.75 2 234 187 151 73 121 356 65 51
4 30 5 1 100 0.75 2 235 189 151 82 118 360 69 52
4 30 5 1 100 0.75 2 236 192 155 74 120 359 69 55
4 30 5 1 100 0.75 2 237 198 153 70 119 365 75 51
4 30 5 1 100 0.75 2 238 201 151 77 119 371 81 49
4 30 5 1 100 0.75 2 239 206 153 68 121 373 83 50
4 30 5 1 100 0.75 2 240 209 152 80 121 378 88 53
4 30 5 1 100 0.75 2 241 211 154 77 122 380 90 51
4 30 5 1 100 0.75 2 242 216 157 81 123 381 91 52
4 30 5 1 100 0.75 2 243 221 159 80 126 383 93 54
4 30 5 1 100 0.75 2 244 223 161 84 129 385 95 56
4 30 5 1 100 0.75 2 245 224 162 87 129 388 98 55
4 30 5 1 100 0.75 2 246 227 164 92 129 390 100 55
4 30 5 1 100 0.75 2 247 232 166 84 130 392 102 55
4 30 5 1 100 0.75 2 248 237 166 85 131 395 106 55
4 30 5 1 100 0.75 2 249 240 166 81 132 399 110 53
4 30 5 1 100 0.75 2 250 244 167 86 133 402 113 52
4 30 5 1 100 0.75 2 251 252 169 73 135 404 115 52
4 30 5 1 100 0.75 2 252 252 169 75 140 407 119 50
4 30 5 1 100 0.75 2 253 256 173 88 141 407 119 52
4 30 5 1 100 0.75 2 254 260 171 81 139 413 125 50
4 30 5 1 100 0.75 2 255 263 172 85 140 416 128 51
4 30 5 1 100 0.75 2 256 268 174 84 141 418 130 52
4 30 5 1 100 0.75 2 257 273 173 77 141 422 135 49
4 30 5 1 100 0.75 2 258 275 173 85 142 426 139 50
4 30 5 1 100 0.75 2 259 279 175 81 144 428 141 52
4 30 5 1 100 0.75 2 260 283 176 82 145 430 144 51
4 30 5 1 100 0.75 2 261 285 175 77 145 435 149 48
4 30 5 1 100 0.75 2 262 289 176 82 144 438 152 47
4 30 5 1 100 0.75 2 263 292 177 82 145 441 155 44
4 30 5 1 100 0.75 2 264 296 180 79 148 441 156 49
4 30 5 1 100 0.75 2 265 298 183 83 152 442 157 48
4 30 5 1 100 0.75 2 266 304 184 93 151 445 160 49
4 30 5 1 100 0.75 2 267 308 185 82 154 448 163 50
4 30 5 1 100 0.75 2 268 308 183 78 152 454 169 45
4 30 5 1 100 0.75 2 269 315 186 81 152 455 170 45
4 30 5 1 100 0.75 2 270 318 188 90 158 457 172 48
4 30 5 1 100 0.75 2 271 320 192 86 161 457 172 50
4 30 5 1 100 0.75 2 272 325 189 87 156 463 179 47
4 30 5 1 100 0.75 2 273 327 190 79 158 466 182 47
4 30 5 1 100 0.75 2 274 330 191 86 157 469 185 48
4 30 5 1 100 0.75 2 275 333 193 91 160 471 187 47
4 30 5 1 100 0.75 2 276 337 192 83 159 475 192 48
4 30 5 1 100 0.75 2 277 339 196 86 163 474 192 51
4 30 5 1 100 0.75 2 278 344 197 89 164 477 195 51
4 30 5 1 100 0.75 2 279 346 199 85 168 479 197 53
4 30 5 1 100 0.75 2 280 350 198 87 166 484 202 50
4 30 5 1 100 0.75 2 281 353 201 91 170 485 203 50
4 30 5 1 100 0.75 2 282 354 203 90 174 487 205 55
4 30 5 1 100 0.75 2 283 356 203 84 172 491 209 53
4 30 5 1 100 0.75 2 284 361 205 80 174 493 211 55
4 30 5 1 100 0.75 2 285 362 207 92 177 495 213 55
4 30 5 1 100 0.75 2 286 366 206 81 174 500 218 55
4 30 5 1 100 0.75 2 287 367 207 80 178 503 221 52
4 30 5 1 100 0.75 2 288 369 211 91 181 502 221 59
4 30 5 1 100 0.75 2 289 373 213 93 182 504 223 60
4 30 5 1 100 0.75 2 290 376 214 93 184 506 226 60
4 30 5 1 100 0.75 2 291 378 217 102 187 507 227 63
4 30 5 1 100 0.75 2 292 383 213 88 181 515 235 58
4 30 5 1 100 0.75 2 293 385 214 103 183 518 238 59
4 30 5 1 100 0.75 2 294 387 214 94 183 522 242 57
4 30 5 1 100 0.75 2 295 391 216 92 183 522 244 58
4 30 5 1 100 0.75 2 296 392 218 84 187 522 246 59
4 30 5 1 100 0.75 2 297 394 219 91 187 525 249 58
4 30 5 1 100 0.75 2 298 398 218 88 186 530 254 55
4 30 5 1 100 0.75 2 299 401 217 95 185 535 259 52
4 30 5 1 100 0.75 2 300 406 218 94 186 538 262 53
4 30 5 1 100 0.75 2 301 406 218 92 189 542 266 51
4 30 5 1 100 0.75 2 302 408 220 88 188 544 268 53
4 30 5 1 100 0.75 2 303 411 223 89 192 545 269 55
4 30 5 1 100 0.75 2 304 414 222 93 193 550 274 55
4 30 5 1 100 0.75 2 305 416 223 82 193 552 277 54
4 30 5 1 100 0.75 2 306 420 223 90 192 556 281 53
4 30 5 1 100 0.75 2 307 423 225 79 195 558 283 55
4 30 5 1 100 0.75 2 308 424 226 89 196 560 286 56
4 30 5 1 100 0.75 2 309 428 224 85 193 566 292 52
4 30 5 1 100 0.75 2 310 429 225 88 195 569 295 51
4 30 5 1 100 0.75 2 311 432 223 85 191 575 301 48
4 30 5 1 100 0.75 2 312 435 226 78 193 575 302 49
4 30 5 1 100 0.75 2 313 437 229 89 197 576 303 51
4 30 5 1 100 0.75 2 314 440 232 85 199 577 304 54
4 30 5 1 100 0.75 2 315 442 235 90 203 577 305 54
4 30 5 1 100 0.75 2 316 446 235 97 203 580 309 54
4 30 5 1 100 0.75 2 317 447 235 97 205 584 313 53
4 30 5 1 100 0.75 2 318 449 236 90 205 587 316 51
4 30 5 1 100 0.75 2 319 450 236 83 205 591 320 52
4 30 5 1 100 0.75 2 320 453 238 104 208 593 322 52
4 30 5 1 100 0.75 2 321 455 237 92 207 598 327 48
4 30 5 1 100 0.75 2 322 457 236 93 206 603 332 47
4 30 5 1 100 0.75 2 323 457 237 91 207 605 335 48
4 30 5 1 100 0.75 2 324 461 239 86 207 607 337 50
4 30 5 1 100 0.75 2 325 462 241 90 212 609 339 49
4 30 5 1 100 0.75 2 326 464 239 86 210 615 345 47
4 30 5 1 100 0.75 2 327 467 241 98 210 617 347 51
4 30 5 1 100 0.75 2 328 467 244 95 213 618 348 52
4 30 5 1 100 0.75 2 329 471 245 93 212 621 351 51
4 30 5 1 100 0.75 2 330 474 248 88 218 621 352 53
4 30 5 1 100 0.75 2 330 474 248 248 218 673 352 53
4 30 5 1 100 0.75 2 360 474 248 248 218 309 352 53
4 30 5 1 100 0.75 3 361 0 4 4 0 309 0 0
4 30 5 1 100 0.75 3 362 0 8 8 0 309 0 0
4 30 5 1 100 0.75 3 363 0 12 12 0 309 0 0
4 30 5 1 100 0.75 3 364 0 16 15 0 309 0 0
4 30 5 1 100 0.75 3 365 0 20 20 0 309 0 0
4 30 5 1 100 0.75 3 366 0 24 22 0 309 0 0
4 30 5 1 100 0.75 3 367 0 28 26 0 309 0 0
4 30 5 1 100 0.75 3 368 0 32 30 0 309 0 0
4 30 5 1 100 0.75 3 369 1 36 34 0 309 0 0
4 30 5 1 100 0.75 3 370 6 40 31 1 309 0 0
4 30 5 1 100 0.75 3 371 7 44 36 6 309 0 0
4 30 5 1 100 0.75 3 372 11 48 33 7 308 0 0
4 30 5 1 100 0.75 3 373 16 52 33 11 308 0 0
4 30 5 1 100 0.75 3 374 20 56 31 16 307 0 0
4 30 5 1 100 0.75 3 375 25 60 29 20 307 0 0
4 30 5 1 100 0.75 3 376 30 64 27 25 307 0 0
4 30 5 1 100 0.75 3 377 35 68 33 30 307 0 2
4 30 5 1 100 0.75 3 378 37 72 35 35 307 0 4
4 30 5 1 100 0.75 3 379 41 76 37 37 307 0 5
4 30 5 1 100 0.75 3 380 44 80 41 41 307 0 9
4 30 5 1 100 0.75 3 381 47 84 43 44 307 0 14
4 30 5 1 100 0.75 3 382 52 88 48 47 307 0 19
4 30 5 1 100 0.75 3 383 55 92 50 52 307 0 22
4 30 5 1 100 0.75 3 384 62 96 52 55 307 0 26
4 30 5 1 100 0.75 3 385 67 100 50 62 307 0 28
4 30 5 1 100 0.75 3 386 70 104 54 67 307 0 29
4 30 5 1 100 0.75 3 387 79 108 57 70 307 0 32
4 30 5 1 100 0.75 3 388 82 112 58 79 306 0 34
4 30 5 1 100 0.75 3 389 86 116 61 82 306 0 37
4 30 5 1 100 0.75 3 390 88 120 67 86 306 0 40
4 30 5 1 100 0.75 3 391 94 124 71 88 306 0 44
4 30 5 1 100 0.75 3 392 97 128 77 94 306 0 50
4 30 5 1 100 0.75 3 393 104 132 76 97 306 0 53
4 30 5 1 100 0.75 3 394 108 136 73 104 306 0 59
4 30 5 1 100 0.75 3 395 113 140 86 108 306 0 65
4 30 5 1 100 0.75 3 396 119 141 82 110 309 3 63
4 30 5 1 100 0.75 3 397 120 137 75 108 317 11 57
4 30 5 1 100 0.75 3 398 126 140 79 108 318 12 59
4 30 5 1 100 0.75 3 399 129 139 77 109 323 17 59
4 30 5 1 100 0.75 3 400 131 139 85 108 327 21 58
4 30 5 1 100 0.75 3 401 135 143 80 110 327 21 63
4 30 5 1 100 0.75 3 402 139 143 89 110 331 25 63
4 30 5 1 100 0.75 3 403 145 144 86 111 334 28 64
4 30 5 1 100 0.75 3 404 146 144 78 113 338 32 61
4 30 5 1 100 0.75 3 405 151 148 86 114 338 32 63
4 30 5 1 100 0.75 3 406 156 150 90 117 340 34 65
4 30 5 1 100 0.75 3 407 160 149 81 117 345 39 60
4 30 5 1 100 0.75 3 408 165 151 78 119 347 41 60
4 30 5 1 100 0.75 3 409 169 152 80 121 350 44 62
4 30 5 1 100 0.75 3 410 173 150 73 119 356 50 59
4 30 5 1 100 0.75 3 411 177 148 78 117 362 56 54
4 30 5 1 100 0.75 3 412 180 148 82 117 366 60 52
4 30 5 1 100 0.75 3 413 186 149 77 117 369 63 53
4 30 5 1 100 0.75 3 414 187 147 76 117 375 69 52
4 30 5 1 100 0.75 3 415 190 150 79 117 376 70 54
4 30 5 1 100 0.75 3 416 196 154 85 120 376 70 58
4 30 5 1 100 0.75 3 417 198 154 78 122 380 74 56
4 30 5 1 100 0.75 3 418 202 151 82 117 387 81 50
4 30 5 1 100 0.75 3 419 204 149 76 115 393 87 47
4 30 5 1 100 0.75 3 420 209 152 81 116 394 88 51
4 30 5 1 100 0.75 3 421 213 152 76 118 397 92 48
4 30 5 1 100 0.75 3 422 219 155 67 121 398 93 49
4 30 5 1 100 0.75 3 423 223 155 73 123 402 97 52
4 30 5 1 100 0.75 3 424 226 158 77 126 403 98 52
4 30 5 1 100 0.75 3 425 228 160 75 127 405 100 52
4 30 5 1 100 0.75 3 426 233 160 71 126 409 104 51
4 30 5 1 100 0.75 3 427 236 163 84 130 410 105 53
4 30 5 1 100 0.75 3 428 241 165 73 131 412 107 53
4 30 5 1 100 0.75 3 429 243 164 78 133 417 112 51
4 30 5 1 100 0.75 3 430 247 165 76 132 419 115 53
4 30 5 1 100 0.75 3 431 249 165 79 132 423 119 53
4 30 5 1 100 0.75 3 432 255 167 73 132 425 121 53
4 30 5 1 100 0.75 3 433 257 167 72 137 429 125 53
4 30 5 1 100 0.75 3 434 260 169 71 139 431 127 53
4 30 5 1 100 0.75 3 435 262 170 74 140 433 130 53
4 30 5 1 100 0.75 3 436 263 171 80 139 436 133 53
4 30 5 1 100 0.75 3 437 266 172 77 141 439 136 55
4 30 5 1 100 0.75 3 438 267 172 77 142 443 140 52
4 30 5 1 100 0.75 3 439 271 174 81 142 445 142 53
4 30 5 1 100 0.75 3 440 274 174 80 143 449 146 55
4 30 5 1 100 0.75 3 441 274 177 84 145 450 147 55
4 30 5 1 100 0.75 3 442 278 178 80 143 453 150 53
4 30 5 1 100 0.75 3 443 283 179 84 146 456 153 53
4 30 5 1 100 0.75 3 444 286 177 84 146 462 159 51
4 30 5 1 100 0.75 3 445 287 180 87 149 463 160 51
4 30 5 1 100 0.75 3 446 289 178 74 145 469 166 49
4 30 5 1 100 0.75 3 447 290 179 84 147 472 169 48
4 30 5 1 100 0.75 3 448 295 181 76 147 474 171 48
4 30 5 1 100 0.75 3 449 301 184 80 151 475 172 50
4 30 5 1 100 0.75 3 450 302 184 82 155 479 176 49
4 30 5 1 100 0.75 3 451 304 187 76 156 480 177 50
4 30 5 1 100 0.75 3 452 307 189 82 157 482 179 51
4 30 5 1 100 0.75 3 453 311 189 87 157 486 183 50
4 30 5 1 100 0.75 3 454 313 192 77 163 487 184 51
4 30 5 1 100 0.75 3 455 317 189 85 158 493 191 49
4 30 5 1 100 0.75 3 456 320 191 80 160 494 193 51
4 30 5 1 100 0.75 3 457 324 193 80 161 496 195 52
4 30 5 1 100 0.75 3 458 328 191 83 160 502 201 49
4 30 5 1 100 0.75 3 459 329 193 78 163 504 203 49
4 30 5 1 100 0.75 3 460 335 196 91 163 505 204 52
4 30 5 1 100 0.75 3 461 339 197 86 166 508 207 51
4 30 5 1 100 0.75 3 462 343 199 76 170 510 209 50
4 30 5 1 100 0.75 3 463 344 200 81 171 512 212 51
4 30 5 1 100 0.75 3 464 347 199 83 167 517 217 49
4 30 5 1 100 0.75 3 465 351 202 91 169 518 218 53
4 30 5 1 100 0.75 3 466 355 203 80 170 521 221 53
4 30 5 1 100 0.75 3 467 359 206 92 174 522 222 55
4 30 5 1 100 0.75 3 468 359 207 73 175 525 225 56
4 30 5 1 100 0.75 3 469 362 208 89 175 528 228 58
4 30 5 1 100 0.75 3 470 366 207 77 174 533 233 53
4 30 5 1 100 0.75 3 471 369 209 84 178 535 235 53
4 30 5 1 100 0.75 3 472 371 210 74 181 538 238 54
4 30 5 1 100 0.75 3 473 373 212 80 183 539 240 53
4 30 5 1 100 0.75 3 474 375 212 72 182 543 244 53
4 30 5 1 100 0.75 3 475 378 211 84 180 548 249 51
4 30 5 1 100 0.75 3 476 379 211 80 179 552 253 50
4 30 5 1 100 0.75 3 477 382 213 82 182 554 255 54
4 30 5 1 100 0.75 3 478 387 214 77 182 557 258 54
4 30 5 1 100 0.75 3 479 389 217 87 187 558 259 57
4 30 5 1 100 0.75 3 480 390 219 86 189 560 261 56
4 30 5 1 100 0.75 3 481 390 220 97 189 563 264 54
4 30 5 1 100 0.75 3 482 397 222 76 188 565 266 52
4 30 5 1 100 0.75 3 483 398 218 85 188 573 274 49
4 30 5 1 100 0.75 3 484 401 219 89 189 576 277 48
4 30 5 1 100 0.75 3 485 405 221 85 190 578 279 50
4 30 5 1 100 0.75 3 486 405 223 90 193 580 281 50
4 30 5 1 100 0.75 3 487 411 224 85 190 583 284 50
4 30 5 1 100 0.75 3 488 414 226 79 194 584 286 49
4 30 5 1 100 0.75 3 489 416 227 81 194 587 289 51
4 30 5 1 100 0.75 3 490 420 229 87 196 589 291 51
4 30 5 1 100 0.75 3 491 424 230 85 197 592 294 51
4 30 5 1 100 0.75 3 492 425 230 75 199 596 298 51
4 30 5 1 100 0.75 3 493 427 228 87 197 601 304 47
4 30 5 1 100 0.75 3 494 430 231 81 198 602 305 48
4 30 5 1 100 0.75 3 495 433 232 81 201 605 308 48
4 30 5 1 100 0.75 3 496 436 231 80 200 610 313 47
4 30 5 1 100 0.75 3 497 440 234 81 202 611 314 49
4 30 5 1 100 0.75 3 498 443 237 80 205 612 315 50
4 30 5 1 100 0.75 3 499 444 238 85 208 615 318 50
4 30 5 1 100 0.75 3 500 447 242 76 211 615 318 51
4 30 5 1 100 0.75 3 501 449 243 89 211 618 321 53
4 30 5 1 100 0.75 3 502 452 243 74 211 622 325 50
4 30 5 1 100 0.75 3 503 455 243 73 213 626 329 50
4 30 5 1 100 0.75 3 504 458 245 76 216 628 331 51
4 30 5 1 100 0.75 3 505 460 246 77 216 630 334 50
4 30 5 1 100 0.75 3 506 460 246 103 215 634 338 51
4 30 5 1 100 0.75 3 507 463 248 84 216 636 340 50
4 30 5 1 100 0.75 3 508 463 249 82 219 639 343 51
4 30 5 1 100 0.75 3 509 465 252 85 220 640 344 53
4 30 5 1 100 0.75 3 510 466 251 98 219 645 349 53
4 30 5 1 100 0.75 3 510 466 251 251 219 698 349 53
4 30 5 1 100 0.75 3 540 466 251 251 219 324 349 53
4 30 5 1 100 0.75 4 541 0 4 4 0 324 0 0
4 30 5 1 100 0.75 4 542 0 8 8 0 324 0 0
4 30 5 1 100 0.75 4 543 0 12 12 0 324 0 0
4 30 5 1 100 0.75 4 544 0 16 16 0 324 0 0
4 30 5 1 100 0.75 4 545 0 20 20 0 324 0 0
4 30 5 1 100 0.75 4 546 0 24 24 0 324 0 0
4 30 5 1 100 0.75 4 547 0 28 28 0 324 0 0
4 30 5 1 100 0.75 4 548 1 32 30 0 324 0 0
4 30 5 1 100 0.75 4 549 4 36 29 1 324 0 0
4 30 5 1 100 0.75 4 550 6 40 34 4 324 0 0
4 30 5 1 100 0.75 4 551 8 44 33 6 324 0 0
4 30 5 1 100 0.75 4 552 9 48 37 8 324 0 0
4 30 5 1 100 0.75 4 553 14 52 36 9 324 0 0
4 30 5 1 100 0.75 4 554 17 56 36 14 324 0 0
4 30 5 1 100 0.75 4 555 21 60 36 17 324 0 1
4 30 5 1 100 0.75 4 556 24 64 39 21 324 0 1
4 30 5 1 100 0.75 4 557 26 68 43 24 324 0 3
4 30 5 1 100 0.75 4 558 30 72 42 26 324 0 5
4 30 5 1 100 0.75 4 559 36 76 41 30 324 0 5
4 30 5 1 100 0.75 4 560 44 80 39 36 324 0 9
4 30 5 1 100 0.75 4 561 46 84 45 44 322 0 10
4 30 5 1 100 0.75 4 562 53 88 44 46 322 0 14
4 30 5 1 100 0.75 4 563 55 92 43 53 322 0 17
4 30 5 1 100 0.75 4 564 62 96 49 55 321 0 20
4 30 5 1 100 0.75 4 565 65 100 52 62 321 0 22
4 30 5 1 100 0.75 4 566 68 104 50 65 321 0 27
4 30 5 1 100 0.75 4 567 73 108 60 68 321 0 30
4 30 5 1 100 0.75 4 568 77 112 56 73 321 0 33
4 30 5 1 100 0.75 4 569 82 116 71 77 321 0 36
4 30 5 1 100 0.75 4 570 88 120 65 82 321 0 41
4 30 5 1 100 0.75 4 571 91 124 63 88 321 0 44
4 30 5 1 100 0.75 4 572 101 127 63 90 322 1 46
4 30 5 1 100 0.75 4 573 105 129 74 98 324 3 47
4 30 5 1 100 0.75 4 574 108 133 70 102 324 3 50
4 30 5 1 100 0.75 4 575 110 134 75 102 327 6 51
4 30 5 1 100 0.75 4 576 115 138 73 104 327 6 54
4 30 5 1 100 0.75 4 577 116 140 88 107 329 8 55
4 30 5 1 100 0.75 4 578 124 141 75 105 332 11 55
4 30 5 1 100 0.75 4 579 125 141 80 109 336 15 56
4 30 5 1 100 0.75 4 580 130 141 80 106 340 19 53
4 30 5 1 100 0.75 4 581 131 145 93 111 340 19 56
4 30 5 1 100 0.75 4 582 136 149 89 112 340 19 58
4 30 5 1 100 0.75 4 583 141 148 91 112 345 24 55
4 30 5 1 100 0.75 4 584 146 148 85 113 349 28 53
4 30 5 1 100 0.75 4 585 150 147 83 113 354 33 52
4 30 5 1 100 0.75 4 586 152 148 85 114 357 36 52
4 30 5 1 100 0.75 4 587 157 149 80 113 360 39 51
4 30 5 1 100 0.75 4 588 160 151 83 116 362 41 53
4 30 5 1 100 0.75 4 589 165 151 82 115 366 45 51
4 30 5 1 100 0.75 4 590 170 153 77 118 368 47 53
4 30 5 1 100 0.75 4 591 173 151 83 117 374 53 52
4 30 5 1 100 0.75 4 592 178 153 91 118 376 55 53
4 30 5 1 100 0.75 4 593 182 152 81 119 381 60 49
4 30 5 1 100 0.75 4 594 184 154 83 122 383 62 50
4 30 5 1 100 0.75 4 595 192 153 82 119 388 67 49
4 30 5 1 100 0.75 4 596 193 155 70 126 390 69 50
4 30 5 1 100 0.75 4 597 197 155 70 123 394 73 49
4 30 5 1 100 0.75 4 598 201 158 77 127 395 74 51
4 30 5 1 100 0.75 4 599 203 159 74 129 398 77 52
4 30 5 1 100 0.75 4 600 206 162 84 131 399 78 54
4 30 5 1 100 0.75 4 601 212 163 82 132 401 81 53
4 30 5 1 100 0.75 4 602 215 165 83 136 403 83 57
4 30 5 1 100 0.75 4 603 217 168 84 138 404 84 59
4 30 5 1 100 0.75 4 604 222 167 85 136 409 89 57
4 30 5 1 100 0.75 4 605 223 167 86 138 413 93 56
4 30 5 1 100 0.75 4 606 226 169 88 137 415 95 57
4 30 5 1 100 0.75 4 607 230 171 83 138 417 97 57
4 30 5 1 100 0.75 4 608 234 175 98 144 417 97 64
4 30 5 1 100 0.75 4 609 238 174 92 143 422 102 61
4 30 5 1 100 0.75 4 610 240 172 82 141 426 108 57
4 30 5 1 100 0.75 4 611 244 174 83 142 428 110 57
4 30 5 1 100 0.75 4 612 249 176 83 145 430 112 56
4 30 5 1 100 0.75 4 613 251 177 76 148 433 115 54
4 30 5 1 100 0.75 4 614 254 177 86 146 437 119 55
4 30 5 1 100 0.75 4 615 256 177 79 147 441 123 53
4 30 5 1 100 0.75 4 616 258 177 86 146 445 127 52
4 30 5 1 100 0.75 4 617 260 177 83 145 449 131 49
4 30 5 1 100 0.75 4 618 266 178 84 145 452 134 50
4 30 5 1 100 0.75 4 619 267 176 85 146 458 140 49
4 30 5 1 100 0.75 4 620 271 177 85 145 461 143 50
4 30 5 1 100 0.75 4 621 273 178 83 147 464 146 50
4 30 5 1 100 0.75 4 622 277 177 73 145 467 151 46
4 30 5 1 100 0.75 4 623 281 179 75 148 469 153 47
4 30 5 1 100 0.75 4 624 286 179 70 148 473 157 45
4 30 5 1 100 0.75 4 625 288 182 87 152 474 158 49
4 30 5 1 100 0.75 4 626 291 183 79 152 477 161 47
4 30 5 1 100 0.75 4 627 295 183 86 151 481 165 46
4 30 5 1 100 0.75 4 628 299 185 75 153 482 167 48
4 30 5 1 100 0.75 4 629 303 186 86 154 485 170 47
4 30 5 1 100 0.75 4 630 306 187 83 155 488 173 52
4 30 5 1 100 0.75 4 631 308 189 86 158 490 175 53
4 30 5 1 100 0.75 4 632 312 193 93 161 490 175 55
4 30 5 1 100 0.75 4 633 314 195 90 163 492 177 53
4 30 5 1 100 0.75 4 634 319 197 94 165 493 179 54
4 30 5 1 100 0.75 4 635 320 199 96 169 495 181 55
4 30 5 1 100 0.75 4 636 324 201 98 169 497 183 57
4 30 5 1 100 0.75 4 637 327 201 85 170 501 187 56
4 30 5 1 100 0.75 4 638 331 199 84 168 507 193 52
4 30 5 1 100 0.75 4 639 333 201 92 171 509 195 55
4 30 5 1 100 0.75 4 640 337 203 99 171 511 197 57
4 30 5 1 100 0.75 4 641 340 205 92 174 512 199 59
4 30 5 1 100 0.75 4 642 346 205 93 173 515 203 58
4 30 5 1 100 0.75 4 643 347 205 81 176 519 207 57
4 30 5 1 100 0.75 4 644 351 205 90 174 523 211 58
4 30 5 1 100 0.75 4 645 356 207 85 177 524 213 58
4 30 5 1 100 0.75 4 646 357 210 91 181 525 214 61
4 30 5 1 100 0.75 4 647 361 208 84 176 531 220 56
4 30 5 1 100 0.75 4 648 365 211 88 179 532 221 60
4 30 5 1 100 0.75 4 649 368 209 84 177 538 227 57
4 30 5 1 100 0.75 4 650 375 212 84 180 539 228 60
4 30 5 1 100 0.75 4 651 376 212 89 183 543 232 59
4 30 5 1 100 0.75 4 652 377 212 96 181 547 236 58
4 30 5 1 100 0.75 4 653 382 212 87 180 551 240 57
4 30 5 1 100 0.75 4 654 383 214 77 184 553 242 56
4 30 5 1 100 0.75 4 655 388 216 88 184 555 244 58
4 30 5 1 100 0.75 4 656 389 216 91 188 559 248 58
4 30 5 1 100 0.75 4 657 391 218 88 187 561 250 62
4 30 5 1 100 0.75 4 658 395 221 91 190 562 251 63
4 30 5 1 100 0.75 4 659 398 217 86 189 569 259 57
4 30 5 1 100 0.75 4 660 398 218 84 189 572 262 57
4 30 5 1 100 0.75 4 661 399 221 91 190 573 263 58
4 30 5 1 100 0.75 4 662 405 220 81 188 578 268 57
4 30 5 1 100 0.75 4 663 407 218 86 189 584 274 54
4 30 5 1 100 0.75 4 664 409 219 80 189 586 277 55
4 30 5 1 100 0.75 4 665 411 220 91 189 589 280 53
4 30 5 1 100 0.75 4 666 414 220 80 189 593 284 55
4 30 5 1 100 0.75 4 667 416 222 88 191 595 286 54
4 30 5 1 100 0.75 4 668 419 224 84 194 597 288 53
4 30 5 1 100 0.75 4 669 421 223 89 194 602 293 52
4 30 5 1 100 0.75 4 670 422 223 87 193 605 297 54
4 30 5 1 100 0.75 4 671 427 225 80 192 607 299 55
4 30 5 1 100 0.75 4 672 431 226 78 196 610 302 53
4 30 5 1 100 0.75 4 673 435 226 82 197 614 306 50
4 30 5 1 100 0.75 4 674 437 226 77 198 618 310 49
4 30 5 1 100 0.75 4 675 439 228 80 199 620 312 54
4 30 5 1 100 0.75 4 676 441 229 86 199 623 315 54
4 30 5 1 100 0.75 4 677 441 230 87 199 626 318 53
4 30 5 1 100 0.75 4 678 446 232 84 201 627 320 52
4 30 5 1 100 0.75 4 679 448 234 85 204 629 322 53
4 30 5 1 100 0.75 4 680 449 235 86 205 630 325 54
4 30 5 1 100 0.75 4 681 451 236 91 207 632 328 56
4 30 5 1 100 0.75 4 682 453 238 91 208 633 330 58
4 30 5 1 100 0.75 4 683 456 240 94 209 635 332 56
4 30 5 1 100 0.75 4 684 459 238 82 208 641 338 53
4 30 5 1 100 0.75 4 685 460 238 91 208 645 342 53
4 30 5 1 100 0.75 4 686 462 236 88 205 651 348 49
4 30 5 1 100 0.75 4 687 463 238 93 206 653 350 49
4 30 5 1 100 0.75 4 688 467 241 88 208 654 351 53
4 30 5 1 100 0.75 4 689 469 243 82 215 656 353 53
4 30 5 1 100 0.75 4 690 470 244 81 215 658 356 51
4 30 5 1 100 0.75 4 690 470 244 244 215 709 356 51
4 30 5 1 100 0.75 4 720 470 244 244 215 313 356 51
4 30 5 1 100 0.75 5 721 0 4 4 0 313 0 0
4 30 5 1 100 0.75 5 722 0 8 8 0 313 0 0
4 30 5 1 100 0.75 5 723 0 12 12 0 313 0 0
4 30 5 1 100 0.75 5 724 0 16 16 0 313 0 0
4 30 5 1 100 0.75 5 725 0 20 20 0 313 0 0
4 30 5 1 100 0.75 5 726 0 24 24 0 313 0 0
4 30 5 1 100 0.75 5 727 1 28 24 0 313 0 0
4 30 5 1 100 0.75 5 728 2 32 30 1 313 0 0
4 30 5 1 100 0.75 5 729 3 36 29 2 313 0 0
4 30 5 1 100 0.75 5 730 5 40 35 3 313 0 0
4 30 5 1 100 0.75 5 731 8 44 30 5 313 0 0
4 30 5 1 100 0.75 5 732 10 48 33 8 313 0 0
4 30 5 1 100 0.75 5 733 15 52 33 10 313 0 0
4 30 5 1 100 0.75 5 734 22 56 30 15 313 0 0
4 30 5 1 100 0.75 5 735 25 60 30 22 313 0 1
4 30 5 1 100 0.75 5 736 30 64 35 25 312 0 1
4 30 5 1 100 0.75 5 737 34 68 29 30 312 0 2
4 30 5 1 100 0.75 5 738 37 72 39 34 312 0 4
4 30 5 1 100 0.75 5 739 43 76 36 37 312 0 5
4 30 5 1 100 0.75 5 740 46 80 35 43 312 0 8
4 30 5 1 100 0.75 5 741 49 84 41 46 312 0 13
4 30 5 1 100 0.75 5 742 53 88 43 49 312 0 17
4 30 5 1 100 0.75 5 743 59 92 50 53 312 0 20
4 30 5 1 100 0.75 5 744 63 96 49 59 312 0 22
4 30 5 1 100 0.75 5 745 65 100 55 63 312 0 26
4 30 5 1 100 0.75 5 746 71 104 51 65 312 0 29
4 30 5 1 100 0.75 5 747 76 108 62 71 312 0 31
4 30 5 1 100 0.75 5 748 82 112 63 76 312 0 34
4 30 5 1 100 0.75 5 749 86 116 70 82 312 0 39
4 30 5 1 100 0.75 5 750 88 119 68 85 313 1 41
4 30 5 1 100 0.75 5 751 93 123 74 87 313 1 46
4 30 5 1 100 0.75 5 752 99 127 66 92 312 1 47
4 30 5 1 100 0.75 5 753 105 130 74 97 313 2 51
4 30 5 1 100 0.75 5 754 109 134 71 103 313 2 54
4 30 5 1 100 0.75 5 755 113 138 78 107 313 2 56
4 30 5 1 100 0.75 5 756 117 140 79 109 315 4 58
4 30 5 1 100 0.75 5 757 122 139 74 108 320 9 55
4 30 5 1 100 0.75 5 758 123 140 81 110 323 12 55
4 30 5 1 100 0.75 5 759 128 140 77 107 327 16 55
4 30 5 1 100 0.75 5 760 134 142 82 110 329 18 60
4 30 5 1 100 0.75 5 761 135 144 82 114 331 20 60
4 30 5 1 100 0.75 5 762 141 145 81 112 334 23 59
4 30 5 1 100 0.75 5 763 145 145 87 114 338 27 59
4 30 5 1 100 0.75 5 764 146 149 86 118 338 27 61
4 30 5 1 100 0.75 5 765 153 146 81 112 345 34 57
4 30 5 1 100 0.75 5 766 159 147 87 116 348 37 57
4 30 5 1 100 0.75 5 767 162 148 87 119 351 40 60
4 30 5 1 100 0.75 5 768 163 150 90 120 353 42 60
4 30 5 1 100 0.75 5 769 167 149 86 116 358 47 57
4 30 5 1 100 0.75 5 770 169 151 91 119 360 49 56
4 30 5 1 100 0.75 5 771 176 152 87 118 363 52 58
4 30 5 1 100 0.75 5 772 179 153 90 122 366 55 58
4 30 5 1 100 0.75 5 773 182 152 93 120 371 60 59
4 30 5 1 100 0.75 5 774 188 155 83 122 372 61 61
4 30 5 1 100 0.75 5 775 191 157 88 126 374 63 61
4 30 5 1 100 0.75 5 776 197 156 89 124 379 68 57
4 30 5 1 100 0.75 5 777 201 158 87 128 381 70 58
4 30 5 1 100 0.75 5 778 203 155 83 125 388 77 55
4 30 5 1 100 0.75 5 779 206 155 89 123 392 81 55
4 30 5 1 100 0.75 5 780 212 154 80 121 397 86 52
4 30 5 1 100 0.75 5 781 217 156 87 125 399 88 55
4 30 5 1 100 0.75 5 782 221 156 81 126 403 92 53
4 30 5 1 100 0.75 5 783 225 156 83 126 407 96 51
4 30 5 1 100 0.75 5 784 228 159 84 129 408 97 53
4 30 5 1 100 0.75 5 785 230 158 79 127 413 102 51
4 30 5 1 100 0.75 5 786 232 161 81 128 414 103 53
4 30 5 1 100 0.75 5 787 234 164 95 129 415 104 55
4 30 5 1 100 0.75 5 788 241 165 90 128 418 107 56
4 30 5 1 100 0.75 5 789 243 164 91 130 423 112 52
4 30 5 1 100 0.75 5 790 246 166 97 132 425 114 53
4 30 5 1 100 0.75 5 791 251 167 90 133 428 117 53
4 30 5 1 100 0.75 5 792 253 169 89 136 429 119 53
4 30 5 1 100 0.75 5 793 260 169 83 134 433 123 51
4 30 5 1 100 0.75 5 794 262 170 91 139 436 126 48
4 30 5 1 100 0.75 5 795 263 168 84 136 442 132 45
4 30 5 1 100 0.75 5 796 269 171 85 137 443 133 51
4 30 5 1 100 0.75 5 797 271 171 83 139 447 137 49
4 30 5 1 100 0.75 5 798 273 173 90 141 449 139 52
4 30 5 1 100 0.75 5 799 276 172 87 140 454 144 49
4 30 5 1 100 0.75 5 800 280 174 80 141 456 146 50
4 30 5 1 100 0.75 5 801 286 172 75 139 462 152 49
4 30 5 1 100 0.75 5 802 290 176 89 146 462 152 51
4 30 5 1 100 0.75 5 803 293 180 85 150 462 152 55
4 30 5 1 100 0.75 5 804 298 180 77 149 466 156 57
4 30 5 1 100 0.75 5 805 300 182 92 153 468 158 57
4 30 5 1 100 0.75 5 806 304 181 84 150 473 163 57
4 30 5 1 100 0.75 5 807 309 181 79 150 477 167 54
4 30 5 1 100 0.75 5 808 311 184 85 154 478 168 60
4 30 5 1 100 0.75 5 809 315 188 89 157 478 168 65
4 30 5 1 100 0.75 5 810 318 190 93 159 480 170 67
4 30 5 1 100 0.75 5 811 324 192 86 160 482 172 69
4 30 5 1 100 0.75 5 812 327 192 83 162 485 176 67
4 30 5 1 100 0.75 5 813 331 193 87 163 488 179 66
4 30 5 1 100 0.75 5 814 333 193 94 165 492 183 67
4 30 5 1 100 0.75 5 815 334 192 87 162 497 188 64
4 30 5 1 100 0.75 5 816 335 192 97 160 501 192 64
4 30 5 1 100 0.75 5 817 338 194 88 162 503 194 65
4 30 5 1 100 0.75 5 818 339 195 106 164 505 197 65
4 30 5 1 100 0.75 5 819 344 197 94 164 506 199 68
4 30 5 1 100 0.75 5 820 347 196 93 165 511 204 67
4 30 5 1 100 0.75 5 821 349 196 88 165 515 208 66
4 30 5 1 100 0.75 5 822 353 195 90 164 520 213 63
4 30 5 1 100 0.75 5 823 355 199 86 169 520 213 65
4 30 5 1 100 0.75 5 824 355 195 88 165 528 221 60
4 30 5 1 100 0.75 5 825 358 195 90 163 532 225 60
4 30 5 1 100 0.75 5 826 361 195 78 164 535 229 57
4 30 5 1 100 0.75 5 827 365 196 86 165 538 232 60
4 30 5 1 100 0.75 5 828 367 197 88 166 541 235 59
4 30 5 1 100 0.75 5 829 372 197 83 165 545 239 58
4 30 5 1 100 0.75 5 830 376 193 74 163 553 247 56
4 30 5 1 100 0.75 5 831 379 196 87 167 554 248 56
4 30 5 1 100 0.75 5 832 381 195 81 165 559 253 55
4 30 5 1 100 0.75 5 833 385 196 83 164 562 256 56
4 30 5 1 100 0.75 5 834 387 200 84 168 562 256 59
4 30 5 1 100 0.75 5 835 391 200 82 168 566 260 60
4 30 5 1 100 0.75 5 836 392 198 88 168 570 266 60
4 30 5 1 100 0.75 5 837 395 197 80 166 575 271 58
4 30 5 1 100 0.75 5 838 397 199 81 169 577 273 59
4 30 5 1 100 0.75 5 839 399 200 89 169 579 276 57
4 30 5 1 100 0.75 5 840 402 201 83 169 581 279 56
4 30 5 1 100 0.75 5 841 405 204 80 171 581 280 58
4 30 5 1 100 0.75 5 842 407 206 76 176 582 282 57
4 30 5 1 100 0.75 5 843 409 208 95 179 584 284 61
4 30 5 1 100 0.75 5 844 411 208 78 179 588 288 59
4 30 5 1 100 0.75 5 845 412 207 82 178 593 293 57
4 30 5 1 100 0.75 5 846 416 208 87 178 596 296 56
4 30 5 1 100 0.75 5 847 419 209 76 179 599 299 55
4 30 5 1 100 0.75 5 848 421 210 79 179 602 302 55
4 30 5 1 100 0.75 5 849 422 210 82 179 606 306 54
4 30 5 1 100 0.75 5 850 427 207 77 176 613 313 51
4 30 5 1 100 0.75 5 851 428 209 82 180 615 315 53
4 30 5 1 100 0.75 5 852 431 212 83 181 615 316 54
4 30 5 1 100 0.75 5 853 436 210 80 179 621 322 51
4 30 5 1 100 0.75 5 854 438 209 78 179 625 327 49
4 30 5 1 100 0.75 5 855 441 211 83 180 626 329 48
4 30 5 1 100 0.75 5 856 442 213 82 183 627 331 48
4 30 5 1 100 0.75 5 857 446 215 84 183 629 333 50
4 30 5 1 100 0.75 5 858 448 214 81 183 634 338 48
4 30 5 1 100 0.75 5 859 450 216 77 188 636 340 48
4 30 5 1 100 0.75 5 860 451 218 84 189 638 342 48
4 30 5 1 100 0.75 5 861 455 217 90 186 643 347 48
4 30 5 1 100 0.75 5 862 459 219 81 188 645 349 48
4 30 5 1 100 0.75 5 863 459 221 87 191 647 351 51
4 30 5 1 100 0.75 5 864 460 223 92 192 649 353 53
4 30 5 1 100 0.75 5 865 463 224 88 193 651 356 54
4 30 5 1 100 0.75 5 866 465 225 98 195 654 359 58
4 30 5 1 100 0.75 5 867 466 224 79 194 659 364 54
4 30 5 1 100 0.75 5 868 469 226 79 194 660 366 53
4 30 5 1 100 0.75 5 869 472 228 74 197 662 368 54
4 30 5 1 100 0.75 5 870 474 231 90 199 663 369 55
4 30 5 1 100 0.75 5 870 474 231 231 199 717 369 55
4 30 5 1 100 0.75 5 900 474 231 231 199 327 369 55
4 30 5 1 100 0.75 6 901 0 4 4 0 327 0 0
4 30 5 1 100 0.75 6 902 0 8 8 0 327 0 0
4 30 5 1 100 0.75 6 903 0 12 12 0 327 0 0
4 30 5 1 100 0.75 6 904 0 16 15 0 327 0 0
4 30 5 1 100 0.75 6 905 0 20 20 0 327 0 0
4 30 5 1 100 0.75 6 906 0 24 24 0 327 0 0
4 30 5 1 100 0.75 6 907 0 28 27 0 327 0 0
4 30 5 1 100 0.75 6 908 0 32 31 0 327 0 0
4 30 5 1 100 0.75 6 909 1 36 33 0 327 0 0
4 30 5 1 100 0.75 6 910 8 40 32 1 327 0 0
4 30 5 1 100 0.75 6 911 9 44 33 8 327 0 0
4 30 5 1 100 0.75 6 912 12 48 35 9 327 0 0
4 30 5 1 100 0.75 6 913 16 52 33 12 327 0 0
4 30 5 1 100 0.75 6 914 23 56 30 16 327 0 0
4 30 5 1 100 0.75 6 915 25 60 31 23 327 0 0
4 30 5 1 100 0.75 6 916 29 64 29 25 327 0 1
4 30 5 1 100 0.75 6 917 35 68 29 29 327 0 5
4 30 5 1 100 0.75 6 918 40 72 39 35 327 0 7
4 30 5 1 100 0.75 6 919 44 76 37 40 327 0 9
4 30 5 1 100 0.75 6 920 48 80 40 44 327 0 12
4 30 5 1 100 0.75 6 921 51 84 43 48 327 0 19
4 30 5 1 100 0.75 6 922 54 88 46 51 327 0 21
4 30 5 1 100 0.75 6 923 57 92 47 54 327 0 22
4 30 5 1 100 0.75 6 924 62 96 56 57 327 0 24
4 30 5 1 100 0.75 6 925 68 100 55 62 327 0 29
4 30 5 1 100 0.75 6 926 71 104 58 68 327 0 31
4 30 5 1 100 0.75 6 927 74 108 64 71 327 0 33
4 30 5 1 100 0.75 6 928 82 112 63 74 327 0 36
4 30 5 1 100 0.75 6 929 85 116 66 82 327 0 38
4 30 5 1 100 0.75 6 930 87 120 65 85 326 0 40
4 30 5 1 100 0.75 6 931 89 124 78 87 326 0 43
4 30 5 1 100 0.75 6 932 94 127 74 88 327 1 47
4 30 5 1 100 0.75 6 933 100 128 68 90 329 4 46
4 30 5 1 100 0.75 6 934 104 130 78 94 330 6 48
4 30 5 1 100 0.75 6 935 111 131 73 95 332 9 50
4 30 5 1 100 0.75 6 936 114 134 77 101 333 10 54
4 30 5 1 100 0.75 6 937 116 135 72 101 336 13 52
4 30 5 1 100 0.75 6 938 122 136 75 100 339 16 51
4 30 5 1 100 0.75 6 939 128 137 80 103 342 19 52
4 30 5 1 100 0.75 6 940 131 140 77 108 343 20 58
4 30 5 1 100 0.75 6 941 136 141 72 108 346 23 58
4 30 5 1 100 0.75 6 942 138 143 83 112 348 25 60
4 30 5 1 100 0.75 6 943 142 143 83 110 351 29 57
4 30 5 1 100 0.75 6 944 143 144 77 111 353 32 55
4 30 5 1 100 0.75 6 945 149 145 78 109 356 35 57
4 30 5 1 100 0.75 6 946 156 149 84 115 356 35 63
4 30 5 1 100 0.75 6 947 159 147 77 117 361 41 60
4 30 5 1 100 0.75 6 948 161 149 87 119 363 43 61
4 30 5 1 100 0.75 6 949 164 152 81 120 364 44 64
4 30 5 1 100 0.75 6 950 170 151 83 118 369 49 59
4 30 5 1 100 0.75 6 951 173 152 79 121 372 52 58
4 30 5 1 100 0.75 6 952 176 151 79 119 377 57 55
4 30 5 1 100 0.75 6 953 180 151 75 118 381 61 56
4 30 5 1 100 0.75 6 954 184 152 84 119 384 64 56
4 30 5 1 100 0.75 6 955 186 153 88 120 387 67 55
4 30 5 1 100 0.75 6 956 192 152 73 117 392 72 52
4 30 5 1 100 0.75 6 957 195 151 73 119 397 77 48
4 30 5 1 100 0.75 6 958 197 153 73 120 399 79 51
4 30 5 1 100 0.75 6 959 205 156 77 122 399 80 51
4 30 5 1 100 0.75 6 960 209 158 68 128 401 82 51
4 30 5 1 100 0.75 6 961 214 158 75 128 405 86 51
4 30 5 1 100 0.75 6 962 216 156 67 127 409 92 48
4 30 5 1 100 0.75 6 963 218 157 75 127 412 95 48
4 30 5 1 100 0.75 6 964 221 158 79 127 415 98 51
4 30 5 1 100 0.75 6 965 224 158 72 127 419 102 49
4 30 5 1 100 0.75 6 966 226 159 81 128 422 105 47
4 30 5 1 100 0.75 6 967 227 159 73 127 426 109 49
4 30 5 1 100 0.75 6 968 234 160 73 126 429 112 49
4 30 5 1 100 0.75 6 969 237 161 75 131 432 115 48
4 30 5 1 100 0.75 6 970 238 164 78 133 433 116 48
4 30 5 1 100 0.75 6 971 243 165 74 131 436 119 49
4 30 5 1 100 0.75 6 972 245 168 86 136 437 120 51
4 30 5 1 100 0.75 6 973 248 169 75 137 440 123 51
4 30 5 1 100 0.75 6 974 253 171 75 138 442 125 51
4 30 5 1 100 0.75 6 975 259 173 82 141 444 127 53
4 30 5 1 100 0.75 6 976 263 177 84 147 444 127 59
4 30 5 1 100 0.75 6 977 264 178 87 148 447 130 58
4 30 5 1 100 0.75 6 978 270 178 78 146 451 134 56
4 30 5 1 100 0.75 6 979 272 180 80 150 453 136 59
4 30 5 1 100 0.75 6 980 277 182 84 150 455 138 59
4 30 5 1 100 0.75 6 981 278 180 85 150 461 144 57
4 30 5 1 100 0.75 6 982 282 180 85 148 465 148 58
4 30 5 1 100 0.75 6 983 288 178 82 146 471 154 54
4 30 5 1 100 0.75 6 984 288 182 94 153 471 154 58
4 30 5 1 100 0.75 6 985 291 184 89 151 473 156 59
4 30 5 1 100 0.75 6 986 293 185 91 153 476 159 58
4 30 5 1 100 0.75 6 987 296 183 88 149 482 165 55
4 30 5 1 100 0.75 6 988 299 185 85 152 484 167 56
4 30 5 1 100 0.75 6 989 303 185 81 152 487 171 56
4 30 5 1 100 0.75 6 990 305 186 77 155 490 174 56
4 30 5 1 100 0.75 6 991 310 189 84 157 491 175 59
4 30 5 1 100 0.75 6 992 313 193 85 162 491 175 59
4 30 5 1 100 0.75 6 993 315 191 84 160 497 181 58
4 30 5 1 100 0.75 6 994 318 191 88 158 501 185 56
4 30 5 1 100 0.75 6 995 322 189 86 156 506 191 52
4 30 5 1 100 0.75 6 996 326 188 78 155 511 196 49
4 30 5 1 100 0.75 6 997 330 191 79 158 512 197 50
4 30 5 1 100 0.75 6 998 332 192 82 160 515 200 50
4 30 5 1 100 0.75 6 999 339 195 94 161 516 201 50
4 30 5 1 100 0.75 6 1000 343 195 81 164 520 205 48
4 30 5 1 100 0.75 6 1001 344 196 87 166 523 208 46
4 30 5 1 100 0.75 6 1002 346 198 79 167 525 210 47
4 30 5 1 100 0.75 6 1003 351 195 77 163 531 217 41
4 30 5 1 100 0.75 6 1004 353 195 76 164 535 221 40
4 30 5 1 100 0.75 6 1005 360 198 81 167 535 222 45
4 30 5 1 100 0.75 6 1006 361 198 79 170 539 226 46
4 30 5 1 100 0.75 6 1007 363 198 82 167 543 230 46
4 30 5 1 100 0.75 6 1008 366 200 68 167 545 232 46
4 30 5 1 100 0.75 6 1009 372 204 83 172 545 232 49
4 30 5 1 100 0.75 6 1010 373 204 79 174 548 236 48
4 30 5 1 100 0.75 6 1011 375 206 89 175 550 238 51
4 30 5 1 100 0.75 6 1012 378 207 82 175 553 241 51
4 30 5 1 100 0.75 6 1013 381 208 85 176 556 244 52
4 30 5 1 100 0.75 6 1014 384 208 81 177 560 248 49
4 30 5 1 100 0.75 6 1015 386 208 84 178 563 252 45
4 30 5 1 100 0.75 6 1016 388 211 92 181 564 253 48
4 30 5 1 100 0.75 6 1017 390 214 89 183 565 254 50
4 30 5 1 100 0.75 6 1018 393 218 81 187 565 254 52
4 30 5 1 100 0.75 6 1019 395 222 90 192 565 254 54
4 30 5 1 100 0.75 6 1020 396 223 90 193 568 257 54
4 30 5 1 100 0.75 6 1021 400 222 89 190 573 262 55
4 30 5 1 100 0.75 6 1022 400 221 85 189 578 267 54
4 30 5 1 100 0.75 6 1023 403 223 88 191 579 269 53
4 30 5 1 100 0.75 6 1024 405 223 80 192 582 273 55
4 30 5 1 100 0.75 6 1025 406 222 82 191 587 278 52
4 30 5 1 100 0.75 6 1026 411 222 75 189 591 282 52
4 30 5 1 100 0.75 6 1027 412 223 87 193 594 285 49
4 30 5 1 100 0.75 6 1028 413 226 74 196 595 286 49
4 30 5 1 100 0.75 6 1029 418 226 82 195 599 290 49
4 30 5 1 100 0.75 6 1030 420 228 83 198 601 292 50
4 30 5 1 100 0.75 6 1031 423 230 82 199 603 294 53
4 30 5 1 100 0.75 6 1032 424 232 89 202 604 296 54
4 30 5 1 100 0.75 6 1033 427 233 80 202 607 299 54
4 30 5 1 100 0.75 6 1034 430 236 86 206 607 300 56
4 30 5 1 100 0.75 6 1035 432 239 91 209 608 301 58
4 30 5 1 100 0.75 6 1036 436 239 88 208 612 305 58
4 30 5 1 100 0.75 6 1037 439 239 86 208 616 309 57
4 30 5 1 100 0.75 6 1038 441 238 84 208 621 314 55
4 30 5 1 100 0.75 6 1039 441 237 89 207 626 319 51
4 30 5 1 100 0.75 6 1040 444 237 64 206 630 323 51
4 30 5 1 100 0.75 6 1041 445 236 80 205 635 328 48
4 30 5 1 100 0.75 6 1042 447 238 82 206 637 330 47
4 30 5 1 100 0.75 6 1043 451 239 81 207 640 333 46
4 30 5 1 100 0.75 6 1044 455 241 78 211 642 335 52
4 30 5 1 100 0.75 6 1045 458 243 76 213 644 337 52
4 30 5 1 100 0.75 6 1046 460 247 81 216 644 337 56
4 30 5 1 100 0.75 6 1047 462 248 73 216 647 340 54
4 30 5 1 100 0.75 6 1048 462 248 87 218 651 344 54
4 30 5 1 100 0.75 6 1049 463 247 81 216 655 349 50
4 30 5 1 100 0.75 6 1050 466 246 91 216 659 354 51
4 30 5 1 100 0.75 6 1050 466 246 246 216 709 354 51
4 30 5 1 100 0.75 6 1080 466 246 246 216 324 354 51
4 30 5 1 100 0.75 7 1081 0 4 4 0 324 0 0
4 30 5 1 100 0.75 7 1082 0 8 8 0 324 0 0
4 30 5 1 100 0.75 7 1083 0 12 12 0 324 0 0
4 30 5 1 100 0.75 7 1084 0 16 16 0 324 0 0
4 30 5 1 100 0.75 7 1085 0 20 19 0 324 0 0
4 30 5 1 100 0.75 7 1086 0 24 24 0 324 0 0
4 30 5 1 100 0.75 7 1087 1 28 25 0 324 0 0
4 30 5 1 100 0.75 7 1088 2 32 26 1 324 0 0
4 30 5 1 100 0.75 7 1089 3 36 32 2 324 0 0
4 30 5 1 100 0.75 7 1090 5 40 33 3 324 0 0
4 30 5 1 100 0.75 7 1091 10 44 32 5 324 0 0
4 30 5 1 100 0.75 7 1092 16 48 28 10 324 0 0
4 30 5 1 100 0.75 7 1093 20 52 31 16 324 0 0
4 30 5 1 100 0.75 7 1094 28 56 27 20 324 0 1
4 30 5 1 100 0.75 7 1095 28 60 32 28 324 0 1
4 30 5 1 100 0.75 7 1096 30 64 36 28 324 0 3
4 30 5 1 100 0.75 7 1097 32 68 34 30 324 0 3
4 30 5 1 100 0.75 7 1098 37 72 39 32 324 0 5
4 30 5 1 100 0.75 7 1099 41 76 38 37 324 0 8
4 30 5 1 100 0.75 7 1100 46 80 42 41 324 0 11
4 30 5 1 100 0.75 7 1101 51 84 46 46 324 0 18
4 30 5 1 100 0.75 7 1102 53 88 51 51 324 0 21
4 30 5 1 100 0.75 7 1103 57 92 46 53 324 0 22
4 30 5 1 100 0.75 7 1104 62 96 53 57 324 0 24
4 30 5 1 100 0.75 7 1105 66 100 53 62 324 0 28
4 30 5 1 100 0.75 7 1106 70 104 59 66 324 0 30
4 30 5 1 100 0.75 7 1107 76 108 58 70 324 0 31
4 30 5 1 100 0.75 7 1108 83 112 53 76 324 0 37
4 30 5 1 100 0.75 7 1109 88 116 62 83 324 0 39
4 30 5 1 100 0.75 7 1110 89 120 63 88 324 0 43
4 30 5 1 100 0.75 7 1111 92 124 58 89 323 0 47
4 30 5 1 100 0.75 7 1112 95 127 72 91 324 1 52
4 30 5 1 100 0.75 7 1113 98 130 76 93 324 2 54
4 30 5 1 100 0.75 7 1114 101 132 77 94 326 4 57
4 30 5 1 100 0.75 7 1115 106 134 76 95 328 6 57
4 30 5 1 100 0.75 7 1116 115 137 76 99 329 7 59
4 30 5 1 100 0.75 7 1117 119 141 80 108 329 7 62
4 30 5 1 100 0.75 7 1118 123 143 82 110 331 9 61
4 30 5 1 100 0.75 7 1119 127 140 79 107 338 16 57
4 30 5 1 100 0.75 7 1120 131 141 78 108 341 19 57
4 30 5 1 100 0.75 7 1121 132 141 77 108 345 23 57
4 30 5 1 100 0.75 7 1122 136 141 73 105 348 27 56
4 30 5 1 100 0.75 7 1123 141 144 83 108 349 28 59
4 30 5 1 100 0.75 7 1124 147 146 82 111 351 30 61
4 30 5 1 100 0.75 7 1125 149 146 86 113 355 34 60
4 30 5 1 100 0.75 7 1126 155 146 81 111 359 38 61
4 30 5 1 100 0.75 7 1127 163 147 79 114 362 41 61
4 30 5 1 100 0.75 7 1128 166 148 78 119 365 44 59
4 30 5 1 100 0.75 7 1129 168 149 80 119 368 47 58
4 30 5 1 100 0.75 7 1130 171 150 79 118 371 50 57
4 30 5 1 100 0.75 7 1131 173 150 83 117 375 54 58
4 30 5 1 100 0.75 7 1132 178 149 77 115 380 59 54
4 30 5 1 100 0.75 7 1133 183 150 82 117 383 62 53
4 30 5 1 100 0.75 7 1134 184 151 82 119 386 65 59
4 30 5 1 100 0.75 7 1135 189 151 81 117 390 69 60
4 30 5 1 100 0.75 7 1136 193 151 83 118 394 73 58
4 30 5 1 100 0.75 7 1137 195 155 84 122 393 73 58
4 30 5 1 100 0.75 7 1138 200 155 73 120 397 77 58
4 30 5 1 100 0.75 7 1139 204 155 77 122 401 81 58
4 30 5 1 100 0.75 7 1140 209 157 82 124 403 83 62
4 30 5 1 100 0.75 7 1141 212 151 75 119 413 93 52
4 30 5 1 100 0.75 7 1142 215 154 75 121 413 94 54
4 30 5 1 100 0.75 7 1143 219 155 75 122 416 97 54
4 30 5 1 100 0.75 7 1144 222 157 79 124 418 99 54
4 30 5 1 100 0.75 7 1145 228 158 67 125 421 102 52
4 30 5 1 100 0.75 7 1146 231 160 77 129 422 104 52
4 30 5 1 100 0.75 7 1147 234 161 74 131 425 107 55
4 30 5 1 100 0.75 7 1148 237 162 77 131 427 110 53
4 30 5 1 100 0.75 7 1149 239 165 78 133 428 111 57
4 30 5 1 100 0.75 7 1150 244 162 84 129 435 118 53
4 30 5 1 100 0.75 7 1151 248 164 89 132 437 120 55
4 30 5 1 100 0.75 7 1152 250 165 88 133 440 123 54
4 30 5 1 100 0.75 7 1153 255 165 84 132 444 127 54
4 30 5 1 100 0.75 7 1154 257 163 81 131 450 133 53
4 30 5 1 100 0.75 7 1155 262 166 85 133 451 134 53
4 30 5 1 100 0.75 7 1156 265 168 83 136 452 136 54
4 30 5 1 100 0.75 7 1157 270 167 80 134 455 141 51
4 30 5 1 100 0.75 7 1158 273 169 82 138 457 143 52
4 30 5 1 100 0.75 7 1159 276 170 81 139 460 146 54
4 30 5 1 100 0.75 7 1160 279 170 81 138 464 150 53
4 30 5 1 100 0.75 7 1161 283 173 77 141 465 151 53
4 30 5 1 100 0.75 7 1162 286 174 76 143 467 154 53
4 30 5 1 100 0.75 7 1163 290 176 75 145 468 156 55
4 30 5 1 100 0.75 7 1164 293 175 82 145 473 161 52
4 30 5 1 100 0.75 7 1165 297 175 79 144 477 165 52
4 30 5 1 100 0.75 7 1166 299 176 83 146 479 168 53
4 30 5 1 100 0.75 7 1167 302 177 88 145 482 171 54
4 30 5 1 100 0.75 7 1168 307 179 81 147 484 173 53
4 30 5 1 100 0.75 7 1169 310 180 87 150 487 176 52
4 30 5 1 100 0.75 7 1170 313 181 76 151 489 179 50
4 30 5 1 100 0.75 7 1171 314 180 82 149 494 184 49
4 30 5 1 100 0.75 7 1172 320 181 86 148 497 187 48
4 30 5 1 100 0.75 7 1173 322 182 84 151 500 190 47
4 30 5 1 100 0.75 7 1174 327 183 79 152 503 193 46
4 30 5 1 100 0.75 7 1175 328 185 81 155 504 195 47
4 30 5 1 100 0.75 7 1176 334 186 86 154 507 198 48
4 30 5 1 100 0.75 7 1177 335 189 81 160 508 199 48
4 30 5 1 100 0.75 7 1178 339 188 96 156 513 204 44
4 30 5 1 100 0.75 7 1179 341 187 92 155 518 209 44
4 30 5 1 100 0.75 7 1180 343 189 90 157 520 211 47
4 30 5 1 100 0.75 7 1181 348 190 83 158 523 214 45
4 30 5 1 100 0.75 7 1182 350 192 100 161 525 216 48
4 30 5 1 100 0.75 7 1183 352 191 95 159 530 221 47
4 30 5 1 100 0.75 7 1184 355 191 87 160 534 225 45
4 30 5 1 100 0.75 7 1185 356 195 85 165 534 225 47
4 30 5 1 100 0.75 7 1186 360 197 90 167 536 227 47
4 30 5 1 100 0.75 7 1187 361 200 98 171 537 228 49
4 30 5 1 100 0.75 7 1188 364 202 102 170 539 230 49
4 30 5 1 100 0.75 7 1189 366 202 94 171 543 234 47
4 30 5 1 100 0.75 7 1190 370 204 85 173 545 236 50
4 30 5 1 100 0.75 7 1191 372 207 98 177 546 237 54
4 30 5 1 100 0.75 7 1192 375 211 99 180 546 237 57
4 30 5 1 100 0.75 7 1193 379 210 106 180 550 242 57
4 30 5 1 100 0.75 7 1194 379 212 95 183 551 244 56
4 30 5 1 100 0.75 7 1195 381 211 103 179 556 249 54
4 30 5 1 100 0.75 7 1196 385 214 96 182 557 250 56
4 30 5 1 100 0.75 7 1197 387 214 93 184 561 254 58
4 30 5 1 100 0.75 7 1198 389 214 94 184 565 258 57
4 30 5 1 100 0.75 7 1199 390 212 101 181 571 264 57
4 30 5 1 100 0.75 7 1200 394 212 83 179 575 268 55
4 30 5 1 100 0.75 7 1201 396 215 102 184 576 269 56
4 30 5 1 100 0.75 7 1202 400 219 88 186 576 269 58
4 30 5 1 100 0.75 7 1203 401 220 97 190 579 272 59
4 30 5 1 100 0.75 7 1204 404 221 94 190 581 275 59
4 30 5 1 100 0.75 7 1205 406 220 107 188 586 280 58
4 30 5 1 100 0.75 7 1206 411 224 95 192 584 280 60
4 30 5 1 100 0.75 7 1207 414 224 101 193 588 284 59
4 30 5 1 100 0.75 7 1208 418 224 92 193 592 288 59
4 30 5 1 100 0.75 7 1209 418 224 87 194 596 292 58
4 30 5 1 100 0.75 7 1210 418 221 91 190 603 299 56
4 30 5 1 100 0.75 7 1211 420 224 90 194 603 300 58
4 30 5 1 100 0.75 7 1212 423 226 93 197 604 302 60
4 30 5 1 100 0.75 7 1213 427 226 87 196 608 306 57
4 30 5 1 100 0.75 7 1214 429 227 99 198 610 309 58
4 30 5 1 100 0.75 7 1215 429 223 89 193 618 317 52
4 30 5 1 100 0.75 7 1216 433 223 91 190 622 321 50
4 30 5 1 100 0.75 7 1217 433 226 90 196 622 322 52
4 30 5 1 100 0.75 7 1218 439 227 96 193 625 325 54
4 30 5 1 100 0.75 7 1219 439 229 92 198 627 327 54
4 30 5 1 100 0.75 7 1220 442 229 90 196 630 331 54
4 30 5 1 100 0.75 7 1221 444 231 91 200 632 333 56
4 30 5 1 100 0.75 7 1222 445 233 96 202 634 335 56
4 30 5 1 100 0.75 7 1223 449 232 90 199 639 340 55
4 30 5 1 100 0.75 7 1224 450 231 99 200 643 345 52
4 30 5 1 100 0.75 7 1225 453 232 89 201 646 348 52
4 30 5 1 100 0.75 7 1226 454 232 98 200 650 352 50
4 30 5 1 100 0.75 7 1227 457 235 94 203 650 353 53
4 30 5 1 100 0.75 7 1228 459 239 98 206 650 353 56
4 30 5 1 100 0.75 7 1229 462 236 95 204 657 360 53
4 30 5 1 100 0.75 7 1230 465 236 95 205 661 364 51
4 30 5 1 100 0.75 7 1230 465 236 236 205 712 364 51
4 30 5 1 100 0.75 7 1260 465 236 236 205 327 364 51
4 30 5 1 100 0.75 8 1261 0 4 4 0 327 0 0
4 30 5 1 100 0.75 8 1262 0 8 8 0 327 0 0
4 30 5 1 100 0.75 8 1263 0 12 12 0 327 0 0
4 30 5 1 100 0.75 8 1264 0 16 16 0 327 0 0
4 30 5 1 100 0.75 8 1265 0 20 20 0 327 0 0
4 30 5 1 100 0.75 8 1266 0 24 24 0 327 0 0
4 30 5 1 100 0.75 8 1267 0 28 28 0 327 0 0
4 30 5 1 100 0.75 8 1268 0 32 30 0 327 0 0
4 30 5 1 100 0.75 8 1269 2 36 34 0 327 0 0
4 30 5 1 100 0.75 8 1270 4 40 32 2 327 0 0
4 30 5 1 100 0.75 8 1271 7 44 34 4 327 0 0
4 30 5 1 100 0.75 8 1272 9 48 32 7 327 0 0
4 30 5 1 100 0.75 8 1273 12 52 38 9 327 0 0
4 30 5 1 100 0.75 8 1274 17 56 35 12 327 0 0
4 30 5 1 100 0.75 8 1275 21 60 35 17 327 0 0
4 30 5 1 100 0.75 8 1276 26 64 33 21 327 0 2
4 30 5 1 100 0.75 8 1277 29 68 37 26 327 0 3
4 30 5 1 100 0.75 8 1278 37 72 33 29 327 0 5
4 30 5 1 100 0.75 8 1279 40 76 39 37 327 0 8
4 30 5 1 100 0.75 8 1280 44 80 36 40 327 0 11
4 30 5 1 100 0.75 8 1281 48 84 46 44 327 0 14
4 30 5 1 100 0.75 8 1282 51 88 53 48 327 0 18
4 30 5 1 100 0.75 8 1283 57 92 47 51 327 0 20
4 30 5 1 100 0.75 8 1284 61 96 49 57 327 0 21
4 30 5 1 100 0.75 8 1285 65 100 56 61 327 0 29
4 30 5 1 100 0.75 8 1286 71 104 58 65 327 0 33
4 30 5 1 100 0.75 8 1287 75 108 58 71 327 0 35
4 30 5 1 100 0.75 8 1288 76 112 62 75 326 0 36
4 30 5 1 100 0.75 8 1289 82 116 62 76 326 0 39
4 30 5 1 100 0.75 8 1290 87 120 69 82 326 0 43
4 30 5 1 100 0.75 8 1291 92 124 64 87 326 0 44
4 30 5 1 100 0.75 8 1292 94 126 81 90 328 2 43
4 30 5 1 100 0.75 8 1293 101 129 72 91 329 3 46
4 30 5 1 100 0.75 8 1294 104 132 78 97 330 4 49
4 30 5 1 100 0.75 8 1295 110 135 77 99 331 5 50
4 30 5 1 100 0.75 8 1296 113 137 78 103 333 7 50
4 30 5 1 100 0.75 8 1297 118 140 84 105 334 8 54
4 30 5 1 100 0.75 8 1298 120 142 77 108 336 10 54
4 30 5 1 100 0.75 8 1299 124 143 86 107 338 13 53
4 30 5 1 100 0.75 8 1300 129 141 77 105 344 19 50
4 30 5 1 100 0.75 8 1301 134 140 80 105 349 24 51
4 30 5 1 100 0.75 8 1302 136 142 80 108 351 26 53
4 30 5 1 100 0.75 8 1303 142 141 75 105 356 31 51
4 30 5 1 100 0.75 8 1304 145 143 82 109 358 33 52
4 30 5 1 100 0.75 8 1305 151 144 71 109 361 36 51
4 30 5 1 100 0.75 8 1306 157 146 77 113 363 38 52
4 30 5 1 100 0.75 8 1307 162 149 75 118 364 39 55
4 30 5 1 100 0.75 8 1308 164 149 79 119 368 43 57
4 30 5 1 100 0.75 8 1309 168 150 73 118 370 46 56
4 30 5 1 100 0.75 8 1310 169 152 90 120 372 48 58
4 30 5 1 100 0.75 8 1311 173 155 87 120 373 49 59
4 30 5 1 100 0.75 8 1312 178 155 88 121 377 53 60
4 30 5 1 100 0.75 8 1313 183 154 85 121 382 58 58
4 30 5 1 100 0.75 8 1314 187 155 77 123 385 61 58
4 30 5 1 100 0.75 8 1315 189 157 88 125 387 63 61
4 30 5 1 100 0.75 8 1316 192 156 82 122 392 68 58
4 30 5 1 100 0.75 8 1317 195 159 88 124 393 69 57
4 30 5 1 100 0.75 8 1318 197 159 81 123 397 73 54
4 30 5 1 100 0.75 8 1319 203 161 79 125 399 75 57
4 30 5 1 100 0.75 8 1320 206 161 73 127 403 79 55
4 30 5 1 100 0.75 8 1321 210 159 81 125 409 85 55
4 30 5 1 100 0.75 8 1322 217 160 85 126 412 88 53
4 30 5 1 100 0.75 8 1323 220 163 85 132 413 89 53
4 30 5 1 100 0.75 8 1324 224 165 76 133 415 91 52
4 30 5 1 100 0.75 8 1325 227 167 79 135 417 93 54
4 30 5 1 100 0.75 8 1326 231 168 81 135 420 96 54
4 30 5 1 100 0.75 8 1327 236 169 83 136 423 99 55
4 30 5 1 100 0.75 8 1328 242 167 76 135 429 105 51
4 30 5 1 100 0.75 8 1329 244 165 71 135 435 111 48
4 30 5 1 100 0.75 8 1330 245 165 80 135 439 115 48
4 30 5 1 100 0.75 8 1331 250 166 76 133 441 118 47
4 30 5 1 100 0.75 8 1332 253 166 76 136 444 122 44
4 30 5 1 100 0.75 8 1333 255 167 76 136 447 125 45
4 30 5 1 100 0.75 8 1334 262 170 82 137 447 126 45
4 30 5 1 100 0.75 8 1335 266 172 76 142 448 128 46
4 30 5 1 100 0.75 8 1336 270 175 83 145 449 129 50
4 30 5 1 100 0.75 8 1337 272 178 83 148 450 130 50
4 30 5 1 100 0.75 8 1338 276 178 85 146 454 134 49
4 30 5 1 100 0.75 8 1339 279 177 80 145 459 139 48
4 30 5 1 100 0.75 8 1340 281 178 74 147 462 142 47
4 30 5 1 100 0.75 8 1341 283 180 82 149 463 144 50
4 30 5 1 100 0.75 8 1342 286 182 81 150 465 146 52
4 30 5 1 100 0.75 8 1343 289 182 79 151 468 150 49
4 30 5 1 100 0.75 8 1344 291 182 83 151 472 154 48
4 30 5 1 100 0.75 8 1345 295 184 88 153 474 156 51
4 30 5 1 100 0.75 8 1346 297 187 84 156 475 157 52
4 30 5 1 100 0.75 8 1347 300 188 94 158 478 160 54
4 30 5 1 100 0.75 8 1348 306 191 89 160 479 161 57
4 30 5 1 100 0.75 8 1349 308 191 90 162 483 165 55
4 30 5 1 100 0.75 8 1350 310 190 84 159 488 170 56
4 30 5 1 100 0.75 8 1351 313 193 92 160 489 171 58
4 30 5 1 100 0.75 8 1352 315 194 81 163 492 174 59
4 30 5 1 100 0.75 8 1353 319 196 90 164 494 176 62
4 30 5 1 100 0.75 8 1354 320 197 88 166 497 179 61
4 30 5 1 100 0.75 8 1355 323 198 86 168 500 182 61
4 30 5 1 100 0.75 8 1356 324 201 84 172 501 183 62
4 30 5 1 100 0.75 8 1357 328 199 91 167 507 189 59
4 30 5 1 100 0.75 8 1358 329 198 91 168 512 194 56
4 30 5 1 100 0.75 8 1359 334 198 83 165 516 198 55
4 30 5 1 100 0.75 8 1360 336 199 90 168 519 201 56
4 30 5 1 100 0.75 8 1361 339 202 83 172 520 202 59
4 30 5 1 100 0.75 8 1362 339 204 83 176 522 204 60
4 30 5 1 100 0.75 8 1363 340 204 83 174 526 208 56
4 30 5 1 100 0.75 8 1364 344 204 84 172 530 212 56
4 30 5 1 100 0.75 8 1365 347 203 83 174 535 217 51
4 30 5 1 100 0.75 8 1366 350 204 77 174 538 220 50
4 30 5 1 100 0.75 8 1367 352 205 89 176 541 223 51
4 30 5 1 100 0.75 8 1368 353 205 81 176 545 227 49
4 30 5 1 100 0.75 8 1369 357 202 82 170 552 234 45
4 30 5 1 100 0.75 8 1370 363 206 78 174 552 234 46
4 30 5 1 100 0.75 8 1371 366 206 83 176 556 238 46
4 30 5 1 100 0.75 8 1372 370 206 76 176 559 242 44
4 30 5 1 100 0.75 8 1373 373 209 85 179 560 243 47
4 30 5 1 100 0.75 8 1374 375 209 77 180 564 247 44
4 30 5 1 100 0.75 8 1375 378 212 80 183 565 248 45
4 30 5 1 100 0.75 8 1376 378 215 81 185 566 249 45
4 30 5 1 100 0.75 8 1377 381 215 78 185 570 253 47
4 30 5 1 100 0.75 8 1378 385 214 84 183 575 258 46
4 30 5 1 100 0.75 8 1379 387 214 75 185 578 262 46
4 30 5 1 100 0.75 8 1380 390 215 83 184 581 265 45
4 30 5 1 100 0.75 8 1381 394 218 85 187 582 266 52
4 30 5 1 100 0.75 8 1382 396 221 83 191 583 267 51
4 30 5 1 100 0.75 8 1383 399 225 91 193 583 267 54
4 30 5 1 100 0.75 8 1384 401 226 82 195 586 270 54
4 30 5 1 100 0.75 8 1385 404 228 89 195 588 272 56
4 30 5 1 100 0.75 8 1386 407 230 85 198 590 274 58
4 30 5 1 100 0.75 8 1387 408 228 83 199 596 280 53
4 30 5 1 100 0.75 8 1388 411 229 75 198 599 283 56
4 30 5 1 100 0.75 8 1389 414 231 87 201 601 285 56
4 30 5 1 100 0.75 8 1390 414 233 93 205 603 287 55
4 30 5 1 100 0.75 8 1391 418 234 85 202 606 290 56
4 30 5 1 100 0.75 8 1392 421 236 88 207 608 292 57
4 30 5 1 100 0.75 8 1393 426 238 81 208 609 294 61
4 30 5 1 100 0.75 8 1394 427 241 88 213 610 295 63
4 30 5 1 100 0.75 8 1395 429 243 83 214 611 297 64
4 30 5 1 100 0.75 8 1396 431 240 87 210 618 304 62
4 30 5 1 100 0.75 8 1397 433 238 83 207 623 310 58
4 30 5 1 100 0.75 8 1398 435 241 90 210 624 311 60
4 30 5 1 100 0.75 8 1399 437 243 90 212 626 313 63
4 30 5 1 100 0.75 8 1400 440 243 93 213 630 317 61
4 30 5 1 100 0.75 8 1401 444 238 85 207 638 326 59
4 30 5 1 100 0.75 8 1402 445 241 88 211 637 327 59
4 30 5 1 100 0.75 8 1403 448 244 89 212 638 328 62
4 30 5 1 100 0.75 8 1404 450 246 76 215 640 330 65
4 30 5 1 100 0.75 8 1405 453 244 81 214 646 336 61
4 30 5 1 100 0.75 8 1406 454 244 78 213 650 340 63
4 30 5 1 100 0.75 8 1407 457 243 84 213 655 345 61
4 30 5 1 100 0.75 8 1408 459 242 72 212 660 350 58
4 30 5 1 100 0.75 8 1409 463 240 86 208 665 356 56
4 30 5 1 100 0.75 8 1410 466 243 84 212 666 357 57
4 30 5 1 100 0.75 8 1410 466 243 243 212 723 357 57
4 30 5 1 100 0.75 8 1440 466 243 243 212 306 357 57
4 30 5 1 100 0.75 9 1441 0 4 4 0 306 0 0
4 30 5 1 100 0.75 9 1442 0 8 8 0 306 0 0
4 30 5 1 100 0.75 9 1443 0 12 12 0 306 0 0
4 30 5 1 100 0.75 9 1444 0 16 16 0 306 0 0
4 30 5 1 100 0.75 9 1445 0 20 20 0 306 0 0
4 30 5 1 100 0.75 9 1446 0 24 23 0 306 0 0
4 30 5 1 100 0.75 9 1447 0 28 27 0 306 0 0
4 30 5 1 100 0.75 9 1448 4 32 27 0 306 0 0
4 30 5 1 100 0.75 9 1449 6 36 29 4 306 0 0
4 30 5 1 100 0.75 9 1450 7 40 32 6 306 0 0
4 30 5 1 100 0.75 9 1451 11 44 30 7 306 0 0
4 30 5 1 100 0.75 9 1452 15 48 30 11 306 0 0
4 30 5 1 100 0.75 9 1453 19 52 31 15 306 0 0
4 30 5 1 100 0.75 9 1454 21 56 32 19 306 0 0
4 30 5 1 100 0.75 9 1455 26 60 34 21 306 0 2
4 30 5 1 100 0.75 9 1456 28 64 35 26 306 0 4
4 30 5 1 100 0.75 9 1457 35 68 37 28 305 0 4
4 30 5 1 100 0.75 9 1458 39 72 35 35 305 0 7
4 30 5 1 100 0.75 9 1459 42 76 42 39 305 0 11
4 30 5 1 100 0.75 9 1460 45 80 43 42 305 0 13
4 30 5 1 100 0.75 9 1461 47 84 50 45 305 0 14
4 30 5 1 100 0.75 9 1462 53 88 50 47 305 0 20
4 30 5 1 100 0.75 9 1463 57 92 50 53 304 0 22
4 30 5 1 100 0.75 9 1464 63 96 51 57 304 0 26
4 30 5 1 100 0.75 9 1465 68 100 57 63 304 0 27
4 30 5 1 100 0.75 9 1466 73 104 58 68 304 0 32
4 30 5 1 100 0.75 9 1467 76 108 63 73 304 0 34
4 30 5 1 100 0.75 9 1468 78 112 64 76 304 0 36
4 30 5 1 100 0.75 9 1469 81 116 71 78 304 0 40
4 30 5 1 100 0.75 9 1470 84 119 70 80 305 1 40
4 30 5 1 100 0.75 9 1471 90 122 70 82 306 2 42
4 30 5 1 100 0.75 9 1472 92 126 70 88 306 2 46
4 30 5 1 100 0.75 9 1473 99 129 82 89 307 3 51
4 30 5 1 100 0.75 9 1474 104 132 80 95 308 4 52
4 30 5 1 100 0.75 9 1475 105 133 87 97 311 7 49
4 30 5 1 100 0.75 9 1476 108 135 78 96 313 9 50
4 30 5 1 100 0.75 9 1477 116 136 77 96 316 12 48
4 30 5 1 100 0.75 9 1478 118 135 81 99 321 17 46
4 30 5 1 100 0.75 9 1479 121 137 78 99 323 19 46
4 30 5 1 100 0.75 9 1480 128 138 74 99 326 22 47
4 30 5 1 100 0.75 9 1481 134 139 76 103 329 25 52
4 30 5 1 100 0.75 9 1482 139 140 75 106 332 28 51
4 30 5 1 100 0.75 9 1483 141 140 77 107 336 32 47
4 30 5 1 100 0.75 9 1484 146 141 79 106 339 35 49
4 30 5 1 100 0.75 9 1485 150 143 78 109 341 37 50
4 30 5 1 100 0.75 9 1486 155 144 82 110 344 40 49
4 30 5 1 100 0.75 9 1487 157 145 81 112 347 43 49
4 30 5 1 100 0.75 9 1488 162 147 81 112 349 45 51
4 30 5 1 100 0.75 9 1489 168 149 90 116 350 47 55
4 30 5 1 100 0.75 9 1490 170 150 83 119 353 50 53
4 30 5 1 100 0.75 9 1491 174 153 83 120 354 51 54
4 30 5 1 100 0.75 9 1492 176 155 83 124 356 53 53
4 30 5 1 100 0.75 9 1493 181 157 84 125 357 55 56
4 30 5 1 100 0.75 9 1494 183 158 82 127 360 58 55
4 30 5 1 100 0.75 9 1495 187 156 81 123 366 64 51
4 30 5 1 100 0.75 9 1496 190 158 86 126 368 66 57
4 30 5 1 100 0.75 9 1497 195 159 80 127 371 69 57
4 30 5 1 100 0.75 9 1498 197 160 82 130 373 72 56
4 30 5 1 100 0.75 9 1499 201 160 83 128 376 76 56
4 30 5 1 100 0.75 9 1500 202 162 91 131 378 78 56
4 30 5 1 100 0.75 9 1501 204 164 86 130 380 80 55
4 30 5 1 100 0.75 9 1502 212 165 89 129 383 83 54
4 30 5 1 100 0.75 9 1503 218 167 79 135 385 85 56
4 30 5 1 100 0.75 9 1504 221 167 87 137 389 89 56
4 30 5 1 100 0.75 9 1505 224 163 81 134 396 97 50
4 30 5 1 100 0.75 9 1506 225 166 77 136 397 98 52
4 30 5 1 100 0.75 9 1507 230 167 71 134 399 101 50
4 30 5 1 100 0.75 9 1508 234 168 83 137 402 104 50
4 30 5 1 100 0.75 9 1509 239 167 78 136 406 109 48
4 30 5 1 100 0.75 9 1510 243 168 82 138 409 112 52
4 30 5 1 100 0.75 9 1511 245 171 74 141 410 113 54
4 30 5 1 100 0.75 9 1512 247 171 87 139 414 117 54
4 30 5 1 100 0.75 9 1513 251 172 89 138 417 120 52
4 30 5 1 100 0.75 9 1514 254 175 77 145 418 121 54
4 30 5 1 100 0.75 9 1515 256 174 79 144 423 126 53
4 30 5 1 100 0.75 9 1516 259 174 74 144 427 130 52
4 30 5 1 100 0.75 9 1517 262 178 91 147 426 130 57
4 30 5 1 100 0.75 9 1518 265 176 82 145 432 136 53
4 30 5 1 100 0.75 9 1519 268 180 87 150 432 136 55
4 30 5 1 100 0.75 9 1520 269 180 93 150 436 140 56
4 30 5 1 100 0.75 9 1521 274 182 82 150 438 142 58
4 30 5 1 100 0.75 9 1522 278 181 80 150 443 147 55
4 30 5 1 100 0.75 9 1523 282 183 84 152 445 149 55
4 30 5 1 100 0.75 9 1524 285 183 90 152 449 153 54
4 30 5 1 100 0.75 9 1525 289 185 83 154 451 155 55
4 30 5 1 100 0.75 9 1526 293 185 90 154 455 159 54
4 30 5 1 100 0.75 9 1527 299 186 86 155 458 162 53
4 30 5 1 100 0.75 9 1528 303 183 86 154 465 169 47
4 30 5 1 100 0.75 9 1529 305 185 86 156 467 171 49
4 30 5 1 100 0.75 9 1530 308 188 88 157 468 172 50
4 30 5 1 100 0.75 9 1531 310 191 90 160 469 173 50
4 30 5 1 100 0.75 9 1532 314 191 87 159 473 177 51
4 30 5 1 100 0.75 9 1533 316 193 89 162 475 179 50
4 30 5 1 100 0.75 9 1534 318 192 84 160 480 184 50
4 30 5 1 100 0.75 9 1535 321 194 84 161 482 186 54
4 30 5 1 100 0.75 9 1536 321 193 89 162 487 191 50
4 30 5 1 100 0.75 9 1537 328 192 77 159 492 196 45
4 30 5 1 100 0.75 9 1538 331 193 75 163 495 199 47
4 30 5 1 100 0.75 9 1539 334 196 82 165 496 200 50
4 30 5 1 100 0.75 9 1540 338 196 77 166 500 204 49
4 30 5 1 100 0.75 9 1541 339 199 79 169 501 205 49
4 30 5 1 100 0.75 9 1542 343 201 77 170 502 207 50
4 30 5 1 100 0.75 9 1543 345 203 84 172 504 209 52
4 30 5 1 100 0.75 9 1544 348 205 89 173 505 211 51
4 30 5 1 100 0.75 9 1545 351 204 94 172 510 216 51
4 30 5 1 100 0.75 9 1546 356 207 81 176 511 217 54
4 30 5 1 100 0.75 9 1547 358 207 86 178 515 221 53
4 30 5 1 100 0.75 9 1548 360 208 94 178 518 224 53
4 30 5 1 100 0.75 9 1549 363 211 82 180 519 225 56
4 30 5 1 100 0.75 9 1550 366 211 87 179 523 229 55
4 30 5 1 100 0.75 9 1551 370 214 81 181 524 230 56
4 30 5 1 100 0.75 9 1552 373 214 84 182 526 234 54
4 30 5 1 100 0.75 9 1553 375 213 90 181 530 239 55
4 30 5 1 100 0.75 9 1554 380 214 83 181 533 242 55
4 30 5 1 100 0.75 9 1555 383 214 85 185 536 246 52
4 30 5 1 100 0.75 9 1556 384 217 78 188 537 247 54
4 30 5 1 100 0.75 9 1557 387 218 90 186 540 250 54
4 30 5 1 100 0.75 9 1558 389 219 78 186 543 253 56
4 30 5 1 100 0.75 9 1559 391 219 84 189 546 257 53
4 30 5 1 100 0.75 9 1560 391 219 75 190 550 261 52
4 30 5 1 100 0.75 9 1561 394 219 79 186 552 265 51
4 30 5 1 100 0.75 9 1562 398 221 83 191 554 267 55
4 30 5 1 100 0.75 9 1563 400 224 81 194 554 268 54
4 30 5 1 100 0.75 9 1564 405 225 100 194 557 271 53
4 30 5 1 100 0.75 9 1565 407 225 87 196 561 275 55
4 30 5 1 100 0.75 9 1566 411 224 91 194 566 280 52
4 30 5 1 100 0.75 9 1567 414 226 86 196 568 282 53
4 30 5 1 100 0.75 9 1568 419 228 91 197 570 284 53
4 30 5 1 100 0.75 9 1569 422 227 90 197 575 289 56
4 30 5 1 100 0.75 9 1570 424 230 84 199 576 290 57
4 30 5 1 100 0.75 9 1571 428 232 94 200 578 292 61
4 30 5 1 100 0.75 9 1572 431 233 83 201 580 295 60
4 30 5 1 100 0.75 9 1573 434 232 92 199 584 300 57
4 30 5 1 100 0.75 9 1574 439 234 81 202 586 302 58
4 30 5 1 100 0.75 9 1575 440 233 100 203 590 307 56
4 30 5 1 100 0.75 9 1576 442 235 79 202 592 309 59
4 30 5 1 100 0.75 9 1577 446 238 94 206 592 310 60
4 30 5 1 100 0.75 9 1578 447 241 91 213 593 311 61
4 30 5 1 100 0.75 9 1579 448 240 96 210 598 316 58
4 30 5 1 100 0.75 9 1580 453 240 87 208 602 320 57
4 30 5 1 100 0.75 9 1581 455 238 99 208 608 326 56
4 30 5 1 100 0.75 9 1582 458 241 92 211 609 327 57
4 30 5 1 100 0.75 9 1583 460 242 103 212 612 330 57
4 30 5 1 100 0.75 9 1584 462 243 91 212 615 333 58
4 30 5 1 100 0.75 9 1585 465 240 96 209 622 340 56
4 30 5 1 100 0.75 9 1586 469 241 77 211 625 343 56
4 30 5 1 100 0.75 9 1587 472 243 92 213 627 345 59
4 30 5 1 100 0.75 9 1588 474 244 80 214 628 348 58
4 30 5 1 100 0.75 9 1589 476 245 95 214 631 351 57
4 30 5 1 100 0.75 9 1590 480 241 83 208 639 359 49
4 30 5 1 100 0.75 9 1590 480 241 241 208 686 359 49
4 30 5 1 100 0.75 9 1620 480 241 241 208 319 359 49
4 30 5 1 100 0.75 10 1621 0 4 4 0 319 0 0
4 30 5 1 100 0.75 10 1622 0 8 8 0 319 0 0
4 30 5 1 100 0.75 10 1623 0 12 12 0 319 0 0
4 30 5 1 100 0.75 10 1624 0 16 16 0 319 0 0
4 30 5 1 100 0.75 10 1625 0 20 20 0 319 0 0
4 30 5 1 100 0.75 10 1626 0 24 23 0 319 0 0
4 30 5 1 100 0.75 10 1627 0 28 28 0 319 0 0
4 30 5 1 100 0.75 10 1628 3 32 28 0 319 0 0
4 30 5 1 100 0.75 10 1629 3 36 32 3 319 0 0
4 30 5 1 100 0.75 10 1630 5 40 32 3 319 0 0
4 30 5 1 100 0.75 10 1631 7 44 31 5 319 0 0
4 30 5 1 100 0.75 10 1632 10 48 34 7 319 0 0
4 30 5 1 100 0.75 10 1633 16 52 29 10 319 0 0
4 30 5 1 100 0.75 10 1634 21 56 27 16 319 0 0
4 30 5 1 100 0.75 10 1635 24 60 33 21 319 0 3
4 30 5 1 100 0.75 10 1636 33 64 27 24 319 0 3
4 30 5 1 100 0.75 10 1637 35 68 30 33 319 0 5
4 30 5 1 100 0.75 10 1638 38 72 32 35 319 0 6
4 30 5 1 100 0.75 10 1639 44 76 30 38 319 0 8
4 30 5 1 100 0.75 10 1640 49 80 37 44 319 0 12
4 30 5 1 100 0.75 10 1641 52 84 40 49 319 0 14
4 30 5 1 100 0.75 10 1642 57 88 44 52 319 0 17
4 30 5 1 100 0.75 10 1643 62 92 50 57 319 0 22
4 30 5 1 100 0.75 10 1644 67 96 50 62 319 0 26
4 30 5 1 100 0.75 10 1645 68 100 54 67 319 0 28
4 30 5 1 100 0.75 10 1646 74 104 52 68 319 0 30
4 30 5 1 100 0.75 10 1647 79 108 68 74 318 0 35
4 30 5 1 100 0.75 10 1648 81 112 59 79 318 0 38
4 30 5 1 100 0.75 10 1649 85 116 75 81 318 0 41
4 30 5 1 100 0.75 10 1650 87 120 66 85 318 0 44
4 30 5 1 100 0.75 10 1651 93 124 68 87 318 0 50
4 30 5 1 100 0.75 10 1652 96 127 76 92 319 1 51
4 30 5 1 100 0.75 10 1653 99 129 70 93 321 3 51
4 30 5 1 100 0.75 10 1654 103 132 80 95 322 4 56
4 30 5 1 100 0.75 10 1655 109 134 80 97 324 6 57
4 30 5 1 100 0.75 10 1656 113 137 76 102 325 7 58
4 30 5 1 100 0.75 10 1657 114 139 85 104 327 9 59
4 30 5 1 100 0.75 10 1658 120 139 85 101 331 13 56
4 30 5 1 100 0.75 10 1659 125 140 81 104 334 16 58
4 30 5 1 100 0.75 10 1660 130 141 74 106 337 19 57
4 30 5 1 100 0.75 10 1661 133 140 80 106 342 24 53
4 30 5 1 100 0.75 10 1662 139 142 78 107 344 26 55
4 30 5 1 100 0.75 10 1663 142 145 83 112 345 27 57
4 30 5 1 100 0.75 10 1664 145 146 81 112 348 30 56
4 30 5 1 100 0.75 10 1665 150 146 87 111 352 34 57
4 30 5 1 100 0.75 10 1666 153 145 81 111 357 39 56
4 30 5 1 100 0.75 10 1667 156 146 80 111 360 42 56
4 30 5 1 100 0.75 10 1668 161 147 82 111 363 45 56
4 30 5 1 100 0.75 10 1669 167 148 82 113 366 48 58
4 30 5 1 100 0.75 10 1670 170 146 75 113 372 54 54
4 30 5 1 100 0.75 10 1671 173 148 83 114 374 56 55
4 30 5 1 100 0.75 10 1672 179 148 80 114 378 60 52
4 30 5 1 100 0.75 10 1673 183 150 79 118 380 62 54
4 30 5 1 100 0.75 10 1674 185 150 75 119 384 66 52
4 30 5 1 100 0.75 10 1675 190 153 79 120 385 67 52
4 30 5 1 100 0.75 10 1676 191 155 81 123 387 69 54
4 30 5 1 100 0.75 10 1677 196 157 83 123 389 71 54
4 30 5 1 100 0.75 10 1678 199 155 78 122 395 77 51
4 30 5 1 100 0.75 10 1679 205 155 80 121 399 81 51
4 30 5 1 100 0.75 10 1680 208 156 77 124 402 84 53
4 30 5 1 100 0.75 10 1681 212 157 79 124 405 87 53
4 30 5 1 100 0.75 10 1682 214 157 72 126 408 91 52
4 30 5 1 100 0.75 10 1683 218 158 80 125 410 94 50
4 30 5 1 100 0.75 10 1684 222 158 75 125 414 98 49
4 30 5 1 100 0.75 10 1685 225 160 86 129 414 100 50
4 30 5 1 100 0.75 10 1686 230 160 76 128 417 104 49
4 30 5 1 100 0.75 10 1687 231 161 86 130 420 107 50
4 30 5 1 100 0.75 10 1688 235 165 83 132 420 107 56
4 30 5 1 100 0.75 10 1689 238 164 82 133 424 112 52
4 30 5 1 100 0.75 10 1690 243 164 84 132 428 116 49
4 30 5 1 100 0.75 10 1691 247 166 85 135 430 118 51
4 30 5 1 100 0.75 10 1692 248 170 79 139 429 118 54
4 30 5 1 100 0.75 10 1693 254 171 83 138 431 121 55
4 30 5 1 100 0.75 10 1694 258 174 78 143 432 122 57
4 30 5 1 100 0.75 10 1695 259 176 96 146 434 124 59
4 30 5 1 100 0.75 10 1696 265 177 79 144 437 127 59
4 30 5 1 100 0.75 10 1697 268 178 88 148 440 130 61
4 30 5 1 100 0.75 10 1698 272 175 89 145 447 137 59
4 30 5 1 100 0.75 10 1699 272 177 85 147 449 139 58
4 30 5 1 100 0.75 10 1700 277 177 83 143 452 143 59
4 30 5 1 100 0.75 10 1701 281 178 93 145 455 146 60
4 30 5 1 100 0.75 10 1702 284 179 96 147 458 149 58
4 30 5 1 100 0.75 10 1703 287 177 77 146 464 155 55
4 30 5 1 100 0.75 10 1704 289 179 84 148 465 157 54
4 30 5 1 100 0.75 10 1705 290 181 82 149 467 159 57
4 30 5 1 100 0.75 10 1706 293 182 90 150 470 162 55
4 30 5 1 100 0.75 10 1707 298 181 77 149 475 167 52
4 30 5 1 100 0.75 10 1708 300 183 78 152 477 169 53
4 30 5 1 100 0.75 10 1709 304 183 74 150 481 173 52
4 30 5 1 100 0.75 10 1710 307 186 85 154 482 174 55
4 30 5 1 100 0.75 10 1711 310 189 87 158 483 175 58
4 30 5 1 100 0.75 10 1712 315 190 78 158 486 178 57
4 30 5 1 100 0.75 10 1713 317 188 83 158 491 184 54
4 30 5 1 100 0.75 10 1714 319 184 79 153 499 192 51
4 30 5 1 100 0.75 10 1715 322 187 87 155 500 193 53
4 30 5 1 100 0.75 10 1716 327 187 80 155 504 197 52
4 30 5 1 100 0.75 10 1717 331 187 83 156 508 201 54
4 30 5 1 100 0.75 10 1718 334 189 81 160 510 203 53
4 30 5 1 100 0.75 10 1719 336 190 94 160 511 206 53
4 30 5 1 100 0.75 10 1720 339 192 81 160 513 208 56
4 30 5 1 100 0.75 10 1721 343 192 76 159 516 212 53
4 30 5 1 100 0.75 10 1722 347 195 80 164 517 213 55
4 30 5 1 100 0.75 10 1723 349 198 89 167 518 214 55
4 30 5 1 100 0.75 10 1724 350 199 81 168 521 217 59
4 30 5 1 100 0.75 10 1725 354 199 86 167 525 221 57
4 30 5 1 100 0.75 10 1726 356 200 84 170 527 224 55
4 30 5 1 100 0.75 10 1727 358 198 76 168 533 230 52
4 30 5 1 100 0.75 10 1728 360 198 79 167 537 234 49
4 30 5 1 100 0.75 10 1729 363 200 86 168 539 236 51
4 30 5 1 100 0.75 10 1730 366 201 85 170 542 239 51
4 30 5 1 100 0.75 10 1731 367 202 85 172 545 242 50
4 30 5 1 100 0.75 10 1732 368 204 79 172 547 244 52
4 30 5 1 100 0.75 10 1733 370 204 84 172 551 248 52
4 30 5 1 100 0.75 10 1734 372 204 82 174 554 252 50
4 30 5 1 100 0.75 10 1735 377 202 79 170 560 258 46
4 30 5 1 100 0.75 10 1736 379 205 76 176 561 259 49
4 30 5 1 100 0.75 10 1737 379 207 71 177 563 261 52
4 30 5 1 100 0.75 10 1738 382 208 89 177 565 264 51
4 30 5 1 100 0.75 10 1739 386 208 70 176 568 268 48
4 30 5 1 100 0.75 10 1740 386 210 80 181 570 270 53
4 30 5 1 100 0.75 10 1741 391 209 76 176 575 275 52
4 30 5 1 100 0.75 10 1742 394 213 81 182 575 275 55
4 30 5 1 100 0.75 10 1743 394 217 89 188 574 275 58
4 30 5 1 100 0.75 10 1744 397 216 81 185 578 280 57
4 30 5 1 100 0.75 10 1745 401 217 85 186 581 283 55
4 30 5 1 100 0.75 10 1746 404 220 78 190 582 284 57
4 30 5 1 100 0.75 10 1747 405 219 86 189 587 289 55
4 30 5 1 100 0.75 10 1748 409 219 82 187 591 293 52
4 30 5 1 100 0.75 10 1749 413 220 86 190 594 296 56
4 30 5 1 100 0.75 10 1750 416 221 80 191 597 299 55
4 30 5 1 100 0.75 10 1751 420 220 78 190 602 304 53
4 30 5 1 100 0.75 10 1752 420 221 77 192 605 307 55
4 30 5 1 100 0.75 10 1753 424 222 88 190 608 310 54
4 30 5 1 100 0.75 10 1754 425 224 83 194 610 312 55
4 30 5 1 100 0.75 10 1755 427 223 88 191 615 317 57
4 30 5 1 100 0.75 10 1756 429 225 85 194 617 319 57
4 30 5 1 100 0.75 10 1757 430 228 77 197 618 320 58
4 30 5 1 100 0.75 10 1758 434 226 81 194 623 326 55
4 30 5 1 100 0.75 10 1759 435 227 81 197 625 329 56
4 30 5 1 100 0.75 10 1760 436 230 90 198 626 330 57
4 30 5 1 100 0.75 10 1761 440 229 81 198 631 335 56
4 30 5 1 100 0.75 10 1762 440 231 88 203 633 337 57
4 30 5 1 100 0.75 10 1763 442 232 78 200 636 340 58
4 30 5 1 100 0.75 10 1764 446 233 81 201 639 343 58
4 30 5 1 100 0.75 10 1765 449 234 74 203 642 346 56
4 30 5 1 100 0.75 10 1766 453 234 83 204 646 350 55
4 30 5 1 100 0.75 10 1767 457 235 74 205 649 353 54
4 30 5 1 100 0.75 10 1768 458 236 83 207 652 356 59
4 30 5 1 100 0.75 10 1769 462 236 78 204 655 360 57
4 30 5 1 100 0.75 10 1770 464 236 80 206 659 364 54
4 30 5 1 100 0.75 10 1770 464 236 236 206 713 364 54
4 30 5 1 100 0.75 10 1800 464 236 236 206 326 364 54
