7 30 5 1 100 0.75 1 1 0 7 7 0 100 0 0
7 30 5 1 100 0.75 1 2 0 14 14 0 100 0 0
7 30 5 1 100 0.75 1 3 0 21 21 0 100 0 0
7 30 5 1 100 0.75 1 4 0 28 28 0 100 0 0
7 30 5 1 100 0.75 1 5 0 35 35 0 100 0 0
7 30 5 1 100 0.75 1 6 0 42 41 0 100 0 0
7 30 5 1 100 0.75 1 7 0 49 49 0 100 0 0
7 30 5 1 100 0.75 1 8 0 56 56 0 100 0 0
7 30 5 1 100 0.75 1 9 0 63 63 0 100 0 0
7 30 5 1 100 0.75 1 10 2 70 68 0 100 0 0
7 30 5 1 100 0.75 1 11 5 77 71 2 100 0 0
7 30 5 1 100 0.75 1 12 10 84 73 5 100 0 0
7 30 5 1 100 0.75 1 13 12 91 78 10 100 0 0
7 30 5 1 100 0.75 1 14 15 98 82 12 100 0 0
7 30 5 1 100 0.75 1 15 20 105 84 15 100 0 0
7 30 5 1 100 0.75 1 16 21 112 90 20 100 0 0
7 30 5 1 100 0.75 1 17 24 119 95 21 100 0 1
7 30 5 1 100 0.75 1 18 28 126 101 24 100 0 1
7 30 5 1 100 0.75 1 19 30 133 107 28 100 0 2
7 30 5 1 100 0.75 1 20 35 140 115 30 100 0 6
7 30 5 1 100 0.75 1 21 38 147 115 35 100 0 8
7 30 5 1 100 0.75 1 22 41 154 127 38 100 0 11
7 30 5 1 100 0.75 1 23 44 161 132 41 100 0 13
7 30 5 1 100 0.75 1 24 51 168 137 44 100 0 16
7 30 5 1 100 0.75 1 25 56 175 143 51 100 0 18
7 30 5 1 100 0.75 1 26 59 182 147 56 100 0 20
7 30 5 1 100 0.75 1 27 63 189 155 59 100 0 24
7 30 5 1 100 0.75 1 28 66 196 161 63 100 0 26
7 30 5 1 100 0.75 1 29 68 203 167 66 100 0 28
7 30 5 1 100 0.75 1 30 71 210 174 68 100 0 29
7 30 5 1 100 0.75 1 31 75 217 184 71 100 0 33
7 30 5 1 100 0.75 1 32 83 224 185 75 100 0 37
7 30 5 1 100 0.75 1 33 92 231 187 83 100 0 40
7 30 5 1 100 0.75 1 34 95 238 196 92 100 0 41
7 30 5 1 100 0.75 1 35 99 244 195 94 101 1 43
7 30 5 1 100 0.75 1 36 105 251 198 98 101 1 46
7 30 5 1 100 0.75 1 37 109 254 204 100 105 5 45
7 30 5 1 100 0.75 1 38 115 259 205 102 107 7 47
7 30 5 1 100 0.75 1 39 119 263 213 105 110 10 49
7 30 5 1 100 0.75 1 40 129 266 212 105 114 14 49
7 30 5 1 100 0.75 1 41 135 271 214 113 116 16 51
7 30 5 1 100 0.75 1 42 137 277 222 118 117 17 54
7 30 5 1 100 0.75 1 43 142 283 226 119 118 18 58
7 30 5 1 100 0.75 1 44 148 287 233 121 121 21 57
7 30 5 1 100 0.75 1 45 153 291 234 124 124 24 58
7 30 5 1 100 0.75 1 46 161 295 236 126 127 27 59
7 30 5 1 100 0.75 1 47 170 300 236 132 129 29 66
7 30 5 1 100 0.75 1 48 176 302 234 136 134 34 63
7 30 5 1 100 0.75 1 49 186 307 236 140 136 36 64
7 30 5 1 100 0.75 1 50 193 313 236 149 137 37 64
7 30 5 1 100 0.75 1 51 197 318 247 154 139 39 65
7 30 5 1 100 0.75 1 52 205 321 243 155 143 43 67
7 30 5 1 100 0.75 1 53 210 325 250 160 146 46 66
7 30 5 1 100 0.75 1 54 219 331 254 164 147 47 73
7 30 5 1 100 0.75 1 55 230 332 254 167 153 53 73
7 30 5 1 100 0.75 1 56 241 335 247 174 157 57 75
7 30 5 1 100 0.75 1 57 249 340 254 184 159 59 81
7 30 5 1 100 0.75 1 58 256 342 256 187 164 64 79
7 30 5 1 100 0.75 1 59 266 344 249 189 169 69 79
7 30 5 1 100 0.75 1 60 274 346 247 194 174 74 79
7 30 5 1 100 0.75 1 61 282 350 251 201 177 77 79
7 30 5 1 100 0.75 1 62 290 354 255 206 180 80 85
7 30 5 1 100 0.75 1 63 295 357 261 212 184 84 86
7 30 5 1 100 0.75 1 64 307 360 254 213 188 88 89
7 30 5 1 100 0.75 1 65 316 363 259 222 192 92 90
7 30 5 1 100 0.75 1 66 323 365 256 227 197 97 94
7 30 5 1 100 0.75 1 67 331 369 258 234 200 100 99
7 30 5 1 100 0.75 1 68 345 372 252 239 204 104 104
7 30 5 1 100 0.75 1 69 351 375 260 251 208 108 107
7 30 5 1 100 0.75 1 70 359 377 254 252 213 113 108
7 30 5 1 100 0.75 1 71 369 379 251 256 218 118 109
7 30 5 1 100 0.75 1 72 373 381 261 261 223 123 111
7 30 5 1 100 0.75 1 73 386 380 252 257 231 131 116
7 30 5 1 100 0.75 1 74 393 383 252 268 235 135 116
7 30 5 1 100 0.75 1 75 400 383 251 268 242 142 115
7 30 5 1 100 0.75 1 76 411 384 250 271 247 148 118
7 30 5 1 100 0.75 1 77 416 389 253 283 249 150 120
7 30 5 1 100 0.75 1 78 428 393 255 287 252 153 124
7 30 5 1 100 0.75 1 79 440 396 258 297 256 157 123
7 30 5 1 100 0.75 1 80 444 395 260 303 264 165 126
7 30 5 1 100 0.75 1 81 452 395 246 300 271 172 123
7 30 5 1 100 0.75 1 82 460 396 248 302 277 178 123
7 30 5 1 100 0.75 1 83 468 396 238 307 284 185 125
7 30 5 1 100 0.75 1 84 473 395 240 310 292 193 128
7 30 5 1 100 0.75 1 85 481 395 244 309 299 200 129
7 30 5 1 100 0.75 1 86 490 393 235 313 308 209 128
7 30 5 1 100 0.75 1 87 495 390 227 313 318 219 131
7 30 5 1 100 0.75 1 88 504 389 214 310 326 227 126
7 30 5 1 100 0.75 1 89 506 388 228 314 334 235 126
7 30 5 1 100 0.75 1 90 510 390 225 316 339 240 133
7 30 5 1 100 0.75 1 91 517 390 237 316 346 247 131
7 30 5 1 100 0.75 1 92 523 390 217 318 353 254 130
7 30 5 1 100 0.75 1 93 529 390 221 320 359 261 132
7 30 5 1 100 0.75 1 94 532 393 217 324 363 265 136
7 30 5 1 100 0.75 1 95 538 396 227 326 367 269 138
7 30 5 1 100 0.75 1 96 546 392 224 321 378 280 131
7 30 5 1 100 0.75 1 97 552 389 210 326 388 290 127
7 30 5 1 100 0.75 1 98 558 391 212 329 393 295 128
7 30 5 1 100 0.75 1 99 562 390 219 329 401 303 127
7 30 5 1 100 0.75 1 100 566 393 219 331 405 307 128
7 30 5 1 100 0.75 1 101 571 393 210 331 412 314 125
7 30 5 1 100 0.75 1 102 577 391 203 330 421 323 122
7 30 5 1 100 0.75 1 103 580 391 198 332 428 330 125
7 30 5 1 100 0.75 1 104 586 390 200 331 436 338 128
7 30 5 1 100 0.75 1 105 590 389 202 331 444 346 123
7 30 5 1 100 0.75 1 106 595 389 197 330 451 353 118
7 30 5 1 100 0.75 1 107 598 388 197 333 458 361 115
7 30 5 1 100 0.75 1 108 600 385 184 329 468 371 113
7 30 5 1 100 0.75 1 109 602 385 193 329 474 378 111
7 30 5 1 100 0.75 1 110 607 379 168 321 487 391 102
7 30 5 1 100 0.75 1 111 609 382 174 328 491 395 102
7 30 5 1 100 0.75 1 112 615 381 181 327 498 403 99
7 30 5 1 100 0.75 1 113 616 377 182 324 509 414 95
7 30 5 1 100 0.75 1 114 617 379 179 323 514 419 97
7 30 5 1 100 0.75 1 115 620 384 175 328 516 421 100
7 30 5 1 100 0.75 1 116 623 385 177 327 522 427 99
7 30 5 1 100 0.75 1 117 626 388 171 330 526 431 100
7 30 5 1 100 0.75 1 118 629 391 186 333 530 435 103
7 30 5 1 100 0.75 1 119 630 393 179 338 535 440 103
7 30 5 1 100 0.75 1 120 634 393 162 335 542 447 104
7 30 5 1 100 0.75 1 121 638 387 157 332 555 460 95
7 30 5 1 100 0.75 1 122 639 389 172 336 560 465 94
7 30 5 1 100 0.75 1 123 640 389 159 334 567 472 91
7 30 5 1 100 0.75 1 124 642 393 165 338 569 475 96
7 30 5 1 100 0.75 1 125 644 395 171 341 574 480 97
7 30 5 1 100 0.75 1 126 648 400 163 346 576 482 100
7 30 5 1 100 0.75 1 127 650 399 158 345 584 490 100
7 30 5 1 100 0.75 1 128 651 401 166 350 589 495 100
7 30 5 1 100 0.75 1 129 653 402 169 349 595 501 101
7 30 5 1 100 0.75 1 130 653 405 167 353 599 505 101
7 30 5 1 100 0.75 1 131 654 407 172 352 604 510 103
7 30 5 1 100 0.75 1 132 658 405 167 351 613 519 98
7 30 5 1 100 0.75 1 133 659 406 175 353 619 525 97
7 30 5 1 100 0.75 1 134 663 407 165 352 625 531 100
7 30 5 1 100 0.75 1 135 663 408 168 355 631 537 99
7 30 5 1 100 0.75 1 136 666 412 167 356 634 540 101
7 30 5 1 100 0.75 1 137 666 412 164 360 641 547 98
7 30 5 1 100 0.75 1 138 672 412 167 357 647 554 97
7 30 5 1 100 0.75 1 139 674 414 175 362 651 559 98
7 30 5 1 100 0.75 1 140 676 416 167 362 656 564 99
7 30 5 1 100 0.75 1 141 679 420 184 366 659 567 102
7 30 5 1 100 0.75 1 142 680 424 175 369 659 570 103
7 30 5 1 100 0.75 1 143 681 425 183 372 665 576 102
7 30 5 1 100 0.75 1 144 683 424 172 369 673 584 99
7 30 5 1 100 0.75 1 145 684 425 176 372 679 590 98
7 30 5 1 100 0.75 1 146 687 425 160 370 686 597 94
7 30 5 1 100 0.75 1 147 689 427 170 374 691 602 93
7 30 5 1 100 0.75 1 148 691 429 161 375 696 607 93
7 30 5 1 100 0.75 1 149 694 429 167 376 703 614 91
7 30 5 1 100 0.75 1 150 694 432 165 380 707 618 90
7 30 5 1 100 0.75 1 150 694 432 432 380 797 618 90
7 30 5 1 100 0.75 1 180 694 432 432 380 274 618 90
7 30 5 1 100 0.75 2 181 0 7 7 0 274 0 0
7 30 5 1 100 0.75 2 182 0 14 14 0 274 0 0
7 30 5 1 100 0.75 2 183 0 21 21 0 274 0 0
7 30 5 1 100 0.75 2 184 0 28 27 0 274 0 0
7 30 5 1 100 0.75 2 185 0 35 34 0 274 0 0
7 30 5 1 100 0.75 2 186 0 42 42 0 274 0 0
7 30 5 1 100 0.75 2 187 1 49 46 0 274 0 0
7 30 5 1 100 0.75 2 188 1 56 53 1 274 0 0
7 30 5 1 100 0.75 2 189 4 63 55 1 274 0 0
7 30 5 1 100 0.75 2 190 9 70 61 4 274 0 0
7 30 5 1 100 0.75 2 191 15 77 58 9 274 0 0
7 30 5 1 100 0.75 2 192 18 84 65 15 274 0 0
7 30 5 1 100 0.75 2 193 25 91 60 18 274 0 0
7 30 5 1 100 0.75 2 194 30 98 64 25 274 0 0
7 30 5 1 100 0.75 2 195 36 105 67 30 274 0 1
7 30 5 1 100 0.75 2 196 43 112 69 36 274 0 3
7 30 5 1 100 0.75 2 197 50 119 67 43 274 0 6
7 30 5 1 100 0.75 2 198 56 126 70 50 274 0 10
7 30 5 1 100 0.75 2 199 61 133 78 56 274 0 12
7 30 5 1 100 0.75 2 200 68 140 85 61 274 0 18
7 30 5 1 100 0.75 2 201 72 147 91 68 274 0 21
7 30 5 1 100 0.75 2 202 76 154 101 72 274 0 27
7 30 5 1 100 0.75 2 203 79 161 106 76 274 0 31
7 30 5 1 100 0.75 2 204 87 168 112 79 274 0 38
7 30 5 1 100 0.75 2 205 95 175 107 87 274 0 43
7 30 5 1 100 0.75 2 206 101 182 120 95 274 0 48
7 30 5 1 100 0.75 2 207 105 189 132 101 274 0 54
7 30 5 1 100 0.75 2 208 112 196 134 105 274 0 58
7 30 5 1 100 0.75 2 209 115 203 132 112 274 0 58
7 30 5 1 100 0.75 2 210 121 210 144 115 274 0 63
7 30 5 1 100 0.75 2 211 132 216 145 120 275 1 64
7 30 5 1 100 0.75 2 212 141 223 144 131 275 1 72
7 30 5 1 100 0.75 2 213 150 228 148 138 277 3 74
7 30 5 1 100 0.75 2 214 160 234 151 146 278 4 77
7 30 5 1 100 0.75 2 215 163 240 158 155 279 5 84
7 30 5 1 100 0.75 2 216 172 245 161 156 281 7 85
7 30 5 1 100 0.75 2 217 181 247 148 160 286 12 81
7 30 5 1 100 0.75 2 218 187 249 166 164 291 17 82
7 30 5 1 100 0.75 2 219 194 249 158 163 298 24 86
7 30 5 1 100 0.75 2 220 203 251 164 165 303 29 90
7 30 5 1 100 0.75 2 221 210 253 171 169 308 34 92
7 30 5 1 100 0.75 2 222 215 256 151 172 312 38 91
7 30 5 1 100 0.75 2 223 224 258 156 172 317 43 89
7 30 5 1 100 0.75 2 224 232 254 152 170 328 54 86
7 30 5 1 100 0.75 2 225 240 259 151 177 330 56 91
7 30 5 1 100 0.75 2 226 249 265 158 184 331 57 95
7 30 5 1 100 0.75 2 227 258 266 161 187 337 63 93
7 30 5 1 100 0.75 2 228 265 271 162 194 339 65 99
7 30 5 1 100 0.75 2 229 271 270 158 194 347 73 95
7 30 5 1 100 0.75 2 230 279 274 161 197 350 76 96
7 30 5 1 100 0.75 2 231 285 277 162 203 354 80 99
7 30 5 1 100 0.75 2 232 294 279 162 205 359 85 99
7 30 5 1 100 0.75 2 233 305 282 163 211 363 89 102
7 30 5 1 100 0.75 2 234 310 285 162 219 367 93 107
7 30 5 1 100 0.75 2 235 318 287 163 220 372 98 111
7 30 5 1 100 0.75 2 236 322 287 156 221 379 105 107
7 30 5 1 100 0.75 2 237 331 287 171 221 386 112 107
7 30 5 1 100 0.75 2 238 336 288 160 224 392 118 109
7 30 5 1 100 0.75 2 239 348 287 166 221 400 126 107
7 30 5 1 100 0.75 2 240 357 290 149 230 404 130 107
7 30 5 1 100 0.75 2 241 363 292 155 234 409 135 108
7 30 5 1 100 0.75 2 242 369 289 152 230 419 145 103
7 30 5 1 100 0.75 2 243 374 291 143 231 424 150 104
7 30 5 1 100 0.75 2 244 380 294 148 233 428 154 106
7 30 5 1 100 0.75 2 245 388 292 141 231 437 163 101
7 30 5 1 100 0.75 2 246 395 292 140 235 444 170 103
7 30 5 1 100 0.75 2 247 396 296 143 243 447 173 107
7 30 5 1 100 0.75 2 248 405 297 147 239 453 179 106
7 30 5 1 100 0.75 2 249 412 301 150 245 455 182 109
7 30 5 1 100 0.75 2 250 417 302 157 248 461 188 109
7 30 5 1 100 0.75 2 251 421 297 130 241 473 200 100
7 30 5 1 100 0.75 2 252 425 297 150 240 480 207 100
7 30 5 1 100 0.75 2 253 433 300 146 242 484 211 103
7 30 5 1 100 0.75 2 254 441 296 136 240 495 222 97
7 30 5 1 100 0.75 2 255 443 297 126 245 500 228 94
7 30 5 1 100 0.75 2 256 446 301 145 246 502 231 97
7 30 5 1 100 0.75 2 257 452 303 140 247 507 236 96
7 30 5 1 100 0.75 2 258 458 306 130 251 511 240 97
7 30 5 1 100 0.75 2 259 464 313 142 258 511 240 101
7 30 5 1 100 0.75 2 260 468 312 134 257 519 248 101
7 30 5 1 100 0.75 2 261 475 313 133 258 525 254 101
7 30 5 1 100 0.75 2 262 477 312 132 259 533 262 100
7 30 5 1 100 0.75 2 263 481 315 144 260 537 266 101
7 30 5 1 100 0.75 2 264 489 315 137 259 544 273 100
7 30 5 1 100 0.75 2 265 493 314 131 261 552 281 96
7 30 5 1 100 0.75 2 266 496 315 132 262 558 287 95
7 30 5 1 100 0.75 2 267 499 315 129 263 564 294 91
7 30 5 1 100 0.75 2 268 504 319 144 264 567 297 96
7 30 5 1 100 0.75 2 269 508 322 141 269 569 301 98
7 30 5 1 100 0.75 2 270 513 322 122 266 575 308 93
7 30 5 1 100 0.75 2 271 516 320 132 267 583 317 90
7 30 5 1 100 0.75 2 272 519 325 137 274 582 319 94
7 30 5 1 100 0.75 2 273 524 328 136 276 586 323 97
7 30 5 1 100 0.75 2 274 528 331 141 277 590 327 97
7 30 5 1 100 0.75 2 275 529 326 133 272 602 339 88
7 30 5 1 100 0.75 2 276 536 329 128 276 605 343 88
7 30 5 1 100 0.75 2 277 538 331 128 280 610 348 88
7 30 5 1 100 0.75 2 278 543 332 113 280 616 354 92
7 30 5 1 100 0.75 2 279 545 333 143 280 621 360 91
7 30 5 1 100 0.75 2 280 545 336 133 285 624 364 89
7 30 5 1 100 0.75 2 281 548 335 140 282 632 372 87
7 30 5 1 100 0.75 2 282 548 339 144 284 635 375 88
7 30 5 1 100 0.75 2 283 551 340 137 282 641 381 89
7 30 5 1 100 0.75 2 284 555 345 131 290 643 383 96
7 30 5 1 100 0.75 2 285 558 345 139 291 650 390 90
7 30 5 1 100 0.75 2 286 559 348 127 296 654 394 93
7 30 5 1 100 0.75 2 287 563 353 140 298 656 396 98
7 30 5 1 100 0.75 2 288 566 353 135 298 662 403 94
7 30 5 1 100 0.75 2 289 566 353 136 299 669 410 90
7 30 5 1 100 0.75 2 290 569 352 133 300 677 418 87
7 30 5 1 100 0.75 2 291 572 356 133 303 680 421 91
7 30 5 1 100 0.75 2 292 577 357 121 305 684 427 96
7 30 5 1 100 0.75 2 293 579 358 132 306 690 433 94
7 30 5 1 100 0.75 2 294 581 364 137 312 691 434 96
7 30 5 1 100 0.75 2 295 583 366 135 313 695 439 95
7 30 5 1 100 0.75 2 296 589 364 134 311 704 448 93
7 30 5 1 100 0.75 2 297 594 365 142 313 710 454 90
7 30 5 1 100 0.75 2 298 596 367 134 317 715 459 93
7 30 5 1 100 0.75 2 299 600 370 136 318 719 463 93
7 30 5 1 100 0.75 2 300 604 375 136 323 721 465 98
7 30 5 1 100 0.75 2 301 605 375 134 323 727 472 93
7 30 5 1 100 0.75 2 302 608 376 135 321 733 478 93
7 30 5 1 100 0.75 2 303 612 378 135 325 738 483 92
7 30 5 1 100 0.75 2 304 614 378 135 326 745 490 89
7 30 5 1 100 0.75 2 305 616 381 126 329 747 494 93
7 30 5 1 100 0.75 2 306 616 382 137 328 753 500 92
7 30 5 1 100 0.75 2 307 621 387 141 334 755 502 95
7 30 5 1 100 0.75 2 308 623 385 127 335 764 511 91
7 30 5 1 100 0.75 2 309 624 384 134 332 772 519 86
7 30 5 1 100 0.75 2 310 627 389 135 336 774 521 90
7 30 5 1 100 0.75 2 311 629 389 144 335 780 528 89
7 30 5 1 100 0.75 2 312 631 390 121 337 786 534 87
7 30 5 1 100 0.75 2 313 633 392 138 339 790 539 87
7 30 5 1 100 0.75 2 314 636 393 129 339 796 545 90
7 30 5 1 100 0.75 2 315 638 396 129 340 800 549 93
7 30 5 1 100 0.75 2 316 641 397 132 341 804 555 91
7 30 5 1 100 0.75 2 317 641 395 128 343 813 564 87
7 30 5 1 100 0.75 2 318 643 398 126 344 817 568 89
7 30 5 1 100 0.75 2 319 645 403 133 350 819 570 92
7 30 5 1 100 0.75 2 320 645 406 131 355 823 574 92
7 30 5 1 100 0.75 2 321 649 408 125 354 828 579 92
7 30 5 1 100 0.75 2 322 649 411 134 360 831 583 92
7 30 5 1 100 0.75 2 323 650 413 123 360 836 588 89
7 30 5 1 100 0.75 2 324 652 413 133 359 843 595 89
7 30 5 1 100 0.75 2 325 657 414 138 357 849 601 89
7 30 5 1 100 0.75 2 326 661 415 120 360 855 607 91
7 30 5 1 100 0.75 2 327 662 419 133 367 857 610 94
7 30 5 1 100 0.75 2 328 663 424 143 371 859 612 98
7 30 5 1 100 0.75 2 329 665 420 128 366 870 623 93
7 30 5 1 100 0.75 2 330 665 420 129 368 877 630 89
7 30 5 1 100 0.75 2 330 665 420 420 368 965 630 89
7 30 5 1 100 0.75 2 360 665 420 420 368 316 630 89
7 30 5 1 100 0.75 3 361 0 7 7 0 316 0 0
7 30 5 1 100 0.75 3 362 0 14 14 0 316 0 0
7 30 5 1 100 0.75 3 363 0 21 21 0 316 0 0
7 30 5 1 100 0.75 3 364 0 28 28 0 316 0 0
7 30 5 1 100 0.75 3 365 0 35 35 0 316 0 0
7 30 5 1 100 0.75 3 366 0 42 42 0 316 0 0
7 30 5 1 100 0.75 3 367 0 49 47 0 316 0 0
7 30 5 1 100 0.75 3 368 1 56 54 0 316 0 0
7 30 5 1 100 0.75 3 369 5 63 54 1 316 0 0
7 30 5 1 100 0.75 3 370 8 70 59 5 316 0 0
7 30 5 1 100 0.75 3 371 18 77 55 8 316 0 0
7 30 5 1 100 0.75 3 372 26 84 52 18 316 0 0
7 30 5 1 100 0.75 3 373 30 91 57 26 316 0 0
7 30 5 1 100 0.75 3 374 34 98 58 30 316 0 0
7 30 5 1 100 0.75 3 375 38 105 63 34 316 0 0
7 30 5 1 100 0.75 3 376 47 112 64 38 316 0 4
7 30 5 1 100 0.75 3 377 57 119 61 47 316 0 7
7 30 5 1 100 0.75 3 378 57 126 72 57 316 0 12
7 30 5 1 100 0.75 3 379 64 133 84 57 316 0 19
7 30 5 1 100 0.75 3 380 77 140 79 64 316 0 22
7 30 5 1 100 0.75 3 381 79 147 93 77 316 0 28
7 30 5 1 100 0.75 3 382 85 154 89 79 316 0 30
7 30 5 1 100 0.75 3 383 94 161 97 85 316 0 32
7 30 5 1 100 0.75 3 384 100 168 107 94 316 0 44
7 30 5 1 100 0.75 3 385 107 175 104 100 316 0 45
7 30 5 1 100 0.75 3 386 110 182 111 107 316 0 46
7 30 5 1 100 0.75 3 387 125 189 123 110 316 0 53
7 30 5 1 100 0.75 3 388 134 196 116 125 316 0 58
7 30 5 1 100 0.75 3 389 139 203 128 134 316 0 62
7 30 5 1 100 0.75 3 390 144 210 125 139 316 0 66
7 30 5 1 100 0.75 3 391 151 217 138 144 316 0 73
7 30 5 1 100 0.75 3 392 156 221 139 148 319 3 76
7 30 5 1 100 0.75 3 393 162 227 145 152 320 4 80
7 30 5 1 100 0.75 3 394 167 228 145 152 325 10 81
7 30 5 1 100 0.75 3 395 174 232 141 154 328 13 87
7 30 5 1 100 0.75 3 396 188 237 152 159 330 15 90
7 30 5 1 100 0.75 3 397 193 241 156 170 333 18 93
7 30 5 1 100 0.75 3 398 201 242 156 169 339 24 90
7 30 5 1 100 0.75 3 399 206 241 151 169 347 32 86
7 30 5 1 100 0.75 3 400 214 247 152 173 348 33 92
7 30 5 1 100 0.75 3 401 224 250 155 177 352 37 93
7 30 5 1 100 0.75 3 402 231 253 150 183 355 41 92
7 30 5 1 100 0.75 3 403 237 255 158 187 360 46 97
7 30 5 1 100 0.75 3 404 247 257 150 188 365 51 97
7 30 5 1 100 0.75 3 405 252 258 153 192 371 57 95
7 30 5 1 100 0.75 3 406 262 261 148 193 375 61 96
7 30 5 1 100 0.75 3 407 272 262 139 197 381 67 92
7 30 5 1 100 0.75 3 408 280 265 156 204 384 71 96
7 30 5 1 100 0.75 3 409 284 266 152 207 390 77 98
7 30 5 1 100 0.75 3 410 290 268 154 206 395 82 96
7 30 5 1 100 0.75 3 411 295 266 142 204 404 91 98
7 30 5 1 100 0.75 3 412 304 266 137 204 411 98 95
7 30 5 1 100 0.75 3 413 311 271 152 211 413 100 100
7 30 5 1 100 0.75 3 414 320 273 145 213 418 105 102
7 30 5 1 100 0.75 3 415 327 272 147 214 426 113 101
7 30 5 1 100 0.75 3 416 333 274 144 217 431 118 100
7 30 5 1 100 0.75 3 417 339 275 144 219 437 124 99
7 30 5 1 100 0.75 3 418 344 276 157 220 442 130 99
7 30 5 1 100 0.75 3 419 350 278 143 220 446 135 102
7 30 5 1 100 0.75 3 420 358 283 141 225 448 137 106
7 30 5 1 100 0.75 3 421 361 286 154 231 452 141 111
7 30 5 1 100 0.75 3 422 369 288 154 230 456 146 112
7 30 5 1 100 0.75 3 423 375 288 147 233 463 153 112
7 30 5 1 100 0.75 3 424 378 290 145 234 467 158 111
7 30 5 1 100 0.75 3 425 390 291 145 234 473 164 111
7 30 5 1 100 0.75 3 426 393 290 147 239 480 172 107
7 30 5 1 100 0.75 3 427 402 293 149 238 484 176 110
7 30 5 1 100 0.75 3 428 406 291 137 239 493 185 108
7 30 5 1 100 0.75 3 429 411 292 151 239 499 191 108
7 30 5 1 100 0.75 3 430 413 294 136 242 504 196 107
7 30 5 1 100 0.75 3 431 417 294 146 239 510 203 104
7 30 5 1 100 0.75 3 432 421 294 131 240 517 210 106
7 30 5 1 100 0.75 3 433 425 295 142 240 523 216 105
7 30 5 1 100 0.75 3 434 433 293 138 237 532 225 104
7 30 5 1 100 0.75 3 435 436 297 129 246 535 228 106
7 30 5 1 100 0.75 3 436 442 300 150 247 538 232 108
7 30 5 1 100 0.75 3 437 446 299 140 246 546 240 104
7 30 5 1 100 0.75 3 438 450 301 138 247 551 245 104
7 30 5 1 100 0.75 3 439 455 301 130 248 557 252 106
7 30 5 1 100 0.75 3 440 461 301 130 247 564 259 101
7 30 5 1 100 0.75 3 441 464 295 130 242 577 272 97
7 30 5 1 100 0.75 3 442 467 299 137 245 580 275 98
7 30 5 1 100 0.75 3 443 472 302 134 245 584 279 98
7 30 5 1 100 0.75 3 444 477 304 126 248 589 284 99
7 30 5 1 100 0.75 3 445 481 306 143 252 594 289 98
7 30 5 1 100 0.75 3 446 486 308 141 252 599 294 99
7 30 5 1 100 0.75 3 447 491 308 130 254 606 301 97
7 30 5 1 100 0.75 3 448 495 309 143 254 612 307 95
7 30 5 1 100 0.75 3 449 500 314 136 259 613 309 100
7 30 5 1 100 0.75 3 450 505 314 129 259 620 316 96
7 30 5 1 100 0.75 3 451 510 314 135 259 627 323 95
7 30 5 1 100 0.75 3 452 512 309 129 255 639 335 89
7 30 5 1 100 0.75 3 453 515 312 127 257 642 339 87
7 30 5 1 100 0.75 3 454 519 316 128 260 645 342 88
7 30 5 1 100 0.75 3 455 526 318 125 263 650 347 87
7 30 5 1 100 0.75 3 456 528 318 131 265 657 354 88
7 30 5 1 100 0.75 3 457 533 321 137 266 660 358 88
7 30 5 1 100 0.75 3 458 536 318 127 266 670 368 80
7 30 5 1 100 0.75 3 459 538 319 120 266 675 374 78
7 30 5 1 100 0.75 3 460 543 324 130 270 676 376 81
7 30 5 1 100 0.75 3 461 545 330 135 276 677 377 86
7 30 5 1 100 0.75 3 462 549 334 130 277 680 380 90
7 30 5 1 100 0.75 3 463 555 335 127 281 686 386 89
7 30 5 1 100 0.75 3 464 560 335 128 285 693 393 85
7 30 5 1 100 0.75 3 465 562 334 117 284 701 401 87
7 30 5 1 100 0.75 3 466 564 337 127 286 705 405 84
7 30 5 1 100 0.75 3 467 566 342 133 290 706 407 87
7 30 5 1 100 0.75 3 468 571 340 115 287 715 416 83
7 30 5 1 100 0.75 3 469 573 341 125 289 721 422 84
7 30 5 1 100 0.75 3 470 577 342 123 286 727 428 84
7 30 5 1 100 0.75 3 471 583 347 137 293 729 430 88
7 30 5 1 100 0.75 3 472 585 352 131 302 731 432 92
7 30 5 1 100 0.75 3 473 589 358 135 304 732 433 93
7 30 5 1 100 0.75 3 474 592 355 136 301 742 443 92
7 30 5 1 100 0.75 3 475 596 359 129 306 745 446 93
7 30 5 1 100 0.75 3 476 597 360 123 308 750 452 91
7 30 5 1 100 0.75 3 477 599 361 124 306 756 458 91
7 30 5 1 100 0.75 3 478 599 364 131 312 760 462 94
7 30 5 1 100 0.75 3 479 604 367 140 309 764 466 95
7 30 5 1 100 0.75 3 480 609 371 126 317 767 469 97
7 30 5 1 100 0.75 3 481 611 374 118 321 771 473 98
7 30 5 1 100 0.75 3 482 616 375 132 321 777 479 100
7 30 5 1 100 0.75 3 483 617 373 126 321 784 488 96
7 30 5 1 100 0.75 3 484 618 375 137 324 788 493 97
7 30 5 1 100 0.75 3 485 622 377 124 325 793 498 95
7 30 5 1 100 0.75 3 486 626 380 140 327 797 502 95
7 30 5 1 100 0.75 3 487 628 379 128 328 804 510 94
7 30 5 1 100 0.75 3 488 630 380 127 329 810 516 94
7 30 5 1 100 0.75 3 489 633 382 134 328 814 521 92
7 30 5 1 100 0.75 3 490 636 386 122 333 817 524 95
7 30 5 1 100 0.75 3 491 638 389 123 336 821 528 95
7 30 5 1 100 0.75 3 492 640 394 127 340 823 530 99
7 30 5 1 100 0.75 3 493 642 393 129 339 831 538 100
7 30 5 1 100 0.75 3 494 643 392 120 340 839 546 94
7 30 5 1 100 0.75 3 495 645 393 125 340 845 552 95
7 30 5 1 100 0.75 3 496 646 391 116 339 854 561 90
7 30 5 1 100 0.75 3 497 649 394 118 342 858 565 92
7 30 5 1 100 0.75 3 498 653 393 115 339 865 573 91
7 30 5 1 100 0.75 3 499 655 398 122 345 867 575 93
7 30 5 1 100 0.75 3 500 656 400 130 347 872 580 93
7 30 5 1 100 0.75 3 501 657 399 123 344 880 588 89
7 30 5 1 100 0.75 3 502 658 403 134 351 883 591 92
7 30 5 1 100 0.75 3 503 659 403 106 350 890 598 91
7 30 5 1 100 0.75 3 504 659 406 132 354 894 602 93
7 30 5 1 100 0.75 3 505 661 408 118 356 899 607 93
7 30 5 1 100 0.75 3 506 663 409 137 354 904 613 93
7 30 5 1 100 0.75 3 507 665 412 130 359 908 617 95
7 30 5 1 100 0.75 3 508 668 414 124 361 913 622 96
7 30 5 1 100 0.75 3 509 669 416 122 364 918 627 97
7 30 5 1 100 0.75 3 510 670 419 132 364 922 631 101
7 30 5 1 100 0.75 3 510 670 419 419 364 1023 631 101
7 30 5 1 100 0.75 3 540 670 419 419 364 325 631 101
7 30 5 1 100 0.75 4 541 0 7 7 0 325 0 0
7 30 5 1 100 0.75 4 542 0 14 14 0 325 0 0
7 30 5 1 100 0.75 4 543 0 21 21 0 325 0 0
7 30 5 1 100 0.75 4 544 0 28 28 0 325 0 0
7 30 5 1 100 0.75 4 545 0 35 35 0 325 0 0
7 30 5 1 100 0.75 4 546 0 42 42 0 325 0 0
7 30 5 1 100 0.75 4 547 0 49 48 0 325 0 0
7 30 5 1 100 0.75 4 548 0 56 55 0 325 0 0
7 30 5 1 100 0.75 4 549 6 63 54 0 325 0 0
7 30 5 1 100 0.75 4 550 9 70 58 6 325 0 0
7 30 5 1 100 0.75 4 551 17 77 54 9 325 0 0
7 30 5 1 100 0.75 4 552 22 84 58 17 325 0 0
7 30 5 1 100 0.75 4 553 30 91 55 22 325 0 0
7 30 5 1 100 0.75 4 554 32 98 62 30 325 0 0
7 30 5 1 100 0.75 4 555 42 105 58 32 325 0 0
7 30 5 1 100 0.75 4 556 47 112 65 42 325 0 4
7 30 5 1 100 0.75 4 557 49 119 75 47 325 0 5
7 30 5 1 100 0.75 4 558 56 126 76 49 325 0 8
7 30 5 1 100 0.75 4 559 64 133 83 56 325 0 13
7 30 5 1 100 0.75 4 560 73 140 80 64 325 0 21
7 30 5 1 100 0.75 4 561 79 147 81 73 325 0 22
7 30 5 1 100 0.75 4 562 89 154 89 79 325 0 28
7 30 5 1 100 0.75 4 563 95 161 91 89 325 0 35
7 30 5 1 100 0.75 4 564 101 168 96 95 325 0 37
7 30 5 1 100 0.75 4 565 104 175 101 101 324 0 41
7 30 5 1 100 0.75 4 566 112 182 111 104 324 0 46
7 30 5 1 100 0.75 4 567 121 189 112 112 324 0 51
7 30 5 1 100 0.75 4 568 129 196 117 121 324 0 58
7 30 5 1 100 0.75 4 569 135 203 125 129 324 0 65
7 30 5 1 100 0.75 4 570 143 210 136 135 324 0 71
7 30 5 1 100 0.75 4 571 148 216 132 142 325 1 74
7 30 5 1 100 0.75 4 572 152 223 135 147 325 1 77
7 30 5 1 100 0.75 4 573 162 229 143 150 326 2 78
7 30 5 1 100 0.75 4 574 174 236 144 160 326 2 82
7 30 5 1 100 0.75 4 575 181 238 144 167 331 7 81
7 30 5 1 100 0.75 4 576 187 240 138 169 336 12 84
7 30 5 1 100 0.75 4 577 194 242 143 170 341 17 85
7 30 5 1 100 0.75 4 578 201 243 141 171 347 23 82
7 30 5 1 100 0.75 4 579 208 243 143 171 354 30 78
7 30 5 1 100 0.75 4 580 215 248 132 176 356 32 81
7 30 5 1 100 0.75 4 581 227 252 144 180 359 35 87
7 30 5 1 100 0.75 4 582 231 254 144 187 364 40 89
7 30 5 1 100 0.75 4 583 241 253 147 183 372 48 88
7 30 5 1 100 0.75 4 584 247 259 144 193 373 49 91
7 30 5 1 100 0.75 4 585 255 262 154 195 377 53 93
7 30 5 1 100 0.75 4 586 261 262 147 197 384 60 92
7 30 5 1 100 0.75 4 587 268 261 136 195 391 68 92
7 30 5 1 100 0.75 4 588 277 264 147 199 395 72 95
7 30 5 1 100 0.75 4 589 285 266 142 203 400 77 96
7 30 5 1 100 0.75 4 590 294 269 145 208 404 81 98
7 30 5 1 100 0.75 4 591 298 274 149 216 406 83 103
7 30 5 1 100 0.75 4 592 306 276 147 217 411 88 104
7 30 5 1 100 0.75 4 593 310 278 145 220 416 93 102
7 30 5 1 100 0.75 4 594 315 283 152 223 418 95 104
7 30 5 1 100 0.75 4 595 325 282 160 220 426 103 104
7 30 5 1 100 0.75 4 596 334 284 139 226 431 108 102
7 30 5 1 100 0.75 4 597 343 288 141 233 434 111 107
7 30 5 1 100 0.75 4 598 348 289 146 237 440 117 105
7 30 5 1 100 0.75 4 599 354 294 145 241 442 119 109
7 30 5 1 100 0.75 4 600 361 294 150 240 449 126 107
7 30 5 1 100 0.75 4 601 367 295 141 242 455 132 103
7 30 5 1 100 0.75 4 602 368 296 147 243 461 138 105
7 30 5 1 100 0.75 4 603 376 295 143 236 469 146 101
7 30 5 1 100 0.75 4 604 385 290 141 233 480 158 96
7 30 5 1 100 0.75 4 605 393 291 130 236 486 164 97
7 30 5 1 100 0.75 4 606 398 290 131 237 494 172 95
7 30 5 1 100 0.75 4 607 401 293 135 239 498 176 94
7 30 5 1 100 0.75 4 608 409 297 143 239 501 179 99
7 30 5 1 100 0.75 4 609 416 296 133 240 509 187 93
7 30 5 1 100 0.75 4 610 421 295 136 240 517 195 90
7 30 5 1 100 0.75 4 611 426 296 123 240 522 201 89
7 30 5 1 100 0.75 4 612 432 302 136 245 523 202 94
7 30 5 1 100 0.75 4 613 434 306 129 252 526 205 97
7 30 5 1 100 0.75 4 614 439 306 134 253 533 212 94
7 30 5 1 100 0.75 4 615 441 305 130 252 541 220 91
7 30 5 1 100 0.75 4 616 450 306 134 249 547 226 91
7 30 5 1 100 0.75 4 617 453 311 136 257 549 228 94
7 30 5 1 100 0.75 4 618 460 312 139 257 555 234 95
7 30 5 1 100 0.75 4 619 463 315 134 262 559 238 94
7 30 5 1 100 0.75 4 620 468 317 149 263 564 243 99
7 30 5 1 100 0.75 4 621 473 320 135 268 568 247 98
7 30 5 1 100 0.75 4 622 478 318 140 265 577 256 91
7 30 5 1 100 0.75 4 623 482 318 143 265 584 263 87
7 30 5 1 100 0.75 4 624 489 320 132 264 589 268 86
7 30 5 1 100 0.75 4 625 492 319 133 265 597 276 81
7 30 5 1 100 0.75 4 626 496 320 123 266 602 282 82
7 30 5 1 100 0.75 4 627 504 326 145 271 602 283 86
7 30 5 1 100 0.75 4 628 504 331 147 279 604 285 92
7 30 5 1 100 0.75 4 629 509 335 146 278 607 288 95
7 30 5 1 100 0.75 4 630 512 334 134 279 615 296 90
7 30 5 1 100 0.75 4 631 518 332 137 276 623 305 86
7 30 5 1 100 0.75 4 632 523 335 134 281 627 309 89
7 30 5 1 100 0.75 4 633 527 340 128 288 628 311 90
7 30 5 1 100 0.75 4 634 529 341 135 287 634 317 93
7 30 5 1 100 0.75 4 635 532 344 135 292 638 321 91
7 30 5 1 100 0.75 4 636 538 341 125 285 648 331 87
7 30 5 1 100 0.75 4 637 542 343 116 287 653 336 87
7 30 5 1 100 0.75 4 638 545 344 128 290 659 342 90
7 30 5 1 100 0.75 4 639 547 348 123 297 661 345 92
7 30 5 1 100 0.75 4 640 553 352 130 297 664 348 95
7 30 5 1 100 0.75 4 641 555 354 129 302 669 353 100
7 30 5 1 100 0.75 4 642 562 356 134 300 674 358 97
7 30 5 1 100 0.75 4 643 563 359 123 308 678 362 96
7 30 5 1 100 0.75 4 644 567 360 119 306 684 368 99
7 30 5 1 100 0.75 4 645 570 362 122 311 688 373 102
7 30 5 1 100 0.75 4 646 574 364 127 311 693 378 100
7 30 5 1 100 0.75 4 647 576 364 119 311 699 385 98
7 30 5 1 100 0.75 4 648 579 369 129 316 701 387 102
7 30 5 1 100 0.75 4 649 583 372 137 319 705 391 106
7 30 5 1 100 0.75 4 650 584 371 147 318 713 399 107
7 30 5 1 100 0.75 4 651 588 377 141 323 714 400 110
7 30 5 1 100 0.75 4 652 590 375 133 321 723 409 110
7 30 5 1 100 0.75 4 653 595 375 134 320 729 416 109
7 30 5 1 100 0.75 4 654 597 375 131 323 736 423 108
7 30 5 1 100 0.75 4 655 598 374 144 322 744 431 104
7 30 5 1 100 0.75 4 656 599 375 136 321 750 437 105
7 30 5 1 100 0.75 4 657 603 375 140 320 757 444 101
7 30 5 1 100 0.75 4 658 607 380 137 327 759 446 107
7 30 5 1 100 0.75 4 659 609 382 137 328 764 451 104
7 30 5 1 100 0.75 4 660 613 380 126 324 773 460 102
7 30 5 1 100 0.75 4 661 617 378 142 323 782 469 102
7 30 5 1 100 0.75 4 662 619 383 117 330 784 471 105
7 30 5 1 100 0.75 4 663 624 385 137 330 789 476 103
7 30 5 1 100 0.75 4 664 628 384 128 333 796 484 101
7 30 5 1 100 0.75 4 665 631 380 122 329 807 495 93
7 30 5 1 100 0.75 4 666 632 382 116 330 812 500 94
7 30 5 1 100 0.75 4 667 634 385 131 329 815 504 98
7 30 5 1 100 0.75 4 668 638 387 130 333 820 509 98
7 30 5 1 100 0.75 4 669 639 387 120 333 825 516 97
7 30 5 1 100 0.75 4 670 643 386 120 331 833 524 96
7 30 5 1 100 0.75 4 671 645 389 123 337 837 528 99
7 30 5 1 100 0.75 4 672 652 389 124 334 844 535 94
7 30 5 1 100 0.75 4 673 654 387 111 334 852 544 88
7 30 5 1 100 0.75 4 674 655 392 121 341 854 546 92
7 30 5 1 100 0.75 4 675 656 395 127 340 858 550 92
7 30 5 1 100 0.75 4 676 658 398 123 345 862 554 92
7 30 5 1 100 0.75 4 677 661 397 118 343 870 562 88
7 30 5 1 100 0.75 4 678 661 401 115 348 873 565 94
7 30 5 1 100 0.75 4 679 661 404 124 347 876 569 94
7 30 5 1 100 0.75 4 680 662 407 121 352 879 573 94
7 30 5 1 100 0.75 4 681 665 408 124 355 885 579 95
7 30 5 1 100 0.75 4 682 666 409 132 357 890 585 94
7 30 5 1 100 0.75 4 683 667 412 127 360 894 589 95
7 30 5 1 100 0.75 4 684 669 411 120 358 902 597 90
7 30 5 1 100 0.75 4 685 670 412 107 358 908 603 89
7 30 5 1 100 0.75 4 686 670 414 113 363 913 608 87
7 30 5 1 100 0.75 4 687 672 413 117 361 921 616 89
7 30 5 1 100 0.75 4 688 675 415 122 361 925 621 87
7 30 5 1 100 0.75 4 689 675 417 124 365 930 626 86
7 30 5 1 100 0.75 4 690 677 420 113 365 934 630 88
7 30 5 1 100 0.75 4 690 677 420 420 365 1020 630 88
7 30 5 1 100 0.75 4 720 677 420 420 365 312 630 88
7 30 5 1 100 0.75 5 721 0 7 7 0 312 0 0
7 30 5 1 100 0.75 5 722 0 14 14 0 312 0 0
7 30 5 1 100 0.75 5 723 0 21 21 0 312 0 0
7 30 5 1 100 0.75 5 724 0 28 28 0 312 0 0
7 30 5 1 100 0.75 5 725 0 35 35 0 312 0 0
7 30 5 1 100 0.75 5 726 0 42 42 0 312 0 0
7 30 5 1 100 0.75 5 727 2 49 45 0 312 0 0
7 30 5 1 100 0.75 5 728 2 56 52 2 312 0 0
7 30 5 1 100 0.75 5 729 3 63 59 2 312 0 0
7 30 5 1 100 0.75 5 730 5 70 62 3 311 0 0
7 30 5 1 100 0.75 5 731 11 77 62 5 311 0 0
7 30 5 1 100 0.75 5 732 15 84 64 11 311 0 0
7 30 5 1 100 0.75 5 733 26 91 57 15 311 0 0
7 30 5 1 100 0.75 5 734 32 98 65 26 311 0 1
7 30 5 1 100 0.75 5 735 39 105 63 32 311 0 1
7 30 5 1 100 0.75 5 736 45 112 60 39 311 0 1
7 30 5 1 100 0.75 5 737 50 119 65 45 311 0 1
7 30 5 1 100 0.75 5 738 54 126 72 50 311 0 4
7 30 5 1 100 0.75 5 739 59 133 78 54 311 0 7
7 30 5 1 100 0.75 5 740 64 140 82 59 311 0 11
7 30 5 1 100 0.75 5 741 74 147 91 64 311 0 17
7 30 5 1 100 0.75 5 742 79 154 93 74 311 0 23
7 30 5 1 100 0.75 5 743 86 161 100 79 311 0 27
7 30 5 1 100 0.75 5 744 91 168 102 86 311 0 34
7 30 5 1 100 0.75 5 745 99 175 111 91 311 0 36
7 30 5 1 100 0.75 5 746 103 182 110 99 311 0 43
7 30 5 1 100 0.75 5 747 112 189 117 103 311 0 45
7 30 5 1 100 0.75 5 748 118 196 119 112 311 0 50
7 30 5 1 100 0.75 5 749 125 203 127 118 311 0 56
7 30 5 1 100 0.75 5 750 132 210 131 125 311 0 60
7 30 5 1 100 0.75 5 751 145 217 134 132 311 0 64
7 30 5 1 100 0.75 5 752 151 223 133 144 312 1 67
7 30 5 1 100 0.75 5 753 154 228 147 148 314 3 72
7 30 5 1 100 0.75 5 754 161 235 146 151 314 3 79
7 30 5 1 100 0.75 5 755 167 241 155 157 315 4 82
7 30 5 1 100 0.75 5 756 171 247 159 162 316 5 84
7 30 5 1 100 0.75 5 757 181 250 157 162 320 9 85
7 30 5 1 100 0.75 5 758 188 252 167 167 325 14 88
7 30 5 1 100 0.75 5 759 194 253 160 168 330 20 86
7 30 5 1 100 0.75 5 760 201 258 167 172 332 22 87
7 30 5 1 100 0.75 5 761 209 260 162 174 337 27 89
7 30 5 1 100 0.75 5 762 214 263 166 178 341 31 88
7 30 5 1 100 0.75 5 763 220 262 155 175 349 39 84
7 30 5 1 100 0.75 5 764 231 265 156 177 353 43 85
7 30 5 1 100 0.75 5 765 242 267 157 183 358 48 90
7 30 5 1 100 0.75 5 766 250 271 155 191 361 51 89
7 30 5 1 100 0.75 5 767 260 273 155 194 366 56 88
7 30 5 1 100 0.75 5 768 267 276 151 200 370 60 88
7 30 5 1 100 0.75 5 769 271 279 152 204 374 64 89
7 30 5 1 100 0.75 5 770 277 280 158 203 380 70 89
7 30 5 1 100 0.75 5 771 288 283 150 205 384 74 90
7 30 5 1 100 0.75 5 772 291 287 170 214 386 77 95
7 30 5 1 100 0.75 5 773 298 287 163 210 393 84 94
7 30 5 1 100 0.75 5 774 310 286 160 210 401 92 92
7 30 5 1 100 0.75 5 775 315 288 154 217 406 97 100
7 30 5 1 100 0.75 5 776 323 292 165 219 409 100 104
7 30 5 1 100 0.75 5 777 332 297 164 225 411 102 107
7 30 5 1 100 0.75 5 778 338 294 158 226 421 112 103
7 30 5 1 100 0.75 5 779 347 296 156 229 426 117 102
7 30 5 1 100 0.75 5 780 352 294 149 230 435 126 99
7 30 5 1 100 0.75 5 781 360 299 160 234 437 128 102
7 30 5 1 100 0.75 5 782 369 299 151 236 444 135 103
7 30 5 1 100 0.75 5 783 375 305 165 244 445 136 107
7 30 5 1 100 0.75 5 784 382 308 162 246 449 140 114
7 30 5 1 100 0.75 5 785 386 310 161 248 454 145 115
7 30 5 1 100 0.75 5 786 394 310 165 249 461 152 114
7 30 5 1 100 0.75 5 787 401 312 163 254 466 157 115
7 30 5 1 100 0.75 5 788 408 313 161 255 472 163 115
7 30 5 1 100 0.75 5 789 413 315 166 258 477 168 119
7 30 5 1 100 0.75 5 790 416 313 161 257 486 177 113
7 30 5 1 100 0.75 5 791 422 314 162 255 492 183 113
7 30 5 1 100 0.75 5 792 428 312 164 253 501 192 110
7 30 5 1 100 0.75 5 793 432 313 165 256 507 198 110
7 30 5 1 100 0.75 5 794 441 314 156 256 513 204 112
7 30 5 1 100 0.75 5 795 447 315 150 261 519 210 113
7 30 5 1 100 0.75 5 796 451 314 140 260 527 218 111
7 30 5 1 100 0.75 5 797 457 316 145 261 531 223 108
7 30 5 1 100 0.75 5 798 460 317 137 264 537 229 108
7 30 5 1 100 0.75 5 799 466 317 153 262 544 236 111
7 30 5 1 100 0.75 5 800 471 317 148 263 551 243 110
7 30 5 1 100 0.75 5 801 476 317 144 261 557 250 109
7 30 5 1 100 0.75 5 802 481 320 144 265 561 254 111
7 30 5 1 100 0.75 5 803 486 322 138 268 566 259 110
7 30 5 1 100 0.75 5 804 489 315 143 260 580 273 101
7 30 5 1 100 0.75 5 805 496 318 143 262 582 277 101
7 30 5 1 100 0.75 5 806 499 318 136 264 589 284 99
7 30 5 1 100 0.75 5 807 501 321 139 267 593 288 102
7 30 5 1 100 0.75 5 808 504 322 127 267 599 294 102
7 30 5 1 100 0.75 5 809 507 323 140 269 604 300 101
7 30 5 1 100 0.75 5 810 510 324 138 269 610 306 100
7 30 5 1 100 0.75 5 811 513 327 137 273 613 310 102
7 30 5 1 100 0.75 5 812 519 324 147 268 623 320 97
7 30 5 1 100 0.75 5 813 526 328 135 272 626 323 98
7 30 5 1 100 0.75 5 814 528 327 140 273 634 331 95
7 30 5 1 100 0.75 5 815 535 328 141 272 640 337 97
7 30 5 1 100 0.75 5 816 538 330 132 277 645 342 98
7 30 5 1 100 0.75 5 817 542 327 132 274 654 352 93
7 30 5 1 100 0.75 5 818 544 326 132 274 661 360 88
7 30 5 1 100 0.75 5 819 548 331 127 277 662 362 89
7 30 5 1 100 0.75 5 820 552 335 125 282 665 365 92
7 30 5 1 100 0.75 5 821 554 335 136 282 672 372 93
7 30 5 1 100 0.75 5 822 555 340 136 287 674 374 97
7 30 5 1 100 0.75 5 823 561 342 126 290 679 379 97
7 30 5 1 100 0.75 5 824 564 342 135 289 685 386 94
7 30 5 1 100 0.75 5 825 566 341 134 288 693 394 91
7 30 5 1 100 0.75 5 826 567 341 133 290 700 401 89
7 30 5 1 100 0.75 5 827 571 344 129 289 703 405 88
7 30 5 1 100 0.75 5 828 573 344 138 291 710 412 87
7 30 5 1 100 0.75 5 829 574 348 136 295 713 415 87
7 30 5 1 100 0.75 5 830 576 351 130 299 717 419 89
7 30 5 1 100 0.75 5 831 579 355 125 301 720 422 91
7 30 5 1 100 0.75 5 832 585 354 132 300 728 430 90
7 30 5 1 100 0.75 5 833 586 358 125 307 729 433 93
7 30 5 1 100 0.75 5 834 587 361 118 306 732 437 91
7 30 5 1 100 0.75 5 835 591 362 116 307 738 443 91
7 30 5 1 100 0.75 5 836 594 364 118 313 742 448 90
7 30 5 1 100 0.75 5 837 597 365 134 313 747 454 91
7 30 5 1 100 0.75 5 838 601 366 120 313 753 460 88
7 30 5 1 100 0.75 5 839 602 367 133 315 759 466 89
7 30 5 1 100 0.75 5 840 607 368 138 313 764 472 87
7 30 5 1 100 0.75 5 841 611 370 124 317 768 477 86
7 30 5 1 100 0.75 5 842 612 373 152 322 771 481 89
7 30 5 1 100 0.75 5 843 614 377 126 326 774 484 92
7 30 5 1 100 0.75 5 844 617 379 138 326 779 489 93
7 30 5 1 100 0.75 5 845 621 378 134 325 786 497 90
7 30 5 1 100 0.75 5 846 623 382 132 328 789 500 91
7 30 5 1 100 0.75 5 847 624 385 143 333 793 504 93
7 30 5 1 100 0.75 5 848 625 386 151 330 799 510 97
7 30 5 1 100 0.75 5 849 627 387 123 336 805 516 94
7 30 5 1 100 0.75 5 850 629 388 122 337 810 522 94
7 30 5 1 100 0.75 5 851 633 386 137 333 819 531 89
7 30 5 1 100 0.75 5 852 636 391 130 337 821 533 93
7 30 5 1 100 0.75 5 853 638 394 144 340 825 537 91
7 30 5 1 100 0.75 5 854 641 398 148 344 828 540 95
7 30 5 1 100 0.75 5 855 643 401 135 348 832 544 95
7 30 5 1 100 0.75 5 856 646 401 118 348 838 551 96
7 30 5 1 100 0.75 5 857 647 403 129 353 842 556 93
7 30 5 1 100 0.75 5 858 649 402 127 350 849 564 91
7 30 5 1 100 0.75 5 859 652 403 131 351 855 570 87
7 30 5 1 100 0.75 5 860 658 407 131 355 857 573 91
7 30 5 1 100 0.75 5 861 659 410 137 359 860 577 93
7 30 5 1 100 0.75 5 862 660 409 131 357 868 585 87
7 30 5 1 100 0.75 5 863 663 407 126 353 877 594 88
7 30 5 1 100 0.75 5 864 667 407 140 352 883 601 84
7 30 5 1 100 0.75 5 865 669 409 123 357 888 606 84
7 30 5 1 100 0.75 5 866 669 411 132 357 893 611 83
7 30 5 1 100 0.75 5 867 673 414 136 358 897 615 84
7 30 5 1 100 0.75 5 868 674 413 133 362 905 623 82
7 30 5 1 100 0.75 5 869 676 419 129 366 905 624 89
7 30 5 1 100 0.75 5 870 680 424 134 372 907 626 88
7 30 5 1 100 0.75 5 870 680 424 424 372 993 626 88
7 30 5 1 100 0.75 5 900 680 424 424 372 318 626 88
7 30 5 1 100 0.75 6 901 0 7 7 0 318 0 0
7 30 5 1 100 0.75 6 902 0 14 14 0 318 0 0
7 30 5 1 100 0.75 6 903 0 21 21 0 318 0 0
7 30 5 1 100 0.75 6 904 0 28 28 0 318 0 0
7 30 5 1 100 0.75 6 905 0 35 35 0 318 0 0
7 30 5 1 100 0.75 6 906 0 42 42 0 318 0 0
7 30 5 1 100 0.75 6 907 0 49 45 0 318 0 0
7 30 5 1 100 0.75 6 908 0 56 54 0 318 0 0
7 30 5 1 100 0.75 6 909 3 63 59 0 318 0 0
7 30 5 1 100 0.75 6 910 7 70 61 3 318 0 0
7 30 5 1 100 0.75 6 911 15 77 59 7 318 0 0
7 30 5 1 100 0.75 6 912 21 84 54 15 317 0 0
7 30 5 1 100 0.75 6 913 28 91 57 21 317 0 0
7 30 5 1 100 0.75 6 914 36 98 56 28 317 0 0
7 30 5 1 100 0.75 6 915 43 105 58 36 317 0 0
7 30 5 1 100 0.75 6 916 46 112 60 43 317 0 2
7 30 5 1 100 0.75 6 917 55 119 65 46 317 0 3
7 30 5 1 100 0.75 6 918 61 126 63 55 317 0 7
7 30 5 1 100 0.75 6 919 67 133 76 61 317 0 14
7 30 5 1 100 0.75 6 920 74 140 77 67 317 0 17
7 30 5 1 100 0.75 6 921 80 147 84 74 317 0 22
7 30 5 1 100 0.75 6 922 90 154 85 80 317 0 30
7 30 5 1 100 0.75 6 923 94 161 96 90 317 0 35
7 30 5 1 100 0.75 6 924 102 168 92 94 317 0 39
7 30 5 1 100 0.75 6 925 111 175 97 102 317 0 44
7 30 5 1 100 0.75 6 926 115 182 114 111 317 0 50
7 30 5 1 100 0.75 6 927 120 189 112 115 317 0 56
7 30 5 1 100 0.75 6 928 130 196 116 120 317 0 62
7 30 5 1 100 0.75 6 929 138 203 123 130 316 0 71
7 30 5 1 100 0.75 6 930 144 210 127 138 316 0 74
7 30 5 1 100 0.75 6 931 153 217 123 144 316 0 80
7 30 5 1 100 0.75 6 932 157 224 148 153 316 0 88
7 30 5 1 100 0.75 6 933 167 230 132 156 316 1 91
7 30 5 1 100 0.75 6 934 174 234 139 163 319 4 90
7 30 5 1 100 0.75 6 935 184 240 150 169 319 5 97
7 30 5 1 100 0.75 6 936 189 242 140 174 324 10 97
7 30 5 1 100 0.75 6 937 198 247 145 177 326 12 103
7 30 5 1 100 0.75 6 938 204 249 150 181 331 17 103
7 30 5 1 100 0.75 6 939 212 250 144 181 337 23 100
7 30 5 1 100 0.75 6 940 218 251 155 183 342 29 101
7 30 5 1 100 0.75 6 941 222 251 153 182 349 36 99
7 30 5 1 100 0.75 6 942 232 254 161 182 353 40 102
7 30 5 1 100 0.75 6 943 242 254 146 185 360 47 102
7 30 5 1 100 0.75 6 944 251 260 155 194 361 48 105
7 30 5 1 100 0.75 6 945 259 261 155 197 367 54 108
7 30 5 1 100 0.75 6 946 264 262 147 199 373 60 106
7 30 5 1 100 0.75 6 947 270 262 150 197 380 67 106
7 30 5 1 100 0.75 6 948 278 258 148 194 391 78 99
7 30 5 1 100 0.75 6 949 286 261 147 199 395 82 99
7 30 5 1 100 0.75 6 950 292 260 152 199 403 90 98
7 30 5 1 100 0.75 6 951 298 260 149 198 410 97 99
7 30 5 1 100 0.75 6 952 306 262 149 200 415 102 103
7 30 5 1 100 0.75 6 953 310 263 148 204 421 108 100
7 30 5 1 100 0.75 6 954 319 265 141 203 426 113 100
7 30 5 1 100 0.75 6 955 322 267 151 208 431 118 97
7 30 5 1 100 0.75 6 956 334 269 147 206 436 123 101
7 30 5 1 100 0.75 6 957 341 271 149 214 441 128 102
7 30 5 1 100 0.75 6 958 349 272 149 215 447 134 103
7 30 5 1 100 0.75 6 959 353 275 146 220 451 138 107
7 30 5 1 100 0.75 6 960 361 277 138 220 456 143 109
7 30 5 1 100 0.75 6 961 367 279 151 223 461 148 110
7 30 5 1 100 0.75 6 962 372 276 143 221 471 158 105
7 30 5 1 100 0.75 6 963 376 280 140 224 474 161 109
7 30 5 1 100 0.75 6 964 384 280 141 222 481 168 114
7 30 5 1 100 0.75 6 965 389 283 136 226 485 172 113
7 30 5 1 100 0.75 6 966 395 284 145 228 490 178 111
7 30 5 1 100 0.75 6 967 400 282 130 227 499 187 109
7 30 5 1 100 0.75 6 968 406 284 134 230 504 192 113
7 30 5 1 100 0.75 6 969 414 286 153 233 507 197 116
7 30 5 1 100 0.75 6 970 416 286 136 234 514 204 111
7 30 5 1 100 0.75 6 971 424 285 142 229 522 212 110
7 30 5 1 100 0.75 6 972 427 286 141 233 528 218 110
7 30 5 1 100 0.75 6 973 432 289 145 233 532 222 110
7 30 5 1 100 0.75 6 974 440 291 150 236 536 227 111
7 30 5 1 100 0.75 6 975 445 290 141 236 543 235 107
7 30 5 1 100 0.75 6 976 448 288 139 232 552 244 106
7 30 5 1 100 0.75 6 977 452 288 133 232 559 251 103
7 30 5 1 100 0.75 6 978 458 290 131 235 564 256 104
7 30 5 1 100 0.75 6 979 463 291 136 238 570 262 104
7 30 5 1 100 0.75 6 980 470 291 132 236 577 269 100
7 30 5 1 100 0.75 6 981 475 293 141 238 582 274 103
7 30 5 1 100 0.75 6 982 477 289 140 234 591 285 95
7 30 5 1 100 0.75 6 983 482 288 121 232 599 293 94
7 30 5 1 100 0.75 6 984 485 291 137 240 603 297 95
7 30 5 1 100 0.75 6 985 488 294 134 241 607 301 96
7 30 5 1 100 0.75 6 986 492 297 136 243 610 305 96
7 30 5 1 100 0.75 6 987 496 293 126 240 621 316 89
7 30 5 1 100 0.75 6 988 501 295 135 240 626 321 89
7 30 5 1 100 0.75 6 989 505 298 129 242 630 325 91
7 30 5 1 100 0.75 6 990 509 303 142 248 631 327 95
7 30 5 1 100 0.75 6 991 513 303 135 249 638 334 95
7 30 5 1 100 0.75 6 992 516 309 133 255 638 335 98
7 30 5 1 100 0.75 6 993 519 307 120 254 647 344 95
7 30 5 1 100 0.75 6 994 524 309 127 255 652 349 92
7 30 5 1 100 0.75 6 995 530 312 117 258 656 353 94
7 30 5 1 100 0.75 6 996 532 312 125 260 663 360 91
7 30 5 1 100 0.75 6 997 536 316 131 261 666 363 95
7 30 5 1 100 0.75 6 998 541 315 137 261 674 371 91
7 30 5 1 100 0.75 6 999 544 316 136 262 680 377 92
7 30 5 1 100 0.75 6 1000 547 318 129 265 685 382 95
7 30 5 1 100 0.75 6 1001 551 317 123 261 693 390 94
7 30 5 1 100 0.75 6 1002 554 320 130 265 696 394 95
7 30 5 1 100 0.75 6 1003 557 320 120 268 702 401 94
7 30 5 1 100 0.75 6 1004 562 323 125 270 705 405 94
7 30 5 1 100 0.75 6 1005 563 325 123 274 710 410 98
7 30 5 1 100 0.75 6 1006 567 325 134 271 715 417 97
7 30 5 1 100 0.75 6 1007 574 325 129 271 722 424 96
7 30 5 1 100 0.75 6 1008 574 327 134 275 727 429 94
7 30 5 1 100 0.75 6 1009 578 332 135 275 729 431 96
7 30 5 1 100 0.75 6 1010 581 336 132 280 732 434 101
7 30 5 1 100 0.75 6 1011 587 339 133 284 736 438 104
7 30 5 1 100 0.75 6 1012 589 341 123 290 741 443 103
7 30 5 1 100 0.75 6 1013 592 339 116 286 750 452 99
7 30 5 1 100 0.75 6 1014 595 343 139 290 753 455 100
7 30 5 1 100 0.75 6 1015 596 347 127 298 756 458 103
7 30 5 1 100 0.75 6 1016 599 349 124 297 761 463 102
7 30 5 1 100 0.75 6 1017 602 347 116 293 770 472 98
7 30 5 1 100 0.75 6 1018 603 342 125 290 781 484 96
7 30 5 1 100 0.75 6 1019 605 342 128 289 788 491 93
7 30 5 1 100 0.75 6 1020 607 347 125 295 790 493 95
7 30 5 1 100 0.75 6 1021 610 348 132 297 795 499 95
7 30 5 1 100 0.75 6 1022 612 353 124 303 797 501 97
7 30 5 1 100 0.75 6 1023 614 352 119 300 804 509 90
7 30 5 1 100 0.75 6 1024 616 356 130 304 807 512 93
7 30 5 1 100 0.75 6 1025 618 354 118 300 815 521 90
7 30 5 1 100 0.75 6 1026 623 355 113 301 820 527 87
7 30 5 1 100 0.75 6 1027 623 358 133 307 824 531 90
7 30 5 1 100 0.75 6 1028 625 356 111 303 833 540 91
7 30 5 1 100 0.75 6 1029 627 358 128 304 838 545 89
7 30 5 1 100 0.75 6 1030 628 363 127 311 839 547 90
7 30 5 1 100 0.75 6 1031 633 365 128 312 844 552 92
7 30 5 1 100 0.75 6 1032 634 367 120 316 849 557 90
7 30 5 1 100 0.75 6 1033 635 368 117 314 855 563 90
7 30 5 1 100 0.75 6 1034 637 372 128 318 857 566 94
7 30 5 1 100 0.75 6 1035 640 372 117 316 863 573 92
7 30 5 1 100 0.75 6 1036 642 371 117 317 870 581 92
7 30 5 1 100 0.75 6 1037 644 369 112 315 879 590 84
7 30 5 1 100 0.75 6 1038 646 374 121 322 881 592 84
7 30 5 1 100 0.75 6 1039 649 377 118 324 884 596 87
7 30 5 1 100 0.75 6 1040 652 377 114 326 890 603 86
7 30 5 1 100 0.75 6 1041 654 379 118 328 895 608 84
7 30 5 1 100 0.75 6 1042 656 384 117 329 897 610 89
7 30 5 1 100 0.75 6 1043 656 384 112 333 904 617 87
7 30 5 1 100 0.75 6 1044 658 389 118 335 906 619 91
7 30 5 1 100 0.75 6 1045 659 391 113 336 911 624 89
7 30 5 1 100 0.75 6 1046 663 392 121 339 916 630 90
7 30 5 1 100 0.75 6 1047 665 392 122 340 923 637 86
7 30 5 1 100 0.75 6 1048 667 394 110 341 928 642 86
7 30 5 1 100 0.75 6 1049 668 394 106 340 935 649 83
7 30 5 1 100 0.75 6 1050 672 398 116 343 938 652 88
7 30 5 1 100 0.75 6 1050 672 398 398 343 1025 652 88
7 30 5 1 100 0.75 6 1080 672 398 398 343 315 652 88
7 30 5 1 100 0.75 7 1081 0 7 7 0 315 0 0
7 30 5 1 100 0.75 7 1082 0 14 14 0 315 0 0
7 30 5 1 100 0.75 7 1083 0 21 21 0 315 0 0
7 30 5 1 100 0.75 7 1084 0 28 28 0 315 0 0
7 30 5 1 100 0.75 7 1085 0 35 32 0 315 0 0
7 30 5 1 100 0.75 7 1086 0 42 42 0 315 0 0
7 30 5 1 100 0.75 7 1087 1 49 47 0 315 0 0
7 30 5 1 100 0.75 7 1088 1 56 54 1 315 0 0
7 30 5 1 100 0.75 7 1089 5 63 58 1 315 0 0
7 30 5 1 100 0.75 7 1090 9 70 57 5 315 0 0
7 30 5 1 100 0.75 7 1091 13 77 61 9 315 0 0
7 30 5 1 100 0.75 7 1092 22 84 58 13 315 0 0
7 30 5 1 100 0.75 7 1093 27 91 61 22 314 0 0
7 30 5 1 100 0.75 7 1094 32 98 61 27 314 0 1
7 30 5 1 100 0.75 7 1095 34 105 67 32 314 0 1
7 30 5 1 100 0.75 7 1096 41 112 68 34 314 0 4
7 30 5 1 100 0.75 7 1097 48 119 68 41 314 0 6
7 30 5 1 100 0.75 7 1098 51 126 76 48 314 0 11
7 30 5 1 100 0.75 7 1099 60 133 83 51 314 0 16
7 30 5 1 100 0.75 7 1100 67 140 86 60 314 0 20
7 30 5 1 100 0.75 7 1101 74 147 90 67 314 0 26
7 30 5 1 100 0.75 7 1102 84 154 94 74 314 0 30
7 30 5 1 100 0.75 7 1103 92 161 95 84 314 0 33
7 30 5 1 100 0.75 7 1104 101 168 95 92 314 0 37
7 30 5 1 100 0.75 7 1105 106 175 101 101 314 0 41
7 30 5 1 100 0.75 7 1106 111 182 110 106 314 0 47
7 30 5 1 100 0.75 7 1107 116 189 111 111 314 0 51
7 30 5 1 100 0.75 7 1108 125 196 110 116 314 0 57
7 30 5 1 100 0.75 7 1109 129 203 123 125 314 0 62
7 30 5 1 100 0.75 7 1110 140 210 126 129 314 0 72
7 30 5 1 100 0.75 7 1111 146 217 131 140 314 0 80
7 30 5 1 100 0.75 7 1112 156 223 140 145 315 1 83
7 30 5 1 100 0.75 7 1113 165 229 133 154 316 2 87
7 30 5 1 100 0.75 7 1114 173 234 148 161 318 4 87
7 30 5 1 100 0.75 7 1115 181 238 147 166 321 7 93
7 30 5 1 100 0.75 7 1116 190 240 150 169 326 12 92
7 30 5 1 100 0.75 7 1117 197 241 145 172 332 18 95
7 30 5 1 100 0.75 7 1118 203 244 153 175 336 22 97
7 30 5 1 100 0.75 7 1119 212 248 151 178 339 25 102
7 30 5 1 100 0.75 7 1120 223 250 155 182 344 30 107
7 30 5 1 100 0.75 7 1121 228 252 162 188 349 35 106
7 30 5 1 100 0.75 7 1122 236 256 152 190 351 38 109
7 30 5 1 100 0.75 7 1123 244 258 154 193 356 43 109
7 30 5 1 100 0.75 7 1124 250 262 157 198 358 46 111
7 30 5 1 100 0.75 7 1125 256 262 159 197 365 53 109
7 30 5 1 100 0.75 7 1126 261 259 153 193 375 63 104
7 30 5 1 100 0.75 7 1127 269 261 163 194 380 68 106
7 30 5 1 100 0.75 7 1128 277 260 156 195 388 76 104
7 30 5 1 100 0.75 7 1129 284 260 155 196 395 83 100
7 30 5 1 100 0.75 7 1130 295 265 142 202 397 85 105
7 30 5 1 100 0.75 7 1131 301 263 147 206 406 94 101
7 30 5 1 100 0.75 7 1132 306 267 148 210 409 97 106
7 30 5 1 100 0.75 7 1133 312 272 149 214 411 99 108
7 30 5 1 100 0.75 7 1134 317 271 156 212 419 107 106
7 30 5 1 100 0.75 7 1135 321 270 158 212 427 115 106
7 30 5 1 100 0.75 7 1136 326 273 141 213 431 119 109
7 30 5 1 100 0.75 7 1137 332 267 149 206 444 132 105
7 30 5 1 100 0.75 7 1138 339 269 143 208 449 137 108
7 30 5 1 100 0.75 7 1139 348 268 144 209 457 145 104
7 30 5 1 100 0.75 7 1140 355 270 145 215 462 150 104
7 30 5 1 100 0.75 7 1141 361 272 146 219 467 155 106
7 30 5 1 100 0.75 7 1142 364 275 142 221 471 159 108
7 30 5 1 100 0.75 7 1143 371 279 148 223 473 162 106
7 30 5 1 100 0.75 7 1144 376 277 128 222 482 171 106
7 30 5 1 100 0.75 7 1145 380 277 139 222 489 178 103
7 30 5 1 100 0.75 7 1146 385 281 141 223 492 181 105
7 30 5 1 100 0.75 7 1147 392 278 137 220 502 191 102
7 30 5 1 100 0.75 7 1148 399 280 131 225 507 196 102
7 30 5 1 100 0.75 7 1149 402 283 132 228 511 200 98
7 30 5 1 100 0.75 7 1150 411 288 124 231 513 202 104
7 30 5 1 100 0.75 7 1151 417 288 134 234 520 209 102
7 30 5 1 100 0.75 7 1152 421 289 146 235 526 215 101
7 30 5 1 100 0.75 7 1153 426 288 134 233 534 223 95
7 30 5 1 100 0.75 7 1154 433 288 129 233 541 230 100
7 30 5 1 100 0.75 7 1155 440 285 135 231 551 240 93
7 30 5 1 100 0.75 7 1156 443 287 119 234 556 245 93
7 30 5 1 100 0.75 7 1157 450 286 119 232 563 253 89
7 30 5 1 100 0.75 7 1158 456 287 124 234 569 259 89
7 30 5 1 100 0.75 7 1159 460 291 118 240 572 262 89
7 30 5 1 100 0.75 7 1160 463 296 126 244 573 264 91
7 30 5 1 100 0.75 7 1161 468 295 114 242 581 272 88
7 30 5 1 100 0.75 7 1162 471 295 128 244 587 279 87
7 30 5 1 100 0.75 7 1163 473 298 127 245 591 283 86
7 30 5 1 100 0.75 7 1164 475 297 126 243 599 291 81
7 30 5 1 100 0.75 7 1165 481 299 132 244 604 296 83
7 30 5 1 100 0.75 7 1166 484 302 131 252 608 300 86
7 30 5 1 100 0.75 7 1167 487 304 128 252 613 305 86
7 30 5 1 100 0.75 7 1168 493 307 124 254 617 309 86
7 30 5 1 100 0.75 7 1169 493 310 118 258 621 313 87
7 30 5 1 100 0.75 7 1170 499 312 121 257 626 318 87
7 30 5 1 100 0.75 7 1171 502 310 117 257 635 327 83
7 30 5 1 100 0.75 7 1172 508 316 126 262 636 328 89
7 30 5 1 100 0.75 7 1173 510 320 116 269 639 331 91
7 30 5 1 100 0.75 7 1174 514 319 121 266 647 339 86
7 30 5 1 100 0.75 7 1175 517 320 109 266 652 345 85
7 30 5 1 100 0.75 7 1176 521 320 121 265 659 352 85
7 30 5 1 100 0.75 7 1177 527 323 112 268 663 356 87
7 30 5 1 100 0.75 7 1178 532 328 121 274 665 358 91
7 30 5 1 100 0.75 7 1179 536 331 130 277 668 362 91
7 30 5 1 100 0.75 7 1180 538 332 128 281 674 368 91
7 30 5 1 100 0.75 7 1181 541 337 130 282 676 370 93
7 30 5 1 100 0.75 7 1182 546 339 127 284 681 375 93
7 30 5 1 100 0.75 7 1183 550 337 129 284 689 384 87
7 30 5 1 100 0.75 7 1184 554 340 115 288 693 388 90
7 30 5 1 100 0.75 7 1185 557 343 127 293 697 392 93
7 30 5 1 100 0.75 7 1186 561 343 126 292 703 399 95
7 30 5 1 100 0.75 7 1187 566 346 128 295 706 403 95
7 30 5 1 100 0.75 7 1188 568 344 127 292 715 412 88
7 30 5 1 100 0.75 7 1189 571 349 134 296 717 414 94
7 30 5 1 100 0.75 7 1190 573 354 140 301 719 416 97
7 30 5 1 100 0.75 7 1191 576 356 139 302 724 421 99
7 30 5 1 100 0.75 7 1192 579 355 140 299 732 429 99
7 30 5 1 100 0.75 7 1193 582 355 142 299 739 436 94
7 30 5 1 100 0.75 7 1194 584 360 128 305 741 438 98
7 30 5 1 100 0.75 7 1195 585 361 138 304 746 444 95
7 30 5 1 100 0.75 7 1196 590 362 129 307 751 450 94
7 30 5 1 100 0.75 7 1197 593 359 130 306 761 460 88
7 30 5 1 100 0.75 7 1198 596 361 118 307 765 465 87
7 30 5 1 100 0.75 7 1199 597 364 132 312 769 469 88
7 30 5 1 100 0.75 7 1200 600 369 131 318 771 471 90
7 30 5 1 100 0.75 7 1201 602 371 138 318 776 476 90
7 30 5 1 100 0.75 7 1202 604 374 137 322 779 480 92
7 30 5 1 100 0.75 7 1203 608 371 119 316 789 490 89
7 30 5 1 100 0.75 7 1204 608 371 129 320 796 497 88
7 30 5 1 100 0.75 7 1205 609 373 106 318 801 502 89
7 30 5 1 100 0.75 7 1206 615 374 121 319 807 508 89
7 30 5 1 100 0.75 7 1207 617 375 125 321 812 514 88
7 30 5 1 100 0.75 7 1208 618 378 116 328 815 518 88
7 30 5 1 100 0.75 7 1209 621 379 116 327 821 524 87
7 30 5 1 100 0.75 7 1210 624 379 103 325 828 531 88
7 30 5 1 100 0.75 7 1211 628 384 127 330 830 533 92
7 30 5 1 100 0.75 7 1212 631 389 109 335 832 535 92
7 30 5 1 100 0.75 7 1213 634 395 113 342 833 536 97
7 30 5 1 100 0.75 7 1214 637 394 113 342 840 544 93
7 30 5 1 100 0.75 7 1215 639 396 126 342 845 549 95
7 30 5 1 100 0.75 7 1216 642 398 131 345 850 554 93
7 30 5 1 100 0.75 7 1217 645 398 123 346 856 561 90
7 30 5 1 100 0.75 7 1218 647 398 115 345 863 568 85
7 30 5 1 100 0.75 7 1219 648 401 121 349 867 572 87
7 30 5 1 100 0.75 7 1220 653 406 119 352 868 574 93
7 30 5 1 100 0.75 7 1221 653 408 118 359 873 579 92
7 30 5 1 100 0.75 7 1222 655 412 105 360 875 582 94
7 30 5 1 100 0.75 7 1223 656 410 128 357 884 591 88
7 30 5 1 100 0.75 7 1224 658 406 96 354 894 602 84
7 30 5 1 100 0.75 7 1225 661 408 120 355 899 607 82
7 30 5 1 100 0.75 7 1226 661 410 114 356 904 612 80
7 30 5 1 100 0.75 7 1227 663 413 119 358 908 616 83
7 30 5 1 100 0.75 7 1228 663 413 112 358 915 623 85
7 30 5 1 100 0.75 7 1229 665 418 110 363 917 625 88
7 30 5 1 100 0.75 7 1230 667 418 119 366 923 632 86
7 30 5 1 100 0.75 7 1230 667 418 418 366 1009 632 86
7 30 5 1 100 0.75 7 1260 667 418 418 366 321 632 86
7 30 5 1 100 0.75 8 1261 0 7 7 0 321 0 0
7 30 5 1 100 0.75 8 1262 0 14 14 0 321 0 0
7 30 5 1 100 0.75 8 1263 0 21 21 0 321 0 0
7 30 5 1 100 0.75 8 1264 0 28 28 0 321 0 0
7 30 5 1 100 0.75 8 1265 0 35 35 0 321 0 0
7 30 5 1 100 0.75 8 1266 0 42 41 0 321 0 0
7 30 5 1 100 0.75 8 1267 1 49 46 0 321 0 0
7 30 5 1 100 0.75 8 1268 2 56 52 1 321 0 0
7 30 5 1 100 0.75 8 1269 2 63 58 2 321 0 0
7 30 5 1 100 0.75 8 1270 8 70 59 2 321 0 0
7 30 5 1 100 0.75 8 1271 15 77 56 8 321 0 0
7 30 5 1 100 0.75 8 1272 21 84 59 15 321 0 0
7 30 5 1 100 0.75 8 1273 30 91 57 21 321 0 0
7 30 5 1 100 0.75 8 1274 37 98 58 30 321 0 0
7 30 5 1 100 0.75 8 1275 44 105 60 37 321 0 2
7 30 5 1 100 0.75 8 1276 48 112 56 44 321 0 2
7 30 5 1 100 0.75 8 1277 57 119 57 48 321 0 3
7 30 5 1 100 0.75 8 1278 63 126 67 57 321 0 11
7 30 5 1 100 0.75 8 1279 71 133 72 63 321 0 16
7 30 5 1 100 0.75 8 1280 77 140 72 71 321 0 20
7 30 5 1 100 0.75 8 1281 83 147 85 77 321 0 29
7 30 5 1 100 0.75 8 1282 92 154 89 83 321 0 32
7 30 5 1 100 0.75 8 1283 94 161 98 92 321 0 35
7 30 5 1 100 0.75 8 1284 99 168 105 94 321 0 39
7 30 5 1 100 0.75 8 1285 107 175 109 99 321 0 45
7 30 5 1 100 0.75 8 1286 111 182 118 107 321 0 50
7 30 5 1 100 0.75 8 1287 120 189 119 111 320 0 54
7 30 5 1 100 0.75 8 1288 130 196 118 120 320 0 59
7 30 5 1 100 0.75 8 1289 134 203 133 130 320 0 66
7 30 5 1 100 0.75 8 1290 141 210 130 134 320 0 69
7 30 5 1 100 0.75 8 1291 147 216 130 140 321 1 71
7 30 5 1 100 0.75 8 1292 159 223 137 146 320 1 73
7 30 5 1 100 0.75 8 1293 165 228 135 156 322 3 74
7 30 5 1 100 0.75 8 1294 173 234 140 161 323 4 79
7 30 5 1 100 0.75 8 1295 178 235 135 163 329 10 78
7 30 5 1 100 0.75 8 1296 185 240 139 166 331 12 83
7 30 5 1 100 0.75 8 1297 199 240 133 166 338 19 77
7 30 5 1 100 0.75 8 1298 203 242 142 175 343 24 80
7 30 5 1 100 0.75 8 1299 209 244 147 174 348 29 81
7 30 5 1 100 0.75 8 1300 215 246 150 175 353 34 81
7 30 5 1 100 0.75 8 1301 223 246 144 174 359 41 82
7 30 5 1 100 0.75 8 1302 229 249 151 178 362 45 81
7 30 5 1 100 0.75 8 1303 239 253 142 181 365 48 82
7 30 5 1 100 0.75 8 1304 245 254 154 185 371 54 83
7 30 5 1 100 0.75 8 1305 255 256 154 186 376 59 86
7 30 5 1 100 0.75 8 1306 260 259 152 192 380 63 87
7 30 5 1 100 0.75 8 1307 267 264 139 195 382 65 86
7 30 5 1 100 0.75 8 1308 273 266 153 197 387 70 85
7 30 5 1 100 0.75 8 1309 280 270 133 201 390 73 89
7 30 5 1 100 0.75 8 1310 284 273 157 206 393 77 91
7 30 5 1 100 0.75 8 1311 294 277 148 208 396 80 97
7 30 5 1 100 0.75 8 1312 298 280 155 214 400 84 96
7 30 5 1 100 0.75 8 1313 307 280 149 212 407 91 96
7 30 5 1 100 0.75 8 1314 313 278 144 212 416 100 94
7 30 5 1 100 0.75 8 1315 322 283 145 218 418 102 94
7 30 5 1 100 0.75 8 1316 329 288 154 225 419 104 96
7 30 5 1 100 0.75 8 1317 334 291 161 228 423 108 101
7 30 5 1 100 0.75 8 1318 337 293 158 229 428 113 104
7 30 5 1 100 0.75 8 1319 347 292 154 225 434 121 99
7 30 5 1 100 0.75 8 1320 350 293 161 231 440 127 98
7 30 5 1 100 0.75 8 1321 357 293 159 227 447 134 98
7 30 5 1 100 0.75 8 1322 364 293 148 232 453 141 97
7 30 5 1 100 0.75 8 1323 373 294 147 233 459 147 96
7 30 5 1 100 0.75 8 1324 377 299 155 242 461 149 95
7 30 5 1 100 0.75 8 1325 381 301 137 241 466 154 94
7 30 5 1 100 0.75 8 1326 385 305 147 246 469 157 97
7 30 5 1 100 0.75 8 1327 391 307 147 248 473 162 99
7 30 5 1 100 0.75 8 1328 399 306 143 246 481 170 98
7 30 5 1 100 0.75 8 1329 405 308 146 252 486 175 99
7 30 5 1 100 0.75 8 1330 413 307 145 251 494 183 96
7 30 5 1 100 0.75 8 1331 419 309 147 255 499 188 97
7 30 5 1 100 0.75 8 1332 422 311 138 258 503 193 97
7 30 5 1 100 0.75 8 1333 431 310 143 253 510 201 94
7 30 5 1 100 0.75 8 1334 433 312 139 261 515 206 92
7 30 5 1 100 0.75 8 1335 438 313 136 257 521 212 95
7 30 5 1 100 0.75 8 1336 441 315 151 259 526 217 97
7 30 5 1 100 0.75 8 1337 443 316 133 259 532 223 97
7 30 5 1 100 0.75 8 1338 449 318 143 262 537 228 99
7 30 5 1 100 0.75 8 1339 454 319 139 264 543 234 97
7 30 5 1 100 0.75 8 1340 460 321 151 265 548 239 98
7 30 5 1 100 0.75 8 1341 462 324 143 270 552 243 99
7 30 5 1 100 0.75 8 1342 467 329 145 274 554 245 101
7 30 5 1 100 0.75 8 1343 471 330 138 275 560 251 96
7 30 5 1 100 0.75 8 1344 477 329 140 275 568 259 98
7 30 5 1 100 0.75 8 1345 480 332 146 279 572 263 97
7 30 5 1 100 0.75 8 1346 483 337 133 283 573 265 103
7 30 5 1 100 0.75 8 1347 485 338 145 284 579 271 103
7 30 5 1 100 0.75 8 1348 488 334 144 280 590 282 98
7 30 5 1 100 0.75 8 1349 491 331 139 275 600 292 92
7 30 5 1 100 0.75 8 1350 500 335 143 277 603 295 98
7 30 5 1 100 0.75 8 1351 502 338 130 285 607 299 100
7 30 5 1 100 0.75 8 1352 505 339 140 283 612 305 98
7 30 5 1 100 0.75 8 1353 509 340 136 284 618 311 96
7 30 5 1 100 0.75 8 1354 514 342 137 287 622 316 97
7 30 5 1 100 0.75 8 1355 515 341 128 290 630 324 95
7 30 5 1 100 0.75 8 1356 521 342 135 286 636 330 94
7 30 5 1 100 0.75 8 1357 523 342 124 290 643 337 93
7 30 5 1 100 0.75 8 1358 525 347 143 293 644 339 99
7 30 5 1 100 0.75 8 1359 530 349 134 293 647 344 98
7 30 5 1 100 0.75 8 1360 535 354 152 300 649 346 102
7 30 5 1 100 0.75 8 1361 538 352 134 301 658 355 98
7 30 5 1 100 0.75 8 1362 541 354 137 300 663 360 97
7 30 5 1 100 0.75 8 1363 543 355 136 299 668 366 94
7 30 5 1 100 0.75 8 1364 546 357 133 305 673 371 94
7 30 5 1 100 0.75 8 1365 550 361 140 307 676 374 97
7 30 5 1 100 0.75 8 1366 554 360 132 305 684 382 94
7 30 5 1 100 0.75 8 1367 560 361 146 307 689 388 96
7 30 5 1 100 0.75 8 1368 562 359 134 306 697 397 92
7 30 5 1 100 0.75 8 1369 568 363 153 307 700 400 94
7 30 5 1 100 0.75 8 1370 571 364 133 312 705 406 91
7 30 5 1 100 0.75 8 1371 575 364 120 311 711 413 89
7 30 5 1 100 0.75 8 1372 577 371 142 319 711 413 94
7 30 5 1 100 0.75 8 1373 584 370 142 314 719 421 91
7 30 5 1 100 0.75 8 1374 589 367 134 312 729 431 84
7 30 5 1 100 0.75 8 1375 593 369 133 314 734 436 83
7 30 5 1 100 0.75 8 1376 594 372 135 319 737 440 86
7 30 5 1 100 0.75 8 1377 596 376 137 321 740 443 90
7 30 5 1 100 0.75 8 1378 598 377 133 327 746 449 90
7 30 5 1 100 0.75 8 1379 604 378 131 325 751 455 90
7 30 5 1 100 0.75 8 1380 609 380 115 328 756 460 88
7 30 5 1 100 0.75 8 1381 614 383 146 330 760 464 91
7 30 5 1 100 0.75 8 1382 615 385 130 333 764 469 94
7 30 5 1 100 0.75 8 1383 620 386 132 332 770 475 91
7 30 5 1 100 0.75 8 1384 621 391 135 339 772 477 98
7 30 5 1 100 0.75 8 1385 625 393 139 339 777 482 99
7 30 5 1 100 0.75 8 1386 625 395 144 341 782 487 96
7 30 5 1 100 0.75 8 1387 628 395 128 340 789 494 97
7 30 5 1 100 0.75 8 1388 629 393 130 339 798 503 93
7 30 5 1 100 0.75 8 1389 632 396 133 342 800 507 92
7 30 5 1 100 0.75 8 1390 633 397 128 342 805 513 91
7 30 5 1 100 0.75 8 1391 636 401 131 348 808 516 94
7 30 5 1 100 0.75 8 1392 640 406 137 351 810 518 97
7 30 5 1 100 0.75 8 1393 645 410 135 356 813 521 100
7 30 5 1 100 0.75 8 1394 646 407 144 356 822 531 97
7 30 5 1 100 0.75 8 1395 649 408 134 355 828 537 97
7 30 5 1 100 0.75 8 1396 651 410 142 356 833 542 96
7 30 5 1 100 0.75 8 1397 652 414 132 363 836 545 99
7 30 5 1 100 0.75 8 1398 656 416 139 363 840 550 100
7 30 5 1 100 0.75 8 1399 659 413 138 360 850 560 96
7 30 5 1 100 0.75 8 1400 662 415 132 361 855 565 98
7 30 5 1 100 0.75 8 1401 664 419 137 365 858 568 103
7 30 5 1 100 0.75 8 1402 667 416 117 362 868 578 95
7 30 5 1 100 0.75 8 1403 668 418 128 366 873 583 95
7 30 5 1 100 0.75 8 1404 669 417 121 363 881 591 94
7 30 5 1 100 0.75 8 1405 669 418 126 364 887 597 91
7 30 5 1 100 0.75 8 1406 671 421 125 370 889 601 92
7 30 5 1 100 0.75 8 1407 672 426 141 372 890 603 93
7 30 5 1 100 0.75 8 1408 674 430 127 377 893 606 95
7 30 5 1 100 0.75 8 1409 677 432 131 377 897 611 96
7 30 5 1 100 0.75 8 1410 680 435 129 379 901 615 100
7 30 5 1 100 0.75 8 1410 680 435 435 379 1000 615 100
7 30 5 1 100 0.75 8 1440 680 435 435 379 325 615 100
7 30 5 1 100 0.75 9 1441 0 7 7 0 325 0 0
7 30 5 1 100 0.75 9 1442 0 14 14 0 325 0 0
7 30 5 1 100 0.75 9 1443 0 21 21 0 325 0 0
7 30 5 1 100 0.75 9 1444 0 28 28 0 325 0 0
7 30 5 1 100 0.75 9 1445 0 35 35 0 325 0 0
7 30 5 1 100 0.75 9 1446 0 42 41 0 325 0 0
7 30 5 1 100 0.75 9 1447 1 49 48 0 325 0 0
7 30 5 1 100 0.75 9 1448 4 56 51 1 325 0 0
7 30 5 1 100 0.75 9 1449 7 63 52 4 325 0 0
7 30 5 1 100 0.75 9 1450 11 70 56 7 324 0 0
7 30 5 1 100 0.75 9 1451 19 77 53 11 324 0 0
7 30 5 1 100 0.75 9 1452 22 84 54 19 324 0 0
7 30 5 1 100 0.75 9 1453 34 91 52 22 324 0 0
7 30 5 1 100 0.75 9 1454 34 98 59 34 324 0 1
7 30 5 1 100 0.75 9 1455 40 105 61 34 324 0 1
7 30 5 1 100 0.75 9 1456 46 112 61 40 324 0 5
7 30 5 1 100 0.75 9 1457 54 119 65 46 324 0 7
7 30 5 1 100 0.75 9 1458 63 126 70 54 323 0 10
7 30 5 1 100 0.75 9 1459 69 133 71 63 321 0 17
7 30 5 1 100 0.75 9 1460 74 140 82 69 321 0 23
7 30 5 1 100 0.75 9 1461 84 147 79 74 321 0 25
7 30 5 1 100 0.75 9 1462 93 154 78 84 321 0 28
7 30 5 1 100 0.75 9 1463 99 161 87 93 320 0 32
7 30 5 1 100 0.75 9 1464 102 168 90 99 320 0 39
7 30 5 1 100 0.75 9 1465 111 175 103 102 320 0 46
7 30 5 1 100 0.75 9 1466 115 182 109 111 320 0 52
7 30 5 1 100 0.75 9 1467 125 189 113 115 320 0 57
7 30 5 1 100 0.75 9 1468 132 196 112 125 320 0 61
7 30 5 1 100 0.75 9 1469 141 203 118 132 318 0 70
7 30 5 1 100 0.75 9 1470 147 209 125 140 319 1 75
7 30 5 1 100 0.75 9 1471 153 216 122 146 319 1 77
7 30 5 1 100 0.75 9 1472 160 221 130 150 321 3 80
7 30 5 1 100 0.75 9 1473 169 226 128 155 323 5 84
7 30 5 1 100 0.75 9 1474 172 231 133 162 325 7 89
7 30 5 1 100 0.75 9 1475 181 234 143 161 328 11 90
7 30 5 1 100 0.75 9 1476 192 238 140 167 331 14 93
7 30 5 1 100 0.75 9 1477 198 238 139 171 338 21 90
7 30 5 1 100 0.75 9 1478 210 243 137 175 340 23 91
7 30 5 1 100 0.75 9 1479 216 245 146 182 345 28 90
7 30 5 1 100 0.75 9 1480 223 249 142 185 348 31 92
7 30 5 1 100 0.75 9 1481 228 252 152 188 352 35 90
7 30 5 1 100 0.75 9 1482 235 251 147 185 360 43 90
7 30 5 1 100 0.75 9 1483 241 253 146 187 365 48 91
7 30 5 1 100 0.75 9 1484 245 254 148 187 371 54 92
7 30 5 1 100 0.75 9 1485 257 254 137 184 378 61 92
7 30 5 1 100 0.75 9 1486 268 256 138 191 383 66 96
7 30 5 1 100 0.75 9 1487 274 259 146 198 386 70 97
7 30 5 1 100 0.75 9 1488 284 257 142 195 395 79 90
7 30 5 1 100 0.75 9 1489 288 259 150 201 400 84 90
7 30 5 1 100 0.75 9 1490 292 260 148 200 406 90 89
7 30 5 1 100 0.75 9 1491 303 262 149 199 411 95 87
7 30 5 1 100 0.75 9 1492 309 263 143 205 417 101 86
7 30 5 1 100 0.75 9 1493 318 269 149 210 418 102 94
7 30 5 1 100 0.75 9 1494 321 270 148 214 424 108 95
7 30 5 1 100 0.75 9 1495 330 274 141 215 426 111 103
7 30 5 1 100 0.75 9 1496 335 275 155 220 432 117 100
7 30 5 1 100 0.75 9 1497 342 276 143 219 438 123 96
7 30 5 1 100 0.75 9 1498 347 281 151 225 439 125 100
7 30 5 1 100 0.75 9 1499 354 287 161 231 440 126 104
7 30 5 1 100 0.75 9 1500 360 286 147 230 448 134 102
7 30 5 1 100 0.75 9 1501 364 284 151 228 457 143 100
7 30 5 1 100 0.75 9 1502 371 284 142 228 464 150 100
7 30 5 1 100 0.75 9 1503 374 289 155 234 466 152 102
7 30 5 1 100 0.75 9 1504 379 289 153 232 473 159 99
7 30 5 1 100 0.75 9 1505 388 288 142 230 481 167 100
7 30 5 1 100 0.75 9 1506 390 293 141 239 483 169 102
7 30 5 1 100 0.75 9 1507 396 291 151 235 492 178 98
7 30 5 1 100 0.75 9 1508 399 294 144 241 496 182 98
7 30 5 1 100 0.75 9 1509 402 297 141 242 499 186 101
7 30 5 1 100 0.75 9 1510 407 299 132 242 504 191 101
7 30 5 1 100 0.75 9 1511 414 301 133 244 509 196 100
7 30 5 1 100 0.75 9 1512 418 298 126 244 519 206 93
7 30 5 1 100 0.75 9 1513 426 299 123 242 525 212 95
7 30 5 1 100 0.75 9 1514 430 297 123 244 534 221 90
7 30 5 1 100 0.75 9 1515 431 300 134 247 537 225 93
7 30 5 1 100 0.75 9 1516 438 306 138 250 538 226 96
7 30 5 1 100 0.75 9 1517 442 308 147 255 543 231 93
7 30 5 1 100 0.75 9 1518 449 305 130 249 552 241 92
7 30 5 1 100 0.75 9 1519 452 306 139 255 558 247 90
7 30 5 1 100 0.75 9 1520 455 307 126 252 563 253 91
7 30 5 1 100 0.75 9 1521 457 308 134 256 569 259 90
7 30 5 1 100 0.75 9 1522 464 310 120 255 574 264 87
7 30 5 1 100 0.75 9 1523 469 312 125 261 579 269 87
7 30 5 1 100 0.75 9 1524 473 316 129 264 581 272 89
7 30 5 1 100 0.75 9 1525 475 318 132 264 586 277 91
7 30 5 1 100 0.75 9 1526 484 321 142 264 590 281 92
7 30 5 1 100 0.75 9 1527 487 324 134 273 594 285 93
7 30 5 1 100 0.75 9 1528 491 323 140 269 602 293 89
7 30 5 1 100 0.75 9 1529 495 327 134 272 604 296 90
7 30 5 1 100 0.75 9 1530 497 328 128 274 610 302 91
7 30 5 1 100 0.75 9 1531 502 330 131 275 615 307 88
7 30 5 1 100 0.75 9 1532 507 331 138 277 621 313 85
7 30 5 1 100 0.75 9 1533 512 334 127 280 624 317 87
7 30 5 1 100 0.75 9 1534 514 334 131 280 631 324 87
7 30 5 1 100 0.75 9 1535 521 337 132 281 635 328 86
7 30 5 1 100 0.75 9 1536 524 338 134 284 641 334 83
7 30 5 1 100 0.75 9 1537 527 340 146 286 645 339 85
7 30 5 1 100 0.75 9 1538 535 343 132 286 649 343 84
7 30 5 1 100 0.75 9 1539 536 345 140 293 654 348 87
7 30 5 1 100 0.75 9 1540 540 347 123 293 659 353 88
7 30 5 1 100 0.75 9 1541 545 349 137 295 664 358 86
7 30 5 1 100 0.75 9 1542 547 347 125 294 672 367 79
7 30 5 1 100 0.75 9 1543 551 349 143 295 677 372 84
7 30 5 1 100 0.75 9 1544 557 351 133 295 682 377 84
7 30 5 1 100 0.75 9 1545 559 352 138 300 688 383 84
7 30 5 1 100 0.75 9 1546 565 357 129 302 690 385 90
7 30 5 1 100 0.75 9 1547 566 362 134 309 692 387 91
7 30 5 1 100 0.75 9 1548 572 364 131 307 697 392 89
7 30 5 1 100 0.75 9 1549 573 368 133 314 700 395 93
7 30 5 1 100 0.75 9 1550 576 367 137 313 708 403 88
7 30 5 1 100 0.75 9 1551 577 370 116 315 712 407 89
7 30 5 1 100 0.75 9 1552 581 372 147 317 717 412 89
7 30 5 1 100 0.75 9 1553 584 375 129 322 721 416 90
7 30 5 1 100 0.75 9 1554 591 377 141 321 726 421 90
7 30 5 1 100 0.75 9 1555 592 380 132 327 730 425 87
7 30 5 1 100 0.75 9 1556 595 384 137 327 733 428 91
7 30 5 1 100 0.75 9 1557 599 385 135 331 739 434 90
7 30 5 1 100 0.75 9 1558 604 386 137 333 745 440 87
7 30 5 1 100 0.75 9 1559 606 387 127 333 751 446 89
7 30 5 1 100 0.75 9 1560 614 384 132 329 759 456 84
7 30 5 1 100 0.75 9 1561 614 387 151 338 763 460 83
7 30 5 1 100 0.75 9 1562 618 390 125 336 767 464 85
7 30 5 1 100 0.75 9 1563 621 390 126 335 774 471 84
7 30 5 1 100 0.75 9 1564 626 395 130 340 776 473 87
7 30 5 1 100 0.75 9 1565 632 396 130 345 782 479 87
7 30 5 1 100 0.75 9 1566 633 400 128 351 785 482 90
7 30 5 1 100 0.75 9 1567 636 403 129 349 789 486 93
7 30 5 1 100 0.75 9 1568 638 403 140 350 795 493 91
7 30 5 1 100 0.75 9 1569 641 405 154 351 800 498 89
7 30 5 1 100 0.75 9 1570 643 408 144 356 804 502 89
7 30 5 1 100 0.75 9 1571 644 409 130 357 810 508 90
7 30 5 1 100 0.75 9 1572 648 408 128 353 817 516 89
7 30 5 1 100 0.75 9 1573 651 414 136 360 818 517 91
7 30 5 1 100 0.75 9 1574 654 417 123 362 822 521 91
7 30 5 1 100 0.75 9 1575 656 416 131 364 830 529 87
7 30 5 1 100 0.75 9 1576 660 422 124 368 829 530 90
7 30 5 1 100 0.75 9 1577 661 426 135 373 832 533 95
7 30 5 1 100 0.75 9 1578 662 427 119 375 838 539 96
7 30 5 1 100 0.75 9 1579 664 426 130 373 844 547 91
7 30 5 1 100 0.75 9 1580 667 426 125 374 851 554 89
7 30 5 1 100 0.75 9 1581 669 431 136 380 853 556 92
7 30 5 1 100 0.75 9 1582 671 433 137 379 858 561 93
7 30 5 1 100 0.75 9 1583 671 434 135 384 862 567 94
7 30 5 1 100 0.75 9 1584 672 431 123 378 872 577 90
7 30 5 1 100 0.75 9 1585 673 433 128 380 877 582 91
7 30 5 1 100 0.75 9 1586 675 435 137 383 882 587 90
7 30 5 1 100 0.75 9 1587 676 436 123 382 888 593 89
7 30 5 1 100 0.75 9 1588 678 437 135 385 893 599 86
7 30 5 1 100 0.75 9 1589 682 441 143 389 896 602 88
7 30 5 1 100 0.75 9 1590 683 447 144 394 897 603 95
7 30 5 1 100 0.75 9 1590 683 447 447 394 992 603 95
7 30 5 1 100 0.75 9 1620 683 447 447 394 327 603 95
7 30 5 1 100 0.75 10 1621 0 7 7 0 327 0 0
7 30 5 1 100 0.75 10 1622 0 14 14 0 327 0 0
7 30 5 1 100 0.75 10 1623 0 21 21 0 327 0 0
7 30 5 1 100 0.75 10 1624 0 28 28 0 327 0 0
7 30 5 1 100 0.75 10 1625 0 35 34 0 327 0 0
7 30 5 1 100 0.75 10 1626 0 42 41 0 327 0 0
7 30 5 1 100 0.75 10 1627 0 49 49 0 327 0 0
7 30 5 1 100 0.75 10 1628 1 56 51 0 327 0 0
7 30 5 1 100 0.75 10 1629 3 63 60 1 327 0 0
7 30 5 1 100 0.75 10 1630 11 70 54 3 327 0 0
7 30 5 1 100 0.75 10 1631 14 77 59 11 327 0 0
7 30 5 1 100 0.75 10 1632 20 84 58 14 326 0 0
7 30 5 1 100 0.75 10 1633 27 91 59 20 326 0 0
7 30 5 1 100 0.75 10 1634 34 98 62 27 326 0 0
7 30 5 1 100 0.75 10 1635 43 105 59 34 326 0 1
7 30 5 1 100 0.75 10 1636 49 112 61 43 326 0 2
7 30 5 1 100 0.75 10 1637 53 119 66 49 326 0 5
7 30 5 1 100 0.75 10 1638 56 126 77 53 326 0 10
7 30 5 1 100 0.75 10 1639 62 133 72 56 326 0 12
7 30 5 1 100 0.75 10 1640 67 140 82 62 326 0 16
7 30 5 1 100 0.75 10 1641 72 147 85 67 326 0 23
7 30 5 1 100 0.75 10 1642 85 154 95 72 326 0 28
7 30 5 1 100 0.75 10 1643 91 161 97 85 326 0 35
7 30 5 1 100 0.75 10 1644 100 168 98 91 326 0 39
7 30 5 1 100 0.75 10 1645 105 175 107 100 326 0 42
7 30 5 1 100 0.75 10 1646 114 182 107 105 326 0 44
7 30 5 1 100 0.75 10 1647 120 189 113 114 326 0 48
7 30 5 1 100 0.75 10 1648 125 196 116 120 326 0 51
7 30 5 1 100 0.75 10 1649 132 203 124 125 326 0 59
7 30 5 1 100 0.75 10 1650 144 210 126 132 326 0 69
7 30 5 1 100 0.75 10 1651 152 216 131 143 327 1 74
7 30 5 1 100 0.75 10 1652 156 222 140 150 328 2 78
7 30 5 1 100 0.75 10 1653 167 227 139 152 330 4 78
7 30 5 1 100 0.75 10 1654 173 229 146 158 335 9 82
7 30 5 1 100 0.75 10 1655 178 235 144 163 336 10 86
7 30 5 1 100 0.75 10 1656 180 242 152 168 336 10 92
7 30 5 1 100 0.75 10 1657 188 244 153 165 341 15 92
7 30 5 1 100 0.75 10 1658 200 246 152 168 346 20 97
7 30 5 1 100 0.75 10 1659 205 245 152 172 354 28 91
7 30 5 1 100 0.75 10 1660 217 247 149 172 359 33 93
7 30 5 1 100 0.75 10 1661 228 249 151 179 364 38 90
7 30 5 1 100 0.75 10 1662 233 251 152 185 369 43 89
7 30 5 1 100 0.75 10 1663 241 256 155 188 371 45 88
7 30 5 1 100 0.75 10 1664 249 262 150 195 372 46 90
7 30 5 1 100 0.75 10 1665 256 262 151 196 379 53 90
7 30 5 1 100 0.75 10 1666 264 265 153 199 383 57 96
7 30 5 1 100 0.75 10 1667 268 266 156 201 389 63 99
7 30 5 1 100 0.75 10 1668 274 268 160 200 394 68 99
7 30 5 1 100 0.75 10 1669 281 266 159 197 403 77 97
7 30 5 1 100 0.75 10 1670 291 266 157 198 410 84 94
7 30 5 1 100 0.75 10 1671 297 267 156 202 416 90 94
7 30 5 1 100 0.75 10 1672 304 273 155 208 416 91 100
7 30 5 1 100 0.75 10 1673 313 268 153 203 428 103 93
7 30 5 1 100 0.75 10 1674 320 272 146 210 430 106 95
7 30 5 1 100 0.75 10 1675 327 274 154 212 435 111 94
7 30 5 1 100 0.75 10 1676 335 275 138 213 441 117 93
7 30 5 1 100 0.75 10 1677 340 278 142 219 444 121 97
7 30 5 1 100 0.75 10 1678 346 283 153 224 446 123 105
7 30 5 1 100 0.75 10 1679 349 283 146 225 453 130 105
7 30 5 1 100 0.75 10 1680 357 289 149 228 454 131 109
7 30 5 1 100 0.75 10 1681 361 294 151 237 456 133 116
7 30 5 1 100 0.75 10 1682 368 296 148 237 461 138 114
7 30 5 1 100 0.75 10 1683 377 293 154 235 471 148 114
7 30 5 1 100 0.75 10 1684 385 290 139 234 481 158 110
7 30 5 1 100 0.75 10 1685 391 294 145 240 484 161 113
7 30 5 1 100 0.75 10 1686 394 294 141 240 491 168 108
7 30 5 1 100 0.75 10 1687 401 292 144 236 500 177 105
7 30 5 1 100 0.75 10 1688 407 292 129 237 507 184 106
7 30 5 1 100 0.75 10 1689 409 295 145 241 510 188 104
7 30 5 1 100 0.75 10 1690 414 298 157 242 514 192 103
7 30 5 1 100 0.75 10 1691 420 300 151 244 519 197 103
7 30 5 1 100 0.75 10 1692 423 297 142 242 528 207 101
7 30 5 1 100 0.75 10 1693 431 297 131 240 535 214 98
7 30 5 1 100 0.75 10 1694 437 299 140 244 539 219 100
7 30 5 1 100 0.75 10 1695 443 300 126 245 544 225 102
7 30 5 1 100 0.75 10 1696 447 305 142 251 546 227 104
7 30 5 1 100 0.75 10 1697 452 302 145 247 555 237 99
7 30 5 1 100 0.75 10 1698 457 300 137 246 564 246 94
7 30 5 1 100 0.75 10 1699 462 303 138 248 568 250 93
7 30 5 1 100 0.75 10 1700 469 301 130 246 575 259 89
7 30 5 1 100 0.75 10 1701 475 305 144 252 578 262 93
7 30 5 1 100 0.75 10 1702 481 303 129 250 587 271 90
7 30 5 1 100 0.75 10 1703 483 302 125 251 595 279 89
7 30 5 1 100 0.75 10 1704 487 308 139 255 596 280 91
7 30 5 1 100 0.75 10 1705 491 308 132 254 603 287 89
7 30 5 1 100 0.75 10 1706 497 311 131 257 606 291 87
7 30 5 1 100 0.75 10 1707 500 316 134 263 608 293 94
7 30 5 1 100 0.75 10 1708 503 317 123 264 613 299 94
7 30 5 1 100 0.75 10 1709 507 318 145 262 619 305 95
7 30 5 1 100 0.75 10 1710 509 320 129 265 624 310 94
7 30 5 1 100 0.75 10 1711 512 317 123 263 633 320 88
7 30 5 1 100 0.75 10 1712 520 321 125 265 636 323 92
7 30 5 1 100 0.75 10 1713 524 322 122 271 642 329 89
7 30 5 1 100 0.75 10 1714 526 322 138 270 649 336 87
7 30 5 1 100 0.75 10 1715 531 327 136 272 650 338 92
7 30 5 1 100 0.75 10 1716 536 327 132 273 657 345 90
7 30 5 1 100 0.75 10 1717 538 328 132 275 663 351 87
7 30 5 1 100 0.75 10 1718 540 327 132 273 671 359 90
7 30 5 1 100 0.75 10 1719 545 329 134 274 675 364 90
7 30 5 1 100 0.75 10 1720 548 331 142 278 679 369 92
7 30 5 1 100 0.75 10 1721 551 335 134 282 682 372 91
7 30 5 1 100 0.75 10 1722 555 333 126 276 691 381 89
7 30 5 1 100 0.75 10 1723 559 338 147 282 693 383 93
7 30 5 1 100 0.75 10 1724 562 342 128 289 696 386 93
7 30 5 1 100 0.75 10 1725 565 344 150 290 701 391 95
7 30 5 1 100 0.75 10 1726 570 348 135 294 704 394 94
7 30 5 1 100 0.75 10 1727 573 348 135 295 711 401 95
7 30 5 1 100 0.75 10 1728 576 348 137 294 718 408 92
7 30 5 1 100 0.75 10 1729 578 349 134 296 724 414 88
7 30 5 1 100 0.75 10 1730 580 351 128 300 728 419 92
7 30 5 1 100 0.75 10 1731 582 356 137 303 730 421 94
7 30 5 1 100 0.75 10 1732 584 358 135 304 734 426 92
7 30 5 1 100 0.75 10 1733 586 356 136 303 743 435 88
7 30 5 1 100 0.75 10 1734 589 359 138 305 746 439 90
7 30 5 1 100 0.75 10 1735 590 361 135 308 751 444 88
7 30 5 1 100 0.75 10 1736 591 363 144 310 756 449 89
7 30 5 1 100 0.75 10 1737 593 361 142 308 765 458 82
7 30 5 1 100 0.75 10 1738 593 363 128 309 770 463 82
7 30 5 1 100 0.75 10 1739 598 366 133 312 774 467 82
7 30 5 1 100 0.75 10 1740 599 368 126 315 779 472 83
7 30 5 1 100 0.75 10 1741 602 371 134 317 783 476 88
7 30 5 1 100 0.75 10 1742 604 370 130 316 791 484 84
7 30 5 1 100 0.75 10 1743 606 371 121 316 796 490 83
7 30 5 1 100 0.75 10 1744 609 374 123 319 800 494 87
7 30 5 1 100 0.75 10 1745 613 375 123 321 806 500 83
7 30 5 1 100 0.75 10 1746 615 380 137 327 808 502 88
7 30 5 1 100 0.75 10 1747 618 381 125 329 814 508 85
7 30 5 1 100 0.75 10 1748 621 381 136 329 821 515 87
7 30 5 1 100 0.75 10 1749 624 386 132 336 823 517 90
7 30 5 1 100 0.75 10 1750 627 391 136 337 825 519 93
7 30 5 1 100 0.75 10 1751 630 394 131 340 827 523 93
7 30 5 1 100 0.75 10 1752 630 396 131 344 832 528 96
7 30 5 1 100 0.75 10 1753 633 400 133 345 835 531 99
7 30 5 1 100 0.75 10 1754 635 400 140 346 842 538 100
7 30 5 1 100 0.75 10 1755 638 406 151 352 843 539 104
7 30 5 1 100 0.75 10 1756 644 406 145 352 850 546 102
7 30 5 1 100 0.75 10 1757 645 407 130 355 856 552 99
7 30 5 1 100 0.75 10 1758 648 409 143 352 861 557 103
7 30 5 1 100 0.75 10 1759 650 410 123 356 866 563 99
7 30 5 1 100 0.75 10 1760 651 412 134 359 871 568 100
7 30 5 1 100 0.75 10 1761 653 410 134 357 879 577 97
7 30 5 1 100 0.75 10 1762 654 412 131 362 884 582 95
7 30 5 1 100 0.75 10 1763 657 412 139 361 890 589 95
7 30 5 1 100 0.75 10 1764 658 412 136 361 897 596 90
7 30 5 1 100 0.75 10 1765 662 418 148 366 897 597 93
7 30 5 1 100 0.75 10 1766 664 422 145 370 900 600 95
7 30 5 1 100 0.75 10 1767 666 422 142 369 907 607 92
7 30 5 1 100 0.75 10 1768 667 422 141 370 914 614 91
7 30 5 1 100 0.75 10 1769 667 423 120 368 920 620 90
7 30 5 1 100 0.75 10 1770 668 424 128 370 926 626 90
7 30 5 1 100 0.75 10 1770 668 424 424 370 1015 626 90
7 30 5 1 100 0.75 10 1800 668 424 424 370 324 626 90
