2 50 5 1 100 0.75 1 1 0 2 2 0 100 0 0
2 50 5 1 100 0.75 1 2 0 4 4 0 100 0 0
2 50 5 1 100 0.75 1 3 0 6 6 0 100 0 0
2 50 5 1 100 0.75 1 4 0 8 8 0 100 0 0
2 50 5 1 100 0.75 1 5 0 10 10 0 100 0 0
2 50 5 1 100 0.75 1 6 0 12 11 0 100 0 0
2 50 5 1 100 0.75 1 7 0 14 13 0 100 0 0
2 50 5 1 100 0.75 1 8 1 16 13 0 100 0 0
2 50 5 1 100 0.75 1 9 2 18 14 1 100 0 0
2 50 5 1 100 0.75 1 10 4 20 16 2 99 0 0
2 50 5 1 100 0.75 1 11 4 22 18 4 99 0 0
2 50 5 1 100 0.75 1 12 4 24 20 4 99 0 0
2 50 5 1 100 0.75 1 13 4 26 22 4 99 0 0
2 50 5 1 100 0.75 1 14 7 28 20 4 99 0 0
2 50 5 1 100 0.75 1 15 7 30 22 7 99 0 0
2 50 5 1 100 0.75 1 16 8 32 23 7 99 0 1
2 50 5 1 100 0.75 1 17 9 34 29 8 99 0 4
2 50 5 1 100 0.75 1 18 11 36 25 9 99 0 4
2 50 5 1 100 0.75 1 19 14 38 28 11 99 0 4
2 50 5 1 100 0.75 1 20 16 40 25 14 99 0 4
2 50 5 1 100 0.75 1 21 17 42 30 16 99 0 5
2 50 5 1 100 0.75 1 22 18 44 31 17 99 0 6
2 50 5 1 100 0.75 1 23 19 46 34 18 99 0 7
2 50 5 1 100 0.75 1 24 20 48 36 19 99 0 8
2 50 5 1 100 0.75 1 25 22 50 36 20 99 0 8
2 50 5 1 100 0.75 1 26 23 52 38 22 99 0 10
2 50 5 1 100 0.75 1 27 25 54 42 23 99 0 14
2 50 5 1 100 0.75 1 28 27 56 44 25 99 0 14
2 50 5 1 100 0.75 1 29 27 58 45 27 99 0 16
2 50 5 1 100 0.75 1 30 28 60 46 27 99 0 17
2 50 5 1 100 0.75 1 31 34 62 45 28 99 0 18
2 50 5 1 100 0.75 1 32 37 64 44 34 99 0 18
2 50 5 1 100 0.75 1 33 42 65 44 36 100 1 20
2 50 5 1 100 0.75 1 34 43 66 43 40 101 2 19
2 50 5 1 100 0.75 1 35 45 68 43 41 101 2 19
2 50 5 1 100 0.75 1 36 48 68 45 41 103 4 18
2 50 5 1 100 0.75 1 37 51 68 43 42 105 6 16
2 50 5 1 100 0.75 1 38 51 70 44 45 105 6 17
2 50 5 1 100 0.75 1 39 53 72 49 45 105 6 21
2 50 5 1 100 0.75 1 40 55 74 52 47 105 6 27
2 50 5 1 100 0.75 1 41 59 75 51 48 106 7 28
2 50 5 1 100 0.75 1 42 61 74 49 49 109 10 25
2 50 5 1 100 0.75 1 43 62 74 51 49 111 12 26
2 50 5 1 100 0.75 1 44 64 76 54 50 111 12 29
2 50 5 1 100 0.75 1 45 67 77 54 51 112 13 29
2 50 5 1 100 0.75 1 46 69 78 53 53 113 14 29
2 50 5 1 100 0.75 1 47 70 79 54 54 114 15 30
2 50 5 1 100 0.75 1 48 74 80 55 54 115 16 32
2 50 5 1 100 0.75 1 49 75 81 59 57 116 17 32
2 50 5 1 100 0.75 1 50 76 80 53 55 119 20 31
2 50 5 1 100 0.75 1 51 79 82 58 56 119 20 33
2 50 5 1 100 0.75 1 52 82 84 57 59 119 20 36
2 50 5 1 100 0.75 1 53 85 85 62 61 120 21 36
2 50 5 1 100 0.75 1 54 87 83 55 60 124 25 33
2 50 5 1 100 0.75 1 55 89 82 52 59 127 28 30
2 50 5 1 100 0.75 1 56 90 83 59 60 128 29 32
2 50 5 1 100 0.75 1 57 92 83 56 59 130 31 31
2 50 5 1 100 0.75 1 58 95 83 53 59 132 33 30
2 50 5 1 100 0.75 1 59 97 83 56 60 134 35 30
2 50 5 1 100 0.75 1 60 100 83 55 60 136 37 30
2 50 5 1 100 0.75 1 61 103 82 52 60 139 40 30
2 50 5 1 100 0.75 1 62 103 83 55 62 140 41 29
2 50 5 1 100 0.75 1 63 105 84 50 62 141 42 30
2 50 5 1 100 0.75 1 64 107 83 53 61 144 45 28
2 50 5 1 100 0.75 1 65 111 83 47 61 146 47 27
2 50 5 1 100 0.75 1 66 112 84 49 64 147 48 26
2 50 5 1 100 0.75 1 67 116 83 53 62 150 51 26
2 50 5 1 100 0.75 1 68 116 85 52 67 150 51 26
2 50 5 1 100 0.75 1 69 118 83 55 63 154 55 23
2 50 5 1 100 0.75 1 70 120 84 51 64 155 56 23
2 50 5 1 100 0.75 1 71 123 86 54 66 155 56 27
2 50 5 1 100 0.75 1 72 124 86 53 67 157 58 26
2 50 5 1 100 0.75 1 73 127 88 52 68 157 58 29
2 50 5 1 100 0.75 1 74 128 89 58 70 158 59 31
2 50 5 1 100 0.75 1 75 131 90 57 70 159 60 32
2 50 5 1 100 0.75 1 76 132 88 51 69 163 64 28
2 50 5 1 100 0.75 1 77 133 87 48 67 166 67 27
2 50 5 1 100 0.75 1 78 134 87 51 66 168 69 26
2 50 5 1 100 0.75 1 79 134 89 55 67 168 69 28
2 50 5 1 100 0.75 1 80 138 89 55 65 170 71 30
2 50 5 1 100 0.75 1 81 141 91 53 69 170 71 31
2 50 5 1 100 0.75 1 82 142 92 56 71 171 72 30
2 50 5 1 100 0.75 1 83 144 92 49 71 173 74 30
2 50 5 1 100 0.75 1 84 146 94 55 73 173 74 31
2 50 5 1 100 0.75 1 85 147 95 53 74 174 75 30
2 50 5 1 100 0.75 1 86 149 95 56 74 176 77 29
2 50 5 1 100 0.75 1 87 151 94 54 73 179 80 29
2 50 5 1 100 0.75 1 88 155 94 55 73 181 82 29
2 50 5 1 100 0.75 1 89 157 95 54 76 182 83 31
2 50 5 1 100 0.75 1 90 159 93 57 74 186 87 27
2 50 5 1 100 0.75 1 91 160 94 54 75 187 88 30
2 50 5 1 100 0.75 1 92 162 93 54 73 190 91 28
2 50 5 1 100 0.75 1 93 162 94 54 75 190 92 29
2 50 5 1 100 0.75 1 94 164 94 49 75 192 94 28
2 50 5 1 100 0.75 1 95 166 95 50 77 193 95 29
2 50 5 1 100 0.75 1 96 169 95 47 77 195 97 29
2 50 5 1 100 0.75 1 97 171 95 52 78 197 99 29
2 50 5 1 100 0.75 1 98 173 95 53 79 199 101 30
2 50 5 1 100 0.75 1 99 174 96 52 80 200 102 30
2 50 5 1 100 0.75 1 100 175 96 52 79 202 104 30
2 50 5 1 100 0.75 1 101 177 97 61 79 203 105 31
2 50 5 1 100 0.75 1 102 178 99 55 81 203 105 33
2 50 5 1 100 0.75 1 103 179 101 60 83 203 105 34
2 50 5 1 100 0.75 1 104 180 100 58 83 206 108 35
2 50 5 1 100 0.75 1 105 182 102 60 85 206 108 39
2 50 5 1 100 0.75 1 106 184 99 51 82 211 113 34
2 50 5 1 100 0.75 1 107 185 98 50 82 214 116 32
2 50 5 1 100 0.75 1 108 187 98 51 82 216 118 31
2 50 5 1 100 0.75 1 109 190 100 53 84 216 118 32
2 50 5 1 100 0.75 1 110 190 101 49 86 217 119 31
2 50 5 1 100 0.75 1 111 192 101 55 84 219 121 31
2 50 5 1 100 0.75 1 112 194 101 47 84 221 123 32
2 50 5 1 100 0.75 1 113 194 100 47 84 224 126 31
2 50 5 1 100 0.75 1 114 195 100 51 83 226 128 30
2 50 5 1 100 0.75 1 115 196 101 50 84 227 129 32
2 50 5 1 100 0.75 1 116 198 100 55 82 230 132 33
2 50 5 1 100 0.75 1 117 198 99 57 81 233 135 30
2 50 5 1 100 0.75 1 118 199 100 52 80 234 136 29
2 50 5 1 100 0.75 1 119 201 101 49 81 235 137 30
2 50 5 1 100 0.75 1 120 204 98 44 78 240 142 26
2 50 5 1 100 0.75 1 121 205 99 52 83 241 143 27
2 50 5 1 100 0.75 1 122 208 99 46 82 243 145 27
2 50 5 1 100 0.75 1 123 210 100 47 84 244 146 27
2 50 5 1 100 0.75 1 124 211 101 48 85 245 147 26
2 50 5 1 100 0.75 1 125 213 102 49 85 246 148 26
2 50 5 1 100 0.75 1 126 214 104 44 87 246 148 27
2 50 5 1 100 0.75 1 127 216 105 53 87 247 149 30
2 50 5 1 100 0.75 1 128 216 106 58 88 248 150 31
2 50 5 1 100 0.75 1 129 218 105 56 86 251 153 29
2 50 5 1 100 0.75 1 130 219 106 56 87 252 154 29
2 50 5 1 100 0.75 1 131 221 106 56 87 254 156 29
2 50 5 1 100 0.75 1 132 223 104 56 86 258 160 26
2 50 5 1 100 0.75 1 133 228 103 47 85 261 163 24
2 50 5 1 100 0.75 1 134 228 103 49 88 263 165 23
2 50 5 1 100 0.75 1 135 228 105 50 88 263 165 25
2 50 5 1 100 0.75 1 136 229 106 56 87 264 166 25
2 50 5 1 100 0.75 1 137 231 104 48 84 268 170 22
2 50 5 1 100 0.75 1 138 231 105 48 86 268 171 24
2 50 5 1 100 0.75 1 139 232 107 53 88 267 171 25
2 50 5 1 100 0.75 1 140 234 109 60 90 267 171 29
2 50 5 1 100 0.75 1 141 235 109 54 92 269 173 28
2 50 5 1 100 0.75 1 142 236 111 56 93 269 173 28
2 50 5 1 100 0.75 1 143 238 112 57 94 270 174 27
2 50 5 1 100 0.75 1 144 240 113 59 95 271 175 28
2 50 5 1 100 0.75 1 145 242 111 49 94 275 179 25
2 50 5 1 100 0.75 1 146 243 112 57 95 276 180 25
2 50 5 1 100 0.75 1 147 244 112 61 94 278 182 25
2 50 5 1 100 0.75 1 148 246 114 64 96 278 182 28
2 50 5 1 100 0.75 1 149 248 115 58 97 279 183 27
2 50 5 1 100 0.75 1 150 250 114 59 96 282 186 27
2 50 5 1 100 0.75 1 150 250 114 114 96 309 186 27
2 50 5 1 100 0.75 1 180 250 114 114 96 249 186 27
2 50 5 1 100 0.75 2 181 0 2 2 0 249 0 0
2 50 5 1 100 0.75 2 182 0 4 4 0 249 0 0
2 50 5 1 100 0.75 2 183 0 6 6 0 249 0 0
2 50 5 1 100 0.75 2 184 0 8 8 0 249 0 0
2 50 5 1 100 0.75 2 185 0 10 8 0 249 0 0
2 50 5 1 100 0.75 2 186 0 12 12 0 249 0 0
2 50 5 1 100 0.75 2 187 0 14 12 0 249 0 0
2 50 5 1 100 0.75 2 188 0 16 14 0 249 0 0
2 50 5 1 100 0.75 2 189 1 18 15 0 249 0 0
2 50 5 1 100 0.75 2 190 3 20 17 1 249 0 0
2 50 5 1 100 0.75 2 191 6 22 13 3 249 0 0
2 50 5 1 100 0.75 2 192 9 24 13 6 249 0 0
2 50 5 1 100 0.75 2 193 13 26 10 9 249 0 0
2 50 5 1 100 0.75 2 194 15 28 12 13 249 0 0
2 50 5 1 100 0.75 2 195 17 30 10 15 248 0 0
2 50 5 1 100 0.75 2 196 18 32 13 17 248 0 0
2 50 5 1 100 0.75 2 197 20 34 13 18 248 0 1
2 50 5 1 100 0.75 2 198 21 36 15 20 248 0 3
2 50 5 1 100 0.75 2 199 25 38 19 21 248 0 5
2 50 5 1 100 0.75 2 200 25 40 21 25 248 0 7
2 50 5 1 100 0.75 2 201 26 42 22 25 248 0 9
2 50 5 1 100 0.75 2 202 28 44 24 26 248 0 11
2 50 5 1 100 0.75 2 203 31 46 25 28 248 0 11
2 50 5 1 100 0.75 2 204 32 48 26 31 248 0 14
2 50 5 1 100 0.75 2 205 33 50 26 32 248 0 15
2 50 5 1 100 0.75 2 206 37 52 23 33 248 0 17
2 50 5 1 100 0.75 2 207 40 54 26 37 247 0 19
2 50 5 1 100 0.75 2 208 42 56 32 40 247 0 20
2 50 5 1 100 0.75 2 209 45 58 26 42 247 0 20
2 50 5 1 100 0.75 2 210 46 60 36 45 246 0 25
2 50 5 1 100 0.75 2 211 47 62 29 46 246 0 26
2 50 5 1 100 0.75 2 212 48 63 31 46 247 1 25
2 50 5 1 100 0.75 2 213 48 65 38 47 247 1 26
2 50 5 1 100 0.75 2 214 53 66 36 46 248 2 27
2 50 5 1 100 0.75 2 215 53 67 43 50 248 3 29
2 50 5 1 100 0.75 2 216 54 68 41 49 249 4 28
2 50 5 1 100 0.75 2 217 56 70 41 50 249 4 31
2 50 5 1 100 0.75 2 218 59 69 42 49 252 7 29
2 50 5 1 100 0.75 2 219 63 70 34 51 253 8 28
2 50 5 1 100 0.75 2 220 67 68 33 51 257 12 25
2 50 5 1 100 0.75 2 221 67 68 35 53 259 14 26
2 50 5 1 100 0.75 2 222 67 69 37 52 260 15 26
2 50 5 1 100 0.75 2 223 69 69 37 50 262 17 24
2 50 5 1 100 0.75 2 224 70 71 39 52 262 17 26
2 50 5 1 100 0.75 2 225 74 71 42 52 264 19 27
2 50 5 1 100 0.75 2 226 75 73 40 56 264 19 30
2 50 5 1 100 0.75 2 227 78 73 41 55 266 21 30
2 50 5 1 100 0.75 2 228 79 74 38 57 267 22 32
2 50 5 1 100 0.75 2 229 83 73 40 55 270 25 29
2 50 5 1 100 0.75 2 230 84 73 37 57 271 27 29
2 50 5 1 100 0.75 2 231 88 74 36 57 272 28 29
2 50 5 1 100 0.75 2 232 89 73 33 58 275 31 28
2 50 5 1 100 0.75 2 233 91 73 33 58 277 33 29
2 50 5 1 100 0.75 2 234 92 74 38 59 278 34 30
2 50 5 1 100 0.75 2 235 92 76 45 60 278 34 31
2 50 5 1 100 0.75 2 236 97 77 40 59 279 35 32
2 50 5 1 100 0.75 2 237 99 76 37 61 282 38 31
2 50 5 1 100 0.75 2 238 100 78 40 63 282 38 33
2 50 5 1 100 0.75 2 239 101 80 40 64 282 38 37
2 50 5 1 100 0.75 2 240 102 80 39 63 284 40 37
2 50 5 1 100 0.75 2 241 105 81 40 63 285 41 36
2 50 5 1 100 0.75 2 242 109 78 39 61 290 46 31
2 50 5 1 100 0.75 2 243 109 79 40 64 291 47 32
2 50 5 1 100 0.75 2 244 112 77 40 60 295 51 31
2 50 5 1 100 0.75 2 245 113 78 42 62 296 52 30
2 50 5 1 100 0.75 2 246 114 79 40 62 297 53 29
2 50 5 1 100 0.75 2 247 116 80 35 62 298 54 28
2 50 5 1 100 0.75 2 248 119 76 39 58 304 60 23
2 50 5 1 100 0.75 2 249 121 77 40 60 305 61 24
2 50 5 1 100 0.75 2 250 122 79 42 62 305 61 25
2 50 5 1 100 0.75 2 251 126 80 38 62 306 62 26
2 50 5 1 100 0.75 2 252 126 80 39 64 308 64 24
2 50 5 1 100 0.75 2 253 129 80 29 62 310 66 23
2 50 5 1 100 0.75 2 254 131 79 34 63 313 69 21
2 50 5 1 100 0.75 2 255 131 80 32 64 314 70 20
2 50 5 1 100 0.75 2 256 132 80 40 63 316 72 21
2 50 5 1 100 0.75 2 257 133 79 33 62 319 75 19
2 50 5 1 100 0.75 2 258 134 80 41 62 320 76 19
2 50 5 1 100 0.75 2 259 139 80 34 61 321 78 20
2 50 5 1 100 0.75 2 260 141 80 39 65 323 80 21
2 50 5 1 100 0.75 2 261 144 82 32 67 322 80 23
2 50 5 1 100 0.75 2 262 144 84 33 70 322 80 23
2 50 5 1 100 0.75 2 263 145 84 41 68 324 82 23
2 50 5 1 100 0.75 2 264 148 86 34 70 324 82 24
2 50 5 1 100 0.75 2 265 149 88 41 73 324 82 25
2 50 5 1 100 0.75 2 266 149 89 41 73 325 83 26
2 50 5 1 100 0.75 2 267 151 90 45 72 326 84 28
2 50 5 1 100 0.75 2 268 153 88 37 72 330 88 24
2 50 5 1 100 0.75 2 269 154 90 50 74 330 88 25
2 50 5 1 100 0.75 2 270 156 91 46 74 331 89 26
2 50 5 1 100 0.75 2 271 157 93 53 76 331 89 26
2 50 5 1 100 0.75 2 272 158 92 50 74 334 92 24
2 50 5 1 100 0.75 2 273 160 94 51 76 334 92 24
2 50 5 1 100 0.75 2 274 164 94 44 76 336 94 23
2 50 5 1 100 0.75 2 275 164 95 46 80 337 95 26
2 50 5 1 100 0.75 2 276 167 94 39 77 340 98 23
2 50 5 1 100 0.75 2 277 169 95 45 79 341 99 24
2 50 5 1 100 0.75 2 278 172 95 44 79 343 101 22
2 50 5 1 100 0.75 2 279 172 95 45 80 345 103 21
2 50 5 1 100 0.75 2 280 175 96 39 79 346 104 20
2 50 5 1 100 0.75 2 281 177 97 41 81 347 105 20
2 50 5 1 100 0.75 2 282 179 97 37 81 349 107 20
2 50 5 1 100 0.75 2 283 181 98 41 82 350 108 22
2 50 5 1 100 0.75 2 284 182 98 39 83 352 110 20
2 50 5 1 100 0.75 2 285 184 98 44 82 354 112 19
2 50 5 1 100 0.75 2 286 185 100 43 84 354 112 20
2 50 5 1 100 0.75 2 287 189 99 37 82 357 115 18
2 50 5 1 100 0.75 2 288 189 101 42 87 357 115 19
2 50 5 1 100 0.75 2 289 192 102 41 86 358 116 20
2 50 5 1 100 0.75 2 290 194 103 48 88 359 117 21
2 50 5 1 100 0.75 2 291 195 104 42 89 360 118 21
2 50 5 1 100 0.75 2 292 197 105 45 89 361 119 22
2 50 5 1 100 0.75 2 293 197 105 44 89 363 121 21
2 50 5 1 100 0.75 2 294 198 105 48 89 365 123 20
2 50 5 1 100 0.75 2 295 199 107 48 90 365 123 22
2 50 5 1 100 0.75 2 296 199 108 51 92 366 124 21
2 50 5 1 100 0.75 2 297 202 109 43 91 367 125 24
2 50 5 1 100 0.75 2 298 203 111 51 95 367 125 24
2 50 5 1 100 0.75 2 299 205 112 53 95 368 126 23
2 50 5 1 100 0.75 2 300 206 112 53 95 370 128 23
2 50 5 1 100 0.75 2 301 209 112 47 94 372 130 21
2 50 5 1 100 0.75 2 302 209 114 55 98 372 130 24
2 50 5 1 100 0.75 2 303 213 115 49 97 373 131 23
2 50 5 1 100 0.75 2 304 214 115 51 100 375 133 24
2 50 5 1 100 0.75 2 305 215 116 57 100 375 134 24
2 50 5 1 100 0.75 2 306 217 115 55 98 378 137 22
2 50 5 1 100 0.75 2 307 221 117 48 100 377 137 23
2 50 5 1 100 0.75 2 308 223 118 54 103 378 138 23
2 50 5 1 100 0.75 2 309 225 119 52 104 379 139 24
2 50 5 1 100 0.75 2 310 227 121 52 106 379 139 24
2 50 5 1 100 0.75 2 311 228 121 60 106 381 141 27
2 50 5 1 100 0.75 2 312 228 118 57 104 386 146 23
2 50 5 1 100 0.75 2 313 230 119 54 103 386 147 24
2 50 5 1 100 0.75 2 314 231 120 53 104 387 148 24
2 50 5 1 100 0.75 2 315 233 120 57 103 389 150 27
2 50 5 1 100 0.75 2 316 234 121 57 104 390 151 26
2 50 5 1 100 0.75 2 317 239 123 56 105 390 151 28
2 50 5 1 100 0.75 2 318 240 125 57 110 390 151 29
2 50 5 1 100 0.75 2 319 241 126 59 110 391 152 28
2 50 5 1 100 0.75 2 320 243 128 64 113 391 152 30
2 50 5 1 100 0.75 2 321 244 125 52 110 396 157 25
2 50 5 1 100 0.75 2 322 246 127 60 111 396 157 27
2 50 5 1 100 0.75 2 323 246 127 60 111 398 159 25
2 50 5 1 100 0.75 2 324 246 128 60 113 399 160 25
2 50 5 1 100 0.75 2 325 246 129 64 113 400 161 28
2 50 5 1 100 0.75 2 326 248 128 63 112 403 164 26
2 50 5 1 100 0.75 2 327 248 129 56 114 404 165 26
2 50 5 1 100 0.75 2 328 248 128 58 112 407 168 24
2 50 5 1 100 0.75 2 329 250 130 62 113 407 168 24
2 50 5 1 100 0.75 2 330 251 131 65 115 408 169 24
2 50 5 1 100 0.75 2 330 251 131 131 115 432 169 24
2 50 5 1 100 0.75 2 360 251 131 131 115 340 169 24
2 50 5 1 100 0.75 3 361 0 2 2 0 340 0 0
2 50 5 1 100 0.75 3 362 0 4 4 0 340 0 0
2 50 5 1 100 0.75 3 363 0 6 6 0 340 0 0
2 50 5 1 100 0.75 3 364 0 8 7 0 340 0 0
2 50 5 1 100 0.75 3 365 0 10 10 0 340 0 0
2 50 5 1 100 0.75 3 366 0 12 10 0 340 0 0
2 50 5 1 100 0.75 3 367 0 14 13 0 340 0 0
2 50 5 1 100 0.75 3 368 2 16 13 0 340 0 0
2 50 5 1 100 0.75 3 369 3 18 14 2 340 0 0
2 50 5 1 100 0.75 3 370 5 20 13 3 340 0 0
2 50 5 1 100 0.75 3 371 5 22 16 5 340 0 0
2 50 5 1 100 0.75 3 372 6 24 13 5 340 0 0
2 50 5 1 100 0.75 3 373 9 26 16 6 339 0 0
2 50 5 1 100 0.75 3 374 15 28 12 9 339 0 0
2 50 5 1 100 0.75 3 375 17 30 12 15 339 0 1
2 50 5 1 100 0.75 3 376 19 32 13 17 339 0 3
2 50 5 1 100 0.75 3 377 20 34 12 19 339 0 4
2 50 5 1 100 0.75 3 378 22 36 10 20 339 0 4
2 50 5 1 100 0.75 3 379 24 38 10 22 339 0 4
2 50 5 1 100 0.75 3 380 27 40 14 24 339 0 6
2 50 5 1 100 0.75 3 381 29 42 20 27 339 0 10
2 50 5 1 100 0.75 3 382 30 44 23 29 339 0 10
2 50 5 1 100 0.75 3 383 32 46 21 30 338 0 12
2 50 5 1 100 0.75 3 384 35 48 24 32 338 0 12
2 50 5 1 100 0.75 3 385 36 50 24 35 338 0 15
2 50 5 1 100 0.75 3 386 37 52 30 36 338 0 15
2 50 5 1 100 0.75 3 387 41 54 31 37 338 0 17
2 50 5 1 100 0.75 3 388 42 56 33 41 337 0 19
2 50 5 1 100 0.75 3 389 44 58 33 42 337 0 20
2 50 5 1 100 0.75 3 390 47 60 32 44 336 0 20
2 50 5 1 100 0.75 3 391 49 61 27 46 337 1 21
2 50 5 1 100 0.75 3 392 50 63 36 48 337 1 22
2 50 5 1 100 0.75 3 393 51 64 36 48 338 2 21
2 50 5 1 100 0.75 3 394 53 64 33 47 340 4 20
2 50 5 1 100 0.75 3 395 54 66 34 49 340 4 20
2 50 5 1 100 0.75 3 396 57 67 36 49 341 5 19
2 50 5 1 100 0.75 3 397 59 69 41 52 341 5 22
2 50 5 1 100 0.75 3 398 62 69 33 52 343 7 22
2 50 5 1 100 0.75 3 399 64 71 40 55 343 7 23
2 50 5 1 100 0.75 3 400 67 69 36 53 347 11 20
2 50 5 1 100 0.75 3 401 69 69 33 54 349 13 19
2 50 5 1 100 0.75 3 402 69 69 30 54 351 15 18
2 50 5 1 100 0.75 3 403 72 70 33 53 352 16 19
2 50 5 1 100 0.75 3 404 73 71 38 55 353 17 21
2 50 5 1 100 0.75 3 405 74 72 35 55 354 18 21
2 50 5 1 100 0.75 3 406 76 73 39 55 355 19 22
2 50 5 1 100 0.75 3 407 77 72 38 54 358 22 20
2 50 5 1 100 0.75 3 408 81 74 33 55 358 22 22
2 50 5 1 100 0.75 3 409 83 75 40 58 359 23 22
2 50 5 1 100 0.75 3 410 86 77 39 60 359 23 24
2 50 5 1 100 0.75 3 411 88 78 35 62 360 24 25
2 50 5 1 100 0.75 3 412 90 80 34 64 360 24 26
2 50 5 1 100 0.75 3 413 93 81 43 65 361 25 25
2 50 5 1 100 0.75 3 414 94 82 39 67 362 26 27
2 50 5 1 100 0.75 3 415 95 83 39 67 363 27 27
2 50 5 1 100 0.75 3 416 96 84 45 67 364 28 28
2 50 5 1 100 0.75 3 417 99 83 47 65 367 31 28
2 50 5 1 100 0.75 3 418 103 84 38 68 368 32 29
2 50 5 1 100 0.75 3 419 104 85 38 71 369 33 31
2 50 5 1 100 0.75 3 420 105 86 41 71 370 34 31
2 50 5 1 100 0.75 3 421 106 84 41 68 374 38 28
2 50 5 1 100 0.75 3 422 107 86 44 71 373 38 29
2 50 5 1 100 0.75 3 423 110 86 39 70 375 40 27
2 50 5 1 100 0.75 3 424 111 88 45 74 375 40 28
2 50 5 1 100 0.75 3 425 111 88 46 73 377 42 30
2 50 5 1 100 0.75 3 426 115 88 48 71 379 44 29
2 50 5 1 100 0.75 3 427 115 89 46 74 379 45 30
2 50 5 1 100 0.75 3 428 119 88 47 71 382 48 29
2 50 5 1 100 0.75 3 429 120 88 45 73 384 50 28
2 50 5 1 100 0.75 3 430 123 89 51 73 385 51 29
2 50 5 1 100 0.75 3 431 125 91 45 76 385 51 33
2 50 5 1 100 0.75 3 432 126 91 42 76 387 53 31
2 50 5 1 100 0.75 3 433 129 93 42 77 387 53 34
2 50 5 1 100 0.75 3 434 130 92 48 77 390 56 32
2 50 5 1 100 0.75 3 435 134 92 42 76 392 58 32
2 50 5 1 100 0.75 3 436 134 93 43 79 393 59 31
2 50 5 1 100 0.75 3 437 134 91 37 75 397 63 28
2 50 5 1 100 0.75 3 438 137 92 42 74 398 64 29
2 50 5 1 100 0.75 3 439 138 92 44 76 400 66 28
2 50 5 1 100 0.75 3 440 140 94 44 78 400 66 28
2 50 5 1 100 0.75 3 441 140 92 46 76 404 70 27
2 50 5 1 100 0.75 3 442 142 92 46 74 406 72 27
2 50 5 1 100 0.75 3 443 144 92 45 75 408 74 27
2 50 5 1 100 0.75 3 444 145 93 43 77 409 75 26
2 50 5 1 100 0.75 3 445 146 93 43 76 410 77 25
2 50 5 1 100 0.75 3 446 150 94 40 76 411 78 27
2 50 5 1 100 0.75 3 447 150 96 47 80 411 78 29
2 50 5 1 100 0.75 3 448 154 94 38 76 415 82 26
2 50 5 1 100 0.75 3 449 156 93 42 77 418 85 24
2 50 5 1 100 0.75 3 450 157 92 40 76 421 88 24
2 50 5 1 100 0.75 3 451 159 94 40 77 421 88 25
2 50 5 1 100 0.75 3 452 162 96 48 80 421 88 26
2 50 5 1 100 0.75 3 453 165 94 41 79 425 92 24
2 50 5 1 100 0.75 3 454 166 95 40 81 426 93 25
2 50 5 1 100 0.75 3 455 168 97 42 82 426 93 27
2 50 5 1 100 0.75 3 456 168 98 43 83 427 94 29
2 50 5 1 100 0.75 3 457 171 99 46 82 428 95 28
2 50 5 1 100 0.75 3 458 173 99 43 83 430 97 27
2 50 5 1 100 0.75 3 459 175 100 46 85 431 98 29
2 50 5 1 100 0.75 3 460 176 101 47 87 432 99 29
2 50 5 1 100 0.75 3 461 178 102 51 87 432 100 30
2 50 5 1 100 0.75 3 462 179 103 43 88 433 101 31
2 50 5 1 100 0.75 3 463 180 102 40 87 436 104 29
2 50 5 1 100 0.75 3 464 182 101 42 85 439 107 27
2 50 5 1 100 0.75 3 465 184 102 44 86 440 108 29
2 50 5 1 100 0.75 3 466 186 103 52 88 441 109 30
2 50 5 1 100 0.75 3 467 188 104 49 89 442 110 32
2 50 5 1 100 0.75 3 468 189 106 49 91 442 110 34
2 50 5 1 100 0.75 3 469 189 107 51 92 443 111 34
2 50 5 1 100 0.75 3 470 194 106 50 89 445 114 31
2 50 5 1 100 0.75 3 471 195 106 44 92 446 116 29
2 50 5 1 100 0.75 3 472 196 106 47 91 448 118 29
2 50 5 1 100 0.75 3 473 198 107 51 91 449 119 29
2 50 5 1 100 0.75 3 474 201 108 45 92 450 120 29
2 50 5 1 100 0.75 3 475 201 108 40 94 452 122 29
2 50 5 1 100 0.75 3 476 202 109 43 94 453 123 30
2 50 5 1 100 0.75 3 477 203 109 33 94 455 125 32
2 50 5 1 100 0.75 3 478 204 109 54 93 457 127 32
2 50 5 1 100 0.75 3 479 206 107 39 91 461 131 28
2 50 5 1 100 0.75 3 480 207 108 48 92 462 132 27
2 50 5 1 100 0.75 3 481 208 110 53 94 462 132 30
2 50 5 1 100 0.75 3 482 210 110 57 93 464 134 30
2 50 5 1 100 0.75 3 483 213 110 59 93 466 136 31
2 50 5 1 100 0.75 3 484 215 109 45 93 469 139 28
2 50 5 1 100 0.75 3 485 217 108 49 93 472 142 28
2 50 5 1 100 0.75 3 486 220 109 42 94 473 143 27
2 50 5 1 100 0.75 3 487 221 109 42 95 475 145 28
2 50 5 1 100 0.75 3 488 222 109 43 94 477 147 27
2 50 5 1 100 0.75 3 489 222 109 45 94 479 149 25
2 50 5 1 100 0.75 3 490 225 111 37 95 479 149 27
2 50 5 1 100 0.75 3 491 225 112 43 98 480 150 29
2 50 5 1 100 0.75 3 492 227 114 39 98 480 150 30
2 50 5 1 100 0.75 3 493 229 115 53 100 480 151 31
2 50 5 1 100 0.75 3 494 230 115 44 100 482 153 31
2 50 5 1 100 0.75 3 495 230 115 50 99 484 155 29
2 50 5 1 100 0.75 3 496 233 112 42 94 489 160 26
2 50 5 1 100 0.75 3 497 234 113 50 97 490 161 28
2 50 5 1 100 0.75 3 498 235 114 52 98 491 162 27
2 50 5 1 100 0.75 3 499 237 115 49 99 491 163 28
2 50 5 1 100 0.75 3 500 240 115 46 99 493 165 27
2 50 5 1 100 0.75 3 501 241 117 44 102 493 165 29
2 50 5 1 100 0.75 3 502 243 118 43 104 493 166 28
2 50 5 1 100 0.75 3 503 244 118 43 104 495 168 28
2 50 5 1 100 0.75 3 504 246 116 38 101 499 172 25
2 50 5 1 100 0.75 3 505 249 116 45 101 501 174 24
2 50 5 1 100 0.75 3 506 250 118 43 104 501 174 25
2 50 5 1 100 0.75 3 507 252 119 45 104 501 175 27
2 50 5 1 100 0.75 3 508 252 119 47 104 503 177 26
2 50 5 1 100 0.75 3 509 254 119 46 103 505 179 26
2 50 5 1 100 0.75 3 510 254 119 46 105 507 181 27
2 50 5 1 100 0.75 3 510 254 119 119 105 533 181 27
2 50 5 1 100 0.75 3 540 254 119 119 105 383 181 27
2 50 5 1 100 0.75 4 541 0 2 2 0 383 0 0
2 50 5 1 100 0.75 4 542 0 4 4 0 383 0 0
2 50 5 1 100 0.75 4 543 0 6 6 0 383 0 0
2 50 5 1 100 0.75 4 544 0 8 8 0 383 0 0
2 50 5 1 100 0.75 4 545 0 10 10 0 383 0 0
2 50 5 1 100 0.75 4 546 0 12 12 0 383 0 0
2 50 5 1 100 0.75 4 547 1 14 13 0 383 0 0
2 50 5 1 100 0.75 4 548 1 16 14 1 383 0 0
2 50 5 1 100 0.75 4 549 3 18 14 1 383 0 0
2 50 5 1 100 0.75 4 550 5 20 12 3 383 0 0
2 50 5 1 100 0.75 4 551 6 22 12 5 383 0 0
2 50 5 1 100 0.75 4 552 9 24 12 6 383 0 0
2 50 5 1 100 0.75 4 553 12 26 10 9 383 0 0
2 50 5 1 100 0.75 4 554 14 28 11 12 383 0 1
2 50 5 1 100 0.75 4 555 17 30 6 14 383 0 1
2 50 5 1 100 0.75 4 556 18 32 12 17 383 0 2
2 50 5 1 100 0.75 4 557 21 34 13 18 383 0 4
2 50 5 1 100 0.75 4 558 24 36 11 21 383 0 4
2 50 5 1 100 0.75 4 559 26 38 13 24 383 0 5
2 50 5 1 100 0.75 4 560 26 40 20 26 381 0 5
2 50 5 1 100 0.75 4 561 26 42 24 26 381 0 8
2 50 5 1 100 0.75 4 562 29 44 17 26 381 0 9
2 50 5 1 100 0.75 4 563 32 46 23 29 381 0 12
2 50 5 1 100 0.75 4 564 34 48 22 32 381 0 15
2 50 5 1 100 0.75 4 565 35 50 24 34 381 0 17
2 50 5 1 100 0.75 4 566 36 52 25 35 381 0 18
2 50 5 1 100 0.75 4 567 40 54 23 36 381 0 19
2 50 5 1 100 0.75 4 568 41 56 21 40 381 0 19
2 50 5 1 100 0.75 4 569 43 58 22 41 381 0 19
2 50 5 1 100 0.75 4 570 46 60 36 43 381 0 24
2 50 5 1 100 0.75 4 571 49 62 32 46 381 0 25
2 50 5 1 100 0.75 4 572 51 63 36 48 382 1 24
2 50 5 1 100 0.75 4 573 53 65 34 50 382 1 25
2 50 5 1 100 0.75 4 574 54 65 34 50 384 3 24
2 50 5 1 100 0.75 4 575 56 66 31 50 385 4 24
2 50 5 1 100 0.75 4 576 57 67 32 51 385 5 24
2 50 5 1 100 0.75 4 577 60 68 34 51 386 6 24
2 50 5 1 100 0.75 4 578 60 68 31 52 388 8 23
2 50 5 1 100 0.75 4 579 63 67 31 49 391 11 23
2 50 5 1 100 0.75 4 580 63 68 40 51 392 12 22
2 50 5 1 100 0.75 4 581 67 69 36 50 392 13 23
2 50 5 1 100 0.75 4 582 68 68 40 51 395 16 22
2 50 5 1 100 0.75 4 583 71 69 30 51 396 17 21
2 50 5 1 100 0.75 4 584 75 71 36 54 396 17 23
2 50 5 1 100 0.75 4 585 76 72 30 57 397 18 23
2 50 5 1 100 0.75 4 586 78 72 33 56 399 20 23
2 50 5 1 100 0.75 4 587 80 74 37 59 399 20 24
2 50 5 1 100 0.75 4 588 80 73 36 58 402 23 24
2 50 5 1 100 0.75 4 589 83 73 41 56 404 25 22
2 50 5 1 100 0.75 4 590 84 74 32 58 405 26 23
2 50 5 1 100 0.75 4 591 86 76 35 59 405 26 25
2 50 5 1 100 0.75 4 592 88 78 42 61 405 26 27
2 50 5 1 100 0.75 4 593 89 79 41 62 406 27 28
2 50 5 1 100 0.75 4 594 91 79 43 61 408 29 28
2 50 5 1 100 0.75 4 595 96 80 40 62 409 30 27
2 50 5 1 100 0.75 4 596 97 80 44 65 411 32 26
2 50 5 1 100 0.75 4 597 100 81 40 65 412 33 25
2 50 5 1 100 0.75 4 598 101 80 38 65 415 36 22
2 50 5 1 100 0.75 4 599 104 81 34 65 416 37 24
2 50 5 1 100 0.75 4 600 105 81 39 66 418 39 24
2 50 5 1 100 0.75 4 601 108 83 37 67 418 39 24
2 50 5 1 100 0.75 4 602 109 83 42 68 420 41 24
2 50 5 1 100 0.75 4 603 112 81 38 65 424 45 23
2 50 5 1 100 0.75 4 604 114 82 43 67 425 46 24
2 50 5 1 100 0.75 4 605 116 83 34 68 426 47 26
2 50 5 1 100 0.75 4 606 118 84 39 69 427 48 25
2 50 5 1 100 0.75 4 607 119 85 39 70 428 49 26
2 50 5 1 100 0.75 4 608 119 86 39 71 429 50 27
2 50 5 1 100 0.75 4 609 123 84 42 67 433 54 25
2 50 5 1 100 0.75 4 610 125 85 44 70 434 55 25
2 50 5 1 100 0.75 4 611 128 87 44 72 434 55 26
2 50 5 1 100 0.75 4 612 128 88 45 74 435 56 27
2 50 5 1 100 0.75 4 613 129 90 44 74 435 56 28
2 50 5 1 100 0.75 4 614 131 88 45 71 439 60 26
2 50 5 1 100 0.75 4 615 135 90 38 73 439 60 26
2 50 5 1 100 0.75 4 616 135 90 37 76 441 62 24
2 50 5 1 100 0.75 4 617 139 92 44 76 441 62 28
2 50 5 1 100 0.75 4 618 141 91 44 77 444 65 29
2 50 5 1 100 0.75 4 619 142 92 47 78 444 66 29
2 50 5 1 100 0.75 4 620 142 93 47 78 445 67 28
2 50 5 1 100 0.75 4 621 146 95 47 78 445 67 31
2 50 5 1 100 0.75 4 622 148 95 48 80 447 69 31
2 50 5 1 100 0.75 4 623 149 95 54 80 449 71 29
2 50 5 1 100 0.75 4 624 152 93 38 77 453 75 27
2 50 5 1 100 0.75 4 625 152 95 46 80 452 75 30
2 50 5 1 100 0.75 4 626 154 96 47 81 453 76 31
2 50 5 1 100 0.75 4 627 156 94 46 79 457 80 27
2 50 5 1 100 0.75 4 628 156 93 44 78 460 83 25
2 50 5 1 100 0.75 4 629 159 94 39 78 461 84 26
2 50 5 1 100 0.75 4 630 160 94 47 79 463 86 25
2 50 5 1 100 0.75 4 631 162 96 50 80 463 86 26
2 50 5 1 100 0.75 4 632 164 97 51 82 464 87 27
2 50 5 1 100 0.75 4 633 166 99 51 84 464 87 28
2 50 5 1 100 0.75 4 634 167 98 45 83 467 90 25
2 50 5 1 100 0.75 4 635 168 99 54 83 467 91 24
2 50 5 1 100 0.75 4 636 170 98 46 83 470 94 22
2 50 5 1 100 0.75 4 637 172 99 49 84 470 95 22
2 50 5 1 100 0.75 4 638 174 98 41 84 473 98 21
2 50 5 1 100 0.75 4 639 176 99 43 85 474 99 21
2 50 5 1 100 0.75 4 640 176 97 38 83 478 103 18
2 50 5 1 100 0.75 4 641 179 99 44 83 478 103 18
2 50 5 1 100 0.75 4 642 182 101 45 86 478 103 21
2 50 5 1 100 0.75 4 643 183 99 44 85 482 107 20
2 50 5 1 100 0.75 4 644 185 101 44 86 482 107 20
2 50 5 1 100 0.75 4 645 187 101 49 86 484 109 23
2 50 5 1 100 0.75 4 646 188 103 40 89 484 109 24
2 50 5 1 100 0.75 4 647 189 104 41 89 485 110 24
2 50 5 1 100 0.75 4 648 190 104 44 88 487 112 25
2 50 5 1 100 0.75 4 649 194 105 44 89 488 113 26
2 50 5 1 100 0.75 4 650 194 107 41 93 488 113 26
2 50 5 1 100 0.75 4 651 195 107 42 92 490 115 25
2 50 5 1 100 0.75 4 652 196 108 44 93 491 116 26
2 50 5 1 100 0.75 4 653 197 109 48 94 492 117 28
2 50 5 1 100 0.75 4 654 200 111 49 95 492 117 28
2 50 5 1 100 0.75 4 655 201 113 55 98 492 117 29
2 50 5 1 100 0.75 4 656 203 113 51 97 494 119 29
2 50 5 1 100 0.75 4 657 204 114 58 98 495 120 30
2 50 5 1 100 0.75 4 658 206 115 54 98 496 121 30
2 50 5 1 100 0.75 4 659 208 115 55 100 498 123 30
2 50 5 1 100 0.75 4 660 209 115 57 100 500 125 29
2 50 5 1 100 0.75 4 661 210 117 54 102 500 125 32
2 50 5 1 100 0.75 4 662 212 116 60 100 503 128 30
2 50 5 1 100 0.75 4 663 215 115 51 99 505 131 29
2 50 5 1 100 0.75 4 664 217 116 52 101 505 132 29
2 50 5 1 100 0.75 4 665 218 114 56 99 509 136 29
2 50 5 1 100 0.75 4 666 220 114 50 99 511 138 27
2 50 5 1 100 0.75 4 667 222 116 54 101 511 138 30
2 50 5 1 100 0.75 4 668 222 117 53 102 512 139 31
2 50 5 1 100 0.75 4 669 226 118 43 102 513 140 31
2 50 5 1 100 0.75 4 670 227 119 57 105 513 141 31
2 50 5 1 100 0.75 4 671 228 117 55 102 516 145 29
2 50 5 1 100 0.75 4 672 230 116 58 100 519 148 27
2 50 5 1 100 0.75 4 673 231 118 56 103 518 148 29
2 50 5 1 100 0.75 4 674 231 119 51 104 519 149 30
2 50 5 1 100 0.75 4 675 232 118 57 103 522 152 29
2 50 5 1 100 0.75 4 676 234 118 45 103 524 154 30
2 50 5 1 100 0.75 4 677 236 119 53 104 525 155 30
2 50 5 1 100 0.75 4 678 237 121 56 106 524 155 30
2 50 5 1 100 0.75 4 679 238 122 50 107 524 156 31
2 50 5 1 100 0.75 4 680 239 119 53 104 529 161 27
2 50 5 1 100 0.75 4 681 241 121 49 105 529 161 28
2 50 5 1 100 0.75 4 682 241 121 54 106 531 163 28
2 50 5 1 100 0.75 4 683 243 120 46 104 534 166 25
2 50 5 1 100 0.75 4 684 245 120 59 105 536 168 25
2 50 5 1 100 0.75 4 685 246 122 49 107 536 168 27
2 50 5 1 100 0.75 4 686 248 123 57 108 537 169 29
2 50 5 1 100 0.75 4 687 248 124 49 109 538 170 28
2 50 5 1 100 0.75 4 688 252 122 59 105 542 174 25
2 50 5 1 100 0.75 4 689 253 122 47 107 544 176 27
2 50 5 1 100 0.75 4 690 254 121 57 106 547 179 24
2 50 5 1 100 0.75 4 690 254 121 121 106 571 179 24
2 50 5 1 100 0.75 4 720 254 121 121 106 400 179 24
2 50 5 1 100 0.75 5 721 0 2 2 0 400 0 0
2 50 5 1 100 0.75 5 722 0 4 4 0 400 0 0
2 50 5 1 100 0.75 5 723 0 6 6 0 400 0 0
2 50 5 1 100 0.75 5 724 0 8 8 0 400 0 0
2 50 5 1 100 0.75 5 725 0 10 10 0 400 0 0
2 50 5 1 100 0.75 5 726 0 12 10 0 400 0 0
2 50 5 1 100 0.75 5 727 1 14 13 0 400 0 0
2 50 5 1 100 0.75 5 728 1 16 13 1 400 0 0
2 50 5 1 100 0.75 5 729 3 18 13 1 400 0 0
2 50 5 1 100 0.75 5 730 4 20 14 3 400 0 0
2 50 5 1 100 0.75 5 731 4 22 12 4 400 0 0
2 50 5 1 100 0.75 5 732 8 24 12 4 400 0 0
2 50 5 1 100 0.75 5 733 9 26 14 8 400 0 0
2 50 5 1 100 0.75 5 734 15 28 11 9 400 0 1
2 50 5 1 100 0.75 5 735 15 30 12 15 400 0 1
2 50 5 1 100 0.75 5 736 18 32 14 15 400 0 3
2 50 5 1 100 0.75 5 737 20 34 13 18 400 0 4
2 50 5 1 100 0.75 5 738 22 36 12 20 400 0 4
2 50 5 1 100 0.75 5 739 25 38 14 22 400 0 5
2 50 5 1 100 0.75 5 740 25 40 18 25 400 0 7
2 50 5 1 100 0.75 5 741 28 42 17 25 400 0 11
2 50 5 1 100 0.75 5 742 30 44 15 28 400 0 14
2 50 5 1 100 0.75 5 743 32 46 21 30 400 0 15
2 50 5 1 100 0.75 5 744 34 48 24 32 400 0 17
2 50 5 1 100 0.75 5 745 37 50 24 34 399 0 17
2 50 5 1 100 0.75 5 746 38 52 28 37 399 0 18
2 50 5 1 100 0.75 5 747 41 54 29 38 399 0 19
2 50 5 1 100 0.75 5 748 41 56 27 41 399 0 19
2 50 5 1 100 0.75 5 749 43 58 36 41 399 0 22
2 50 5 1 100 0.75 5 750 45 60 32 43 399 0 23
2 50 5 1 100 0.75 5 751 47 62 33 45 399 0 25
2 50 5 1 100 0.75 5 752 48 63 37 46 400 1 26
2 50 5 1 100 0.75 5 753 51 64 41 46 401 2 26
2 50 5 1 100 0.75 5 754 54 66 38 49 401 2 27
2 50 5 1 100 0.75 5 755 57 66 34 50 403 4 26
2 50 5 1 100 0.75 5 756 59 66 24 51 405 6 25
2 50 5 1 100 0.75 5 757 59 67 34 52 406 7 25
2 50 5 1 100 0.75 5 758 62 65 33 48 410 11 24
2 50 5 1 100 0.75 5 759 65 65 32 49 412 13 22
2 50 5 1 100 0.75 5 760 66 65 37 50 414 15 21
2 50 5 1 100 0.75 5 761 69 65 32 49 416 17 21
2 50 5 1 100 0.75 5 762 71 66 29 51 416 18 22
2 50 5 1 100 0.75 5 763 71 68 36 53 416 18 25
2 50 5 1 100 0.75 5 764 76 70 33 53 416 18 26
2 50 5 1 100 0.75 5 765 77 71 31 57 417 19 27
2 50 5 1 100 0.75 5 766 78 73 35 58 417 19 28
2 50 5 1 100 0.75 5 767 81 74 32 58 418 20 28
2 50 5 1 100 0.75 5 768 82 74 42 59 420 22 27
2 50 5 1 100 0.75 5 769 84 73 32 57 422 25 26
2 50 5 1 100 0.75 5 770 86 75 37 59 422 25 27
2 50 5 1 100 0.75 5 771 86 74 36 58 425 28 25
2 50 5 1 100 0.75 5 772 88 75 40 57 426 29 28
2 50 5 1 100 0.75 5 773 92 75 32 57 428 31 26
2 50 5 1 100 0.75 5 774 92 76 32 60 429 32 25
2 50 5 1 100 0.75 5 775 95 77 35 60 430 33 26
2 50 5 1 100 0.75 5 776 97 79 37 64 430 33 28
2 50 5 1 100 0.75 5 777 98 81 31 66 430 33 29
2 50 5 1 100 0.75 5 778 100 79 38 63 434 37 27
2 50 5 1 100 0.75 5 779 102 79 34 63 436 39 27
2 50 5 1 100 0.75 5 780 104 80 39 64 436 40 28
2 50 5 1 100 0.75 5 781 107 76 32 60 442 46 24
2 50 5 1 100 0.75 5 782 110 77 34 62 443 47 24
2 50 5 1 100 0.75 5 783 111 78 40 64 444 48 26
2 50 5 1 100 0.75 5 784 111 80 36 65 444 48 27
2 50 5 1 100 0.75 5 785 114 79 34 63 446 51 25
2 50 5 1 100 0.75 5 786 115 80 32 65 447 52 26
2 50 5 1 100 0.75 5 787 118 81 33 65 448 53 27
2 50 5 1 100 0.75 5 788 120 83 41 68 448 53 31
2 50 5 1 100 0.75 5 789 122 85 40 70 448 53 31
2 50 5 1 100 0.75 5 790 123 86 37 71 449 54 32
2 50 5 1 100 0.75 5 791 125 87 39 72 450 55 33
2 50 5 1 100 0.75 5 792 125 85 40 70 454 59 32
2 50 5 1 100 0.75 5 793 126 87 44 71 454 59 33
2 50 5 1 100 0.75 5 794 130 86 39 69 457 62 31
2 50 5 1 100 0.75 5 795 131 87 44 72 458 63 32
2 50 5 1 100 0.75 5 796 134 87 39 71 460 65 31
2 50 5 1 100 0.75 5 797 135 87 38 72 462 67 32
2 50 5 1 100 0.75 5 798 137 88 36 72 463 68 31
2 50 5 1 100 0.75 5 799 140 89 39 73 464 69 30
2 50 5 1 100 0.75 5 800 142 90 44 75 465 70 29
2 50 5 1 100 0.75 5 801 143 87 37 72 470 75 25
2 50 5 1 100 0.75 5 802 145 88 31 72 470 76 28
2 50 5 1 100 0.75 5 803 146 88 37 73 472 78 28
2 50 5 1 100 0.75 5 804 147 89 43 73 473 79 28
2 50 5 1 100 0.75 5 805 149 89 43 72 475 81 29
2 50 5 1 100 0.75 5 806 150 89 31 73 477 83 28
2 50 5 1 100 0.75 5 807 153 89 41 72 479 85 28
2 50 5 1 100 0.75 5 808 155 88 31 72 482 88 25
2 50 5 1 100 0.75 5 809 158 90 36 74 481 88 27
2 50 5 1 100 0.75 5 810 158 89 38 75 484 91 26
2 50 5 1 100 0.75 5 811 160 89 43 73 486 93 25
2 50 5 1 100 0.75 5 812 163 90 29 74 487 94 27
2 50 5 1 100 0.75 5 813 163 91 35 76 488 95 26
2 50 5 1 100 0.75 5 814 167 91 28 74 490 97 27
2 50 5 1 100 0.75 5 815 169 92 34 77 491 98 27
2 50 5 1 100 0.75 5 816 171 93 34 78 492 99 29
2 50 5 1 100 0.75 5 817 172 93 35 79 494 101 30
2 50 5 1 100 0.75 5 818 172 94 42 79 495 102 31
2 50 5 1 100 0.75 5 819 174 95 31 78 496 103 32
2 50 5 1 100 0.75 5 820 174 97 41 82 495 103 33
2 50 5 1 100 0.75 5 821 175 96 43 80 498 106 31
2 50 5 1 100 0.75 5 822 176 96 43 80 500 108 32
2 50 5 1 100 0.75 5 823 177 94 39 78 504 112 28
2 50 5 1 100 0.75 5 824 180 95 41 78 505 113 29
2 50 5 1 100 0.75 5 825 182 95 33 79 507 115 28
2 50 5 1 100 0.75 5 826 183 97 33 83 507 115 30
2 50 5 1 100 0.75 5 827 184 97 32 82 508 117 30
2 50 5 1 100 0.75 5 828 187 99 36 83 508 117 32
2 50 5 1 100 0.75 5 829 188 98 38 83 511 120 30
2 50 5 1 100 0.75 5 830 190 99 35 83 512 121 30
2 50 5 1 100 0.75 5 831 192 98 40 82 515 124 27
2 50 5 1 100 0.75 5 832 193 99 34 83 516 125 30
2 50 5 1 100 0.75 5 833 193 98 35 82 518 128 31
2 50 5 1 100 0.75 5 834 194 100 38 85 518 128 31
2 50 5 1 100 0.75 5 835 196 102 37 86 518 128 31
2 50 5 1 100 0.75 5 836 197 103 40 87 519 129 31
2 50 5 1 100 0.75 5 837 198 101 42 86 523 133 29
2 50 5 1 100 0.75 5 838 200 100 38 84 526 136 27
2 50 5 1 100 0.75 5 839 202 98 36 83 529 140 23
2 50 5 1 100 0.75 5 840 204 100 30 85 529 140 26
2 50 5 1 100 0.75 5 841 206 100 32 85 531 142 25
2 50 5 1 100 0.75 5 842 206 100 31 85 533 144 25
2 50 5 1 100 0.75 5 843 209 99 29 83 536 147 23
2 50 5 1 100 0.75 5 844 211 101 35 86 536 147 24
2 50 5 1 100 0.75 5 845 212 101 32 86 538 149 24
2 50 5 1 100 0.75 5 846 213 102 34 86 539 150 25
2 50 5 1 100 0.75 5 847 215 103 35 87 540 151 25
2 50 5 1 100 0.75 5 848 217 102 34 87 543 154 24
2 50 5 1 100 0.75 5 849 218 103 34 88 544 155 24
2 50 5 1 100 0.75 5 850 219 105 39 90 544 155 25
2 50 5 1 100 0.75 5 851 221 105 35 90 546 157 24
2 50 5 1 100 0.75 5 852 221 106 41 91 547 158 24
2 50 5 1 100 0.75 5 853 223 106 33 90 549 160 23
2 50 5 1 100 0.75 5 854 224 108 38 93 548 160 25
2 50 5 1 100 0.75 5 855 225 109 33 94 549 161 26
2 50 5 1 100 0.75 5 856 227 108 34 92 552 164 25
2 50 5 1 100 0.75 5 857 228 109 39 94 553 165 25
2 50 5 1 100 0.75 5 858 229 109 45 93 555 167 25
2 50 5 1 100 0.75 5 859 230 108 38 94 558 170 23
2 50 5 1 100 0.75 5 860 231 108 41 93 560 172 23
2 50 5 1 100 0.75 5 861 234 110 39 94 560 172 25
2 50 5 1 100 0.75 5 862 234 111 36 97 561 173 25
2 50 5 1 100 0.75 5 863 235 113 37 98 561 173 27
2 50 5 1 100 0.75 5 864 238 113 37 97 563 175 26
2 50 5 1 100 0.75 5 865 238 114 43 99 564 176 26
2 50 5 1 100 0.75 5 866 241 114 37 98 566 178 27
2 50 5 1 100 0.75 5 867 242 115 42 100 567 179 26
2 50 5 1 100 0.75 5 868 243 116 40 102 568 180 28
2 50 5 1 100 0.75 5 869 244 117 48 103 569 181 29
2 50 5 1 100 0.75 5 870 245 117 46 102 571 183 27
2 50 5 1 100 0.75 5 870 245 117 117 102 597 183 27
2 50 5 1 100 0.75 5 900 245 117 117 102 417 183 27
2 50 5 1 100 0.75 6 901 0 2 2 0 417 0 0
2 50 5 1 100 0.75 6 902 0 4 4 0 417 0 0
2 50 5 1 100 0.75 6 903 0 6 6 0 417 0 0
2 50 5 1 100 0.75 6 904 0 8 8 0 417 0 0
2 50 5 1 100 0.75 6 905 0 10 10 0 417 0 0
2 50 5 1 100 0.75 6 906 0 12 12 0 417 0 0
2 50 5 1 100 0.75 6 907 0 14 14 0 417 0 0
2 50 5 1 100 0.75 6 908 2 16 13 0 417 0 0
2 50 5 1 100 0.75 6 909 3 18 13 2 417 0 0
2 50 5 1 100 0.75 6 910 6 20 11 3 416 0 0
2 50 5 1 100 0.75 6 911 8 22 10 6 416 0 0
2 50 5 1 100 0.75 6 912 10 24 11 8 416 0 0
2 50 5 1 100 0.75 6 913 13 26 9 10 416 0 0
2 50 5 1 100 0.75 6 914 14 28 12 13 415 0 0
2 50 5 1 100 0.75 6 915 16 30 12 14 415 0 0
2 50 5 1 100 0.75 6 916 18 32 13 16 415 0 1
2 50 5 1 100 0.75 6 917 19 34 13 18 415 0 3
2 50 5 1 100 0.75 6 918 20 36 19 19 415 0 7
2 50 5 1 100 0.75 6 919 20 38 23 20 414 0 7
2 50 5 1 100 0.75 6 920 24 40 22 20 414 0 9
2 50 5 1 100 0.75 6 921 25 42 22 24 414 0 10
2 50 5 1 100 0.75 6 922 26 44 29 25 414 0 12
2 50 5 1 100 0.75 6 923 28 46 26 26 414 0 12
2 50 5 1 100 0.75 6 924 29 48 27 28 414 0 14
2 50 5 1 100 0.75 6 925 32 50 27 29 414 0 15
2 50 5 1 100 0.75 6 926 33 52 29 32 413 0 15
2 50 5 1 100 0.75 6 927 37 54 23 33 413 0 18
2 50 5 1 100 0.75 6 928 40 56 25 37 413 0 20
2 50 5 1 100 0.75 6 929 44 58 29 40 413 0 21
2 50 5 1 100 0.75 6 930 46 60 29 44 411 0 23
2 50 5 1 100 0.75 6 931 49 62 29 46 411 0 23
2 50 5 1 100 0.75 6 932 51 63 29 48 412 1 25
2 50 5 1 100 0.75 6 933 54 65 24 50 411 1 26
2 50 5 1 100 0.75 6 934 55 66 23 52 412 2 25
2 50 5 1 100 0.75 6 935 56 67 32 52 413 3 27
2 50 5 1 100 0.75 6 936 58 67 28 51 415 5 27
2 50 5 1 100 0.75 6 937 59 69 35 53 415 5 29
2 50 5 1 100 0.75 6 938 60 68 31 51 418 8 27
2 50 5 1 100 0.75 6 939 63 68 34 50 420 10 26
2 50 5 1 100 0.75 6 940 66 69 40 52 421 11 27
2 50 5 1 100 0.75 6 941 68 68 32 52 424 14 26
2 50 5 1 100 0.75 6 942 70 70 38 54 424 14 27
2 50 5 1 100 0.75 6 943 72 71 35 55 425 15 28
2 50 5 1 100 0.75 6 944 74 71 33 55 427 17 26
2 50 5 1 100 0.75 6 945 76 71 38 55 429 19 26
2 50 5 1 100 0.75 6 946 77 73 35 57 429 19 26
2 50 5 1 100 0.75 6 947 80 74 30 57 430 20 28
2 50 5 1 100 0.75 6 948 82 74 39 58 430 22 28
2 50 5 1 100 0.75 6 949 84 75 34 59 431 23 27
2 50 5 1 100 0.75 6 950 86 76 39 60 432 24 27
2 50 5 1 100 0.75 6 951 88 77 39 62 433 25 27
2 50 5 1 100 0.75 6 952 90 75 27 60 437 29 24
2 50 5 1 100 0.75 6 953 91 77 42 62 437 29 26
2 50 5 1 100 0.75 6 954 93 75 31 59 440 33 22
2 50 5 1 100 0.75 6 955 95 76 39 61 441 34 24
2 50 5 1 100 0.75 6 956 97 77 31 62 442 35 25
2 50 5 1 100 0.75 6 957 99 76 30 61 445 38 22
2 50 5 1 100 0.75 6 958 101 76 32 61 447 40 23
2 50 5 1 100 0.75 6 959 102 78 37 63 447 40 25
2 50 5 1 100 0.75 6 960 104 78 39 62 449 42 25
2 50 5 1 100 0.75 6 961 108 80 37 64 449 42 26
2 50 5 1 100 0.75 6 962 109 82 37 68 449 42 27
2 50 5 1 100 0.75 6 963 110 79 31 64 454 47 23
2 50 5 1 100 0.75 6 964 112 80 35 64 455 48 25
2 50 5 1 100 0.75 6 965 114 81 33 65 456 49 24
2 50 5 1 100 0.75 6 966 116 82 36 66 457 50 23
2 50 5 1 100 0.75 6 967 117 83 35 67 458 51 24
2 50 5 1 100 0.75 6 968 119 85 39 69 458 51 25
2 50 5 1 100 0.75 6 969 121 87 39 71 457 51 28
2 50 5 1 100 0.75 6 970 122 87 34 72 459 53 27
2 50 5 1 100 0.75 6 971 123 87 39 72 461 55 25
2 50 5 1 100 0.75 6 972 126 89 35 73 461 55 26
2 50 5 1 100 0.75 6 973 126 88 31 74 464 58 26
2 50 5 1 100 0.75 6 974 128 87 35 71 467 61 25
2 50 5 1 100 0.75 6 975 132 88 28 72 468 62 25
2 50 5 1 100 0.75 6 976 133 87 29 73 471 65 26
2 50 5 1 100 0.75 6 977 134 89 34 74 471 65 28
2 50 5 1 100 0.75 6 978 135 90 33 74 472 66 28
2 50 5 1 100 0.75 6 979 137 90 38 74 473 68 27
2 50 5 1 100 0.75 6 980 139 90 36 75 475 70 27
2 50 5 1 100 0.75 6 981 142 91 30 76 475 71 27
2 50 5 1 100 0.75 6 982 142 93 32 79 475 71 29
2 50 5 1 100 0.75 6 983 145 94 37 78 475 72 31
2 50 5 1 100 0.75 6 984 147 95 33 80 476 73 30
2 50 5 1 100 0.75 6 985 148 96 39 81 477 74 31
2 50 5 1 100 0.75 6 986 149 96 36 80 479 76 32
2 50 5 1 100 0.75 6 987 151 97 36 81 480 77 31
2 50 5 1 100 0.75 6 988 154 96 33 80 482 80 31
2 50 5 1 100 0.75 6 989 156 96 32 81 484 82 30
2 50 5 1 100 0.75 6 990 157 98 37 84 484 82 32
2 50 5 1 100 0.75 6 991 158 98 38 83 486 84 33
2 50 5 1 100 0.75 6 992 159 97 33 82 489 87 30
2 50 5 1 100 0.75 6 993 161 96 34 81 491 90 27
2 50 5 1 100 0.75 6 994 163 98 33 83 491 90 28
2 50 5 1 100 0.75 6 995 165 95 33 80 496 95 24
2 50 5 1 100 0.75 6 996 166 96 39 81 497 96 26
2 50 5 1 100 0.75 6 997 167 96 34 81 497 98 28
2 50 5 1 100 0.75 6 998 170 97 38 81 498 99 28
2 50 5 1 100 0.75 6 999 170 99 36 84 498 99 29
2 50 5 1 100 0.75 6 1000 172 99 45 82 499 101 29
2 50 5 1 100 0.75 6 1001 174 101 43 85 499 101 30
2 50 5 1 100 0.75 6 1002 175 99 39 83 503 105 27
2 50 5 1 100 0.75 6 1003 178 99 36 83 505 107 28
2 50 5 1 100 0.75 6 1004 179 100 41 85 506 108 28
2 50 5 1 100 0.75 6 1005 181 100 35 84 508 110 27
2 50 5 1 100 0.75 6 1006 184 101 39 85 509 111 27
2 50 5 1 100 0.75 6 1007 185 101 40 87 511 113 26
2 50 5 1 100 0.75 6 1008 186 103 45 89 511 113 30
2 50 5 1 100 0.75 6 1009 187 104 35 89 511 114 30
2 50 5 1 100 0.75 6 1010 188 103 40 87 514 117 30
2 50 5 1 100 0.75 6 1011 192 103 40 86 515 119 29
2 50 5 1 100 0.75 6 1012 193 105 39 91 515 119 30
2 50 5 1 100 0.75 6 1013 193 105 36 90 517 121 31
2 50 5 1 100 0.75 6 1014 196 105 43 88 519 123 33
2 50 5 1 100 0.75 6 1015 197 105 36 90 521 125 31
2 50 5 1 100 0.75 6 1016 198 105 40 89 523 127 31
2 50 5 1 100 0.75 6 1017 201 104 33 87 526 130 28
2 50 5 1 100 0.75 6 1018 203 105 35 89 527 131 29
2 50 5 1 100 0.75 6 1019 204 106 44 90 528 132 30
2 50 5 1 100 0.75 6 1020 205 107 43 90 528 133 30
2 50 5 1 100 0.75 6 1021 210 106 38 88 531 136 29
2 50 5 1 100 0.75 6 1022 210 107 40 93 531 137 30
2 50 5 1 100 0.75 6 1023 211 107 36 91 533 139 28
2 50 5 1 100 0.75 6 1024 212 107 36 91 535 141 28
2 50 5 1 100 0.75 6 1025 215 107 33 90 537 143 28
2 50 5 1 100 0.75 6 1026 217 107 38 92 539 145 27
2 50 5 1 100 0.75 6 1027 219 109 34 94 539 145 29
2 50 5 1 100 0.75 6 1028 219 109 42 95 541 147 29
2 50 5 1 100 0.75 6 1029 221 110 51 94 542 148 30
2 50 5 1 100 0.75 6 1030 224 107 33 91 547 153 25
2 50 5 1 100 0.75 6 1031 226 109 39 94 547 153 27
2 50 5 1 100 0.75 6 1032 228 108 30 93 550 156 27
2 50 5 1 100 0.75 6 1033 231 108 33 93 552 158 26
2 50 5 1 100 0.75 6 1034 232 109 38 95 552 159 27
2 50 5 1 100 0.75 6 1035 234 111 36 96 552 159 29
2 50 5 1 100 0.75 6 1036 235 112 40 97 553 160 28
2 50 5 1 100 0.75 6 1037 236 114 33 99 552 160 30
2 50 5 1 100 0.75 6 1038 238 114 38 99 554 162 31
2 50 5 1 100 0.75 6 1039 239 113 37 99 557 165 28
2 50 5 1 100 0.75 6 1040 240 112 35 97 560 168 26
2 50 5 1 100 0.75 6 1041 243 112 35 96 562 170 26
2 50 5 1 100 0.75 6 1042 243 113 38 99 563 171 26
2 50 5 1 100 0.75 6 1043 243 114 33 98 563 172 26
2 50 5 1 100 0.75 6 1044 245 113 37 97 565 175 25
2 50 5 1 100 0.75 6 1045 246 114 42 99 566 176 24
2 50 5 1 100 0.75 6 1046 248 116 47 101 566 176 26
2 50 5 1 100 0.75 6 1047 250 116 34 101 568 178 25
2 50 5 1 100 0.75 6 1048 251 115 41 101 571 181 27
2 50 5 1 100 0.75 6 1049 252 114 39 99 574 184 24
2 50 5 1 100 0.75 6 1050 254 115 37 100 575 185 23
2 50 5 1 100 0.75 6 1050 254 115 115 100 598 185 23
2 50 5 1 100 0.75 6 1080 254 115 115 100 406 185 23
2 50 5 1 100 0.75 7 1081 0 2 2 0 406 0 0
2 50 5 1 100 0.75 7 1082 0 4 4 0 406 0 0
2 50 5 1 100 0.75 7 1083 0 6 6 0 406 0 0
2 50 5 1 100 0.75 7 1084 0 8 8 0 406 0 0
2 50 5 1 100 0.75 7 1085 0 10 10 0 406 0 0
2 50 5 1 100 0.75 7 1086 0 12 12 0 406 0 0
2 50 5 1 100 0.75 7 1087 0 14 12 0 406 0 0
2 50 5 1 100 0.75 7 1088 0 16 15 0 406 0 0
2 50 5 1 100 0.75 7 1089 2 18 15 0 406 0 0
2 50 5 1 100 0.75 7 1090 3 20 15 2 406 0 0
2 50 5 1 100 0.75 7 1091 7 22 13 3 406 0 0
2 50 5 1 100 0.75 7 1092 7 24 14 7 406 0 0
2 50 5 1 100 0.75 7 1093 12 26 10 7 406 0 0
2 50 5 1 100 0.75 7 1094 14 28 7 12 406 0 0
2 50 5 1 100 0.75 7 1095 18 30 8 14 406 0 0
2 50 5 1 100 0.75 7 1096 19 32 7 18 406 0 1
2 50 5 1 100 0.75 7 1097 20 34 8 19 406 0 3
2 50 5 1 100 0.75 7 1098 24 36 12 20 406 0 5
2 50 5 1 100 0.75 7 1099 25 38 15 24 406 0 7
2 50 5 1 100 0.75 7 1100 27 40 14 25 406 0 8
2 50 5 1 100 0.75 7 1101 28 42 22 27 406 0 10
2 50 5 1 100 0.75 7 1102 30 44 17 28 406 0 11
2 50 5 1 100 0.75 7 1103 32 46 25 30 406 0 11
2 50 5 1 100 0.75 7 1104 36 48 18 32 406 0 12
2 50 5 1 100 0.75 7 1105 36 50 21 36 406 0 14
2 50 5 1 100 0.75 7 1106 40 52 22 36 405 0 15
2 50 5 1 100 0.75 7 1107 41 54 25 40 405 0 18
2 50 5 1 100 0.75 7 1108 43 56 27 41 405 0 18
2 50 5 1 100 0.75 7 1109 45 58 26 43 405 0 21
2 50 5 1 100 0.75 7 1110 46 60 24 45 405 0 22
2 50 5 1 100 0.75 7 1111 46 62 32 46 404 0 24
2 50 5 1 100 0.75 7 1112 50 63 30 45 405 1 26
2 50 5 1 100 0.75 7 1113 52 64 33 48 406 2 26
2 50 5 1 100 0.75 7 1114 54 65 35 49 407 3 26
2 50 5 1 100 0.75 7 1115 58 64 28 48 410 6 24
2 50 5 1 100 0.75 7 1116 58 65 34 51 411 7 23
2 50 5 1 100 0.75 7 1117 61 67 31 51 411 7 25
2 50 5 1 100 0.75 7 1118 63 67 28 52 413 9 24
2 50 5 1 100 0.75 7 1119 66 68 27 53 414 10 23
2 50 5 1 100 0.75 7 1120 67 69 33 55 415 11 25
2 50 5 1 100 0.75 7 1121 69 70 34 55 416 12 24
2 50 5 1 100 0.75 7 1122 70 70 37 55 418 14 26
2 50 5 1 100 0.75 7 1123 73 70 35 54 420 16 25
2 50 5 1 100 0.75 7 1124 74 71 34 56 421 17 25
2 50 5 1 100 0.75 7 1125 75 73 35 57 421 17 27
2 50 5 1 100 0.75 7 1126 78 72 36 55 424 20 26
2 50 5 1 100 0.75 7 1127 78 72 33 56 426 22 27
2 50 5 1 100 0.75 7 1128 81 73 36 55 426 23 26
2 50 5 1 100 0.75 7 1129 82 72 25 55 429 26 25
2 50 5 1 100 0.75 7 1130 87 72 31 54 431 28 25
2 50 5 1 100 0.75 7 1131 89 73 39 58 432 29 25
2 50 5 1 100 0.75 7 1132 92 73 32 58 434 31 25
2 50 5 1 100 0.75 7 1133 93 75 32 61 434 31 26
2 50 5 1 100 0.75 7 1134 95 77 34 62 434 31 27
2 50 5 1 100 0.75 7 1135 95 78 41 64 435 32 29
2 50 5 1 100 0.75 7 1136 97 80 40 64 435 32 29
2 50 5 1 100 0.75 7 1137 98 81 34 65 436 33 31
2 50 5 1 100 0.75 7 1138 99 81 44 64 438 35 31
2 50 5 1 100 0.75 7 1139 101 82 39 65 439 36 32
2 50 5 1 100 0.75 7 1140 104 82 40 65 440 38 33
2 50 5 1 100 0.75 7 1141 106 82 38 66 442 40 32
2 50 5 1 100 0.75 7 1142 107 80 34 64 446 44 29
2 50 5 1 100 0.75 7 1143 109 80 40 63 448 46 29
2 50 5 1 100 0.75 7 1144 111 81 37 64 449 47 29
2 50 5 1 100 0.75 7 1145 114 81 37 64 451 49 28
2 50 5 1 100 0.75 7 1146 116 83 45 67 451 49 31
2 50 5 1 100 0.75 7 1147 119 83 35 67 453 51 31
2 50 5 1 100 0.75 7 1148 121 83 36 69 455 53 31
2 50 5 1 100 0.75 7 1149 122 85 40 71 455 53 32
2 50 5 1 100 0.75 7 1150 122 83 38 68 459 57 28
2 50 5 1 100 0.75 7 1151 125 85 41 68 459 57 31
2 50 5 1 100 0.75 7 1152 127 84 35 68 461 60 29
2 50 5 1 100 0.75 7 1153 129 84 32 68 463 62 28
2 50 5 1 100 0.75 7 1154 131 85 35 69 464 63 32
2 50 5 1 100 0.75 7 1155 134 87 38 71 464 63 33
2 50 5 1 100 0.75 7 1156 135 86 39 71 467 66 31
2 50 5 1 100 0.75 7 1157 137 86 38 70 469 68 29
2 50 5 1 100 0.75 7 1158 140 86 37 70 471 70 29
2 50 5 1 100 0.75 7 1159 142 86 37 71 473 72 29
2 50 5 1 100 0.75 7 1160 143 87 33 73 474 73 30
2 50 5 1 100 0.75 7 1161 143 88 30 73 475 74 30
2 50 5 1 100 0.75 7 1162 145 86 30 70 479 78 29
2 50 5 1 100 0.75 7 1163 147 87 32 71 480 79 29
2 50 5 1 100 0.75 7 1164 148 88 37 72 481 80 29
2 50 5 1 100 0.75 7 1165 152 87 39 70 484 83 27
2 50 5 1 100 0.75 7 1166 152 89 40 75 484 83 31
2 50 5 1 100 0.75 7 1167 153 90 38 74 485 84 32
2 50 5 1 100 0.75 7 1168 155 88 33 72 489 88 28
2 50 5 1 100 0.75 7 1169 155 88 35 73 491 90 28
2 50 5 1 100 0.75 7 1170 156 89 34 73 492 91 29
2 50 5 1 100 0.75 7 1171 160 90 35 74 493 92 28
2 50 5 1 100 0.75 7 1172 161 90 39 76 495 94 30
2 50 5 1 100 0.75 7 1173 162 90 38 75 497 96 29
2 50 5 1 100 0.75 7 1174 165 91 37 75 498 97 29
2 50 5 1 100 0.75 7 1175 166 91 41 76 500 99 28
2 50 5 1 100 0.75 7 1176 170 91 32 75 502 101 27
2 50 5 1 100 0.75 7 1177 171 91 32 77 504 103 27
2 50 5 1 100 0.75 7 1178 172 91 32 76 506 105 29
2 50 5 1 100 0.75 7 1179 173 92 35 77 507 106 28
2 50 5 1 100 0.75 7 1180 173 93 36 79 508 107 28
2 50 5 1 100 0.75 7 1181 175 95 36 79 508 107 31
2 50 5 1 100 0.75 7 1182 175 94 41 80 511 110 30
2 50 5 1 100 0.75 7 1183 179 94 39 78 513 112 29
2 50 5 1 100 0.75 7 1184 180 92 40 78 517 116 28
2 50 5 1 100 0.75 7 1185 181 92 36 77 519 118 27
2 50 5 1 100 0.75 7 1186 182 94 47 78 519 118 31
2 50 5 1 100 0.75 7 1187 185 94 37 77 521 120 29
2 50 5 1 100 0.75 7 1188 187 96 39 81 521 120 30
2 50 5 1 100 0.75 7 1189 188 98 35 83 521 120 31
2 50 5 1 100 0.75 7 1190 189 95 37 80 525 125 27
2 50 5 1 100 0.75 7 1191 190 96 44 80 526 126 27
2 50 5 1 100 0.75 7 1192 194 97 36 80 527 127 26
2 50 5 1 100 0.75 7 1193 194 98 37 83 528 128 26
2 50 5 1 100 0.75 7 1194 198 98 40 81 529 130 24
2 50 5 1 100 0.75 7 1195 198 98 34 84 531 132 23
2 50 5 1 100 0.75 7 1196 202 98 35 82 533 134 22
2 50 5 1 100 0.75 7 1197 202 99 42 85 534 135 24
2 50 5 1 100 0.75 7 1198 203 99 36 83 535 137 22
2 50 5 1 100 0.75 7 1199 207 101 43 84 535 137 26
2 50 5 1 100 0.75 7 1200 209 102 33 87 536 138 26
2 50 5 1 100 0.75 7 1201 209 103 44 88 536 139 26
2 50 5 1 100 0.75 7 1202 210 103 36 88 538 141 26
2 50 5 1 100 0.75 7 1203 211 101 37 86 542 145 22
2 50 5 1 100 0.75 7 1204 214 99 40 83 545 149 20
2 50 5 1 100 0.75 7 1205 216 100 27 85 546 150 19
2 50 5 1 100 0.75 7 1206 216 102 38 88 546 150 23
2 50 5 1 100 0.75 7 1207 217 104 33 89 545 150 25
2 50 5 1 100 0.75 7 1208 217 106 44 92 545 150 26
2 50 5 1 100 0.75 7 1209 219 107 40 91 544 151 25
2 50 5 1 100 0.75 7 1210 221 108 40 93 545 152 26
2 50 5 1 100 0.75 7 1211 221 109 49 94 546 153 26
2 50 5 1 100 0.75 7 1212 224 108 35 91 549 156 27
2 50 5 1 100 0.75 7 1213 226 110 45 94 548 156 28
2 50 5 1 100 0.75 7 1214 228 111 43 95 549 157 27
2 50 5 1 100 0.75 7 1215 230 111 45 96 551 159 27
2 50 5 1 100 0.75 7 1216 232 112 52 97 552 160 27
2 50 5 1 100 0.75 7 1217 232 111 43 96 555 163 26
2 50 5 1 100 0.75 7 1218 233 112 46 97 556 164 25
2 50 5 1 100 0.75 7 1219 233 113 48 98 557 165 27
2 50 5 1 100 0.75 7 1220 237 113 46 97 559 167 25
2 50 5 1 100 0.75 7 1221 239 115 40 101 559 167 28
2 50 5 1 100 0.75 7 1222 239 113 44 99 563 171 27
2 50 5 1 100 0.75 7 1223 241 114 37 98 563 172 27
2 50 5 1 100 0.75 7 1224 242 114 44 98 565 174 25
2 50 5 1 100 0.75 7 1225 242 114 44 99 567 176 26
2 50 5 1 100 0.75 7 1226 245 114 37 97 569 178 25
2 50 5 1 100 0.75 7 1227 247 115 44 99 570 179 25
2 50 5 1 100 0.75 7 1228 249 115 43 100 571 181 25
2 50 5 1 100 0.75 7 1229 250 117 43 102 571 181 25
2 50 5 1 100 0.75 7 1230 252 118 43 102 571 182 25
2 50 5 1 100 0.75 7 1230 252 118 118 102 596 182 25
2 50 5 1 100 0.75 7 1260 252 118 118 102 405 182 25
2 50 5 1 100 0.75 8 1261 0 2 2 0 405 0 0
2 50 5 1 100 0.75 8 1262 0 4 4 0 405 0 0
2 50 5 1 100 0.75 8 1263 0 6 6 0 405 0 0
2 50 5 1 100 0.75 8 1264 0 8 8 0 405 0 0
2 50 5 1 100 0.75 8 1265 0 10 10 0 405 0 0
2 50 5 1 100 0.75 8 1266 0 12 12 0 405 0 0
2 50 5 1 100 0.75 8 1267 0 14 14 0 405 0 0
2 50 5 1 100 0.75 8 1268 1 16 13 0 405 0 0
2 50 5 1 100 0.75 8 1269 4 18 13 1 405 0 0
2 50 5 1 100 0.75 8 1270 5 20 12 4 405 0 0
2 50 5 1 100 0.75 8 1271 7 22 13 5 405 0 0
2 50 5 1 100 0.75 8 1272 10 24 12 7 405 0 0
2 50 5 1 100 0.75 8 1273 12 26 13 10 405 0 0
2 50 5 1 100 0.75 8 1274 13 28 12 12 405 0 0
2 50 5 1 100 0.75 8 1275 16 30 13 13 405 0 1
2 50 5 1 100 0.75 8 1276 19 32 12 16 405 0 2
2 50 5 1 100 0.75 8 1277 21 34 12 19 405 0 4
2 50 5 1 100 0.75 8 1278 23 36 10 21 405 0 5
2 50 5 1 100 0.75 8 1279 24 38 14 23 405 0 8
2 50 5 1 100 0.75 8 1280 25 40 16 24 405 0 10
2 50 5 1 100 0.75 8 1281 28 42 18 25 405 0 10
2 50 5 1 100 0.75 8 1282 31 44 14 28 405 0 11
2 50 5 1 100 0.75 8 1283 32 46 24 31 405 0 14
2 50 5 1 100 0.75 8 1284 33 48 18 32 405 0 14
2 50 5 1 100 0.75 8 1285 36 50 23 33 405 0 14
2 50 5 1 100 0.75 8 1286 38 52 23 36 405 0 16
2 50 5 1 100 0.75 8 1287 39 54 26 38 405 0 17
2 50 5 1 100 0.75 8 1288 43 56 25 39 405 0 21
2 50 5 1 100 0.75 8 1289 44 58 30 43 405 0 21
2 50 5 1 100 0.75 8 1290 47 60 29 44 405 0 21
2 50 5 1 100 0.75 8 1291 47 60 26 45 407 2 19
2 50 5 1 100 0.75 8 1292 49 62 28 45 407 2 20
2 50 5 1 100 0.75 8 1293 51 64 30 47 407 2 22
2 50 5 1 100 0.75 8 1294 55 65 28 48 408 3 23
2 50 5 1 100 0.75 8 1295 58 65 28 50 410 5 22
2 50 5 1 100 0.75 8 1296 58 64 30 50 413 8 22
2 50 5 1 100 0.75 8 1297 61 65 30 49 414 9 22
2 50 5 1 100 0.75 8 1298 64 65 31 50 416 11 23
2 50 5 1 100 0.75 8 1299 66 67 29 53 416 11 24
2 50 5 1 100 0.75 8 1300 67 68 32 54 417 12 25
2 50 5 1 100 0.75 8 1301 70 69 32 54 418 13 26
2 50 5 1 100 0.75 8 1302 72 68 31 54 420 16 25
2 50 5 1 100 0.75 8 1303 72 69 35 55 421 17 24
2 50 5 1 100 0.75 8 1304 76 69 34 53 423 19 25
2 50 5 1 100 0.75 8 1305 77 71 33 57 423 19 27
2 50 5 1 100 0.75 8 1306 77 72 35 57 424 20 26
2 50 5 1 100 0.75 8 1307 80 74 38 57 424 20 29
2 50 5 1 100 0.75 8 1308 82 73 33 57 427 23 27
2 50 5 1 100 0.75 8 1309 83 75 35 59 427 23 29
2 50 5 1 100 0.75 8 1310 84 76 39 60 428 24 29
2 50 5 1 100 0.75 8 1311 85 77 35 60 429 25 29
2 50 5 1 100 0.75 8 1312 88 78 35 60 430 26 30
2 50 5 1 100 0.75 8 1313 90 77 39 61 433 29 27
2 50 5 1 100 0.75 8 1314 94 78 32 62 434 30 26
2 50 5 1 100 0.75 8 1315 95 80 41 66 434 30 29
2 50 5 1 100 0.75 8 1316 96 80 36 65 436 32 28
2 50 5 1 100 0.75 8 1317 99 80 36 64 438 34 27
2 50 5 1 100 0.75 8 1318 101 79 34 64 440 37 25
2 50 5 1 100 0.75 8 1319 103 79 33 64 442 39 24
2 50 5 1 100 0.75 8 1320 104 80 31 65 443 40 25
2 50 5 1 100 0.75 8 1321 106 81 36 65 444 41 25
2 50 5 1 100 0.75 8 1322 108 81 32 65 446 43 25
2 50 5 1 100 0.75 8 1323 110 80 38 64 449 46 23
2 50 5 1 100 0.75 8 1324 113 79 30 63 452 49 21
2 50 5 1 100 0.75 8 1325 115 80 35 65 453 50 22
2 50 5 1 100 0.75 8 1326 115 81 39 66 454 51 22
2 50 5 1 100 0.75 8 1327 117 82 35 65 455 52 22
2 50 5 1 100 0.75 8 1328 121 82 33 65 456 54 22
2 50 5 1 100 0.75 8 1329 124 83 30 68 457 55 21
2 50 5 1 100 0.75 8 1330 124 84 37 70 458 56 23
2 50 5 1 100 0.75 8 1331 128 85 32 69 459 57 23
2 50 5 1 100 0.75 8 1332 129 86 33 72 460 58 24
2 50 5 1 100 0.75 8 1333 130 87 34 72 461 59 24
2 50 5 1 100 0.75 8 1334 133 88 25 72 461 60 24
2 50 5 1 100 0.75 8 1335 134 90 42 75 461 60 27
2 50 5 1 100 0.75 8 1336 135 90 47 74 463 62 28
2 50 5 1 100 0.75 8 1337 136 91 44 75 464 63 27
2 50 5 1 100 0.75 8 1338 139 91 37 74 465 65 27
2 50 5 1 100 0.75 8 1339 142 92 38 76 466 66 26
2 50 5 1 100 0.75 8 1340 143 91 33 76 469 69 25
2 50 5 1 100 0.75 8 1341 146 92 41 76 470 70 26
2 50 5 1 100 0.75 8 1342 148 94 45 79 470 70 26
2 50 5 1 100 0.75 8 1343 149 96 39 81 470 70 27
2 50 5 1 100 0.75 8 1344 152 98 46 82 469 70 28
2 50 5 1 100 0.75 8 1345 153 97 42 82 472 73 27
2 50 5 1 100 0.75 8 1346 154 95 48 79 476 77 27
2 50 5 1 100 0.75 8 1347 156 96 41 79 477 78 27
2 50 5 1 100 0.75 8 1348 160 98 51 81 477 78 29
2 50 5 1 100 0.75 8 1349 162 100 41 85 477 78 31
2 50 5 1 100 0.75 8 1350 162 100 49 85 479 80 30
2 50 5 1 100 0.75 8 1351 164 99 43 83 482 83 29
2 50 5 1 100 0.75 8 1352 164 97 48 81 486 87 27
2 50 5 1 100 0.75 8 1353 166 96 45 78 489 90 25
2 50 5 1 100 0.75 8 1354 170 98 47 80 489 90 26
2 50 5 1 100 0.75 8 1355 173 100 46 84 489 90 28
2 50 5 1 100 0.75 8 1356 174 102 39 87 489 90 30
2 50 5 1 100 0.75 8 1357 176 102 47 86 491 92 31
2 50 5 1 100 0.75 8 1358 178 102 46 86 493 94 30
2 50 5 1 100 0.75 8 1359 181 103 44 87 494 95 30
2 50 5 1 100 0.75 8 1360 183 103 44 88 496 97 28
2 50 5 1 100 0.75 8 1361 186 105 40 90 496 97 32
2 50 5 1 100 0.75 8 1362 186 104 41 90 499 100 30
2 50 5 1 100 0.75 8 1363 189 103 48 87 501 103 28
2 50 5 1 100 0.75 8 1364 190 104 46 89 502 104 27
2 50 5 1 100 0.75 8 1365 192 106 45 90 502 104 29
2 50 5 1 100 0.75 8 1366 195 104 45 88 506 108 26
2 50 5 1 100 0.75 8 1367 195 103 48 89 508 111 23
2 50 5 1 100 0.75 8 1368 197 103 40 87 510 113 21
2 50 5 1 100 0.75 8 1369 197 105 48 91 509 113 23
2 50 5 1 100 0.75 8 1370 199 107 38 92 509 113 25
2 50 5 1 100 0.75 8 1371 201 107 46 92 511 115 24
2 50 5 1 100 0.75 8 1372 201 107 52 92 513 117 23
2 50 5 1 100 0.75 8 1373 203 109 41 92 512 117 25
2 50 5 1 100 0.75 8 1374 204 109 48 92 514 119 26
2 50 5 1 100 0.75 8 1375 205 110 43 93 515 120 27
2 50 5 1 100 0.75 8 1376 207 107 47 89 520 125 24
2 50 5 1 100 0.75 8 1377 210 109 37 92 519 125 25
2 50 5 1 100 0.75 8 1378 210 110 46 96 520 126 25
2 50 5 1 100 0.75 8 1379 212 112 45 96 520 126 25
2 50 5 1 100 0.75 8 1380 212 110 40 94 524 130 21
2 50 5 1 100 0.75 8 1381 216 110 37 92 526 132 20
2 50 5 1 100 0.75 8 1382 219 111 49 95 527 133 21
2 50 5 1 100 0.75 8 1383 221 112 39 97 528 134 21
2 50 5 1 100 0.75 8 1384 223 114 44 99 527 134 25
2 50 5 1 100 0.75 8 1385 224 114 46 99 529 136 23
2 50 5 1 100 0.75 8 1386 226 116 49 101 529 136 24
2 50 5 1 100 0.75 8 1387 227 116 41 102 531 138 22
2 50 5 1 100 0.75 8 1388 227 117 51 102 532 139 22
2 50 5 1 100 0.75 8 1389 230 117 44 102 534 141 23
2 50 5 1 100 0.75 8 1390 230 117 53 103 536 143 21
2 50 5 1 100 0.75 8 1391 231 119 54 103 536 143 21
2 50 5 1 100 0.75 8 1392 234 120 46 103 536 144 23
2 50 5 1 100 0.75 8 1393 235 122 46 107 536 144 25
2 50 5 1 100 0.75 8 1394 236 121 50 106 539 147 24
2 50 5 1 100 0.75 8 1395 237 120 40 105 542 150 21
2 50 5 1 100 0.75 8 1396 239 122 51 107 542 150 23
2 50 5 1 100 0.75 8 1397 241 123 44 108 543 151 24
2 50 5 1 100 0.75 8 1398 242 124 46 109 544 152 23
2 50 5 1 100 0.75 8 1399 245 125 49 109 545 153 24
2 50 5 1 100 0.75 8 1400 247 125 53 110 547 155 23
2 50 5 1 100 0.75 8 1401 248 126 39 111 548 156 23
2 50 5 1 100 0.75 8 1402 250 125 45 109 550 159 22
2 50 5 1 100 0.75 8 1403 251 126 47 111 551 160 23
2 50 5 1 100 0.75 8 1404 252 125 52 110 554 163 21
2 50 5 1 100 0.75 8 1405 254 127 44 111 554 163 23
2 50 5 1 100 0.75 8 1406 256 129 45 113 554 163 25
2 50 5 1 100 0.75 8 1407 259 131 49 115 553 163 25
2 50 5 1 100 0.75 8 1408 259 133 51 119 553 163 27
2 50 5 1 100 0.75 8 1409 259 130 55 115 557 168 23
2 50 5 1 100 0.75 8 1410 260 131 57 114 558 169 24
2 50 5 1 100 0.75 8 1410 260 131 131 114 582 169 24
2 50 5 1 100 0.75 8 1440 260 131 131 114 420 169 24
2 50 5 1 100 0.75 9 1441 0 2 2 0 420 0 0
2 50 5 1 100 0.75 9 1442 0 4 4 0 420 0 0
2 50 5 1 100 0.75 9 1443 0 6 6 0 420 0 0
2 50 5 1 100 0.75 9 1444 0 8 8 0 420 0 0
2 50 5 1 100 0.75 9 1445 0 10 9 0 420 0 0
2 50 5 1 100 0.75 9 1446 0 12 12 0 420 0 0
2 50 5 1 100 0.75 9 1447 0 14 14 0 420 0 0
2 50 5 1 100 0.75 9 1448 2 16 14 0 420 0 0
2 50 5 1 100 0.75 9 1449 4 18 11 2 420 0 0
2 50 5 1 100 0.75 9 1450 5 20 11 4 420 0 0
2 50 5 1 100 0.75 9 1451 7 22 13 5 420 0 0
2 50 5 1 100 0.75 9 1452 10 24 10 7 420 0 0
2 50 5 1 100 0.75 9 1453 12 26 12 10 420 0 0
2 50 5 1 100 0.75 9 1454 15 28 9 12 420 0 0
2 50 5 1 100 0.75 9 1455 16 30 11 15 420 0 2
2 50 5 1 100 0.75 9 1456 19 32 14 16 420 0 3
2 50 5 1 100 0.75 9 1457 22 34 12 19 420 0 3
2 50 5 1 100 0.75 9 1458 22 36 14 22 419 0 5
2 50 5 1 100 0.75 9 1459 25 38 16 22 419 0 5
2 50 5 1 100 0.75 9 1460 26 40 19 25 419 0 8
2 50 5 1 100 0.75 9 1461 27 42 18 26 419 0 9
2 50 5 1 100 0.75 9 1462 28 44 22 27 419 0 12
2 50 5 1 100 0.75 9 1463 31 46 23 28 418 0 15
2 50 5 1 100 0.75 9 1464 34 48 25 31 418 0 18
2 50 5 1 100 0.75 9 1465 35 50 28 34 418 0 18
2 50 5 1 100 0.75 9 1466 38 52 31 35 418 0 20
2 50 5 1 100 0.75 9 1467 39 54 25 38 418 0 20
2 50 5 1 100 0.75 9 1468 41 56 35 39 418 0 21
2 50 5 1 100 0.75 9 1469 43 58 27 41 417 0 23
2 50 5 1 100 0.75 9 1470 45 60 31 43 417 0 25
2 50 5 1 100 0.75 9 1471 47 62 32 45 417 0 27
2 50 5 1 100 0.75 9 1472 49 64 36 47 417 0 29
2 50 5 1 100 0.75 9 1473 53 66 39 49 417 0 29
2 50 5 1 100 0.75 9 1474 54 65 34 50 419 3 26
2 50 5 1 100 0.75 9 1475 55 66 33 50 420 4 26
2 50 5 1 100 0.75 9 1476 58 66 29 49 422 6 25
2 50 5 1 100 0.75 9 1477 61 66 31 50 424 8 26
2 50 5 1 100 0.75 9 1478 63 67 28 52 425 9 26
2 50 5 1 100 0.75 9 1479 64 68 30 53 426 10 25
2 50 5 1 100 0.75 9 1480 66 66 26 50 430 14 24
2 50 5 1 100 0.75 9 1481 68 67 29 51 431 15 25
2 50 5 1 100 0.75 9 1482 70 68 31 52 432 16 24
2 50 5 1 100 0.75 9 1483 73 69 30 53 433 17 25
2 50 5 1 100 0.75 9 1484 74 70 34 55 434 18 28
2 50 5 1 100 0.75 9 1485 76 67 33 51 439 23 23
2 50 5 1 100 0.75 9 1486 78 69 34 53 439 23 24
2 50 5 1 100 0.75 9 1487 79 70 32 54 440 24 24
2 50 5 1 100 0.75 9 1488 82 71 29 54 441 25 25
2 50 5 1 100 0.75 9 1489 84 72 37 56 441 26 26
2 50 5 1 100 0.75 9 1490 86 72 38 56 443 28 27
2 50 5 1 100 0.75 9 1491 87 73 32 57 444 29 28
2 50 5 1 100 0.75 9 1492 89 73 38 56 446 31 26
2 50 5 1 100 0.75 9 1493 93 75 32 58 446 31 27
2 50 5 1 100 0.75 9 1494 93 75 34 60 448 33 27
2 50 5 1 100 0.75 9 1495 96 76 34 60 449 34 27
2 50 5 1 100 0.75 9 1496 97 78 35 63 448 34 28
2 50 5 1 100 0.75 9 1497 99 78 33 62 450 36 27
2 50 5 1 100 0.75 9 1498 102 78 33 62 452 38 27
2 50 5 1 100 0.75 9 1499 102 78 36 64 454 40 27
2 50 5 1 100 0.75 9 1500 103 80 33 64 454 40 28
2 50 5 1 100 0.75 9 1501 106 80 39 63 456 42 28
2 50 5 1 100 0.75 9 1502 109 79 37 63 458 45 27
2 50 5 1 100 0.75 9 1503 110 79 36 64 460 47 26
2 50 5 1 100 0.75 9 1504 112 81 32 65 460 47 27
2 50 5 1 100 0.75 9 1505 113 79 32 63 464 51 25
2 50 5 1 100 0.75 9 1506 116 81 29 64 464 51 28
2 50 5 1 100 0.75 9 1507 119 82 44 66 465 52 27
2 50 5 1 100 0.75 9 1508 120 83 34 68 466 53 27
2 50 5 1 100 0.75 9 1509 121 80 35 64 471 58 23
2 50 5 1 100 0.75 9 1510 124 82 38 65 471 58 25
2 50 5 1 100 0.75 9 1511 125 83 29 68 471 59 25
2 50 5 1 100 0.75 9 1512 129 83 35 67 473 61 24
2 50 5 1 100 0.75 9 1513 129 84 35 70 474 62 25
2 50 5 1 100 0.75 9 1514 132 84 36 68 476 64 26
2 50 5 1 100 0.75 9 1515 132 86 35 71 476 64 27
2 50 5 1 100 0.75 9 1516 134 87 30 70 477 65 27
2 50 5 1 100 0.75 9 1517 138 87 34 70 479 67 27
2 50 5 1 100 0.75 9 1518 139 87 36 72 481 69 28
2 50 5 1 100 0.75 9 1519 141 86 25 70 484 72 26
2 50 5 1 100 0.75 9 1520 142 87 32 72 485 73 26
2 50 5 1 100 0.75 9 1521 145 89 28 74 485 73 28
2 50 5 1 100 0.75 9 1522 145 89 37 75 486 75 26
2 50 5 1 100 0.75 9 1523 145 89 35 73 488 77 25
2 50 5 1 100 0.75 9 1524 147 90 31 74 489 78 27
2 50 5 1 100 0.75 9 1525 148 90 36 76 491 80 26
2 50 5 1 100 0.75 9 1526 149 90 36 75 493 82 27
2 50 5 1 100 0.75 9 1527 151 92 35 77 493 82 27
2 50 5 1 100 0.75 9 1528 151 94 36 79 491 82 30
2 50 5 1 100 0.75 9 1529 151 95 32 80 492 83 29
2 50 5 1 100 0.75 9 1530 153 96 38 80 493 84 29
2 50 5 1 100 0.75 9 1531 155 95 38 80 495 87 28
2 50 5 1 100 0.75 9 1532 157 95 37 80 497 89 27
2 50 5 1 100 0.75 9 1533 159 94 32 79 500 92 24
2 50 5 1 100 0.75 9 1534 160 91 34 76 504 97 20
2 50 5 1 100 0.75 9 1535 162 93 29 77 503 97 23
2 50 5 1 100 0.75 9 1536 163 93 29 77 505 99 21
2 50 5 1 100 0.75 9 1537 165 94 37 77 506 100 22
2 50 5 1 100 0.75 9 1538 167 95 34 79 507 101 22
2 50 5 1 100 0.75 9 1539 168 96 39 80 508 102 23
2 50 5 1 100 0.75 9 1540 170 97 38 81 509 103 24
2 50 5 1 100 0.75 9 1541 171 98 32 82 510 104 25
2 50 5 1 100 0.75 9 1542 172 96 35 81 514 108 22
2 50 5 1 100 0.75 9 1543 174 96 32 80 515 110 21
2 50 5 1 100 0.75 9 1544 176 98 36 82 515 110 24
2 50 5 1 100 0.75 9 1545 179 100 31 84 515 110 25
2 50 5 1 100 0.75 9 1546 179 100 30 86 517 112 25
2 50 5 1 100 0.75 9 1547 180 100 40 85 519 114 24
2 50 5 1 100 0.75 9 1548 183 101 38 85 520 115 27
2 50 5 1 100 0.75 9 1549 186 103 31 88 520 115 27
2 50 5 1 100 0.75 9 1550 186 103 36 89 521 117 26
2 50 5 1 100 0.75 9 1551 188 104 36 88 522 118 28
2 50 5 1 100 0.75 9 1552 188 105 35 90 523 119 28
2 50 5 1 100 0.75 9 1553 190 106 41 90 524 120 30
2 50 5 1 100 0.75 9 1554 191 106 37 92 526 122 29
2 50 5 1 100 0.75 9 1555 191 106 38 91 527 124 29
2 50 5 1 100 0.75 9 1556 194 108 48 91 526 124 30
2 50 5 1 100 0.75 9 1557 195 109 43 93 527 125 30
2 50 5 1 100 0.75 9 1558 197 110 43 94 528 126 30
2 50 5 1 100 0.75 9 1559 199 110 43 94 530 128 30
2 50 5 1 100 0.75 9 1560 199 109 45 93 533 131 28
2 50 5 1 100 0.75 9 1561 204 109 42 92 535 133 28
2 50 5 1 100 0.75 9 1562 205 108 32 94 538 136 25
2 50 5 1 100 0.75 9 1563 206 107 42 93 541 139 22
2 50 5 1 100 0.75 9 1564 207 109 42 94 541 139 23
2 50 5 1 100 0.75 9 1565 209 111 35 95 541 139 24
2 50 5 1 100 0.75 9 1566 211 112 39 97 542 140 24
2 50 5 1 100 0.75 9 1567 213 114 35 99 542 140 25
2 50 5 1 100 0.75 9 1568 213 112 38 98 546 144 24
2 50 5 1 100 0.75 9 1569 215 113 35 97 546 145 24
2 50 5 1 100 0.75 9 1570 217 112 48 96 549 148 22
2 50 5 1 100 0.75 9 1571 217 112 39 97 551 150 20
2 50 5 1 100 0.75 9 1572 221 112 38 95 552 152 21
2 50 5 1 100 0.75 9 1573 224 114 39 99 552 152 22
2 50 5 1 100 0.75 9 1574 225 112 41 98 556 156 21
2 50 5 1 100 0.75 9 1575 227 114 44 99 556 156 22
2 50 5 1 100 0.75 9 1576 229 114 40 99 558 158 20
2 50 5 1 100 0.75 9 1577 229 115 43 100 559 159 23
2 50 5 1 100 0.75 9 1578 230 116 34 101 560 160 22
2 50 5 1 100 0.75 9 1579 233 117 41 101 561 161 25
2 50 5 1 100 0.75 9 1580 235 118 43 103 562 162 24
2 50 5 1 100 0.75 9 1581 236 120 48 105 562 162 24
2 50 5 1 100 0.75 9 1582 238 121 39 105 563 163 24
2 50 5 1 100 0.75 9 1583 238 122 48 107 564 164 25
2 50 5 1 100 0.75 9 1584 240 122 42 105 566 166 26
2 50 5 1 100 0.75 9 1585 240 123 42 107 567 167 25
2 50 5 1 100 0.75 9 1586 242 124 44 108 568 168 27
2 50 5 1 100 0.75 9 1587 243 124 42 108 570 170 26
2 50 5 1 100 0.75 9 1588 246 125 41 108 570 171 27
2 50 5 1 100 0.75 9 1589 247 124 41 110 573 174 25
2 50 5 1 100 0.75 9 1590 249 124 35 109 575 176 23
2 50 5 1 100 0.75 9 1590 249 124 124 109 597 176 23
2 50 5 1 100 0.75 9 1620 249 124 124 109 414 176 23
2 50 5 1 100 0.75 10 1621 0 2 2 0 414 0 0
2 50 5 1 100 0.75 10 1622 0 4 4 0 414 0 0
2 50 5 1 100 0.75 10 1623 0 6 6 0 414 0 0
2 50 5 1 100 0.75 10 1624 0 8 8 0 414 0 0
2 50 5 1 100 0.75 10 1625 0 10 9 0 414 0 0
2 50 5 1 100 0.75 10 1626 0 12 12 0 414 0 0
2 50 5 1 100 0.75 10 1627 0 14 11 0 414 0 0
2 50 5 1 100 0.75 10 1628 1 16 15 0 414 0 0
2 50 5 1 100 0.75 10 1629 3 18 14 1 414 0 0
2 50 5 1 100 0.75 10 1630 3 20 16 3 413 0 0
2 50 5 1 100 0.75 10 1631 5 22 13 3 413 0 0
2 50 5 1 100 0.75 10 1632 9 24 14 5 412 0 0
2 50 5 1 100 0.75 10 1633 12 26 7 9 412 0 0
2 50 5 1 100 0.75 10 1634 13 28 13 12 412 0 0
2 50 5 1 100 0.75 10 1635 17 30 9 13 412 0 0
2 50 5 1 100 0.75 10 1636 17 32 13 17 412 0 2
2 50 5 1 100 0.75 10 1637 20 34 12 17 412 0 3
2 50 5 1 100 0.75 10 1638 22 36 10 20 412 0 4
2 50 5 1 100 0.75 10 1639 24 38 18 22 411 0 7
2 50 5 1 100 0.75 10 1640 25 40 19 24 411 0 8
2 50 5 1 100 0.75 10 1641 28 42 17 25 411 0 10
2 50 5 1 100 0.75 10 1642 30 44 20 28 411 0 12
2 50 5 1 100 0.75 10 1643 31 46 21 30 411 0 13
2 50 5 1 100 0.75 10 1644 34 48 25 31 411 0 15
2 50 5 1 100 0.75 10 1645 35 50 27 34 410 0 17
2 50 5 1 100 0.75 10 1646 36 52 32 35 410 0 17
2 50 5 1 100 0.75 10 1647 40 54 23 36 410 0 17
2 50 5 1 100 0.75 10 1648 41 56 32 40 410 0 19
2 50 5 1 100 0.75 10 1649 45 58 28 41 410 0 21
2 50 5 1 100 0.75 10 1650 45 60 34 45 410 0 23
2 50 5 1 100 0.75 10 1651 47 62 35 45 410 0 26
2 50 5 1 100 0.75 10 1652 51 64 33 47 410 0 27
2 50 5 1 100 0.75 10 1653 52 66 32 51 410 0 28
2 50 5 1 100 0.75 10 1654 54 66 32 50 412 2 27
2 50 5 1 100 0.75 10 1655 54 67 35 51 413 3 28
2 50 5 1 100 0.75 10 1656 57 67 35 49 414 5 27
2 50 5 1 100 0.75 10 1657 58 68 38 51 415 6 29
2 50 5 1 100 0.75 10 1658 60 68 39 50 417 8 27
2 50 5 1 100 0.75 10 1659 63 67 33 49 420 11 28
2 50 5 1 100 0.75 10 1660 66 66 31 49 423 14 26
2 50 5 1 100 0.75 10 1661 68 67 33 51 424 15 26
2 50 5 1 100 0.75 10 1662 72 68 33 52 425 16 25
2 50 5 1 100 0.75 10 1663 72 68 34 54 427 18 23
2 50 5 1 100 0.75 10 1664 74 70 37 54 427 18 25
2 50 5 1 100 0.75 10 1665 77 72 32 56 427 18 27
2 50 5 1 100 0.75 10 1666 79 72 31 57 429 20 28
2 50 5 1 100 0.75 10 1667 80 71 29 56 432 23 26
2 50 5 1 100 0.75 10 1668 80 69 26 53 436 27 25
2 50 5 1 100 0.75 10 1669 83 70 38 52 437 28 28
2 50 5 1 100 0.75 10 1670 86 70 30 53 439 30 27
2 50 5 1 100 0.75 10 1671 87 72 34 56 439 30 27
2 50 5 1 100 0.75 10 1672 90 74 38 57 438 30 30
2 50 5 1 100 0.75 10 1673 92 74 36 58 440 32 31
2 50 5 1 100 0.75 10 1674 96 74 34 58 442 34 29
2 50 5 1 100 0.75 10 1675 97 75 36 61 443 35 28
2 50 5 1 100 0.75 10 1676 99 76 41 61 444 36 28
2 50 5 1 100 0.75 10 1677 100 77 34 62 444 37 28
2 50 5 1 100 0.75 10 1678 103 77 40 61 446 39 27
2 50 5 1 100 0.75 10 1679 105 77 34 62 448 41 27
2 50 5 1 100 0.75 10 1680 107 79 36 64 448 41 30
2 50 5 1 100 0.75 10 1681 109 80 41 65 449 42 31
2 50 5 1 100 0.75 10 1682 109 80 41 65 451 44 31
2 50 5 1 100 0.75 10 1683 113 80 41 63 453 46 31
2 50 5 1 100 0.75 10 1684 116 80 35 65 455 48 31
2 50 5 1 100 0.75 10 1685 116 79 37 65 458 51 30
2 50 5 1 100 0.75 10 1686 119 79 35 63 459 53 29
2 50 5 1 100 0.75 10 1687 121 79 38 64 461 55 27
2 50 5 1 100 0.75 10 1688 122 77 31 63 465 59 26
2 50 5 1 100 0.75 10 1689 123 76 34 61 468 62 24
2 50 5 1 100 0.75 10 1690 124 77 37 61 468 63 25
2 50 5 1 100 0.75 10 1691 127 79 40 62 468 63 26
2 50 5 1 100 0.75 10 1692 130 80 43 64 469 64 26
2 50 5 1 100 0.75 10 1693 130 82 46 67 468 64 27
2 50 5 1 100 0.75 10 1694 133 84 43 67 468 64 29
2 50 5 1 100 0.75 10 1695 136 83 46 67 471 67 27
2 50 5 1 100 0.75 10 1696 137 83 38 68 473 69 27
2 50 5 1 100 0.75 10 1697 140 83 44 67 475 71 25
2 50 5 1 100 0.75 10 1698 142 84 35 69 475 72 25
2 50 5 1 100 0.75 10 1699 142 85 39 70 475 73 27
2 50 5 1 100 0.75 10 1700 144 87 38 70 475 73 27
2 50 5 1 100 0.75 10 1701 145 83 34 67 481 79 23
2 50 5 1 100 0.75 10 1702 149 82 40 65 484 82 21
2 50 5 1 100 0.75 10 1703 150 84 41 69 484 82 21
2 50 5 1 100 0.75 10 1704 153 85 33 69 485 83 22
2 50 5 1 100 0.75 10 1705 156 86 38 71 486 84 24
2 50 5 1 100 0.75 10 1706 158 88 38 74 485 84 24
2 50 5 1 100 0.75 10 1707 159 86 35 72 489 88 23
2 50 5 1 100 0.75 10 1708 161 85 37 70 492 91 20
2 50 5 1 100 0.75 10 1709 161 86 42 71 493 92 19
2 50 5 1 100 0.75 10 1710 162 87 42 71 494 93 21
2 50 5 1 100 0.75 10 1711 163 88 47 72 495 94 21
2 50 5 1 100 0.75 10 1712 167 88 45 71 497 96 23
2 50 5 1 100 0.75 10 1713 168 90 39 75 497 96 25
2 50 5 1 100 0.75 10 1714 168 92 44 76 497 96 25
2 50 5 1 100 0.75 10 1715 171 94 41 76 497 96 26
2 50 5 1 100 0.75 10 1716 175 96 44 79 497 96 27
2 50 5 1 100 0.75 10 1717 175 97 40 82 498 97 27
2 50 5 1 100 0.75 10 1718 179 97 40 81 500 99 26
2 50 5 1 100 0.75 10 1719 181 97 43 83 502 101 26
2 50 5 1 100 0.75 10 1720 181 94 38 80 507 106 23
2 50 5 1 100 0.75 10 1721 182 96 35 80 507 106 23
2 50 5 1 100 0.75 10 1722 183 98 35 83 507 106 25
2 50 5 1 100 0.75 10 1723 185 99 34 83 508 107 26
2 50 5 1 100 0.75 10 1724 186 101 45 86 507 107 29
2 50 5 1 100 0.75 10 1725 189 100 36 84 510 110 27
2 50 5 1 100 0.75 10 1726 189 101 42 87 511 111 29
2 50 5 1 100 0.75 10 1727 191 100 48 85 513 114 28
2 50 5 1 100 0.75 10 1728 193 101 36 86 514 115 28
2 50 5 1 100 0.75 10 1729 194 100 43 85 517 118 27
2 50 5 1 100 0.75 10 1730 194 99 40 83 520 121 26
2 50 5 1 100 0.75 10 1731 196 101 53 83 520 121 26
2 50 5 1 100 0.75 10 1732 199 101 39 84 522 123 25
2 50 5 1 100 0.75 10 1733 199 103 48 88 522 123 28
2 50 5 1 100 0.75 10 1734 203 104 45 87 523 124 27
2 50 5 1 100 0.75 10 1735 203 106 44 92 522 124 30
2 50 5 1 100 0.75 10 1736 205 107 49 91 522 125 30
2 50 5 1 100 0.75 10 1737 206 107 47 93 524 127 28
2 50 5 1 100 0.75 10 1738 207 107 42 92 526 129 26
2 50 5 1 100 0.75 10 1739 209 107 42 91 528 131 27
2 50 5 1 100 0.75 10 1740 210 109 45 94 528 131 29
2 50 5 1 100 0.75 10 1741 211 111 46 95 528 131 29
2 50 5 1 100 0.75 10 1742 214 110 46 94 531 134 28
2 50 5 1 100 0.75 10 1743 216 109 44 94 533 137 26
2 50 5 1 100 0.75 10 1744 219 107 44 92 537 141 25
2 50 5 1 100 0.75 10 1745 220 108 38 94 538 142 24
2 50 5 1 100 0.75 10 1746 221 108 45 94 540 144 24
2 50 5 1 100 0.75 10 1747 221 109 40 94 541 145 24
2 50 5 1 100 0.75 10 1748 224 109 44 93 543 147 23
2 50 5 1 100 0.75 10 1749 225 110 45 95 542 148 22
2 50 5 1 100 0.75 10 1750 227 111 39 95 542 149 23
2 50 5 1 100 0.75 10 1751 230 112 40 97 543 150 26
2 50 5 1 100 0.75 10 1752 230 112 46 98 545 152 24
2 50 5 1 100 0.75 10 1753 232 114 37 99 544 152 26
2 50 5 1 100 0.75 10 1754 233 114 48 100 545 154 25
2 50 5 1 100 0.75 10 1755 234 113 44 98 548 157 25
2 50 5 1 100 0.75 10 1756 235 114 49 99 549 158 25
2 50 5 1 100 0.75 10 1757 237 114 47 99 551 160 24
2 50 5 1 100 0.75 10 1758 240 116 56 101 550 160 29
2 50 5 1 100 0.75 10 1759 241 116 42 102 552 162 28
2 50 5 1 100 0.75 10 1760 242 118 55 104 552 162 30
2 50 5 1 100 0.75 10 1761 242 118 46 103 554 164 30
2 50 5 1 100 0.75 10 1762 244 116 46 100 558 168 27
2 50 5 1 100 0.75 10 1763 246 117 41 101 559 169 28
2 50 5 1 100 0.75 10 1764 247 119 58 104 559 169 29
2 50 5 1 100 0.75 10 1765 250 121 47 105 559 169 31
2 50 5 1 100 0.75 10 1766 250 121 48 106 561 171 30
2 50 5 1 100 0.75 10 1767 252 122 50 106 562 172 30
2 50 5 1 100 0.75 10 1768 254 124 52 108 561 172 32
2 50 5 1 100 0.75 10 1769 255 123 51 108 563 175 30
2 50 5 1 100 0.75 10 1770 256 124 49 109 563 176 30
2 50 5 1 100 0.75 10 1770 256 124 124 109 593 176 30
2 50 5 1 100 0.75 10 1800 256 124 124 109 411 176 30
