3 1 5 1 100 0.75 1 1 0 3 3 0 100 0 0
3 1 5 1 100 0.75 1 2 0 6 6 0 100 0 0
3 1 5 1 100 0.75 1 3 0 9 9 0 100 0 0
3 1 5 1 100 0.75 1 4 0 12 12 0 100 0 0
3 1 5 1 100 0.75 1 5 0 15 15 0 100 0 0
3 1 5 1 100 0.75 1 6 0 18 18 0 100 0 0
3 1 5 1 100 0.75 1 7 0 21 21 0 100 0 0
3 1 5 1 100 0.75 1 8 0 24 24 0 100 0 0
3 1 5 1 100 0.75 1 9 0 27 27 0 100 0 0
3 1 5 1 100 0.75 1 10 0 30 30 0 100 0 0
3 1 5 1 100 0.75 1 11 1 33 32 0 100 0 0
3 1 5 1 100 0.75 1 12 1 36 35 1 100 0 0
3 1 5 1 100 0.75 1 13 1 39 37 1 100 0 0
3 1 5 1 100 0.75 1 14 1 42 40 1 100 0 0
3 1 5 1 100 0.75 1 15 2 45 43 1 100 0 0
3 1 5 1 100 0.75 1 16 2 48 46 2 100 0 0
3 1 5 1 100 0.75 1 17 3 51 48 2 99 0 0
3 1 5 1 100 0.75 1 18 3 54 51 3 99 0 1
3 1 5 1 100 0.75 1 19 3 57 55 3 99 0 1
3 1 5 1 100 0.75 1 20 5 60 55 3 99 0 1
3 1 5 1 100 0.75 1 21 7 63 55 5 99 0 1
3 1 5 1 100 0.75 1 22 8 66 58 7 99 0 2
3 1 5 1 100 0.75 1 23 8 69 60 8 98 0 2
3 1 5 1 100 0.75 1 24 9 72 63 8 98 0 2
3 1 5 1 100 0.75 1 25 10 75 64 9 98 0 2
3 1 5 1 100 0.75 1 26 10 78 67 10 98 0 2
3 1 5 1 100 0.75 1 27 13 81 70 10 98 0 3
3 1 5 1 100 0.75 1 28 14 84 73 13 98 0 4
3 1 5 1 100 0.75 1 29 14 87 75 14 98 0 7
3 1 5 1 100 0.75 1 30 15 90 79 14 98 0 7
3 1 5 1 100 0.75 1 31 17 93 79 15 98 0 8
3 1 5 1 100 0.75 1 32 18 96 83 17 98 0 8
3 1 5 1 100 0.75 1 33 18 98 86 17 99 1 7
3 1 5 1 100 0.75 1 34 21 101 88 17 99 1 9
3 1 5 1 100 0.75 1 35 22 104 91 20 99 1 9
3 1 5 1 100 0.75 1 36 22 107 96 21 99 1 10
3 1 5 1 100 0.75 1 37 27 110 95 21 99 1 11
3 1 5 1 100 0.75 1 38 27 112 95 25 100 2 10
3 1 5 1 100 0.75 1 39 29 115 99 25 100 2 13
3 1 5 1 100 0.75 1 40 30 118 103 27 100 2 13
3 1 5 1 100 0.75 1 41 30 121 105 28 100 2 14
3 1 5 1 100 0.75 1 42 32 123 108 27 101 3 16
3 1 5 1 100 0.75 1 43 34 126 110 29 101 3 16
3 1 5 1 100 0.75 1 44 36 129 108 31 101 3 18
3 1 5 1 100 0.75 1 45 36 130 111 31 103 5 18
3 1 5 1 100 0.75 1 46 37 133 119 31 103 5 19
3 1 5 1 100 0.75 1 47 39 136 119 32 103 5 19
3 1 5 1 100 0.75 1 48 41 139 120 34 103 5 19
3 1 5 1 100 0.75 1 49 41 139 123 33 106 8 17
3 1 5 1 100 0.75 1 50 43 141 126 32 107 9 18
3 1 5 1 100 0.75 1 51 43 143 129 33 108 10 18
3 1 5 1 100 0.75 1 52 44 146 129 33 108 10 19
3 1 5 1 100 0.75 1 53 45 149 133 34 108 10 20
3 1 5 1 100 0.75 1 54 49 150 129 34 110 12 19
3 1 5 1 100 0.75 1 55 50 152 131 37 111 13 19
3 1 5 1 100 0.75 1 56 53 154 127 37 112 14 19
3 1 5 1 100 0.75 1 57 53 156 130 40 113 15 18
3 1 5 1 100 0.75 1 58 53 157 133 38 115 17 16
3 1 5 1 100 0.75 1 59 55 160 138 38 115 17 16
3 1 5 1 100 0.75 1 60 56 162 138 39 116 18 18
3 1 5 1 100 0.75 1 61 60 164 141 39 117 19 17
3 1 5 1 100 0.75 1 62 63 165 140 41 119 21 18
3 1 5 1 100 0.75 1 63 66 168 144 44 119 21 20
3 1 5 1 100 0.75 1 64 68 168 141 44 122 24 18
3 1 5 1 100 0.75 1 65 69 170 144 45 123 25 17
3 1 5 1 100 0.75 1 66 74 173 142 46 123 25 18
3 1 5 1 100 0.75 1 67 77 176 142 51 123 25 19
3 1 5 1 100 0.75 1 68 79 177 142 52 125 27 19
3 1 5 1 100 0.75 1 69 79 178 149 52 127 29 20
3 1 5 1 100 0.75 1 70 80 181 151 52 127 29 22
3 1 5 1 100 0.75 1 71 82 183 154 52 128 30 23
3 1 5 1 100 0.75 1 72 85 186 152 54 127 30 24
3 1 5 1 100 0.75 1 73 87 188 158 56 128 31 25
3 1 5 1 100 0.75 1 74 89 190 159 57 128 32 29
3 1 5 1 100 0.75 1 75 91 193 162 59 128 32 31
3 1 5 1 100 0.75 1 76 94 195 163 60 129 33 30
3 1 5 1 100 0.75 1 77 101 197 163 62 130 34 30
3 1 5 1 100 0.75 1 78 105 200 158 69 130 34 31
3 1 5 1 100 0.75 1 79 106 200 161 70 133 37 30
3 1 5 1 100 0.75 1 80 108 202 167 70 134 38 31
3 1 5 1 100 0.75 1 81 112 203 165 70 136 40 30
3 1 5 1 100 0.75 1 82 115 205 162 73 137 41 29
3 1 5 1 100 0.75 1 83 119 204 160 72 141 45 28
3 1 5 1 100 0.75 1 84 122 206 166 76 142 46 30
3 1 5 1 100 0.75 1 85 125 207 168 77 144 48 33
3 1 5 1 100 0.75 1 86 128 208 162 78 146 50 33
3 1 5 1 100 0.75 1 87 131 211 160 81 145 50 34
3 1 5 1 100 0.75 1 88 139 213 163 83 146 51 36
3 1 5 1 100 0.75 1 89 142 214 165 89 148 53 38
3 1 5 1 100 0.75 1 90 144 215 161 90 150 55 37
3 1 5 1 100 0.75 1 91 150 216 169 90 152 57 41
3 1 5 1 100 0.75 1 92 155 219 161 97 152 57 42
3 1 5 1 100 0.75 1 93 158 219 166 99 155 60 41
3 1 5 1 100 0.75 1 94 163 219 160 99 158 63 40
3 1 5 1 100 0.75 1 95 165 219 168 101 161 66 42
3 1 5 1 100 0.75 1 96 170 221 167 102 162 67 47
3 1 5 1 100 0.75 1 97 172 224 170 108 162 67 49
3 1 5 1 100 0.75 1 98 176 227 173 110 162 67 53
3 1 5 1 100 0.75 1 99 180 228 178 112 164 69 56
3 1 5 1 100 0.75 1 100 183 228 175 113 167 72 54
3 1 5 1 100 0.75 1 101 191 228 166 114 170 75 53
3 1 5 1 100 0.75 1 102 196 230 166 121 171 76 55
3 1 5 1 100 0.75 1 103 203 229 167 123 175 80 57
3 1 5 1 100 0.75 1 104 206 230 169 128 177 82 57
3 1 5 1 100 0.75 1 105 208 228 168 126 182 87 55
3 1 5 1 100 0.75 1 106 211 227 166 126 186 91 52
3 1 5 1 100 0.75 1 107 214 227 169 126 189 94 52
3 1 5 1 100 0.75 1 108 220 228 161 127 191 96 54
3 1 5 1 100 0.75 1 109 223 230 168 132 192 97 58
3 1 5 1 100 0.75 1 110 227 230 169 132 194 100 58
3 1 5 1 100 0.75 1 111 233 229 169 133 198 104 58
3 1 5 1 100 0.75 1 112 236 227 156 134 203 109 55
3 1 5 1 100 0.75 1 113 239 227 163 135 206 112 55
3 1 5 1 100 0.75 1 114 243 226 160 134 210 116 52
3 1 5 1 100 0.75 1 115 249 225 162 134 214 120 52
3 1 5 1 100 0.75 1 116 251 226 162 139 216 122 51
3 1 5 1 100 0.75 1 117 256 227 163 139 218 124 52
3 1 5 1 100 0.75 1 118 262 224 153 138 224 130 49
3 1 5 1 100 0.75 1 119 265 226 151 143 225 131 50
3 1 5 1 100 0.75 1 120 270 226 156 145 227 134 53
3 1 5 1 100 0.75 1 121 273 228 155 149 228 135 53
3 1 5 1 100 0.75 1 122 277 229 159 150 229 137 57
3 1 5 1 100 0.75 1 123 279 229 160 151 232 140 57
3 1 5 1 100 0.75 1 124 281 226 155 148 238 146 54
3 1 5 1 100 0.75 1 125 286 222 150 144 245 153 49
3 1 5 1 100 0.75 1 126 293 225 144 150 245 153 53
3 1 5 1 100 0.75 1 127 297 227 151 157 246 154 57
3 1 5 1 100 0.75 1 128 299 226 146 157 250 158 56
3 1 5 1 100 0.75 1 129 303 226 145 156 252 161 54
3 1 5 1 100 0.75 1 130 306 225 154 156 256 165 56
3 1 5 1 100 0.75 1 131 313 226 145 157 258 167 56
3 1 5 1 100 0.75 1 132 318 229 141 164 258 167 57
3 1 5 1 100 0.75 1 133 321 226 139 163 264 173 56
3 1 5 1 100 0.75 1 134 327 226 136 165 266 176 58
3 1 5 1 100 0.75 1 135 330 227 133 170 268 178 58
3 1 5 1 100 0.75 1 136 333 228 138 172 270 180 60
3 1 5 1 100 0.75 1 137 338 224 128 168 277 187 54
3 1 5 1 100 0.75 1 138 342 224 133 170 280 190 54
3 1 5 1 100 0.75 1 139 345 222 125 170 285 195 53
3 1 5 1 100 0.75 1 140 350 221 129 169 289 199 53
3 1 5 1 100 0.75 1 141 354 223 123 174 290 200 55
3 1 5 1 100 0.75 1 142 357 222 127 176 294 204 56
3 1 5 1 100 0.75 1 143 364 223 133 177 295 206 58
3 1 5 1 100 0.75 1 144 367 223 123 181 298 209 57
3 1 5 1 100 0.75 1 145 371 226 131 186 298 209 61
3 1 5 1 100 0.75 1 146 374 224 115 185 303 214 59
3 1 5 1 100 0.75 1 147 376 222 123 183 308 219 57
3 1 5 1 100 0.75 1 148 382 224 122 185 309 220 62
3 1 5 1 100 0.75 1 149 383 223 122 188 313 224 60
3 1 5 1 100 0.75 1 150 388 222 118 185 316 228 59
3 1 5 1 100 0.75 1 150 388 222 222 185 357 228 59
3 1 5 1 100 0.75 1 180 388 222 222 185 11 228 59
3 1 5 1 100 0.75 2 181 0 3 3 0 11 0 0
3 1 5 1 100 0.75 2 182 0 6 6 0 11 0 0
3 1 5 1 100 0.75 2 183 0 9 9 0 11 0 0
3 1 5 1 100 0.75 2 184 0 12 12 0 11 0 0
3 1 5 1 100 0.75 2 185 0 15 15 0 11 0 0
3 1 5 1 100 0.75 2 186 0 18 18 0 11 0 0
3 1 5 1 100 0.75 2 187 0 21 21 0 11 0 0
3 1 5 1 100 0.75 2 188 0 24 24 0 11 0 0
3 1 5 1 100 0.75 2 189 0 27 27 0 11 0 0
3 1 5 1 100 0.75 2 190 0 30 30 0 11 0 0
3 1 5 1 100 0.75 2 191 0 33 33 0 11 0 0
3 1 5 1 100 0.75 2 192 0 36 36 0 11 0 0
3 1 5 1 100 0.75 2 193 0 39 39 0 11 0 0
3 1 5 1 100 0.75 2 194 1 42 41 0 11 0 0
3 1 5 1 100 0.75 2 195 2 45 43 1 11 0 0
3 1 5 1 100 0.75 2 196 2 48 46 2 11 0 0
3 1 5 1 100 0.75 2 197 2 51 49 2 11 0 0
3 1 5 1 100 0.75 2 198 2 54 52 2 11 0 0
3 1 5 1 100 0.75 2 199 2 57 55 2 11 0 0
3 1 5 1 100 0.75 2 200 3 60 57 2 11 0 0
3 1 5 1 100 0.75 2 201 3 63 61 3 11 0 1
3 1 5 1 100 0.75 2 202 3 66 65 3 11 0 2
3 1 5 1 100 0.75 2 203 4 69 67 3 11 0 2
3 1 5 1 100 0.75 2 204 5 72 68 4 11 0 2
3 1 5 1 100 0.75 2 205 5 75 72 5 11 0 2
3 1 5 1 100 0.75 2 206 5 78 75 5 11 0 2
3 1 5 1 100 0.75 2 207 5 81 79 5 11 0 3
3 1 5 1 100 0.75 2 208 5 84 82 5 11 0 3
3 1 5 1 100 0.75 2 209 5 87 85 5 11 0 3
3 1 5 1 100 0.75 2 210 5 90 89 5 11 0 4
3 1 5 1 100 0.75 2 211 5 93 92 5 11 0 4
3 1 5 1 100 0.75 2 212 6 96 93 5 11 0 4
3 1 5 1 100 0.75 2 213 8 99 95 6 11 0 4
3 1 5 1 100 0.75 2 214 10 102 97 8 11 0 4
3 1 5 1 100 0.75 2 215 11 105 99 10 11 0 4
3 1 5 1 100 0.75 2 216 11 107 101 10 12 1 3
3 1 5 1 100 0.75 2 217 11 109 103 9 13 2 2
3 1 5 1 100 0.75 2 218 11 112 105 9 13 2 2
3 1 5 1 100 0.75 2 219 11 115 109 9 13 2 2
3 1 5 1 100 0.75 2 220 11 118 112 9 13 2 3
3 1 5 1 100 0.75 2 221 14 121 117 9 13 2 5
3 1 5 1 100 0.75 2 222 17 123 117 11 14 3 5
3 1 5 1 100 0.75 2 223 18 126 119 14 14 3 5
3 1 5 1 100 0.75 2 224 18 129 121 15 14 3 5
3 1 5 1 100 0.75 2 225 19 132 123 15 14 3 5
3 1 5 1 100 0.75 2 226 19 134 126 15 15 4 4
3 1 5 1 100 0.75 2 227 20 137 128 15 15 4 4
3 1 5 1 100 0.75 2 228 20 140 132 16 15 4 5
3 1 5 1 100 0.75 2 229 20 143 136 16 15 4 8
3 1 5 1 100 0.75 2 230 21 146 141 16 15 4 9
3 1 5 1 100 0.75 2 231 23 149 142 17 15 4 9
3 1 5 1 100 0.75 2 232 24 152 146 19 15 4 10
3 1 5 1 100 0.75 2 233 25 155 149 20 15 4 10
3 1 5 1 100 0.75 2 234 26 158 152 21 15 4 11
3 1 5 1 100 0.75 2 235 28 161 150 22 15 4 11
3 1 5 1 100 0.75 2 236 30 164 152 24 15 4 11
3 1 5 1 100 0.75 2 237 30 164 154 23 18 7 9
3 1 5 1 100 0.75 2 238 30 167 159 23 18 7 10
3 1 5 1 100 0.75 2 239 30 170 161 23 18 7 10
3 1 5 1 100 0.75 2 240 31 172 165 22 19 8 10
3 1 5 1 100 0.75 2 241 31 175 168 23 19 8 11
3 1 5 1 100 0.75 2 242 32 178 172 23 19 8 12
3 1 5 1 100 0.75 2 243 33 181 175 24 19 8 12
3 1 5 1 100 0.75 2 244 36 183 172 24 20 9 12
3 1 5 1 100 0.75 2 245 37 185 175 26 21 10 11
3 1 5 1 100 0.75 2 246 37 188 178 27 21 10 11
3 1 5 1 100 0.75 2 247 37 189 181 25 23 12 10
3 1 5 1 100 0.75 2 248 39 192 180 25 23 12 10
3 1 5 1 100 0.75 2 249 39 194 184 26 24 13 9
3 1 5 1 100 0.75 2 250 40 197 188 26 24 13 10
3 1 5 1 100 0.75 2 251 41 199 190 26 25 14 11
3 1 5 1 100 0.75 2 252 42 201 192 26 26 15 12
3 1 5 1 100 0.75 2 253 44 203 194 26 27 16 11
3 1 5 1 100 0.75 2 254 45 205 194 27 28 17 10
3 1 5 1 100 0.75 2 255 46 208 197 28 28 17 10
3 1 5 1 100 0.75 2 256 50 211 196 29 28 17 11
3 1 5 1 100 0.75 2 257 52 214 199 33 28 17 11
3 1 5 1 100 0.75 2 258 54 216 201 34 29 18 11
3 1 5 1 100 0.75 2 259 54 219 204 36 29 18 11
3 1 5 1 100 0.75 2 260 56 221 205 35 30 19 12
3 1 5 1 100 0.75 2 261 58 224 206 37 30 19 14
3 1 5 1 100 0.75 2 262 60 226 207 38 31 20 14
3 1 5 1 100 0.75 2 263 62 229 209 40 31 20 15
3 1 5 1 100 0.75 2 264 64 230 213 40 33 22 16
3 1 5 1 100 0.75 2 265 65 233 217 42 32 22 17
3 1 5 1 100 0.75 2 266 67 234 215 41 34 24 16
3 1 5 1 100 0.75 2 267 73 237 214 43 34 24 16
3 1 5 1 100 0.75 2 268 74 239 216 48 35 25 18
3 1 5 1 100 0.75 2 269 78 241 216 48 36 26 18
3 1 5 1 100 0.75 2 270 80 243 220 51 37 27 19
3 1 5 1 100 0.75 2 271 81 245 219 52 38 28 20
3 1 5 1 100 0.75 2 272 82 248 225 53 38 28 20
3 1 5 1 100 0.75 2 273 85 251 225 54 38 28 22
3 1 5 1 100 0.75 2 274 87 254 231 57 38 28 25
3 1 5 1 100 0.75 2 275 89 256 231 58 39 29 25
3 1 5 1 100 0.75 2 276 90 258 233 59 40 30 26
3 1 5 1 100 0.75 2 277 91 260 238 59 41 31 28
3 1 5 1 100 0.75 2 278 94 262 236 59 42 32 28
3 1 5 1 100 0.75 2 279 96 264 238 61 43 33 28
3 1 5 1 100 0.75 2 280 100 266 240 62 44 34 28
3 1 5 1 100 0.75 2 281 104 268 238 65 45 35 28
3 1 5 1 100 0.75 2 282 105 270 242 68 46 36 30
3 1 5 1 100 0.75 2 283 108 269 239 65 50 40 28
3 1 5 1 100 0.75 2 284 110 270 242 66 52 42 27
3 1 5 1 100 0.75 2 285 114 272 239 67 53 43 27
3 1 5 1 100 0.75 2 286 116 274 243 70 54 44 28
3 1 5 1 100 0.75 2 287 116 276 246 71 55 45 27
3 1 5 1 100 0.75 2 288 120 277 245 69 57 47 30
3 1 5 1 100 0.75 2 289 124 279 248 72 58 48 30
3 1 5 1 100 0.75 2 290 129 282 246 76 58 48 32
3 1 5 1 100 0.75 2 291 132 282 242 78 61 51 31
3 1 5 1 100 0.75 2 292 133 283 245 79 63 53 31
3 1 5 1 100 0.75 2 293 138 283 237 77 66 56 28
3 1 5 1 100 0.75 2 294 139 285 242 81 67 57 29
3 1 5 1 100 0.75 2 295 145 286 246 80 69 59 30
3 1 5 1 100 0.75 2 296 150 287 244 84 71 61 29
3 1 5 1 100 0.75 2 297 152 290 248 89 71 61 32
3 1 5 1 100 0.75 2 298 156 292 248 90 72 62 32
3 1 5 1 100 0.75 2 299 159 294 249 93 73 63 33
3 1 5 1 100 0.75 2 300 162 293 246 92 77 67 31
3 1 5 1 100 0.75 2 301 164 295 250 94 78 68 33
3 1 5 1 100 0.75 2 302 167 297 250 96 79 69 35
3 1 5 1 100 0.75 2 303 174 298 252 97 81 71 38
3 1 5 1 100 0.75 2 304 177 298 250 102 84 74 38
3 1 5 1 100 0.75 2 305 183 300 250 104 85 75 40
3 1 5 1 100 0.75 2 306 188 300 249 107 88 78 40
3 1 5 1 100 0.75 2 307 190 303 252 112 88 78 42
3 1 5 1 100 0.75 2 308 197 305 247 113 89 79 44
3 1 5 1 100 0.75 2 309 199 307 252 119 90 80 47
3 1 5 1 100 0.75 2 310 199 308 254 120 92 82 47
3 1 5 1 100 0.75 2 311 204 308 253 117 95 85 49
3 1 5 1 100 0.75 2 312 209 308 260 120 98 88 50
3 1 5 1 100 0.75 2 313 217 311 255 125 98 88 53
3 1 5 1 100 0.75 2 314 218 314 258 133 98 88 55
3 1 5 1 100 0.75 2 315 225 314 255 132 101 91 56
3 1 5 1 100 0.75 2 316 227 315 255 137 103 93 58
3 1 5 1 100 0.75 2 317 229 313 254 134 108 98 54
3 1 5 1 100 0.75 2 318 233 313 255 133 111 101 54
3 1 5 1 100 0.75 2 319 238 314 251 136 113 103 55
3 1 5 1 100 0.75 2 320 243 312 249 136 118 108 54
3 1 5 1 100 0.75 2 321 249 315 253 141 118 108 57
3 1 5 1 100 0.75 2 322 258 314 250 144 122 112 60
3 1 5 1 100 0.75 2 323 261 314 248 150 125 115 58
3 1 5 1 100 0.75 2 324 267 313 247 149 129 119 55
3 1 5 1 100 0.75 2 325 272 308 236 147 137 127 52
3 1 5 1 100 0.75 2 326 276 309 240 150 139 129 51
3 1 5 1 100 0.75 2 327 282 310 238 152 141 131 50
3 1 5 1 100 0.75 2 328 290 309 234 154 145 135 50
3 1 5 1 100 0.75 2 329 296 310 236 160 147 137 56
3 1 5 1 100 0.75 2 330 302 310 238 164 150 140 58
3 1 5 1 100 0.75 2 330 302 310 310 164 194 140 58
3 1 5 1 100 0.75 2 360 302 310 310 164 11 140 58
3 1 5 1 100 0.75 3 361 0 3 3 0 11 0 0
3 1 5 1 100 0.75 3 362 0 6 6 0 11 0 0
3 1 5 1 100 0.75 3 363 0 9 9 0 11 0 0
3 1 5 1 100 0.75 3 364 0 12 12 0 11 0 0
3 1 5 1 100 0.75 3 365 0 15 15 0 11 0 0
3 1 5 1 100 0.75 3 366 0 18 18 0 11 0 0
3 1 5 1 100 0.75 3 367 0 21 21 0 11 0 0
3 1 5 1 100 0.75 3 368 0 24 24 0 11 0 0
3 1 5 1 100 0.75 3 369 0 27 27 0 11 0 0
3 1 5 1 100 0.75 3 370 0 30 30 0 11 0 0
3 1 5 1 100 0.75 3 371 0 33 33 0 11 0 0
3 1 5 1 100 0.75 3 372 0 36 36 0 11 0 0
3 1 5 1 100 0.75 3 373 0 39 38 0 11 0 0
3 1 5 1 100 0.75 3 374 1 42 41 0 11 0 0
3 1 5 1 100 0.75 3 375 1 45 43 1 11 0 0
3 1 5 1 100 0.75 3 376 1 48 47 1 10 0 0
3 1 5 1 100 0.75 3 377 2 51 49 1 10 0 0
3 1 5 1 100 0.75 3 378 2 54 52 2 10 0 0
3 1 5 1 100 0.75 3 379 2 57 55 2 10 0 0
3 1 5 1 100 0.75 3 380 2 60 58 2 10 0 0
3 1 5 1 100 0.75 3 381 2 63 61 2 10 0 0
3 1 5 1 100 0.75 3 382 2 66 65 2 10 0 1
3 1 5 1 100 0.75 3 383 2 69 67 2 10 0 1
3 1 5 1 100 0.75 3 384 2 72 71 2 10 0 1
3 1 5 1 100 0.75 3 385 2 75 75 2 10 0 2
3 1 5 1 100 0.75 3 386 2 78 78 2 10 0 2
3 1 5 1 100 0.75 3 387 2 81 81 2 10 0 2
3 1 5 1 100 0.75 3 388 2 84 84 2 10 0 2
3 1 5 1 100 0.75 3 389 2 87 87 2 10 0 2
3 1 5 1 100 0.75 3 390 4 90 88 2 10 0 2
3 1 5 1 100 0.75 3 391 4 93 90 4 10 0 2
3 1 5 1 100 0.75 3 392 4 96 94 4 10 0 2
3 1 5 1 100 0.75 3 393 5 99 96 4 10 0 2
3 1 5 1 100 0.75 3 394 6 102 98 5 10 0 2
3 1 5 1 100 0.75 3 395 7 105 100 6 10 0 2
3 1 5 1 100 0.75 3 396 7 108 103 7 10 0 2
3 1 5 1 100 0.75 3 397 7 111 107 7 10 0 2
3 1 5 1 100 0.75 3 398 8 114 109 7 10 0 2
3 1 5 1 100 0.75 3 399 10 116 110 7 11 1 1
3 1 5 1 100 0.75 3 400 11 119 112 9 11 1 1
3 1 5 1 100 0.75 3 401 11 122 116 10 11 1 1
3 1 5 1 100 0.75 3 402 12 125 119 10 11 1 2
3 1 5 1 100 0.75 3 403 13 128 121 11 11 1 2
3 1 5 1 100 0.75 3 404 13 130 124 11 12 2 1
3 1 5 1 100 0.75 3 405 13 133 126 11 12 2 1
3 1 5 1 100 0.75 3 406 15 136 131 11 12 2 2
3 1 5 1 100 0.75 3 407 15 139 134 13 12 2 2
3 1 5 1 100 0.75 3 408 15 142 138 13 12 2 3
3 1 5 1 100 0.75 3 409 17 145 138 13 12 2 3
3 1 5 1 100 0.75 3 410 17 148 144 15 12 2 4
3 1 5 1 100 0.75 3 411 17 151 147 15 12 2 4
3 1 5 1 100 0.75 3 412 19 154 148 15 12 2 4
3 1 5 1 100 0.75 3 413 20 157 150 17 12 2 4
3 1 5 1 100 0.75 3 414 20 160 155 18 12 2 4
3 1 5 1 100 0.75 3 415 21 163 156 18 12 2 4
3 1 5 1 100 0.75 3 416 21 166 161 19 12 2 5
3 1 5 1 100 0.75 3 417 22 169 163 19 12 2 6
3 1 5 1 100 0.75 3 418 22 171 165 19 13 3 5
3 1 5 1 100 0.75 3 419 23 174 168 19 13 3 6
3 1 5 1 100 0.75 3 420 24 177 172 20 13 3 7
3 1 5 1 100 0.75 3 421 24 180 174 21 13 3 7
3 1 5 1 100 0.75 3 422 24 183 178 21 13 3 7
3 1 5 1 100 0.75 3 423 25 185 180 20 14 4 7
3 1 5 1 100 0.75 3 424 25 187 181 20 15 5 6
3 1 5 1 100 0.75 3 425 25 189 184 20 16 6 6
3 1 5 1 100 0.75 3 426 26 192 186 20 16 6 6
3 1 5 1 100 0.75 3 427 27 195 188 21 16 6 6
3 1 5 1 100 0.75 3 428 28 198 191 22 16 6 6
3 1 5 1 100 0.75 3 429 28 201 193 23 16 6 6
3 1 5 1 100 0.75 3 430 29 204 196 23 16 6 6
3 1 5 1 100 0.75 3 431 30 207 200 24 16 6 7
3 1 5 1 100 0.75 3 432 30 210 203 25 16 6 8
3 1 5 1 100 0.75 3 433 31 213 205 25 16 6 9
3 1 5 1 100 0.75 3 434 31 215 206 25 17 7 8
3 1 5 1 100 0.75 3 435 32 216 209 23 19 9 8
3 1 5 1 100 0.75 3 436 35 218 207 23 20 10 7
3 1 5 1 100 0.75 3 437 36 221 211 26 20 10 8
3 1 5 1 100 0.75 3 438 36 224 215 27 20 10 9
3 1 5 1 100 0.75 3 439 38 226 214 26 21 11 8
3 1 5 1 100 0.75 3 440 39 229 218 28 21 11 9
3 1 5 1 100 0.75 3 441 41 232 218 29 21 11 9
3 1 5 1 100 0.75 3 442 43 235 221 31 21 11 9
3 1 5 1 100 0.75 3 443 45 238 223 33 21 11 10
3 1 5 1 100 0.75 3 444 48 240 224 34 22 12 11
3 1 5 1 100 0.75 3 445 49 243 226 37 22 12 11
3 1 5 1 100 0.75 3 446 50 245 228 37 23 13 11
3 1 5 1 100 0.75 3 447 50 247 231 37 24 14 11
3 1 5 1 100 0.75 3 448 53 250 233 37 24 14 12
3 1 5 1 100 0.75 3 449 54 253 236 40 24 14 12
3 1 5 1 100 0.75 3 450 55 256 239 41 24 14 13
3 1 5 1 100 0.75 3 451 55 258 244 41 25 15 14
3 1 5 1 100 0.75 3 452 58 261 244 41 25 15 15
3 1 5 1 100 0.75 3 453 60 261 245 41 28 18 14
3 1 5 1 100 0.75 3 454 62 263 245 42 29 19 13
3 1 5 1 100 0.75 3 455 63 266 249 44 29 19 13
3 1 5 1 100 0.75 3 456 65 269 251 45 29 19 15
3 1 5 1 100 0.75 3 457 67 272 253 47 29 19 15
3 1 5 1 100 0.75 3 458 69 274 254 48 30 20 14
3 1 5 1 100 0.75 3 459 72 277 254 50 30 20 16
3 1 5 1 100 0.75 3 460 74 279 257 52 31 21 17
3 1 5 1 100 0.75 3 461 75 282 264 54 31 21 18
3 1 5 1 100 0.75 3 462 78 285 262 55 31 21 19
3 1 5 1 100 0.75 3 463 78 286 262 56 33 23 17
3 1 5 1 100 0.75 3 464 83 289 266 56 33 23 19
3 1 5 1 100 0.75 3 465 86 290 264 59 35 25 19
3 1 5 1 100 0.75 3 466 89 293 269 62 35 25 21
3 1 5 1 100 0.75 3 467 89 294 268 63 37 27 21
3 1 5 1 100 0.75 3 468 91 296 274 62 38 28 21
3 1 5 1 100 0.75 3 469 93 298 275 63 39 29 22
3 1 5 1 100 0.75 3 470 95 301 278 65 39 29 23
3 1 5 1 100 0.75 3 471 96 301 275 64 42 32 22
3 1 5 1 100 0.75 3 472 102 304 278 65 42 32 25
3 1 5 1 100 0.75 3 473 105 306 278 70 43 33 28
3 1 5 1 100 0.75 3 474 108 309 279 73 43 33 29
3 1 5 1 100 0.75 3 475 110 312 279 76 43 33 29
3 1 5 1 100 0.75 3 476 111 314 286 77 44 34 29
3 1 5 1 100 0.75 3 477 115 316 286 77 45 35 31
3 1 5 1 100 0.75 3 478 117 319 290 81 45 35 33
3 1 5 1 100 0.75 3 479 121 320 290 81 47 37 33
3 1 5 1 100 0.75 3 480 127 321 291 83 49 39 34
3 1 5 1 100 0.75 3 481 130 322 287 87 51 41 32
3 1 5 1 100 0.75 3 482 132 325 291 90 51 41 34
3 1 5 1 100 0.75 3 483 133 323 286 87 56 46 30
3 1 5 1 100 0.75 3 484 137 324 291 86 58 48 31
3 1 5 1 100 0.75 3 485 139 325 287 88 60 50 31
3 1 5 1 100 0.75 3 486 140 327 292 89 61 51 32
3 1 5 1 100 0.75 3 487 145 327 290 87 64 54 35
3 1 5 1 100 0.75 3 488 149 328 289 90 66 56 36
3 1 5 1 100 0.75 3 489 152 330 294 94 67 57 37
3 1 5 1 100 0.75 3 490 155 330 291 94 70 60 35
3 1 5 1 100 0.75 3 491 157 331 292 95 72 62 35
3 1 5 1 100 0.75 3 492 161 333 294 96 73 63 38
3 1 5 1 100 0.75 3 493 165 335 290 101 74 64 37
3 1 5 1 100 0.75 3 494 168 335 291 102 77 67 36
3 1 5 1 100 0.75 3 495 174 336 293 103 79 69 37
3 1 5 1 100 0.75 3 496 178 338 292 108 80 70 41
3 1 5 1 100 0.75 3 497 181 338 292 109 83 73 39
3 1 5 1 100 0.75 3 498 184 340 293 111 84 74 39
3 1 5 1 100 0.75 3 499 188 342 293 113 85 75 42
3 1 5 1 100 0.75 3 500 192 342 298 114 88 78 42
3 1 5 1 100 0.75 3 501 195 345 299 118 88 78 45
3 1 5 1 100 0.75 3 502 197 347 296 120 89 79 45
3 1 5 1 100 0.75 3 503 204 347 295 119 92 82 46
3 1 5 1 100 0.75 3 504 210 346 292 124 96 86 47
3 1 5 1 100 0.75 3 505 218 347 290 128 98 88 48
3 1 5 1 100 0.75 3 506 223 347 289 133 101 91 48
3 1 5 1 100 0.75 3 507 225 347 292 135 104 94 48
3 1 5 1 100 0.75 3 508 234 347 283 134 107 97 48
3 1 5 1 100 0.75 3 509 240 350 281 143 107 97 49
3 1 5 1 100 0.75 3 510 243 352 287 149 108 98 52
3 1 5 1 100 0.75 3 510 243 352 352 149 154 98 52
3 1 5 1 100 0.75 3 540 243 352 352 149 11 98 52
3 1 5 1 100 0.75 4 541 0 3 3 0 11 0 0
3 1 5 1 100 0.75 4 542 0 6 6 0 11 0 0
3 1 5 1 100 0.75 4 543 0 9 9 0 11 0 0
3 1 5 1 100 0.75 4 544 0 12 12 0 11 0 0
3 1 5 1 100 0.75 4 545 0 15 15 0 11 0 0
3 1 5 1 100 0.75 4 546 0 18 18 0 11 0 0
3 1 5 1 100 0.75 4 547 0 21 21 0 11 0 0
3 1 5 1 100 0.75 4 548 0 24 24 0 11 0 0
3 1 5 1 100 0.75 4 549 0 27 27 0 11 0 0
3 1 5 1 100 0.75 4 550 0 30 30 0 11 0 0
3 1 5 1 100 0.75 4 551 0 33 33 0 11 0 0
3 1 5 1 100 0.75 4 552 0 36 36 0 11 0 0
3 1 5 1 100 0.75 4 553 0 39 39 0 11 0 0
3 1 5 1 100 0.75 4 554 0 42 42 0 11 0 0
3 1 5 1 100 0.75 4 555 0 45 45 0 11 0 0
3 1 5 1 100 0.75 4 556 2 48 46 0 11 0 0
3 1 5 1 100 0.75 4 557 2 51 49 2 11 0 0
3 1 5 1 100 0.75 4 558 2 54 52 2 11 0 0
3 1 5 1 100 0.75 4 559 4 57 53 2 11 0 0
3 1 5 1 100 0.75 4 560 4 60 56 4 11 0 0
3 1 5 1 100 0.75 4 561 4 63 59 4 11 0 0
3 1 5 1 100 0.75 4 562 4 66 62 4 11 0 0
3 1 5 1 100 0.75 4 563 5 69 66 4 11 0 1
3 1 5 1 100 0.75 4 564 5 72 69 5 11 0 1
3 1 5 1 100 0.75 4 565 5 75 72 5 11 0 1
3 1 5 1 100 0.75 4 566 6 78 75 5 11 0 2
3 1 5 1 100 0.75 4 567 7 81 78 6 11 0 3
3 1 5 1 100 0.75 4 568 7 84 80 7 11 0 3
3 1 5 1 100 0.75 4 569 8 87 82 7 11 0 3
3 1 5 1 100 0.75 4 570 10 90 85 8 11 0 4
3 1 5 1 100 0.75 4 571 10 93 87 10 11 0 4
3 1 5 1 100 0.75 4 572 10 96 91 10 11 0 4
3 1 5 1 100 0.75 4 573 12 99 93 10 11 0 5
3 1 5 1 100 0.75 4 574 12 102 96 12 11 0 6
3 1 5 1 100 0.75 4 575 14 105 98 12 11 0 6
3 1 5 1 100 0.75 4 576 15 108 101 14 11 0 7
3 1 5 1 100 0.75 4 577 16 111 104 15 11 0 8
3 1 5 1 100 0.75 4 578 16 113 105 15 12 1 7
3 1 5 1 100 0.75 4 579 17 116 109 15 12 1 7
3 1 5 1 100 0.75 4 580 17 119 112 16 12 1 9
3 1 5 1 100 0.75 4 581 17 121 115 15 13 2 8
3 1 5 1 100 0.75 4 582 17 124 118 15 13 2 8
3 1 5 1 100 0.75 4 583 17 127 124 15 13 2 8
3 1 5 1 100 0.75 4 584 20 130 125 15 13 2 10
3 1 5 1 100 0.75 4 585 20 132 127 17 14 3 9
3 1 5 1 100 0.75 4 586 21 135 129 17 14 3 9
3 1 5 1 100 0.75 4 587 21 137 132 17 15 4 8
3 1 5 1 100 0.75 4 588 23 139 133 16 16 5 7
3 1 5 1 100 0.75 4 589 23 142 135 18 16 5 7
3 1 5 1 100 0.75 4 590 24 145 138 18 16 5 7
3 1 5 1 100 0.75 4 591 24 147 138 18 17 6 7
3 1 5 1 100 0.75 4 592 25 149 141 17 18 7 8
3 1 5 1 100 0.75 4 593 27 152 143 18 18 7 8
3 1 5 1 100 0.75 4 594 28 154 145 19 19 8 8
3 1 5 1 100 0.75 4 595 29 157 144 20 19 8 8
3 1 5 1 100 0.75 4 596 29 160 153 21 19 8 9
3 1 5 1 100 0.75 4 597 30 163 154 21 19 8 9
3 1 5 1 100 0.75 4 598 30 166 158 22 19 8 9
3 1 5 1 100 0.75 4 599 33 167 154 20 21 10 7
3 1 5 1 100 0.75 4 600 35 170 158 23 21 10 8
3 1 5 1 100 0.75 4 601 35 171 160 23 23 12 7
3 1 5 1 100 0.75 4 602 36 174 162 23 23 12 8
3 1 5 1 100 0.75 4 603 36 177 168 24 23 12 9
3 1 5 1 100 0.75 4 604 36 180 170 24 23 12 9
3 1 5 1 100 0.75 4 605 36 183 175 24 23 12 10
3 1 5 1 100 0.75 4 606 37 186 177 24 23 12 11
3 1 5 1 100 0.75 4 607 39 189 183 25 23 12 14
3 1 5 1 100 0.75 4 608 40 191 182 26 24 13 13
3 1 5 1 100 0.75 4 609 42 193 185 26 25 14 13
3 1 5 1 100 0.75 4 610 44 195 183 27 26 15 12
3 1 5 1 100 0.75 4 611 45 196 185 27 28 17 10
3 1 5 1 100 0.75 4 612 45 199 187 28 28 17 10
3 1 5 1 100 0.75 4 613 45 202 192 28 28 17 11
3 1 5 1 100 0.75 4 614 46 205 192 28 28 17 11
3 1 5 1 100 0.75 4 615 48 208 197 29 28 17 13
3 1 5 1 100 0.75 4 616 49 210 200 30 29 18 13
3 1 5 1 100 0.75 4 617 53 213 201 31 29 18 14
3 1 5 1 100 0.75 4 618 53 216 204 35 29 18 15
3 1 5 1 100 0.75 4 619 57 219 203 35 29 18 15
3 1 5 1 100 0.75 4 620 58 220 204 37 31 20 13
3 1 5 1 100 0.75 4 621 60 222 204 37 32 21 12
3 1 5 1 100 0.75 4 622 63 224 202 38 33 22 13
3 1 5 1 100 0.75 4 623 65 226 206 40 34 23 14
3 1 5 1 100 0.75 4 624 67 228 206 41 35 24 14
3 1 5 1 100 0.75 4 625 68 229 209 41 37 26 15
3 1 5 1 100 0.75 4 626 71 231 212 41 38 27 16
3 1 5 1 100 0.75 4 627 73 234 215 44 38 27 18
3 1 5 1 100 0.75 4 628 76 237 213 46 38 27 18
3 1 5 1 100 0.75 4 629 79 240 216 49 38 27 20
3 1 5 1 100 0.75 4 630 80 241 218 50 40 29 21
3 1 5 1 100 0.75 4 631 84 243 219 50 41 30 21
3 1 5 1 100 0.75 4 632 85 245 221 53 42 31 22
3 1 5 1 100 0.75 4 633 86 247 224 53 43 32 24
3 1 5 1 100 0.75 4 634 87 250 229 54 43 32 27
3 1 5 1 100 0.75 4 635 91 252 229 54 44 33 29
3 1 5 1 100 0.75 4 636 92 255 233 58 44 33 30
3 1 5 1 100 0.75 4 637 94 258 233 59 44 33 32
3 1 5 1 100 0.75 4 638 96 260 241 60 45 34 33
3 1 5 1 100 0.75 4 639 98 263 244 62 45 34 35
3 1 5 1 100 0.75 4 640 101 263 238 61 48 37 33
3 1 5 1 100 0.75 4 641 103 264 241 62 50 39 32
3 1 5 1 100 0.75 4 642 106 266 240 64 51 40 33
3 1 5 1 100 0.75 4 643 107 269 247 67 51 40 33
3 1 5 1 100 0.75 4 644 108 269 242 65 54 43 30
3 1 5 1 100 0.75 4 645 111 270 240 64 56 45 29
3 1 5 1 100 0.75 4 646 117 270 239 64 59 48 29
3 1 5 1 100 0.75 4 647 121 273 240 70 59 48 30
3 1 5 1 100 0.75 4 648 126 275 237 73 60 49 32
3 1 5 1 100 0.75 4 649 132 274 237 74 64 53 30
3 1 5 1 100 0.75 4 650 137 276 231 79 65 54 30
3 1 5 1 100 0.75 4 651 140 278 233 83 66 55 31
3 1 5 1 100 0.75 4 652 141 275 230 80 72 61 27
3 1 5 1 100 0.75 4 653 146 275 231 78 75 64 26
3 1 5 1 100 0.75 4 654 153 277 228 82 76 65 30
3 1 5 1 100 0.75 4 655 157 279 230 89 77 66 33
3 1 5 1 100 0.75 4 656 159 281 231 92 78 67 33
3 1 5 1 100 0.75 4 657 163 280 230 91 82 71 36
3 1 5 1 100 0.75 4 658 172 282 233 94 83 72 39
3 1 5 1 100 0.75 4 659 175 285 231 103 83 72 40
3 1 5 1 100 0.75 4 660 177 287 235 105 84 73 42
3 1 5 1 100 0.75 4 661 181 290 241 107 84 73 46
3 1 5 1 100 0.75 4 662 186 293 247 111 84 73 50
3 1 5 1 100 0.75 4 663 189 295 248 115 85 74 52
3 1 5 1 100 0.75 4 664 191 296 253 116 87 76 51
3 1 5 1 100 0.75 4 665 194 296 247 115 90 79 53
3 1 5 1 100 0.75 4 666 200 296 248 115 93 82 55
3 1 5 1 100 0.75 4 667 206 297 244 119 95 84 55
3 1 5 1 100 0.75 4 668 208 299 248 124 96 85 57
3 1 5 1 100 0.75 4 669 212 298 245 123 100 89 57
3 1 5 1 100 0.75 4 670 218 299 246 125 102 91 58
3 1 5 1 100 0.75 4 671 225 300 239 129 104 93 58
3 1 5 1 100 0.75 4 672 231 300 239 134 107 96 58
3 1 5 1 100 0.75 4 673 233 295 233 132 115 104 52
3 1 5 1 100 0.75 4 674 240 294 232 131 119 108 51
3 1 5 1 100 0.75 4 675 245 295 233 137 121 110 52
3 1 5 1 100 0.75 4 676 247 296 237 140 123 112 52
3 1 5 1 100 0.75 4 677 254 298 230 141 124 113 55
3 1 5 1 100 0.75 4 678 256 297 236 145 128 117 56
3 1 5 1 100 0.75 4 679 259 294 231 141 134 123 55
3 1 5 1 100 0.75 4 680 263 295 236 142 136 125 57
3 1 5 1 100 0.75 4 681 269 298 231 146 136 125 59
3 1 5 1 100 0.75 4 682 276 297 236 149 140 129 59
3 1 5 1 100 0.75 4 683 286 297 225 153 143 132 60
3 1 5 1 100 0.75 4 684 291 297 228 161 146 135 63
3 1 5 1 100 0.75 4 685 294 295 223 161 151 140 61
3 1 5 1 100 0.75 4 686 298 295 216 162 154 143 61
3 1 5 1 100 0.75 4 687 302 296 219 164 156 145 62
3 1 5 1 100 0.75 4 688 305 295 219 165 160 149 59
3 1 5 1 100 0.75 4 689 312 294 220 166 164 153 61
3 1 5 1 100 0.75 4 690 319 293 212 169 168 157 66
3 1 5 1 100 0.75 4 690 319 293 293 169 215 157 66
3 1 5 1 100 0.75 4 720 319 293 293 169 11 157 66
3 1 5 1 100 0.75 5 721 0 3 3 0 11 0 0
3 1 5 1 100 0.75 5 722 0 6 6 0 11 0 0
3 1 5 1 100 0.75 5 723 0 9 9 0 11 0 0
3 1 5 1 100 0.75 5 724 0 12 12 0 11 0 0
3 1 5 1 100 0.75 5 725 0 15 15 0 11 0 0
3 1 5 1 100 0.75 5 726 0 18 18 0 11 0 0
3 1 5 1 100 0.75 5 727 0 21 21 0 11 0 0
3 1 5 1 100 0.75 5 728 0 24 24 0 11 0 0
3 1 5 1 100 0.75 5 729 0 27 27 0 11 0 0
3 1 5 1 100 0.75 5 730 1 30 29 0 11 0 0
3 1 5 1 100 0.75 5 731 1 33 32 1 11 0 0
3 1 5 1 100 0.75 5 732 1 36 35 1 11 0 0
3 1 5 1 100 0.75 5 733 1 39 38 1 11 0 0
3 1 5 1 100 0.75 5 734 1 42 41 1 11 0 0
3 1 5 1 100 0.75 5 735 1 45 44 1 11 0 0
3 1 5 1 100 0.75 5 736 1 48 47 1 11 0 0
3 1 5 1 100 0.75 5 737 2 51 50 1 11 0 1
3 1 5 1 100 0.75 5 738 2 54 53 2 11 0 1
3 1 5 1 100 0.75 5 739 2 57 56 2 11 0 1
3 1 5 1 100 0.75 5 740 3 60 57 2 11 0 1
3 1 5 1 100 0.75 5 741 3 63 60 3 11 0 1
3 1 5 1 100 0.75 5 742 3 66 64 3 11 0 1
3 1 5 1 100 0.75 5 743 4 69 65 3 11 0 1
3 1 5 1 100 0.75 5 744 4 72 68 4 11 0 1
3 1 5 1 100 0.75 5 745 4 75 72 4 11 0 2
3 1 5 1 100 0.75 5 746 4 78 76 4 11 0 2
3 1 5 1 100 0.75 5 747 4 81 79 4 11 0 2
3 1 5 1 100 0.75 5 748 5 84 82 4 11 0 2
3 1 5 1 100 0.75 5 749 5 87 84 5 11 0 2
3 1 5 1 100 0.75 5 750 5 90 88 5 11 0 3
3 1 5 1 100 0.75 5 751 5 93 92 5 11 0 3
3 1 5 1 100 0.75 5 752 5 96 94 5 11 0 3
3 1 5 1 100 0.75 5 753 6 99 97 5 11 0 3
3 1 5 1 100 0.75 5 754 7 102 99 6 11 0 3
3 1 5 1 100 0.75 5 755 7 105 102 7 11 0 3
3 1 5 1 100 0.75 5 756 8 107 104 6 12 1 3
3 1 5 1 100 0.75 5 757 8 110 107 7 12 1 3
3 1 5 1 100 0.75 5 758 8 113 110 7 12 1 3
3 1 5 1 100 0.75 5 759 8 116 113 7 12 1 3
3 1 5 1 100 0.75 5 760 8 119 116 7 12 1 3
3 1 5 1 100 0.75 5 761 8 122 120 7 12 1 4
3 1 5 1 100 0.75 5 762 10 125 121 7 12 1 5
3 1 5 1 100 0.75 5 763 11 128 123 9 12 1 6
3 1 5 1 100 0.75 5 764 11 130 126 9 13 2 5
3 1 5 1 100 0.75 5 765 11 133 129 9 13 2 5
3 1 5 1 100 0.75 5 766 11 136 132 9 13 2 5
3 1 5 1 100 0.75 5 767 11 139 135 9 13 2 5
3 1 5 1 100 0.75 5 768 11 142 139 9 13 2 5
3 1 5 1 100 0.75 5 769 11 145 142 9 13 2 7
3 1 5 1 100 0.75 5 770 11 147 146 8 14 3 7
3 1 5 1 100 0.75 5 771 14 150 147 8 14 3 7
3 1 5 1 100 0.75 5 772 15 153 147 11 14 3 7
3 1 5 1 100 0.75 5 773 15 156 152 12 14 3 7
3 1 5 1 100 0.75 5 774 17 159 151 12 14 3 7
3 1 5 1 100 0.75 5 775 17 162 155 14 14 3 7
3 1 5 1 100 0.75 5 776 17 164 157 13 15 4 6
3 1 5 1 100 0.75 5 777 19 167 158 13 15 4 6
3 1 5 1 100 0.75 5 778 20 170 162 15 15 4 7
3 1 5 1 100 0.75 5 779 23 173 165 16 15 4 8
3 1 5 1 100 0.75 5 780 24 176 167 19 15 4 8
3 1 5 1 100 0.75 5 781 26 177 168 18 17 6 7
3 1 5 1 100 0.75 5 782 27 179 167 19 18 7 6
3 1 5 1 100 0.75 5 783 27 182 170 20 18 7 6
3 1 5 1 100 0.75 5 784 28 185 175 20 18 7 7
3 1 5 1 100 0.75 5 785 30 188 177 21 18 7 9
3 1 5 1 100 0.75 5 786 30 190 180 22 19 8 9
3 1 5 1 100 0.75 5 787 31 193 184 22 19 8 10
3 1 5 1 100 0.75 5 788 33 195 186 22 20 9 11
3 1 5 1 100 0.75 5 789 33 197 189 23 21 10 11
3 1 5 1 100 0.75 5 790 33 200 191 23 21 10 11
3 1 5 1 100 0.75 5 791 33 203 195 23 21 10 11
3 1 5 1 100 0.75 5 792 36 206 196 23 21 10 13
3 1 5 1 100 0.75 5 793 36 209 201 26 21 10 13
3 1 5 1 100 0.75 5 794 37 211 203 25 22 11 13
3 1 5 1 100 0.75 5 795 40 213 202 25 23 12 12
3 1 5 1 100 0.75 5 796 44 216 204 28 23 12 13
3 1 5 1 100 0.75 5 797 45 219 206 32 23 12 13
3 1 5 1 100 0.75 5 798 45 222 208 33 23 12 13
3 1 5 1 100 0.75 5 799 47 225 212 33 23 12 15
3 1 5 1 100 0.75 5 800 47 226 214 33 25 14 13
3 1 5 1 100 0.75 5 801 48 228 215 32 26 15 12
3 1 5 1 100 0.75 5 802 48 230 218 32 27 16 13
3 1 5 1 100 0.75 5 803 49 232 220 31 28 17 14
3 1 5 1 100 0.75 5 804 53 234 224 31 29 18 16
3 1 5 1 100 0.75 5 805 55 237 221 35 29 18 16
3 1 5 1 100 0.75 5 806 57 239 223 36 30 19 17
3 1 5 1 100 0.75 5 807 58 240 222 36 32 21 15
3 1 5 1 100 0.75 5 808 59 242 227 37 33 22 14
3 1 5 1 100 0.75 5 809 60 244 226 38 34 23 13
3 1 5 1 100 0.75 5 810 63 247 226 39 34 23 14
3 1 5 1 100 0.75 5 811 65 249 228 42 35 24 15
3 1 5 1 100 0.75 5 812 69 252 230 44 35 24 17
3 1 5 1 100 0.75 5 813 70 255 231 48 35 24 17
3 1 5 1 100 0.75 5 814 71 258 236 49 35 24 19
3 1 5 1 100 0.75 5 815 74 259 237 48 37 26 20
3 1 5 1 100 0.75 5 816 76 262 239 51 37 26 20
3 1 5 1 100 0.75 5 817 81 264 239 52 38 27 23
3 1 5 1 100 0.75 5 818 82 266 242 56 39 28 24
3 1 5 1 100 0.75 5 819 84 267 240 55 41 30 22
3 1 5 1 100 0.75 5 820 85 268 243 55 43 32 23
3 1 5 1 100 0.75 5 821 89 270 246 55 44 33 23
3 1 5 1 100 0.75 5 822 94 271 242 57 46 35 23
3 1 5 1 100 0.75 5 823 99 274 243 62 46 35 25
3 1 5 1 100 0.75 5 824 104 276 240 66 47 36 26
3 1 5 1 100 0.75 5 825 104 279 248 71 47 36 28
3 1 5 1 100 0.75 5 826 108 282 247 71 46 36 29
3 1 5 1 100 0.75 5 827 110 283 252 73 48 38 30
3 1 5 1 100 0.75 5 828 111 286 252 76 48 38 31
3 1 5 1 100 0.75 5 829 113 288 257 76 49 39 36
3 1 5 1 100 0.75 5 830 114 289 255 76 51 41 36
3 1 5 1 100 0.75 5 831 122 291 259 76 52 42 39
3 1 5 1 100 0.75 5 832 125 293 259 83 53 43 40
3 1 5 1 100 0.75 5 833 127 296 264 86 53 43 43
3 1 5 1 100 0.75 5 834 130 297 263 86 55 45 42
3 1 5 1 100 0.75 5 835 133 297 260 87 58 48 39
3 1 5 1 100 0.75 5 836 133 299 261 89 59 49 39
3 1 5 1 100 0.75 5 837 136 299 263 86 62 52 38
3 1 5 1 100 0.75 5 838 142 298 257 85 66 56 36
3 1 5 1 100 0.75 5 839 143 299 263 89 68 58 40
3 1 5 1 100 0.75 5 840 147 302 263 91 68 58 43
3 1 5 1 100 0.75 5 841 151 304 265 95 69 59 45
3 1 5 1 100 0.75 5 842 152 303 264 95 73 63 43
3 1 5 1 100 0.75 5 843 154 305 266 95 74 64 42
3 1 5 1 100 0.75 5 844 158 302 257 91 80 70 38
3 1 5 1 100 0.75 5 845 161 304 262 94 81 71 41
3 1 5 1 100 0.75 5 846 169 303 255 93 85 75 41
3 1 5 1 100 0.75 5 847 174 305 253 100 86 76 42
3 1 5 1 100 0.75 5 848 179 306 251 103 88 78 42
3 1 5 1 100 0.75 5 849 183 306 248 105 91 81 41
3 1 5 1 100 0.75 5 850 188 308 248 108 92 82 41
3 1 5 1 100 0.75 5 851 191 308 249 110 95 85 40
3 1 5 1 100 0.75 5 852 194 309 248 112 97 87 40
3 1 5 1 100 0.75 5 853 199 311 250 114 98 88 42
3 1 5 1 100 0.75 5 854 201 311 256 117 101 91 43
3 1 5 1 100 0.75 5 855 205 313 256 118 102 92 44
3 1 5 1 100 0.75 5 856 214 313 251 119 105 95 44
3 1 5 1 100 0.75 5 857 217 314 250 127 107 97 46
3 1 5 1 100 0.75 5 858 222 314 248 128 110 100 46
3 1 5 1 100 0.75 5 859 227 313 244 129 114 104 46
3 1 5 1 100 0.75 5 860 229 313 250 131 117 107 46
3 1 5 1 100 0.75 5 861 232 315 250 134 118 108 49
3 1 5 1 100 0.75 5 862 237 315 247 134 121 111 46
3 1 5 1 100 0.75 5 863 243 317 248 138 122 112 52
3 1 5 1 100 0.75 5 864 248 316 247 140 126 116 53
3 1 5 1 100 0.75 5 865 253 316 247 142 129 119 53
3 1 5 1 100 0.75 5 866 256 317 253 146 131 121 57
3 1 5 1 100 0.75 5 867 260 318 252 148 133 123 60
3 1 5 1 100 0.75 5 868 265 316 248 148 138 128 57
3 1 5 1 100 0.75 5 869 270 318 250 152 139 129 60
3 1 5 1 100 0.75 5 870 270 320 248 156 140 130 60
3 1 5 1 100 0.75 5 870 270 320 320 156 189 130 60
3 1 5 1 100 0.75 5 900 270 320 320 156 11 130 60
3 1 5 1 100 0.75 6 901 0 3 3 0 11 0 0
3 1 5 1 100 0.75 6 902 0 6 6 0 11 0 0
3 1 5 1 100 0.75 6 903 0 9 9 0 11 0 0
3 1 5 1 100 0.75 6 904 0 12 12 0 11 0 0
3 1 5 1 100 0.75 6 905 0 15 15 0 11 0 0
3 1 5 1 100 0.75 6 906 0 18 18 0 11 0 0
3 1 5 1 100 0.75 6 907 0 21 21 0 11 0 0
3 1 5 1 100 0.75 6 908 0 24 24 0 11 0 0
3 1 5 1 100 0.75 6 909 0 27 27 0 11 0 0
3 1 5 1 100 0.75 6 910 0 30 30 0 11 0 0
3 1 5 1 100 0.75 6 911 0 33 33 0 11 0 0
3 1 5 1 100 0.75 6 912 0 36 36 0 11 0 0
3 1 5 1 100 0.75 6 913 0 39 39 0 11 0 0
3 1 5 1 100 0.75 6 914 0 42 42 0 11 0 0
3 1 5 1 100 0.75 6 915 1 45 44 0 11 0 0
3 1 5 1 100 0.75 6 916 1 48 47 1 11 0 0
3 1 5 1 100 0.75 6 917 1 51 50 1 11 0 0
3 1 5 1 100 0.75 6 918 1 54 53 1 11 0 0
3 1 5 1 100 0.75 6 919 1 57 56 1 11 0 0
3 1 5 1 100 0.75 6 920 1 60 59 1 11 0 0
3 1 5 1 100 0.75 6 921 1 63 62 1 11 0 0
3 1 5 1 100 0.75 6 922 2 66 64 1 11 0 1
3 1 5 1 100 0.75 6 923 2 69 68 2 11 0 1
3 1 5 1 100 0.75 6 924 2 72 70 2 11 0 1
3 1 5 1 100 0.75 6 925 2 75 74 2 11 0 1
3 1 5 1 100 0.75 6 926 3 78 76 2 11 0 1
3 1 5 1 100 0.75 6 927 3 81 79 3 11 0 1
3 1 5 1 100 0.75 6 928 3 84 82 3 11 0 1
3 1 5 1 100 0.75 6 929 3 87 85 3 11 0 1
3 1 5 1 100 0.75 6 930 3 90 89 3 11 0 2
3 1 5 1 100 0.75 6 931 3 93 92 3 11 0 2
3 1 5 1 100 0.75 6 932 7 96 91 3 11 0 2
3 1 5 1 100 0.75 6 933 8 99 93 7 11 0 2
3 1 5 1 100 0.75 6 934 8 102 97 8 11 0 3
3 1 5 1 100 0.75 6 935 8 105 100 8 11 0 3
3 1 5 1 100 0.75 6 936 8 108 103 8 11 0 3
3 1 5 1 100 0.75 6 937 9 110 104 7 12 1 2
3 1 5 1 100 0.75 6 938 9 113 107 8 12 1 2
3 1 5 1 100 0.75 6 939 11 116 111 8 12 1 4
3 1 5 1 100 0.75 6 940 11 119 115 10 12 1 6
3 1 5 1 100 0.75 6 941 11 122 117 10 12 1 6
3 1 5 1 100 0.75 6 942 12 125 120 10 12 1 6
3 1 5 1 100 0.75 6 943 13 128 122 11 12 1 6
3 1 5 1 100 0.75 6 944 13 131 125 12 12 1 6
3 1 5 1 100 0.75 6 945 13 134 128 12 12 1 7
3 1 5 1 100 0.75 6 946 13 137 132 12 12 1 8
3 1 5 1 100 0.75 6 947 17 140 133 12 12 1 8
3 1 5 1 100 0.75 6 948 18 142 133 15 13 2 7
3 1 5 1 100 0.75 6 949 18 144 137 15 14 3 6
3 1 5 1 100 0.75 6 950 18 147 140 15 14 3 7
3 1 5 1 100 0.75 6 951 19 150 142 15 14 3 7
3 1 5 1 100 0.75 6 952 20 153 144 16 14 3 7
3 1 5 1 100 0.75 6 953 20 156 147 17 14 3 7
3 1 5 1 100 0.75 6 954 22 159 149 17 14 3 9
3 1 5 1 100 0.75 6 955 22 161 154 18 15 4 11
3 1 5 1 100 0.75 6 956 23 164 155 18 15 4 11
3 1 5 1 100 0.75 6 957 24 166 157 18 16 5 10
3 1 5 1 100 0.75 6 958 25 169 160 19 16 5 10
3 1 5 1 100 0.75 6 959 27 170 160 18 18 7 9
3 1 5 1 100 0.75 6 960 28 173 163 20 18 7 9
3 1 5 1 100 0.75 6 961 30 176 166 21 18 7 10
3 1 5 1 100 0.75 6 962 30 179 168 23 18 7 10
3 1 5 1 100 0.75 6 963 30 182 171 23 18 7 10
3 1 5 1 100 0.75 6 964 30 185 177 23 18 7 11
3 1 5 1 100 0.75 6 965 33 187 174 22 19 8 11
3 1 5 1 100 0.75 6 966 34 189 180 24 20 9 12
3 1 5 1 100 0.75 6 967 34 192 182 25 20 9 12
3 1 5 1 100 0.75 6 968 34 194 187 24 21 10 13
3 1 5 1 100 0.75 6 969 39 197 185 24 21 10 14
3 1 5 1 100 0.75 6 970 40 199 187 28 22 11 13
3 1 5 1 100 0.75 6 971 40 202 189 29 22 11 13
3 1 5 1 100 0.75 6 972 41 205 193 29 22 11 14
3 1 5 1 100 0.75 6 973 45 207 194 29 23 12 16
3 1 5 1 100 0.75 6 974 48 207 190 30 26 15 13
3 1 5 1 100 0.75 6 975 50 210 191 33 26 15 13
3 1 5 1 100 0.75 6 976 52 212 195 34 27 16 14
3 1 5 1 100 0.75 6 977 53 214 199 35 28 17 16
3 1 5 1 100 0.75 6 978 55 217 199 36 28 17 16
3 1 5 1 100 0.75 6 979 55 220 204 38 28 17 17
3 1 5 1 100 0.75 6 980 56 223 206 38 28 17 17
3 1 5 1 100 0.75 6 981 57 224 208 37 30 19 18
3 1 5 1 100 0.75 6 982 62 226 210 37 31 20 19
3 1 5 1 100 0.75 6 983 64 229 214 42 31 20 23
3 1 5 1 100 0.75 6 984 67 232 214 44 31 20 23
3 1 5 1 100 0.75 6 985 68 234 216 46 32 21 23
3 1 5 1 100 0.75 6 986 68 236 220 46 33 22 23
3 1 5 1 100 0.75 6 987 71 238 220 45 34 23 23
3 1 5 1 100 0.75 6 988 72 240 220 47 35 24 23
3 1 5 1 100 0.75 6 989 75 242 225 47 36 25 25
3 1 5 1 100 0.75 6 990 76 245 226 50 36 25 26
3 1 5 1 100 0.75 6 991 80 247 229 50 37 26 27
3 1 5 1 100 0.75 6 992 82 248 228 52 39 28 26
3 1 5 1 100 0.75 6 993 83 247 225 50 43 32 22
3 1 5 1 100 0.75 6 994 83 250 227 51 43 32 23
3 1 5 1 100 0.75 6 995 86 253 232 51 43 32 25
3 1 5 1 100 0.75 6 996 89 255 234 53 44 33 26
3 1 5 1 100 0.75 6 997 91 257 233 55 45 34 26
3 1 5 1 100 0.75 6 998 91 259 236 56 46 35 28
3 1 5 1 100 0.75 6 999 96 262 235 57 46 35 28
3 1 5 1 100 0.75 6 1000 99 262 233 59 49 38 26
3 1 5 1 100 0.75 6 1001 100 262 235 59 52 41 24
3 1 5 1 100 0.75 6 1002 104 263 233 58 54 43 23
3 1 5 1 100 0.75 6 1003 106 264 236 60 56 45 23
3 1 5 1 100 0.75 6 1004 109 265 233 61 58 47 22
3 1 5 1 100 0.75 6 1005 110 268 237 64 58 47 24
3 1 5 1 100 0.75 6 1006 113 270 238 65 59 48 26
3 1 5 1 100 0.75 6 1007 115 272 242 67 60 49 28
3 1 5 1 100 0.75 6 1008 117 273 244 67 62 51 27
3 1 5 1 100 0.75 6 1009 120 275 241 68 63 52 30
3 1 5 1 100 0.75 6 1010 123 278 247 71 63 52 32
3 1 5 1 100 0.75 6 1011 130 277 238 70 67 56 30
3 1 5 1 100 0.75 6 1012 134 280 239 77 67 56 33
3 1 5 1 100 0.75 6 1013 138 282 241 80 68 57 35
3 1 5 1 100 0.75 6 1014 145 282 242 81 71 60 35
3 1 5 1 100 0.75 6 1015 148 284 240 87 72 61 34
3 1 5 1 100 0.75 6 1016 150 286 240 89 73 62 36
3 1 5 1 100 0.75 6 1017 152 288 242 90 74 63 38
3 1 5 1 100 0.75 6 1018 154 289 248 90 76 65 39
3 1 5 1 100 0.75 6 1019 157 291 250 91 77 66 43
3 1 5 1 100 0.75 6 1020 161 294 253 95 77 66 47
3 1 5 1 100 0.75 6 1021 167 295 252 98 79 68 49
3 1 5 1 100 0.75 6 1022 169 295 256 101 82 71 49
3 1 5 1 100 0.75 6 1023 170 296 256 101 84 73 48
3 1 5 1 100 0.75 6 1024 172 297 255 100 86 75 50
3 1 5 1 100 0.75 6 1025 176 298 254 100 88 77 50
3 1 5 1 100 0.75 6 1026 180 299 254 102 90 79 50
3 1 5 1 100 0.75 6 1027 182 301 257 105 90 80 53
3 1 5 1 100 0.75 6 1028 191 301 253 105 93 83 52
3 1 5 1 100 0.75 6 1029 199 298 245 108 99 89 50
3 1 5 1 100 0.75 6 1030 203 299 244 114 101 91 51
3 1 5 1 100 0.75 6 1031 205 300 245 117 103 93 50
3 1 5 1 100 0.75 6 1032 210 303 243 120 103 93 53
3 1 5 1 100 0.75 6 1033 215 304 245 123 105 95 54
3 1 5 1 100 0.75 6 1034 221 302 242 123 110 100 52
3 1 5 1 100 0.75 6 1035 226 300 235 125 115 105 51
3 1 5 1 100 0.75 6 1036 229 299 242 126 119 109 54
3 1 5 1 100 0.75 6 1037 233 300 238 127 121 111 57
3 1 5 1 100 0.75 6 1038 236 302 241 131 122 112 59
3 1 5 1 100 0.75 6 1039 243 300 239 129 127 117 58
3 1 5 1 100 0.75 6 1040 247 302 236 135 128 118 59
3 1 5 1 100 0.75 6 1041 254 300 237 134 133 123 59
3 1 5 1 100 0.75 6 1042 259 299 229 138 137 127 59
3 1 5 1 100 0.75 6 1043 263 300 231 142 139 129 58
3 1 5 1 100 0.75 6 1044 268 301 225 145 141 131 58
3 1 5 1 100 0.75 6 1045 273 304 236 150 141 131 62
3 1 5 1 100 0.75 6 1046 277 302 233 152 146 136 60
3 1 5 1 100 0.75 6 1047 282 303 229 154 148 138 62
3 1 5 1 100 0.75 6 1048 290 304 228 158 150 140 67
3 1 5 1 100 0.75 6 1049 295 304 228 164 153 143 66
3 1 5 1 100 0.75 6 1050 302 301 218 163 159 149 66
3 1 5 1 100 0.75 6 1050 302 301 301 163 209 149 66
3 1 5 1 100 0.75 6 1080 302 301 301 163 11 149 66
3 1 5 1 100 0.75 7 1081 0 3 3 0 11 0 0
3 1 5 1 100 0.75 7 1082 0 6 6 0 11 0 0
3 1 5 1 100 0.75 7 1083 0 9 9 0 11 0 0
3 1 5 1 100 0.75 7 1084 0 12 12 0 11 0 0
3 1 5 1 100 0.75 7 1085 0 15 15 0 11 0 0
3 1 5 1 100 0.75 7 1086 0 18 18 0 11 0 0
3 1 5 1 100 0.75 7 1087 0 21 21 0 11 0 0
3 1 5 1 100 0.75 7 1088 0 24 24 0 11 0 0
3 1 5 1 100 0.75 7 1089 0 27 27 0 11 0 0
3 1 5 1 100 0.75 7 1090 1 30 29 0 11 0 0
3 1 5 1 100 0.75 7 1091 1 33 32 1 11 0 0
3 1 5 1 100 0.75 7 1092 1 36 34 1 11 0 0
3 1 5 1 100 0.75 7 1093 1 39 38 1 11 0 0
3 1 5 1 100 0.75 7 1094 1 42 41 1 11 0 0
3 1 5 1 100 0.75 7 1095 1 45 44 1 11 0 0
3 1 5 1 100 0.75 7 1096 1 48 47 1 11 0 0
3 1 5 1 100 0.75 7 1097 1 51 51 1 11 0 1
3 1 5 1 100 0.75 7 1098 1 54 53 1 11 0 1
3 1 5 1 100 0.75 7 1099 1 57 57 1 11 0 1
3 1 5 1 100 0.75 7 1100 1 60 59 1 11 0 1
3 1 5 1 100 0.75 7 1101 1 63 63 1 11 0 1
3 1 5 1 100 0.75 7 1102 2 66 64 1 11 0 1
3 1 5 1 100 0.75 7 1103 2 69 68 2 11 0 1
3 1 5 1 100 0.75 7 1104 2 72 71 2 11 0 1
3 1 5 1 100 0.75 7 1105 2 75 74 2 11 0 1
3 1 5 1 100 0.75 7 1106 2 78 77 2 11 0 1
3 1 5 1 100 0.75 7 1107 2 81 80 2 11 0 1
3 1 5 1 100 0.75 7 1108 2 84 83 2 11 0 1
3 1 5 1 100 0.75 7 1109 2 87 87 2 11 0 2
3 1 5 1 100 0.75 7 1110 2 90 89 2 11 0 2
3 1 5 1 100 0.75 7 1111 2 93 92 2 11 0 2
3 1 5 1 100 0.75 7 1112 2 96 96 2 11 0 2
3 1 5 1 100 0.75 7 1113 4 99 97 2 11 0 2
3 1 5 1 100 0.75 7 1114 4 101 99 3 12 1 1
3 1 5 1 100 0.75 7 1115 5 104 101 3 12 1 1
3 1 5 1 100 0.75 7 1116 6 107 103 4 12 1 1
3 1 5 1 100 0.75 7 1117 8 110 103 5 12 1 1
3 1 5 1 100 0.75 7 1118 8 113 107 7 12 1 1
3 1 5 1 100 0.75 7 1119 8 116 110 7 12 1 1
3 1 5 1 100 0.75 7 1120 8 119 113 7 12 1 1
3 1 5 1 100 0.75 7 1121 8 122 118 7 12 1 3
3 1 5 1 100 0.75 7 1122 9 125 119 7 12 1 3
3 1 5 1 100 0.75 7 1123 10 128 123 8 12 1 4
3 1 5 1 100 0.75 7 1124 12 131 126 9 12 1 5
3 1 5 1 100 0.75 7 1125 14 134 128 11 12 1 5
3 1 5 1 100 0.75 7 1126 14 137 131 13 12 1 5
3 1 5 1 100 0.75 7 1127 15 140 133 13 12 1 5
3 1 5 1 100 0.75 7 1128 15 143 136 14 12 1 5
3 1 5 1 100 0.75 7 1129 15 145 139 13 13 2 5
3 1 5 1 100 0.75 7 1130 15 148 142 13 13 2 6
3 1 5 1 100 0.75 7 1131 16 151 145 13 13 2 6
3 1 5 1 100 0.75 7 1132 18 154 149 14 13 2 8
3 1 5 1 100 0.75 7 1133 19 157 152 16 13 2 9
3 1 5 1 100 0.75 7 1134 21 160 153 17 13 2 9
3 1 5 1 100 0.75 7 1135 21 163 156 19 13 2 9
3 1 5 1 100 0.75 7 1136 22 165 157 18 14 3 8
3 1 5 1 100 0.75 7 1137 24 167 156 18 15 4 7
3 1 5 1 100 0.75 7 1138 26 169 158 19 16 5 6
3 1 5 1 100 0.75 7 1139 26 172 161 21 16 5 6
3 1 5 1 100 0.75 7 1140 28 175 165 21 16 5 8
3 1 5 1 100 0.75 7 1141 29 177 165 22 17 6 8
3 1 5 1 100 0.75 7 1142 29 180 171 23 17 6 9
3 1 5 1 100 0.75 7 1143 29 183 174 23 17 6 10
3 1 5 1 100 0.75 7 1144 30 186 176 23 17 6 10
3 1 5 1 100 0.75 7 1145 33 189 179 24 17 6 12
3 1 5 1 100 0.75 7 1146 33 192 182 27 17 6 13
3 1 5 1 100 0.75 7 1147 35 194 184 26 18 7 13
3 1 5 1 100 0.75 7 1148 37 197 186 28 18 7 14
3 1 5 1 100 0.75 7 1149 38 200 189 30 18 7 15
3 1 5 1 100 0.75 7 1150 38 200 186 28 21 10 12
3 1 5 1 100 0.75 7 1151 38 202 190 28 22 11 11
3 1 5 1 100 0.75 7 1152 40 205 193 28 22 11 12
3 1 5 1 100 0.75 7 1153 41 208 195 30 22 11 14
3 1 5 1 100 0.75 7 1154 42 211 200 31 22 11 14
3 1 5 1 100 0.75 7 1155 44 213 199 31 23 12 13
3 1 5 1 100 0.75 7 1156 45 215 204 32 24 13 15
3 1 5 1 100 0.75 7 1157 47 217 202 32 25 14 14
3 1 5 1 100 0.75 7 1158 48 220 207 34 25 14 15
3 1 5 1 100 0.75 7 1159 50 222 210 34 26 15 16
3 1 5 1 100 0.75 7 1160 50 225 211 36 26 15 16
3 1 5 1 100 0.75 7 1161 53 227 213 35 27 16 16
3 1 5 1 100 0.75 7 1162 54 228 214 36 29 18 15
3 1 5 1 100 0.75 7 1163 57 231 215 37 29 18 15
3 1 5 1 100 0.75 7 1164 62 232 212 38 31 20 14
3 1 5 1 100 0.75 7 1165 64 234 213 42 32 21 14
3 1 5 1 100 0.75 7 1166 66 237 211 44 32 21 14
3 1 5 1 100 0.75 7 1167 67 239 217 45 33 22 13
3 1 5 1 100 0.75 7 1168 68 241 216 45 34 23 12
3 1 5 1 100 0.75 7 1169 68 243 219 45 35 24 13
3 1 5 1 100 0.75 7 1170 73 246 221 46 35 24 15
3 1 5 1 100 0.75 7 1171 75 247 225 49 37 26 17
3 1 5 1 100 0.75 7 1172 78 250 228 51 37 26 19
3 1 5 1 100 0.75 7 1173 79 251 229 52 39 28 17
3 1 5 1 100 0.75 7 1174 80 254 232 53 39 28 17
3 1 5 1 100 0.75 7 1175 82 256 231 53 40 29 16
3 1 5 1 100 0.75 7 1176 83 258 233 54 41 30 16
3 1 5 1 100 0.75 7 1177 87 261 235 55 41 30 20
3 1 5 1 100 0.75 7 1178 90 263 234 58 42 31 21
3 1 5 1 100 0.75 7 1179 91 265 240 60 43 32 23
3 1 5 1 100 0.75 7 1180 92 267 243 60 44 33 23
3 1 5 1 100 0.75 7 1181 98 269 240 60 45 34 23
3 1 5 1 100 0.75 7 1182 99 272 240 66 45 34 24
3 1 5 1 100 0.75 7 1183 100 275 248 67 45 34 27
3 1 5 1 100 0.75 7 1184 102 277 247 67 46 35 27
3 1 5 1 100 0.75 7 1185 106 280 253 69 46 35 30
3 1 5 1 100 0.75 7 1186 109 280 247 70 49 38 27
3 1 5 1 100 0.75 7 1187 113 282 248 72 50 39 28
3 1 5 1 100 0.75 7 1188 114 280 246 71 55 44 25
3 1 5 1 100 0.75 7 1189 117 283 253 72 55 44 27
3 1 5 1 100 0.75 7 1190 119 285 250 74 56 45 26
3 1 5 1 100 0.75 7 1191 121 288 254 76 56 45 27
3 1 5 1 100 0.75 7 1192 122 289 253 76 58 47 28
3 1 5 1 100 0.75 7 1193 125 291 255 76 59 48 28
3 1 5 1 100 0.75 7 1194 132 293 253 78 60 49 31
3 1 5 1 100 0.75 7 1195 135 295 255 85 61 50 31
3 1 5 1 100 0.75 7 1196 139 297 254 87 62 51 31
3 1 5 1 100 0.75 7 1197 142 297 253 88 65 54 31
3 1 5 1 100 0.75 7 1198 147 299 253 90 66 55 30
3 1 5 1 100 0.75 7 1199 148 300 257 93 68 57 30
3 1 5 1 100 0.75 7 1200 152 301 254 92 70 59 29
3 1 5 1 100 0.75 7 1201 156 302 255 94 72 61 33
3 1 5 1 100 0.75 7 1202 163 304 253 98 73 62 36
3 1 5 1 100 0.75 7 1203 164 305 262 103 75 64 36
3 1 5 1 100 0.75 7 1204 172 307 253 103 76 65 39
3 1 5 1 100 0.75 7 1205 176 308 260 109 78 67 41
3 1 5 1 100 0.75 7 1206 179 309 259 111 80 69 43
3 1 5 1 100 0.75 7 1207 182 310 259 112 82 71 43
3 1 5 1 100 0.75 7 1208 185 311 262 113 84 73 44
3 1 5 1 100 0.75 7 1209 191 313 260 115 85 74 47
3 1 5 1 100 0.75 7 1210 195 315 264 120 86 75 48
3 1 5 1 100 0.75 7 1211 199 315 265 121 88 78 49
3 1 5 1 100 0.75 7 1212 203 318 262 126 88 78 54
3 1 5 1 100 0.75 7 1213 209 320 267 129 89 79 56
3 1 5 1 100 0.75 7 1214 215 320 261 132 92 82 55
3 1 5 1 100 0.75 7 1215 220 319 259 134 96 86 54
3 1 5 1 100 0.75 7 1216 224 321 258 138 97 87 55
3 1 5 1 100 0.75 7 1217 229 322 260 141 99 89 59
3 1 5 1 100 0.75 7 1218 232 323 261 144 101 91 60
3 1 5 1 100 0.75 7 1219 240 323 257 145 104 94 61
3 1 5 1 100 0.75 7 1220 241 325 258 152 105 95 63
3 1 5 1 100 0.75 7 1221 245 322 259 147 111 101 60
3 1 5 1 100 0.75 7 1222 251 318 254 145 118 108 58
3 1 5 1 100 0.75 7 1223 257 319 258 149 120 110 62
3 1 5 1 100 0.75 7 1224 261 318 258 151 124 114 60
3 1 5 1 100 0.75 7 1225 266 320 249 154 124 115 61
3 1 5 1 100 0.75 7 1226 272 321 249 158 126 117 62
3 1 5 1 100 0.75 7 1227 280 320 249 160 130 121 62
3 1 5 1 100 0.75 7 1228 289 321 241 166 132 123 61
3 1 5 1 100 0.75 7 1229 294 320 239 172 136 127 61
3 1 5 1 100 0.75 7 1230 298 319 238 173 140 131 62
3 1 5 1 100 0.75 7 1230 298 319 319 173 191 131 62
3 1 5 1 100 0.75 7 1260 298 319 319 173 11 131 62
3 1 5 1 100 0.75 8 1261 0 3 3 0 11 0 0
3 1 5 1 100 0.75 8 1262 0 6 6 0 11 0 0
3 1 5 1 100 0.75 8 1263 0 9 9 0 11 0 0
3 1 5 1 100 0.75 8 1264 0 12 12 0 11 0 0
3 1 5 1 100 0.75 8 1265 0 15 15 0 11 0 0
3 1 5 1 100 0.75 8 1266 0 18 18 0 11 0 0
3 1 5 1 100 0.75 8 1267 0 21 21 0 11 0 0
3 1 5 1 100 0.75 8 1268 0 24 24 0 11 0 0
3 1 5 1 100 0.75 8 1269 0 27 27 0 11 0 0
3 1 5 1 100 0.75 8 1270 0 30 30 0 11 0 0
3 1 5 1 100 0.75 8 1271 0 33 33 0 11 0 0
3 1 5 1 100 0.75 8 1272 1 36 35 0 11 0 0
3 1 5 1 100 0.75 8 1273 1 39 38 1 11 0 0
3 1 5 1 100 0.75 8 1274 1 42 41 1 11 0 0
3 1 5 1 100 0.75 8 1275 1 45 44 1 11 0 0
3 1 5 1 100 0.75 8 1276 1 48 47 1 11 0 0
3 1 5 1 100 0.75 8 1277 1 51 50 1 11 0 0
3 1 5 1 100 0.75 8 1278 1 54 53 1 11 0 0
3 1 5 1 100 0.75 8 1279 1 57 56 1 11 0 0
3 1 5 1 100 0.75 8 1280 1 60 60 1 11 0 0
3 1 5 1 100 0.75 8 1281 1 63 62 1 11 0 0
3 1 5 1 100 0.75 8 1282 1 66 65 1 11 0 0
3 1 5 1 100 0.75 8 1283 1 69 68 1 11 0 0
3 1 5 1 100 0.75 8 1284 3 72 69 1 11 0 0
3 1 5 1 100 0.75 8 1285 3 75 72 3 11 0 0
3 1 5 1 100 0.75 8 1286 3 78 75 3 11 0 0
3 1 5 1 100 0.75 8 1287 3 81 77 3 11 0 0
3 1 5 1 100 0.75 8 1288 4 84 80 3 11 0 0
3 1 5 1 100 0.75 8 1289 5 87 82 4 11 0 0
3 1 5 1 100 0.75 8 1290 6 90 84 5 11 0 0
3 1 5 1 100 0.75 8 1291 6 93 89 6 11 0 0
3 1 5 1 100 0.75 8 1292 6 96 91 6 11 0 0
3 1 5 1 100 0.75 8 1293 6 99 94 6 11 0 0
3 1 5 1 100 0.75 8 1294 6 102 97 6 11 0 0
3 1 5 1 100 0.75 8 1295 6 105 100 6 11 0 0
3 1 5 1 100 0.75 8 1296 6 108 105 6 11 0 2
3 1 5 1 100 0.75 8 1297 7 111 106 6 11 0 3
3 1 5 1 100 0.75 8 1298 7 114 111 7 11 0 3
3 1 5 1 100 0.75 8 1299 7 117 113 7 11 0 3
3 1 5 1 100 0.75 8 1300 8 120 116 7 11 0 3
3 1 5 1 100 0.75 8 1301 8 123 118 8 11 0 3
3 1 5 1 100 0.75 8 1302 8 126 122 8 11 0 3
3 1 5 1 100 0.75 8 1303 8 129 124 8 11 0 3
3 1 5 1 100 0.75 8 1304 8 132 127 8 11 0 3
3 1 5 1 100 0.75 8 1305 9 135 130 8 11 0 4
3 1 5 1 100 0.75 8 1306 10 138 133 9 11 0 4
3 1 5 1 100 0.75 8 1307 10 141 136 10 11 0 5
3 1 5 1 100 0.75 8 1308 11 144 139 10 11 0 5
3 1 5 1 100 0.75 8 1309 11 147 142 11 11 0 5
3 1 5 1 100 0.75 8 1310 11 150 145 11 11 0 5
3 1 5 1 100 0.75 8 1311 11 153 148 11 11 0 5
3 1 5 1 100 0.75 8 1312 12 156 151 11 11 0 5
3 1 5 1 100 0.75 8 1313 14 158 152 11 12 1 4
3 1 5 1 100 0.75 8 1314 14 159 153 11 14 3 2
3 1 5 1 100 0.75 8 1315 15 162 156 11 14 3 3
3 1 5 1 100 0.75 8 1316 15 165 159 12 14 3 3
3 1 5 1 100 0.75 8 1317 16 168 161 12 14 3 3
3 1 5 1 100 0.75 8 1318 16 171 164 13 14 3 3
3 1 5 1 100 0.75 8 1319 18 174 166 13 14 3 4
3 1 5 1 100 0.75 8 1320 19 177 169 15 14 3 5
3 1 5 1 100 0.75 8 1321 19 180 173 16 14 3 6
3 1 5 1 100 0.75 8 1322 19 183 175 16 14 3 6
3 1 5 1 100 0.75 8 1323 19 186 180 16 14 3 7
3 1 5 1 100 0.75 8 1324 19 189 183 16 14 3 7
3 1 5 1 100 0.75 8 1325 19 191 185 15 15 4 6
3 1 5 1 100 0.75 8 1326 19 193 184 14 16 5 6
3 1 5 1 100 0.75 8 1327 19 196 192 14 16 5 8
3 1 5 1 100 0.75 8 1328 22 199 192 14 16 5 8
3 1 5 1 100 0.75 8 1329 22 202 196 17 16 5 8
3 1 5 1 100 0.75 8 1330 22 205 198 17 16 5 8
3 1 5 1 100 0.75 8 1331 22 208 202 17 16 5 8
3 1 5 1 100 0.75 8 1332 23 211 203 17 16 5 8
3 1 5 1 100 0.75 8 1333 23 214 207 18 16 5 8
3 1 5 1 100 0.75 8 1334 23 217 209 18 16 5 8
3 1 5 1 100 0.75 8 1335 24 219 211 17 16 6 7
3 1 5 1 100 0.75 8 1336 25 220 213 16 18 8 6
3 1 5 1 100 0.75 8 1337 26 223 216 17 18 8 6
3 1 5 1 100 0.75 8 1338 26 225 218 17 19 9 5
3 1 5 1 100 0.75 8 1339 29 227 216 16 20 10 4
3 1 5 1 100 0.75 8 1340 30 230 219 19 20 10 4
3 1 5 1 100 0.75 8 1341 31 233 222 20 20 10 4
3 1 5 1 100 0.75 8 1342 32 236 225 21 20 10 5
3 1 5 1 100 0.75 8 1343 33 239 227 22 20 10 5
3 1 5 1 100 0.75 8 1344 36 241 227 22 21 11 5
3 1 5 1 100 0.75 8 1345 38 244 227 25 21 11 6
3 1 5 1 100 0.75 8 1346 39 246 229 26 22 12 5
3 1 5 1 100 0.75 8 1347 41 248 231 26 23 13 7
3 1 5 1 100 0.75 8 1348 42 251 232 28 23 13 7
3 1 5 1 100 0.75 8 1349 42 254 237 29 23 13 8
3 1 5 1 100 0.75 8 1350 43 257 241 29 23 13 9
3 1 5 1 100 0.75 8 1351 45 259 244 29 24 14 11
3 1 5 1 100 0.75 8 1352 50 262 244 31 24 14 12
3 1 5 1 100 0.75 8 1353 52 265 247 36 24 14 14
3 1 5 1 100 0.75 8 1354 53 268 248 38 24 14 15
3 1 5 1 100 0.75 8 1355 55 271 253 39 24 14 17
3 1 5 1 100 0.75 8 1356 55 274 254 41 24 14 17
3 1 5 1 100 0.75 8 1357 56 277 257 41 24 14 18
3 1 5 1 100 0.75 8 1358 58 279 258 41 25 15 19
3 1 5 1 100 0.75 8 1359 59 282 263 43 25 15 21
3 1 5 1 100 0.75 8 1360 60 285 269 44 25 15 24
3 1 5 1 100 0.75 8 1361 63 287 268 44 26 16 25
3 1 5 1 100 0.75 8 1362 66 290 271 47 26 16 26
3 1 5 1 100 0.75 8 1363 69 292 272 49 27 17 25
3 1 5 1 100 0.75 8 1364 69 294 274 51 28 18 24
3 1 5 1 100 0.75 8 1365 71 296 274 50 29 19 24
3 1 5 1 100 0.75 8 1366 73 297 276 50 31 21 24
3 1 5 1 100 0.75 8 1367 73 299 279 51 32 22 24
3 1 5 1 100 0.75 8 1368 74 301 280 50 33 23 25
3 1 5 1 100 0.75 8 1369 78 302 278 49 35 25 23
3 1 5 1 100 0.75 8 1370 79 305 282 53 35 25 26
3 1 5 1 100 0.75 8 1371 83 305 284 51 38 28 26
3 1 5 1 100 0.75 8 1372 86 307 282 54 39 29 26
3 1 5 1 100 0.75 8 1373 91 308 281 55 41 31 26
3 1 5 1 100 0.75 8 1374 95 310 278 59 42 32 25
3 1 5 1 100 0.75 8 1375 99 312 280 62 43 33 25
3 1 5 1 100 0.75 8 1376 100 314 280 65 44 34 25
3 1 5 1 100 0.75 8 1377 101 316 286 65 45 35 28
3 1 5 1 100 0.75 8 1378 102 317 286 64 47 37 28
3 1 5 1 100 0.75 8 1379 106 318 287 63 49 39 28
3 1 5 1 100 0.75 8 1380 108 318 286 64 52 42 26
3 1 5 1 100 0.75 8 1381 111 319 289 64 54 44 28
3 1 5 1 100 0.75 8 1382 112 321 293 66 55 45 30
3 1 5 1 100 0.75 8 1383 118 324 292 69 55 45 32
3 1 5 1 100 0.75 8 1384 120 326 294 74 56 46 32
3 1 5 1 100 0.75 8 1385 123 328 294 75 57 47 33
3 1 5 1 100 0.75 8 1386 125 329 294 76 59 49 31
3 1 5 1 100 0.75 8 1387 130 328 291 74 63 53 31
3 1 5 1 100 0.75 8 1388 136 330 289 78 64 54 34
3 1 5 1 100 0.75 8 1389 142 333 287 84 64 54 35
3 1 5 1 100 0.75 8 1390 144 335 294 89 65 55 36
3 1 5 1 100 0.75 8 1391 148 337 293 91 66 56 40
3 1 5 1 100 0.75 8 1392 152 338 291 93 68 58 39
3 1 5 1 100 0.75 8 1393 157 338 292 94 71 61 39
3 1 5 1 100 0.75 8 1394 159 340 297 98 72 62 39
3 1 5 1 100 0.75 8 1395 165 340 293 98 75 65 38
3 1 5 1 100 0.75 8 1396 170 341 293 103 77 67 41
3 1 5 1 100 0.75 8 1397 177 340 289 105 81 71 42
3 1 5 1 100 0.75 8 1398 182 341 285 110 83 73 41
3 1 5 1 100 0.75 8 1399 186 343 291 114 84 74 44
3 1 5 1 100 0.75 8 1400 187 343 291 115 87 77 43
3 1 5 1 100 0.75 8 1401 193 345 295 115 88 78 45
3 1 5 1 100 0.75 8 1402 197 347 291 120 89 79 48
3 1 5 1 100 0.75 8 1403 200 347 294 122 92 82 51
3 1 5 1 100 0.75 8 1404 207 347 289 122 95 85 52
3 1 5 1 100 0.75 8 1405 215 347 289 126 98 88 54
3 1 5 1 100 0.75 8 1406 219 349 287 133 99 89 56
3 1 5 1 100 0.75 8 1407 223 352 289 137 99 89 59
3 1 5 1 100 0.75 8 1408 230 353 295 139 101 91 59
3 1 5 1 100 0.75 8 1409 235 354 292 144 103 93 61
3 1 5 1 100 0.75 8 1410 243 356 293 148 104 94 61
3 1 5 1 100 0.75 8 1410 243 356 356 148 161 94 61
3 1 5 1 100 0.75 8 1440 243 356 356 148 11 94 61
3 1 5 1 100 0.75 9 1441 0 3 3 0 11 0 0
3 1 5 1 100 0.75 9 1442 0 6 6 0 11 0 0
3 1 5 1 100 0.75 9 1443 0 9 9 0 11 0 0
3 1 5 1 100 0.75 9 1444 0 12 12 0 11 0 0
3 1 5 1 100 0.75 9 1445 0 15 15 0 11 0 0
3 1 5 1 100 0.75 9 1446 0 18 18 0 11 0 0
3 1 5 1 100 0.75 9 1447 0 21 21 0 11 0 0
3 1 5 1 100 0.75 9 1448 0 24 24 0 11 0 0
3 1 5 1 100 0.75 9 1449 0 27 27 0 11 0 0
3 1 5 1 100 0.75 9 1450 0 30 30 0 11 0 0
3 1 5 1 100 0.75 9 1451 0 33 33 0 11 0 0
3 1 5 1 100 0.75 9 1452 0 36 36 0 11 0 0
3 1 5 1 100 0.75 9 1453 0 39 39 0 11 0 0
3 1 5 1 100 0.75 9 1454 0 42 41 0 11 0 0
3 1 5 1 100 0.75 9 1455 0 45 45 0 11 0 0
3 1 5 1 100 0.75 9 1456 1 48 47 0 10 0 0
3 1 5 1 100 0.75 9 1457 1 51 50 1 10 0 0
3 1 5 1 100 0.75 9 1458 2 54 52 1 10 0 0
3 1 5 1 100 0.75 9 1459 2 57 55 2 10 0 0
3 1 5 1 100 0.75 9 1460 3 60 57 2 10 0 0
3 1 5 1 100 0.75 9 1461 4 63 59 3 10 0 0
3 1 5 1 100 0.75 9 1462 4 66 62 4 10 0 0
3 1 5 1 100 0.75 9 1463 4 69 65 4 10 0 0
3 1 5 1 100 0.75 9 1464 4 72 69 4 10 0 0
3 1 5 1 100 0.75 9 1465 4 75 72 4 10 0 0
3 1 5 1 100 0.75 9 1466 4 78 76 4 10 0 1
3 1 5 1 100 0.75 9 1467 5 81 77 4 10 0 1
3 1 5 1 100 0.75 9 1468 5 84 82 5 10 0 2
3 1 5 1 100 0.75 9 1469 5 87 85 5 10 0 3
3 1 5 1 100 0.75 9 1470 5 90 88 5 10 0 3
3 1 5 1 100 0.75 9 1471 7 93 90 5 10 0 3
3 1 5 1 100 0.75 9 1472 7 96 93 7 10 0 3
3 1 5 1 100 0.75 9 1473 8 99 95 7 10 0 3
3 1 5 1 100 0.75 9 1474 8 102 98 8 10 0 3
3 1 5 1 100 0.75 9 1475 8 105 102 8 10 0 4
3 1 5 1 100 0.75 9 1476 8 108 105 8 10 0 4
3 1 5 1 100 0.75 9 1477 9 111 107 8 10 0 4
3 1 5 1 100 0.75 9 1478 9 114 111 9 10 0 5
3 1 5 1 100 0.75 9 1479 10 117 114 9 10 0 6
3 1 5 1 100 0.75 9 1480 10 120 118 10 10 0 7
3 1 5 1 100 0.75 9 1481 11 123 120 10 10 0 7
3 1 5 1 100 0.75 9 1482 11 126 123 11 10 0 7
3 1 5 1 100 0.75 9 1483 12 129 124 11 10 0 7
3 1 5 1 100 0.75 9 1484 12 132 129 12 10 0 8
3 1 5 1 100 0.75 9 1485 13 134 130 11 11 1 7
3 1 5 1 100 0.75 9 1486 14 135 130 10 13 3 6
3 1 5 1 100 0.75 9 1487 15 138 132 11 13 3 6
3 1 5 1 100 0.75 9 1488 16 141 135 12 13 3 6
3 1 5 1 100 0.75 9 1489 17 144 138 13 13 3 7
3 1 5 1 100 0.75 9 1490 17 147 141 14 13 3 7
3 1 5 1 100 0.75 9 1491 17 150 145 14 13 3 7
3 1 5 1 100 0.75 9 1492 17 153 147 14 13 3 8
3 1 5 1 100 0.75 9 1493 18 155 150 13 14 4 8
3 1 5 1 100 0.75 9 1494 18 158 152 14 14 4 8
3 1 5 1 100 0.75 9 1495 18 161 157 14 14 4 10
3 1 5 1 100 0.75 9 1496 19 162 157 12 16 6 9
3 1 5 1 100 0.75 9 1497 19 165 161 13 16 6 9
3 1 5 1 100 0.75 9 1498 19 168 165 13 16 6 9
3 1 5 1 100 0.75 9 1499 22 171 164 13 16 6 9
3 1 5 1 100 0.75 9 1500 22 173 167 15 17 7 8
3 1 5 1 100 0.75 9 1501 22 175 169 14 18 8 8
3 1 5 1 100 0.75 9 1502 22 177 172 13 19 9 7
3 1 5 1 100 0.75 9 1503 22 180 175 13 19 9 7
3 1 5 1 100 0.75 9 1504 23 183 175 13 19 9 7
3 1 5 1 100 0.75 9 1505 23 186 179 14 19 9 7
3 1 5 1 100 0.75 9 1506 24 189 184 14 19 9 9
3 1 5 1 100 0.75 9 1507 25 192 183 16 19 9 9
3 1 5 1 100 0.75 9 1508 27 195 187 17 19 9 9
3 1 5 1 100 0.75 9 1509 28 197 188 18 20 10 8
3 1 5 1 100 0.75 9 1510 29 199 189 18 21 11 7
3 1 5 1 100 0.75 9 1511 31 201 190 18 22 12 6
3 1 5 1 100 0.75 9 1512 33 203 189 19 23 13 5
3 1 5 1 100 0.75 9 1513 34 205 190 20 24 14 4
3 1 5 1 100 0.75 9 1514 34 207 194 20 25 15 6
3 1 5 1 100 0.75 9 1515 35 210 197 20 25 15 6
3 1 5 1 100 0.75 9 1516 35 212 202 20 26 16 5
3 1 5 1 100 0.75 9 1517 35 215 204 20 26 16 6
3 1 5 1 100 0.75 9 1518 38 218 207 20 26 16 7
3 1 5 1 100 0.75 9 1519 39 221 210 23 26 16 9
3 1 5 1 100 0.75 9 1520 41 224 213 25 26 16 11
3 1 5 1 100 0.75 9 1521 44 227 212 27 26 16 11
3 1 5 1 100 0.75 9 1522 44 229 216 29 27 17 10
3 1 5 1 100 0.75 9 1523 45 231 216 28 28 18 9
3 1 5 1 100 0.75 9 1524 45 234 218 29 28 18 9
3 1 5 1 100 0.75 9 1525 45 237 225 29 28 18 11
3 1 5 1 100 0.75 9 1526 48 240 225 29 28 18 12
3 1 5 1 100 0.75 9 1527 49 243 231 32 28 18 14
3 1 5 1 100 0.75 9 1528 50 246 232 33 28 18 16
3 1 5 1 100 0.75 9 1529 52 249 237 34 28 18 17
3 1 5 1 100 0.75 9 1530 55 252 236 36 28 18 17
3 1 5 1 100 0.75 9 1531 55 255 238 39 28 18 17
3 1 5 1 100 0.75 9 1532 57 258 240 39 28 18 17
3 1 5 1 100 0.75 9 1533 59 260 245 40 29 19 17
3 1 5 1 100 0.75 9 1534 60 260 243 39 32 22 15
3 1 5 1 100 0.75 9 1535 61 261 246 38 34 24 14
3 1 5 1 100 0.75 9 1536 65 264 246 39 34 24 15
3 1 5 1 100 0.75 9 1537 67 267 249 43 34 24 18
3 1 5 1 100 0.75 9 1538 70 270 251 45 34 24 19
3 1 5 1 100 0.75 9 1539 72 270 250 45 37 27 16
3 1 5 1 100 0.75 9 1540 74 273 249 47 37 27 18
3 1 5 1 100 0.75 9 1541 77 274 252 47 39 29 17
3 1 5 1 100 0.75 9 1542 78 277 255 50 39 29 18
3 1 5 1 100 0.75 9 1543 80 280 256 51 39 29 19
3 1 5 1 100 0.75 9 1544 81 280 257 50 42 32 18
3 1 5 1 100 0.75 9 1545 85 281 258 49 44 34 20
3 1 5 1 100 0.75 9 1546 88 283 256 52 45 35 19
3 1 5 1 100 0.75 9 1547 90 286 263 55 45 35 23
3 1 5 1 100 0.75 9 1548 94 289 261 57 45 35 24
3 1 5 1 100 0.75 9 1549 97 291 264 61 46 36 24
3 1 5 1 100 0.75 9 1550 99 293 261 63 47 37 24
3 1 5 1 100 0.75 9 1551 103 295 265 65 48 38 24
3 1 5 1 100 0.75 9 1552 104 297 267 68 49 39 24
3 1 5 1 100 0.75 9 1553 106 298 266 67 51 41 26
3 1 5 1 100 0.75 9 1554 110 301 271 69 51 41 28
3 1 5 1 100 0.75 9 1555 111 303 272 72 52 42 28
3 1 5 1 100 0.75 9 1556 116 304 275 71 54 44 29
3 1 5 1 100 0.75 9 1557 119 306 275 75 55 45 31
3 1 5 1 100 0.75 9 1558 122 308 279 78 56 46 33
3 1 5 1 100 0.75 9 1559 123 310 278 80 57 47 32
3 1 5 1 100 0.75 9 1560 125 312 283 80 58 48 34
3 1 5 1 100 0.75 9 1561 128 314 283 81 59 49 36
3 1 5 1 100 0.75 9 1562 130 314 281 81 62 52 34
3 1 5 1 100 0.75 9 1563 133 315 283 81 64 54 34
3 1 5 1 100 0.75 9 1564 138 316 284 82 66 56 36
3 1 5 1 100 0.75 9 1565 139 317 286 85 68 58 36
3 1 5 1 100 0.75 9 1566 141 318 289 84 70 60 37
3 1 5 1 100 0.75 9 1567 147 321 284 86 70 60 38
3 1 5 1 100 0.75 9 1568 151 321 285 89 73 63 37
3 1 5 1 100 0.75 9 1569 154 323 284 92 74 64 40
3 1 5 1 100 0.75 9 1570 158 325 286 94 75 65 41
3 1 5 1 100 0.75 9 1571 164 326 290 96 77 67 43
3 1 5 1 100 0.75 9 1572 166 328 288 101 78 68 43
3 1 5 1 100 0.75 9 1573 171 328 283 100 81 71 41
3 1 5 1 100 0.75 9 1574 173 327 279 101 85 75 38
3 1 5 1 100 0.75 9 1575 177 328 283 101 87 77 42
3 1 5 1 100 0.75 9 1576 179 328 283 102 90 80 41
3 1 5 1 100 0.75 9 1577 181 330 289 104 91 81 44
3 1 5 1 100 0.75 9 1578 186 333 285 106 91 81 47
3 1 5 1 100 0.75 9 1579 196 335 289 110 92 82 51
3 1 5 1 100 0.75 9 1580 200 336 284 118 94 84 51
3 1 5 1 100 0.75 9 1581 206 334 279 117 99 89 48
3 1 5 1 100 0.75 9 1582 210 334 278 120 102 92 47
3 1 5 1 100 0.75 9 1583 216 334 281 121 105 95 48
3 1 5 1 100 0.75 9 1584 216 333 279 124 109 99 46
3 1 5 1 100 0.75 9 1585 223 333 274 122 112 102 44
3 1 5 1 100 0.75 9 1586 231 335 270 129 113 103 49
3 1 5 1 100 0.75 9 1587 235 335 274 135 116 106 54
3 1 5 1 100 0.75 9 1588 241 337 275 139 117 107 56
3 1 5 1 100 0.75 9 1589 248 338 277 143 119 109 59
3 1 5 1 100 0.75 9 1590 252 338 272 147 122 112 60
3 1 5 1 100 0.75 9 1590 252 338 338 147 173 112 60
3 1 5 1 100 0.75 9 1620 252 338 338 147 11 112 60
3 1 5 1 100 0.75 10 1621 0 3 3 0 11 0 0
3 1 5 1 100 0.75 10 1622 0 6 6 0 11 0 0
3 1 5 1 100 0.75 10 1623 0 9 9 0 11 0 0
3 1 5 1 100 0.75 10 1624 0 12 12 0 11 0 0
3 1 5 1 100 0.75 10 1625 0 15 15 0 11 0 0
3 1 5 1 100 0.75 10 1626 0 18 18 0 11 0 0
3 1 5 1 100 0.75 10 1627 0 21 21 0 11 0 0
3 1 5 1 100 0.75 10 1628 0 24 24 0 11 0 0
3 1 5 1 100 0.75 10 1629 0 27 27 0 11 0 0
3 1 5 1 100 0.75 10 1630 0 30 30 0 11 0 0
3 1 5 1 100 0.75 10 1631 0 33 33 0 11 0 0
3 1 5 1 100 0.75 10 1632 0 36 36 0 11 0 0
3 1 5 1 100 0.75 10 1633 0 39 39 0 11 0 0
3 1 5 1 100 0.75 10 1634 0 42 42 0 11 0 0
3 1 5 1 100 0.75 10 1635 0 45 45 0 11 0 0
3 1 5 1 100 0.75 10 1636 2 48 46 0 11 0 0
3 1 5 1 100 0.75 10 1637 2 51 49 2 11 0 0
3 1 5 1 100 0.75 10 1638 2 54 51 2 11 0 0
3 1 5 1 100 0.75 10 1639 2 57 55 2 11 0 0
3 1 5 1 100 0.75 10 1640 2 60 58 2 11 0 0
3 1 5 1 100 0.75 10 1641 3 63 60 2 11 0 0
3 1 5 1 100 0.75 10 1642 3 66 63 3 11 0 0
3 1 5 1 100 0.75 10 1643 3 69 66 3 11 0 0
3 1 5 1 100 0.75 10 1644 3 72 71 3 11 0 0
3 1 5 1 100 0.75 10 1645 3 75 73 3 11 0 0
3 1 5 1 100 0.75 10 1646 3 78 76 3 11 0 0
3 1 5 1 100 0.75 10 1647 3 81 79 3 11 0 0
3 1 5 1 100 0.75 10 1648 4 84 82 3 11 0 1
3 1 5 1 100 0.75 10 1649 4 87 85 4 11 0 1
3 1 5 1 100 0.75 10 1650 4 90 88 4 11 0 1
3 1 5 1 100 0.75 10 1651 4 93 90 4 11 0 1
3 1 5 1 100 0.75 10 1652 4 96 94 4 11 0 1
3 1 5 1 100 0.75 10 1653 4 99 96 4 11 0 1
3 1 5 1 100 0.75 10 1654 6 102 98 4 11 0 1
3 1 5 1 100 0.75 10 1655 6 105 101 6 11 0 2
3 1 5 1 100 0.75 10 1656 6 108 104 6 11 0 2
3 1 5 1 100 0.75 10 1657 7 111 107 6 11 0 2
3 1 5 1 100 0.75 10 1658 8 114 109 7 11 0 2
3 1 5 1 100 0.75 10 1659 9 117 111 8 11 0 2
3 1 5 1 100 0.75 10 1660 10 120 113 9 11 0 2
3 1 5 1 100 0.75 10 1661 10 123 117 10 11 0 4
3 1 5 1 100 0.75 10 1662 10 126 121 10 11 0 4
3 1 5 1 100 0.75 10 1663 10 129 124 10 11 0 4
3 1 5 1 100 0.75 10 1664 11 132 126 10 11 0 5
3 1 5 1 100 0.75 10 1665 11 135 129 11 11 0 5
3 1 5 1 100 0.75 10 1666 12 138 133 11 11 0 6
3 1 5 1 100 0.75 10 1667 13 141 136 12 11 0 7
3 1 5 1 100 0.75 10 1668 14 143 137 12 12 1 6
3 1 5 1 100 0.75 10 1669 14 146 141 13 12 1 6
3 1 5 1 100 0.75 10 1670 14 149 142 13 12 1 6
3 1 5 1 100 0.75 10 1671 14 152 147 13 12 1 6
3 1 5 1 100 0.75 10 1672 15 154 148 12 13 2 6
3 1 5 1 100 0.75 10 1673 15 157 149 13 13 2 6
3 1 5 1 100 0.75 10 1674 15 160 156 13 13 2 8
3 1 5 1 100 0.75 10 1675 18 163 157 13 13 2 8
3 1 5 1 100 0.75 10 1676 18 166 159 16 13 2 8
3 1 5 1 100 0.75 10 1677 19 168 160 15 14 3 7
3 1 5 1 100 0.75 10 1678 20 171 163 16 14 3 7
3 1 5 1 100 0.75 10 1679 21 173 164 16 15 4 7
3 1 5 1 100 0.75 10 1680 23 176 167 17 15 4 7
3 1 5 1 100 0.75 10 1681 24 179 169 19 15 4 7
3 1 5 1 100 0.75 10 1682 24 181 173 19 16 5 6
3 1 5 1 100 0.75 10 1683 25 183 173 18 17 6 6
3 1 5 1 100 0.75 10 1684 26 186 176 19 17 6 7
3 1 5 1 100 0.75 10 1685 26 189 180 20 17 6 8
3 1 5 1 100 0.75 10 1686 26 191 183 19 18 7 8
3 1 5 1 100 0.75 10 1687 27 194 186 19 18 7 9
3 1 5 1 100 0.75 10 1688 27 197 190 20 18 7 10
3 1 5 1 100 0.75 10 1689 30 199 190 19 19 8 9
3 1 5 1 100 0.75 10 1690 30 202 192 22 19 8 10
3 1 5 1 100 0.75 10 1691 32 204 193 21 20 9 9
3 1 5 1 100 0.75 10 1692 33 206 195 22 21 10 9
3 1 5 1 100 0.75 10 1693 34 209 197 23 21 10 9
3 1 5 1 100 0.75 10 1694 35 212 200 24 21 10 10
3 1 5 1 100 0.75 10 1695 35 215 203 25 21 10 10
3 1 5 1 100 0.75 10 1696 36 218 206 25 21 10 10
3 1 5 1 100 0.75 10 1697 37 221 210 26 21 10 12
3 1 5 1 100 0.75 10 1698 39 224 213 27 21 10 14
3 1 5 1 100 0.75 10 1699 40 226 214 28 22 11 13
3 1 5 1 100 0.75 10 1700 40 228 216 28 23 12 12
3 1 5 1 100 0.75 10 1701 40 231 219 28 23 12 13
3 1 5 1 100 0.75 10 1702 42 234 223 28 23 12 14
3 1 5 1 100 0.75 10 1703 47 234 216 27 26 15 11
3 1 5 1 100 0.75 10 1704 48 236 218 31 27 16 10
3 1 5 1 100 0.75 10 1705 49 238 220 31 28 17 10
3 1 5 1 100 0.75 10 1706 50 241 223 33 28 17 11
3 1 5 1 100 0.75 10 1707 54 244 222 34 28 17 11
3 1 5 1 100 0.75 10 1708 55 246 224 37 29 18 10
3 1 5 1 100 0.75 10 1709 57 249 225 38 29 18 11
3 1 5 1 100 0.75 10 1710 57 251 231 39 30 19 12
3 1 5 1 100 0.75 10 1711 60 254 233 39 30 19 13
3 1 5 1 100 0.75 10 1712 66 256 233 41 31 20 13
3 1 5 1 100 0.75 10 1713 66 258 235 46 32 21 13
3 1 5 1 100 0.75 10 1714 70 259 236 44 34 23 13
3 1 5 1 100 0.75 10 1715 71 262 239 48 34 23 14
3 1 5 1 100 0.75 10 1716 71 264 243 48 35 24 13
3 1 5 1 100 0.75 10 1717 72 267 244 48 35 24 13
3 1 5 1 100 0.75 10 1718 73 270 249 49 35 24 15
3 1 5 1 100 0.75 10 1719 76 273 252 50 35 24 18
3 1 5 1 100 0.75 10 1720 80 275 251 52 36 25 17
3 1 5 1 100 0.75 10 1721 82 277 255 55 37 26 19
3 1 5 1 100 0.75 10 1722 83 278 256 55 39 28 17
3 1 5 1 100 0.75 10 1723 86 281 256 56 39 28 18
3 1 5 1 100 0.75 10 1724 88 284 259 59 39 28 18
3 1 5 1 100 0.75 10 1725 89 287 260 61 39 28 19
3 1 5 1 100 0.75 10 1726 93 288 261 60 41 30 18
3 1 5 1 100 0.75 10 1727 94 290 262 63 42 31 20
3 1 5 1 100 0.75 10 1728 94 291 267 62 44 33 21
3 1 5 1 100 0.75 10 1729 96 293 267 61 45 34 20
3 1 5 1 100 0.75 10 1730 97 296 271 63 45 34 22
3 1 5 1 100 0.75 10 1731 99 297 274 62 47 36 21
3 1 5 1 100 0.75 10 1732 101 299 275 63 48 37 21
3 1 5 1 100 0.75 10 1733 104 302 277 65 48 37 23
3 1 5 1 100 0.75 10 1734 107 304 276 67 49 38 24
3 1 5 1 100 0.75 10 1735 109 307 279 71 49 38 25
3 1 5 1 100 0.75 10 1736 111 310 283 73 49 38 26
3 1 5 1 100 0.75 10 1737 112 311 280 73 51 40 24
3 1 5 1 100 0.75 10 1738 113 313 283 73 52 41 23
3 1 5 1 100 0.75 10 1739 114 312 281 70 56 45 22
3 1 5 1 100 0.75 10 1740 119 314 287 70 57 46 24
3 1 5 1 100 0.75 10 1741 125 317 282 75 57 46 26
3 1 5 1 100 0.75 10 1742 127 319 287 80 58 47 27
3 1 5 1 100 0.75 10 1743 131 321 285 81 59 48 28
3 1 5 1 100 0.75 10 1744 132 323 287 84 60 49 28
3 1 5 1 100 0.75 10 1745 133 323 289 82 63 52 27
3 1 5 1 100 0.75 10 1746 134 325 284 82 64 53 26
3 1 5 1 100 0.75 10 1747 138 324 283 80 68 57 27
3 1 5 1 100 0.75 10 1748 143 326 284 84 69 58 28
3 1 5 1 100 0.75 10 1749 148 329 284 89 69 58 33
3 1 5 1 100 0.75 10 1750 152 330 288 92 71 60 32
3 1 5 1 100 0.75 10 1751 157 332 287 95 72 61 34
3 1 5 1 100 0.75 10 1752 161 335 285 100 72 61 35
3 1 5 1 100 0.75 10 1753 162 336 289 102 74 63 33
3 1 5 1 100 0.75 10 1754 166 339 288 103 74 63 35
3 1 5 1 100 0.75 10 1755 166 341 294 106 75 64 36
3 1 5 1 100 0.75 10 1756 170 342 296 104 77 66 36
3 1 5 1 100 0.75 10 1757 172 340 298 103 82 71 35
3 1 5 1 100 0.75 10 1758 182 342 289 104 83 72 36
3 1 5 1 100 0.75 10 1759 185 343 292 112 85 74 37
3 1 5 1 100 0.75 10 1760 190 344 291 113 87 76 38
3 1 5 1 100 0.75 10 1761 191 346 293 117 88 77 38
3 1 5 1 100 0.75 10 1762 196 346 290 115 91 80 36
3 1 5 1 100 0.75 10 1763 199 349 288 120 91 80 37
3 1 5 1 100 0.75 10 1764 202 351 292 122 92 81 38
3 1 5 1 100 0.75 10 1765 207 351 294 123 95 84 39
3 1 5 1 100 0.75 10 1766 212 351 286 125 98 87 38
3 1 5 1 100 0.75 10 1767 219 350 288 126 102 91 38
3 1 5 1 100 0.75 10 1768 225 351 283 131 104 93 38
3 1 5 1 100 0.75 10 1769 230 353 288 136 105 94 38
3 1 5 1 100 0.75 10 1770 235 353 284 138 108 97 38
3 1 5 1 100 0.75 10 1770 235 353 353 138 140 97 38
3 1 5 1 100 0.75 10 1800 235 353 353 138 11 97 38
