5 90 5 1 100 0.75 1 1 0 5 5 0 100 0 0
5 90 5 1 100 0.75 1 2 0 10 10 0 100 0 0
5 90 5 1 100 0.75 1 3 0 15 15 0 100 0 0
5 90 5 1 100 0.75 1 4 0 20 20 0 100 0 0
5 90 5 1 100 0.75 1 5 0 25 25 0 100 0 0
5 90 5 1 100 0.75 1 6 0 30 30 0 100 0 0
5 90 5 1 100 0.75 1 7 0 35 34 0 100 0 0
5 90 5 1 100 0.75 1 8 0 40 39 0 100 0 0
5 90 5 1 100 0.75 1 9 3 45 40 0 100 0 0
5 90 5 1 100 0.75 1 10 4 50 44 3 100 0 0
5 90 5 1 100 0.75 1 11 6 55 47 4 100 0 0
5 90 5 1 100 0.75 1 12 11 60 48 6 100 0 0
5 90 5 1 100 0.75 1 13 16 65 48 11 100 0 0
5 90 5 1 100 0.75 1 14 20 70 48 16 100 0 0
5 90 5 1 100 0.75 1 15 23 75 46 20 100 0 0
5 90 5 1 100 0.75 1 16 27 80 54 23 100 0 2
5 90 5 1 100 0.75 1 17 31 85 53 27 100 0 2
5 90 5 1 100 0.75 1 18 34 90 60 31 100 0 4
5 90 5 1 100 0.75 1 19 38 95 65 34 100 0 6
5 90 5 1 100 0.75 1 20 41 100 69 38 100 0 9
5 90 5 1 100 0.75 1 21 46 105 71 41 100 0 12
5 90 5 1 100 0.75 1 22 50 109 73 46 100 0 15
5 90 5 1 100 0.75 1 23 53 109 75 50 100 0 20
5 90 5 1 100 0.75 1 24 59 109 70 53 100 0 23
5 90 5 1 100 0.75 1 25 63 109 69 59 100 0 25
5 90 5 1 100 0.75 1 26 68 109 65 63 100 0 28
5 90 5 1 100 0.75 1 27 71 109 68 68 100 0 30
5 90 5 1 100 0.75 1 28 75 109 69 71 100 0 31
5 90 5 1 100 0.75 1 29 76 109 67 75 100 0 32
5 90 5 1 100 0.75 1 30 79 109 69 76 100 0 35
5 90 5 1 100 0.75 1 31 81 107 69 77 102 2 37
5 90 5 1 100 0.75 1 32 82 109 74 79 102 2 42
5 90 5 1 100 0.75 1 33 85 109 73 80 102 2 46
5 90 5 1 100 0.75 1 34 87 108 75 82 103 3 48
5 90 5 1 100 0.75 1 35 87 108 70 83 104 4 50
5 90 5 1 100 0.75 1 36 90 107 78 81 106 6 53
5 90 5 1 100 0.75 1 37 92 107 77 82 108 8 53
5 90 5 1 100 0.75 1 38 92 107 84 82 110 10 53
5 90 5 1 100 0.75 1 39 92 105 75 78 114 14 49
5 90 5 1 100 0.75 1 40 92 103 76 72 120 20 44
5 90 5 1 100 0.75 1 41 93 104 77 69 124 24 41
5 90 5 1 100 0.75 1 42 95 109 83 70 124 24 41
5 90 5 1 100 0.75 1 43 95 108 82 71 125 25 41
5 90 5 1 100 0.75 1 44 95 108 87 70 126 26 43
5 90 5 1 100 0.75 1 45 97 106 77 68 129 29 41
5 90 5 1 100 0.75 1 46 98 107 80 69 131 31 39
5 90 5 1 100 0.75 1 47 98 106 71 69 134 34 36
5 90 5 1 100 0.75 1 48 99 106 69 71 137 37 33
5 90 5 1 100 0.75 1 49 100 104 61 72 142 42 29
5 90 5 1 100 0.75 1 50 101 105 59 74 146 46 26
5 90 5 1 100 0.75 1 51 102 107 63 73 148 48 24
5 90 5 1 100 0.75 1 52 103 107 65 73 150 50 24
5 90 5 1 100 0.75 1 53 104 107 58 74 152 52 24
5 90 5 1 100 0.75 1 54 105 109 63 79 152 52 27
5 90 5 1 100 0.75 1 55 105 106 62 77 155 55 29
5 90 5 1 100 0.75 1 56 105 102 62 73 162 62 26
5 90 5 1 100 0.75 1 57 105 106 65 73 163 63 29
5 90 5 1 100 0.75 1 58 105 107 67 75 165 65 29
5 90 5 1 100 0.75 1 59 105 109 61 78 165 65 30
5 90 5 1 100 0.75 1 60 105 107 67 81 167 67 30
5 90 5 1 100 0.75 1 61 106 107 63 79 169 69 31
5 90 5 1 100 0.75 1 62 108 109 62 84 169 69 32
5 90 5 1 100 0.75 1 63 108 108 62 87 170 70 32
5 90 5 1 100 0.75 1 64 108 109 60 91 170 70 35
5 90 5 1 100 0.75 1 65 108 109 53 94 170 70 38
5 90 5 1 100 0.75 1 66 109 109 60 100 170 70 41
5 90 5 1 100 0.75 1 67 109 109 52 101 170 70 42
5 90 5 1 100 0.75 1 68 109 109 57 103 170 70 43
5 90 5 1 100 0.75 1 69 109 107 62 101 172 72 45
5 90 5 1 100 0.75 1 70 109 107 68 99 174 74 46
5 90 5 1 100 0.75 1 71 109 106 66 98 177 77 46
5 90 5 1 100 0.75 1 72 109 105 64 95 181 81 44
5 90 5 1 100 0.75 1 73 109 103 63 89 187 87 40
5 90 5 1 100 0.75 1 74 109 106 68 87 189 89 40
5 90 5 1 100 0.75 1 75 109 106 63 85 192 92 37
5 90 5 1 100 0.75 1 76 109 106 66 84 195 95 34
5 90 5 1 100 0.75 1 77 109 107 66 83 197 97 32
5 90 5 1 100 0.75 1 78 109 108 71 82 198 98 34
5 90 5 1 100 0.75 1 79 109 106 62 82 201 101 31
5 90 5 1 100 0.75 1 80 109 108 61 84 202 102 30
5 90 5 1 100 0.75 1 81 109 108 58 87 203 103 30
5 90 5 1 100 0.75 1 82 109 105 51 86 207 107 26
5 90 5 1 100 0.75 1 83 109 109 54 86 207 107 27
5 90 5 1 100 0.75 1 84 109 106 51 87 210 110 24
5 90 5 1 100 0.75 1 85 109 104 46 83 215 115 19
5 90 5 1 100 0.75 1 86 109 107 50 83 217 117 20
5 90 5 1 100 0.75 1 87 109 108 49 85 218 118 22
5 90 5 1 100 0.75 1 88 109 106 57 85 221 121 21
5 90 5 1 100 0.75 1 89 109 106 47 83 224 124 18
5 90 5 1 100 0.75 1 90 109 106 47 82 227 127 16
5 90 5 1 100 0.75 1 91 109 109 50 85 227 127 18
5 90 5 1 100 0.75 1 92 109 107 52 85 229 129 16
5 90 5 1 100 0.75 1 93 109 109 42 87 229 129 17
5 90 5 1 100 0.75 1 94 109 109 49 92 229 129 19
5 90 5 1 100 0.75 1 95 109 108 47 93 230 130 21
5 90 5 1 100 0.75 1 96 109 108 45 95 231 131 20
5 90 5 1 100 0.75 1 97 109 109 48 99 231 131 23
5 90 5 1 100 0.75 1 98 109 108 44 102 232 132 24
5 90 5 1 100 0.75 1 99 109 109 47 102 232 132 24
5 90 5 1 100 0.75 1 100 109 109 44 104 232 132 27
5 90 5 1 100 0.75 1 101 109 106 48 102 235 135 26
5 90 5 1 100 0.75 1 102 109 109 50 102 235 135 26
5 90 5 1 100 0.75 1 103 109 107 48 101 237 137 26
5 90 5 1 100 0.75 1 104 109 108 54 102 238 138 30
5 90 5 1 100 0.75 1 105 109 106 49 99 241 141 28
5 90 5 1 100 0.75 1 106 109 109 55 99 241 141 29
5 90 5 1 100 0.75 1 107 109 106 52 96 244 144 27
5 90 5 1 100 0.75 1 108 109 109 53 97 244 144 28
5 90 5 1 100 0.75 1 109 109 107 53 95 246 146 26
5 90 5 1 100 0.75 1 110 109 108 48 96 247 147 27
5 90 5 1 100 0.75 1 111 109 108 51 95 248 148 27
5 90 5 1 100 0.75 1 112 109 106 45 94 251 151 24
5 90 5 1 100 0.75 1 113 109 109 50 96 251 151 24
5 90 5 1 100 0.75 1 114 109 107 50 94 253 153 22
5 90 5 1 100 0.75 1 115 109 109 48 96 253 153 23
5 90 5 1 100 0.75 1 116 109 108 44 98 254 154 23
5 90 5 1 100 0.75 1 117 109 108 48 99 255 155 23
5 90 5 1 100 0.75 1 118 109 104 44 94 260 160 20
5 90 5 1 100 0.75 1 119 109 109 46 94 260 160 20
5 90 5 1 100 0.75 1 120 109 106 44 94 263 163 18
5 90 5 1 100 0.75 1 121 109 107 42 94 265 165 16
5 90 5 1 100 0.75 1 122 109 108 48 94 266 166 18
5 90 5 1 100 0.75 1 123 109 106 41 92 269 169 17
5 90 5 1 100 0.75 1 124 109 108 47 93 270 170 16
5 90 5 1 100 0.75 1 125 109 109 44 93 270 170 16
5 90 5 1 100 0.75 1 126 109 106 46 90 273 173 16
5 90 5 1 100 0.75 1 127 109 107 44 92 275 175 14
5 90 5 1 100 0.75 1 128 109 109 52 93 275 175 16
5 90 5 1 100 0.75 1 129 109 109 54 94 275 175 16
5 90 5 1 100 0.75 1 130 109 109 51 95 275 175 18
5 90 5 1 100 0.75 1 131 109 108 46 97 276 176 17
5 90 5 1 100 0.75 1 132 109 109 46 100 276 176 17
5 90 5 1 100 0.75 1 133 109 107 43 99 278 178 15
5 90 5 1 100 0.75 1 134 109 109 42 102 278 178 18
5 90 5 1 100 0.75 1 135 109 109 46 103 278 178 19
5 90 5 1 100 0.75 1 136 109 107 42 104 280 180 19
5 90 5 1 100 0.75 1 137 109 108 44 103 281 181 19
5 90 5 1 100 0.75 1 138 109 109 47 103 281 181 20
5 90 5 1 100 0.75 1 139 109 106 51 100 284 184 20
5 90 5 1 100 0.75 1 140 109 107 45 98 286 186 19
5 90 5 1 100 0.75 1 141 109 109 52 100 286 186 22
5 90 5 1 100 0.75 1 142 109 108 48 99 287 187 23
5 90 5 1 100 0.75 1 143 109 109 50 99 287 187 24
5 90 5 1 100 0.75 1 144 109 109 50 99 287 187 24
5 90 5 1 100 0.75 1 145 109 108 52 101 288 188 23
5 90 5 1 100 0.75 1 146 109 108 46 100 289 189 22
5 90 5 1 100 0.75 1 147 109 106 46 98 292 192 20
5 90 5 1 100 0.75 1 148 109 108 43 99 293 193 20
5 90 5 1 100 0.75 1 149 109 108 44 100 294 194 19
5 90 5 1 100 0.75 1 150 109 109 45 100 294 194 19
5 90 5 1 100 0.75 1 150 109 109 109 100 313 194 19
5 90 5 1 100 0.75 1 180 109 109 109 100 288 194 19
5 90 5 1 100 0.75 2 181 0 5 5 0 288 0 0
5 90 5 1 100 0.75 2 182 0 10 10 0 288 0 0
5 90 5 1 100 0.75 2 183 0 15 15 0 288 0 0
5 90 5 1 100 0.75 2 184 0 20 20 0 288 0 0
5 90 5 1 100 0.75 2 185 0 25 25 0 288 0 0
5 90 5 1 100 0.75 2 186 0 30 28 0 288 0 0
5 90 5 1 100 0.75 2 187 0 35 33 0 288 0 0
5 90 5 1 100 0.75 2 188 2 40 35 0 288 0 0
5 90 5 1 100 0.75 2 189 6 45 34 2 288 0 0
5 90 5 1 100 0.75 2 190 9 50 39 6 288 0 0
5 90 5 1 100 0.75 2 191 16 55 35 9 288 0 0
5 90 5 1 100 0.75 2 192 20 60 36 16 288 0 0
5 90 5 1 100 0.75 2 193 29 65 31 20 287 0 0
5 90 5 1 100 0.75 2 194 33 70 30 29 287 0 0
5 90 5 1 100 0.75 2 195 38 75 35 33 287 0 1
5 90 5 1 100 0.75 2 196 40 80 34 38 287 0 2
5 90 5 1 100 0.75 2 197 45 85 37 40 286 0 5
5 90 5 1 100 0.75 2 198 53 90 38 45 286 0 8
5 90 5 1 100 0.75 2 199 58 95 44 53 286 0 10
5 90 5 1 100 0.75 2 200 60 100 51 58 286 0 14
5 90 5 1 100 0.75 2 201 68 105 57 60 286 0 19
5 90 5 1 100 0.75 2 202 72 109 49 68 286 0 20
5 90 5 1 100 0.75 2 203 74 109 62 72 286 0 23
5 90 5 1 100 0.75 2 204 80 109 51 74 286 0 25
5 90 5 1 100 0.75 2 205 85 109 51 80 286 0 28
5 90 5 1 100 0.75 2 206 89 109 58 85 286 0 32
5 90 5 1 100 0.75 2 207 96 109 49 89 286 0 35
5 90 5 1 100 0.75 2 208 102 109 53 96 286 0 40
5 90 5 1 100 0.75 2 209 106 109 53 102 286 0 44
5 90 5 1 100 0.75 2 210 107 109 55 106 286 0 45
5 90 5 1 100 0.75 2 211 107 108 50 106 287 1 47
5 90 5 1 100 0.75 2 212 108 109 59 106 287 1 51
5 90 5 1 100 0.75 2 213 108 109 58 107 287 1 54
5 90 5 1 100 0.75 2 214 108 106 66 104 290 4 54
5 90 5 1 100 0.75 2 215 108 106 65 101 293 7 55
5 90 5 1 100 0.75 2 216 108 104 65 96 298 12 52
5 90 5 1 100 0.75 2 217 108 107 65 94 300 14 52
5 90 5 1 100 0.75 2 218 108 106 62 91 303 17 49
5 90 5 1 100 0.75 2 219 108 104 66 86 308 22 45
5 90 5 1 100 0.75 2 220 108 107 69 84 310 24 43
5 90 5 1 100 0.75 2 221 109 107 61 82 312 26 41
5 90 5 1 100 0.75 2 222 109 107 61 83 314 28 39
5 90 5 1 100 0.75 2 223 109 106 61 82 317 31 36
5 90 5 1 100 0.75 2 224 109 108 56 85 318 32 35
5 90 5 1 100 0.75 2 225 109 107 52 87 320 34 33
5 90 5 1 100 0.75 2 226 109 105 51 85 324 38 29
5 90 5 1 100 0.75 2 227 109 103 49 82 330 44 23
5 90 5 1 100 0.75 2 228 109 106 47 84 332 46 23
5 90 5 1 100 0.75 2 229 109 106 48 86 335 49 22
5 90 5 1 100 0.75 2 230 109 106 44 84 338 52 22
5 90 5 1 100 0.75 2 231 109 104 43 81 343 57 18
5 90 5 1 100 0.75 2 232 109 107 49 81 345 59 20
5 90 5 1 100 0.75 2 233 109 107 50 80 347 61 20
5 90 5 1 100 0.75 2 234 109 107 49 80 349 63 20
5 90 5 1 100 0.75 2 235 109 107 45 85 351 65 22
5 90 5 1 100 0.75 2 236 109 108 49 85 352 66 23
5 90 5 1 100 0.75 2 237 109 108 44 87 353 67 24
5 90 5 1 100 0.75 2 238 109 109 42 91 353 67 24
5 90 5 1 100 0.75 2 239 109 109 43 97 353 67 27
5 90 5 1 100 0.75 2 240 109 109 43 98 353 67 29
5 90 5 1 100 0.75 2 241 109 109 46 100 353 67 33
5 90 5 1 100 0.75 2 242 109 109 43 104 353 67 36
5 90 5 1 100 0.75 2 243 109 109 47 106 353 67 36
5 90 5 1 100 0.75 2 244 109 108 46 105 354 68 38
5 90 5 1 100 0.75 2 245 109 106 43 104 357 71 38
5 90 5 1 100 0.75 2 246 109 108 53 104 358 72 41
5 90 5 1 100 0.75 2 247 109 106 48 101 361 75 38
5 90 5 1 100 0.75 2 248 109 107 54 99 363 77 38
5 90 5 1 100 0.75 2 249 109 109 54 99 363 77 41
5 90 5 1 100 0.75 2 250 109 106 54 96 366 80 39
5 90 5 1 100 0.75 2 251 109 109 57 96 366 80 40
5 90 5 1 100 0.75 2 252 109 103 47 90 372 86 34
5 90 5 1 100 0.75 2 253 109 106 49 91 374 88 33
5 90 5 1 100 0.75 2 254 109 108 53 91 375 89 32
5 90 5 1 100 0.75 2 255 109 108 53 91 376 90 31
5 90 5 1 100 0.75 2 256 109 107 47 92 378 92 29
5 90 5 1 100 0.75 2 257 109 107 47 92 380 94 27
5 90 5 1 100 0.75 2 258 109 107 45 91 382 96 25
5 90 5 1 100 0.75 2 259 109 105 45 88 386 100 22
5 90 5 1 100 0.75 2 260 109 104 41 86 391 105 20
5 90 5 1 100 0.75 2 261 109 107 40 87 393 107 18
5 90 5 1 100 0.75 2 262 109 107 43 89 395 109 19
5 90 5 1 100 0.75 2 263 109 108 43 89 396 110 20
5 90 5 1 100 0.75 2 264 109 106 43 86 399 113 18
5 90 5 1 100 0.75 2 265 109 106 36 85 402 116 16
5 90 5 1 100 0.75 2 266 109 108 44 87 403 117 16
5 90 5 1 100 0.75 2 267 109 108 33 89 404 118 18
5 90 5 1 100 0.75 2 268 109 107 48 90 406 120 20
5 90 5 1 100 0.75 2 269 109 108 41 92 407 121 19
5 90 5 1 100 0.75 2 270 109 109 48 95 407 121 20
5 90 5 1 100 0.75 2 271 109 109 36 96 407 121 22
5 90 5 1 100 0.75 2 272 109 109 44 99 407 121 23
5 90 5 1 100 0.75 2 273 109 109 39 101 407 121 26
5 90 5 1 100 0.75 2 274 109 108 39 102 408 122 29
5 90 5 1 100 0.75 2 275 109 109 41 104 407 122 31
5 90 5 1 100 0.75 2 276 109 107 45 102 409 124 33
5 90 5 1 100 0.75 2 277 109 109 37 106 409 124 33
5 90 5 1 100 0.75 2 278 109 108 44 105 410 125 34
5 90 5 1 100 0.75 2 279 109 107 43 103 412 127 34
5 90 5 1 100 0.75 2 280 109 108 45 102 413 128 33
5 90 5 1 100 0.75 2 281 109 108 43 101 414 129 34
5 90 5 1 100 0.75 2 282 109 106 40 99 417 132 31
5 90 5 1 100 0.75 2 283 109 109 50 99 417 132 33
5 90 5 1 100 0.75 2 284 109 108 50 98 418 133 34
5 90 5 1 100 0.75 2 285 109 106 43 95 421 136 31
5 90 5 1 100 0.75 2 286 109 106 46 94 424 139 28
5 90 5 1 100 0.75 2 287 109 106 44 94 427 142 25
5 90 5 1 100 0.75 2 288 109 109 54 94 427 142 25
5 90 5 1 100 0.75 2 289 109 109 44 95 427 142 25
5 90 5 1 100 0.75 2 290 109 107 45 96 429 144 23
5 90 5 1 100 0.75 2 291 109 104 41 91 434 149 18
5 90 5 1 100 0.75 2 292 109 105 39 87 438 153 15
5 90 5 1 100 0.75 2 293 109 108 43 89 439 154 17
5 90 5 1 100 0.75 2 294 109 108 40 90 439 155 16
5 90 5 1 100 0.75 2 295 109 108 42 92 440 156 16
5 90 5 1 100 0.75 2 296 109 106 42 91 443 159 13
5 90 5 1 100 0.75 2 297 109 107 44 90 445 161 13
5 90 5 1 100 0.75 2 298 109 109 41 91 445 161 13
5 90 5 1 100 0.75 2 299 109 107 30 93 447 163 12
5 90 5 1 100 0.75 2 300 109 108 35 94 448 164 13
5 90 5 1 100 0.75 2 301 109 107 36 96 450 166 12
5 90 5 1 100 0.75 2 302 109 109 40 97 450 166 12
5 90 5 1 100 0.75 2 303 109 108 36 97 451 167 13
5 90 5 1 100 0.75 2 304 109 109 32 100 451 167 13
5 90 5 1 100 0.75 2 305 109 109 30 102 451 167 17
5 90 5 1 100 0.75 2 306 109 109 40 103 451 167 19
5 90 5 1 100 0.75 2 307 109 109 40 104 451 167 21
5 90 5 1 100 0.75 2 308 109 108 35 104 452 168 23
5 90 5 1 100 0.75 2 309 109 107 38 103 454 170 22
5 90 5 1 100 0.75 2 310 109 108 34 103 455 171 21
5 90 5 1 100 0.75 2 311 109 109 37 104 455 171 23
5 90 5 1 100 0.75 2 312 109 109 39 105 455 171 25
5 90 5 1 100 0.75 2 313 109 108 38 104 456 172 25
5 90 5 1 100 0.75 2 314 109 108 40 103 457 173 25
5 90 5 1 100 0.75 2 315 109 108 35 102 458 174 25
5 90 5 1 100 0.75 2 316 109 108 40 102 459 175 25
5 90 5 1 100 0.75 2 317 109 107 41 100 461 177 24
5 90 5 1 100 0.75 2 318 109 108 36 101 462 178 23
5 90 5 1 100 0.75 2 319 109 107 27 100 464 180 21
5 90 5 1 100 0.75 2 320 109 108 38 99 465 181 20
5 90 5 1 100 0.75 2 321 109 109 32 100 465 181 20
5 90 5 1 100 0.75 2 322 109 108 36 100 466 182 19
5 90 5 1 100 0.75 2 323 109 108 45 99 467 183 18
5 90 5 1 100 0.75 2 324 109 105 35 96 471 187 14
5 90 5 1 100 0.75 2 325 109 106 32 94 474 190 12
5 90 5 1 100 0.75 2 326 109 109 43 97 474 190 12
5 90 5 1 100 0.75 2 327 109 107 33 96 476 192 10
5 90 5 1 100 0.75 2 328 109 108 33 97 477 193 10
5 90 5 1 100 0.75 2 329 109 108 33 96 478 194 9
5 90 5 1 100 0.75 2 330 109 109 34 96 478 194 9
5 90 5 1 100 0.75 2 330 109 109 109 96 487 194 9
5 90 5 1 100 0.75 2 360 109 109 109 96 427 194 9
5 90 5 1 100 0.75 3 361 0 5 5 0 427 0 0
5 90 5 1 100 0.75 3 362 0 10 10 0 427 0 0
5 90 5 1 100 0.75 3 363 0 15 15 0 427 0 0
5 90 5 1 100 0.75 3 364 0 20 20 0 427 0 0
5 90 5 1 100 0.75 3 365 0 25 24 0 427 0 0
5 90 5 1 100 0.75 3 366 0 30 27 0 427 0 0
5 90 5 1 100 0.75 3 367 0 35 32 0 427 0 0
5 90 5 1 100 0.75 3 368 2 40 36 0 427 0 0
5 90 5 1 100 0.75 3 369 11 45 28 2 427 0 0
5 90 5 1 100 0.75 3 370 17 50 29 11 427 0 0
5 90 5 1 100 0.75 3 371 22 55 25 17 427 0 0
5 90 5 1 100 0.75 3 372 27 60 28 22 427 0 0
5 90 5 1 100 0.75 3 373 30 65 20 27 427 0 0
5 90 5 1 100 0.75 3 374 34 70 27 30 427 0 0
5 90 5 1 100 0.75 3 375 42 75 27 34 427 0 2
5 90 5 1 100 0.75 3 376 46 80 28 42 427 0 5
5 90 5 1 100 0.75 3 377 50 85 42 46 427 0 13
5 90 5 1 100 0.75 3 378 56 90 36 50 427 0 17
5 90 5 1 100 0.75 3 379 60 95 41 56 427 0 21
5 90 5 1 100 0.75 3 380 64 100 49 60 427 0 25
5 90 5 1 100 0.75 3 381 71 105 45 64 427 0 29
5 90 5 1 100 0.75 3 382 76 109 46 71 427 0 32
5 90 5 1 100 0.75 3 383 82 109 44 76 427 0 38
5 90 5 1 100 0.75 3 384 84 109 46 82 427 0 39
5 90 5 1 100 0.75 3 385 91 109 47 84 427 0 42
5 90 5 1 100 0.75 3 386 97 109 46 91 427 0 46
5 90 5 1 100 0.75 3 387 102 109 48 97 427 0 49
5 90 5 1 100 0.75 3 388 105 109 50 102 427 0 54
5 90 5 1 100 0.75 3 389 109 109 48 105 427 0 59
5 90 5 1 100 0.75 3 390 109 109 44 109 427 0 65
5 90 5 1 100 0.75 3 391 109 108 56 108 428 1 66
5 90 5 1 100 0.75 3 392 109 108 55 107 429 2 67
5 90 5 1 100 0.75 3 393 109 106 55 104 432 5 70
5 90 5 1 100 0.75 3 394 109 108 60 103 433 6 71
5 90 5 1 100 0.75 3 395 109 106 68 100 436 9 71
5 90 5 1 100 0.75 3 396 109 104 60 95 441 14 67
5 90 5 1 100 0.75 3 397 109 104 64 90 446 19 65
5 90 5 1 100 0.75 3 398 109 103 65 84 452 25 59
5 90 5 1 100 0.75 3 399 109 102 56 79 458 31 53
5 90 5 1 100 0.75 3 400 109 103 60 76 462 35 49
5 90 5 1 100 0.75 3 401 109 103 50 72 467 40 44
5 90 5 1 100 0.75 3 402 109 105 56 70 470 43 41
5 90 5 1 100 0.75 3 403 109 106 52 69 473 46 38
5 90 5 1 100 0.75 3 404 109 108 47 71 474 47 37
5 90 5 1 100 0.75 3 405 109 106 46 75 477 50 34
5 90 5 1 100 0.75 3 406 109 102 40 72 484 57 29
5 90 5 1 100 0.75 3 407 109 103 40 73 488 61 26
5 90 5 1 100 0.75 3 408 109 104 37 75 492 65 22
5 90 5 1 100 0.75 3 409 109 106 35 78 495 68 19
5 90 5 1 100 0.75 3 410 109 107 40 80 497 70 20
5 90 5 1 100 0.75 3 411 109 103 35 78 503 76 17
5 90 5 1 100 0.75 3 412 109 104 36 75 507 80 18
5 90 5 1 100 0.75 3 413 109 108 35 76 508 81 23
5 90 5 1 100 0.75 3 414 109 109 43 78 508 81 25
5 90 5 1 100 0.75 3 415 109 107 38 80 510 83 26
5 90 5 1 100 0.75 3 416 109 109 42 85 510 83 32
5 90 5 1 100 0.75 3 417 109 108 41 88 511 84 34
5 90 5 1 100 0.75 3 418 109 109 40 93 510 84 38
5 90 5 1 100 0.75 3 419 109 109 41 97 510 84 38
5 90 5 1 100 0.75 3 420 109 109 44 102 510 84 40
5 90 5 1 100 0.75 3 421 109 109 43 104 510 84 42
5 90 5 1 100 0.75 3 422 109 109 45 105 510 84 44
5 90 5 1 100 0.75 3 423 109 108 46 106 511 85 48
5 90 5 1 100 0.75 3 424 109 108 39 106 512 86 49
5 90 5 1 100 0.75 3 425 109 107 46 104 514 88 53
5 90 5 1 100 0.75 3 426 109 108 40 103 515 89 57
5 90 5 1 100 0.75 3 427 109 109 50 104 515 89 60
5 90 5 1 100 0.75 3 428 109 105 45 100 518 93 57
5 90 5 1 100 0.75 3 429 109 104 43 95 523 98 54
5 90 5 1 100 0.75 3 430 109 105 46 91 527 102 51
5 90 5 1 100 0.75 3 431 109 107 52 90 529 104 49
5 90 5 1 100 0.75 3 432 109 106 41 87 532 107 46
5 90 5 1 100 0.75 3 433 109 106 49 86 535 110 43
5 90 5 1 100 0.75 3 434 109 106 50 85 538 113 40
5 90 5 1 100 0.75 3 435 109 104 38 80 543 118 35
5 90 5 1 100 0.75 3 436 109 105 46 77 547 122 31
5 90 5 1 100 0.75 3 437 109 104 45 77 552 127 26
5 90 5 1 100 0.75 3 438 109 109 44 79 552 127 26
5 90 5 1 100 0.75 3 439 109 108 41 82 553 128 26
5 90 5 1 100 0.75 3 440 109 105 38 81 557 132 23
5 90 5 1 100 0.75 3 441 109 102 30 77 564 139 17
5 90 5 1 100 0.75 3 442 109 107 36 81 564 139 17
5 90 5 1 100 0.75 3 443 109 105 28 81 568 143 15
5 90 5 1 100 0.75 3 444 109 108 29 83 569 144 16
5 90 5 1 100 0.75 3 445 109 103 34 82 575 150 12
5 90 5 1 100 0.75 3 446 109 107 33 85 576 151 13
5 90 5 1 100 0.75 3 447 109 107 34 83 578 153 13
5 90 5 1 100 0.75 3 448 109 109 33 87 578 153 18
5 90 5 1 100 0.75 3 449 109 109 39 90 578 153 18
5 90 5 1 100 0.75 3 450 109 109 35 92 578 153 21
5 90 5 1 100 0.75 3 451 109 109 35 97 578 153 24
5 90 5 1 100 0.75 3 452 109 109 33 99 578 153 27
5 90 5 1 100 0.75 3 453 109 109 35 101 578 153 31
5 90 5 1 100 0.75 3 454 109 109 33 105 578 153 33
5 90 5 1 100 0.75 3 455 109 108 35 107 579 154 35
5 90 5 1 100 0.75 3 456 109 108 40 107 580 155 36
5 90 5 1 100 0.75 3 457 109 109 39 107 580 155 42
5 90 5 1 100 0.75 3 458 109 109 37 107 580 155 42
5 90 5 1 100 0.75 3 459 109 107 41 105 582 157 41
5 90 5 1 100 0.75 3 460 109 108 49 104 583 158 44
5 90 5 1 100 0.75 3 461 109 109 44 104 583 158 46
5 90 5 1 100 0.75 3 462 109 107 48 102 585 160 45
5 90 5 1 100 0.75 3 463 109 107 40 100 587 162 44
5 90 5 1 100 0.75 3 464 109 104 46 96 592 167 39
5 90 5 1 100 0.75 3 465 109 107 44 95 594 169 37
5 90 5 1 100 0.75 3 466 109 107 45 93 596 171 35
5 90 5 1 100 0.75 3 467 109 109 34 94 596 171 35
5 90 5 1 100 0.75 3 468 109 107 50 94 598 173 33
5 90 5 1 100 0.75 3 469 109 104 41 89 603 178 28
5 90 5 1 100 0.75 3 470 109 104 45 84 608 183 24
5 90 5 1 100 0.75 3 471 109 109 37 85 608 183 24
5 90 5 1 100 0.75 3 472 109 105 37 85 612 187 21
5 90 5 1 100 0.75 3 473 109 106 30 86 615 190 19
5 90 5 1 100 0.75 3 474 109 104 36 82 620 195 15
5 90 5 1 100 0.75 3 475 109 106 31 82 623 198 12
5 90 5 1 100 0.75 3 476 109 108 33 83 624 199 11
5 90 5 1 100 0.75 3 477 109 109 28 86 624 199 11
5 90 5 1 100 0.75 3 478 109 107 29 90 626 201 11
5 90 5 1 100 0.75 3 479 109 108 38 90 627 202 13
5 90 5 1 100 0.75 3 480 109 107 28 90 629 204 13
5 90 5 1 100 0.75 3 481 109 107 32 90 631 206 14
5 90 5 1 100 0.75 3 482 109 109 33 95 631 206 14
5 90 5 1 100 0.75 3 483 109 109 22 99 631 206 16
5 90 5 1 100 0.75 3 484 109 109 34 101 631 206 20
5 90 5 1 100 0.75 3 485 109 109 28 102 631 206 24
5 90 5 1 100 0.75 3 486 109 109 29 103 631 206 25
5 90 5 1 100 0.75 3 487 109 109 33 105 631 206 25
5 90 5 1 100 0.75 3 488 109 108 34 106 632 207 28
5 90 5 1 100 0.75 3 489 109 108 27 107 633 208 30
5 90 5 1 100 0.75 3 490 109 107 34 105 635 210 28
5 90 5 1 100 0.75 3 491 109 109 30 105 635 210 28
5 90 5 1 100 0.75 3 492 109 109 40 105 635 210 29
5 90 5 1 100 0.75 3 493 109 109 34 105 635 210 31
5 90 5 1 100 0.75 3 494 109 107 44 103 637 212 30
5 90 5 1 100 0.75 3 495 109 107 34 101 639 214 30
5 90 5 1 100 0.75 3 496 109 108 37 101 640 215 29
5 90 5 1 100 0.75 3 497 109 109 29 102 640 215 29
5 90 5 1 100 0.75 3 498 109 108 37 101 641 216 28
5 90 5 1 100 0.75 3 499 109 107 29 101 643 218 26
5 90 5 1 100 0.75 3 500 109 103 36 95 649 224 20
5 90 5 1 100 0.75 3 501 109 103 26 90 654 229 15
5 90 5 1 100 0.75 3 502 109 107 39 90 655 230 14
5 90 5 1 100 0.75 3 503 109 108 32 91 656 231 14
5 90 5 1 100 0.75 3 504 109 108 37 92 657 232 14
5 90 5 1 100 0.75 3 505 109 108 38 91 658 233 14
5 90 5 1 100 0.75 3 506 109 108 42 91 659 234 14
5 90 5 1 100 0.75 3 507 109 106 32 88 662 237 11
5 90 5 1 100 0.75 3 508 109 108 33 92 663 238 10
5 90 5 1 100 0.75 3 509 109 108 26 97 664 239 11
5 90 5 1 100 0.75 3 510 109 106 28 96 667 242 10
5 90 5 1 100 0.75 3 510 109 106 106 96 677 242 10
5 90 5 1 100 0.75 3 540 109 106 106 96 538 242 10
5 90 5 1 100 0.75 4 541 0 5 5 0 538 0 0
5 90 5 1 100 0.75 4 542 0 10 10 0 538 0 0
5 90 5 1 100 0.75 4 543 0 15 15 0 538 0 0
5 90 5 1 100 0.75 4 544 0 20 20 0 538 0 0
5 90 5 1 100 0.75 4 545 0 25 25 0 538 0 0
5 90 5 1 100 0.75 4 546 0 30 28 0 538 0 0
5 90 5 1 100 0.75 4 547 0 35 31 0 538 0 0
5 90 5 1 100 0.75 4 548 3 40 34 0 538 0 0
5 90 5 1 100 0.75 4 549 10 45 30 3 538 0 0
5 90 5 1 100 0.75 4 550 15 50 26 10 538 0 0
5 90 5 1 100 0.75 4 551 22 55 30 15 538 0 0
5 90 5 1 100 0.75 4 552 28 60 22 22 538 0 0
5 90 5 1 100 0.75 4 553 32 65 24 28 538 0 0
5 90 5 1 100 0.75 4 554 37 70 25 32 538 0 0
5 90 5 1 100 0.75 4 555 42 75 22 37 538 0 1
5 90 5 1 100 0.75 4 556 47 80 30 42 538 0 6
5 90 5 1 100 0.75 4 557 52 85 29 47 538 0 9
5 90 5 1 100 0.75 4 558 56 90 30 52 538 0 13
5 90 5 1 100 0.75 4 559 61 95 37 56 538 0 18
5 90 5 1 100 0.75 4 560 68 100 35 61 538 0 20
5 90 5 1 100 0.75 4 561 71 105 41 68 538 0 21
5 90 5 1 100 0.75 4 562 77 109 47 71 538 0 24
5 90 5 1 100 0.75 4 563 82 109 44 77 538 0 28
5 90 5 1 100 0.75 4 564 88 109 46 82 538 0 31
5 90 5 1 100 0.75 4 565 93 109 45 88 538 0 35
5 90 5 1 100 0.75 4 566 98 109 42 93 538 0 38
5 90 5 1 100 0.75 4 567 104 109 33 98 538 0 41
5 90 5 1 100 0.75 4 568 108 109 38 104 538 0 46
5 90 5 1 100 0.75 4 569 109 109 35 108 538 0 48
5 90 5 1 100 0.75 4 570 109 109 46 109 538 0 52
5 90 5 1 100 0.75 4 571 109 108 48 108 539 1 57
5 90 5 1 100 0.75 4 572 109 108 54 107 540 2 61
5 90 5 1 100 0.75 4 573 109 108 53 106 541 3 62
5 90 5 1 100 0.75 4 574 109 106 42 103 544 6 67
5 90 5 1 100 0.75 4 575 109 105 54 99 548 10 67
5 90 5 1 100 0.75 4 576 109 107 56 97 550 12 68
5 90 5 1 100 0.75 4 577 109 105 55 93 554 16 64
5 90 5 1 100 0.75 4 578 109 105 55 89 558 20 60
5 90 5 1 100 0.75 4 579 109 106 49 87 561 23 57
5 90 5 1 100 0.75 4 580 109 105 53 83 565 27 53
5 90 5 1 100 0.75 4 581 109 105 53 80 569 31 49
5 90 5 1 100 0.75 4 582 109 107 52 82 571 33 47
5 90 5 1 100 0.75 4 583 109 108 58 82 572 34 46
5 90 5 1 100 0.75 4 584 109 105 43 81 576 38 42
5 90 5 1 100 0.75 4 585 109 103 46 79 582 44 37
5 90 5 1 100 0.75 4 586 109 104 41 79 586 48 33
5 90 5 1 100 0.75 4 587 109 106 37 80 589 51 30
5 90 5 1 100 0.75 4 588 109 102 33 76 596 58 25
5 90 5 1 100 0.75 4 589 109 105 29 79 598 60 25
5 90 5 1 100 0.75 4 590 109 105 36 75 602 64 24
5 90 5 1 100 0.75 4 591 109 105 43 74 606 68 24
5 90 5 1 100 0.75 4 592 109 105 31 75 610 72 21
5 90 5 1 100 0.75 4 593 109 107 42 74 612 74 21
5 90 5 1 100 0.75 4 594 109 106 37 76 615 77 20
5 90 5 1 100 0.75 4 595 109 107 37 77 617 79 22
5 90 5 1 100 0.75 4 596 109 108 38 82 618 80 23
5 90 5 1 100 0.75 4 597 109 109 36 85 618 80 26
5 90 5 1 100 0.75 4 598 109 109 35 91 618 80 27
5 90 5 1 100 0.75 4 599 109 109 31 95 618 80 32
5 90 5 1 100 0.75 4 600 109 109 38 97 618 80 33
5 90 5 1 100 0.75 4 601 109 108 31 100 619 81 34
5 90 5 1 100 0.75 4 602 109 109 35 102 619 81 38
5 90 5 1 100 0.75 4 603 109 109 37 106 619 81 41
5 90 5 1 100 0.75 4 604 109 109 40 106 619 81 44
5 90 5 1 100 0.75 4 605 109 109 41 107 619 81 48
5 90 5 1 100 0.75 4 606 109 107 41 106 621 83 49
5 90 5 1 100 0.75 4 607 109 107 39 104 623 85 48
5 90 5 1 100 0.75 4 608 109 107 45 102 625 87 49
5 90 5 1 100 0.75 4 609 109 107 53 101 627 89 49
5 90 5 1 100 0.75 4 610 109 104 45 96 632 94 46
5 90 5 1 100 0.75 4 611 109 106 53 93 635 97 43
5 90 5 1 100 0.75 4 612 109 106 46 90 638 100 41
5 90 5 1 100 0.75 4 613 109 109 50 90 638 100 42
5 90 5 1 100 0.75 4 614 109 105 43 87 642 104 38
5 90 5 1 100 0.75 4 615 109 106 51 85 645 107 35
5 90 5 1 100 0.75 4 616 109 106 45 84 648 110 33
5 90 5 1 100 0.75 4 617 109 106 45 84 651 113 30
5 90 5 1 100 0.75 4 618 109 105 40 83 655 117 26
5 90 5 1 100 0.75 4 619 109 108 32 86 656 118 25
5 90 5 1 100 0.75 4 620 109 104 36 84 661 123 20
5 90 5 1 100 0.75 4 621 109 104 29 80 666 128 15
5 90 5 1 100 0.75 4 622 109 108 39 83 667 129 16
5 90 5 1 100 0.75 4 623 109 107 32 83 669 131 16
5 90 5 1 100 0.75 4 624 109 107 34 85 671 133 17
5 90 5 1 100 0.75 4 625 109 108 34 86 672 134 19
5 90 5 1 100 0.75 4 626 109 107 33 86 674 136 18
5 90 5 1 100 0.75 4 627 109 107 35 88 676 138 19
5 90 5 1 100 0.75 4 628 109 106 28 86 679 141 19
5 90 5 1 100 0.75 4 629 109 109 36 93 679 141 21
5 90 5 1 100 0.75 4 630 109 109 32 96 679 141 23
5 90 5 1 100 0.75 4 631 109 109 39 98 679 141 24
5 90 5 1 100 0.75 4 632 109 108 32 99 680 142 24
5 90 5 1 100 0.75 4 633 109 109 37 99 680 142 26
5 90 5 1 100 0.75 4 634 109 109 34 100 680 142 28
5 90 5 1 100 0.75 4 635 109 108 33 104 681 143 28
5 90 5 1 100 0.75 4 636 109 109 30 105 681 143 29
5 90 5 1 100 0.75 4 637 109 109 36 106 681 143 33
5 90 5 1 100 0.75 4 638 109 108 37 105 682 144 33
5 90 5 1 100 0.75 4 639 109 106 31 102 685 147 32
5 90 5 1 100 0.75 4 640 109 106 28 100 688 150 29
5 90 5 1 100 0.75 4 641 109 108 35 100 689 151 30
5 90 5 1 100 0.75 4 642 109 108 38 99 690 152 33
5 90 5 1 100 0.75 4 643 109 108 41 98 691 153 33
5 90 5 1 100 0.75 4 644 109 106 33 96 694 156 31
5 90 5 1 100 0.75 4 645 109 106 31 93 697 159 28
5 90 5 1 100 0.75 4 646 109 107 38 91 699 161 26
5 90 5 1 100 0.75 4 647 109 107 37 90 701 163 26
5 90 5 1 100 0.75 4 648 109 107 38 92 703 165 24
5 90 5 1 100 0.75 4 649 109 109 32 95 703 165 24
5 90 5 1 100 0.75 4 650 109 107 33 93 705 167 22
5 90 5 1 100 0.75 4 651 109 107 32 92 707 169 20
5 90 5 1 100 0.75 4 652 109 108 38 94 708 170 19
5 90 5 1 100 0.75 4 653 109 108 29 94 709 171 18
5 90 5 1 100 0.75 4 654 109 106 35 95 712 174 17
5 90 5 1 100 0.75 4 655 109 108 32 96 713 175 18
5 90 5 1 100 0.75 4 656 109 105 34 94 717 179 15
5 90 5 1 100 0.75 4 657 109 108 29 94 718 180 14
5 90 5 1 100 0.75 4 658 109 108 35 94 719 181 15
5 90 5 1 100 0.75 4 659 109 109 26 96 719 181 16
5 90 5 1 100 0.75 4 660 109 106 36 93 722 184 15
5 90 5 1 100 0.75 4 661 109 108 30 94 723 185 15
5 90 5 1 100 0.75 4 662 109 107 32 94 725 187 14
5 90 5 1 100 0.75 4 663 109 108 31 95 726 188 15
5 90 5 1 100 0.75 4 664 109 109 30 98 726 188 17
5 90 5 1 100 0.75 4 665 109 108 33 99 727 189 16
5 90 5 1 100 0.75 4 666 109 109 32 100 727 189 18
5 90 5 1 100 0.75 4 667 109 109 25 101 727 189 19
5 90 5 1 100 0.75 4 668 109 109 30 104 727 189 21
5 90 5 1 100 0.75 4 669 109 109 22 104 727 189 22
5 90 5 1 100 0.75 4 670 109 109 32 106 727 189 24
5 90 5 1 100 0.75 4 671 109 107 31 104 729 191 25
5 90 5 1 100 0.75 4 672 109 108 31 105 730 192 25
5 90 5 1 100 0.75 4 673 109 107 31 104 732 194 23
5 90 5 1 100 0.75 4 674 109 109 32 104 732 194 24
5 90 5 1 100 0.75 4 675 109 108 24 103 733 195 26
5 90 5 1 100 0.75 4 676 109 107 30 101 735 197 25
5 90 5 1 100 0.75 4 677 109 107 34 99 737 199 24
5 90 5 1 100 0.75 4 678 109 107 37 97 739 201 22
5 90 5 1 100 0.75 4 679 109 109 35 99 739 201 23
5 90 5 1 100 0.75 4 680 109 109 38 99 739 201 24
5 90 5 1 100 0.75 4 681 109 108 34 99 740 202 23
5 90 5 1 100 0.75 4 682 109 108 36 100 741 203 22
5 90 5 1 100 0.75 4 683 109 106 27 98 744 206 19
5 90 5 1 100 0.75 4 684 109 107 34 98 746 208 17
5 90 5 1 100 0.75 4 685 109 107 26 97 748 210 17
5 90 5 1 100 0.75 4 686 109 108 27 98 749 211 16
5 90 5 1 100 0.75 4 687 109 106 22 95 752 214 13
5 90 5 1 100 0.75 4 688 109 106 27 93 755 217 11
5 90 5 1 100 0.75 4 689 109 109 24 94 755 217 13
5 90 5 1 100 0.75 4 690 109 109 28 94 755 217 14
5 90 5 1 100 0.75 4 690 109 109 109 94 769 217 14
5 90 5 1 100 0.75 4 720 109 109 109 94 607 217 14
5 90 5 1 100 0.75 5 721 0 5 5 0 607 0 0
5 90 5 1 100 0.75 5 722 0 10 10 0 607 0 0
5 90 5 1 100 0.75 5 723 0 15 15 0 607 0 0
5 90 5 1 100 0.75 5 724 0 20 20 0 607 0 0
5 90 5 1 100 0.75 5 725 0 25 23 0 607 0 0
5 90 5 1 100 0.75 5 726 0 30 26 0 607 0 0
5 90 5 1 100 0.75 5 727 1 35 29 0 607 0 0
5 90 5 1 100 0.75 5 728 4 40 30 1 607 0 0
5 90 5 1 100 0.75 5 729 9 45 29 4 607 0 0
5 90 5 1 100 0.75 5 730 18 50 28 9 607 0 0
5 90 5 1 100 0.75 5 731 21 55 21 18 607 0 0
5 90 5 1 100 0.75 5 732 27 60 26 21 607 0 0
5 90 5 1 100 0.75 5 733 33 65 23 27 607 0 0
5 90 5 1 100 0.75 5 734 36 70 16 33 607 0 0
5 90 5 1 100 0.75 5 735 41 75 23 36 607 0 1
5 90 5 1 100 0.75 5 736 48 80 22 41 607 0 2
5 90 5 1 100 0.75 5 737 53 85 26 48 607 0 9
5 90 5 1 100 0.75 5 738 56 90 28 53 607 0 13
5 90 5 1 100 0.75 5 739 61 95 37 56 607 0 15
5 90 5 1 100 0.75 5 740 67 100 31 61 607 0 21
5 90 5 1 100 0.75 5 741 72 105 38 67 607 0 24
5 90 5 1 100 0.75 5 742 76 109 40 72 607 0 28
5 90 5 1 100 0.75 5 743 81 109 44 76 607 0 31
5 90 5 1 100 0.75 5 744 85 109 45 81 607 0 35
5 90 5 1 100 0.75 5 745 91 109 39 85 607 0 38
5 90 5 1 100 0.75 5 746 97 109 40 91 607 0 41
5 90 5 1 100 0.75 5 747 103 109 42 97 607 0 43
5 90 5 1 100 0.75 5 748 107 109 35 103 607 0 49
5 90 5 1 100 0.75 5 749 109 109 42 107 607 0 54
5 90 5 1 100 0.75 5 750 109 108 35 108 608 1 56
5 90 5 1 100 0.75 5 751 109 109 46 108 608 1 59
5 90 5 1 100 0.75 5 752 109 108 44 107 609 2 60
5 90 5 1 100 0.75 5 753 109 107 50 105 611 4 66
5 90 5 1 100 0.75 5 754 109 107 47 103 613 6 66
5 90 5 1 100 0.75 5 755 109 106 59 100 616 9 71
5 90 5 1 100 0.75 5 756 109 103 51 94 622 15 67
5 90 5 1 100 0.75 5 757 109 105 55 91 625 18 65
5 90 5 1 100 0.75 5 758 109 108 52 90 626 19 64
5 90 5 1 100 0.75 5 759 109 104 48 86 631 24 59
5 90 5 1 100 0.75 5 760 109 105 57 82 635 28 55
5 90 5 1 100 0.75 5 761 109 105 50 79 639 32 51
5 90 5 1 100 0.75 5 762 109 104 54 77 644 37 46
5 90 5 1 100 0.75 5 763 109 108 48 78 645 38 45
5 90 5 1 100 0.75 5 764 109 106 44 80 648 41 42
5 90 5 1 100 0.75 5 765 109 104 36 79 653 46 37
5 90 5 1 100 0.75 5 766 109 107 41 80 654 48 36
5 90 5 1 100 0.75 5 767 109 107 43 82 656 50 34
5 90 5 1 100 0.75 5 768 109 101 40 77 664 58 30
5 90 5 1 100 0.75 5 769 109 101 37 76 669 63 25
5 90 5 1 100 0.75 5 770 109 104 34 77 671 65 24
5 90 5 1 100 0.75 5 771 109 102 30 74 678 72 20
5 90 5 1 100 0.75 5 772 109 104 28 71 681 75 18
5 90 5 1 100 0.75 5 773 109 106 32 73 684 78 17
5 90 5 1 100 0.75 5 774 109 105 32 74 688 82 15
5 90 5 1 100 0.75 5 775 109 108 44 75 689 83 18
5 90 5 1 100 0.75 5 776 109 109 33 79 689 83 21
5 90 5 1 100 0.75 5 777 109 109 36 85 689 83 25
5 90 5 1 100 0.75 5 778 109 109 33 88 689 83 27
5 90 5 1 100 0.75 5 779 109 109 30 95 689 83 29
5 90 5 1 100 0.75 5 780 109 109 31 100 689 83 33
5 90 5 1 100 0.75 5 781 109 109 35 104 689 83 34
5 90 5 1 100 0.75 5 782 109 109 37 105 689 83 35
5 90 5 1 100 0.75 5 783 109 109 37 108 689 83 40
5 90 5 1 100 0.75 5 784 109 109 37 109 688 83 41
5 90 5 1 100 0.75 5 785 109 108 41 108 689 84 44
5 90 5 1 100 0.75 5 786 109 107 43 106 691 86 45
5 90 5 1 100 0.75 5 787 109 108 42 105 692 87 46
5 90 5 1 100 0.75 5 788 109 105 41 101 696 91 46
5 90 5 1 100 0.75 5 789 109 107 40 99 698 93 44
5 90 5 1 100 0.75 5 790 109 107 43 97 700 95 43
5 90 5 1 100 0.75 5 791 109 108 49 96 701 96 43
5 90 5 1 100 0.75 5 792 109 106 40 93 704 99 40
5 90 5 1 100 0.75 5 793 109 105 39 90 708 103 36
5 90 5 1 100 0.75 5 794 109 106 40 88 711 106 33
5 90 5 1 100 0.75 5 795 109 108 40 88 712 107 32
5 90 5 1 100 0.75 5 796 109 105 36 88 716 111 28
5 90 5 1 100 0.75 5 797 109 109 38 91 716 111 28
5 90 5 1 100 0.75 5 798 109 107 32 91 717 113 26
5 90 5 1 100 0.75 5 799 109 107 30 89 719 115 25
5 90 5 1 100 0.75 5 800 109 104 33 86 724 120 20
5 90 5 1 100 0.75 5 801 109 104 32 84 729 125 16
5 90 5 1 100 0.75 5 802 109 105 31 83 733 129 14
5 90 5 1 100 0.75 5 803 109 108 31 86 734 130 19
5 90 5 1 100 0.75 5 804 109 106 27 84 737 133 18
5 90 5 1 100 0.75 5 805 109 107 30 85 739 135 16
5 90 5 1 100 0.75 5 806 109 107 38 83 741 137 15
5 90 5 1 100 0.75 5 807 109 108 24 84 742 138 15
5 90 5 1 100 0.75 5 808 109 109 36 86 742 138 18
5 90 5 1 100 0.75 5 809 109 108 33 94 743 139 20
5 90 5 1 100 0.75 5 810 109 109 25 96 743 139 20
5 90 5 1 100 0.75 5 811 109 109 35 100 743 139 23
5 90 5 1 100 0.75 5 812 109 109 26 100 743 139 23
5 90 5 1 100 0.75 5 813 109 109 30 104 743 139 24
5 90 5 1 100 0.75 5 814 109 109 22 106 743 139 25
5 90 5 1 100 0.75 5 815 109 108 32 107 744 140 30
5 90 5 1 100 0.75 5 816 109 109 29 107 744 140 35
5 90 5 1 100 0.75 5 817 109 107 33 105 746 142 33
5 90 5 1 100 0.75 5 818 109 106 33 103 749 145 32
5 90 5 1 100 0.75 5 819 109 107 28 101 751 147 32
5 90 5 1 100 0.75 5 820 109 109 33 101 751 147 36
5 90 5 1 100 0.75 5 821 109 107 32 99 753 149 35
5 90 5 1 100 0.75 5 822 109 108 38 98 754 150 34
5 90 5 1 100 0.75 5 823 109 107 41 97 756 152 32
5 90 5 1 100 0.75 5 824 109 107 37 95 758 154 30
5 90 5 1 100 0.75 5 825 109 109 37 96 758 154 31
5 90 5 1 100 0.75 5 826 109 108 34 97 759 155 30
5 90 5 1 100 0.75 5 827 109 106 29 97 762 158 27
5 90 5 1 100 0.75 5 828 109 108 34 97 763 159 26
5 90 5 1 100 0.75 5 829 109 108 34 97 764 160 25
5 90 5 1 100 0.75 5 830 109 107 32 97 766 162 23
5 90 5 1 100 0.75 5 831 109 104 21 93 770 167 19
5 90 5 1 100 0.75 5 832 109 108 36 93 771 168 19
5 90 5 1 100 0.75 5 833 109 108 29 94 772 169 20
5 90 5 1 100 0.75 5 834 109 105 28 90 776 173 17
5 90 5 1 100 0.75 5 835 109 106 30 89 779 176 15
5 90 5 1 100 0.75 5 836 109 107 28 89 781 178 14
5 90 5 1 100 0.75 5 837 109 109 28 90 781 178 16
5 90 5 1 100 0.75 5 838 109 106 33 88 784 181 14
5 90 5 1 100 0.75 5 839 109 108 30 92 785 182 13
5 90 5 1 100 0.75 5 840 109 106 28 92 788 185 11
5 90 5 1 100 0.75 5 841 109 109 26 93 788 185 11
5 90 5 1 100 0.75 5 842 109 109 25 95 788 185 12
5 90 5 1 100 0.75 5 843 109 109 26 98 788 185 14
5 90 5 1 100 0.75 5 844 109 109 27 101 788 185 15
5 90 5 1 100 0.75 5 845 109 109 28 102 788 185 19
5 90 5 1 100 0.75 5 846 109 109 25 103 788 185 22
5 90 5 1 100 0.75 5 847 109 109 28 106 788 185 24
5 90 5 1 100 0.75 5 848 109 108 26 106 789 186 24
5 90 5 1 100 0.75 5 849 109 107 29 106 791 188 23
5 90 5 1 100 0.75 5 850 109 108 30 105 792 189 23
5 90 5 1 100 0.75 5 851 109 109 34 105 792 189 24
5 90 5 1 100 0.75 5 852 109 106 35 102 794 192 21
5 90 5 1 100 0.75 5 853 109 108 38 101 795 193 23
5 90 5 1 100 0.75 5 854 109 109 33 101 795 193 24
5 90 5 1 100 0.75 5 855 109 108 32 100 796 194 23
5 90 5 1 100 0.75 5 856 109 108 31 99 797 195 22
5 90 5 1 100 0.75 5 857 109 107 36 99 799 197 20
5 90 5 1 100 0.75 5 858 109 109 31 100 799 197 20
5 90 5 1 100 0.75 5 859 109 108 27 100 800 198 19
5 90 5 1 100 0.75 5 860 109 106 28 99 802 201 16
5 90 5 1 100 0.75 5 861 109 108 28 100 803 202 15
5 90 5 1 100 0.75 5 862 109 109 27 100 803 202 15
5 90 5 1 100 0.75 5 863 109 105 24 96 807 206 12
5 90 5 1 100 0.75 5 864 109 109 29 97 807 206 13
5 90 5 1 100 0.75 5 865 109 108 32 97 808 207 13
5 90 5 1 100 0.75 5 866 109 108 30 98 809 208 13
5 90 5 1 100 0.75 5 867 109 106 29 95 812 211 12
5 90 5 1 100 0.75 5 868 109 108 21 96 813 212 11
5 90 5 1 100 0.75 5 869 109 107 25 96 815 214 9
5 90 5 1 100 0.75 5 870 109 107 23 95 817 216 7
5 90 5 1 100 0.75 5 870 109 107 107 95 824 216 7
5 90 5 1 100 0.75 5 900 109 107 107 95 634 216 7
5 90 5 1 100 0.75 6 901 0 5 5 0 634 0 0
5 90 5 1 100 0.75 6 902 0 10 10 0 634 0 0
5 90 5 1 100 0.75 6 903 0 15 15 0 634 0 0
5 90 5 1 100 0.75 6 904 0 20 20 0 634 0 0
5 90 5 1 100 0.75 6 905 0 25 25 0 634 0 0
5 90 5 1 100 0.75 6 906 0 30 30 0 634 0 0
5 90 5 1 100 0.75 6 907 0 35 33 0 634 0 0
5 90 5 1 100 0.75 6 908 6 40 28 0 634 0 0
5 90 5 1 100 0.75 6 909 9 45 28 6 634 0 0
5 90 5 1 100 0.75 6 910 14 50 24 9 634 0 0
5 90 5 1 100 0.75 6 911 21 55 22 14 633 0 0
5 90 5 1 100 0.75 6 912 24 60 25 21 633 0 0
5 90 5 1 100 0.75 6 913 33 65 18 24 633 0 0
5 90 5 1 100 0.75 6 914 36 70 24 33 633 0 0
5 90 5 1 100 0.75 6 915 42 75 22 36 633 0 1
5 90 5 1 100 0.75 6 916 47 80 27 42 633 0 5
5 90 5 1 100 0.75 6 917 54 85 23 47 633 0 7
5 90 5 1 100 0.75 6 918 59 90 23 54 633 0 10
5 90 5 1 100 0.75 6 919 63 95 28 59 633 0 16
5 90 5 1 100 0.75 6 920 66 100 35 63 633 0 18
5 90 5 1 100 0.75 6 921 70 105 38 66 633 0 24
5 90 5 1 100 0.75 6 922 78 109 40 70 633 0 27
5 90 5 1 100 0.75 6 923 83 109 29 78 633 0 29
5 90 5 1 100 0.75 6 924 86 109 39 83 633 0 36
5 90 5 1 100 0.75 6 925 93 109 43 86 633 0 39
5 90 5 1 100 0.75 6 926 96 109 34 93 633 0 43
5 90 5 1 100 0.75 6 927 102 109 34 96 633 0 45
5 90 5 1 100 0.75 6 928 106 109 35 102 633 0 48
5 90 5 1 100 0.75 6 929 108 109 33 106 633 0 51
5 90 5 1 100 0.75 6 930 108 109 31 108 633 0 59
5 90 5 1 100 0.75 6 931 109 109 41 108 633 0 62
5 90 5 1 100 0.75 6 932 109 107 33 107 635 2 62
5 90 5 1 100 0.75 6 933 109 106 40 104 638 5 66
5 90 5 1 100 0.75 6 934 109 107 46 102 640 7 67
5 90 5 1 100 0.75 6 935 109 108 52 101 641 8 70
5 90 5 1 100 0.75 6 936 109 105 51 97 645 12 67
5 90 5 1 100 0.75 6 937 109 106 43 94 648 15 64
5 90 5 1 100 0.75 6 938 109 101 47 86 656 23 57
5 90 5 1 100 0.75 6 939 109 101 46 81 661 28 52
5 90 5 1 100 0.75 6 940 109 103 48 80 664 31 49
5 90 5 1 100 0.75 6 941 109 105 41 77 667 34 46
5 90 5 1 100 0.75 6 942 109 108 47 80 668 35 45
5 90 5 1 100 0.75 6 943 109 105 53 77 672 39 41
5 90 5 1 100 0.75 6 944 109 105 44 74 676 43 37
5 90 5 1 100 0.75 6 945 109 106 38 75 679 46 34
5 90 5 1 100 0.75 6 946 109 104 34 75 684 51 30
5 90 5 1 100 0.75 6 947 109 104 40 73 689 56 25
5 90 5 1 100 0.75 6 948 109 105 38 75 693 60 23
5 90 5 1 100 0.75 6 949 109 107 33 78 694 62 24
5 90 5 1 100 0.75 6 950 109 106 25 79 697 65 21
5 90 5 1 100 0.75 6 951 109 106 30 76 700 68 21
5 90 5 1 100 0.75 6 952 109 108 25 81 701 69 21
5 90 5 1 100 0.75 6 953 109 103 22 78 707 75 17
5 90 5 1 100 0.75 6 954 109 105 27 80 710 78 21
5 90 5 1 100 0.75 6 955 109 108 30 84 711 79 23
5 90 5 1 100 0.75 6 956 109 109 26 87 711 79 25
5 90 5 1 100 0.75 6 957 109 109 22 90 710 79 27
5 90 5 1 100 0.75 6 958 109 108 30 93 711 80 29
5 90 5 1 100 0.75 6 959 109 109 31 96 710 80 32
5 90 5 1 100 0.75 6 960 109 109 28 97 710 80 33
5 90 5 1 100 0.75 6 961 109 109 33 100 710 80 39
5 90 5 1 100 0.75 6 962 109 108 26 103 711 81 42
5 90 5 1 100 0.75 6 963 109 108 32 105 712 82 44
5 90 5 1 100 0.75 6 964 109 108 33 105 713 83 44
5 90 5 1 100 0.75 6 965 109 107 32 103 715 85 45
5 90 5 1 100 0.75 6 966 109 109 32 103 715 85 47
5 90 5 1 100 0.75 6 967 109 108 39 103 716 86 49
5 90 5 1 100 0.75 6 968 109 108 35 102 717 87 50
5 90 5 1 100 0.75 6 969 109 107 35 100 719 89 52
5 90 5 1 100 0.75 6 970 109 106 39 98 722 92 51
5 90 5 1 100 0.75 6 971 109 105 33 95 726 96 48
5 90 5 1 100 0.75 6 972 109 107 36 93 728 98 46
5 90 5 1 100 0.75 6 973 109 105 36 92 732 102 43
5 90 5 1 100 0.75 6 974 109 104 36 87 737 107 38
5 90 5 1 100 0.75 6 975 109 108 40 86 738 108 37
5 90 5 1 100 0.75 6 976 109 109 42 88 738 108 38
5 90 5 1 100 0.75 6 977 109 105 34 85 742 112 35
5 90 5 1 100 0.75 6 978 109 106 40 85 745 115 32
5 90 5 1 100 0.75 6 979 109 105 27 82 749 119 29
5 90 5 1 100 0.75 6 980 109 105 33 84 753 123 27
5 90 5 1 100 0.75 6 981 109 105 23 81 757 127 23
5 90 5 1 100 0.75 6 982 109 107 26 86 759 129 21
5 90 5 1 100 0.75 6 983 109 109 30 87 759 129 22
5 90 5 1 100 0.75 6 984 109 104 21 83 764 134 17
5 90 5 1 100 0.75 6 985 109 109 22 85 764 134 20
5 90 5 1 100 0.75 6 986 109 107 27 86 766 136 20
5 90 5 1 100 0.75 6 987 109 103 24 83 772 142 18
5 90 5 1 100 0.75 6 988 109 108 30 87 772 142 21
5 90 5 1 100 0.75 6 989 109 109 29 90 772 142 24
5 90 5 1 100 0.75 6 990 109 107 22 93 774 144 22
5 90 5 1 100 0.75 6 991 109 108 26 93 775 145 21
5 90 5 1 100 0.75 6 992 109 108 21 94 776 146 22
5 90 5 1 100 0.75 6 993 109 109 34 97 776 146 24
5 90 5 1 100 0.75 6 994 109 109 27 99 776 146 25
5 90 5 1 100 0.75 6 995 109 107 31 99 778 148 25
5 90 5 1 100 0.75 6 996 109 109 31 103 778 148 30
5 90 5 1 100 0.75 6 997 109 109 35 103 778 148 31
5 90 5 1 100 0.75 6 998 109 109 32 104 778 148 32
5 90 5 1 100 0.75 6 999 109 107 23 103 780 150 31
5 90 5 1 100 0.75 6 1000 109 108 28 103 781 151 32
5 90 5 1 100 0.75 6 1001 109 108 34 103 782 152 31
5 90 5 1 100 0.75 6 1002 109 107 33 101 784 154 33
5 90 5 1 100 0.75 6 1003 109 106 27 99 787 157 30
5 90 5 1 100 0.75 6 1004 109 107 27 98 789 159 28
5 90 5 1 100 0.75 6 1005 109 107 33 96 791 161 27
5 90 5 1 100 0.75 6 1006 109 106 29 93 794 164 24
5 90 5 1 100 0.75 6 1007 109 107 35 92 796 166 24
5 90 5 1 100 0.75 6 1008 109 108 33 93 797 167 23
5 90 5 1 100 0.75 6 1009 109 109 27 93 797 167 24
5 90 5 1 100 0.75 6 1010 109 107 29 93 799 169 22
5 90 5 1 100 0.75 6 1011 109 109 30 95 799 169 23
5 90 5 1 100 0.75 6 1012 109 106 32 95 802 172 20
5 90 5 1 100 0.75 6 1013 109 106 24 93 805 175 18
5 90 5 1 100 0.75 6 1014 109 107 27 96 807 177 16
5 90 5 1 100 0.75 6 1015 109 108 24 96 808 178 16
5 90 5 1 100 0.75 6 1016 109 107 26 95 810 180 14
5 90 5 1 100 0.75 6 1017 109 107 25 94 812 182 13
5 90 5 1 100 0.75 6 1018 109 106 23 92 815 185 12
5 90 5 1 100 0.75 6 1019 109 109 27 93 815 185 13
5 90 5 1 100 0.75 6 1020 109 108 22 94 816 186 14
5 90 5 1 100 0.75 6 1021 109 107 24 95 817 188 16
5 90 5 1 100 0.75 6 1022 109 109 23 97 817 188 17
5 90 5 1 100 0.75 6 1023 109 109 26 97 817 188 17
5 90 5 1 100 0.75 6 1024 109 109 25 101 817 188 19
5 90 5 1 100 0.75 6 1025 109 107 23 100 819 190 18
5 90 5 1 100 0.75 6 1026 109 109 17 102 819 190 19
5 90 5 1 100 0.75 6 1027 109 109 22 104 819 190 21
5 90 5 1 100 0.75 6 1028 109 108 22 104 820 191 23
5 90 5 1 100 0.75 6 1029 109 107 25 102 821 193 21
5 90 5 1 100 0.75 6 1030 109 109 20 104 821 193 22
5 90 5 1 100 0.75 6 1031 109 109 28 104 821 193 25
5 90 5 1 100 0.75 6 1032 109 109 26 104 821 193 25
5 90 5 1 100 0.75 6 1033 109 109 29 105 821 193 25
5 90 5 1 100 0.75 6 1034 109 107 24 104 823 195 25
5 90 5 1 100 0.75 6 1035 109 106 23 101 826 198 23
5 90 5 1 100 0.75 6 1036 109 108 32 100 827 199 24
5 90 5 1 100 0.75 6 1037 109 108 24 101 828 200 23
5 90 5 1 100 0.75 6 1038 109 108 26 101 829 201 22
5 90 5 1 100 0.75 6 1039 109 105 25 97 833 205 19
5 90 5 1 100 0.75 6 1040 109 108 26 96 834 206 19
5 90 5 1 100 0.75 6 1041 109 108 28 95 835 207 18
5 90 5 1 100 0.75 6 1042 109 108 30 95 836 208 17
5 90 5 1 100 0.75 6 1043 109 107 27 95 838 210 16
5 90 5 1 100 0.75 6 1044 109 108 26 97 839 211 16
5 90 5 1 100 0.75 6 1045 109 107 26 95 840 213 15
5 90 5 1 100 0.75 6 1046 109 108 23 95 841 214 14
5 90 5 1 100 0.75 6 1047 109 109 22 98 841 214 14
5 90 5 1 100 0.75 6 1048 109 108 24 99 842 215 13
5 90 5 1 100 0.75 6 1049 109 108 26 100 843 216 12
5 90 5 1 100 0.75 6 1050 109 105 23 97 847 220 10
5 90 5 1 100 0.75 6 1050 109 105 105 97 857 220 10
5 90 5 1 100 0.75 6 1080 109 105 105 97 672 220 10
5 90 5 1 100 0.75 7 1081 0 5 5 0 672 0 0
5 90 5 1 100 0.75 7 1082 0 10 10 0 672 0 0
5 90 5 1 100 0.75 7 1083 0 15 15 0 672 0 0
5 90 5 1 100 0.75 7 1084 0 20 20 0 672 0 0
5 90 5 1 100 0.75 7 1085 0 25 24 0 672 0 0
5 90 5 1 100 0.75 7 1086 0 30 28 0 672 0 0
5 90 5 1 100 0.75 7 1087 1 35 28 0 672 0 0
5 90 5 1 100 0.75 7 1088 2 40 36 1 672 0 0
5 90 5 1 100 0.75 7 1089 11 45 23 2 672 0 0
5 90 5 1 100 0.75 7 1090 15 50 30 11 672 0 0
5 90 5 1 100 0.75 7 1091 21 55 22 15 672 0 0
5 90 5 1 100 0.75 7 1092 28 60 24 21 672 0 0
5 90 5 1 100 0.75 7 1093 33 65 18 28 672 0 0
5 90 5 1 100 0.75 7 1094 39 70 20 33 672 0 1
5 90 5 1 100 0.75 7 1095 43 75 18 39 672 0 2
5 90 5 1 100 0.75 7 1096 48 80 23 43 672 0 4
5 90 5 1 100 0.75 7 1097 54 85 25 48 672 0 9
5 90 5 1 100 0.75 7 1098 56 90 30 54 672 0 12
5 90 5 1 100 0.75 7 1099 61 95 33 56 672 0 18
5 90 5 1 100 0.75 7 1100 68 100 34 61 672 0 23
5 90 5 1 100 0.75 7 1101 72 105 38 68 672 0 28
5 90 5 1 100 0.75 7 1102 76 109 44 72 672 0 33
5 90 5 1 100 0.75 7 1103 83 109 33 76 672 0 36
5 90 5 1 100 0.75 7 1104 87 109 41 83 672 0 40
5 90 5 1 100 0.75 7 1105 90 109 32 87 672 0 42
5 90 5 1 100 0.75 7 1106 96 109 47 90 672 0 44
5 90 5 1 100 0.75 7 1107 101 109 44 96 672 0 49
5 90 5 1 100 0.75 7 1108 106 109 34 101 672 0 50
5 90 5 1 100 0.75 7 1109 109 109 40 106 672 0 54
5 90 5 1 100 0.75 7 1110 109 109 39 109 672 0 59
5 90 5 1 100 0.75 7 1111 109 107 46 107 673 2 63
5 90 5 1 100 0.75 7 1112 109 109 46 107 673 2 64
5 90 5 1 100 0.75 7 1113 109 106 47 104 676 5 63
5 90 5 1 100 0.75 7 1114 109 107 54 102 678 7 66
5 90 5 1 100 0.75 7 1115 109 105 53 98 682 11 65
5 90 5 1 100 0.75 7 1116 109 101 53 90 690 19 59
5 90 5 1 100 0.75 7 1117 109 101 43 85 695 24 55
5 90 5 1 100 0.75 7 1118 109 106 54 85 695 24 55
5 90 5 1 100 0.75 7 1119 109 103 49 80 701 30 49
5 90 5 1 100 0.75 7 1120 109 103 50 76 706 35 44
5 90 5 1 100 0.75 7 1121 109 107 47 76 707 36 43
5 90 5 1 100 0.75 7 1122 109 105 55 75 711 40 39
5 90 5 1 100 0.75 7 1123 109 104 41 71 716 45 34
5 90 5 1 100 0.75 7 1124 109 107 45 74 718 47 32
5 90 5 1 100 0.75 7 1125 109 107 38 79 720 49 30
5 90 5 1 100 0.75 7 1126 109 103 37 76 726 55 26
5 90 5 1 100 0.75 7 1127 109 105 32 78 729 58 24
5 90 5 1 100 0.75 7 1128 109 107 35 81 731 60 24
5 90 5 1 100 0.75 7 1129 109 107 34 83 733 62 24
5 90 5 1 100 0.75 7 1130 109 104 38 81 738 67 23
5 90 5 1 100 0.75 7 1131 109 105 32 80 742 71 19
5 90 5 1 100 0.75 7 1132 109 108 32 83 743 72 25
5 90 5 1 100 0.75 7 1133 109 107 34 83 744 74 24
5 90 5 1 100 0.75 7 1134 109 106 30 85 747 77 21
5 90 5 1 100 0.75 7 1135 109 108 35 88 748 78 25
5 90 5 1 100 0.75 7 1136 109 108 38 88 749 79 27
5 90 5 1 100 0.75 7 1137 109 109 37 89 749 79 30
5 90 5 1 100 0.75 7 1138 109 109 26 95 749 79 31
5 90 5 1 100 0.75 7 1139 109 109 38 99 749 79 36
5 90 5 1 100 0.75 7 1140 109 109 33 101 749 79 38
5 90 5 1 100 0.75 7 1141 109 108 36 103 750 80 42
5 90 5 1 100 0.75 7 1142 109 109 43 104 750 80 43
5 90 5 1 100 0.75 7 1143 109 109 39 105 750 80 43
5 90 5 1 100 0.75 7 1144 109 107 35 104 752 82 44
5 90 5 1 100 0.75 7 1145 109 109 44 106 752 82 47
5 90 5 1 100 0.75 7 1146 109 106 41 103 755 85 45
5 90 5 1 100 0.75 7 1147 109 106 43 100 758 88 43
5 90 5 1 100 0.75 7 1148 109 105 36 96 762 92 39
5 90 5 1 100 0.75 7 1149 109 108 44 95 763 93 39
5 90 5 1 100 0.75 7 1150 109 106 41 93 766 96 37
5 90 5 1 100 0.75 7 1151 109 107 38 91 768 98 37
5 90 5 1 100 0.75 7 1152 109 107 37 90 770 100 35
5 90 5 1 100 0.75 7 1153 109 105 47 87 774 104 31
5 90 5 1 100 0.75 7 1154 109 108 34 86 775 105 30
5 90 5 1 100 0.75 7 1155 109 103 34 85 781 111 24
5 90 5 1 100 0.75 7 1156 109 106 34 86 783 113 22
5 90 5 1 100 0.75 7 1157 109 105 38 84 787 117 18
5 90 5 1 100 0.75 7 1158 109 108 33 86 788 118 17
5 90 5 1 100 0.75 7 1159 109 105 32 83 792 122 13
5 90 5 1 100 0.75 7 1160 109 104 32 80 797 127 9
5 90 5 1 100 0.75 7 1161 109 109 35 84 797 127 11
5 90 5 1 100 0.75 7 1162 109 108 32 86 798 128 14
5 90 5 1 100 0.75 7 1163 109 108 32 87 799 129 14
5 90 5 1 100 0.75 7 1164 109 108 32 91 800 130 14
5 90 5 1 100 0.75 7 1165 109 108 28 92 801 131 15
5 90 5 1 100 0.75 7 1166 109 109 31 95 801 131 15
5 90 5 1 100 0.75 7 1167 109 107 27 94 803 133 16
5 90 5 1 100 0.75 7 1168 109 108 33 101 804 134 17
5 90 5 1 100 0.75 7 1169 109 109 30 102 803 134 19
5 90 5 1 100 0.75 7 1170 109 108 35 101 804 135 19
5 90 5 1 100 0.75 7 1171 109 109 30 102 804 135 21
5 90 5 1 100 0.75 7 1172 109 109 32 104 804 135 23
5 90 5 1 100 0.75 7 1173 109 109 32 104 804 135 25
5 90 5 1 100 0.75 7 1174 109 109 34 105 804 135 30
5 90 5 1 100 0.75 7 1175 109 109 36 106 804 135 33
5 90 5 1 100 0.75 7 1176 109 108 32 107 805 136 32
5 90 5 1 100 0.75 7 1177 109 108 32 106 806 137 31
5 90 5 1 100 0.75 7 1178 109 108 30 106 807 138 32
5 90 5 1 100 0.75 7 1179 109 109 37 106 807 138 33
5 90 5 1 100 0.75 7 1180 109 105 26 102 811 142 30
5 90 5 1 100 0.75 7 1181 109 109 40 102 811 142 30
5 90 5 1 100 0.75 7 1182 109 107 38 100 813 144 31
5 90 5 1 100 0.75 7 1183 109 109 48 100 813 144 31
5 90 5 1 100 0.75 7 1184 109 103 28 95 819 150 25
5 90 5 1 100 0.75 7 1185 109 108 41 96 819 150 25
5 90 5 1 100 0.75 7 1186 109 107 35 94 821 152 23
5 90 5 1 100 0.75 7 1187 109 107 40 93 823 154 21
5 90 5 1 100 0.75 7 1188 109 107 34 92 825 156 19
5 90 5 1 100 0.75 7 1189 109 105 27 91 829 160 15
5 90 5 1 100 0.75 7 1190 109 105 23 89 833 164 12
5 90 5 1 100 0.75 7 1191 109 108 39 88 834 165 11
5 90 5 1 100 0.75 7 1192 109 107 32 87 836 167 10
5 90 5 1 100 0.75 7 1193 109 108 30 91 837 168 9
5 90 5 1 100 0.75 7 1194 109 107 28 89 839 170 8
5 90 5 1 100 0.75 7 1195 109 107 38 89 841 172 7
5 90 5 1 100 0.75 7 1196 109 109 37 93 841 172 9
5 90 5 1 100 0.75 7 1197 109 108 32 94 842 173 9
5 90 5 1 100 0.75 7 1198 109 109 31 99 842 173 10
5 90 5 1 100 0.75 7 1199 109 108 27 100 843 174 12
5 90 5 1 100 0.75 7 1200 109 108 27 101 844 175 13
5 90 5 1 100 0.75 7 1201 109 109 27 102 844 175 13
5 90 5 1 100 0.75 7 1202 109 109 33 102 844 175 16
5 90 5 1 100 0.75 7 1203 109 109 33 105 844 175 19
5 90 5 1 100 0.75 7 1204 109 109 33 106 844 175 22
5 90 5 1 100 0.75 7 1205 109 109 28 107 844 175 24
5 90 5 1 100 0.75 7 1206 109 109 40 107 844 175 25
5 90 5 1 100 0.75 7 1207 109 107 31 106 846 177 26
5 90 5 1 100 0.75 7 1208 109 109 37 106 846 177 26
5 90 5 1 100 0.75 7 1209 109 109 31 107 846 177 27
5 90 5 1 100 0.75 7 1210 109 109 38 107 846 177 29
5 90 5 1 100 0.75 7 1211 109 108 29 106 847 178 28
5 90 5 1 100 0.75 7 1212 109 109 37 106 847 178 29
5 90 5 1 100 0.75 7 1213 109 109 33 106 847 178 29
5 90 5 1 100 0.75 7 1214 109 105 29 102 851 182 25
5 90 5 1 100 0.75 7 1215 109 106 27 99 854 185 22
5 90 5 1 100 0.75 7 1216 109 106 38 98 857 188 20
5 90 5 1 100 0.75 7 1217 109 108 28 97 858 189 19
5 90 5 1 100 0.75 7 1218 109 108 43 96 859 190 18
5 90 5 1 100 0.75 7 1219 109 108 29 95 860 191 17
5 90 5 1 100 0.75 7 1220 109 108 44 95 861 192 16
5 90 5 1 100 0.75 7 1221 109 106 32 92 864 195 13
5 90 5 1 100 0.75 7 1222 109 108 33 93 865 196 12
5 90 5 1 100 0.75 7 1223 109 104 32 93 870 201 8
5 90 5 1 100 0.75 7 1224 109 108 24 92 871 202 7
5 90 5 1 100 0.75 7 1225 109 108 35 94 872 203 6
5 90 5 1 100 0.75 7 1226 109 107 23 93 874 205 5
5 90 5 1 100 0.75 7 1227 109 108 35 94 875 206 4
5 90 5 1 100 0.75 7 1228 109 109 27 94 875 206 4
5 90 5 1 100 0.75 7 1229 109 109 27 96 875 206 10
5 90 5 1 100 0.75 7 1230 109 109 24 99 875 206 11
5 90 5 1 100 0.75 7 1230 109 109 109 99 886 206 11
5 90 5 1 100 0.75 7 1260 109 109 109 99 670 206 11
5 90 5 1 100 0.75 8 1261 0 5 5 0 670 0 0
5 90 5 1 100 0.75 8 1262 0 10 10 0 670 0 0
5 90 5 1 100 0.75 8 1263 0 15 14 0 670 0 0
5 90 5 1 100 0.75 8 1264 0 20 20 0 670 0 0
5 90 5 1 100 0.75 8 1265 0 25 24 0 670 0 0
5 90 5 1 100 0.75 8 1266 0 30 28 0 670 0 0
5 90 5 1 100 0.75 8 1267 1 35 29 0 670 0 0
5 90 5 1 100 0.75 8 1268 6 40 29 1 670 0 0
5 90 5 1 100 0.75 8 1269 10 45 26 6 670 0 0
5 90 5 1 100 0.75 8 1270 16 50 22 10 670 0 0
5 90 5 1 100 0.75 8 1271 20 55 22 16 670 0 0
5 90 5 1 100 0.75 8 1272 27 60 23 20 670 0 0
5 90 5 1 100 0.75 8 1273 30 65 22 27 670 0 0
5 90 5 1 100 0.75 8 1274 37 70 22 30 669 0 1
5 90 5 1 100 0.75 8 1275 42 75 18 37 669 0 2
5 90 5 1 100 0.75 8 1276 48 80 27 42 668 0 7
5 90 5 1 100 0.75 8 1277 53 85 23 48 668 0 12
5 90 5 1 100 0.75 8 1278 58 90 30 53 668 0 17
5 90 5 1 100 0.75 8 1279 60 95 35 58 668 0 19
5 90 5 1 100 0.75 8 1280 66 100 41 60 668 0 22
5 90 5 1 100 0.75 8 1281 72 105 39 66 667 0 24
5 90 5 1 100 0.75 8 1282 79 109 43 72 667 0 31
5 90 5 1 100 0.75 8 1283 81 109 36 79 667 0 34
5 90 5 1 100 0.75 8 1284 87 109 43 81 667 0 41
5 90 5 1 100 0.75 8 1285 91 109 42 87 667 0 44
5 90 5 1 100 0.75 8 1286 96 109 38 91 667 0 47
5 90 5 1 100 0.75 8 1287 102 109 40 96 667 0 51
5 90 5 1 100 0.75 8 1288 109 109 36 102 667 0 56
5 90 5 1 100 0.75 8 1289 109 108 38 108 668 1 59
5 90 5 1 100 0.75 8 1290 109 108 45 107 669 2 61
5 90 5 1 100 0.75 8 1291 109 109 40 107 669 2 65
5 90 5 1 100 0.75 8 1292 109 106 43 104 672 5 66
5 90 5 1 100 0.75 8 1293 109 104 39 99 677 10 64
5 90 5 1 100 0.75 8 1294 109 108 48 98 678 11 68
5 90 5 1 100 0.75 8 1295 109 107 47 96 680 13 72
5 90 5 1 100 0.75 8 1296 109 104 55 91 685 18 70
5 90 5 1 100 0.75 8 1297 109 105 44 88 689 22 66
5 90 5 1 100 0.75 8 1298 109 107 52 87 691 24 64
5 90 5 1 100 0.75 8 1299 109 105 49 83 695 28 60
5 90 5 1 100 0.75 8 1300 109 103 43 78 701 34 54
5 90 5 1 100 0.75 8 1301 109 106 47 80 703 36 52
5 90 5 1 100 0.75 8 1302 109 103 44 76 709 42 46
5 90 5 1 100 0.75 8 1303 109 105 43 75 712 45 44
5 90 5 1 100 0.75 8 1304 109 105 44 75 716 49 40
5 90 5 1 100 0.75 8 1305 109 107 38 79 718 51 39
5 90 5 1 100 0.75 8 1306 109 100 41 73 727 60 30
5 90 5 1 100 0.75 8 1307 109 101 37 70 731 64 30
5 90 5 1 100 0.75 8 1308 109 102 29 72 735 68 28
5 90 5 1 100 0.75 8 1309 109 104 35 74 737 71 25
5 90 5 1 100 0.75 8 1310 109 106 34 72 740 74 24
5 90 5 1 100 0.75 8 1311 109 105 35 75 744 78 23
5 90 5 1 100 0.75 8 1312 109 105 33 74 748 82 21
5 90 5 1 100 0.75 8 1313 109 106 38 74 751 85 19
5 90 5 1 100 0.75 8 1314 109 109 34 80 751 85 22
5 90 5 1 100 0.75 8 1315 109 106 39 80 754 88 22
5 90 5 1 100 0.75 8 1316 109 109 31 84 754 88 26
5 90 5 1 100 0.75 8 1317 109 109 36 92 754 88 29
5 90 5 1 100 0.75 8 1318 109 109 41 92 753 88 32
5 90 5 1 100 0.75 8 1319 109 109 48 96 753 88 38
5 90 5 1 100 0.75 8 1320 109 109 40 101 753 88 40
5 90 5 1 100 0.75 8 1321 109 108 38 104 754 89 41
5 90 5 1 100 0.75 8 1322 109 108 29 104 755 90 44
5 90 5 1 100 0.75 8 1323 109 108 44 105 756 91 49
5 90 5 1 100 0.75 8 1324 109 107 35 104 758 93 49
5 90 5 1 100 0.75 8 1325 109 108 48 103 759 94 50
5 90 5 1 100 0.75 8 1326 109 108 49 102 760 95 50
5 90 5 1 100 0.75 8 1327 109 108 49 101 761 96 55
5 90 5 1 100 0.75 8 1328 109 108 40 100 762 97 56
5 90 5 1 100 0.75 8 1329 109 107 45 98 764 99 54
5 90 5 1 100 0.75 8 1330 109 105 47 94 768 103 52
5 90 5 1 100 0.75 8 1331 109 105 34 92 772 107 49
5 90 5 1 100 0.75 8 1332 109 107 37 91 774 109 47
5 90 5 1 100 0.75 8 1333 109 105 42 90 778 113 43
5 90 5 1 100 0.75 8 1334 109 107 44 89 780 115 41
5 90 5 1 100 0.75 8 1335 109 104 39 84 785 120 36
5 90 5 1 100 0.75 8 1336 109 104 38 81 790 125 31
5 90 5 1 100 0.75 8 1337 109 106 39 80 793 128 28
5 90 5 1 100 0.75 8 1338 109 108 29 81 793 129 28
5 90 5 1 100 0.75 8 1339 109 105 39 82 797 133 25
5 90 5 1 100 0.75 8 1340 109 108 39 82 798 134 27
5 90 5 1 100 0.75 8 1341 109 107 34 84 800 136 25
5 90 5 1 100 0.75 8 1342 109 104 29 81 805 141 20
5 90 5 1 100 0.75 8 1343 109 104 27 80 810 146 17
5 90 5 1 100 0.75 8 1344 109 106 30 82 813 149 14
5 90 5 1 100 0.75 8 1345 109 104 29 82 818 154 12
5 90 5 1 100 0.75 8 1346 109 109 26 84 818 154 14
5 90 5 1 100 0.75 8 1347 109 108 28 86 819 155 16
5 90 5 1 100 0.75 8 1348 109 109 26 87 819 155 18
5 90 5 1 100 0.75 8 1349 109 109 31 89 819 155 20
5 90 5 1 100 0.75 8 1350 109 108 29 92 820 156 23
5 90 5 1 100 0.75 8 1351 109 109 29 97 819 156 28
5 90 5 1 100 0.75 8 1352 109 109 28 99 819 156 32
5 90 5 1 100 0.75 8 1353 109 109 31 105 819 156 34
5 90 5 1 100 0.75 8 1354 109 109 27 107 818 156 37
5 90 5 1 100 0.75 8 1355 109 108 30 106 818 157 37
5 90 5 1 100 0.75 8 1356 109 106 38 103 821 160 36
5 90 5 1 100 0.75 8 1357 109 109 29 104 821 160 39
5 90 5 1 100 0.75 8 1358 109 108 36 103 822 161 40
5 90 5 1 100 0.75 8 1359 109 109 32 104 822 161 42
5 90 5 1 100 0.75 8 1360 109 108 47 103 823 162 46
5 90 5 1 100 0.75 8 1361 109 108 31 102 824 163 45
5 90 5 1 100 0.75 8 1362 109 107 39 100 826 165 43
5 90 5 1 100 0.75 8 1363 109 108 38 99 827 166 43
5 90 5 1 100 0.75 8 1364 109 108 40 101 828 167 42
5 90 5 1 100 0.75 8 1365 109 105 31 98 832 171 38
5 90 5 1 100 0.75 8 1366 109 104 42 93 837 176 33
5 90 5 1 100 0.75 8 1367 109 107 30 92 839 178 31
5 90 5 1 100 0.75 8 1368 109 106 38 90 842 181 28
5 90 5 1 100 0.75 8 1369 109 106 32 88 845 184 25
5 90 5 1 100 0.75 8 1370 109 107 46 87 847 186 25
5 90 5 1 100 0.75 8 1371 109 107 35 87 849 188 23
5 90 5 1 100 0.75 8 1372 109 105 39 83 853 192 20
5 90 5 1 100 0.75 8 1373 109 106 32 85 856 195 18
5 90 5 1 100 0.75 8 1374 109 108 34 85 857 196 17
5 90 5 1 100 0.75 8 1375 109 106 30 86 860 199 14
5 90 5 1 100 0.75 8 1376 109 106 29 86 863 202 11
5 90 5 1 100 0.75 8 1377 109 108 21 89 864 203 11
5 90 5 1 100 0.75 8 1378 109 107 25 90 866 205 11
5 90 5 1 100 0.75 8 1379 109 108 23 89 867 206 11
5 90 5 1 100 0.75 8 1380 109 107 29 91 869 208 12
5 90 5 1 100 0.75 8 1381 109 109 30 93 869 208 16
5 90 5 1 100 0.75 8 1382 109 108 21 96 870 209 17
5 90 5 1 100 0.75 8 1383 109 109 25 98 870 209 21
5 90 5 1 100 0.75 8 1384 109 109 25 102 870 209 23
5 90 5 1 100 0.75 8 1385 109 109 24 103 870 209 25
5 90 5 1 100 0.75 8 1386 109 109 23 105 870 209 29
5 90 5 1 100 0.75 8 1387 109 108 21 104 871 210 28
5 90 5 1 100 0.75 8 1388 109 109 29 107 871 210 31
5 90 5 1 100 0.75 8 1389 109 109 27 107 871 210 33
5 90 5 1 100 0.75 8 1390 109 107 34 105 873 212 35
5 90 5 1 100 0.75 8 1391 109 109 43 106 873 212 36
5 90 5 1 100 0.75 8 1392 109 109 33 106 873 212 37
5 90 5 1 100 0.75 8 1393 109 108 34 105 874 213 37
5 90 5 1 100 0.75 8 1394 109 107 34 103 876 215 37
5 90 5 1 100 0.75 8 1395 109 109 36 103 876 215 37
5 90 5 1 100 0.75 8 1396 109 107 30 101 878 217 35
5 90 5 1 100 0.75 8 1397 109 105 28 98 882 221 31
5 90 5 1 100 0.75 8 1398 109 106 29 96 885 224 29
5 90 5 1 100 0.75 8 1399 109 108 37 96 886 225 28
5 90 5 1 100 0.75 8 1400 109 107 29 94 888 227 26
5 90 5 1 100 0.75 8 1401 109 104 31 90 893 232 21
5 90 5 1 100 0.75 8 1402 109 107 28 88 895 234 19
5 90 5 1 100 0.75 8 1403 109 108 24 89 896 235 19
5 90 5 1 100 0.75 8 1404 109 106 25 87 899 238 17
5 90 5 1 100 0.75 8 1405 109 107 24 87 901 240 15
5 90 5 1 100 0.75 8 1406 109 108 24 92 902 241 15
5 90 5 1 100 0.75 8 1407 109 108 21 91 903 242 14
5 90 5 1 100 0.75 8 1408 109 107 25 92 905 244 12
5 90 5 1 100 0.75 8 1409 109 106 20 91 908 247 9
5 90 5 1 100 0.75 8 1410 109 108 21 95 909 248 11
5 90 5 1 100 0.75 8 1410 109 108 108 95 920 248 11
5 90 5 1 100 0.75 8 1440 109 108 108 95 684 248 11
5 90 5 1 100 0.75 9 1441 0 5 5 0 684 0 0
5 90 5 1 100 0.75 9 1442 0 10 10 0 684 0 0
5 90 5 1 100 0.75 9 1443 0 15 15 0 684 0 0
5 90 5 1 100 0.75 9 1444 0 20 20 0 684 0 0
5 90 5 1 100 0.75 9 1445 0 25 22 0 684 0 0
5 90 5 1 100 0.75 9 1446 0 30 25 0 684 0 0
5 90 5 1 100 0.75 9 1447 0 35 31 0 684 0 0
5 90 5 1 100 0.75 9 1448 4 40 30 0 684 0 0
5 90 5 1 100 0.75 9 1449 7 45 30 4 684 0 0
5 90 5 1 100 0.75 9 1450 12 50 30 7 684 0 0
5 90 5 1 100 0.75 9 1451 22 55 25 12 684 0 0
5 90 5 1 100 0.75 9 1452 27 60 16 22 684 0 0
5 90 5 1 100 0.75 9 1453 30 65 29 27 684 0 0
5 90 5 1 100 0.75 9 1454 38 70 17 30 684 0 0
5 90 5 1 100 0.75 9 1455 42 75 25 38 684 0 0
5 90 5 1 100 0.75 9 1456 45 80 25 42 684 0 3
5 90 5 1 100 0.75 9 1457 53 85 28 45 684 0 6
5 90 5 1 100 0.75 9 1458 57 90 31 53 684 0 9
5 90 5 1 100 0.75 9 1459 62 95 30 57 684 0 15
5 90 5 1 100 0.75 9 1460 69 100 37 62 684 0 18
5 90 5 1 100 0.75 9 1461 73 105 34 69 684 0 21
5 90 5 1 100 0.75 9 1462 77 109 37 73 684 0 29
5 90 5 1 100 0.75 9 1463 79 109 38 77 684 0 31
5 90 5 1 100 0.75 9 1464 87 109 39 79 684 0 38
5 90 5 1 100 0.75 9 1465 92 109 30 87 684 0 40
5 90 5 1 100 0.75 9 1466 98 109 38 92 684 0 44
5 90 5 1 100 0.75 9 1467 102 109 38 98 684 0 50
5 90 5 1 100 0.75 9 1468 107 109 40 102 684 0 53
5 90 5 1 100 0.75 9 1469 109 109 38 107 684 0 56
5 90 5 1 100 0.75 9 1470 109 109 40 109 684 0 59
5 90 5 1 100 0.75 9 1471 109 108 48 108 685 1 64
5 90 5 1 100 0.75 9 1472 109 108 44 107 686 2 64
5 90 5 1 100 0.75 9 1473 109 108 50 106 687 3 67
5 90 5 1 100 0.75 9 1474 109 109 50 106 687 3 71
5 90 5 1 100 0.75 9 1475 109 105 47 102 691 7 69
5 90 5 1 100 0.75 9 1476 109 105 46 98 695 11 68
5 90 5 1 100 0.75 9 1477 109 103 57 92 701 17 62
5 90 5 1 100 0.75 9 1478 109 106 54 90 703 19 60
5 90 5 1 100 0.75 9 1479 109 106 54 87 706 22 57
5 90 5 1 100 0.75 9 1480 109 102 46 82 713 29 50
5 90 5 1 100 0.75 9 1481 109 102 49 78 718 34 45
5 90 5 1 100 0.75 9 1482 109 104 45 75 721 37 42
5 90 5 1 100 0.75 9 1483 109 104 42 72 726 42 37
5 90 5 1 100 0.75 9 1484 109 103 41 71 732 48 31
5 90 5 1 100 0.75 9 1485 109 104 42 72 736 52 27
5 90 5 1 100 0.75 9 1486 109 105 43 69 740 56 24
5 90 5 1 100 0.75 9 1487 109 108 40 71 741 57 24
5 90 5 1 100 0.75 9 1488 109 104 27 72 746 62 20
5 90 5 1 100 0.75 9 1489 109 107 31 76 748 64 18
5 90 5 1 100 0.75 9 1490 109 103 23 74 754 70 14
5 90 5 1 100 0.75 9 1491 109 106 25 78 756 72 15
5 90 5 1 100 0.75 9 1492 109 107 34 77 758 74 15
5 90 5 1 100 0.75 9 1493 109 107 31 81 760 76 16
5 90 5 1 100 0.75 9 1494 109 106 31 85 763 79 16
5 90 5 1 100 0.75 9 1495 109 109 38 87 763 79 19
5 90 5 1 100 0.75 9 1496 109 109 39 90 763 79 22
5 90 5 1 100 0.75 9 1497 109 109 33 93 763 79 28
5 90 5 1 100 0.75 9 1498 109 109 30 97 763 79 30
5 90 5 1 100 0.75 9 1499 109 109 38 100 763 79 32
5 90 5 1 100 0.75 9 1500 109 109 33 104 763 79 38
5 90 5 1 100 0.75 9 1501 109 109 41 105 763 79 43
5 90 5 1 100 0.75 9 1502 109 109 35 107 763 79 45
5 90 5 1 100 0.75 9 1503 109 108 34 108 764 80 47
5 90 5 1 100 0.75 9 1504 109 109 40 108 764 80 50
5 90 5 1 100 0.75 9 1505 109 108 44 107 765 81 51
5 90 5 1 100 0.75 9 1506 109 108 38 106 766 82 52
5 90 5 1 100 0.75 9 1507 109 107 43 104 768 84 51
5 90 5 1 100 0.75 9 1508 109 107 36 102 770 86 49
5 90 5 1 100 0.75 9 1509 109 109 43 102 770 86 52
5 90 5 1 100 0.75 9 1510 109 103 34 96 776 92 46
5 90 5 1 100 0.75 9 1511 109 104 43 93 780 96 42
5 90 5 1 100 0.75 9 1512 109 105 34 89 784 100 38
5 90 5 1 100 0.75 9 1513 109 107 40 87 786 102 36
5 90 5 1 100 0.75 9 1514 109 109 46 87 786 102 36
5 90 5 1 100 0.75 9 1515 109 104 41 84 791 107 31
5 90 5 1 100 0.75 9 1516 109 106 40 85 794 110 28
5 90 5 1 100 0.75 9 1517 109 104 33 80 799 115 23
5 90 5 1 100 0.75 9 1518 109 105 39 79 803 119 20
5 90 5 1 100 0.75 9 1519 109 108 32 82 804 120 19
5 90 5 1 100 0.75 9 1520 109 102 33 82 811 127 12
5 90 5 1 100 0.75 9 1521 109 107 34 83 811 127 14
5 90 5 1 100 0.75 9 1522 109 106 25 81 814 130 11
5 90 5 1 100 0.75 9 1523 109 105 27 79 818 134 8
5 90 5 1 100 0.75 9 1524 109 109 30 83 818 134 10
5 90 5 1 100 0.75 9 1525 109 107 27 86 820 136 10
5 90 5 1 100 0.75 9 1526 109 108 31 90 821 137 15
5 90 5 1 100 0.75 9 1527 109 109 27 92 821 137 19
5 90 5 1 100 0.75 9 1528 109 109 27 95 821 137 20
5 90 5 1 100 0.75 9 1529 109 108 25 97 822 138 20
5 90 5 1 100 0.75 9 1530 109 109 25 100 822 138 22
5 90 5 1 100 0.75 9 1531 109 109 26 104 822 138 25
5 90 5 1 100 0.75 9 1532 109 109 23 105 822 138 31
5 90 5 1 100 0.75 9 1533 109 109 28 107 822 138 33
5 90 5 1 100 0.75 9 1534 109 109 34 107 822 138 34
5 90 5 1 100 0.75 9 1535 109 108 35 107 823 139 35
5 90 5 1 100 0.75 9 1536 109 109 34 107 823 139 37
5 90 5 1 100 0.75 9 1537 109 108 34 106 824 140 40
5 90 5 1 100 0.75 9 1538 109 109 41 107 824 140 41
5 90 5 1 100 0.75 9 1539 109 108 43 106 825 141 41
5 90 5 1 100 0.75 9 1540 109 108 33 105 826 142 41
5 90 5 1 100 0.75 9 1541 109 106 41 102 829 145 38
5 90 5 1 100 0.75 9 1542 109 105 37 98 833 149 35
5 90 5 1 100 0.75 9 1543 109 104 31 94 838 154 30
5 90 5 1 100 0.75 9 1544 109 108 35 93 839 155 29
5 90 5 1 100 0.75 9 1545 109 107 43 92 841 157 27
5 90 5 1 100 0.75 9 1546 109 108 23 91 842 158 26
5 90 5 1 100 0.75 9 1547 109 106 35 89 845 161 23
5 90 5 1 100 0.75 9 1548 109 107 31 88 847 163 21
5 90 5 1 100 0.75 9 1549 109 105 23 85 851 167 17
5 90 5 1 100 0.75 9 1550 109 107 36 87 853 169 15
5 90 5 1 100 0.75 9 1551 109 108 28 91 854 170 15
5 90 5 1 100 0.75 9 1552 109 104 28 87 859 175 10
5 90 5 1 100 0.75 9 1553 109 108 28 88 860 176 9
5 90 5 1 100 0.75 9 1554 109 108 26 89 861 177 8
5 90 5 1 100 0.75 9 1555 109 108 28 89 862 178 8
5 90 5 1 100 0.75 9 1556 109 106 22 91 865 181 6
5 90 5 1 100 0.75 9 1557 109 108 32 93 866 182 12
5 90 5 1 100 0.75 9 1558 109 108 27 93 867 183 11
5 90 5 1 100 0.75 9 1559 109 109 28 95 867 183 11
5 90 5 1 100 0.75 9 1560 109 108 31 96 868 184 11
5 90 5 1 100 0.75 9 1561 109 109 28 100 868 184 13
5 90 5 1 100 0.75 9 1562 109 109 27 101 868 184 16
5 90 5 1 100 0.75 9 1563 109 109 31 103 868 184 20
5 90 5 1 100 0.75 9 1564 109 109 29 105 868 184 21
5 90 5 1 100 0.75 9 1565 109 109 35 106 868 184 21
5 90 5 1 100 0.75 9 1566 109 108 33 107 869 185 22
5 90 5 1 100 0.75 9 1567 109 109 28 107 869 185 24
5 90 5 1 100 0.75 9 1568 109 109 35 107 869 185 28
5 90 5 1 100 0.75 9 1569 109 109 29 108 869 185 28
5 90 5 1 100 0.75 9 1570 109 109 38 108 869 185 30
5 90 5 1 100 0.75 9 1571 109 109 34 108 869 185 32
5 90 5 1 100 0.75 9 1572 109 108 32 107 870 186 33
5 90 5 1 100 0.75 9 1573 109 106 32 104 873 189 31
5 90 5 1 100 0.75 9 1574 109 109 32 104 873 189 31
5 90 5 1 100 0.75 9 1575 109 107 31 103 875 191 29
5 90 5 1 100 0.75 9 1576 109 106 30 100 878 194 27
5 90 5 1 100 0.75 9 1577 109 107 28 98 880 196 25
5 90 5 1 100 0.75 9 1578 109 105 36 94 883 200 21
5 90 5 1 100 0.75 9 1579 109 107 33 92 885 202 19
5 90 5 1 100 0.75 9 1580 109 108 34 92 886 203 18
5 90 5 1 100 0.75 9 1581 109 108 34 91 887 204 17
5 90 5 1 100 0.75 9 1582 109 107 33 91 889 206 16
5 90 5 1 100 0.75 9 1583 109 107 29 90 891 208 14
5 90 5 1 100 0.75 9 1584 109 107 37 93 893 210 12
5 90 5 1 100 0.75 9 1585 109 108 23 92 894 211 11
5 90 5 1 100 0.75 9 1586 109 107 30 94 896 213 9
5 90 5 1 100 0.75 9 1587 109 109 29 96 896 213 9
5 90 5 1 100 0.75 9 1588 109 106 31 96 899 216 7
5 90 5 1 100 0.75 9 1589 109 108 19 95 900 217 6
5 90 5 1 100 0.75 9 1590 109 107 22 95 902 219 6
5 90 5 1 100 0.75 9 1590 109 107 107 95 908 219 6
5 90 5 1 100 0.75 9 1620 109 107 107 95 677 219 6
5 90 5 1 100 0.75 10 1621 0 5 5 0 677 0 0
5 90 5 1 100 0.75 10 1622 0 10 10 0 677 0 0
5 90 5 1 100 0.75 10 1623 0 15 14 0 677 0 0
5 90 5 1 100 0.75 10 1624 0 20 20 0 677 0 0
5 90 5 1 100 0.75 10 1625 0 25 23 0 677 0 0
5 90 5 1 100 0.75 10 1626 0 30 28 0 677 0 0
5 90 5 1 100 0.75 10 1627 0 35 30 0 677 0 0
5 90 5 1 100 0.75 10 1628 6 40 28 0 677 0 0
5 90 5 1 100 0.75 10 1629 13 45 24 6 677 0 0
5 90 5 1 100 0.75 10 1630 15 50 28 13 677 0 0
5 90 5 1 100 0.75 10 1631 22 55 19 15 677 0 0
5 90 5 1 100 0.75 10 1632 27 60 22 22 677 0 0
5 90 5 1 100 0.75 10 1633 30 65 22 27 677 0 0
5 90 5 1 100 0.75 10 1634 35 70 22 30 677 0 0
5 90 5 1 100 0.75 10 1635 42 75 23 35 677 0 4
5 90 5 1 100 0.75 10 1636 46 80 29 42 677 0 10
5 90 5 1 100 0.75 10 1637 53 85 29 46 677 0 14
5 90 5 1 100 0.75 10 1638 57 90 30 53 677 0 17
5 90 5 1 100 0.75 10 1639 62 95 35 57 677 0 20
5 90 5 1 100 0.75 10 1640 68 100 27 62 677 0 26
5 90 5 1 100 0.75 10 1641 75 105 37 68 677 0 28
5 90 5 1 100 0.75 10 1642 76 109 37 75 677 0 30
5 90 5 1 100 0.75 10 1643 82 109 44 76 677 0 34
5 90 5 1 100 0.75 10 1644 88 109 34 82 677 0 40
5 90 5 1 100 0.75 10 1645 93 109 46 88 676 0 44
5 90 5 1 100 0.75 10 1646 98 109 41 93 676 0 49
5 90 5 1 100 0.75 10 1647 104 109 34 98 676 0 55
5 90 5 1 100 0.75 10 1648 106 109 37 104 676 0 60
5 90 5 1 100 0.75 10 1649 108 109 45 106 676 0 63
5 90 5 1 100 0.75 10 1650 109 109 37 108 676 0 66
5 90 5 1 100 0.75 10 1651 109 107 46 107 678 2 70
5 90 5 1 100 0.75 10 1652 109 106 50 104 681 5 70
5 90 5 1 100 0.75 10 1653 109 105 51 100 684 9 68
5 90 5 1 100 0.75 10 1654 109 108 54 99 685 10 73
5 90 5 1 100 0.75 10 1655 109 105 57 95 689 14 71
5 90 5 1 100 0.75 10 1656 109 103 49 89 695 20 67
5 90 5 1 100 0.75 10 1657 109 104 52 85 699 24 63
5 90 5 1 100 0.75 10 1658 109 105 47 81 703 28 59
5 90 5 1 100 0.75 10 1659 109 105 48 78 707 32 55
5 90 5 1 100 0.75 10 1660 109 106 44 78 710 35 52
5 90 5 1 100 0.75 10 1661 109 106 45 79 713 38 49
5 90 5 1 100 0.75 10 1662 109 106 49 78 716 41 46
5 90 5 1 100 0.75 10 1663 109 104 53 75 721 46 41
5 90 5 1 100 0.75 10 1664 109 104 39 73 726 51 36
5 90 5 1 100 0.75 10 1665 109 103 39 72 731 57 30
5 90 5 1 100 0.75 10 1666 109 103 29 72 736 62 27
5 90 5 1 100 0.75 10 1667 109 103 29 71 741 67 26
5 90 5 1 100 0.75 10 1668 109 105 35 73 744 70 26
5 90 5 1 100 0.75 10 1669 109 105 38 73 748 74 24
5 90 5 1 100 0.75 10 1670 109 106 34 72 751 77 22
5 90 5 1 100 0.75 10 1671 109 107 37 74 753 79 22
5 90 5 1 100 0.75 10 1672 109 105 36 75 757 83 24
5 90 5 1 100 0.75 10 1673 109 106 32 76 760 86 24
5 90 5 1 100 0.75 10 1674 109 108 33 79 761 87 28
5 90 5 1 100 0.75 10 1675 109 109 30 85 761 87 33
5 90 5 1 100 0.75 10 1676 109 109 37 90 761 87 34
5 90 5 1 100 0.75 10 1677 109 109 37 94 761 87 38
5 90 5 1 100 0.75 10 1678 109 109 37 99 761 87 38
5 90 5 1 100 0.75 10 1679 109 109 45 99 761 87 43
5 90 5 1 100 0.75 10 1680 109 109 47 102 761 87 48
5 90 5 1 100 0.75 10 1681 109 109 32 107 761 87 50
5 90 5 1 100 0.75 10 1682 109 107 37 106 763 89 52
5 90 5 1 100 0.75 10 1683 109 108 36 106 764 90 55
5 90 5 1 100 0.75 10 1684 109 107 36 104 766 92 56
5 90 5 1 100 0.75 10 1685 109 108 41 103 767 93 57
5 90 5 1 100 0.75 10 1686 109 106 40 100 770 96 56
5 90 5 1 100 0.75 10 1687 109 103 38 94 776 102 52
5 90 5 1 100 0.75 10 1688 109 105 43 91 778 105 50
5 90 5 1 100 0.75 10 1689 109 105 39 87 782 109 47
5 90 5 1 100 0.75 10 1690 109 107 41 85 784 111 45
5 90 5 1 100 0.75 10 1691 109 107 47 85 786 113 43
5 90 5 1 100 0.75 10 1692 109 104 44 83 790 118 38
5 90 5 1 100 0.75 10 1693 109 108 47 82 791 119 37
5 90 5 1 100 0.75 10 1694 109 106 40 80 794 122 34
5 90 5 1 100 0.75 10 1695 109 102 38 78 801 129 27
5 90 5 1 100 0.75 10 1696 109 106 37 80 802 130 26
5 90 5 1 100 0.75 10 1697 109 104 28 79 807 135 21
5 90 5 1 100 0.75 10 1698 109 106 38 81 810 138 22
5 90 5 1 100 0.75 10 1699 109 107 38 79 812 140 20
5 90 5 1 100 0.75 10 1700 109 108 33 84 813 141 20
5 90 5 1 100 0.75 10 1701 109 104 31 81 818 146 17
5 90 5 1 100 0.75 10 1702 109 105 35 81 822 150 15
5 90 5 1 100 0.75 10 1703 109 106 30 82 825 153 16
5 90 5 1 100 0.75 10 1704 109 107 29 80 827 155 15
5 90 5 1 100 0.75 10 1705 109 109 35 85 826 155 19
5 90 5 1 100 0.75 10 1706 109 108 36 89 827 156 20
5 90 5 1 100 0.75 10 1707 109 109 38 91 827 156 23
5 90 5 1 100 0.75 10 1708 109 109 36 94 827 156 27
5 90 5 1 100 0.75 10 1709 109 109 33 97 827 156 30
5 90 5 1 100 0.75 10 1710 109 109 35 100 827 156 30
5 90 5 1 100 0.75 10 1711 109 109 40 105 827 156 31
5 90 5 1 100 0.75 10 1712 109 109 38 108 827 156 32
5 90 5 1 100 0.75 10 1713 109 109 39 108 827 156 38
5 90 5 1 100 0.75 10 1714 109 109 34 109 827 156 40
5 90 5 1 100 0.75 10 1715 109 107 39 107 829 158 40
5 90 5 1 100 0.75 10 1716 109 109 38 107 829 158 44
5 90 5 1 100 0.75 10 1717 109 106 39 104 832 161 43
5 90 5 1 100 0.75 10 1718 109 106 43 101 835 164 44
5 90 5 1 100 0.75 10 1719 109 108 40 100 836 165 44
5 90 5 1 100 0.75 10 1720 109 108 44 99 837 166 44
5 90 5 1 100 0.75 10 1721 109 104 42 94 842 171 39
5 90 5 1 100 0.75 10 1722 109 109 43 94 842 171 39
5 90 5 1 100 0.75 10 1723 109 108 35 94 843 172 38
5 90 5 1 100 0.75 10 1724 109 102 39 88 850 179 31
5 90 5 1 100 0.75 10 1725 109 103 37 84 854 183 27
5 90 5 1 100 0.75 10 1726 109 107 41 86 855 184 26
5 90 5 1 100 0.75 10 1727 109 107 45 87 857 186 24
5 90 5 1 100 0.75 10 1728 109 107 37 86 859 188 22
5 90 5 1 100 0.75 10 1729 109 105 37 84 863 192 19
5 90 5 1 100 0.75 10 1730 109 108 36 87 864 193 18
5 90 5 1 100 0.75 10 1731 109 107 32 86 866 195 17
5 90 5 1 100 0.75 10 1732 109 106 27 86 869 198 15
5 90 5 1 100 0.75 10 1733 109 105 30 87 873 202 13
5 90 5 1 100 0.75 10 1734 109 109 36 90 873 202 13
5 90 5 1 100 0.75 10 1735 109 105 37 88 877 206 10
5 90 5 1 100 0.75 10 1736 109 107 24 88 879 208 11
5 90 5 1 100 0.75 10 1737 109 108 37 90 880 209 12
5 90 5 1 100 0.75 10 1738 109 108 28 91 881 210 12
5 90 5 1 100 0.75 10 1739 109 109 27 93 881 210 15
5 90 5 1 100 0.75 10 1740 109 109 32 97 881 210 16
5 90 5 1 100 0.75 10 1741 109 109 28 99 881 210 16
5 90 5 1 100 0.75 10 1742 109 109 28 101 881 210 19
5 90 5 1 100 0.75 10 1743 109 109 32 105 881 210 21
5 90 5 1 100 0.75 10 1744 109 109 33 106 881 210 23
5 90 5 1 100 0.75 10 1745 109 109 30 108 881 210 25
5 90 5 1 100 0.75 10 1746 109 109 29 109 881 210 28
5 90 5 1 100 0.75 10 1747 109 108 32 108 882 211 29
5 90 5 1 100 0.75 10 1748 109 109 28 108 882 211 30
5 90 5 1 100 0.75 10 1749 109 107 26 106 884 213 33
5 90 5 1 100 0.75 10 1750 109 109 33 106 884 213 35
5 90 5 1 100 0.75 10 1751 109 107 33 104 886 215 33
5 90 5 1 100 0.75 10 1752 109 107 32 102 888 217 33
5 90 5 1 100 0.75 10 1753 109 109 39 102 888 217 34
5 90 5 1 100 0.75 10 1754 109 106 41 99 891 220 31
5 90 5 1 100 0.75 10 1755 109 106 32 96 894 223 28
5 90 5 1 100 0.75 10 1756 109 108 40 96 895 224 27
5 90 5 1 100 0.75 10 1757 109 107 36 94 897 226 25
5 90 5 1 100 0.75 10 1758 109 109 29 96 897 226 25
5 90 5 1 100 0.75 10 1759 109 106 30 94 900 229 22
5 90 5 1 100 0.75 10 1760 109 108 23 94 901 230 21
5 90 5 1 100 0.75 10 1761 109 107 29 94 903 232 19
5 90 5 1 100 0.75 10 1762 109 106 29 93 906 235 16
5 90 5 1 100 0.75 10 1763 109 108 29 95 907 236 15
5 90 5 1 100 0.75 10 1764 109 105 29 92 911 240 13
5 90 5 1 100 0.75 10 1765 109 108 31 93 912 241 12
5 90 5 1 100 0.75 10 1766 109 108 36 93 913 242 12
5 90 5 1 100 0.75 10 1767 109 107 29 92 915 244 12
5 90 5 1 100 0.75 10 1768 109 107 31 92 917 246 12
5 90 5 1 100 0.75 10 1769 109 107 25 91 919 248 10
5 90 5 1 100 0.75 10 1770 109 108 37 93 920 249 12
5 90 5 1 100 0.75 10 1770 109 108 108 93 932 249 12
5 90 5 1 100 0.75 10 1800 109 108 108 93 684 249 12
