4 70 5 1 100 0.75 1 1 0 4 4 0 100 0 0
4 70 5 1 100 0.75 1 2 0 8 8 0 100 0 0
4 70 5 1 100 0.75 1 3 0 12 12 0 100 0 0
4 70 5 1 100 0.75 1 4 0 16 16 0 100 0 0
4 70 5 1 100 0.75 1 5 0 20 20 0 100 0 0
4 70 5 1 100 0.75 1 6 0 24 24 0 100 0 0
4 70 5 1 100 0.75 1 7 0 28 28 0 100 0 0
4 70 5 1 100 0.75 1 8 0 32 31 0 100 0 0
4 70 5 1 100 0.75 1 9 0 36 36 0 100 0 0
4 70 5 1 100 0.75 1 10 1 40 38 0 100 0 0
4 70 5 1 100 0.75 1 11 5 44 37 1 100 0 0
4 70 5 1 100 0.75 1 12 7 48 40 5 100 0 0
4 70 5 1 100 0.75 1 13 12 52 39 7 100 0 0
4 70 5 1 100 0.75 1 14 14 56 38 12 100 0 0
4 70 5 1 100 0.75 1 15 21 60 37 14 100 0 0
4 70 5 1 100 0.75 1 16 24 64 36 21 100 0 0
4 70 5 1 100 0.75 1 17 27 68 33 24 100 0 0
4 70 5 1 100 0.75 1 18 30 72 40 27 100 0 2
4 70 5 1 100 0.75 1 19 32 76 46 30 100 0 6
4 70 5 1 100 0.75 1 20 37 80 47 32 100 0 10
4 70 5 1 100 0.75 1 21 39 84 52 37 100 0 13
4 70 5 1 100 0.75 1 22 44 88 57 39 100 0 15
4 70 5 1 100 0.75 1 23 49 92 61 44 100 0 18
4 70 5 1 100 0.75 1 24 50 96 67 49 100 0 20
4 70 5 1 100 0.75 1 25 55 100 68 50 100 0 23
4 70 5 1 100 0.75 1 26 58 104 71 55 100 0 24
4 70 5 1 100 0.75 1 27 59 108 75 58 100 0 25
4 70 5 1 100 0.75 1 28 60 112 84 59 100 0 28
4 70 5 1 100 0.75 1 29 62 116 87 60 100 0 31
4 70 5 1 100 0.75 1 30 68 120 90 62 100 0 33
4 70 5 1 100 0.75 1 31 71 124 89 68 100 0 36
4 70 5 1 100 0.75 1 32 73 128 97 71 100 0 39
4 70 5 1 100 0.75 1 33 77 131 94 72 101 1 39
4 70 5 1 100 0.75 1 34 78 135 104 76 101 1 42
4 70 5 1 100 0.75 1 35 81 136 97 74 104 4 39
4 70 5 1 100 0.75 1 36 83 140 103 77 104 4 40
4 70 5 1 100 0.75 1 37 90 141 97 76 107 7 43
4 70 5 1 100 0.75 1 38 96 142 97 80 109 10 42
4 70 5 1 100 0.75 1 39 98 142 101 82 113 14 42
4 70 5 1 100 0.75 1 40 102 144 104 82 115 16 41
4 70 5 1 100 0.75 1 41 106 146 101 84 117 18 41
4 70 5 1 100 0.75 1 42 109 149 106 87 118 19 42
4 70 5 1 100 0.75 1 43 114 151 104 88 120 21 40
4 70 5 1 100 0.75 1 44 118 149 103 87 126 27 40
4 70 5 1 100 0.75 1 45 123 150 105 88 129 30 42
4 70 5 1 100 0.75 1 46 125 154 105 93 129 30 44
4 70 5 1 100 0.75 1 47 129 157 113 94 130 31 45
4 70 5 1 100 0.75 1 48 135 157 107 94 134 35 44
4 70 5 1 100 0.75 1 49 137 160 112 99 135 36 45
4 70 5 1 100 0.75 1 50 141 163 115 100 136 37 47
4 70 5 1 100 0.75 1 51 147 165 109 103 138 39 49
4 70 5 1 100 0.75 1 52 151 165 111 105 142 43 46
4 70 5 1 100 0.75 1 53 154 166 109 106 145 46 46
4 70 5 1 100 0.75 1 54 160 166 110 105 149 50 46
4 70 5 1 100 0.75 1 55 165 168 104 109 151 52 47
4 70 5 1 100 0.75 1 56 168 170 107 113 153 54 47
4 70 5 1 100 0.75 1 57 171 173 111 117 154 55 48
4 70 5 1 100 0.75 1 58 176 175 110 118 156 57 49
4 70 5 1 100 0.75 1 59 178 177 110 123 158 59 51
4 70 5 1 100 0.75 1 60 180 177 108 122 162 63 49
4 70 5 1 100 0.75 1 61 186 178 108 121 164 66 50
4 70 5 1 100 0.75 1 62 190 182 106 129 164 66 55
4 70 5 1 100 0.75 1 63 192 183 119 130 167 69 56
4 70 5 1 100 0.75 1 64 199 186 112 131 168 70 59
4 70 5 1 100 0.75 1 65 200 187 112 136 171 73 57
4 70 5 1 100 0.75 1 66 206 182 112 128 180 82 56
4 70 5 1 100 0.75 1 67 209 184 112 133 182 84 55
4 70 5 1 100 0.75 1 68 212 184 110 132 186 88 54
4 70 5 1 100 0.75 1 69 217 186 111 135 188 90 55
4 70 5 1 100 0.75 1 70 223 189 109 139 189 91 56
4 70 5 1 100 0.75 1 71 227 190 113 143 192 94 55
4 70 5 1 100 0.75 1 72 230 192 110 145 194 96 56
4 70 5 1 100 0.75 1 73 233 193 106 147 197 99 55
4 70 5 1 100 0.75 1 74 234 193 116 148 201 103 54
4 70 5 1 100 0.75 1 75 237 194 112 148 204 106 53
4 70 5 1 100 0.75 1 76 241 197 116 151 205 107 57
4 70 5 1 100 0.75 1 77 246 196 111 152 209 112 55
4 70 5 1 100 0.75 1 78 248 198 118 155 211 114 58
4 70 5 1 100 0.75 1 79 250 201 123 157 212 115 59
4 70 5 1 100 0.75 1 80 251 199 120 156 218 121 55
4 70 5 1 100 0.75 1 81 252 200 121 155 221 124 55
4 70 5 1 100 0.75 1 82 253 199 113 156 226 129 52
4 70 5 1 100 0.75 1 83 258 197 109 153 232 135 50
4 70 5 1 100 0.75 1 84 260 197 108 155 236 139 49
4 70 5 1 100 0.75 1 85 262 199 105 159 238 141 50
4 70 5 1 100 0.75 1 86 264 200 109 162 241 144 49
4 70 5 1 100 0.75 1 87 265 203 111 166 242 145 51
4 70 5 1 100 0.75 1 88 267 203 112 166 246 149 51
4 70 5 1 100 0.75 1 89 271 206 103 167 247 150 52
4 70 5 1 100 0.75 1 90 272 209 110 172 248 151 53
4 70 5 1 100 0.75 1 91 275 207 117 169 254 157 50
4 70 5 1 100 0.75 1 92 276 206 110 168 259 162 49
4 70 5 1 100 0.75 1 93 281 207 113 168 261 165 48
4 70 5 1 100 0.75 1 94 283 209 110 174 263 167 48
4 70 5 1 100 0.75 1 95 285 211 108 175 265 169 52
4 70 5 1 100 0.75 1 96 286 212 115 176 268 172 51
4 70 5 1 100 0.75 1 97 287 215 114 182 269 173 51
4 70 5 1 100 0.75 1 98 288 211 106 176 277 181 44
4 70 5 1 100 0.75 1 99 289 215 109 179 277 181 48
4 70 5 1 100 0.75 1 100 292 215 106 179 281 185 48
4 70 5 1 100 0.75 1 101 294 216 105 182 284 188 49
4 70 5 1 100 0.75 1 102 295 219 114 184 285 189 52
4 70 5 1 100 0.75 1 103 295 223 115 191 285 189 55
4 70 5 1 100 0.75 1 104 299 222 110 187 290 194 54
4 70 5 1 100 0.75 1 105 300 221 112 188 295 199 49
4 70 5 1 100 0.75 1 106 300 223 115 188 297 201 50
4 70 5 1 100 0.75 1 107 301 224 111 189 300 204 52
4 70 5 1 100 0.75 1 108 302 226 117 191 302 206 53
4 70 5 1 100 0.75 1 109 305 228 120 194 304 208 54
4 70 5 1 100 0.75 1 110 306 230 116 198 306 210 55
4 70 5 1 100 0.75 1 111 306 229 111 196 311 215 52
4 70 5 1 100 0.75 1 112 308 230 114 195 314 218 54
4 70 5 1 100 0.75 1 113 308 231 113 199 317 221 52
4 70 5 1 100 0.75 1 114 310 234 111 199 318 222 54
4 70 5 1 100 0.75 1 115 311 235 125 201 321 225 56
4 70 5 1 100 0.75 1 116 312 236 121 200 324 228 56
4 70 5 1 100 0.75 1 117 313 237 120 201 327 231 58
4 70 5 1 100 0.75 1 118 314 240 123 205 328 232 58
4 70 5 1 100 0.75 1 119 314 241 120 205 331 235 58
4 70 5 1 100 0.75 1 120 315 239 123 204 337 241 56
4 70 5 1 100 0.75 1 121 316 239 111 203 341 245 53
4 70 5 1 100 0.75 1 122 316 241 123 206 343 247 54
4 70 5 1 100 0.75 1 123 316 244 114 209 344 248 55
4 70 5 1 100 0.75 1 124 317 243 119 206 349 253 53
4 70 5 1 100 0.75 1 125 317 243 116 208 353 257 50
4 70 5 1 100 0.75 1 126 319 242 109 208 358 262 49
4 70 5 1 100 0.75 1 127 319 244 118 211 359 264 50
4 70 5 1 100 0.75 1 128 321 243 112 207 364 269 48
4 70 5 1 100 0.75 1 129 321 244 108 210 367 272 48
4 70 5 1 100 0.75 1 130 321 245 120 209 370 275 48
4 70 5 1 100 0.75 1 131 321 249 109 212 370 275 51
4 70 5 1 100 0.75 1 132 323 250 116 219 373 278 52
4 70 5 1 100 0.75 1 133 323 250 105 219 377 282 52
4 70 5 1 100 0.75 1 134 323 249 115 216 381 287 49
4 70 5 1 100 0.75 1 135 324 248 99 214 386 292 46
4 70 5 1 100 0.75 1 136 324 250 99 214 388 294 47
4 70 5 1 100 0.75 1 137 324 252 103 220 390 296 47
4 70 5 1 100 0.75 1 138 324 254 113 222 392 298 50
4 70 5 1 100 0.75 1 139 325 257 113 223 393 299 55
4 70 5 1 100 0.75 1 140 325 258 117 225 396 302 53
4 70 5 1 100 0.75 1 141 326 259 116 224 399 305 51
4 70 5 1 100 0.75 1 142 326 258 109 227 404 310 49
4 70 5 1 100 0.75 1 143 326 260 106 232 406 312 50
4 70 5 1 100 0.75 1 144 326 263 115 234 407 313 57
4 70 5 1 100 0.75 1 145 326 266 107 234 408 314 56
4 70 5 1 100 0.75 1 146 326 269 118 235 409 315 58
4 70 5 1 100 0.75 1 147 326 269 120 235 413 319 57
4 70 5 1 100 0.75 1 148 326 267 118 233 419 325 55
4 70 5 1 100 0.75 1 149 326 270 131 236 420 326 64
4 70 5 1 100 0.75 1 150 326 270 121 237 424 330 62
4 70 5 1 100 0.75 1 150 326 270 270 237 486 330 62
4 70 5 1 100 0.75 1 180 326 270 270 237 452 330 62
4 70 5 1 100 0.75 2 181 0 4 4 0 452 0 0
4 70 5 1 100 0.75 2 182 0 8 8 0 452 0 0
4 70 5 1 100 0.75 2 183 0 12 12 0 452 0 0
4 70 5 1 100 0.75 2 184 0 16 15 0 452 0 0
4 70 5 1 100 0.75 2 185 0 20 19 0 452 0 0
4 70 5 1 100 0.75 2 186 0 24 23 0 452 0 0
4 70 5 1 100 0.75 2 187 0 28 26 0 452 0 0
4 70 5 1 100 0.75 2 188 2 32 29 0 452 0 0
4 70 5 1 100 0.75 2 189 6 36 22 2 452 0 0
4 70 5 1 100 0.75 2 190 10 40 21 6 452 0 0
4 70 5 1 100 0.75 2 191 18 44 18 10 452 0 0
4 70 5 1 100 0.75 2 192 19 48 20 18 452 0 0
4 70 5 1 100 0.75 2 193 23 52 22 19 452 0 0
4 70 5 1 100 0.75 2 194 28 56 20 23 452 0 0
4 70 5 1 100 0.75 2 195 33 60 15 28 452 0 1
4 70 5 1 100 0.75 2 196 39 64 19 33 452 0 4
4 70 5 1 100 0.75 2 197 40 68 22 39 452 0 6
4 70 5 1 100 0.75 2 198 42 72 34 40 452 0 11
4 70 5 1 100 0.75 2 199 50 76 27 42 452 0 14
4 70 5 1 100 0.75 2 200 51 80 39 50 452 0 18
4 70 5 1 100 0.75 2 201 57 84 31 51 452 0 20
4 70 5 1 100 0.75 2 202 61 88 35 57 452 0 21
4 70 5 1 100 0.75 2 203 66 92 39 61 451 0 25
4 70 5 1 100 0.75 2 204 67 96 45 66 451 0 29
4 70 5 1 100 0.75 2 205 71 100 46 67 451 0 30
4 70 5 1 100 0.75 2 206 77 104 46 71 451 0 33
4 70 5 1 100 0.75 2 207 84 108 49 77 451 0 38
4 70 5 1 100 0.75 2 208 85 112 51 84 451 0 43
4 70 5 1 100 0.75 2 209 88 116 54 85 451 0 48
4 70 5 1 100 0.75 2 210 92 120 60 88 451 0 51
4 70 5 1 100 0.75 2 211 96 124 54 92 451 0 51
4 70 5 1 100 0.75 2 212 101 126 51 94 453 2 50
4 70 5 1 100 0.75 2 213 103 129 61 98 454 3 53
4 70 5 1 100 0.75 2 214 110 130 63 97 457 6 54
4 70 5 1 100 0.75 2 215 112 132 67 102 459 8 56
4 70 5 1 100 0.75 2 216 116 134 58 102 461 10 54
4 70 5 1 100 0.75 2 217 121 135 62 103 464 13 53
4 70 5 1 100 0.75 2 218 125 136 62 105 467 16 55
4 70 5 1 100 0.75 2 219 129 137 69 106 470 19 55
4 70 5 1 100 0.75 2 220 134 139 62 108 472 21 55
4 70 5 1 100 0.75 2 221 137 141 73 111 473 23 57
4 70 5 1 100 0.75 2 222 142 143 68 112 475 25 58
4 70 5 1 100 0.75 2 223 147 142 68 112 480 30 57
4 70 5 1 100 0.75 2 224 149 140 63 111 486 36 55
4 70 5 1 100 0.75 2 225 153 142 67 111 488 38 54
4 70 5 1 100 0.75 2 226 158 141 60 110 493 43 53
4 70 5 1 100 0.75 2 227 161 140 69 110 498 48 52
4 70 5 1 100 0.75 2 228 164 141 52 110 501 51 51
4 70 5 1 100 0.75 2 229 167 142 66 111 504 54 51
4 70 5 1 100 0.75 2 230 170 142 66 111 507 58 50
4 70 5 1 100 0.75 2 231 173 146 64 116 507 58 52
4 70 5 1 100 0.75 2 232 175 148 64 118 509 60 54
4 70 5 1 100 0.75 2 233 179 148 63 116 513 64 53
4 70 5 1 100 0.75 2 234 182 148 63 117 517 68 51
4 70 5 1 100 0.75 2 235 185 151 58 120 518 69 52
4 70 5 1 100 0.75 2 236 188 153 60 122 520 71 54
4 70 5 1 100 0.75 2 237 190 153 64 122 524 75 53
4 70 5 1 100 0.75 2 238 192 154 72 123 527 78 55
4 70 5 1 100 0.75 2 239 196 155 60 122 530 81 56
4 70 5 1 100 0.75 2 240 199 158 65 128 531 82 59
4 70 5 1 100 0.75 2 241 200 156 68 127 537 88 55
4 70 5 1 100 0.75 2 242 204 157 58 125 540 91 55
4 70 5 1 100 0.75 2 243 207 160 68 130 541 92 56
4 70 5 1 100 0.75 2 244 212 159 65 128 546 97 54
4 70 5 1 100 0.75 2 245 214 161 68 131 548 99 55
4 70 5 1 100 0.75 2 246 217 164 73 132 549 100 58
4 70 5 1 100 0.75 2 247 221 163 63 131 554 105 56
4 70 5 1 100 0.75 2 248 224 162 63 130 559 110 53
4 70 5 1 100 0.75 2 249 225 163 72 133 562 113 52
4 70 5 1 100 0.75 2 250 226 164 71 134 565 116 53
4 70 5 1 100 0.75 2 251 226 166 77 136 567 118 53
4 70 5 1 100 0.75 2 252 227 168 67 136 569 120 54
4 70 5 1 100 0.75 2 253 231 168 69 135 573 124 51
4 70 5 1 100 0.75 2 254 234 168 71 135 577 128 51
4 70 5 1 100 0.75 2 255 235 168 63 136 580 132 52
4 70 5 1 100 0.75 2 256 237 168 69 136 584 136 51
4 70 5 1 100 0.75 2 257 239 167 68 136 589 141 49
4 70 5 1 100 0.75 2 258 240 169 69 139 591 143 48
4 70 5 1 100 0.75 2 259 242 170 65 138 594 146 47
4 70 5 1 100 0.75 2 260 243 170 63 140 598 150 45
4 70 5 1 100 0.75 2 261 245 172 68 139 600 152 45
4 70 5 1 100 0.75 2 262 248 174 60 143 602 154 46
4 70 5 1 100 0.75 2 263 250 177 70 146 603 155 50
4 70 5 1 100 0.75 2 264 252 178 63 149 606 158 49
4 70 5 1 100 0.75 2 265 254 179 76 150 609 161 47
4 70 5 1 100 0.75 2 266 257 178 66 149 614 166 44
4 70 5 1 100 0.75 2 267 259 180 72 150 616 168 47
4 70 5 1 100 0.75 2 268 260 180 62 151 620 172 46
4 70 5 1 100 0.75 2 269 262 183 80 152 621 173 48
4 70 5 1 100 0.75 2 270 263 186 67 156 622 174 53
4 70 5 1 100 0.75 2 271 264 188 76 158 624 176 55
4 70 5 1 100 0.75 2 272 264 191 67 161 625 177 57
4 70 5 1 100 0.75 2 273 266 192 70 161 628 180 58
4 70 5 1 100 0.75 2 274 268 192 69 161 632 184 55
4 70 5 1 100 0.75 2 275 272 191 59 160 637 189 55
4 70 5 1 100 0.75 2 276 274 192 66 162 640 192 54
4 70 5 1 100 0.75 2 277 277 191 68 159 645 197 53
4 70 5 1 100 0.75 2 278 279 194 71 162 645 198 54
4 70 5 1 100 0.75 2 279 282 196 67 166 647 200 54
4 70 5 1 100 0.75 2 280 282 195 55 165 652 205 52
4 70 5 1 100 0.75 2 281 284 197 68 165 653 207 52
4 70 5 1 100 0.75 2 282 286 201 71 170 653 207 56
4 70 5 1 100 0.75 2 283 286 201 70 172 657 211 55
4 70 5 1 100 0.75 2 284 287 203 72 172 659 213 54
4 70 5 1 100 0.75 2 285 289 206 67 176 660 214 59
4 70 5 1 100 0.75 2 286 290 205 75 175 665 219 58
4 70 5 1 100 0.75 2 287 292 202 67 172 672 226 53
4 70 5 1 100 0.75 2 288 293 204 67 176 674 228 53
4 70 5 1 100 0.75 2 289 294 205 76 176 677 231 57
4 70 5 1 100 0.75 2 290 296 204 68 174 682 236 54
4 70 5 1 100 0.75 2 291 297 203 71 174 687 241 52
4 70 5 1 100 0.75 2 292 297 204 71 174 690 244 52
4 70 5 1 100 0.75 2 293 298 205 71 175 693 247 51
4 70 5 1 100 0.75 2 294 300 208 66 178 693 248 54
4 70 5 1 100 0.75 2 295 301 209 65 180 696 251 54
4 70 5 1 100 0.75 2 296 301 209 62 179 700 255 52
4 70 5 1 100 0.75 2 297 302 210 72 179 703 258 52
4 70 5 1 100 0.75 2 298 303 211 63 183 706 261 53
4 70 5 1 100 0.75 2 299 303 214 74 185 707 262 53
4 70 5 1 100 0.75 2 300 304 214 69 182 711 266 54
4 70 5 1 100 0.75 2 301 305 217 78 186 712 267 55
4 70 5 1 100 0.75 2 302 305 218 82 188 714 270 55
4 70 5 1 100 0.75 2 303 305 220 65 190 716 272 54
4 70 5 1 100 0.75 2 304 306 222 73 191 718 274 55
4 70 5 1 100 0.75 2 305 308 218 74 189 726 282 50
4 70 5 1 100 0.75 2 306 309 220 74 190 728 284 50
4 70 5 1 100 0.75 2 307 310 217 58 188 735 291 44
4 70 5 1 100 0.75 2 308 311 218 62 190 738 294 46
4 70 5 1 100 0.75 2 309 311 221 68 191 738 295 49
4 70 5 1 100 0.75 2 310 313 225 72 195 738 295 52
4 70 5 1 100 0.75 2 311 313 223 67 193 744 301 48
4 70 5 1 100 0.75 2 312 313 225 73 195 746 303 51
4 70 5 1 100 0.75 2 313 313 227 71 196 748 305 52
4 70 5 1 100 0.75 2 314 313 227 78 196 752 309 53
4 70 5 1 100 0.75 2 315 313 230 77 197 753 310 53
4 70 5 1 100 0.75 2 316 313 230 72 198 757 314 50
4 70 5 1 100 0.75 2 317 313 232 74 202 759 316 50
4 70 5 1 100 0.75 2 318 313 234 87 204 761 318 52
4 70 5 1 100 0.75 2 319 313 234 63 203 765 322 50
4 70 5 1 100 0.75 2 320 314 234 67 202 769 326 50
4 70 5 1 100 0.75 2 321 315 237 77 206 769 327 52
4 70 5 1 100 0.75 2 322 317 238 68 206 772 330 50
4 70 5 1 100 0.75 2 323 318 239 73 209 775 333 50
4 70 5 1 100 0.75 2 324 318 239 79 209 779 337 50
4 70 5 1 100 0.75 2 325 318 241 79 212 781 339 50
4 70 5 1 100 0.75 2 326 318 242 70 212 784 342 49
4 70 5 1 100 0.75 2 327 318 245 65 215 785 343 51
4 70 5 1 100 0.75 2 328 318 243 72 212 791 349 47
4 70 5 1 100 0.75 2 329 319 245 74 212 792 351 50
4 70 5 1 100 0.75 2 330 319 245 73 215 796 355 47
4 70 5 1 100 0.75 2 330 319 245 245 215 843 355 47
4 70 5 1 100 0.75 2 360 319 245 245 215 718 355 47
4 70 5 1 100 0.75 3 361 0 4 4 0 718 0 0
4 70 5 1 100 0.75 3 362 0 8 8 0 718 0 0
4 70 5 1 100 0.75 3 363 0 12 12 0 718 0 0
4 70 5 1 100 0.75 3 364 0 16 15 0 718 0 0
4 70 5 1 100 0.75 3 365 0 20 20 0 718 0 0
4 70 5 1 100 0.75 3 366 0 24 22 0 718 0 0
4 70 5 1 100 0.75 3 367 1 28 24 0 718 0 0
4 70 5 1 100 0.75 3 368 5 32 20 1 718 0 0
4 70 5 1 100 0.75 3 369 8 36 25 5 718 0 0
4 70 5 1 100 0.75 3 370 11 40 20 8 718 0 0
4 70 5 1 100 0.75 3 371 19 44 17 11 718 0 0
4 70 5 1 100 0.75 3 372 21 48 16 19 718 0 0
4 70 5 1 100 0.75 3 373 26 52 17 21 718 0 0
4 70 5 1 100 0.75 3 374 31 56 15 26 718 0 1
4 70 5 1 100 0.75 3 375 35 60 24 31 718 0 4
4 70 5 1 100 0.75 3 376 35 64 23 35 718 0 6
4 70 5 1 100 0.75 3 377 41 68 23 35 718 0 8
4 70 5 1 100 0.75 3 378 45 72 24 41 718 0 10
4 70 5 1 100 0.75 3 379 52 76 30 45 718 0 16
4 70 5 1 100 0.75 3 380 53 80 27 52 718 0 17
4 70 5 1 100 0.75 3 381 57 84 30 53 717 0 21
4 70 5 1 100 0.75 3 382 61 88 38 57 717 0 25
4 70 5 1 100 0.75 3 383 65 92 33 61 716 0 26
4 70 5 1 100 0.75 3 384 69 96 41 65 716 0 29
4 70 5 1 100 0.75 3 385 72 100 31 69 716 0 33
4 70 5 1 100 0.75 3 386 78 104 38 72 716 0 37
4 70 5 1 100 0.75 3 387 83 108 43 78 716 0 40
4 70 5 1 100 0.75 3 388 84 112 52 83 716 0 42
4 70 5 1 100 0.75 3 389 90 116 47 84 716 0 45
4 70 5 1 100 0.75 3 390 95 120 43 90 716 0 47
4 70 5 1 100 0.75 3 391 98 121 52 92 718 3 47
4 70 5 1 100 0.75 3 392 101 122 47 92 721 6 47
4 70 5 1 100 0.75 3 393 108 125 44 94 722 7 48
4 70 5 1 100 0.75 3 394 109 128 54 100 723 8 54
4 70 5 1 100 0.75 3 395 113 131 51 100 723 9 54
4 70 5 1 100 0.75 3 396 118 131 49 100 727 13 53
4 70 5 1 100 0.75 3 397 123 133 49 103 729 15 54
4 70 5 1 100 0.75 3 398 125 134 44 105 732 18 54
4 70 5 1 100 0.75 3 399 130 135 46 104 735 21 54
4 70 5 1 100 0.75 3 400 132 135 53 105 739 25 51
4 70 5 1 100 0.75 3 401 138 133 59 101 745 31 47
4 70 5 1 100 0.75 3 402 142 136 42 106 746 32 47
4 70 5 1 100 0.75 3 403 145 138 51 109 748 34 50
4 70 5 1 100 0.75 3 404 147 137 42 107 753 39 48
4 70 5 1 100 0.75 3 405 152 140 50 108 754 40 52
4 70 5 1 100 0.75 3 406 154 138 52 107 760 46 48
4 70 5 1 100 0.75 3 407 157 139 47 108 763 49 49
4 70 5 1 100 0.75 3 408 162 142 49 110 764 50 50
4 70 5 1 100 0.75 3 409 165 142 55 111 768 54 53
4 70 5 1 100 0.75 3 410 168 144 47 114 769 56 54
4 70 5 1 100 0.75 3 411 172 145 46 115 772 59 52
4 70 5 1 100 0.75 3 412 175 147 47 117 774 61 54
4 70 5 1 100 0.75 3 413 179 147 53 117 777 65 55
4 70 5 1 100 0.75 3 414 180 148 52 118 780 68 55
4 70 5 1 100 0.75 3 415 183 151 62 119 781 69 55
4 70 5 1 100 0.75 3 416 185 153 52 122 783 71 58
4 70 5 1 100 0.75 3 417 189 155 51 124 785 73 62
4 70 5 1 100 0.75 3 418 190 155 52 125 789 77 59
4 70 5 1 100 0.75 3 419 193 155 54 123 793 81 58
4 70 5 1 100 0.75 3 420 195 155 55 125 797 85 55
4 70 5 1 100 0.75 3 421 198 154 53 123 802 90 52
4 70 5 1 100 0.75 3 422 200 155 49 125 805 93 53
4 70 5 1 100 0.75 3 423 204 157 55 125 807 95 54
4 70 5 1 100 0.75 3 424 207 159 46 128 809 97 55
4 70 5 1 100 0.75 3 425 208 158 56 129 814 102 53
4 70 5 1 100 0.75 3 426 212 159 62 128 817 105 52
4 70 5 1 100 0.75 3 427 215 157 53 127 823 111 52
4 70 5 1 100 0.75 3 428 219 159 49 129 825 113 55
4 70 5 1 100 0.75 3 429 223 162 48 133 826 114 57
4 70 5 1 100 0.75 3 430 223 164 52 136 828 116 57
4 70 5 1 100 0.75 3 431 226 163 58 133 833 121 55
4 70 5 1 100 0.75 3 432 230 161 52 130 839 127 53
4 70 5 1 100 0.75 3 433 230 164 49 135 840 128 53
4 70 5 1 100 0.75 3 434 234 167 44 137 841 129 57
4 70 5 1 100 0.75 3 435 236 169 44 140 843 131 58
4 70 5 1 100 0.75 3 436 237 169 58 140 847 135 59
4 70 5 1 100 0.75 3 437 239 168 49 139 852 140 55
4 70 5 1 100 0.75 3 438 241 170 52 140 854 142 55
4 70 5 1 100 0.75 3 439 243 172 54 142 856 144 56
4 70 5 1 100 0.75 3 440 245 174 64 144 858 146 58
4 70 5 1 100 0.75 3 441 247 175 60 146 861 149 59
4 70 5 1 100 0.75 3 442 250 174 53 143 866 154 57
4 70 5 1 100 0.75 3 443 255 177 62 145 867 155 61
4 70 5 1 100 0.75 3 444 257 175 43 146 873 161 56
4 70 5 1 100 0.75 3 445 258 176 53 146 875 164 57
4 70 5 1 100 0.75 3 446 260 174 59 144 881 170 53
4 70 5 1 100 0.75 3 447 261 172 54 143 887 176 48
4 70 5 1 100 0.75 3 448 262 176 47 145 887 176 52
4 70 5 1 100 0.75 3 449 262 176 45 147 891 180 50
4 70 5 1 100 0.75 3 450 264 177 54 146 894 183 51
4 70 5 1 100 0.75 3 451 265 180 57 150 895 184 54
4 70 5 1 100 0.75 3 452 267 182 55 152 897 186 53
4 70 5 1 100 0.75 3 453 268 183 50 152 900 189 53
4 70 5 1 100 0.75 3 454 270 185 59 155 902 191 54
4 70 5 1 100 0.75 3 455 271 185 56 155 906 195 52
4 70 5 1 100 0.75 3 456 273 186 60 157 909 198 52
4 70 5 1 100 0.75 3 457 275 188 56 158 911 200 52
4 70 5 1 100 0.75 3 458 277 185 56 156 918 207 47
4 70 5 1 100 0.75 3 459 278 186 59 156 921 210 50
4 70 5 1 100 0.75 3 460 279 188 60 159 922 212 52
4 70 5 1 100 0.75 3 461 281 189 61 158 925 215 52
4 70 5 1 100 0.75 3 462 281 191 58 162 926 217 52
4 70 5 1 100 0.75 3 463 281 191 47 161 928 221 54
4 70 5 1 100 0.75 3 464 282 191 66 162 932 225 52
4 70 5 1 100 0.75 3 465 283 191 60 161 936 229 52
4 70 5 1 100 0.75 3 466 284 191 65 161 940 233 52
4 70 5 1 100 0.75 3 467 285 193 53 161 942 235 52
4 70 5 1 100 0.75 3 468 286 194 52 162 945 238 53
4 70 5 1 100 0.75 3 469 286 198 55 168 945 238 56
4 70 5 1 100 0.75 3 470 287 199 52 168 947 241 54
4 70 5 1 100 0.75 3 471 287 200 64 170 950 244 56
4 70 5 1 100 0.75 3 472 288 200 60 169 954 248 56
4 70 5 1 100 0.75 3 473 289 201 52 171 957 251 55
4 70 5 1 100 0.75 3 474 289 204 54 174 958 252 56
4 70 5 1 100 0.75 3 475 290 206 49 175 960 254 58
4 70 5 1 100 0.75 3 476 291 208 56 177 962 256 60
4 70 5 1 100 0.75 3 477 292 208 49 179 966 260 60
4 70 5 1 100 0.75 3 478 293 207 53 176 971 265 58
4 70 5 1 100 0.75 3 479 293 206 61 176 976 270 57
4 70 5 1 100 0.75 3 480 294 207 44 176 979 273 57
4 70 5 1 100 0.75 3 481 294 205 53 174 985 279 56
4 70 5 1 100 0.75 3 482 295 206 60 176 988 282 56
4 70 5 1 100 0.75 3 483 296 210 66 180 988 282 59
4 70 5 1 100 0.75 3 484 299 212 60 181 990 284 61
4 70 5 1 100 0.75 3 485 301 213 64 183 993 287 61
4 70 5 1 100 0.75 3 486 301 212 50 183 998 292 60
4 70 5 1 100 0.75 3 487 302 213 58 184 1000 295 60
4 70 5 1 100 0.75 3 488 302 215 53 186 1002 297 60
4 70 5 1 100 0.75 3 489 305 215 55 184 1006 301 59
4 70 5 1 100 0.75 3 490 305 218 48 188 1007 302 61
4 70 5 1 100 0.75 3 491 305 217 62 186 1012 307 60
4 70 5 1 100 0.75 3 492 306 218 54 189 1015 310 59
4 70 5 1 100 0.75 3 493 306 222 72 193 1015 310 64
4 70 5 1 100 0.75 3 494 306 219 57 188 1021 317 63
4 70 5 1 100 0.75 3 495 307 220 66 189 1023 320 62
4 70 5 1 100 0.75 3 496 308 217 58 187 1030 327 56
4 70 5 1 100 0.75 3 497 309 220 63 190 1031 328 61
4 70 5 1 100 0.75 3 498 309 220 59 189 1034 332 60
4 70 5 1 100 0.75 3 499 309 218 64 188 1040 338 56
4 70 5 1 100 0.75 3 500 309 221 58 190 1040 339 58
4 70 5 1 100 0.75 3 501 311 221 65 192 1042 343 59
4 70 5 1 100 0.75 3 502 311 223 54 194 1044 345 61
4 70 5 1 100 0.75 3 503 311 223 65 194 1048 349 59
4 70 5 1 100 0.75 3 504 311 222 61 191 1053 354 54
4 70 5 1 100 0.75 3 505 311 220 57 191 1058 360 50
4 70 5 1 100 0.75 3 506 311 224 57 194 1058 360 56
4 70 5 1 100 0.75 3 507 311 227 62 197 1059 361 58
4 70 5 1 100 0.75 3 508 312 226 60 195 1064 366 56
4 70 5 1 100 0.75 3 509 314 227 65 197 1067 369 56
4 70 5 1 100 0.75 3 510 314 229 64 200 1066 371 56
4 70 5 1 100 0.75 3 510 314 229 229 200 1122 371 56
4 70 5 1 100 0.75 3 540 314 229 229 200 762 371 56
4 70 5 1 100 0.75 4 541 0 4 4 0 762 0 0
4 70 5 1 100 0.75 4 542 0 8 8 0 762 0 0
4 70 5 1 100 0.75 4 543 0 12 12 0 762 0 0
4 70 5 1 100 0.75 4 544 0 16 16 0 762 0 0
4 70 5 1 100 0.75 4 545 0 20 20 0 762 0 0
4 70 5 1 100 0.75 4 546 0 24 19 0 762 0 0
4 70 5 1 100 0.75 4 547 0 28 24 0 762 0 0
4 70 5 1 100 0.75 4 548 4 32 22 0 762 0 0
4 70 5 1 100 0.75 4 549 9 36 24 4 762 0 0
4 70 5 1 100 0.75 4 550 13 40 20 9 762 0 0
4 70 5 1 100 0.75 4 551 17 44 18 13 762 0 0
4 70 5 1 100 0.75 4 552 23 48 13 17 762 0 0
4 70 5 1 100 0.75 4 553 27 52 15 23 762 0 0
4 70 5 1 100 0.75 4 554 29 56 15 27 762 0 0
4 70 5 1 100 0.75 4 555 33 60 11 29 762 0 1
4 70 5 1 100 0.75 4 556 38 64 18 33 762 0 3
4 70 5 1 100 0.75 4 557 41 68 17 38 761 0 8
4 70 5 1 100 0.75 4 558 46 72 20 41 761 0 12
4 70 5 1 100 0.75 4 559 51 76 21 46 761 0 15
4 70 5 1 100 0.75 4 560 53 80 21 51 760 0 19
4 70 5 1 100 0.75 4 561 57 84 23 53 760 0 21
4 70 5 1 100 0.75 4 562 62 88 21 57 759 0 22
4 70 5 1 100 0.75 4 563 65 92 27 62 759 0 25
4 70 5 1 100 0.75 4 564 70 96 32 65 759 0 27
4 70 5 1 100 0.75 4 565 75 100 29 70 759 0 28
4 70 5 1 100 0.75 4 566 79 104 37 75 759 0 32
4 70 5 1 100 0.75 4 567 82 108 35 79 759 0 34
4 70 5 1 100 0.75 4 568 87 112 38 82 759 0 36
4 70 5 1 100 0.75 4 569 91 116 32 87 759 0 40
4 70 5 1 100 0.75 4 570 92 120 53 91 759 0 43
4 70 5 1 100 0.75 4 571 100 123 41 91 759 1 45
4 70 5 1 100 0.75 4 572 102 127 42 99 758 1 48
4 70 5 1 100 0.75 4 573 105 130 46 100 759 2 51
4 70 5 1 100 0.75 4 574 110 132 52 101 761 4 51
4 70 5 1 100 0.75 4 575 112 131 46 101 766 9 47
4 70 5 1 100 0.75 4 576 118 129 40 97 772 15 43
4 70 5 1 100 0.75 4 577 122 132 42 102 773 16 44
4 70 5 1 100 0.75 4 578 126 134 42 104 775 18 45
4 70 5 1 100 0.75 4 579 127 133 41 103 780 23 46
4 70 5 1 100 0.75 4 580 132 136 45 103 780 24 45
4 70 5 1 100 0.75 4 581 138 140 49 108 780 24 50
4 70 5 1 100 0.75 4 582 141 141 45 111 783 27 50
4 70 5 1 100 0.75 4 583 144 142 39 111 786 30 49
4 70 5 1 100 0.75 4 584 146 145 48 114 787 31 53
4 70 5 1 100 0.75 4 585 149 145 41 113 791 35 50
4 70 5 1 100 0.75 4 586 156 145 44 112 794 39 48
4 70 5 1 100 0.75 4 587 160 147 40 117 796 41 48
4 70 5 1 100 0.75 4 588 166 148 48 118 799 44 50
4 70 5 1 100 0.75 4 589 166 148 43 120 803 48 49
4 70 5 1 100 0.75 4 590 169 150 48 119 805 50 51
4 70 5 1 100 0.75 4 591 176 149 43 117 810 55 48
4 70 5 1 100 0.75 4 592 177 151 49 122 812 57 47
4 70 5 1 100 0.75 4 593 182 154 47 123 813 58 51
4 70 5 1 100 0.75 4 594 187 156 54 126 815 60 53
4 70 5 1 100 0.75 4 595 190 156 45 128 819 64 53
4 70 5 1 100 0.75 4 596 194 157 50 128 821 67 52
4 70 5 1 100 0.75 4 597 195 158 48 130 823 70 52
4 70 5 1 100 0.75 4 598 197 162 51 133 823 70 54
4 70 5 1 100 0.75 4 599 201 162 52 131 827 74 53
4 70 5 1 100 0.75 4 600 204 164 57 134 829 76 54
4 70 5 1 100 0.75 4 601 209 165 56 134 832 79 56
4 70 5 1 100 0.75 4 602 210 167 57 138 834 81 57
4 70 5 1 100 0.75 4 603 213 167 53 136 838 85 56
4 70 5 1 100 0.75 4 604 216 169 50 140 840 87 59
4 70 5 1 100 0.75 4 605 220 166 56 136 847 94 53
4 70 5 1 100 0.75 4 606 221 169 48 140 847 95 55
4 70 5 1 100 0.75 4 607 224 171 56 141 849 97 55
4 70 5 1 100 0.75 4 608 226 170 56 140 853 102 54
4 70 5 1 100 0.75 4 609 228 171 63 141 856 105 55
4 70 5 1 100 0.75 4 610 233 173 60 142 858 107 57
4 70 5 1 100 0.75 4 611 235 175 50 145 860 109 58
4 70 5 1 100 0.75 4 612 236 177 53 146 862 111 59
4 70 5 1 100 0.75 4 613 237 174 57 143 868 118 55
4 70 5 1 100 0.75 4 614 240 175 48 143 871 121 55
4 70 5 1 100 0.75 4 615 241 176 50 147 874 124 55
4 70 5 1 100 0.75 4 616 243 174 59 143 880 130 51
4 70 5 1 100 0.75 4 617 246 176 62 145 882 132 52
4 70 5 1 100 0.75 4 618 246 179 71 150 883 133 53
4 70 5 1 100 0.75 4 619 247 180 56 149 886 136 55
4 70 5 1 100 0.75 4 620 250 183 58 152 887 137 55
4 70 5 1 100 0.75 4 621 256 183 58 152 891 141 57
4 70 5 1 100 0.75 4 622 256 183 53 154 895 145 54
4 70 5 1 100 0.75 4 623 258 185 60 154 897 147 55
4 70 5 1 100 0.75 4 624 261 184 49 151 902 152 54
4 70 5 1 100 0.75 4 625 263 187 59 157 903 153 56
4 70 5 1 100 0.75 4 626 264 187 50 157 906 157 53
4 70 5 1 100 0.75 4 627 267 187 54 156 910 161 52
4 70 5 1 100 0.75 4 628 268 189 55 160 912 163 54
4 70 5 1 100 0.75 4 629 269 188 61 157 917 168 55
4 70 5 1 100 0.75 4 630 272 189 57 158 920 171 54
4 70 5 1 100 0.75 4 631 274 189 53 161 923 175 53
4 70 5 1 100 0.75 4 632 276 190 51 160 926 178 54
4 70 5 1 100 0.75 4 633 276 193 44 162 927 179 54
4 70 5 1 100 0.75 4 634 277 192 56 162 932 184 51
4 70 5 1 100 0.75 4 635 280 193 48 162 935 187 52
4 70 5 1 100 0.75 4 636 280 194 50 164 937 190 53
4 70 5 1 100 0.75 4 637 281 195 47 164 940 193 54
4 70 5 1 100 0.75 4 638 282 198 54 169 941 194 56
4 70 5 1 100 0.75 4 639 284 198 47 168 945 198 53
4 70 5 1 100 0.75 4 640 286 198 59 169 949 202 52
4 70 5 1 100 0.75 4 641 287 200 55 169 951 204 53
4 70 5 1 100 0.75 4 642 288 204 63 174 950 204 56
4 70 5 1 100 0.75 4 643 289 204 51 173 954 208 54
4 70 5 1 100 0.75 4 644 290 202 53 172 960 214 52
4 70 5 1 100 0.75 4 645 291 203 54 173 963 217 52
4 70 5 1 100 0.75 4 646 292 203 49 173 966 221 51
4 70 5 1 100 0.75 4 647 292 202 49 173 970 226 49
4 70 5 1 100 0.75 4 648 294 204 55 174 972 228 48
4 70 5 1 100 0.75 4 649 294 205 61 175 975 231 48
4 70 5 1 100 0.75 4 650 294 208 53 177 976 232 52
4 70 5 1 100 0.75 4 651 296 207 46 177 981 237 51
4 70 5 1 100 0.75 4 652 298 208 60 179 984 240 51
4 70 5 1 100 0.75 4 653 299 209 52 178 987 243 51
4 70 5 1 100 0.75 4 654 301 211 58 182 988 245 52
4 70 5 1 100 0.75 4 655 301 214 47 184 989 246 55
4 70 5 1 100 0.75 4 656 303 216 56 185 991 248 56
4 70 5 1 100 0.75 4 657 304 216 53 185 995 252 54
4 70 5 1 100 0.75 4 658 304 218 59 189 997 254 57
4 70 5 1 100 0.75 4 659 305 216 50 185 1002 260 54
4 70 5 1 100 0.75 4 660 306 219 56 191 1003 261 55
4 70 5 1 100 0.75 4 661 306 221 59 190 1005 263 58
4 70 5 1 100 0.75 4 662 306 220 52 189 1010 268 55
4 70 5 1 100 0.75 4 663 307 222 59 194 1011 270 55
4 70 5 1 100 0.75 4 664 307 223 61 192 1014 273 58
4 70 5 1 100 0.75 4 665 309 222 54 191 1019 278 55
4 70 5 1 100 0.75 4 666 309 223 62 194 1022 281 54
4 70 5 1 100 0.75 4 667 311 224 54 193 1025 284 54
4 70 5 1 100 0.75 4 668 311 226 63 196 1027 286 54
4 70 5 1 100 0.75 4 669 312 227 55 197 1030 289 56
4 70 5 1 100 0.75 4 670 313 228 65 198 1033 292 55
4 70 5 1 100 0.75 4 671 314 226 60 195 1038 298 51
4 70 5 1 100 0.75 4 672 315 227 63 197 1040 301 50
4 70 5 1 100 0.75 4 673 316 226 51 195 1045 306 48
4 70 5 1 100 0.75 4 674 316 229 58 199 1046 307 51
4 70 5 1 100 0.75 4 675 316 231 58 201 1048 309 52
4 70 5 1 100 0.75 4 676 316 232 56 201 1051 312 53
4 70 5 1 100 0.75 4 677 316 232 50 202 1055 316 50
4 70 5 1 100 0.75 4 678 316 234 60 202 1057 318 50
4 70 5 1 100 0.75 4 679 317 236 57 204 1059 320 52
4 70 5 1 100 0.75 4 680 317 237 53 207 1062 323 51
4 70 5 1 100 0.75 4 681 317 237 56 206 1066 327 52
4 70 5 1 100 0.75 4 682 317 238 59 206 1069 330 53
4 70 5 1 100 0.75 4 683 318 242 50 212 1069 330 53
4 70 5 1 100 0.75 4 684 318 241 55 211 1074 335 50
4 70 5 1 100 0.75 4 685 318 240 54 210 1079 340 48
4 70 5 1 100 0.75 4 686 318 240 53 209 1083 344 47
4 70 5 1 100 0.75 4 687 318 243 52 212 1084 345 50
4 70 5 1 100 0.75 4 688 318 246 58 215 1085 346 50
4 70 5 1 100 0.75 4 689 318 245 54 217 1089 351 50
4 70 5 1 100 0.75 4 690 318 246 52 217 1092 354 53
4 70 5 1 100 0.75 4 690 318 246 246 217 1144 354 53
4 70 5 1 100 0.75 4 720 318 246 246 217 761 354 53
4 70 5 1 100 0.75 5 721 0 4 4 0 761 0 0
4 70 5 1 100 0.75 5 722 0 8 8 0 761 0 0
4 70 5 1 100 0.75 5 723 0 12 11 0 761 0 0
4 70 5 1 100 0.75 5 724 0 16 16 0 761 0 0
4 70 5 1 100 0.75 5 725 0 20 17 0 761 0 0
4 70 5 1 100 0.75 5 726 0 24 24 0 761 0 0
4 70 5 1 100 0.75 5 727 0 28 22 0 761 0 0
4 70 5 1 100 0.75 5 728 3 32 23 0 761 0 0
4 70 5 1 100 0.75 5 729 9 36 22 3 761 0 0
4 70 5 1 100 0.75 5 730 14 40 20 9 761 0 0
4 70 5 1 100 0.75 5 731 17 44 13 14 761 0 0
4 70 5 1 100 0.75 5 732 20 48 18 17 760 0 0
4 70 5 1 100 0.75 5 733 24 52 18 20 759 0 0
4 70 5 1 100 0.75 5 734 27 56 18 24 759 0 0
4 70 5 1 100 0.75 5 735 34 60 12 27 759 0 1
4 70 5 1 100 0.75 5 736 38 64 19 34 759 0 3
4 70 5 1 100 0.75 5 737 43 68 19 38 759 0 7
4 70 5 1 100 0.75 5 738 45 72 17 43 759 0 10
4 70 5 1 100 0.75 5 739 50 76 22 45 759 0 11
4 70 5 1 100 0.75 5 740 53 80 26 50 759 0 12
4 70 5 1 100 0.75 5 741 58 84 23 53 759 0 15
4 70 5 1 100 0.75 5 742 61 88 30 58 759 0 21
4 70 5 1 100 0.75 5 743 63 92 19 61 758 0 25
4 70 5 1 100 0.75 5 744 68 96 38 63 758 0 29
4 70 5 1 100 0.75 5 745 76 100 36 68 758 0 29
4 70 5 1 100 0.75 5 746 77 104 31 76 758 0 32
4 70 5 1 100 0.75 5 747 83 108 36 77 757 0 35
4 70 5 1 100 0.75 5 748 87 112 45 83 757 0 40
4 70 5 1 100 0.75 5 749 91 116 36 87 757 0 42
4 70 5 1 100 0.75 5 750 95 120 45 91 757 0 43
4 70 5 1 100 0.75 5 751 98 124 36 95 757 0 45
4 70 5 1 100 0.75 5 752 102 127 43 97 758 1 51
4 70 5 1 100 0.75 5 753 105 129 39 99 760 3 53
4 70 5 1 100 0.75 5 754 110 130 46 99 763 6 53
4 70 5 1 100 0.75 5 755 114 132 45 102 765 8 58
4 70 5 1 100 0.75 5 756 118 134 55 104 767 10 57
4 70 5 1 100 0.75 5 757 120 135 45 105 770 13 56
4 70 5 1 100 0.75 5 758 126 136 49 104 773 16 53
4 70 5 1 100 0.75 5 759 131 139 55 109 774 17 58
4 70 5 1 100 0.75 5 760 132 140 55 111 777 20 56
4 70 5 1 100 0.75 5 761 135 141 49 110 780 23 58
4 70 5 1 100 0.75 5 762 140 139 48 107 786 29 57
4 70 5 1 100 0.75 5 763 146 139 49 108 790 33 55
4 70 5 1 100 0.75 5 764 148 142 54 113 790 34 57
4 70 5 1 100 0.75 5 765 153 143 46 113 793 37 57
4 70 5 1 100 0.75 5 766 154 146 57 117 793 38 60
4 70 5 1 100 0.75 5 767 159 147 52 115 796 41 58
4 70 5 1 100 0.75 5 768 163 147 58 116 800 45 55
4 70 5 1 100 0.75 5 769 167 148 49 118 803 48 53
4 70 5 1 100 0.75 5 770 171 149 57 119 806 51 55
4 70 5 1 100 0.75 5 771 175 147 55 117 812 57 53
4 70 5 1 100 0.75 5 772 180 147 51 117 816 61 50
4 70 5 1 100 0.75 5 773 180 150 47 121 817 62 51
4 70 5 1 100 0.75 5 774 184 148 48 115 823 68 48
4 70 5 1 100 0.75 5 775 188 148 40 116 827 72 46
4 70 5 1 100 0.75 5 776 192 150 49 118 829 74 45
4 70 5 1 100 0.75 5 777 193 151 58 121 832 77 44
4 70 5 1 100 0.75 5 778 199 149 46 118 838 83 42
4 70 5 1 100 0.75 5 779 200 151 53 123 840 85 41
4 70 5 1 100 0.75 5 780 204 151 56 120 844 89 39
4 70 5 1 100 0.75 5 781 208 151 51 120 848 93 37
4 70 5 1 100 0.75 5 782 213 153 46 123 849 95 39
4 70 5 1 100 0.75 5 783 214 155 43 127 851 97 40
4 70 5 1 100 0.75 5 784 214 158 42 128 852 98 41
4 70 5 1 100 0.75 5 785 218 161 40 129 853 99 43
4 70 5 1 100 0.75 5 786 221 160 46 129 858 104 42
4 70 5 1 100 0.75 5 787 221 161 50 131 861 107 41
4 70 5 1 100 0.75 5 788 223 165 46 134 861 107 44
4 70 5 1 100 0.75 5 789 225 165 53 135 865 111 46
4 70 5 1 100 0.75 5 790 228 165 50 134 868 115 44
4 70 5 1 100 0.75 5 791 228 168 45 139 869 116 46
4 70 5 1 100 0.75 5 792 230 171 46 139 870 117 47
4 70 5 1 100 0.75 5 793 233 174 48 144 871 118 48
4 70 5 1 100 0.75 5 794 235 175 50 144 874 121 49
4 70 5 1 100 0.75 5 795 238 175 49 144 878 125 49
4 70 5 1 100 0.75 5 796 239 177 52 148 880 127 51
4 70 5 1 100 0.75 5 797 242 180 46 150 881 128 51
4 70 5 1 100 0.75 5 798 244 180 50 150 885 132 49
4 70 5 1 100 0.75 5 799 245 184 53 154 885 132 50
4 70 5 1 100 0.75 5 800 246 183 46 151 890 137 49
4 70 5 1 100 0.75 5 801 250 186 49 154 890 138 51
4 70 5 1 100 0.75 5 802 252 185 54 154 895 143 46
4 70 5 1 100 0.75 5 803 253 187 53 156 897 145 47
4 70 5 1 100 0.75 5 804 256 188 56 158 900 148 49
4 70 5 1 100 0.75 5 805 257 189 49 160 902 151 48
4 70 5 1 100 0.75 5 806 258 188 54 159 907 156 46
4 70 5 1 100 0.75 5 807 260 190 54 161 908 158 45
4 70 5 1 100 0.75 5 808 261 193 62 164 909 159 47
4 70 5 1 100 0.75 5 809 264 190 60 160 916 166 41
4 70 5 1 100 0.75 5 810 264 190 50 161 920 170 43
4 70 5 1 100 0.75 5 811 268 191 48 159 923 173 47
4 70 5 1 100 0.75 5 812 268 195 53 166 923 173 48
4 70 5 1 100 0.75 5 813 272 198 59 166 924 174 49
4 70 5 1 100 0.75 5 814 272 199 56 170 927 177 51
4 70 5 1 100 0.75 5 815 273 197 49 166 933 183 48
4 70 5 1 100 0.75 5 816 275 201 56 170 933 183 49
4 70 5 1 100 0.75 5 817 276 205 63 176 933 183 52
4 70 5 1 100 0.75 5 818 276 206 66 178 936 186 51
4 70 5 1 100 0.75 5 819 280 208 55 177 938 188 52
4 70 5 1 100 0.75 5 820 280 210 67 180 939 190 54
4 70 5 1 100 0.75 5 821 281 210 60 179 943 194 54
4 70 5 1 100 0.75 5 822 284 213 69 181 944 195 56
4 70 5 1 100 0.75 5 823 286 213 59 182 948 199 57
4 70 5 1 100 0.75 5 824 286 216 60 186 949 200 60
4 70 5 1 100 0.75 5 825 288 216 56 186 953 204 58
4 70 5 1 100 0.75 5 826 289 216 56 187 957 208 56
4 70 5 1 100 0.75 5 827 292 218 67 188 959 210 57
4 70 5 1 100 0.75 5 828 292 216 62 187 965 216 53
4 70 5 1 100 0.75 5 829 293 214 66 184 971 222 52
4 70 5 1 100 0.75 5 830 295 217 61 185 972 223 55
4 70 5 1 100 0.75 5 831 297 218 56 188 975 226 55
4 70 5 1 100 0.75 5 832 299 220 62 190 977 228 58
4 70 5 1 100 0.75 5 833 301 223 67 193 978 229 60
4 70 5 1 100 0.75 5 834 301 220 61 192 985 236 56
4 70 5 1 100 0.75 5 835 302 220 59 188 989 240 54
4 70 5 1 100 0.75 5 836 303 221 60 191 992 243 52
4 70 5 1 100 0.75 5 837 303 221 50 189 996 247 50
4 70 5 1 100 0.75 5 838 304 223 59 194 998 249 51
4 70 5 1 100 0.75 5 839 306 223 60 192 1002 253 51
4 70 5 1 100 0.75 5 840 308 227 61 197 1002 253 56
4 70 5 1 100 0.75 5 841 310 228 52 198 1005 256 55
4 70 5 1 100 0.75 5 842 311 230 62 199 1007 258 54
4 70 5 1 100 0.75 5 843 312 229 53 199 1012 263 52
4 70 5 1 100 0.75 5 844 312 229 66 200 1015 267 51
4 70 5 1 100 0.75 5 845 312 229 64 200 1019 271 51
4 70 5 1 100 0.75 5 846 312 230 68 201 1022 274 50
4 70 5 1 100 0.75 5 847 312 228 71 198 1027 280 49
4 70 5 1 100 0.75 5 848 312 230 50 199 1029 282 49
4 70 5 1 100 0.75 5 849 313 230 58 199 1033 286 47
4 70 5 1 100 0.75 5 850 313 232 55 203 1035 288 48
4 70 5 1 100 0.75 5 851 313 232 65 201 1039 292 47
4 70 5 1 100 0.75 5 852 315 233 57 202 1041 295 48
4 70 5 1 100 0.75 5 853 315 235 58 206 1043 297 49
4 70 5 1 100 0.75 5 854 316 237 61 207 1045 299 48
4 70 5 1 100 0.75 5 855 317 240 71 210 1046 300 50
4 70 5 1 100 0.75 5 856 317 244 57 215 1046 300 52
4 70 5 1 100 0.75 5 857 319 246 67 215 1048 302 53
4 70 5 1 100 0.75 5 858 319 244 47 214 1054 308 49
4 70 5 1 100 0.75 5 859 319 246 68 216 1055 310 51
4 70 5 1 100 0.75 5 860 320 249 59 218 1055 311 55
4 70 5 1 100 0.75 5 861 321 252 60 222 1056 312 55
4 70 5 1 100 0.75 5 862 321 253 68 222 1059 315 55
4 70 5 1 100 0.75 5 863 321 252 62 221 1064 320 54
4 70 5 1 100 0.75 5 864 322 252 60 222 1067 324 52
4 70 5 1 100 0.75 5 865 322 250 59 219 1073 330 48
4 70 5 1 100 0.75 5 866 322 251 57 221 1076 333 49
4 70 5 1 100 0.75 5 867 322 253 66 224 1078 335 49
4 70 5 1 100 0.75 5 868 322 251 65 221 1084 341 46
4 70 5 1 100 0.75 5 869 322 254 67 223 1083 342 49
4 70 5 1 100 0.75 5 870 322 254 66 222 1086 346 50
4 70 5 1 100 0.75 5 870 322 254 254 222 1136 346 50
4 70 5 1 100 0.75 5 900 322 254 254 222 762 346 50
4 70 5 1 100 0.75 6 901 0 4 4 0 762 0 0
4 70 5 1 100 0.75 6 902 0 8 8 0 762 0 0
4 70 5 1 100 0.75 6 903 0 12 12 0 762 0 0
4 70 5 1 100 0.75 6 904 0 16 16 0 762 0 0
4 70 5 1 100 0.75 6 905 0 20 19 0 762 0 0
4 70 5 1 100 0.75 6 906 0 24 19 0 762 0 0
4 70 5 1 100 0.75 6 907 1 28 24 0 762 0 0
4 70 5 1 100 0.75 6 908 5 32 22 1 762 0 0
4 70 5 1 100 0.75 6 909 6 36 24 5 762 0 0
4 70 5 1 100 0.75 6 910 11 40 19 6 762 0 0
4 70 5 1 100 0.75 6 911 18 44 16 11 762 0 0
4 70 5 1 100 0.75 6 912 21 48 12 18 762 0 0
4 70 5 1 100 0.75 6 913 26 52 15 21 761 0 0
4 70 5 1 100 0.75 6 914 30 56 11 26 761 0 1
4 70 5 1 100 0.75 6 915 34 60 18 30 761 0 2
4 70 5 1 100 0.75 6 916 37 64 13 34 761 0 3
4 70 5 1 100 0.75 6 917 42 68 19 37 761 0 6
4 70 5 1 100 0.75 6 918 46 72 19 42 761 0 11
4 70 5 1 100 0.75 6 919 51 76 25 46 760 0 19
4 70 5 1 100 0.75 6 920 53 80 27 51 760 0 21
4 70 5 1 100 0.75 6 921 58 84 26 53 760 0 22
4 70 5 1 100 0.75 6 922 60 88 35 58 760 0 24
4 70 5 1 100 0.75 6 923 64 92 32 60 760 0 25
4 70 5 1 100 0.75 6 924 69 96 33 64 760 0 28
4 70 5 1 100 0.75 6 925 73 100 36 69 760 0 32
4 70 5 1 100 0.75 6 926 79 104 36 73 759 0 34
4 70 5 1 100 0.75 6 927 83 108 33 79 759 0 38
4 70 5 1 100 0.75 6 928 87 112 38 83 759 0 42
4 70 5 1 100 0.75 6 929 91 116 41 87 759 0 44
4 70 5 1 100 0.75 6 930 94 120 50 91 758 0 46
4 70 5 1 100 0.75 6 931 98 124 45 94 757 0 50
4 70 5 1 100 0.75 6 932 104 127 42 97 758 1 52
4 70 5 1 100 0.75 6 933 105 130 43 102 759 2 53
4 70 5 1 100 0.75 6 934 111 132 49 101 761 4 56
4 70 5 1 100 0.75 6 935 113 134 53 105 763 6 58
4 70 5 1 100 0.75 6 936 117 131 53 100 770 13 55
4 70 5 1 100 0.75 6 937 124 128 44 97 777 20 51
4 70 5 1 100 0.75 6 938 126 129 39 101 779 23 50
4 70 5 1 100 0.75 6 939 132 130 48 100 782 26 53
4 70 5 1 100 0.75 6 940 134 132 36 104 784 28 52
4 70 5 1 100 0.75 6 941 137 135 58 105 785 29 53
4 70 5 1 100 0.75 6 942 142 138 49 107 786 30 56
4 70 5 1 100 0.75 6 943 144 139 50 110 789 33 56
4 70 5 1 100 0.75 6 944 148 141 52 110 791 35 57
4 70 5 1 100 0.75 6 945 151 143 44 112 793 37 57
4 70 5 1 100 0.75 6 946 153 144 48 115 796 40 56
4 70 5 1 100 0.75 6 947 157 144 61 113 800 44 58
4 70 5 1 100 0.75 6 948 163 145 61 114 802 47 57
4 70 5 1 100 0.75 6 949 167 146 53 117 805 50 59
4 70 5 1 100 0.75 6 950 168 145 56 117 810 55 56
4 70 5 1 100 0.75 6 951 172 145 48 115 814 59 55
4 70 5 1 100 0.75 6 952 176 146 52 117 816 62 54
4 70 5 1 100 0.75 6 953 178 146 46 117 820 66 55
4 70 5 1 100 0.75 6 954 183 147 52 116 822 69 54
4 70 5 1 100 0.75 6 955 184 147 51 118 825 73 53
4 70 5 1 100 0.75 6 956 186 147 41 117 829 77 54
4 70 5 1 100 0.75 6 957 190 150 51 120 830 78 58
4 70 5 1 100 0.75 6 958 193 151 45 121 833 81 59
4 70 5 1 100 0.75 6 959 197 152 52 122 836 84 58
4 70 5 1 100 0.75 6 960 200 153 51 124 837 87 56
4 70 5 1 100 0.75 6 961 202 155 55 126 839 89 57
4 70 5 1 100 0.75 6 962 204 156 53 126 842 92 60
4 70 5 1 100 0.75 6 963 208 155 50 124 847 97 58
4 70 5 1 100 0.75 6 964 212 155 49 125 851 101 57
4 70 5 1 100 0.75 6 965 214 157 43 127 853 103 56
4 70 5 1 100 0.75 6 966 219 157 50 127 857 107 60
4 70 5 1 100 0.75 6 967 221 157 53 128 861 111 57
4 70 5 1 100 0.75 6 968 224 160 49 130 862 112 59
4 70 5 1 100 0.75 6 969 226 163 47 133 863 113 61
4 70 5 1 100 0.75 6 970 229 164 57 134 866 116 60
4 70 5 1 100 0.75 6 971 232 166 56 135 868 118 61
4 70 5 1 100 0.75 6 972 233 167 52 137 871 121 61
4 70 5 1 100 0.75 6 973 235 165 51 134 877 127 56
4 70 5 1 100 0.75 6 974 237 167 64 136 878 129 57
4 70 5 1 100 0.75 6 975 241 166 55 134 883 134 54
4 70 5 1 100 0.75 6 976 243 167 44 136 886 137 54
4 70 5 1 100 0.75 6 977 245 166 45 135 891 142 53
4 70 5 1 100 0.75 6 978 248 165 42 134 896 147 49
4 70 5 1 100 0.75 6 979 251 166 44 135 899 150 50
4 70 5 1 100 0.75 6 980 251 165 50 137 904 155 51
4 70 5 1 100 0.75 6 981 253 169 54 139 904 155 52
4 70 5 1 100 0.75 6 982 257 172 53 142 905 156 57
4 70 5 1 100 0.75 6 983 257 172 55 142 909 160 55
4 70 5 1 100 0.75 6 984 258 169 42 140 916 167 51
4 70 5 1 100 0.75 6 985 260 172 46 142 917 168 54
4 70 5 1 100 0.75 6 986 262 171 49 142 922 173 53
4 70 5 1 100 0.75 6 987 263 175 51 146 922 173 58
4 70 5 1 100 0.75 6 988 264 175 46 145 926 177 55
4 70 5 1 100 0.75 6 989 266 176 51 145 929 180 56
4 70 5 1 100 0.75 6 990 268 179 51 149 930 181 58
4 70 5 1 100 0.75 6 991 269 182 50 153 931 182 59
4 70 5 1 100 0.75 6 992 270 182 62 152 935 186 57
4 70 5 1 100 0.75 6 993 272 183 56 151 937 189 60
4 70 5 1 100 0.75 6 994 273 184 54 153 940 192 60
4 70 5 1 100 0.75 6 995 274 186 56 155 942 194 59
4 70 5 1 100 0.75 6 996 278 186 52 154 946 198 60
4 70 5 1 100 0.75 6 997 278 184 42 156 952 204 57
4 70 5 1 100 0.75 6 998 279 181 47 150 959 211 53
4 70 5 1 100 0.75 6 999 281 184 46 153 960 212 53
4 70 5 1 100 0.75 6 1000 282 187 43 157 961 213 56
4 70 5 1 100 0.75 6 1001 283 189 58 159 962 215 58
4 70 5 1 100 0.75 6 1002 283 190 51 161 965 218 57
4 70 5 1 100 0.75 6 1003 285 189 51 158 970 223 56
4 70 5 1 100 0.75 6 1004 285 190 48 160 973 226 56
4 70 5 1 100 0.75 6 1005 285 189 56 158 978 231 52
4 70 5 1 100 0.75 6 1006 286 190 43 160 980 234 50
4 70 5 1 100 0.75 6 1007 287 191 52 160 983 237 50
4 70 5 1 100 0.75 6 1008 287 194 56 165 984 238 51
4 70 5 1 100 0.75 6 1009 291 193 48 162 989 243 49
4 70 5 1 100 0.75 6 1010 291 193 51 163 990 247 45
4 70 5 1 100 0.75 6 1011 292 194 56 164 993 250 48
4 70 5 1 100 0.75 6 1012 292 193 57 163 998 255 44
4 70 5 1 100 0.75 6 1013 292 196 61 167 999 256 45
4 70 5 1 100 0.75 6 1014 292 196 48 167 1003 260 46
4 70 5 1 100 0.75 6 1015 293 199 55 169 1004 261 47
4 70 5 1 100 0.75 6 1016 296 199 53 168 1008 265 45
4 70 5 1 100 0.75 6 1017 296 200 49 170 1011 268 46
4 70 5 1 100 0.75 6 1018 298 203 51 173 1012 269 50
4 70 5 1 100 0.75 6 1019 298 205 58 174 1014 271 53
4 70 5 1 100 0.75 6 1020 298 203 63 172 1019 277 49
4 70 5 1 100 0.75 6 1021 300 203 50 172 1023 281 49
4 70 5 1 100 0.75 6 1022 301 205 55 175 1025 283 49
4 70 5 1 100 0.75 6 1023 302 208 59 177 1026 284 50
4 70 5 1 100 0.75 6 1024 303 211 55 180 1027 285 52
4 70 5 1 100 0.75 6 1025 306 213 49 182 1029 287 51
4 70 5 1 100 0.75 6 1026 307 214 50 183 1032 290 51
4 70 5 1 100 0.75 6 1027 307 216 55 187 1034 292 52
4 70 5 1 100 0.75 6 1028 307 217 58 188 1037 295 54
4 70 5 1 100 0.75 6 1029 308 218 58 186 1040 298 52
4 70 5 1 100 0.75 6 1030 309 219 48 189 1043 301 52
4 70 5 1 100 0.75 6 1031 310 221 54 191 1045 303 54
4 70 5 1 100 0.75 6 1032 310 221 62 191 1049 307 52
4 70 5 1 100 0.75 6 1033 311 218 54 187 1056 314 51
4 70 5 1 100 0.75 6 1034 311 221 47 191 1057 315 51
4 70 5 1 100 0.75 6 1035 313 221 54 189 1061 319 49
4 70 5 1 100 0.75 6 1036 313 223 53 193 1063 321 52
4 70 5 1 100 0.75 6 1037 314 220 49 189 1070 328 46
4 70 5 1 100 0.75 6 1038 314 222 45 191 1072 330 46
4 70 5 1 100 0.75 6 1039 315 223 56 194 1075 333 49
4 70 5 1 100 0.75 6 1040 316 227 55 198 1075 333 53
4 70 5 1 100 0.75 6 1041 316 227 58 197 1079 337 49
4 70 5 1 100 0.75 6 1042 316 228 53 199 1082 340 48
4 70 5 1 100 0.75 6 1043 318 229 44 198 1085 343 49
4 70 5 1 100 0.75 6 1044 318 233 52 203 1085 343 49
4 70 5 1 100 0.75 6 1045 318 233 53 205 1089 347 47
4 70 5 1 100 0.75 6 1046 318 234 54 205 1090 350 50
4 70 5 1 100 0.75 6 1047 318 237 49 204 1091 351 53
4 70 5 1 100 0.75 6 1048 318 237 62 205 1095 355 50
4 70 5 1 100 0.75 6 1049 318 237 42 208 1099 359 49
4 70 5 1 100 0.75 6 1050 319 240 45 209 1099 360 49
4 70 5 1 100 0.75 6 1050 319 240 240 209 1148 360 49
4 70 5 1 100 0.75 6 1080 319 240 240 209 761 360 49
4 70 5 1 100 0.75 7 1081 0 4 4 0 761 0 0
4 70 5 1 100 0.75 7 1082 0 8 8 0 761 0 0
4 70 5 1 100 0.75 7 1083 0 12 12 0 761 0 0
4 70 5 1 100 0.75 7 1084 0 16 16 0 761 0 0
4 70 5 1 100 0.75 7 1085 0 20 19 0 761 0 0
4 70 5 1 100 0.75 7 1086 0 24 21 0 761 0 0
4 70 5 1 100 0.75 7 1087 2 28 22 0 761 0 0
4 70 5 1 100 0.75 7 1088 6 32 22 2 761 0 0
4 70 5 1 100 0.75 7 1089 9 36 20 6 761 0 0
4 70 5 1 100 0.75 7 1090 12 40 18 9 761 0 0
4 70 5 1 100 0.75 7 1091 18 44 16 12 761 0 0
4 70 5 1 100 0.75 7 1092 23 48 11 18 761 0 0
4 70 5 1 100 0.75 7 1093 24 52 15 23 761 0 0
4 70 5 1 100 0.75 7 1094 31 56 14 24 760 0 1
4 70 5 1 100 0.75 7 1095 36 60 15 31 760 0 4
4 70 5 1 100 0.75 7 1096 39 64 14 36 760 0 5
4 70 5 1 100 0.75 7 1097 42 68 19 39 760 0 8
4 70 5 1 100 0.75 7 1098 46 72 21 42 758 0 11
4 70 5 1 100 0.75 7 1099 50 76 25 46 758 0 14
4 70 5 1 100 0.75 7 1100 52 80 23 50 758 0 16
4 70 5 1 100 0.75 7 1101 58 84 28 52 758 0 19
4 70 5 1 100 0.75 7 1102 64 88 19 58 758 0 23
4 70 5 1 100 0.75 7 1103 68 92 33 64 757 0 29
4 70 5 1 100 0.75 7 1104 71 96 37 68 757 0 30
4 70 5 1 100 0.75 7 1105 75 100 42 71 757 0 33
4 70 5 1 100 0.75 7 1106 80 104 36 75 757 0 34
4 70 5 1 100 0.75 7 1107 81 108 46 80 757 0 37
4 70 5 1 100 0.75 7 1108 86 112 43 81 757 0 39
4 70 5 1 100 0.75 7 1109 90 115 39 85 758 1 44
4 70 5 1 100 0.75 7 1110 94 119 48 89 758 1 46
4 70 5 1 100 0.75 7 1111 97 122 44 92 759 2 48
4 70 5 1 100 0.75 7 1112 101 125 48 94 758 3 48
4 70 5 1 100 0.75 7 1113 105 127 43 96 760 5 48
4 70 5 1 100 0.75 7 1114 109 128 46 97 762 8 46
4 70 5 1 100 0.75 7 1115 113 131 40 100 763 9 47
4 70 5 1 100 0.75 7 1116 119 133 43 102 765 11 50
4 70 5 1 100 0.75 7 1117 121 135 44 106 766 13 51
4 70 5 1 100 0.75 7 1118 127 136 45 105 768 16 49
4 70 5 1 100 0.75 7 1119 130 136 47 107 772 20 49
4 70 5 1 100 0.75 7 1120 134 133 47 103 779 27 46
4 70 5 1 100 0.75 7 1121 138 134 43 104 782 30 46
4 70 5 1 100 0.75 7 1122 142 137 42 107 783 31 48
4 70 5 1 100 0.75 7 1123 145 137 52 107 787 35 47
4 70 5 1 100 0.75 7 1124 150 140 54 109 788 36 47
4 70 5 1 100 0.75 7 1125 152 139 45 110 793 41 45
4 70 5 1 100 0.75 7 1126 155 138 49 108 798 46 44
4 70 5 1 100 0.75 7 1127 160 141 48 110 799 47 45
4 70 5 1 100 0.75 7 1128 162 144 54 114 800 48 46
4 70 5 1 100 0.75 7 1129 166 146 46 115 802 50 47
4 70 5 1 100 0.75 7 1130 171 146 48 115 806 54 44
4 70 5 1 100 0.75 7 1131 175 148 58 118 808 56 46
4 70 5 1 100 0.75 7 1132 176 148 41 119 812 60 46
4 70 5 1 100 0.75 7 1133 181 150 61 118 814 62 45
4 70 5 1 100 0.75 7 1134 182 151 58 121 817 65 46
4 70 5 1 100 0.75 7 1135 189 154 53 122 818 66 46
4 70 5 1 100 0.75 7 1136 191 157 57 128 819 67 47
4 70 5 1 100 0.75 7 1137 194 157 58 126 823 71 47
4 70 5 1 100 0.75 7 1138 197 160 52 129 824 72 48
4 70 5 1 100 0.75 7 1139 198 161 52 131 827 75 50
4 70 5 1 100 0.75 7 1140 201 161 56 130 831 79 49
4 70 5 1 100 0.75 7 1141 205 163 63 131 833 81 49
4 70 5 1 100 0.75 7 1142 208 165 55 135 835 83 51
4 70 5 1 100 0.75 7 1143 211 166 60 135 837 86 51
4 70 5 1 100 0.75 7 1144 216 169 58 137 838 87 52
4 70 5 1 100 0.75 7 1145 218 169 53 139 842 91 51
4 70 5 1 100 0.75 7 1146 218 170 60 140 845 94 48
4 70 5 1 100 0.75 7 1147 220 173 50 141 845 95 52
4 70 5 1 100 0.75 7 1148 221 173 58 145 849 99 51
4 70 5 1 100 0.75 7 1149 223 173 54 143 853 103 50
4 70 5 1 100 0.75 7 1150 226 174 42 143 856 106 48
4 70 5 1 100 0.75 7 1151 228 176 56 147 857 108 49
4 70 5 1 100 0.75 7 1152 231 178 57 148 859 110 52
4 70 5 1 100 0.75 7 1153 233 181 59 151 860 111 54
4 70 5 1 100 0.75 7 1154 237 182 57 152 863 114 54
4 70 5 1 100 0.75 7 1155 239 182 49 152 867 118 55
4 70 5 1 100 0.75 7 1156 241 182 64 154 871 122 52
4 70 5 1 100 0.75 7 1157 243 180 65 151 877 128 49
4 70 5 1 100 0.75 7 1158 244 181 44 152 880 131 50
4 70 5 1 100 0.75 7 1159 247 182 59 152 883 134 49
4 70 5 1 100 0.75 7 1160 249 184 61 154 884 136 49
4 70 5 1 100 0.75 7 1161 250 187 62 158 885 137 53
4 70 5 1 100 0.75 7 1162 251 189 60 160 886 139 53
4 70 5 1 100 0.75 7 1163 252 190 57 159 889 142 53
4 70 5 1 100 0.75 7 1164 255 190 59 160 893 146 50
4 70 5 1 100 0.75 7 1165 256 192 60 163 895 148 51
4 70 5 1 100 0.75 7 1166 258 194 50 163 897 150 50
4 70 5 1 100 0.75 7 1167 260 195 59 165 900 153 52
4 70 5 1 100 0.75 7 1168 261 195 60 164 904 157 54
4 70 5 1 100 0.75 7 1169 262 197 60 166 906 159 55
4 70 5 1 100 0.75 7 1170 264 199 53 167 908 161 54
4 70 5 1 100 0.75 7 1171 265 200 60 172 911 164 53
4 70 5 1 100 0.75 7 1172 268 200 59 170 915 168 51
4 70 5 1 100 0.75 7 1173 269 201 60 171 918 171 51
4 70 5 1 100 0.75 7 1174 272 202 65 172 921 174 50
4 70 5 1 100 0.75 7 1175 274 203 55 174 924 177 49
4 70 5 1 100 0.75 7 1176 274 201 63 171 930 183 47
4 70 5 1 100 0.75 7 1177 276 203 61 173 932 185 50
4 70 5 1 100 0.75 7 1178 276 204 49 173 935 188 49
4 70 5 1 100 0.75 7 1179 278 206 58 175 937 190 50
4 70 5 1 100 0.75 7 1180 279 206 60 175 941 194 47
4 70 5 1 100 0.75 7 1181 281 207 64 177 944 197 50
4 70 5 1 100 0.75 7 1182 283 208 62 179 947 200 51
4 70 5 1 100 0.75 7 1183 283 210 68 181 949 202 51
4 70 5 1 100 0.75 7 1184 283 209 47 179 954 207 48
4 70 5 1 100 0.75 7 1185 284 210 58 179 957 210 49
4 70 5 1 100 0.75 7 1186 284 212 58 180 959 212 49
4 70 5 1 100 0.75 7 1187 286 215 57 184 960 213 51
4 70 5 1 100 0.75 7 1188 287 217 60 189 962 215 54
4 70 5 1 100 0.75 7 1189 288 217 65 187 966 219 54
4 70 5 1 100 0.75 7 1190 290 219 54 187 968 221 57
4 70 5 1 100 0.75 7 1191 291 220 65 188 971 224 56
4 70 5 1 100 0.75 7 1192 294 221 50 189 974 227 54
4 70 5 1 100 0.75 7 1193 296 221 62 191 978 231 54
4 70 5 1 100 0.75 7 1194 297 222 62 192 981 234 53
4 70 5 1 100 0.75 7 1195 300 224 68 192 983 236 55
4 70 5 1 100 0.75 7 1196 300 223 56 194 988 241 52
4 70 5 1 100 0.75 7 1197 301 225 55 196 990 243 50
4 70 5 1 100 0.75 7 1198 301 227 53 198 992 245 51
4 70 5 1 100 0.75 7 1199 302 230 61 200 992 246 54
4 70 5 1 100 0.75 7 1200 302 228 59 200 998 252 55
4 70 5 1 100 0.75 7 1201 303 229 62 198 1001 255 53
4 70 5 1 100 0.75 7 1202 303 230 60 198 1004 258 52
4 70 5 1 100 0.75 7 1203 304 232 58 200 1006 260 55
4 70 5 1 100 0.75 7 1204 305 234 59 205 1008 262 58
4 70 5 1 100 0.75 7 1205 306 234 62 203 1012 266 57
4 70 5 1 100 0.75 7 1206 307 236 62 207 1014 268 58
4 70 5 1 100 0.75 7 1207 308 234 62 204 1019 274 54
4 70 5 1 100 0.75 7 1208 308 237 66 209 1020 275 55
4 70 5 1 100 0.75 7 1209 310 234 66 204 1027 282 49
4 70 5 1 100 0.75 7 1210 310 237 61 208 1028 283 53
4 70 5 1 100 0.75 7 1211 311 238 67 208 1031 286 52
4 70 5 1 100 0.75 7 1212 311 240 58 208 1033 288 52
4 70 5 1 100 0.75 7 1213 312 244 60 213 1033 288 56
4 70 5 1 100 0.75 7 1214 312 245 58 215 1036 291 58
4 70 5 1 100 0.75 7 1215 312 244 61 213 1041 296 56
4 70 5 1 100 0.75 7 1216 313 244 62 214 1045 300 56
4 70 5 1 100 0.75 7 1217 314 245 60 214 1048 303 54
4 70 5 1 100 0.75 7 1218 315 246 66 217 1051 306 56
4 70 5 1 100 0.75 7 1219 315 249 66 220 1052 307 55
4 70 5 1 100 0.75 7 1220 316 247 67 216 1057 313 51
4 70 5 1 100 0.75 7 1221 316 248 66 219 1059 316 51
4 70 5 1 100 0.75 7 1222 319 247 65 216 1063 321 49
4 70 5 1 100 0.75 7 1223 319 247 59 218 1067 325 48
4 70 5 1 100 0.75 7 1224 319 247 66 218 1071 329 47
4 70 5 1 100 0.75 7 1225 319 246 67 216 1076 334 44
4 70 5 1 100 0.75 7 1226 319 250 75 218 1075 334 46
4 70 5 1 100 0.75 7 1227 321 253 66 223 1076 335 50
4 70 5 1 100 0.75 7 1228 322 256 61 225 1077 336 53
4 70 5 1 100 0.75 7 1229 322 257 48 226 1080 339 54
4 70 5 1 100 0.75 7 1230 322 259 70 230 1082 341 56
4 70 5 1 100 0.75 7 1230 322 259 259 230 1138 341 56
4 70 5 1 100 0.75 7 1260 322 259 259 230 762 341 56
4 70 5 1 100 0.75 8 1261 0 4 4 0 762 0 0
4 70 5 1 100 0.75 8 1262 0 8 8 0 762 0 0
4 70 5 1 100 0.75 8 1263 0 12 12 0 762 0 0
4 70 5 1 100 0.75 8 1264 0 16 16 0 762 0 0
4 70 5 1 100 0.75 8 1265 0 20 19 0 762 0 0
4 70 5 1 100 0.75 8 1266 0 24 23 0 762 0 0
4 70 5 1 100 0.75 8 1267 2 28 23 0 762 0 0
4 70 5 1 100 0.75 8 1268 3 32 26 2 762 0 0
4 70 5 1 100 0.75 8 1269 7 36 24 3 762 0 0
4 70 5 1 100 0.75 8 1270 12 40 16 7 762 0 0
4 70 5 1 100 0.75 8 1271 20 44 18 12 762 0 0
4 70 5 1 100 0.75 8 1272 20 48 15 20 762 0 0
4 70 5 1 100 0.75 8 1273 27 52 12 20 762 0 0
4 70 5 1 100 0.75 8 1274 29 56 16 27 762 0 0
4 70 5 1 100 0.75 8 1275 33 60 10 29 762 0 2
4 70 5 1 100 0.75 8 1276 39 64 18 33 762 0 2
4 70 5 1 100 0.75 8 1277 42 68 19 39 762 0 6
4 70 5 1 100 0.75 8 1278 46 72 19 42 762 0 13
4 70 5 1 100 0.75 8 1279 49 76 22 46 762 0 15
4 70 5 1 100 0.75 8 1280 54 80 27 49 762 0 19
4 70 5 1 100 0.75 8 1281 59 84 21 54 762 0 21
4 70 5 1 100 0.75 8 1282 63 88 26 59 761 0 23
4 70 5 1 100 0.75 8 1283 65 92 31 63 761 0 30
4 70 5 1 100 0.75 8 1284 68 96 31 65 761 0 32
4 70 5 1 100 0.75 8 1285 73 100 33 68 761 0 35
4 70 5 1 100 0.75 8 1286 77 104 34 73 761 0 37
4 70 5 1 100 0.75 8 1287 81 108 42 77 761 0 41
4 70 5 1 100 0.75 8 1288 85 112 36 81 760 0 43
4 70 5 1 100 0.75 8 1289 90 116 44 85 760 0 45
4 70 5 1 100 0.75 8 1290 95 120 44 90 760 0 48
4 70 5 1 100 0.75 8 1291 100 124 44 95 760 0 48
4 70 5 1 100 0.75 8 1292 101 128 45 100 760 0 50
4 70 5 1 100 0.75 8 1293 105 131 57 100 761 1 53
4 70 5 1 100 0.75 8 1294 111 129 42 98 767 7 51
4 70 5 1 100 0.75 8 1295 113 130 46 101 770 10 50
4 70 5 1 100 0.75 8 1296 119 133 47 102 771 11 53
4 70 5 1 100 0.75 8 1297 123 133 56 104 775 15 54
4 70 5 1 100 0.75 8 1298 125 133 44 104 778 19 53
4 70 5 1 100 0.75 8 1299 131 137 52 106 778 19 55
4 70 5 1 100 0.75 8 1300 134 134 51 105 784 26 48
4 70 5 1 100 0.75 8 1301 137 135 57 105 787 29 49
4 70 5 1 100 0.75 8 1302 141 134 52 103 792 34 49
4 70 5 1 100 0.75 8 1303 146 133 43 102 797 39 47
4 70 5 1 100 0.75 8 1304 150 135 46 106 799 41 46
4 70 5 1 100 0.75 8 1305 152 138 45 109 800 42 49
4 70 5 1 100 0.75 8 1306 156 141 56 110 801 43 52
4 70 5 1 100 0.75 8 1307 159 142 50 112 804 46 49
4 70 5 1 100 0.75 8 1308 165 145 55 114 805 47 49
4 70 5 1 100 0.75 8 1309 169 145 45 116 809 51 47
4 70 5 1 100 0.75 8 1310 171 144 57 115 814 56 46
4 70 5 1 100 0.75 8 1311 175 144 57 113 818 60 44
4 70 5 1 100 0.75 8 1312 177 146 53 115 820 62 45
4 70 5 1 100 0.75 8 1313 181 148 54 116 822 64 46
4 70 5 1 100 0.75 8 1314 187 150 53 119 823 66 47
4 70 5 1 100 0.75 8 1315 189 150 54 122 827 70 45
4 70 5 1 100 0.75 8 1316 195 149 48 119 832 75 44
4 70 5 1 100 0.75 8 1317 196 151 51 123 834 77 45
4 70 5 1 100 0.75 8 1318 197 152 54 122 837 80 44
4 70 5 1 100 0.75 8 1319 201 154 48 125 839 82 44
4 70 5 1 100 0.75 8 1320 202 154 49 126 843 86 45
4 70 5 1 100 0.75 8 1321 203 155 53 124 846 89 48
4 70 5 1 100 0.75 8 1322 208 158 57 126 847 90 50
4 70 5 1 100 0.75 8 1323 211 162 60 132 847 90 53
4 70 5 1 100 0.75 8 1324 212 165 59 136 848 91 54
4 70 5 1 100 0.75 8 1325 215 164 51 133 853 96 52
4 70 5 1 100 0.75 8 1326 216 165 62 135 856 99 52
4 70 5 1 100 0.75 8 1327 219 167 59 136 858 101 53
4 70 5 1 100 0.75 8 1328 220 171 57 141 858 101 53
4 70 5 1 100 0.75 8 1329 221 170 55 139 863 106 53
4 70 5 1 100 0.75 8 1330 225 170 55 139 867 110 55
4 70 5 1 100 0.75 8 1331 227 172 51 142 869 112 53
4 70 5 1 100 0.75 8 1332 228 171 56 142 873 117 52
4 70 5 1 100 0.75 8 1333 231 171 55 141 877 121 52
4 70 5 1 100 0.75 8 1334 231 173 54 143 879 123 50
4 70 5 1 100 0.75 8 1335 233 174 54 144 881 126 53
4 70 5 1 100 0.75 8 1336 237 176 46 144 883 128 55
4 70 5 1 100 0.75 8 1337 240 179 52 149 884 129 56
4 70 5 1 100 0.75 8 1338 241 182 57 153 885 130 57
4 70 5 1 100 0.75 8 1339 245 182 53 151 888 134 55
4 70 5 1 100 0.75 8 1340 246 182 56 154 892 138 54
4 70 5 1 100 0.75 8 1341 248 182 51 152 896 142 52
4 70 5 1 100 0.75 8 1342 249 182 68 151 900 146 51
4 70 5 1 100 0.75 8 1343 251 181 53 150 905 151 49
4 70 5 1 100 0.75 8 1344 251 182 50 152 908 154 52
4 70 5 1 100 0.75 8 1345 256 185 59 154 909 155 52
4 70 5 1 100 0.75 8 1346 257 187 52 158 911 157 52
4 70 5 1 100 0.75 8 1347 260 187 56 156 915 161 51
4 70 5 1 100 0.75 8 1348 261 187 58 156 918 165 49
4 70 5 1 100 0.75 8 1349 265 187 57 157 922 169 48
4 70 5 1 100 0.75 8 1350 267 190 56 160 923 170 50
4 70 5 1 100 0.75 8 1351 268 189 56 158 928 175 46
4 70 5 1 100 0.75 8 1352 271 188 67 157 933 180 46
4 70 5 1 100 0.75 8 1353 275 192 53 161 933 180 50
4 70 5 1 100 0.75 8 1354 277 194 61 163 935 182 50
4 70 5 1 100 0.75 8 1355 279 195 57 164 938 185 50
4 70 5 1 100 0.75 8 1356 282 196 60 165 941 188 50
4 70 5 1 100 0.75 8 1357 285 197 54 166 944 191 52
4 70 5 1 100 0.75 8 1358 285 198 54 169 947 194 51
4 70 5 1 100 0.75 8 1359 287 196 57 166 952 200 50
4 70 5 1 100 0.75 8 1360 289 200 67 170 952 200 52
4 70 5 1 100 0.75 8 1361 291 200 51 170 956 204 51
4 70 5 1 100 0.75 8 1362 292 203 59 173 957 205 52
4 70 5 1 100 0.75 8 1363 293 205 56 175 959 207 53
4 70 5 1 100 0.75 8 1364 294 206 56 175 962 210 54
4 70 5 1 100 0.75 8 1365 295 208 56 178 964 212 56
4 70 5 1 100 0.75 8 1366 296 208 54 177 968 216 55
4 70 5 1 100 0.75 8 1367 299 209 64 178 971 219 55
4 70 5 1 100 0.75 8 1368 300 210 66 181 974 222 57
4 70 5 1 100 0.75 8 1369 301 212 58 183 976 224 59
4 70 5 1 100 0.75 8 1370 302 212 59 184 979 228 59
4 70 5 1 100 0.75 8 1371 302 214 63 184 981 230 58
4 70 5 1 100 0.75 8 1372 303 212 71 182 987 236 55
4 70 5 1 100 0.75 8 1373 303 213 59 184 990 239 55
4 70 5 1 100 0.75 8 1374 305 209 61 177 998 247 50
4 70 5 1 100 0.75 8 1375 306 212 69 183 999 248 55
4 70 5 1 100 0.75 8 1376 306 213 64 183 1002 251 54
4 70 5 1 100 0.75 8 1377 308 214 66 182 1005 254 53
4 70 5 1 100 0.75 8 1378 309 217 58 186 1006 255 55
4 70 5 1 100 0.75 8 1379 309 221 64 191 1006 255 58
4 70 5 1 100 0.75 8 1380 310 220 59 190 1011 260 55
4 70 5 1 100 0.75 8 1381 311 222 55 192 1013 262 57
4 70 5 1 100 0.75 8 1382 312 223 72 194 1016 265 55
4 70 5 1 100 0.75 8 1383 314 222 57 193 1021 270 52
4 70 5 1 100 0.75 8 1384 314 222 59 191 1024 274 52
4 70 5 1 100 0.75 8 1385 314 222 46 192 1028 278 50
4 70 5 1 100 0.75 8 1386 314 223 59 193 1031 281 50
4 70 5 1 100 0.75 8 1387 314 225 61 194 1033 283 50
4 70 5 1 100 0.75 8 1388 314 228 57 198 1034 284 53
4 70 5 1 100 0.75 8 1389 314 228 64 196 1038 288 49
4 70 5 1 100 0.75 8 1390 314 226 61 195 1044 294 47
4 70 5 1 100 0.75 8 1391 315 226 59 197 1048 298 45
4 70 5 1 100 0.75 8 1392 315 229 58 200 1049 299 48
4 70 5 1 100 0.75 8 1393 316 231 55 202 1051 301 46
4 70 5 1 100 0.75 8 1394 316 232 68 203 1054 304 45
4 70 5 1 100 0.75 8 1395 317 231 64 201 1058 309 43
4 70 5 1 100 0.75 8 1396 317 234 55 203 1058 310 44
4 70 5 1 100 0.75 8 1397 317 237 53 206 1059 311 46
4 70 5 1 100 0.75 8 1398 317 236 61 204 1064 316 47
4 70 5 1 100 0.75 8 1399 317 237 57 208 1067 319 45
4 70 5 1 100 0.75 8 1400 318 239 57 208 1069 321 46
4 70 5 1 100 0.75 8 1401 318 241 61 212 1069 323 47
4 70 5 1 100 0.75 8 1402 318 244 66 213 1070 324 48
4 70 5 1 100 0.75 8 1403 319 246 78 216 1072 326 50
4 70 5 1 100 0.75 8 1404 319 246 52 216 1076 330 48
4 70 5 1 100 0.75 8 1405 319 246 58 216 1079 334 46
4 70 5 1 100 0.75 8 1406 320 246 56 215 1083 338 47
4 70 5 1 100 0.75 8 1407 320 248 63 217 1085 340 48
4 70 5 1 100 0.75 8 1408 322 250 57 220 1086 342 50
4 70 5 1 100 0.75 8 1409 322 251 73 222 1089 345 48
4 70 5 1 100 0.75 8 1410 322 254 64 225 1090 346 51
4 70 5 1 100 0.75 8 1410 322 254 254 225 1141 346 51
4 70 5 1 100 0.75 8 1440 322 254 254 225 761 346 51
4 70 5 1 100 0.75 9 1441 0 4 4 0 761 0 0
4 70 5 1 100 0.75 9 1442 0 8 8 0 761 0 0
4 70 5 1 100 0.75 9 1443 0 12 12 0 761 0 0
4 70 5 1 100 0.75 9 1444 0 16 16 0 761 0 0
4 70 5 1 100 0.75 9 1445 0 20 20 0 761 0 0
4 70 5 1 100 0.75 9 1446 0 24 21 0 761 0 0
4 70 5 1 100 0.75 9 1447 0 28 25 0 761 0 0
4 70 5 1 100 0.75 9 1448 3 32 24 0 761 0 0
4 70 5 1 100 0.75 9 1449 7 36 23 3 761 0 0
4 70 5 1 100 0.75 9 1450 11 40 18 7 761 0 0
4 70 5 1 100 0.75 9 1451 18 44 17 11 761 0 0
4 70 5 1 100 0.75 9 1452 21 48 20 18 761 0 0
4 70 5 1 100 0.75 9 1453 26 52 12 21 760 0 0
4 70 5 1 100 0.75 9 1454 28 56 12 26 760 0 0
4 70 5 1 100 0.75 9 1455 34 60 17 28 760 0 1
4 70 5 1 100 0.75 9 1456 39 64 19 34 760 0 4
4 70 5 1 100 0.75 9 1457 41 68 13 39 759 0 9
4 70 5 1 100 0.75 9 1458 44 72 18 41 759 0 13
4 70 5 1 100 0.75 9 1459 49 76 20 44 759 0 16
4 70 5 1 100 0.75 9 1460 52 80 27 49 759 0 21
4 70 5 1 100 0.75 9 1461 57 84 29 52 759 0 25
4 70 5 1 100 0.75 9 1462 62 88 26 57 759 0 28
4 70 5 1 100 0.75 9 1463 65 92 35 62 759 0 29
4 70 5 1 100 0.75 9 1464 68 96 33 65 759 0 31
4 70 5 1 100 0.75 9 1465 76 100 34 68 758 0 33
4 70 5 1 100 0.75 9 1466 77 104 36 76 758 0 37
4 70 5 1 100 0.75 9 1467 82 108 38 77 757 0 41
4 70 5 1 100 0.75 9 1468 85 112 39 82 757 0 44
4 70 5 1 100 0.75 9 1469 88 116 47 85 757 0 48
4 70 5 1 100 0.75 9 1470 93 120 48 88 757 0 50
4 70 5 1 100 0.75 9 1471 97 122 43 91 758 2 54
4 70 5 1 100 0.75 9 1472 102 125 43 94 758 3 57
4 70 5 1 100 0.75 9 1473 103 126 57 96 760 6 56
4 70 5 1 100 0.75 9 1474 110 128 47 95 762 8 58
4 70 5 1 100 0.75 9 1475 113 131 63 101 763 9 59
4 70 5 1 100 0.75 9 1476 119 130 42 99 768 14 57
4 70 5 1 100 0.75 9 1477 122 130 59 101 772 18 55
4 70 5 1 100 0.75 9 1478 125 128 48 98 778 24 54
4 70 5 1 100 0.75 9 1479 129 130 48 99 780 26 53
4 70 5 1 100 0.75 9 1480 134 133 49 102 781 27 57
4 70 5 1 100 0.75 9 1481 138 136 43 106 781 28 59
4 70 5 1 100 0.75 9 1482 141 134 44 104 787 34 56
4 70 5 1 100 0.75 9 1483 145 136 43 105 788 36 57
4 70 5 1 100 0.75 9 1484 149 138 49 107 789 38 60
4 70 5 1 100 0.75 9 1485 154 140 53 109 791 40 59
4 70 5 1 100 0.75 9 1486 157 137 49 108 797 47 55
4 70 5 1 100 0.75 9 1487 160 138 55 108 800 50 55
4 70 5 1 100 0.75 9 1488 164 137 53 107 804 55 53
4 70 5 1 100 0.75 9 1489 167 135 53 105 810 61 50
4 70 5 1 100 0.75 9 1490 171 137 43 106 812 63 49
4 70 5 1 100 0.75 9 1491 174 140 48 110 813 64 50
4 70 5 1 100 0.75 9 1492 179 142 53 111 815 66 53
4 70 5 1 100 0.75 9 1493 182 143 51 114 818 69 54
4 70 5 1 100 0.75 9 1494 185 146 45 116 819 70 58
4 70 5 1 100 0.75 9 1495 189 148 52 117 821 72 58
4 70 5 1 100 0.75 9 1496 191 147 54 119 824 77 55
4 70 5 1 100 0.75 9 1497 194 145 40 116 830 83 51
4 70 5 1 100 0.75 9 1498 196 144 48 114 835 88 50
4 70 5 1 100 0.75 9 1499 200 145 45 114 838 91 47
4 70 5 1 100 0.75 9 1500 205 147 48 117 840 93 50
4 70 5 1 100 0.75 9 1501 207 150 44 121 840 94 52
4 70 5 1 100 0.75 9 1502 210 148 56 118 846 100 49
4 70 5 1 100 0.75 9 1503 213 148 46 118 849 104 47
4 70 5 1 100 0.75 9 1504 216 152 47 121 849 104 49
4 70 5 1 100 0.75 9 1505 218 154 48 124 851 106 48
4 70 5 1 100 0.75 9 1506 221 156 41 126 853 108 50
4 70 5 1 100 0.75 9 1507 224 157 52 127 856 111 50
4 70 5 1 100 0.75 9 1508 225 159 53 129 858 113 48
4 70 5 1 100 0.75 9 1509 227 160 55 130 860 116 47
4 70 5 1 100 0.75 9 1510 231 158 42 128 866 122 41
4 70 5 1 100 0.75 9 1511 232 161 45 131 867 123 42
4 70 5 1 100 0.75 9 1512 236 162 43 130 870 126 41
4 70 5 1 100 0.75 9 1513 237 161 52 130 874 131 40
4 70 5 1 100 0.75 9 1514 239 163 46 132 876 133 43
4 70 5 1 100 0.75 9 1515 241 164 46 134 879 136 43
4 70 5 1 100 0.75 9 1516 243 167 51 136 880 137 44
4 70 5 1 100 0.75 9 1517 245 167 48 138 884 141 44
4 70 5 1 100 0.75 9 1518 247 168 53 140 886 144 43
4 70 5 1 100 0.75 9 1519 248 168 53 139 890 148 41
4 70 5 1 100 0.75 9 1520 251 169 56 137 892 151 41
4 70 5 1 100 0.75 9 1521 251 172 45 141 893 152 43
4 70 5 1 100 0.75 9 1522 256 172 54 140 897 156 42
4 70 5 1 100 0.75 9 1523 258 174 49 144 899 158 45
4 70 5 1 100 0.75 9 1524 259 176 49 146 901 160 45
4 70 5 1 100 0.75 9 1525 262 180 62 149 901 160 51
4 70 5 1 100 0.75 9 1526 265 183 50 152 902 161 51
4 70 5 1 100 0.75 9 1527 266 186 51 157 903 162 53
4 70 5 1 100 0.75 9 1528 268 188 59 156 905 164 53
4 70 5 1 100 0.75 9 1529 271 191 52 161 906 165 54
4 70 5 1 100 0.75 9 1530 273 192 54 163 909 168 54
4 70 5 1 100 0.75 9 1531 274 191 59 162 914 173 52
4 70 5 1 100 0.75 9 1532 275 190 54 160 919 178 49
4 70 5 1 100 0.75 9 1533 280 191 56 159 922 181 52
4 70 5 1 100 0.75 9 1534 281 192 56 163 925 184 50
4 70 5 1 100 0.75 9 1535 283 195 67 165 926 185 51
4 70 5 1 100 0.75 9 1536 284 198 58 168 927 186 53
4 70 5 1 100 0.75 9 1537 285 199 58 169 929 189 53
4 70 5 1 100 0.75 9 1538 285 198 64 168 934 194 50
4 70 5 1 100 0.75 9 1539 287 201 55 170 935 195 51
4 70 5 1 100 0.75 9 1540 289 200 65 169 940 200 51
4 70 5 1 100 0.75 9 1541 291 201 51 171 943 203 52
4 70 5 1 100 0.75 9 1542 293 203 65 172 945 205 53
4 70 5 1 100 0.75 9 1543 295 204 64 174 948 208 54
4 70 5 1 100 0.75 9 1544 297 206 65 175 949 210 54
4 70 5 1 100 0.75 9 1545 298 207 57 176 952 213 55
4 70 5 1 100 0.75 9 1546 298 207 61 179 956 217 51
4 70 5 1 100 0.75 9 1547 299 206 52 175 961 222 51
4 70 5 1 100 0.75 9 1548 301 208 63 176 963 224 53
4 70 5 1 100 0.75 9 1549 302 209 61 178 966 227 54
4 70 5 1 100 0.75 9 1550 302 208 52 176 971 232 51
4 70 5 1 100 0.75 9 1551 303 210 55 180 973 234 51
4 70 5 1 100 0.75 9 1552 304 212 64 181 975 236 54
4 70 5 1 100 0.75 9 1553 305 215 63 184 976 237 56
4 70 5 1 100 0.75 9 1554 306 215 73 184 980 241 55
4 70 5 1 100 0.75 9 1555 306 214 56 184 985 246 54
4 70 5 1 100 0.75 9 1556 306 214 57 184 989 250 53
4 70 5 1 100 0.75 9 1557 307 216 60 186 991 252 56
4 70 5 1 100 0.75 9 1558 308 218 57 189 993 254 56
4 70 5 1 100 0.75 9 1559 308 220 56 189 995 256 57
4 70 5 1 100 0.75 9 1560 309 218 59 185 1000 262 52
4 70 5 1 100 0.75 9 1561 309 220 62 190 1002 264 55
4 70 5 1 100 0.75 9 1562 310 222 57 192 1003 266 56
4 70 5 1 100 0.75 9 1563 310 224 67 196 1005 268 58
4 70 5 1 100 0.75 9 1564 310 226 63 198 1007 270 57
4 70 5 1 100 0.75 9 1565 310 229 55 198 1007 271 60
4 70 5 1 100 0.75 9 1566 311 228 62 199 1012 276 55
4 70 5 1 100 0.75 9 1567 314 229 72 197 1015 279 56
4 70 5 1 100 0.75 9 1568 314 228 56 197 1020 284 53
4 70 5 1 100 0.75 9 1569 314 228 53 197 1024 288 52
4 70 5 1 100 0.75 9 1570 314 232 63 201 1024 288 55
4 70 5 1 100 0.75 9 1571 314 233 60 204 1027 291 54
4 70 5 1 100 0.75 9 1572 315 229 57 197 1035 299 49
4 70 5 1 100 0.75 9 1573 316 230 61 200 1038 302 50
4 70 5 1 100 0.75 9 1574 316 233 53 205 1039 303 51
4 70 5 1 100 0.75 9 1575 317 232 52 204 1044 308 47
4 70 5 1 100 0.75 9 1576 317 232 52 202 1048 312 46
4 70 5 1 100 0.75 9 1577 317 232 51 203 1051 316 45
4 70 5 1 100 0.75 9 1578 318 234 58 205 1053 318 46
4 70 5 1 100 0.75 9 1579 318 236 61 207 1055 320 46
4 70 5 1 100 0.75 9 1580 318 237 58 206 1057 323 45
4 70 5 1 100 0.75 9 1581 318 235 53 205 1063 329 42
4 70 5 1 100 0.75 9 1582 320 238 55 207 1064 330 45
4 70 5 1 100 0.75 9 1583 321 240 57 210 1065 332 45
4 70 5 1 100 0.75 9 1584 321 242 55 212 1067 334 46
4 70 5 1 100 0.75 9 1585 322 241 68 212 1072 339 42
4 70 5 1 100 0.75 9 1586 322 243 54 214 1074 341 43
4 70 5 1 100 0.75 9 1587 322 241 63 211 1080 347 39
4 70 5 1 100 0.75 9 1588 322 245 58 217 1080 347 43
4 70 5 1 100 0.75 9 1589 322 247 69 216 1082 349 45
4 70 5 1 100 0.75 9 1590 322 249 64 218 1084 351 46
4 70 5 1 100 0.75 9 1590 322 249 249 218 1129 351 46
4 70 5 1 100 0.75 9 1620 322 249 249 218 762 351 46
4 70 5 1 100 0.75 10 1621 0 4 4 0 762 0 0
4 70 5 1 100 0.75 10 1622 0 8 8 0 762 0 0
4 70 5 1 100 0.75 10 1623 0 12 12 0 762 0 0
4 70 5 1 100 0.75 10 1624 0 16 16 0 762 0 0
4 70 5 1 100 0.75 10 1625 0 20 20 0 762 0 0
4 70 5 1 100 0.75 10 1626 0 24 22 0 762 0 0
4 70 5 1 100 0.75 10 1627 0 28 26 0 762 0 0
4 70 5 1 100 0.75 10 1628 1 32 26 0 762 0 0
4 70 5 1 100 0.75 10 1629 5 36 24 1 762 0 0
4 70 5 1 100 0.75 10 1630 13 40 20 5 762 0 0
4 70 5 1 100 0.75 10 1631 17 44 18 13 762 0 0
4 70 5 1 100 0.75 10 1632 22 48 10 17 762 0 0
4 70 5 1 100 0.75 10 1633 25 52 15 22 761 0 0
4 70 5 1 100 0.75 10 1634 29 56 10 25 761 0 0
4 70 5 1 100 0.75 10 1635 34 60 14 29 761 0 0
4 70 5 1 100 0.75 10 1636 38 64 24 34 761 0 1
4 70 5 1 100 0.75 10 1637 42 68 20 38 761 0 4
4 70 5 1 100 0.75 10 1638 46 72 23 42 760 0 8
4 70 5 1 100 0.75 10 1639 49 76 21 46 759 0 10
4 70 5 1 100 0.75 10 1640 52 80 36 49 759 0 15
4 70 5 1 100 0.75 10 1641 56 84 26 52 759 0 18
4 70 5 1 100 0.75 10 1642 63 88 28 56 759 0 19
4 70 5 1 100 0.75 10 1643 67 92 29 63 759 0 23
4 70 5 1 100 0.75 10 1644 70 96 26 67 759 0 28
4 70 5 1 100 0.75 10 1645 74 100 34 70 759 0 31
4 70 5 1 100 0.75 10 1646 78 104 35 74 759 0 36
4 70 5 1 100 0.75 10 1647 82 108 37 78 759 0 39
4 70 5 1 100 0.75 10 1648 87 112 44 82 759 0 42
4 70 5 1 100 0.75 10 1649 90 116 47 87 759 0 44
4 70 5 1 100 0.75 10 1650 95 120 43 90 758 0 49
4 70 5 1 100 0.75 10 1651 98 124 40 95 758 0 51
4 70 5 1 100 0.75 10 1652 103 128 43 98 758 0 54
4 70 5 1 100 0.75 10 1653 107 131 44 102 759 1 56
4 70 5 1 100 0.75 10 1654 112 132 46 103 762 4 55
4 70 5 1 100 0.75 10 1655 113 131 49 103 767 9 53
4 70 5 1 100 0.75 10 1656 118 133 36 102 769 11 56
4 70 5 1 100 0.75 10 1657 122 137 59 107 769 11 61
4 70 5 1 100 0.75 10 1658 125 138 55 108 771 14 61
4 70 5 1 100 0.75 10 1659 130 137 53 106 776 19 56
4 70 5 1 100 0.75 10 1660 135 136 51 106 780 24 54
4 70 5 1 100 0.75 10 1661 139 138 52 109 782 26 57
4 70 5 1 100 0.75 10 1662 142 137 43 108 787 31 53
4 70 5 1 100 0.75 10 1663 146 138 44 108 790 34 53
4 70 5 1 100 0.75 10 1664 149 137 45 107 795 39 51
4 70 5 1 100 0.75 10 1665 153 140 52 109 796 40 54
4 70 5 1 100 0.75 10 1666 158 140 46 109 800 44 53
4 70 5 1 100 0.75 10 1667 162 141 48 111 802 47 54
4 70 5 1 100 0.75 10 1668 165 143 53 113 804 49 55
4 70 5 1 100 0.75 10 1669 169 145 41 114 806 51 55
4 70 5 1 100 0.75 10 1670 174 147 49 116 807 53 57
4 70 5 1 100 0.75 10 1671 177 146 52 116 811 58 52
4 70 5 1 100 0.75 10 1672 180 145 49 114 816 63 49
4 70 5 1 100 0.75 10 1673 182 144 47 113 821 68 47
4 70 5 1 100 0.75 10 1674 185 145 45 115 824 71 46
4 70 5 1 100 0.75 10 1675 187 147 48 116 826 73 47
4 70 5 1 100 0.75 10 1676 192 148 49 118 828 76 45
4 70 5 1 100 0.75 10 1677 193 148 49 119 832 80 43
4 70 5 1 100 0.75 10 1678 196 150 47 120 834 82 47
4 70 5 1 100 0.75 10 1679 202 154 50 123 834 82 49
4 70 5 1 100 0.75 10 1680 204 155 49 126 837 85 49
4 70 5 1 100 0.75 10 1681 207 155 44 124 841 89 49
4 70 5 1 100 0.75 10 1682 209 154 44 124 846 94 47
4 70 5 1 100 0.75 10 1683 210 154 52 124 850 98 49
4 70 5 1 100 0.75 10 1684 212 155 42 124 853 101 46
4 70 5 1 100 0.75 10 1685 216 157 50 126 855 103 47
4 70 5 1 100 0.75 10 1686 218 157 40 126 859 107 46
4 70 5 1 100 0.75 10 1687 223 160 47 129 860 108 49
4 70 5 1 100 0.75 10 1688 225 161 48 132 863 111 49
4 70 5 1 100 0.75 10 1689 227 164 51 135 864 112 49
4 70 5 1 100 0.75 10 1690 230 163 50 132 868 117 47
4 70 5 1 100 0.75 10 1691 231 167 46 139 868 117 48
4 70 5 1 100 0.75 10 1692 234 168 46 137 871 120 49
4 70 5 1 100 0.75 10 1693 237 169 50 140 874 123 48
4 70 5 1 100 0.75 10 1694 237 170 62 141 877 126 47
4 70 5 1 100 0.75 10 1695 244 172 46 140 879 128 50
4 70 5 1 100 0.75 10 1696 244 173 54 144 882 131 48
4 70 5 1 100 0.75 10 1697 245 176 62 145 882 132 50
4 70 5 1 100 0.75 10 1698 245 175 48 145 887 137 49
4 70 5 1 100 0.75 10 1699 247 176 61 146 889 140 48
4 70 5 1 100 0.75 10 1700 248 179 54 149 890 141 50
4 70 5 1 100 0.75 10 1701 252 180 50 148 893 144 50
4 70 5 1 100 0.75 10 1702 253 180 44 150 897 148 49
4 70 5 1 100 0.75 10 1703 254 179 42 148 902 153 50
4 70 5 1 100 0.75 10 1704 255 182 53 152 903 154 52
4 70 5 1 100 0.75 10 1705 256 183 47 153 906 157 52
4 70 5 1 100 0.75 10 1706 258 185 55 155 907 159 54
4 70 5 1 100 0.75 10 1707 259 187 52 155 909 161 53
4 70 5 1 100 0.75 10 1708 261 188 66 157 912 164 55
4 70 5 1 100 0.75 10 1709 263 189 54 159 915 167 56
4 70 5 1 100 0.75 10 1710 264 189 62 159 919 171 57
4 70 5 1 100 0.75 10 1711 264 192 54 162 920 172 58
4 70 5 1 100 0.75 10 1712 265 193 55 163 923 175 56
4 70 5 1 100 0.75 10 1713 269 194 55 164 926 178 56
4 70 5 1 100 0.75 10 1714 270 193 50 163 930 183 53
4 70 5 1 100 0.75 10 1715 273 195 67 165 932 185 55
4 70 5 1 100 0.75 10 1716 276 198 62 168 933 186 58
4 70 5 1 100 0.75 10 1717 278 198 57 167 937 190 55
4 70 5 1 100 0.75 10 1718 280 196 62 165 943 196 54
4 70 5 1 100 0.75 10 1719 280 196 57 166 947 200 52
4 70 5 1 100 0.75 10 1720 284 198 55 167 949 202 54
4 70 5 1 100 0.75 10 1721 285 200 59 170 951 204 54
4 70 5 1 100 0.75 10 1722 287 199 55 168 956 209 53
4 70 5 1 100 0.75 10 1723 287 201 57 171 958 211 53
4 70 5 1 100 0.75 10 1724 288 204 58 174 959 212 56
4 70 5 1 100 0.75 10 1725 288 204 54 174 963 216 54
4 70 5 1 100 0.75 10 1726 290 203 58 171 968 221 50
4 70 5 1 100 0.75 10 1727 291 205 64 176 969 223 49
4 70 5 1 100 0.75 10 1728 292 201 60 173 977 231 45
4 70 5 1 100 0.75 10 1729 292 205 64 176 977 231 48
4 70 5 1 100 0.75 10 1730 292 206 48 176 979 234 50
4 70 5 1 100 0.75 10 1731 294 209 67 179 980 235 52
4 70 5 1 100 0.75 10 1732 296 209 52 179 983 239 50
4 70 5 1 100 0.75 10 1733 297 211 60 182 985 241 52
4 70 5 1 100 0.75 10 1734 299 210 60 180 990 246 53
4 70 5 1 100 0.75 10 1735 299 210 56 180 994 250 51
4 70 5 1 100 0.75 10 1736 301 214 53 184 994 250 53
4 70 5 1 100 0.75 10 1737 302 213 59 182 998 255 50
4 70 5 1 100 0.75 10 1738 303 215 64 184 1000 257 50
4 70 5 1 100 0.75 10 1739 303 218 56 187 1000 258 52
4 70 5 1 100 0.75 10 1740 304 217 61 185 1005 263 50
4 70 5 1 100 0.75 10 1741 305 220 49 191 1006 264 51
4 70 5 1 100 0.75 10 1742 306 221 62 191 1009 267 51
4 70 5 1 100 0.75 10 1743 306 221 54 192 1013 271 52
4 70 5 1 100 0.75 10 1744 308 223 51 192 1015 273 51
4 70 5 1 100 0.75 10 1745 310 225 60 196 1017 275 53
4 70 5 1 100 0.75 10 1746 311 225 60 196 1021 279 50
4 70 5 1 100 0.75 10 1747 311 227 50 198 1023 281 54
4 70 5 1 100 0.75 10 1748 312 227 51 196 1026 285 52
4 70 5 1 100 0.75 10 1749 312 228 57 198 1029 288 51
4 70 5 1 100 0.75 10 1750 312 228 61 196 1033 292 51
4 70 5 1 100 0.75 10 1751 313 229 56 200 1035 295 51
4 70 5 1 100 0.75 10 1752 316 231 46 199 1037 297 52
4 70 5 1 100 0.75 10 1753 316 229 59 200 1043 303 48
4 70 5 1 100 0.75 10 1754 316 232 57 202 1044 304 49
4 70 5 1 100 0.75 10 1755 316 234 59 204 1046 306 49
4 70 5 1 100 0.75 10 1756 316 236 55 205 1048 308 50
4 70 5 1 100 0.75 10 1757 316 238 47 208 1050 310 50
4 70 5 1 100 0.75 10 1758 316 239 64 208 1053 313 51
4 70 5 1 100 0.75 10 1759 316 239 61 210 1056 317 50
4 70 5 1 100 0.75 10 1760 317 239 61 209 1060 321 52
4 70 5 1 100 0.75 10 1761 317 242 62 211 1061 322 52
4 70 5 1 100 0.75 10 1762 318 243 53 213 1064 325 53
4 70 5 1 100 0.75 10 1763 319 244 60 214 1067 328 53
4 70 5 1 100 0.75 10 1764 319 247 59 218 1068 329 55
4 70 5 1 100 0.75 10 1765 319 245 57 214 1074 335 53
4 70 5 1 100 0.75 10 1766 319 245 62 215 1078 339 53
4 70 5 1 100 0.75 10 1767 321 245 58 217 1082 343 51
4 70 5 1 100 0.75 10 1768 321 249 50 221 1082 343 56
4 70 5 1 100 0.75 10 1769 321 248 59 218 1086 348 53
4 70 5 1 100 0.75 10 1770 321 250 50 219 1087 350 54
4 70 5 1 100 0.75 10 1770 321 250 250 219 1141 350 54
4 70 5 1 100 0.75 10 1800 321 250 250 219 762 350 54
