3 3 5 1 100 0.75 1 1 0 3 3 0 100 0 0
3 3 5 1 100 0.75 1 2 0 6 6 0 100 0 0
3 3 5 1 100 0.75 1 3 0 9 9 0 100 0 0
3 3 5 1 100 0.75 1 4 0 12 12 0 100 0 0
3 3 5 1 100 0.75 1 5 0 15 15 0 100 0 0
3 3 5 1 100 0.75 1 6 0 18 18 0 100 0 0
3 3 5 1 100 0.75 1 7 0 21 21 0 100 0 0
3 3 5 1 100 0.75 1 8 0 24 23 0 100 0 0
3 3 5 1 100 0.75 1 9 0 27 27 0 100 0 0
3 3 5 1 100 0.75 1 10 0 30 30 0 100 0 0
3 3 5 1 100 0.75 1 11 0 33 32 0 100 0 0
3 3 5 1 100 0.75 1 12 1 36 33 0 99 0 0
3 3 5 1 100 0.75 1 13 2 39 37 1 99 0 0
3 3 5 1 100 0.75 1 14 3 42 38 2 99 0 0
3 3 5 1 100 0.75 1 15 4 45 41 3 99 0 0
3 3 5 1 100 0.75 1 16 4 48 43 4 99 0 0
3 3 5 1 100 0.75 1 17 6 51 44 4 99 0 0
3 3 5 1 100 0.75 1 18 7 54 46 6 99 0 0
3 3 5 1 100 0.75 1 19 7 57 49 7 99 0 1
3 3 5 1 100 0.75 1 20 7 60 52 7 99 0 1
3 3 5 1 100 0.75 1 21 8 63 56 7 99 0 2
3 3 5 1 100 0.75 1 22 9 66 57 8 99 0 2
3 3 5 1 100 0.75 1 23 10 69 63 9 99 0 2
3 3 5 1 100 0.75 1 24 11 72 61 10 99 0 2
3 3 5 1 100 0.75 1 25 14 75 66 11 99 0 3
3 3 5 1 100 0.75 1 26 14 78 66 14 99 0 3
3 3 5 1 100 0.75 1 27 15 81 71 14 99 0 3
3 3 5 1 100 0.75 1 28 19 84 69 15 99 0 3
3 3 5 1 100 0.75 1 29 20 87 70 19 99 0 3
3 3 5 1 100 0.75 1 30 21 90 73 20 99 0 3
3 3 5 1 100 0.75 1 31 22 93 78 21 99 0 4
3 3 5 1 100 0.75 1 32 22 96 81 22 99 0 7
3 3 5 1 100 0.75 1 33 23 99 84 22 99 0 7
3 3 5 1 100 0.75 1 34 23 102 85 23 99 0 7
3 3 5 1 100 0.75 1 35 27 105 87 23 99 0 10
3 3 5 1 100 0.75 1 36 27 108 93 27 99 0 12
3 3 5 1 100 0.75 1 37 28 111 96 27 99 0 12
3 3 5 1 100 0.75 1 38 32 113 99 27 100 1 13
3 3 5 1 100 0.75 1 39 34 115 94 30 101 2 12
3 3 5 1 100 0.75 1 40 36 118 99 32 101 2 12
3 3 5 1 100 0.75 1 41 37 121 102 34 101 2 12
3 3 5 1 100 0.75 1 42 41 123 103 34 102 3 14
3 3 5 1 100 0.75 1 43 42 126 101 38 102 3 14
3 3 5 1 100 0.75 1 44 42 129 107 39 102 3 14
3 3 5 1 100 0.75 1 45 44 132 106 39 102 3 15
3 3 5 1 100 0.75 1 46 45 135 115 41 102 3 18
3 3 5 1 100 0.75 1 47 47 136 113 40 104 5 18
3 3 5 1 100 0.75 1 48 50 137 117 40 106 7 17
3 3 5 1 100 0.75 1 49 52 140 117 43 106 7 20
3 3 5 1 100 0.75 1 50 53 143 123 45 106 7 22
3 3 5 1 100 0.75 1 51 56 143 121 43 109 10 20
3 3 5 1 100 0.75 1 52 59 145 118 45 110 11 19
3 3 5 1 100 0.75 1 53 61 148 120 48 110 11 21
3 3 5 1 100 0.75 1 54 63 151 124 50 110 11 23
3 3 5 1 100 0.75 1 55 64 153 131 51 111 12 26
3 3 5 1 100 0.75 1 56 64 155 130 51 112 13 25
3 3 5 1 100 0.75 1 57 67 157 130 50 113 14 26
3 3 5 1 100 0.75 1 58 69 158 129 51 115 16 25
3 3 5 1 100 0.75 1 59 71 161 136 53 115 16 28
3 3 5 1 100 0.75 1 60 73 164 137 55 115 16 30
3 3 5 1 100 0.75 1 61 75 167 142 57 115 16 32
3 3 5 1 100 0.75 1 62 81 169 137 58 116 17 31
3 3 5 1 100 0.75 1 63 85 171 135 63 117 18 31
3 3 5 1 100 0.75 1 64 87 173 143 66 118 19 30
3 3 5 1 100 0.75 1 65 90 174 142 66 120 21 32
3 3 5 1 100 0.75 1 66 91 173 139 65 124 25 31
3 3 5 1 100 0.75 1 67 93 173 134 63 126 28 30
3 3 5 1 100 0.75 1 68 96 175 137 64 127 29 30
3 3 5 1 100 0.75 1 69 97 178 146 67 127 29 34
3 3 5 1 100 0.75 1 70 101 179 146 66 129 31 33
3 3 5 1 100 0.75 1 71 106 181 149 69 130 32 34
3 3 5 1 100 0.75 1 72 109 181 144 71 133 35 32
3 3 5 1 100 0.75 1 73 112 181 146 71 136 38 31
3 3 5 1 100 0.75 1 74 116 183 149 73 137 39 30
3 3 5 1 100 0.75 1 75 119 183 144 74 140 42 29
3 3 5 1 100 0.75 1 76 125 185 140 76 141 43 30
3 3 5 1 100 0.75 1 77 128 187 143 81 142 44 32
3 3 5 1 100 0.75 1 78 131 187 144 81 145 47 34
3 3 5 1 100 0.75 1 79 133 190 151 84 145 47 36
3 3 5 1 100 0.75 1 80 139 192 148 85 146 48 37
3 3 5 1 100 0.75 1 81 143 193 150 89 148 50 40
3 3 5 1 100 0.75 1 82 150 193 140 90 150 53 37
3 3 5 1 100 0.75 1 83 153 195 148 96 151 54 41
3 3 5 1 100 0.75 1 84 158 196 142 97 153 56 43
3 3 5 1 100 0.75 1 85 165 195 144 98 157 60 41
3 3 5 1 100 0.75 1 86 167 196 142 103 159 62 41
3 3 5 1 100 0.75 1 87 173 199 147 105 159 62 43
3 3 5 1 100 0.75 1 88 178 199 145 108 162 65 43
3 3 5 1 100 0.75 1 89 182 200 148 111 164 67 46
3 3 5 1 100 0.75 1 90 187 202 145 114 165 68 49
3 3 5 1 100 0.75 1 91 189 204 148 118 166 69 49
3 3 5 1 100 0.75 1 92 193 205 147 118 168 71 51
3 3 5 1 100 0.75 1 93 198 206 149 120 170 73 53
3 3 5 1 100 0.75 1 94 203 205 139 121 174 77 51
3 3 5 1 100 0.75 1 95 210 204 147 122 177 81 52
3 3 5 1 100 0.75 1 96 213 206 146 128 178 82 59
3 3 5 1 100 0.75 1 97 218 204 144 126 183 87 54
3 3 5 1 100 0.75 1 98 225 205 142 129 185 89 54
3 3 5 1 100 0.75 1 99 227 208 144 136 185 89 58
3 3 5 1 100 0.75 1 100 231 210 151 137 186 90 60
3 3 5 1 100 0.75 1 101 234 211 149 139 188 92 63
3 3 5 1 100 0.75 1 102 239 209 142 137 193 97 62
3 3 5 1 100 0.75 1 103 242 206 147 136 199 103 61
3 3 5 1 100 0.75 1 104 248 203 141 133 205 109 58
3 3 5 1 100 0.75 1 105 254 206 143 139 205 109 61
3 3 5 1 100 0.75 1 106 259 206 139 142 208 112 61
3 3 5 1 100 0.75 1 107 263 207 143 145 210 114 62
3 3 5 1 100 0.75 1 108 272 207 132 146 213 117 63
3 3 5 1 100 0.75 1 109 274 205 132 151 218 122 61
3 3 5 1 100 0.75 1 110 276 207 130 152 219 123 62
3 3 5 1 100 0.75 1 111 280 204 126 148 225 129 61
3 3 5 1 100 0.75 1 112 286 204 117 151 228 132 62
3 3 5 1 100 0.75 1 113 292 204 123 154 230 135 64
3 3 5 1 100 0.75 1 114 294 203 124 156 234 139 64
3 3 5 1 100 0.75 1 115 297 202 128 154 238 143 62
3 3 5 1 100 0.75 1 116 301 202 134 154 241 146 66
3 3 5 1 100 0.75 1 117 305 201 116 154 245 150 63
3 3 5 1 100 0.75 1 118 309 201 127 156 248 153 64
3 3 5 1 100 0.75 1 119 314 202 117 160 250 155 67
3 3 5 1 100 0.75 1 120 316 202 126 162 253 158 69
3 3 5 1 100 0.75 1 121 322 199 111 158 259 164 64
3 3 5 1 100 0.75 1 122 324 199 112 161 262 167 63
3 3 5 1 100 0.75 1 123 328 194 114 156 270 175 60
3 3 5 1 100 0.75 1 124 334 194 107 157 273 178 58
3 3 5 1 100 0.75 1 125 335 195 107 161 275 180 61
3 3 5 1 100 0.75 1 126 339 196 106 160 277 182 61
3 3 5 1 100 0.75 1 127 344 198 116 163 278 183 63
3 3 5 1 100 0.75 1 128 349 197 109 164 282 187 61
3 3 5 1 100 0.75 1 129 353 200 111 169 282 187 65
3 3 5 1 100 0.75 1 130 354 200 108 171 285 190 64
3 3 5 1 100 0.75 1 131 359 191 96 161 296 202 55
3 3 5 1 100 0.75 1 132 359 192 102 166 298 204 57
3 3 5 1 100 0.75 1 133 362 191 101 163 302 208 54
3 3 5 1 100 0.75 1 134 366 194 96 167 302 208 58
3 3 5 1 100 0.75 1 135 369 192 106 166 307 213 57
3 3 5 1 100 0.75 1 136 372 192 101 166 310 216 60
3 3 5 1 100 0.75 1 137 372 194 110 170 311 217 61
3 3 5 1 100 0.75 1 138 376 191 107 164 317 223 59
3 3 5 1 100 0.75 1 139 377 190 103 165 321 227 57
3 3 5 1 100 0.75 1 140 381 187 103 160 327 233 53
3 3 5 1 100 0.75 1 141 385 186 97 161 331 237 50
3 3 5 1 100 0.75 1 142 386 187 106 163 332 239 53
3 3 5 1 100 0.75 1 143 387 187 104 161 335 242 53
3 3 5 1 100 0.75 1 144 391 188 97 161 337 244 52
3 3 5 1 100 0.75 1 145 395 189 107 163 339 246 51
3 3 5 1 100 0.75 1 146 399 190 96 165 341 248 52
3 3 5 1 100 0.75 1 147 403 191 94 167 343 250 52
3 3 5 1 100 0.75 1 148 406 191 100 168 346 253 54
3 3 5 1 100 0.75 1 149 408 189 93 166 351 258 50
3 3 5 1 100 0.75 1 150 410 190 91 167 353 260 48
3 3 5 1 100 0.75 1 150 410 190 190 167 398 260 48
3 3 5 1 100 0.75 1 180 410 190 190 167 33 260 48
3 3 5 1 100 0.75 2 181 0 3 3 0 33 0 0
3 3 5 1 100 0.75 2 182 0 6 6 0 33 0 0
3 3 5 1 100 0.75 2 183 0 9 9 0 33 0 0
3 3 5 1 100 0.75 2 184 0 12 12 0 33 0 0
3 3 5 1 100 0.75 2 185 0 15 15 0 33 0 0
3 3 5 1 100 0.75 2 186 0 18 18 0 33 0 0
3 3 5 1 100 0.75 2 187 0 21 21 0 33 0 0
3 3 5 1 100 0.75 2 188 0 24 24 0 33 0 0
3 3 5 1 100 0.75 2 189 0 27 27 0 33 0 0
3 3 5 1 100 0.75 2 190 0 30 30 0 33 0 0
3 3 5 1 100 0.75 2 191 0 33 33 0 33 0 0
3 3 5 1 100 0.75 2 192 0 36 36 0 33 0 0
3 3 5 1 100 0.75 2 193 0 39 39 0 33 0 0
3 3 5 1 100 0.75 2 194 1 42 41 0 33 0 0
3 3 5 1 100 0.75 2 195 1 45 43 1 33 0 0
3 3 5 1 100 0.75 2 196 1 48 47 1 33 0 0
3 3 5 1 100 0.75 2 197 1 51 49 1 33 0 0
3 3 5 1 100 0.75 2 198 1 54 53 1 33 0 0
3 3 5 1 100 0.75 2 199 2 57 55 1 33 0 0
3 3 5 1 100 0.75 2 200 2 60 58 2 33 0 0
3 3 5 1 100 0.75 2 201 3 63 60 2 33 0 0
3 3 5 1 100 0.75 2 202 3 66 63 3 33 0 0
3 3 5 1 100 0.75 2 203 3 69 65 3 33 0 0
3 3 5 1 100 0.75 2 204 3 72 68 3 33 0 0
3 3 5 1 100 0.75 2 205 4 75 71 3 33 0 0
3 3 5 1 100 0.75 2 206 6 78 73 4 33 0 0
3 3 5 1 100 0.75 2 207 6 81 76 6 33 0 0
3 3 5 1 100 0.75 2 208 7 84 78 6 33 0 0
3 3 5 1 100 0.75 2 209 9 87 80 7 33 0 0
3 3 5 1 100 0.75 2 210 11 90 81 9 33 0 0
3 3 5 1 100 0.75 2 211 12 93 83 11 33 0 0
3 3 5 1 100 0.75 2 212 13 96 83 12 33 0 0
3 3 5 1 100 0.75 2 213 14 99 88 13 33 0 1
3 3 5 1 100 0.75 2 214 14 102 91 14 33 0 2
3 3 5 1 100 0.75 2 215 16 105 92 14 33 0 2
3 3 5 1 100 0.75 2 216 16 108 95 16 33 0 3
3 3 5 1 100 0.75 2 217 17 111 101 16 33 0 5
3 3 5 1 100 0.75 2 218 18 114 102 17 33 0 7
3 3 5 1 100 0.75 2 219 20 117 105 18 33 0 8
3 3 5 1 100 0.75 2 220 22 120 106 20 33 0 8
3 3 5 1 100 0.75 2 221 23 123 108 22 33 0 9
3 3 5 1 100 0.75 2 222 24 126 111 23 33 0 9
3 3 5 1 100 0.75 2 223 24 129 113 24 33 0 10
3 3 5 1 100 0.75 2 224 24 132 117 24 33 0 10
3 3 5 1 100 0.75 2 225 25 135 118 24 33 0 11
3 3 5 1 100 0.75 2 226 26 138 123 25 33 0 12
3 3 5 1 100 0.75 2 227 29 141 123 26 33 0 14
3 3 5 1 100 0.75 2 228 29 144 129 29 33 0 15
3 3 5 1 100 0.75 2 229 30 147 132 29 33 0 16
3 3 5 1 100 0.75 2 230 32 150 133 30 33 0 16
3 3 5 1 100 0.75 2 231 32 152 137 31 34 1 15
3 3 5 1 100 0.75 2 232 36 154 135 30 35 2 14
3 3 5 1 100 0.75 2 233 36 156 136 33 36 3 15
3 3 5 1 100 0.75 2 234 37 158 140 32 37 4 15
3 3 5 1 100 0.75 2 235 39 159 140 31 39 6 15
3 3 5 1 100 0.75 2 236 43 161 141 32 40 7 15
3 3 5 1 100 0.75 2 237 46 163 140 35 41 8 14
3 3 5 1 100 0.75 2 238 47 166 144 38 41 8 15
3 3 5 1 100 0.75 2 239 51 168 143 38 42 9 15
3 3 5 1 100 0.75 2 240 52 170 146 41 43 10 16
3 3 5 1 100 0.75 2 241 53 172 148 41 44 11 15
3 3 5 1 100 0.75 2 242 54 175 150 42 44 11 16
3 3 5 1 100 0.75 2 243 55 177 153 42 45 12 16
3 3 5 1 100 0.75 2 244 55 178 157 41 47 14 15
3 3 5 1 100 0.75 2 245 57 181 161 41 47 14 17
3 3 5 1 100 0.75 2 246 59 183 165 42 47 15 18
3 3 5 1 100 0.75 2 247 61 185 166 43 47 16 18
3 3 5 1 100 0.75 2 248 62 188 168 45 47 16 20
3 3 5 1 100 0.75 2 249 65 190 168 45 48 17 19
3 3 5 1 100 0.75 2 250 65 193 171 48 48 17 20
3 3 5 1 100 0.75 2 251 65 195 174 47 49 18 20
3 3 5 1 100 0.75 2 252 65 198 180 47 49 18 20
3 3 5 1 100 0.75 2 253 68 200 183 46 50 19 23
3 3 5 1 100 0.75 2 254 71 202 182 48 51 20 22
3 3 5 1 100 0.75 2 255 75 203 180 49 53 22 21
3 3 5 1 100 0.75 2 256 78 205 178 52 54 23 21
3 3 5 1 100 0.75 2 257 80 208 182 55 54 23 22
3 3 5 1 100 0.75 2 258 82 209 183 55 56 25 20
3 3 5 1 100 0.75 2 259 83 211 181 56 57 26 19
3 3 5 1 100 0.75 2 260 85 212 181 55 59 28 17
3 3 5 1 100 0.75 2 261 87 214 184 56 60 29 19
3 3 5 1 100 0.75 2 262 92 216 185 57 61 30 20
3 3 5 1 100 0.75 2 263 96 218 187 61 62 31 22
3 3 5 1 100 0.75 2 264 98 220 192 64 63 32 22
3 3 5 1 100 0.75 2 265 98 222 194 65 64 33 21
3 3 5 1 100 0.75 2 266 102 223 192 63 66 35 21
3 3 5 1 100 0.75 2 267 103 224 193 65 68 37 21
3 3 5 1 100 0.75 2 268 104 226 194 65 69 38 20
3 3 5 1 100 0.75 2 269 106 229 201 66 69 38 23
3 3 5 1 100 0.75 2 270 109 231 201 67 70 39 24
3 3 5 1 100 0.75 2 271 114 231 202 67 73 42 22
3 3 5 1 100 0.75 2 272 115 233 196 71 74 43 22
3 3 5 1 100 0.75 2 273 120 235 196 71 75 44 22
3 3 5 1 100 0.75 2 274 122 238 200 76 75 44 24
3 3 5 1 100 0.75 2 275 125 240 202 77 76 45 24
3 3 5 1 100 0.75 2 276 127 243 203 80 76 45 24
3 3 5 1 100 0.75 2 277 129 244 204 80 78 47 24
3 3 5 1 100 0.75 2 278 131 247 211 82 78 47 27
3 3 5 1 100 0.75 2 279 139 246 200 80 82 51 25
3 3 5 1 100 0.75 2 280 141 248 205 87 83 52 28
3 3 5 1 100 0.75 2 281 142 251 210 89 83 52 31
3 3 5 1 100 0.75 2 282 146 253 209 89 84 53 32
3 3 5 1 100 0.75 2 283 147 254 212 91 86 55 31
3 3 5 1 100 0.75 2 284 154 255 211 90 88 57 30
3 3 5 1 100 0.75 2 285 157 257 210 96 89 58 31
3 3 5 1 100 0.75 2 286 160 258 212 97 91 60 32
3 3 5 1 100 0.75 2 287 162 260 217 100 92 61 35
3 3 5 1 100 0.75 2 288 165 260 212 99 95 64 33
3 3 5 1 100 0.75 2 289 172 261 208 101 97 66 33
3 3 5 1 100 0.75 2 290 174 263 209 107 98 67 34
3 3 5 1 100 0.75 2 291 175 265 214 108 99 68 36
3 3 5 1 100 0.75 2 292 184 266 211 108 101 70 37
3 3 5 1 100 0.75 2 293 189 269 209 117 101 70 38
3 3 5 1 100 0.75 2 294 192 270 208 121 103 72 37
3 3 5 1 100 0.75 2 295 197 271 208 123 105 74 37
3 3 5 1 100 0.75 2 296 199 273 213 128 106 75 40
3 3 5 1 100 0.75 2 297 205 273 210 128 109 78 38
3 3 5 1 100 0.75 2 298 210 274 206 132 111 80 37
3 3 5 1 100 0.75 2 299 215 274 200 134 114 83 40
3 3 5 1 100 0.75 2 300 223 276 205 138 115 84 45
3 3 5 1 100 0.75 2 301 225 275 208 142 119 88 46
3 3 5 1 100 0.75 2 302 229 276 212 142 121 90 47
3 3 5 1 100 0.75 2 303 237 279 212 146 121 90 50
3 3 5 1 100 0.75 2 304 240 278 208 150 125 94 49
3 3 5 1 100 0.75 2 305 247 280 209 152 126 95 54
3 3 5 1 100 0.75 2 306 251 281 208 159 128 97 56
3 3 5 1 100 0.75 2 307 255 280 210 159 132 101 58
3 3 5 1 100 0.75 2 308 264 280 203 161 135 104 60
3 3 5 1 100 0.75 2 309 267 282 204 169 136 105 60
3 3 5 1 100 0.75 2 310 270 284 212 171 137 106 65
3 3 5 1 100 0.75 2 311 279 285 206 172 139 108 67
3 3 5 1 100 0.75 2 312 285 287 211 180 140 109 72
3 3 5 1 100 0.75 2 313 287 288 213 184 142 111 75
3 3 5 1 100 0.75 2 314 289 288 211 183 145 114 74
3 3 5 1 100 0.75 2 315 297 287 212 181 148 118 76
3 3 5 1 100 0.75 2 316 306 286 202 185 152 122 76
3 3 5 1 100 0.75 2 317 310 283 199 189 158 128 71
3 3 5 1 100 0.75 2 318 313 281 196 189 163 133 70
3 3 5 1 100 0.75 2 319 321 282 193 190 165 135 75
3 3 5 1 100 0.75 2 320 323 280 198 193 170 140 74
3 3 5 1 100 0.75 2 321 328 276 198 188 177 147 69
3 3 5 1 100 0.75 2 322 331 275 184 190 181 151 69
3 3 5 1 100 0.75 2 323 337 277 197 194 182 152 72
3 3 5 1 100 0.75 2 324 349 277 187 198 185 155 78
3 3 5 1 100 0.75 2 325 354 279 183 209 186 156 79
3 3 5 1 100 0.75 2 326 357 276 182 208 192 162 79
3 3 5 1 100 0.75 2 327 359 271 175 204 200 170 74
3 3 5 1 100 0.75 2 328 367 270 175 204 204 174 73
3 3 5 1 100 0.75 2 329 372 273 177 213 203 174 77
3 3 5 1 100 0.75 2 330 374 269 166 211 210 181 74
3 3 5 1 100 0.75 2 330 374 269 269 211 276 181 74
3 3 5 1 100 0.75 2 360 374 269 269 211 33 181 74
3 3 5 1 100 0.75 3 361 0 3 3 0 33 0 0
3 3 5 1 100 0.75 3 362 0 6 6 0 33 0 0
3 3 5 1 100 0.75 3 363 0 9 9 0 33 0 0
3 3 5 1 100 0.75 3 364 0 12 12 0 33 0 0
3 3 5 1 100 0.75 3 365 0 15 15 0 33 0 0
3 3 5 1 100 0.75 3 366 0 18 18 0 33 0 0
3 3 5 1 100 0.75 3 367 0 21 21 0 33 0 0
3 3 5 1 100 0.75 3 368 0 24 24 0 33 0 0
3 3 5 1 100 0.75 3 369 0 27 27 0 33 0 0
3 3 5 1 100 0.75 3 370 0 30 30 0 33 0 0
3 3 5 1 100 0.75 3 371 0 33 33 0 33 0 0
3 3 5 1 100 0.75 3 372 1 36 35 0 33 0 0
3 3 5 1 100 0.75 3 373 1 39 38 1 33 0 0
3 3 5 1 100 0.75 3 374 1 42 41 1 33 0 0
3 3 5 1 100 0.75 3 375 2 45 43 1 33 0 0
3 3 5 1 100 0.75 3 376 2 48 46 2 33 0 0
3 3 5 1 100 0.75 3 377 3 51 47 2 33 0 0
3 3 5 1 100 0.75 3 378 3 54 51 3 33 0 0
3 3 5 1 100 0.75 3 379 6 57 51 3 33 0 0
3 3 5 1 100 0.75 3 380 6 60 55 6 33 0 1
3 3 5 1 100 0.75 3 381 6 63 58 6 33 0 1
3 3 5 1 100 0.75 3 382 6 66 61 6 33 0 1
3 3 5 1 100 0.75 3 383 8 69 63 6 33 0 2
3 3 5 1 100 0.75 3 384 8 72 65 8 33 0 2
3 3 5 1 100 0.75 3 385 8 75 68 8 33 0 3
3 3 5 1 100 0.75 3 386 9 78 73 8 33 0 3
3 3 5 1 100 0.75 3 387 10 81 77 9 33 0 4
3 3 5 1 100 0.75 3 388 10 84 78 10 33 0 4
3 3 5 1 100 0.75 3 389 10 87 82 10 33 0 4
3 3 5 1 100 0.75 3 390 11 90 85 10 33 0 4
3 3 5 1 100 0.75 3 391 12 93 88 11 33 0 5
3 3 5 1 100 0.75 3 392 13 96 88 12 33 0 5
3 3 5 1 100 0.75 3 393 15 99 91 13 33 0 5
3 3 5 1 100 0.75 3 394 17 102 92 15 33 0 6
3 3 5 1 100 0.75 3 395 18 105 96 17 33 0 6
3 3 5 1 100 0.75 3 396 20 108 97 18 33 0 6
3 3 5 1 100 0.75 3 397 20 111 99 20 33 0 6
3 3 5 1 100 0.75 3 398 21 114 103 20 33 0 6
3 3 5 1 100 0.75 3 399 22 117 105 21 33 0 8
3 3 5 1 100 0.75 3 400 22 118 107 20 35 2 6
3 3 5 1 100 0.75 3 401 23 121 111 20 35 2 8
3 3 5 1 100 0.75 3 402 27 123 113 20 36 3 9
3 3 5 1 100 0.75 3 403 27 126 116 24 36 3 10
3 3 5 1 100 0.75 3 404 28 129 117 24 36 3 10
3 3 5 1 100 0.75 3 405 30 132 121 25 36 3 11
3 3 5 1 100 0.75 3 406 33 134 121 26 37 4 11
3 3 5 1 100 0.75 3 407 33 136 123 28 38 5 10
3 3 5 1 100 0.75 3 408 34 139 124 28 38 5 10
3 3 5 1 100 0.75 3 409 39 142 126 29 38 5 11
3 3 5 1 100 0.75 3 410 39 145 130 34 38 5 13
3 3 5 1 100 0.75 3 411 41 148 133 34 38 5 13
3 3 5 1 100 0.75 3 412 43 150 134 35 39 6 13
3 3 5 1 100 0.75 3 413 45 153 138 37 39 6 16
3 3 5 1 100 0.75 3 414 47 156 140 39 39 6 16
3 3 5 1 100 0.75 3 415 47 159 144 41 39 6 16
3 3 5 1 100 0.75 3 416 48 162 144 41 39 6 20
3 3 5 1 100 0.75 3 417 48 164 152 41 40 7 21
3 3 5 1 100 0.75 3 418 49 166 152 40 41 8 21
3 3 5 1 100 0.75 3 419 51 168 153 40 42 9 21
3 3 5 1 100 0.75 3 420 52 170 156 41 43 10 22
3 3 5 1 100 0.75 3 421 54 170 157 39 46 13 19
3 3 5 1 100 0.75 3 422 55 173 160 41 46 13 19
3 3 5 1 100 0.75 3 423 58 175 160 41 47 14 19
3 3 5 1 100 0.75 3 424 59 177 159 43 48 15 18
3 3 5 1 100 0.75 3 425 60 179 162 43 48 16 18
3 3 5 1 100 0.75 3 426 62 182 163 44 48 16 19
3 3 5 1 100 0.75 3 427 65 185 165 46 48 16 19
3 3 5 1 100 0.75 3 428 66 187 168 48 49 17 19
3 3 5 1 100 0.75 3 429 70 187 167 46 52 20 17
3 3 5 1 100 0.75 3 430 70 189 171 49 53 21 17
3 3 5 1 100 0.75 3 431 72 191 169 48 54 22 17
3 3 5 1 100 0.75 3 432 74 193 174 49 55 23 16
3 3 5 1 100 0.75 3 433 77 195 169 50 56 24 15
3 3 5 1 100 0.75 3 434 78 196 173 51 58 26 16
3 3 5 1 100 0.75 3 435 80 195 171 48 62 30 14
3 3 5 1 100 0.75 3 436 80 197 174 49 63 31 14
3 3 5 1 100 0.75 3 437 85 200 177 49 63 31 15
3 3 5 1 100 0.75 3 438 86 202 176 53 64 32 15
3 3 5 1 100 0.75 3 439 91 205 176 54 64 32 15
3 3 5 1 100 0.75 3 440 92 208 179 59 64 32 17
3 3 5 1 100 0.75 3 441 94 209 185 58 66 34 18
3 3 5 1 100 0.75 3 442 97 212 185 60 66 34 20
3 3 5 1 100 0.75 3 443 99 214 187 62 67 35 19
3 3 5 1 100 0.75 3 444 103 217 187 64 67 35 23
3 3 5 1 100 0.75 3 445 104 219 191 68 68 36 23
3 3 5 1 100 0.75 3 446 107 222 191 70 68 36 24
3 3 5 1 100 0.75 3 447 112 225 195 73 68 36 28
3 3 5 1 100 0.75 3 448 116 228 195 78 68 36 30
3 3 5 1 100 0.75 3 449 117 230 194 81 69 37 30
3 3 5 1 100 0.75 3 450 120 231 196 80 71 39 30
3 3 5 1 100 0.75 3 451 125 233 196 82 72 40 32
3 3 5 1 100 0.75 3 452 128 236 199 88 72 40 35
3 3 5 1 100 0.75 3 453 131 239 199 91 72 40 36
3 3 5 1 100 0.75 3 454 133 237 202 89 77 45 34
3 3 5 1 100 0.75 3 455 139 239 198 90 78 46 36
3 3 5 1 100 0.75 3 456 140 240 199 94 80 48 35
3 3 5 1 100 0.75 3 457 145 242 201 95 81 49 35
3 3 5 1 100 0.75 3 458 149 243 202 98 83 51 37
3 3 5 1 100 0.75 3 459 154 245 204 101 84 52 38
3 3 5 1 100 0.75 3 460 157 246 202 104 86 54 38
3 3 5 1 100 0.75 3 461 160 247 197 106 88 56 38
3 3 5 1 100 0.75 3 462 164 248 194 107 90 58 36
3 3 5 1 100 0.75 3 463 169 250 203 110 91 59 41
3 3 5 1 100 0.75 3 464 171 251 199 113 93 61 41
3 3 5 1 100 0.75 3 465 177 251 202 113 96 64 40
3 3 5 1 100 0.75 3 466 177 250 201 116 100 68 37
3 3 5 1 100 0.75 3 467 182 252 210 115 101 69 40
3 3 5 1 100 0.75 3 468 188 252 199 117 104 72 39
3 3 5 1 100 0.75 3 469 191 253 203 121 106 74 41
3 3 5 1 100 0.75 3 470 194 254 200 122 108 76 43
3 3 5 1 100 0.75 3 471 197 255 204 123 110 78 43
3 3 5 1 100 0.75 3 472 200 258 209 126 110 78 48
3 3 5 1 100 0.75 3 473 204 258 200 126 113 81 47
3 3 5 1 100 0.75 3 474 211 256 193 126 118 86 42
3 3 5 1 100 0.75 3 475 215 256 200 131 121 89 42
3 3 5 1 100 0.75 3 476 222 259 196 135 121 89 45
3 3 5 1 100 0.75 3 477 224 261 200 141 122 90 45
3 3 5 1 100 0.75 3 478 229 260 195 139 126 94 43
3 3 5 1 100 0.75 3 479 233 258 192 139 131 99 40
3 3 5 1 100 0.75 3 480 238 260 193 142 132 100 42
3 3 5 1 100 0.75 3 481 247 263 195 147 132 100 49
3 3 5 1 100 0.75 3 482 252 260 195 150 138 106 46
3 3 5 1 100 0.75 3 483 257 261 197 153 140 108 50
3 3 5 1 100 0.75 3 484 261 263 191 157 141 109 51
3 3 5 1 100 0.75 3 485 265 264 192 160 143 111 51
3 3 5 1 100 0.75 3 486 273 265 192 163 145 113 53
3 3 5 1 100 0.75 3 487 277 264 189 167 149 117 52
3 3 5 1 100 0.75 3 488 280 263 191 168 153 121 50
3 3 5 1 100 0.75 3 489 283 265 193 170 154 122 57
3 3 5 1 100 0.75 3 490 287 265 193 171 157 125 56
3 3 5 1 100 0.75 3 491 295 264 187 172 161 129 55
3 3 5 1 100 0.75 3 492 297 264 184 177 164 132 54
3 3 5 1 100 0.75 3 493 298 267 197 181 164 132 57
3 3 5 1 100 0.75 3 494 302 267 194 181 167 135 58
3 3 5 1 100 0.75 3 495 307 269 195 185 168 136 60
3 3 5 1 100 0.75 3 496 312 270 193 188 170 138 62
3 3 5 1 100 0.75 3 497 313 268 190 188 175 143 59
3 3 5 1 100 0.75 3 498 323 266 187 184 180 148 55
3 3 5 1 100 0.75 3 499 327 266 181 192 183 151 57
3 3 5 1 100 0.75 3 500 331 266 183 193 186 154 56
3 3 5 1 100 0.75 3 501 334 264 172 192 191 159 55
3 3 5 1 100 0.75 3 502 340 265 185 193 193 161 56
3 3 5 1 100 0.75 3 503 344 263 175 194 198 166 55
3 3 5 1 100 0.75 3 504 344 262 174 194 202 170 52
3 3 5 1 100 0.75 3 505 351 262 167 192 205 173 54
3 3 5 1 100 0.75 3 506 360 262 165 196 208 176 57
3 3 5 1 100 0.75 3 507 364 263 167 203 210 178 58
3 3 5 1 100 0.75 3 508 370 263 160 204 213 181 56
3 3 5 1 100 0.75 3 509 374 260 166 205 219 187 53
3 3 5 1 100 0.75 3 510 378 258 166 204 224 192 52
3 3 5 1 100 0.75 3 510 378 258 258 204 271 192 52
3 3 5 1 100 0.75 3 540 378 258 258 204 33 192 52
3 3 5 1 100 0.75 4 541 0 3 3 0 33 0 0
3 3 5 1 100 0.75 4 542 0 6 6 0 33 0 0
3 3 5 1 100 0.75 4 543 0 9 9 0 33 0 0
3 3 5 1 100 0.75 4 544 0 12 12 0 33 0 0
3 3 5 1 100 0.75 4 545 0 15 15 0 33 0 0
3 3 5 1 100 0.75 4 546 0 18 18 0 33 0 0
3 3 5 1 100 0.75 4 547 0 21 21 0 33 0 0
3 3 5 1 100 0.75 4 548 0 24 24 0 33 0 0
3 3 5 1 100 0.75 4 549 0 27 27 0 33 0 0
3 3 5 1 100 0.75 4 550 0 30 30 0 33 0 0
3 3 5 1 100 0.75 4 551 0 33 33 0 33 0 0
3 3 5 1 100 0.75 4 552 0 36 35 0 33 0 0
3 3 5 1 100 0.75 4 553 0 39 39 0 33 0 0
3 3 5 1 100 0.75 4 554 2 42 40 0 33 0 0
3 3 5 1 100 0.75 4 555 2 45 43 2 33 0 0
3 3 5 1 100 0.75 4 556 2 48 45 2 33 0 0
3 3 5 1 100 0.75 4 557 2 51 49 2 33 0 0
3 3 5 1 100 0.75 4 558 2 54 52 2 33 0 0
3 3 5 1 100 0.75 4 559 2 57 55 2 33 0 0
3 3 5 1 100 0.75 4 560 2 60 58 2 33 0 0
3 3 5 1 100 0.75 4 561 2 63 62 2 33 0 2
3 3 5 1 100 0.75 4 562 3 66 64 2 33 0 2
3 3 5 1 100 0.75 4 563 3 69 68 3 33 0 2
3 3 5 1 100 0.75 4 564 5 72 67 3 33 0 2
3 3 5 1 100 0.75 4 565 7 75 70 5 33 0 2
3 3 5 1 100 0.75 4 566 8 78 71 7 33 0 2
3 3 5 1 100 0.75 4 567 8 81 75 8 33 0 2
3 3 5 1 100 0.75 4 568 9 84 77 8 33 0 2
3 3 5 1 100 0.75 4 569 11 87 78 9 33 0 2
3 3 5 1 100 0.75 4 570 11 90 81 11 33 0 3
3 3 5 1 100 0.75 4 571 13 93 84 11 33 0 4
3 3 5 1 100 0.75 4 572 13 96 88 13 33 0 6
3 3 5 1 100 0.75 4 573 15 99 89 13 33 0 7
3 3 5 1 100 0.75 4 574 16 102 91 15 33 0 7
3 3 5 1 100 0.75 4 575 16 105 97 16 33 0 7
3 3 5 1 100 0.75 4 576 17 108 100 16 33 0 9
3 3 5 1 100 0.75 4 577 17 111 105 17 33 0 10
3 3 5 1 100 0.75 4 578 17 113 107 16 34 1 10
3 3 5 1 100 0.75 4 579 19 116 109 16 34 1 10
3 3 5 1 100 0.75 4 580 20 119 111 18 34 1 11
3 3 5 1 100 0.75 4 581 21 121 113 18 35 2 11
3 3 5 1 100 0.75 4 582 22 124 116 19 35 2 12
3 3 5 1 100 0.75 4 583 25 127 117 20 35 2 12
3 3 5 1 100 0.75 4 584 29 130 118 23 35 2 13
3 3 5 1 100 0.75 4 585 30 133 119 27 35 2 13
3 3 5 1 100 0.75 4 586 30 135 123 27 36 3 13
3 3 5 1 100 0.75 4 587 33 138 121 27 36 3 14
3 3 5 1 100 0.75 4 588 34 139 124 28 38 5 12
3 3 5 1 100 0.75 4 589 34 142 127 29 38 5 12
3 3 5 1 100 0.75 4 590 35 145 132 29 38 5 13
3 3 5 1 100 0.75 4 591 38 146 132 28 40 7 12
3 3 5 1 100 0.75 4 592 38 148 138 30 41 8 13
3 3 5 1 100 0.75 4 593 38 149 137 28 43 10 12
3 3 5 1 100 0.75 4 594 41 151 140 27 44 11 13
3 3 5 1 100 0.75 4 595 43 154 143 30 44 11 15
3 3 5 1 100 0.75 4 596 45 157 143 32 44 11 15
3 3 5 1 100 0.75 4 597 49 160 142 34 44 11 16
3 3 5 1 100 0.75 4 598 51 162 145 37 45 12 16
3 3 5 1 100 0.75 4 599 51 164 147 38 46 13 17
3 3 5 1 100 0.75 4 600 52 166 150 37 47 14 16
3 3 5 1 100 0.75 4 601 53 168 153 37 48 15 16
3 3 5 1 100 0.75 4 602 55 171 155 38 48 15 16
3 3 5 1 100 0.75 4 603 60 174 156 40 48 15 18
3 3 5 1 100 0.75 4 604 63 176 156 44 49 16 19
3 3 5 1 100 0.75 4 605 65 178 158 47 50 17 21
3 3 5 1 100 0.75 4 606 68 180 159 48 51 18 21
3 3 5 1 100 0.75 4 607 71 183 160 51 51 18 21
3 3 5 1 100 0.75 4 608 71 186 166 54 51 18 22
3 3 5 1 100 0.75 4 609 71 189 168 54 51 18 23
3 3 5 1 100 0.75 4 610 71 190 174 52 53 20 23
3 3 5 1 100 0.75 4 611 77 192 174 51 54 21 24
3 3 5 1 100 0.75 4 612 81 193 175 55 56 23 25
3 3 5 1 100 0.75 4 613 82 195 170 58 57 24 25
3 3 5 1 100 0.75 4 614 84 197 178 58 58 25 26
3 3 5 1 100 0.75 4 615 86 198 178 58 60 27 26
3 3 5 1 100 0.75 4 616 87 201 179 60 60 27 26
3 3 5 1 100 0.75 4 617 89 203 178 60 61 28 25
3 3 5 1 100 0.75 4 618 94 205 178 61 62 29 27
3 3 5 1 100 0.75 4 619 97 206 180 64 64 31 27
3 3 5 1 100 0.75 4 620 100 206 179 64 67 34 25
3 3 5 1 100 0.75 4 621 104 207 181 65 69 36 24
3 3 5 1 100 0.75 4 622 107 210 177 69 69 36 25
3 3 5 1 100 0.75 4 623 110 212 181 71 70 37 24
3 3 5 1 100 0.75 4 624 113 213 179 72 72 39 23
3 3 5 1 100 0.75 4 625 116 215 180 74 73 40 25
3 3 5 1 100 0.75 4 626 122 215 181 74 76 43 24
3 3 5 1 100 0.75 4 627 126 216 178 78 78 45 26
3 3 5 1 100 0.75 4 628 130 219 182 83 77 45 29
3 3 5 1 100 0.75 4 629 134 222 184 87 77 45 32
3 3 5 1 100 0.75 4 630 137 221 185 87 81 49 31
3 3 5 1 100 0.75 4 631 142 221 181 87 84 52 30
3 3 5 1 100 0.75 4 632 144 224 182 92 84 52 32
3 3 5 1 100 0.75 4 633 144 226 184 94 85 53 34
3 3 5 1 100 0.75 4 634 147 229 192 94 85 53 40
3 3 5 1 100 0.75 4 635 153 230 186 95 87 55 41
3 3 5 1 100 0.75 4 636 156 231 191 99 89 57 43
3 3 5 1 100 0.75 4 637 159 233 192 101 90 58 44
3 3 5 1 100 0.75 4 638 163 233 190 101 93 61 45
3 3 5 1 100 0.75 4 639 166 236 194 105 93 61 48
3 3 5 1 100 0.75 4 640 169 237 194 106 95 63 47
3 3 5 1 100 0.75 4 641 171 239 197 108 96 64 48
3 3 5 1 100 0.75 4 642 176 240 198 108 97 66 48
3 3 5 1 100 0.75 4 643 180 240 196 110 100 69 47
3 3 5 1 100 0.75 4 644 185 242 195 114 101 70 47
3 3 5 1 100 0.75 4 645 188 243 193 117 103 72 49
3 3 5 1 100 0.75 4 646 190 244 197 118 105 74 50
3 3 5 1 100 0.75 4 647 195 247 196 120 105 74 50
3 3 5 1 100 0.75 4 648 198 247 198 122 108 77 48
3 3 5 1 100 0.75 4 649 201 245 189 120 113 82 45
3 3 5 1 100 0.75 4 650 205 245 194 120 116 85 47
3 3 5 1 100 0.75 4 651 214 244 184 121 119 89 45
3 3 5 1 100 0.75 4 652 217 245 191 128 121 91 48
3 3 5 1 100 0.75 4 653 220 244 187 127 125 95 45
3 3 5 1 100 0.75 4 654 222 242 186 125 130 100 42
3 3 5 1 100 0.75 4 655 224 242 184 124 133 103 41
3 3 5 1 100 0.75 4 656 229 241 183 122 137 107 41
3 3 5 1 100 0.75 4 657 234 241 177 126 139 110 41
3 3 5 1 100 0.75 4 658 239 243 181 132 140 111 46
3 3 5 1 100 0.75 4 659 243 245 180 136 141 112 48
3 3 5 1 100 0.75 4 660 250 243 179 135 146 117 47
3 3 5 1 100 0.75 4 661 254 243 179 139 149 120 45
3 3 5 1 100 0.75 4 662 259 246 180 143 149 120 47
3 3 5 1 100 0.75 4 663 263 247 181 146 151 122 49
3 3 5 1 100 0.75 4 664 269 247 173 148 154 125 53
3 3 5 1 100 0.75 4 665 274 250 181 154 153 125 58
3 3 5 1 100 0.75 4 666 281 252 183 159 154 126 58
3 3 5 1 100 0.75 4 667 284 250 184 161 159 131 56
3 3 5 1 100 0.75 4 668 292 251 177 163 160 133 59
3 3 5 1 100 0.75 4 669 294 252 177 169 162 135 59
3 3 5 1 100 0.75 4 670 296 252 174 169 165 138 61
3 3 5 1 100 0.75 4 671 303 251 177 168 169 142 63
3 3 5 1 100 0.75 4 672 309 250 180 171 173 146 61
3 3 5 1 100 0.75 4 673 312 253 180 177 173 146 67
3 3 5 1 100 0.75 4 674 321 252 170 176 177 150 67
3 3 5 1 100 0.75 4 675 324 250 174 180 182 155 67
3 3 5 1 100 0.75 4 676 332 250 170 181 185 158 70
3 3 5 1 100 0.75 4 677 335 251 171 188 187 160 72
3 3 5 1 100 0.75 4 678 340 248 168 186 192 166 69
3 3 5 1 100 0.75 4 679 343 246 168 186 197 171 68
3 3 5 1 100 0.75 4 680 348 248 165 188 198 172 71
3 3 5 1 100 0.75 4 681 350 248 166 191 201 175 70
3 3 5 1 100 0.75 4 682 355 248 165 190 204 178 76
3 3 5 1 100 0.75 4 683 362 249 165 194 206 180 80
3 3 5 1 100 0.75 4 684 368 247 164 196 211 185 79
3 3 5 1 100 0.75 4 685 372 245 153 198 216 190 80
3 3 5 1 100 0.75 4 686 378 245 167 200 219 193 78
3 3 5 1 100 0.75 4 687 380 243 147 202 224 198 75
3 3 5 1 100 0.75 4 688 380 242 162 201 228 202 74
3 3 5 1 100 0.75 4 689 382 238 151 195 235 209 69
3 3 5 1 100 0.75 4 690 386 237 155 194 239 213 72
3 3 5 1 100 0.75 4 690 386 237 237 194 304 213 72
3 3 5 1 100 0.75 4 720 386 237 237 194 33 213 72
3 3 5 1 100 0.75 5 721 0 3 3 0 33 0 0
3 3 5 1 100 0.75 5 722 0 6 6 0 33 0 0
3 3 5 1 100 0.75 5 723 0 9 9 0 33 0 0
3 3 5 1 100 0.75 5 724 0 12 12 0 33 0 0
3 3 5 1 100 0.75 5 725 0 15 15 0 33 0 0
3 3 5 1 100 0.75 5 726 0 18 18 0 33 0 0
3 3 5 1 100 0.75 5 727 0 21 21 0 33 0 0
3 3 5 1 100 0.75 5 728 1 24 23 0 33 0 0
3 3 5 1 100 0.75 5 729 1 27 26 1 33 0 0
3 3 5 1 100 0.75 5 730 1 30 29 1 33 0 0
3 3 5 1 100 0.75 5 731 1 33 32 1 33 0 0
3 3 5 1 100 0.75 5 732 1 36 35 1 33 0 0
3 3 5 1 100 0.75 5 733 2 39 37 1 33 0 0
3 3 5 1 100 0.75 5 734 2 42 40 2 33 0 0
3 3 5 1 100 0.75 5 735 2 45 44 2 33 0 1
3 3 5 1 100 0.75 5 736 2 48 47 2 33 0 1
3 3 5 1 100 0.75 5 737 2 51 50 2 33 0 1
3 3 5 1 100 0.75 5 738 2 54 53 2 33 0 1
3 3 5 1 100 0.75 5 739 2 57 56 2 33 0 1
3 3 5 1 100 0.75 5 740 3 60 58 2 33 0 1
3 3 5 1 100 0.75 5 741 3 63 62 3 33 0 2
3 3 5 1 100 0.75 5 742 4 66 63 3 33 0 2
3 3 5 1 100 0.75 5 743 5 69 63 4 33 0 2
3 3 5 1 100 0.75 5 744 5 72 68 5 33 0 2
3 3 5 1 100 0.75 5 745 5 75 70 5 33 0 2
3 3 5 1 100 0.75 5 746 6 78 72 5 33 0 2
3 3 5 1 100 0.75 5 747 6 81 78 6 33 0 3
3 3 5 1 100 0.75 5 748 9 84 78 6 33 0 3
3 3 5 1 100 0.75 5 749 10 87 79 9 33 0 3
3 3 5 1 100 0.75 5 750 11 90 84 10 33 0 4
3 3 5 1 100 0.75 5 751 11 92 86 10 34 1 3
3 3 5 1 100 0.75 5 752 12 95 88 10 34 1 3
3 3 5 1 100 0.75 5 753 13 98 90 11 34 1 3
3 3 5 1 100 0.75 5 754 13 101 93 12 34 1 4
3 3 5 1 100 0.75 5 755 13 104 96 12 34 1 5
3 3 5 1 100 0.75 5 756 13 107 102 12 34 1 6
3 3 5 1 100 0.75 5 757 13 110 104 12 34 1 7
3 3 5 1 100 0.75 5 758 14 113 106 12 34 1 7
3 3 5 1 100 0.75 5 759 14 116 111 13 34 1 8
3 3 5 1 100 0.75 5 760 15 119 113 13 34 1 8
3 3 5 1 100 0.75 5 761 15 121 116 13 35 2 7
3 3 5 1 100 0.75 5 762 15 123 118 12 36 3 6
3 3 5 1 100 0.75 5 763 16 126 117 12 36 3 6
3 3 5 1 100 0.75 5 764 16 129 121 13 36 3 6
3 3 5 1 100 0.75 5 765 17 131 123 12 37 4 5
3 3 5 1 100 0.75 5 766 17 134 125 13 37 4 6
3 3 5 1 100 0.75 5 767 18 137 129 13 37 4 6
3 3 5 1 100 0.75 5 768 18 140 132 14 37 4 7
3 3 5 1 100 0.75 5 769 20 143 132 14 37 4 7
3 3 5 1 100 0.75 5 770 20 146 137 16 37 4 7
3 3 5 1 100 0.75 5 771 20 148 138 15 38 5 6
3 3 5 1 100 0.75 5 772 20 150 143 14 39 6 5
3 3 5 1 100 0.75 5 773 22 153 141 14 39 6 5
3 3 5 1 100 0.75 5 774 24 153 142 13 42 9 3
3 3 5 1 100 0.75 5 775 26 156 142 15 42 9 3
3 3 5 1 100 0.75 5 776 27 159 144 17 42 9 4
3 3 5 1 100 0.75 5 777 28 162 148 18 42 9 5
3 3 5 1 100 0.75 5 778 32 165 147 19 42 9 5
3 3 5 1 100 0.75 5 779 33 168 148 23 42 9 5
3 3 5 1 100 0.75 5 780 33 171 151 24 42 9 5
3 3 5 1 100 0.75 5 781 35 174 155 24 42 9 7
3 3 5 1 100 0.75 5 782 39 176 157 25 43 10 8
3 3 5 1 100 0.75 5 783 39 179 161 29 43 10 10
3 3 5 1 100 0.75 5 784 40 182 163 29 43 10 10
3 3 5 1 100 0.75 5 785 43 185 167 30 43 10 12
3 3 5 1 100 0.75 5 786 44 187 169 32 44 11 11
3 3 5 1 100 0.75 5 787 47 190 169 33 44 11 12
3 3 5 1 100 0.75 5 788 49 193 170 36 44 11 13
3 3 5 1 100 0.75 5 789 51 196 177 38 44 11 16
3 3 5 1 100 0.75 5 790 54 198 177 39 45 12 16
3 3 5 1 100 0.75 5 791 55 201 176 42 45 12 16
3 3 5 1 100 0.75 5 792 55 204 185 43 45 12 18
3 3 5 1 100 0.75 5 793 58 205 182 41 47 14 18
3 3 5 1 100 0.75 5 794 60 208 189 44 47 14 19
3 3 5 1 100 0.75 5 795 64 211 188 46 47 14 21
3 3 5 1 100 0.75 5 796 65 213 189 49 48 15 20
3 3 5 1 100 0.75 5 797 68 216 191 50 48 15 22
3 3 5 1 100 0.75 5 798 71 219 192 53 48 15 24
3 3 5 1 100 0.75 5 799 72 221 197 55 49 16 23
3 3 5 1 100 0.75 5 800 74 222 197 54 51 18 22
3 3 5 1 100 0.75 5 801 77 223 197 54 53 20 21
3 3 5 1 100 0.75 5 802 79 226 198 57 53 20 22
3 3 5 1 100 0.75 5 803 83 229 201 59 53 20 25
3 3 5 1 100 0.75 5 804 85 229 201 60 56 23 23
3 3 5 1 100 0.75 5 805 87 232 201 62 56 23 25
3 3 5 1 100 0.75 5 806 92 234 205 63 57 24 26
3 3 5 1 100 0.75 5 807 95 235 205 66 59 26 27
3 3 5 1 100 0.75 5 808 96 235 202 66 62 29 24
3 3 5 1 100 0.75 5 809 98 237 203 66 63 30 26
3 3 5 1 100 0.75 5 810 102 239 204 67 64 31 28
3 3 5 1 100 0.75 5 811 103 239 206 68 67 34 27
3 3 5 1 100 0.75 5 812 104 241 209 68 68 35 27
3 3 5 1 100 0.75 5 813 105 243 214 68 69 36 31
3 3 5 1 100 0.75 5 814 109 246 216 69 69 36 34
3 3 5 1 100 0.75 5 815 114 249 212 73 69 36 35
3 3 5 1 100 0.75 5 816 114 251 217 77 70 37 35
3 3 5 1 100 0.75 5 817 119 252 211 75 72 39 36
3 3 5 1 100 0.75 5 818 120 255 221 80 72 39 38
3 3 5 1 100 0.75 5 819 122 257 221 80 73 40 38
3 3 5 1 100 0.75 5 820 125 258 222 80 75 42 37
3 3 5 1 100 0.75 5 821 128 260 222 82 76 43 39
3 3 5 1 100 0.75 5 822 131 261 225 84 78 45 41
3 3 5 1 100 0.75 5 823 136 261 221 84 81 48 40
3 3 5 1 100 0.75 5 824 140 260 219 85 85 52 40
3 3 5 1 100 0.75 5 825 143 261 220 87 87 54 40
3 3 5 1 100 0.75 5 826 146 263 219 89 88 55 40
3 3 5 1 100 0.75 5 827 147 263 219 89 91 58 38
3 3 5 1 100 0.75 5 828 151 265 223 89 92 59 42
3 3 5 1 100 0.75 5 829 156 266 219 91 94 61 42
3 3 5 1 100 0.75 5 830 160 266 221 93 97 64 43
3 3 5 1 100 0.75 5 831 160 267 224 95 99 66 44
3 3 5 1 100 0.75 5 832 165 267 225 92 102 69 45
3 3 5 1 100 0.75 5 833 167 266 225 93 106 73 44
3 3 5 1 100 0.75 5 834 172 267 223 93 108 75 42
3 3 5 1 100 0.75 5 835 178 270 221 98 108 75 43
3 3 5 1 100 0.75 5 836 180 271 226 102 110 77 44
3 3 5 1 100 0.75 5 837 187 273 222 103 111 78 47
3 3 5 1 100 0.75 5 838 194 275 223 109 111 79 48
3 3 5 1 100 0.75 5 839 197 273 218 111 116 84 45
3 3 5 1 100 0.75 5 840 201 274 218 112 118 86 46
3 3 5 1 100 0.75 5 841 204 275 218 114 120 88 49
3 3 5 1 100 0.75 5 842 211 275 219 114 123 91 50
3 3 5 1 100 0.75 5 843 218 276 213 120 125 93 50
3 3 5 1 100 0.75 5 844 221 275 214 124 129 97 49
3 3 5 1 100 0.75 5 845 227 275 211 124 132 100 50
3 3 5 1 100 0.75 5 846 235 277 209 129 133 101 51
3 3 5 1 100 0.75 5 847 239 275 212 132 138 106 49
3 3 5 1 100 0.75 5 848 246 277 207 135 139 107 52
3 3 5 1 100 0.75 5 849 251 276 203 138 143 111 49
3 3 5 1 100 0.75 5 850 256 277 209 142 145 113 51
3 3 5 1 100 0.75 5 851 258 276 204 143 149 117 51
3 3 5 1 100 0.75 5 852 262 278 204 145 149 118 53
3 3 5 1 100 0.75 5 853 263 278 212 147 152 121 54
3 3 5 1 100 0.75 5 854 272 279 211 146 153 123 55
3 3 5 1 100 0.75 5 855 276 279 206 152 156 126 58
3 3 5 1 100 0.75 5 856 281 281 209 156 156 127 61
3 3 5 1 100 0.75 5 857 289 280 204 158 160 131 60
3 3 5 1 100 0.75 5 858 294 280 202 163 163 134 60
3 3 5 1 100 0.75 5 859 297 282 203 167 164 135 63
3 3 5 1 100 0.75 5 860 300 279 199 165 170 141 59
3 3 5 1 100 0.75 5 861 307 278 198 165 174 145 62
3 3 5 1 100 0.75 5 862 310 279 196 171 176 147 62
3 3 5 1 100 0.75 5 863 316 281 197 173 176 148 64
3 3 5 1 100 0.75 5 864 323 280 197 175 180 152 66
3 3 5 1 100 0.75 5 865 330 282 199 181 181 153 69
3 3 5 1 100 0.75 5 866 336 281 198 184 185 157 71
3 3 5 1 100 0.75 5 867 341 279 190 186 190 162 69
3 3 5 1 100 0.75 5 868 346 278 190 187 194 166 72
3 3 5 1 100 0.75 5 869 348 278 184 189 197 169 71
3 3 5 1 100 0.75 5 870 352 277 188 190 201 173 71
3 3 5 1 100 0.75 5 870 352 277 277 190 266 173 71
3 3 5 1 100 0.75 5 900 352 277 277 190 33 173 71
3 3 5 1 100 0.75 6 901 0 3 3 0 33 0 0
3 3 5 1 100 0.75 6 902 0 6 6 0 33 0 0
3 3 5 1 100 0.75 6 903 0 9 9 0 33 0 0
3 3 5 1 100 0.75 6 904 0 12 12 0 33 0 0
3 3 5 1 100 0.75 6 905 0 15 15 0 33 0 0
3 3 5 1 100 0.75 6 906 0 18 18 0 33 0 0
3 3 5 1 100 0.75 6 907 0 21 21 0 33 0 0
3 3 5 1 100 0.75 6 908 0 24 24 0 33 0 0
3 3 5 1 100 0.75 6 909 0 27 26 0 33 0 0
3 3 5 1 100 0.75 6 910 0 30 29 0 33 0 0
3 3 5 1 100 0.75 6 911 0 33 32 0 33 0 0
3 3 5 1 100 0.75 6 912 2 36 33 0 33 0 0
3 3 5 1 100 0.75 6 913 2 39 37 2 33 0 0
3 3 5 1 100 0.75 6 914 4 42 38 2 33 0 0
3 3 5 1 100 0.75 6 915 5 45 40 4 33 0 0
3 3 5 1 100 0.75 6 916 5 48 43 5 33 0 0
3 3 5 1 100 0.75 6 917 7 51 44 5 33 0 0
3 3 5 1 100 0.75 6 918 7 54 47 7 33 0 0
3 3 5 1 100 0.75 6 919 7 57 51 7 33 0 0
3 3 5 1 100 0.75 6 920 8 60 53 7 33 0 1
3 3 5 1 100 0.75 6 921 8 63 57 8 33 0 1
3 3 5 1 100 0.75 6 922 11 66 60 8 33 0 3
3 3 5 1 100 0.75 6 923 12 69 61 11 33 0 3
3 3 5 1 100 0.75 6 924 14 72 61 12 33 0 3
3 3 5 1 100 0.75 6 925 15 75 66 14 33 0 5
3 3 5 1 100 0.75 6 926 16 78 64 15 33 0 5
3 3 5 1 100 0.75 6 927 16 81 70 16 33 0 5
3 3 5 1 100 0.75 6 928 18 84 72 16 33 0 5
3 3 5 1 100 0.75 6 929 21 87 75 18 33 0 7
3 3 5 1 100 0.75 6 930 22 90 77 21 33 0 7
3 3 5 1 100 0.75 6 931 23 93 80 22 33 0 8
3 3 5 1 100 0.75 6 932 23 96 84 23 33 0 10
3 3 5 1 100 0.75 6 933 24 99 84 23 33 0 10
3 3 5 1 100 0.75 6 934 24 102 89 24 33 0 11
3 3 5 1 100 0.75 6 935 25 104 91 23 34 1 11
3 3 5 1 100 0.75 6 936 26 107 96 24 34 1 11
3 3 5 1 100 0.75 6 937 27 109 99 24 35 2 13
3 3 5 1 100 0.75 6 938 27 112 103 25 35 2 14
3 3 5 1 100 0.75 6 939 27 115 105 25 35 2 15
3 3 5 1 100 0.75 6 940 27 116 107 23 37 4 13
3 3 5 1 100 0.75 6 941 28 119 109 23 37 4 14
3 3 5 1 100 0.75 6 942 30 122 113 24 37 4 15
3 3 5 1 100 0.75 6 943 30 125 115 26 37 4 15
3 3 5 1 100 0.75 6 944 31 128 118 26 37 4 15
3 3 5 1 100 0.75 6 945 34 130 116 26 38 5 15
3 3 5 1 100 0.75 6 946 35 133 120 29 38 5 15
3 3 5 1 100 0.75 6 947 36 136 124 30 38 5 15
3 3 5 1 100 0.75 6 948 38 136 121 28 41 8 12
3 3 5 1 100 0.75 6 949 40 138 125 29 42 9 13
3 3 5 1 100 0.75 6 950 41 140 124 30 43 10 12
3 3 5 1 100 0.75 6 951 44 142 124 30 44 11 11
3 3 5 1 100 0.75 6 952 46 144 125 32 45 12 11
3 3 5 1 100 0.75 6 953 47 145 127 32 47 14 11
3 3 5 1 100 0.75 6 954 50 148 130 33 47 14 13
3 3 5 1 100 0.75 6 955 51 150 131 35 48 15 14
3 3 5 1 100 0.75 6 956 52 151 133 34 50 17 14
3 3 5 1 100 0.75 6 957 52 153 135 34 51 18 13
3 3 5 1 100 0.75 6 958 54 156 139 34 51 18 16
3 3 5 1 100 0.75 6 959 58 159 141 36 51 18 18
3 3 5 1 100 0.75 6 960 59 160 142 38 53 20 17
3 3 5 1 100 0.75 6 961 60 163 147 39 53 20 19
3 3 5 1 100 0.75 6 962 62 166 148 40 53 20 20
3 3 5 1 100 0.75 6 963 62 169 149 42 53 20 20
3 3 5 1 100 0.75 6 964 62 172 154 42 53 20 20
3 3 5 1 100 0.75 6 965 64 175 155 42 52 20 21
3 3 5 1 100 0.75 6 966 67 178 157 44 52 20 23
3 3 5 1 100 0.75 6 967 68 180 161 46 53 21 25
3 3 5 1 100 0.75 6 968 68 183 165 47 53 21 26
3 3 5 1 100 0.75 6 969 70 184 167 45 55 23 26
3 3 5 1 100 0.75 6 970 72 186 164 46 56 24 26
3 3 5 1 100 0.75 6 971 73 187 169 46 58 26 24
3 3 5 1 100 0.75 6 972 76 188 165 45 60 28 22
3 3 5 1 100 0.75 6 973 77 189 169 46 62 30 22
3 3 5 1 100 0.75 6 974 78 190 170 45 64 32 21
3 3 5 1 100 0.75 6 975 79 191 170 44 66 34 19
3 3 5 1 100 0.75 6 976 80 193 174 44 67 35 19
3 3 5 1 100 0.75 6 977 82 195 172 44 68 36 18
3 3 5 1 100 0.75 6 978 84 195 174 43 71 39 17
3 3 5 1 100 0.75 6 979 87 197 174 44 71 40 18
3 3 5 1 100 0.75 6 980 89 200 176 47 71 40 19
3 3 5 1 100 0.75 6 981 93 203 175 49 71 40 20
3 3 5 1 100 0.75 6 982 96 205 176 52 72 41 20
3 3 5 1 100 0.75 6 983 98 208 180 55 72 41 21
3 3 5 1 100 0.75 6 984 101 207 175 53 76 45 20
3 3 5 1 100 0.75 6 985 103 209 176 55 77 46 19
3 3 5 1 100 0.75 6 986 104 210 180 57 79 48 19
3 3 5 1 100 0.75 6 987 106 212 178 57 80 49 19
3 3 5 1 100 0.75 6 988 111 214 176 58 81 50 21
3 3 5 1 100 0.75 6 989 113 215 177 61 83 52 20
3 3 5 1 100 0.75 6 990 117 218 181 64 83 52 23
3 3 5 1 100 0.75 6 991 122 221 177 68 83 52 24
3 3 5 1 100 0.75 6 992 124 224 186 73 83 52 25
3 3 5 1 100 0.75 6 993 127 226 185 74 84 53 26
3 3 5 1 100 0.75 6 994 130 229 188 77 84 53 27
3 3 5 1 100 0.75 6 995 131 231 191 79 85 54 27
3 3 5 1 100 0.75 6 996 135 234 196 82 85 54 31
3 3 5 1 100 0.75 6 997 137 236 194 85 86 55 31
3 3 5 1 100 0.75 6 998 142 236 194 84 89 58 31
3 3 5 1 100 0.75 6 999 146 237 194 88 91 60 33
3 3 5 1 100 0.75 6 1000 147 239 191 91 92 61 36
3 3 5 1 100 0.75 6 1001 148 242 200 92 92 61 39
3 3 5 1 100 0.75 6 1002 151 243 200 91 94 63 39
3 3 5 1 100 0.75 6 1003 155 242 198 90 98 67 37
3 3 5 1 100 0.75 6 1004 160 243 191 92 100 69 35
3 3 5 1 100 0.75 6 1005 166 245 197 96 101 70 37
3 3 5 1 100 0.75 6 1006 176 246 190 100 103 72 38
3 3 5 1 100 0.75 6 1007 178 247 192 108 105 74 38
3 3 5 1 100 0.75 6 1008 179 250 193 110 105 74 39
3 3 5 1 100 0.75 6 1009 182 251 196 109 107 76 40
3 3 5 1 100 0.75 6 1010 185 251 195 109 110 79 38
3 3 5 1 100 0.75 6 1011 187 252 199 110 112 81 39
3 3 5 1 100 0.75 6 1012 195 254 194 111 113 82 44
3 3 5 1 100 0.75 6 1013 199 256 201 119 114 83 46
3 3 5 1 100 0.75 6 1014 202 257 201 122 116 85 49
3 3 5 1 100 0.75 6 1015 206 257 202 122 119 88 48
3 3 5 1 100 0.75 6 1016 214 257 195 124 122 91 45
3 3 5 1 100 0.75 6 1017 220 257 194 129 125 94 44
3 3 5 1 100 0.75 6 1018 224 257 194 132 128 97 43
3 3 5 1 100 0.75 6 1019 227 259 191 135 129 98 46
3 3 5 1 100 0.75 6 1020 235 259 196 136 132 101 50
3 3 5 1 100 0.75 6 1021 238 258 183 140 136 105 48
3 3 5 1 100 0.75 6 1022 241 260 194 142 137 106 52
3 3 5 1 100 0.75 6 1023 244 260 187 142 140 109 51
3 3 5 1 100 0.75 6 1024 249 260 195 143 143 112 59
3 3 5 1 100 0.75 6 1025 254 261 191 146 145 114 60
3 3 5 1 100 0.75 6 1026 256 264 195 151 145 114 60
3 3 5 1 100 0.75 6 1027 262 261 196 147 151 120 59
3 3 5 1 100 0.75 6 1028 267 262 195 151 153 122 60
3 3 5 1 100 0.75 6 1029 273 264 191 156 154 123 60
3 3 5 1 100 0.75 6 1030 275 263 188 158 158 127 58
3 3 5 1 100 0.75 6 1031 281 264 190 158 160 129 60
3 3 5 1 100 0.75 6 1032 285 264 195 161 163 132 61
3 3 5 1 100 0.75 6 1033 289 264 187 162 166 135 59
3 3 5 1 100 0.75 6 1034 294 266 191 166 167 136 62
3 3 5 1 100 0.75 6 1035 301 267 187 169 169 138 66
3 3 5 1 100 0.75 6 1036 307 267 189 173 172 141 69
3 3 5 1 100 0.75 6 1037 309 265 186 176 177 146 66
3 3 5 1 100 0.75 6 1038 312 263 183 173 182 151 63
3 3 5 1 100 0.75 6 1039 314 257 180 167 191 160 59
3 3 5 1 100 0.75 6 1040 321 257 175 166 194 163 62
3 3 5 1 100 0.75 6 1041 328 255 167 169 199 168 61
3 3 5 1 100 0.75 6 1042 332 255 174 173 202 171 62
3 3 5 1 100 0.75 6 1043 338 254 172 173 206 175 68
3 3 5 1 100 0.75 6 1044 343 256 174 178 207 176 70
3 3 5 1 100 0.75 6 1045 347 255 166 180 211 180 68
3 3 5 1 100 0.75 6 1046 351 257 169 183 212 181 69
3 3 5 1 100 0.75 6 1047 355 256 163 183 216 185 67
3 3 5 1 100 0.75 6 1048 359 254 166 182 221 190 70
3 3 5 1 100 0.75 6 1049 367 256 160 186 222 191 74
3 3 5 1 100 0.75 6 1050 370 256 169 192 225 194 75
3 3 5 1 100 0.75 6 1050 370 256 256 192 293 194 75
3 3 5 1 100 0.75 6 1080 370 256 256 192 33 194 75
3 3 5 1 100 0.75 7 1081 0 3 3 0 33 0 0
3 3 5 1 100 0.75 7 1082 0 6 6 0 33 0 0
3 3 5 1 100 0.75 7 1083 0 9 9 0 33 0 0
3 3 5 1 100 0.75 7 1084 0 12 12 0 33 0 0
3 3 5 1 100 0.75 7 1085 0 15 15 0 33 0 0
3 3 5 1 100 0.75 7 1086 0 18 17 0 33 0 0
3 3 5 1 100 0.75 7 1087 0 21 21 0 33 0 0
3 3 5 1 100 0.75 7 1088 0 24 24 0 33 0 0
3 3 5 1 100 0.75 7 1089 0 27 27 0 33 0 0
3 3 5 1 100 0.75 7 1090 0 30 30 0 33 0 0
3 3 5 1 100 0.75 7 1091 0 33 33 0 33 0 0
3 3 5 1 100 0.75 7 1092 0 36 35 0 33 0 0
3 3 5 1 100 0.75 7 1093 2 39 36 0 33 0 0
3 3 5 1 100 0.75 7 1094 3 42 39 2 33 0 0
3 3 5 1 100 0.75 7 1095 4 45 41 3 33 0 0
3 3 5 1 100 0.75 7 1096 4 48 44 4 33 0 0
3 3 5 1 100 0.75 7 1097 4 51 46 4 33 0 0
3 3 5 1 100 0.75 7 1098 4 54 50 4 33 0 0
3 3 5 1 100 0.75 7 1099 5 57 52 4 33 0 0
3 3 5 1 100 0.75 7 1100 6 60 56 5 33 0 2
3 3 5 1 100 0.75 7 1101 8 63 57 6 33 0 2
3 3 5 1 100 0.75 7 1102 8 66 62 8 33 0 3
3 3 5 1 100 0.75 7 1103 8 69 64 8 33 0 3
3 3 5 1 100 0.75 7 1104 8 72 67 8 33 0 3
3 3 5 1 100 0.75 7 1105 9 75 67 8 33 0 3
3 3 5 1 100 0.75 7 1106 10 78 71 9 33 0 3
3 3 5 1 100 0.75 7 1107 10 81 75 10 33 0 4
3 3 5 1 100 0.75 7 1108 10 84 81 10 33 0 6
3 3 5 1 100 0.75 7 1109 10 87 83 10 33 0 6
3 3 5 1 100 0.75 7 1110 11 90 84 10 33 0 6
3 3 5 1 100 0.75 7 1111 12 93 86 11 33 0 6
3 3 5 1 100 0.75 7 1112 13 96 88 12 33 0 6
3 3 5 1 100 0.75 7 1113 14 99 90 13 33 0 6
3 3 5 1 100 0.75 7 1114 16 102 93 14 33 0 7
3 3 5 1 100 0.75 7 1115 16 105 96 16 33 0 7
3 3 5 1 100 0.75 7 1116 19 107 96 15 34 1 6
3 3 5 1 100 0.75 7 1117 23 110 95 18 34 1 7
3 3 5 1 100 0.75 7 1118 23 112 97 21 35 2 6
3 3 5 1 100 0.75 7 1119 23 115 101 21 35 2 7
3 3 5 1 100 0.75 7 1120 23 118 107 21 35 2 8
3 3 5 1 100 0.75 7 1121 24 120 107 20 36 3 9
3 3 5 1 100 0.75 7 1122 26 123 108 21 36 3 10
3 3 5 1 100 0.75 7 1123 26 126 115 23 36 3 12
3 3 5 1 100 0.75 7 1124 28 129 120 23 36 3 13
3 3 5 1 100 0.75 7 1125 29 131 119 24 37 4 13
3 3 5 1 100 0.75 7 1126 30 134 124 25 37 4 13
3 3 5 1 100 0.75 7 1127 30 135 125 24 39 6 11
3 3 5 1 100 0.75 7 1128 30 138 127 24 39 6 11
3 3 5 1 100 0.75 7 1129 31 140 130 23 40 7 11
3 3 5 1 100 0.75 7 1130 31 143 132 24 40 7 12
3 3 5 1 100 0.75 7 1131 31 146 136 24 40 7 13
3 3 5 1 100 0.75 7 1132 32 149 138 24 40 7 14
3 3 5 1 100 0.75 7 1133 33 152 143 25 39 7 15
3 3 5 1 100 0.75 7 1134 35 155 143 26 39 7 15
3 3 5 1 100 0.75 7 1135 36 158 145 28 39 7 15
3 3 5 1 100 0.75 7 1136 38 160 148 28 40 8 14
3 3 5 1 100 0.75 7 1137 39 162 148 29 41 9 14
3 3 5 1 100 0.75 7 1138 40 164 149 29 42 10 13
3 3 5 1 100 0.75 7 1139 41 165 147 28 44 12 11
3 3 5 1 100 0.75 7 1140 42 166 152 27 46 14 11
3 3 5 1 100 0.75 7 1141 45 167 150 26 48 16 10
3 3 5 1 100 0.75 7 1142 49 169 151 28 49 17 11
3 3 5 1 100 0.75 7 1143 50 172 154 32 49 17 13
3 3 5 1 100 0.75 7 1144 52 175 155 33 49 17 13
3 3 5 1 100 0.75 7 1145 52 178 160 35 49 17 14
3 3 5 1 100 0.75 7 1146 55 179 159 33 51 19 14
3 3 5 1 100 0.75 7 1147 56 182 163 36 51 19 15
3 3 5 1 100 0.75 7 1148 61 185 162 37 51 19 16
3 3 5 1 100 0.75 7 1149 62 186 164 40 53 21 15
3 3 5 1 100 0.75 7 1150 64 189 168 41 53 21 17
3 3 5 1 100 0.75 7 1151 66 191 166 42 54 22 17
3 3 5 1 100 0.75 7 1152 68 194 172 44 54 22 18
3 3 5 1 100 0.75 7 1153 70 197 171 46 54 22 19
3 3 5 1 100 0.75 7 1154 70 199 178 47 55 23 20
3 3 5 1 100 0.75 7 1155 73 201 181 46 56 24 22
3 3 5 1 100 0.75 7 1156 75 203 184 48 57 25 23
3 3 5 1 100 0.75 7 1157 77 205 184 49 58 26 24
3 3 5 1 100 0.75 7 1158 80 208 187 51 58 26 27
3 3 5 1 100 0.75 7 1159 83 210 188 53 59 27 27
3 3 5 1 100 0.75 7 1160 84 210 186 53 62 30 24
3 3 5 1 100 0.75 7 1161 88 211 185 52 64 32 24
3 3 5 1 100 0.75 7 1162 88 214 189 56 64 32 26
3 3 5 1 100 0.75 7 1163 89 216 192 55 65 33 26
3 3 5 1 100 0.75 7 1164 93 219 195 56 65 33 27
3 3 5 1 100 0.75 7 1165 95 220 197 58 67 35 29
3 3 5 1 100 0.75 7 1166 99 222 197 59 67 36 30
3 3 5 1 100 0.75 7 1167 100 225 201 63 67 36 32
3 3 5 1 100 0.75 7 1168 103 227 200 63 68 37 32
3 3 5 1 100 0.75 7 1169 106 227 198 63 71 40 32
3 3 5 1 100 0.75 7 1170 107 229 198 65 72 41 32
3 3 5 1 100 0.75 7 1171 108 228 204 63 76 45 32
3 3 5 1 100 0.75 7 1172 113 229 198 62 78 47 31
3 3 5 1 100 0.75 7 1173 118 231 203 66 79 48 34
3 3 5 1 100 0.75 7 1174 123 233 202 70 80 49 33
3 3 5 1 100 0.75 7 1175 128 236 202 75 80 49 35
3 3 5 1 100 0.75 7 1176 131 235 201 76 84 53 33
3 3 5 1 100 0.75 7 1177 133 235 200 76 87 56 32
3 3 5 1 100 0.75 7 1178 139 238 198 78 87 56 33
3 3 5 1 100 0.75 7 1179 141 241 197 84 87 56 34
3 3 5 1 100 0.75 7 1180 142 241 200 85 90 59 35
3 3 5 1 100 0.75 7 1181 143 243 205 86 91 60 38
3 3 5 1 100 0.75 7 1182 148 243 207 84 94 63 39
3 3 5 1 100 0.75 7 1183 155 245 206 88 95 64 41
3 3 5 1 100 0.75 7 1184 161 245 200 92 98 67 40
3 3 5 1 100 0.75 7 1185 166 248 202 98 98 67 43
3 3 5 1 100 0.75 7 1186 171 246 197 98 103 72 41
3 3 5 1 100 0.75 7 1187 171 249 201 103 103 72 41
3 3 5 1 100 0.75 7 1188 176 248 197 99 107 76 39
3 3 5 1 100 0.75 7 1189 181 250 197 104 108 77 39
3 3 5 1 100 0.75 7 1190 185 251 203 107 110 79 41
3 3 5 1 100 0.75 7 1191 191 251 201 108 113 82 42
3 3 5 1 100 0.75 7 1192 197 253 202 113 114 83 46
3 3 5 1 100 0.75 7 1193 202 253 202 116 117 86 46
3 3 5 1 100 0.75 7 1194 206 255 196 120 118 87 47
3 3 5 1 100 0.75 7 1195 211 256 191 122 120 89 49
3 3 5 1 100 0.75 7 1196 215 255 199 123 124 93 49
3 3 5 1 100 0.75 7 1197 221 254 190 124 128 97 50
3 3 5 1 100 0.75 7 1198 223 254 195 128 131 100 50
3 3 5 1 100 0.75 7 1199 228 256 192 129 132 101 52
3 3 5 1 100 0.75 7 1200 236 256 187 131 135 104 57
3 3 5 1 100 0.75 7 1201 240 256 190 136 138 107 58
3 3 5 1 100 0.75 7 1202 245 258 190 139 139 108 60
3 3 5 1 100 0.75 7 1203 247 258 195 142 142 111 61
3 3 5 1 100 0.75 7 1204 251 259 189 143 144 113 62
3 3 5 1 100 0.75 7 1205 254 260 195 145 146 115 65
3 3 5 1 100 0.75 7 1206 260 260 188 146 149 118 66
3 3 5 1 100 0.75 7 1207 267 260 189 149 152 121 69
3 3 5 1 100 0.75 7 1208 274 261 191 154 154 123 72
3 3 5 1 100 0.75 7 1209 278 259 188 156 159 128 70
3 3 5 1 100 0.75 7 1210 282 262 190 160 159 128 75
3 3 5 1 100 0.75 7 1211 284 263 197 162 161 130 76
3 3 5 1 100 0.75 7 1212 285 261 187 160 166 135 75
3 3 5 1 100 0.75 7 1213 290 259 188 157 171 140 74
3 3 5 1 100 0.75 7 1214 295 258 180 158 175 144 76
3 3 5 1 100 0.75 7 1215 299 254 185 157 182 151 73
3 3 5 1 100 0.75 7 1216 302 254 184 159 185 154 77
3 3 5 1 100 0.75 7 1217 307 254 174 160 187 157 74
3 3 5 1 100 0.75 7 1218 310 253 174 161 191 161 73
3 3 5 1 100 0.75 7 1219 316 251 171 161 196 166 71
3 3 5 1 100 0.75 7 1220 322 250 160 164 200 170 68
3 3 5 1 100 0.75 7 1221 325 250 165 169 203 173 68
3 3 5 1 100 0.75 7 1222 331 249 171 168 206 177 73
3 3 5 1 100 0.75 7 1223 336 247 160 169 211 182 68
3 3 5 1 100 0.75 7 1224 336 248 161 172 213 184 68
3 3 5 1 100 0.75 7 1225 337 243 161 164 221 192 66
3 3 5 1 100 0.75 7 1226 345 242 161 161 225 196 67
3 3 5 1 100 0.75 7 1227 351 241 153 165 229 200 69
3 3 5 1 100 0.75 7 1228 355 240 158 167 233 204 66
3 3 5 1 100 0.75 7 1229 361 237 146 165 239 210 64
3 3 5 1 100 0.75 7 1230 365 237 153 170 242 213 64
3 3 5 1 100 0.75 7 1230 365 237 237 170 302 213 64
3 3 5 1 100 0.75 7 1260 365 237 237 170 33 213 64
3 3 5 1 100 0.75 8 1261 0 3 3 0 33 0 0
3 3 5 1 100 0.75 8 1262 0 6 6 0 33 0 0
3 3 5 1 100 0.75 8 1263 0 9 9 0 33 0 0
3 3 5 1 100 0.75 8 1264 0 12 12 0 33 0 0
3 3 5 1 100 0.75 8 1265 0 15 15 0 33 0 0
3 3 5 1 100 0.75 8 1266 0 18 18 0 33 0 0
3 3 5 1 100 0.75 8 1267 0 21 21 0 33 0 0
3 3 5 1 100 0.75 8 1268 0 24 24 0 33 0 0
3 3 5 1 100 0.75 8 1269 0 27 27 0 33 0 0
3 3 5 1 100 0.75 8 1270 0 30 30 0 33 0 0
3 3 5 1 100 0.75 8 1271 0 33 32 0 33 0 0
3 3 5 1 100 0.75 8 1272 0 36 36 0 33 0 0
3 3 5 1 100 0.75 8 1273 0 39 37 0 33 0 0
3 3 5 1 100 0.75 8 1274 1 42 40 0 33 0 0
3 3 5 1 100 0.75 8 1275 1 45 44 1 33 0 0
3 3 5 1 100 0.75 8 1276 2 48 46 1 33 0 0
3 3 5 1 100 0.75 8 1277 3 51 48 2 33 0 0
3 3 5 1 100 0.75 8 1278 4 54 50 3 33 0 0
3 3 5 1 100 0.75 8 1279 5 57 51 4 33 0 0
3 3 5 1 100 0.75 8 1280 5 60 55 5 33 0 0
3 3 5 1 100 0.75 8 1281 7 63 56 5 33 0 0
3 3 5 1 100 0.75 8 1282 7 66 60 7 33 0 1
3 3 5 1 100 0.75 8 1283 7 69 63 7 33 0 1
3 3 5 1 100 0.75 8 1284 7 72 66 7 33 0 1
3 3 5 1 100 0.75 8 1285 8 75 69 7 33 0 1
3 3 5 1 100 0.75 8 1286 9 78 73 8 33 0 3
3 3 5 1 100 0.75 8 1287 10 81 75 9 32 0 3
3 3 5 1 100 0.75 8 1288 11 84 79 10 31 0 4
3 3 5 1 100 0.75 8 1289 12 87 82 11 31 0 5
3 3 5 1 100 0.75 8 1290 12 90 83 12 31 0 5
3 3 5 1 100 0.75 8 1291 14 93 85 12 31 0 5
3 3 5 1 100 0.75 8 1292 14 96 87 14 31 0 5
3 3 5 1 100 0.75 8 1293 14 99 92 14 31 0 6
3 3 5 1 100 0.75 8 1294 14 102 94 14 31 0 6
3 3 5 1 100 0.75 8 1295 16 105 98 14 31 0 7
3 3 5 1 100 0.75 8 1296 17 108 102 16 31 0 9
3 3 5 1 100 0.75 8 1297 18 111 104 17 31 0 9
3 3 5 1 100 0.75 8 1298 20 114 107 18 31 0 11
3 3 5 1 100 0.75 8 1299 22 117 109 20 31 0 11
3 3 5 1 100 0.75 8 1300 23 119 109 21 32 1 10
3 3 5 1 100 0.75 8 1301 23 121 112 21 33 2 9
3 3 5 1 100 0.75 8 1302 23 124 116 21 33 2 9
3 3 5 1 100 0.75 8 1303 27 127 116 21 33 2 10
3 3 5 1 100 0.75 8 1304 28 130 119 25 33 2 11
3 3 5 1 100 0.75 8 1305 28 133 122 26 33 2 11
3 3 5 1 100 0.75 8 1306 28 134 124 24 35 4 11
3 3 5 1 100 0.75 8 1307 29 137 124 24 35 4 13
3 3 5 1 100 0.75 8 1308 29 139 130 24 36 5 13
3 3 5 1 100 0.75 8 1309 31 141 128 23 37 6 12
3 3 5 1 100 0.75 8 1310 36 144 130 25 37 6 14
3 3 5 1 100 0.75 8 1311 38 147 129 30 37 6 15
3 3 5 1 100 0.75 8 1312 40 149 131 31 38 7 14
3 3 5 1 100 0.75 8 1313 42 151 133 32 39 8 13
3 3 5 1 100 0.75 8 1314 42 153 134 33 40 9 12
3 3 5 1 100 0.75 8 1315 45 155 136 32 41 10 11
3 3 5 1 100 0.75 8 1316 45 158 140 35 41 10 12
3 3 5 1 100 0.75 8 1317 47 160 142 34 42 11 13
3 3 5 1 100 0.75 8 1318 49 163 145 36 42 11 15
3 3 5 1 100 0.75 8 1319 50 166 150 38 42 11 17
3 3 5 1 100 0.75 8 1320 54 169 151 39 42 11 18
3 3 5 1 100 0.75 8 1321 58 171 148 42 43 12 18
3 3 5 1 100 0.75 8 1322 59 173 150 45 44 13 19
3 3 5 1 100 0.75 8 1323 60 175 154 45 45 14 19
3 3 5 1 100 0.75 8 1324 61 178 154 46 45 14 19
3 3 5 1 100 0.75 8 1325 62 179 154 45 47 16 17
3 3 5 1 100 0.75 8 1326 66 179 151 43 50 19 16
3 3 5 1 100 0.75 8 1327 68 181 158 46 51 20 19
3 3 5 1 100 0.75 8 1328 69 184 160 48 51 20 21
3 3 5 1 100 0.75 8 1329 70 186 163 48 52 21 22
3 3 5 1 100 0.75 8 1330 74 189 163 49 52 21 23
3 3 5 1 100 0.75 8 1331 77 192 166 53 52 21 24
3 3 5 1 100 0.75 8 1332 77 195 172 56 52 21 26
3 3 5 1 100 0.75 8 1333 79 196 173 54 54 23 27
3 3 5 1 100 0.75 8 1334 80 199 174 56 54 23 28
3 3 5 1 100 0.75 8 1335 82 201 176 56 55 24 29
3 3 5 1 100 0.75 8 1336 85 202 175 56 56 26 27
3 3 5 1 100 0.75 8 1337 87 204 179 58 57 27 28
3 3 5 1 100 0.75 8 1338 87 205 180 58 59 29 29
3 3 5 1 100 0.75 8 1339 88 208 186 58 59 29 31
3 3 5 1 100 0.75 8 1340 91 210 185 58 59 30 31
3 3 5 1 100 0.75 8 1341 94 212 188 60 60 31 32
3 3 5 1 100 0.75 8 1342 98 210 183 58 65 36 27
3 3 5 1 100 0.75 8 1343 101 212 186 61 66 37 28
3 3 5 1 100 0.75 8 1344 103 215 189 64 66 37 29
3 3 5 1 100 0.75 8 1345 107 218 185 66 66 37 30
3 3 5 1 100 0.75 8 1346 112 217 182 66 70 41 26
3 3 5 1 100 0.75 8 1347 117 217 180 68 73 44 26
3 3 5 1 100 0.75 8 1348 118 219 179 72 74 45 25
3 3 5 1 100 0.75 8 1349 122 222 183 73 74 45 30
3 3 5 1 100 0.75 8 1350 126 224 181 78 75 46 32
3 3 5 1 100 0.75 8 1351 131 224 181 79 78 49 31
3 3 5 1 100 0.75 8 1352 132 226 182 83 79 50 31
3 3 5 1 100 0.75 8 1353 135 227 189 82 81 52 32
3 3 5 1 100 0.75 8 1354 137 230 191 85 81 52 35
3 3 5 1 100 0.75 8 1355 142 230 191 84 84 55 34
3 3 5 1 100 0.75 8 1356 145 232 190 88 85 56 37
3 3 5 1 100 0.75 8 1357 151 232 189 88 88 59 36
3 3 5 1 100 0.75 8 1358 155 231 188 90 92 63 35
3 3 5 1 100 0.75 8 1359 159 234 190 95 92 63 37
3 3 5 1 100 0.75 8 1360 162 237 190 99 92 63 39
3 3 5 1 100 0.75 8 1361 163 239 195 101 93 64 40
3 3 5 1 100 0.75 8 1362 172 240 190 100 95 66 40
3 3 5 1 100 0.75 8 1363 174 243 196 109 95 66 43
3 3 5 1 100 0.75 8 1364 175 240 192 105 101 72 40
3 3 5 1 100 0.75 8 1365 183 240 190 103 104 75 41
3 3 5 1 100 0.75 8 1366 186 243 199 111 104 75 46
3 3 5 1 100 0.75 8 1367 188 245 198 113 105 76 48
3 3 5 1 100 0.75 8 1368 190 247 199 114 106 77 47
3 3 5 1 100 0.75 8 1369 195 247 198 113 109 80 47
3 3 5 1 100 0.75 8 1370 205 246 195 114 113 84 49
3 3 5 1 100 0.75 8 1371 208 248 190 123 114 85 48
3 3 5 1 100 0.75 8 1372 212 251 197 127 114 85 53
3 3 5 1 100 0.75 8 1373 218 252 194 129 116 87 55
3 3 5 1 100 0.75 8 1374 223 250 195 130 121 92 51
3 3 5 1 100 0.75 8 1375 223 251 193 133 123 94 50
3 3 5 1 100 0.75 8 1376 227 249 197 128 128 99 46
3 3 5 1 100 0.75 8 1377 230 251 193 131 129 100 51
3 3 5 1 100 0.75 8 1378 239 252 196 132 131 102 52
3 3 5 1 100 0.75 8 1379 241 251 193 137 135 106 51
3 3 5 1 100 0.75 8 1380 245 251 189 136 138 109 52
3 3 5 1 100 0.75 8 1381 250 251 192 137 141 112 54
3 3 5 1 100 0.75 8 1382 257 252 189 140 143 114 54
3 3 5 1 100 0.75 8 1383 261 251 187 143 147 118 50
3 3 5 1 100 0.75 8 1384 263 252 194 146 149 120 53
3 3 5 1 100 0.75 8 1385 267 249 181 142 155 126 53
3 3 5 1 100 0.75 8 1386 271 252 192 147 155 126 55
3 3 5 1 100 0.75 8 1387 274 253 184 149 157 128 53
3 3 5 1 100 0.75 8 1388 276 252 186 148 161 132 51
3 3 5 1 100 0.75 8 1389 285 251 182 147 164 136 52
3 3 5 1 100 0.75 8 1390 290 251 178 156 167 139 53
3 3 5 1 100 0.75 8 1391 293 251 181 158 170 142 52
3 3 5 1 100 0.75 8 1392 296 251 183 158 173 145 52
3 3 5 1 100 0.75 8 1393 300 254 186 161 173 145 54
3 3 5 1 100 0.75 8 1394 307 250 177 158 180 152 50
3 3 5 1 100 0.75 8 1395 312 247 172 159 186 158 46
3 3 5 1 100 0.75 8 1396 318 246 171 160 190 162 53
3 3 5 1 100 0.75 8 1397 323 246 169 163 193 165 57
3 3 5 1 100 0.75 8 1398 326 249 176 168 193 165 58
3 3 5 1 100 0.75 8 1399 331 250 171 173 195 167 60
3 3 5 1 100 0.75 8 1400 335 252 170 177 196 168 61
3 3 5 1 100 0.75 8 1401 343 251 167 177 200 172 60
3 3 5 1 100 0.75 8 1402 347 250 165 181 204 176 57
3 3 5 1 100 0.75 8 1403 354 251 162 183 206 178 62
3 3 5 1 100 0.75 8 1404 355 253 176 189 207 179 63
3 3 5 1 100 0.75 8 1405 357 251 176 185 212 184 61
3 3 5 1 100 0.75 8 1406 360 250 176 184 216 188 61
3 3 5 1 100 0.75 8 1407 367 250 168 184 219 191 61
3 3 5 1 100 0.75 8 1408 369 249 172 187 223 195 64
3 3 5 1 100 0.75 8 1409 370 249 172 186 226 198 62
3 3 5 1 100 0.75 8 1410 375 250 174 187 227 200 64
3 3 5 1 100 0.75 8 1410 375 250 250 187 284 200 64
3 3 5 1 100 0.75 8 1440 375 250 250 187 33 200 64
3 3 5 1 100 0.75 9 1441 0 3 3 0 33 0 0
3 3 5 1 100 0.75 9 1442 0 6 6 0 33 0 0
3 3 5 1 100 0.75 9 1443 0 9 9 0 33 0 0
3 3 5 1 100 0.75 9 1444 0 12 12 0 33 0 0
3 3 5 1 100 0.75 9 1445 0 15 15 0 33 0 0
3 3 5 1 100 0.75 9 1446 0 18 18 0 33 0 0
3 3 5 1 100 0.75 9 1447 0 21 21 0 33 0 0
3 3 5 1 100 0.75 9 1448 0 24 24 0 33 0 0
3 3 5 1 100 0.75 9 1449 0 27 27 0 33 0 0
3 3 5 1 100 0.75 9 1450 0 30 30 0 33 0 0
3 3 5 1 100 0.75 9 1451 0 33 33 0 33 0 0
3 3 5 1 100 0.75 9 1452 0 36 36 0 33 0 0
3 3 5 1 100 0.75 9 1453 0 39 39 0 33 0 0
3 3 5 1 100 0.75 9 1454 1 42 41 0 33 0 0
3 3 5 1 100 0.75 9 1455 2 45 42 1 33 0 0
3 3 5 1 100 0.75 9 1456 2 48 46 2 33 0 0
3 3 5 1 100 0.75 9 1457 4 51 47 2 33 0 0
3 3 5 1 100 0.75 9 1458 4 54 50 4 33 0 0
3 3 5 1 100 0.75 9 1459 5 57 51 4 33 0 0
3 3 5 1 100 0.75 9 1460 6 60 53 5 33 0 0
3 3 5 1 100 0.75 9 1461 7 63 57 6 33 0 1
3 3 5 1 100 0.75 9 1462 7 66 60 7 33 0 1
3 3 5 1 100 0.75 9 1463 8 69 63 7 33 0 2
3 3 5 1 100 0.75 9 1464 9 72 66 8 33 0 4
3 3 5 1 100 0.75 9 1465 9 75 70 9 33 0 4
3 3 5 1 100 0.75 9 1466 9 78 73 9 33 0 5
3 3 5 1 100 0.75 9 1467 12 81 72 9 33 0 5
3 3 5 1 100 0.75 9 1468 13 84 77 12 33 0 5
3 3 5 1 100 0.75 9 1469 13 87 81 13 33 0 6
3 3 5 1 100 0.75 9 1470 14 90 84 13 33 0 6
3 3 5 1 100 0.75 9 1471 16 93 85 14 33 0 6
3 3 5 1 100 0.75 9 1472 16 96 88 16 33 0 6
3 3 5 1 100 0.75 9 1473 17 99 91 16 33 0 6
3 3 5 1 100 0.75 9 1474 18 102 95 17 33 0 8
3 3 5 1 100 0.75 9 1475 19 105 97 18 33 0 9
3 3 5 1 100 0.75 9 1476 20 108 101 19 33 0 9
3 3 5 1 100 0.75 9 1477 21 111 102 20 33 0 9
3 3 5 1 100 0.75 9 1478 24 113 104 20 34 1 9
3 3 5 1 100 0.75 9 1479 26 116 104 23 34 1 10
3 3 5 1 100 0.75 9 1480 26 119 110 25 34 1 10
3 3 5 1 100 0.75 9 1481 28 121 106 24 35 2 9
3 3 5 1 100 0.75 9 1482 29 123 111 25 36 3 9
3 3 5 1 100 0.75 9 1483 29 126 115 26 36 3 10
3 3 5 1 100 0.75 9 1484 32 128 115 25 37 4 10
3 3 5 1 100 0.75 9 1485 33 129 117 26 39 6 9
3 3 5 1 100 0.75 9 1486 34 132 119 27 39 6 11
3 3 5 1 100 0.75 9 1487 35 135 122 28 39 6 11
3 3 5 1 100 0.75 9 1488 37 138 125 29 39 6 12
3 3 5 1 100 0.75 9 1489 39 141 126 31 39 6 13
3 3 5 1 100 0.75 9 1490 42 143 128 32 40 7 13
3 3 5 1 100 0.75 9 1491 44 145 128 34 41 8 14
3 3 5 1 100 0.75 9 1492 45 147 131 35 42 9 14
3 3 5 1 100 0.75 9 1493 46 150 131 36 42 9 14
3 3 5 1 100 0.75 9 1494 47 152 135 36 43 10 14
3 3 5 1 100 0.75 9 1495 49 155 137 37 43 10 17
3 3 5 1 100 0.75 9 1496 49 158 144 39 43 10 18
3 3 5 1 100 0.75 9 1497 50 160 147 38 44 11 19
3 3 5 1 100 0.75 9 1498 51 163 151 39 44 11 20
3 3 5 1 100 0.75 9 1499 55 165 151 39 45 12 21
3 3 5 1 100 0.75 9 1500 56 167 152 42 46 13 21
3 3 5 1 100 0.75 9 1501 58 169 152 42 47 14 20
3 3 5 1 100 0.75 9 1502 62 170 152 42 49 16 20
3 3 5 1 100 0.75 9 1503 62 173 154 46 49 16 20
3 3 5 1 100 0.75 9 1504 64 176 156 46 49 16 20
3 3 5 1 100 0.75 9 1505 66 178 158 47 50 17 20
3 3 5 1 100 0.75 9 1506 70 180 158 48 51 18 21
3 3 5 1 100 0.75 9 1507 72 183 162 52 51 18 23
3 3 5 1 100 0.75 9 1508 74 185 161 53 52 19 23
3 3 5 1 100 0.75 9 1509 75 185 165 52 55 22 22
3 3 5 1 100 0.75 9 1510 76 187 164 52 56 23 23
3 3 5 1 100 0.75 9 1511 78 188 165 51 58 25 22
3 3 5 1 100 0.75 9 1512 83 190 164 52 59 26 23
3 3 5 1 100 0.75 9 1513 88 192 165 56 59 27 23
3 3 5 1 100 0.75 9 1514 89 194 170 60 60 28 26
3 3 5 1 100 0.75 9 1515 90 193 169 57 64 32 23
3 3 5 1 100 0.75 9 1516 93 196 170 58 64 32 25
3 3 5 1 100 0.75 9 1517 95 197 168 59 66 34 23
3 3 5 1 100 0.75 9 1518 96 199 169 60 67 35 22
3 3 5 1 100 0.75 9 1519 99 202 174 62 67 35 25
3 3 5 1 100 0.75 9 1520 102 204 178 64 68 36 30
3 3 5 1 100 0.75 9 1521 105 207 178 69 68 36 31
3 3 5 1 100 0.75 9 1522 107 209 179 71 69 37 31
3 3 5 1 100 0.75 9 1523 111 210 178 71 71 39 31
3 3 5 1 100 0.75 9 1524 115 213 180 75 71 39 32
3 3 5 1 100 0.75 9 1525 116 215 182 78 72 40 33
3 3 5 1 100 0.75 9 1526 118 216 185 77 74 42 33
3 3 5 1 100 0.75 9 1527 121 217 182 77 76 44 35
3 3 5 1 100 0.75 9 1528 127 219 185 79 76 45 35
3 3 5 1 100 0.75 9 1529 129 220 184 83 77 47 34
3 3 5 1 100 0.75 9 1530 133 220 179 82 80 50 34
3 3 5 1 100 0.75 9 1531 136 221 186 84 82 52 33
3 3 5 1 100 0.75 9 1532 138 222 185 85 84 54 34
3 3 5 1 100 0.75 9 1533 140 225 186 87 84 54 34
3 3 5 1 100 0.75 9 1534 141 225 191 87 87 57 35
3 3 5 1 100 0.75 9 1535 145 226 190 86 89 59 37
3 3 5 1 100 0.75 9 1536 149 229 193 90 89 59 39
3 3 5 1 100 0.75 9 1537 151 230 192 92 91 61 40
3 3 5 1 100 0.75 9 1538 155 229 191 90 95 65 37
3 3 5 1 100 0.75 9 1539 158 229 191 91 98 68 36
3 3 5 1 100 0.75 9 1540 160 230 190 92 100 70 35
3 3 5 1 100 0.75 9 1541 162 232 190 94 101 71 36
3 3 5 1 100 0.75 9 1542 165 235 191 97 101 71 38
3 3 5 1 100 0.75 9 1543 166 235 198 97 104 74 38
3 3 5 1 100 0.75 9 1544 170 237 194 97 105 75 41
3 3 5 1 100 0.75 9 1545 175 237 194 98 108 78 39
3 3 5 1 100 0.75 9 1546 181 238 189 101 110 80 41
3 3 5 1 100 0.75 9 1547 186 239 188 105 112 82 40
3 3 5 1 100 0.75 9 1548 189 239 189 107 115 85 42
3 3 5 1 100 0.75 9 1549 197 242 193 110 114 85 44
3 3 5 1 100 0.75 9 1550 200 243 189 116 116 87 44
3 3 5 1 100 0.75 9 1551 203 241 189 114 121 92 40
3 3 5 1 100 0.75 9 1552 206 244 188 117 121 92 45
3 3 5 1 100 0.75 9 1553 212 245 194 118 123 94 47
3 3 5 1 100 0.75 9 1554 220 244 187 120 127 98 49
3 3 5 1 100 0.75 9 1555 226 244 186 125 130 101 50
3 3 5 1 100 0.75 9 1556 236 246 185 130 131 102 54
3 3 5 1 100 0.75 9 1557 240 246 183 137 134 105 54
3 3 5 1 100 0.75 9 1558 247 247 181 139 136 107 56
3 3 5 1 100 0.75 9 1559 250 250 186 146 136 107 57
3 3 5 1 100 0.75 9 1560 254 249 179 145 140 111 55
3 3 5 1 100 0.75 9 1561 259 249 183 146 143 114 60
3 3 5 1 100 0.75 9 1562 264 249 181 148 145 117 60
3 3 5 1 100 0.75 9 1563 267 249 185 151 148 120 67
3 3 5 1 100 0.75 9 1564 276 249 185 151 151 123 68
3 3 5 1 100 0.75 9 1565 282 249 182 157 154 126 70
3 3 5 1 100 0.75 9 1566 287 251 177 162 155 127 73
3 3 5 1 100 0.75 9 1567 291 254 181 169 155 127 76
3 3 5 1 100 0.75 9 1568 295 255 186 171 157 129 77
3 3 5 1 100 0.75 9 1569 298 252 179 169 163 135 75
3 3 5 1 100 0.75 9 1570 302 253 183 171 165 137 76
3 3 5 1 100 0.75 9 1571 306 250 178 169 170 143 75
3 3 5 1 100 0.75 9 1572 311 250 180 171 172 146 76
3 3 5 1 100 0.75 9 1573 316 248 179 171 176 151 77
3 3 5 1 100 0.75 9 1574 321 245 175 171 182 157 77
3 3 5 1 100 0.75 9 1575 326 244 168 172 186 161 75
3 3 5 1 100 0.75 9 1576 329 246 172 176 187 162 78
3 3 5 1 100 0.75 9 1577 332 246 167 176 190 165 77
3 3 5 1 100 0.75 9 1578 336 242 166 172 197 172 73
3 3 5 1 100 0.75 9 1579 338 244 170 175 197 173 78
3 3 5 1 100 0.75 9 1580 343 240 163 170 204 180 78
3 3 5 1 100 0.75 9 1581 352 238 162 171 209 185 77
3 3 5 1 100 0.75 9 1582 356 237 161 176 213 189 77
3 3 5 1 100 0.75 9 1583 361 233 149 173 220 196 72
3 3 5 1 100 0.75 9 1584 366 232 143 174 224 200 70
3 3 5 1 100 0.75 9 1585 369 230 142 174 229 205 66
3 3 5 1 100 0.75 9 1586 373 229 143 174 233 209 65
3 3 5 1 100 0.75 9 1587 377 226 142 172 239 215 61
3 3 5 1 100 0.75 9 1588 383 226 136 173 242 218 63
3 3 5 1 100 0.75 9 1589 387 222 134 172 249 225 60
3 3 5 1 100 0.75 9 1590 391 224 144 175 250 226 64
3 3 5 1 100 0.75 9 1590 391 224 224 175 307 226 64
3 3 5 1 100 0.75 9 1620 391 224 224 175 33 226 64
3 3 5 1 100 0.75 10 1621 0 3 3 0 33 0 0
3 3 5 1 100 0.75 10 1622 0 6 6 0 33 0 0
3 3 5 1 100 0.75 10 1623 0 9 9 0 33 0 0
3 3 5 1 100 0.75 10 1624 0 12 12 0 33 0 0
3 3 5 1 100 0.75 10 1625 0 15 15 0 33 0 0
3 3 5 1 100 0.75 10 1626 0 18 18 0 33 0 0
3 3 5 1 100 0.75 10 1627 0 21 20 0 33 0 0
3 3 5 1 100 0.75 10 1628 0 24 23 0 33 0 0
3 3 5 1 100 0.75 10 1629 1 27 25 0 33 0 0
3 3 5 1 100 0.75 10 1630 3 30 27 1 33 0 0
3 3 5 1 100 0.75 10 1631 3 33 30 3 33 0 0
3 3 5 1 100 0.75 10 1632 3 36 33 3 33 0 0
3 3 5 1 100 0.75 10 1633 4 39 35 3 33 0 0
3 3 5 1 100 0.75 10 1634 4 42 38 4 33 0 0
3 3 5 1 100 0.75 10 1635 4 45 41 4 33 0 0
3 3 5 1 100 0.75 10 1636 6 48 43 4 33 0 1
3 3 5 1 100 0.75 10 1637 6 51 47 6 33 0 3
3 3 5 1 100 0.75 10 1638 6 54 49 6 33 0 3
3 3 5 1 100 0.75 10 1639 8 57 52 6 33 0 3
3 3 5 1 100 0.75 10 1640 8 60 54 8 33 0 4
3 3 5 1 100 0.75 10 1641 8 63 58 8 33 0 4
3 3 5 1 100 0.75 10 1642 8 66 61 8 33 0 4
3 3 5 1 100 0.75 10 1643 8 69 64 8 33 0 4
3 3 5 1 100 0.75 10 1644 8 72 69 8 33 0 6
3 3 5 1 100 0.75 10 1645 8 75 70 8 33 0 6
3 3 5 1 100 0.75 10 1646 9 78 76 8 33 0 8
3 3 5 1 100 0.75 10 1647 11 81 77 9 33 0 8
3 3 5 1 100 0.75 10 1648 11 84 81 11 33 0 8
3 3 5 1 100 0.75 10 1649 12 87 82 11 33 0 8
3 3 5 1 100 0.75 10 1650 12 90 82 12 33 0 8
3 3 5 1 100 0.75 10 1651 13 93 87 12 33 0 8
3 3 5 1 100 0.75 10 1652 13 96 89 13 33 0 8
3 3 5 1 100 0.75 10 1653 13 99 94 13 33 0 8
3 3 5 1 100 0.75 10 1654 15 101 97 12 34 1 9
3 3 5 1 100 0.75 10 1655 16 102 95 12 36 3 7
3 3 5 1 100 0.75 10 1656 16 105 101 13 36 3 7
3 3 5 1 100 0.75 10 1657 18 107 100 12 37 4 6
3 3 5 1 100 0.75 10 1658 19 110 102 14 37 4 6
3 3 5 1 100 0.75 10 1659 20 112 105 14 38 5 6
3 3 5 1 100 0.75 10 1660 20 115 108 15 38 5 6
3 3 5 1 100 0.75 10 1661 22 118 108 15 38 5 6
3 3 5 1 100 0.75 10 1662 22 121 114 17 38 5 8
3 3 5 1 100 0.75 10 1663 22 122 115 15 40 7 6
3 3 5 1 100 0.75 10 1664 24 125 116 15 40 7 6
3 3 5 1 100 0.75 10 1665 24 127 120 16 41 8 7
3 3 5 1 100 0.75 10 1666 27 130 120 16 41 8 8
3 3 5 1 100 0.75 10 1667 28 133 123 19 41 8 8
3 3 5 1 100 0.75 10 1668 28 136 126 20 41 8 8
3 3 5 1 100 0.75 10 1669 29 139 128 20 41 8 10
3 3 5 1 100 0.75 10 1670 29 142 132 21 41 8 10
3 3 5 1 100 0.75 10 1671 32 145 135 21 41 8 12
3 3 5 1 100 0.75 10 1672 33 148 136 24 41 8 12
3 3 5 1 100 0.75 10 1673 34 150 139 24 42 9 12
3 3 5 1 100 0.75 10 1674 35 152 140 24 43 10 11
3 3 5 1 100 0.75 10 1675 35 154 141 24 44 11 11
3 3 5 1 100 0.75 10 1676 36 157 142 24 44 11 11
3 3 5 1 100 0.75 10 1677 40 159 143 24 45 12 11
3 3 5 1 100 0.75 10 1678 40 161 146 27 46 13 11
3 3 5 1 100 0.75 10 1679 40 164 152 27 46 13 14
3 3 5 1 100 0.75 10 1680 40 167 157 27 46 13 15
3 3 5 1 100 0.75 10 1681 44 169 153 26 47 14 14
3 3 5 1 100 0.75 10 1682 47 172 156 31 47 14 15
3 3 5 1 100 0.75 10 1683 48 174 157 33 48 15 14
3 3 5 1 100 0.75 10 1684 51 177 158 34 48 15 15
3 3 5 1 100 0.75 10 1685 52 179 160 36 49 16 17
3 3 5 1 100 0.75 10 1686 54 178 159 33 53 20 13
3 3 5 1 100 0.75 10 1687 55 181 160 35 53 20 13
3 3 5 1 100 0.75 10 1688 57 184 165 36 53 20 16
3 3 5 1 100 0.75 10 1689 57 187 169 38 53 20 19
3 3 5 1 100 0.75 10 1690 59 189 170 37 54 21 21
3 3 5 1 100 0.75 10 1691 62 192 171 39 54 21 23
3 3 5 1 100 0.75 10 1692 65 195 176 42 54 21 25
3 3 5 1 100 0.75 10 1693 68 196 174 43 56 23 23
3 3 5 1 100 0.75 10 1694 71 198 175 45 57 24 24
3 3 5 1 100 0.75 10 1695 75 199 176 46 59 26 23
3 3 5 1 100 0.75 10 1696 78 201 173 49 60 27 23
3 3 5 1 100 0.75 10 1697 80 204 176 52 60 27 23
3 3 5 1 100 0.75 10 1698 84 206 177 53 61 28 25
3 3 5 1 100 0.75 10 1699 84 208 180 56 62 29 25
3 3 5 1 100 0.75 10 1700 85 209 183 54 64 31 24
3 3 5 1 100 0.75 10 1701 87 211 185 54 65 32 27
3 3 5 1 100 0.75 10 1702 88 213 186 55 66 33 29
3 3 5 1 100 0.75 10 1703 90 215 194 55 67 34 30
3 3 5 1 100 0.75 10 1704 93 217 195 56 68 35 32
3 3 5 1 100 0.75 10 1705 98 219 193 58 69 36 33
3 3 5 1 100 0.75 10 1706 101 221 195 62 70 37 33
3 3 5 1 100 0.75 10 1707 102 220 192 61 74 41 29
3 3 5 1 100 0.75 10 1708 108 222 189 61 75 42 30
3 3 5 1 100 0.75 10 1709 109 224 189 67 76 43 30
3 3 5 1 100 0.75 10 1710 111 226 195 67 77 44 32
3 3 5 1 100 0.75 10 1711 112 226 191 66 80 47 30
3 3 5 1 100 0.75 10 1712 116 228 196 66 81 48 33
3 3 5 1 100 0.75 10 1713 117 231 198 71 81 48 34
3 3 5 1 100 0.75 10 1714 120 232 203 70 83 50 35
3 3 5 1 100 0.75 10 1715 121 234 204 73 84 51 39
3 3 5 1 100 0.75 10 1716 123 235 204 72 86 53 38
3 3 5 1 100 0.75 10 1717 124 236 206 72 88 55 36
3 3 5 1 100 0.75 10 1718 129 236 201 70 91 58 33
3 3 5 1 100 0.75 10 1719 134 237 202 73 93 60 33
3 3 5 1 100 0.75 10 1720 139 239 199 77 94 61 35
3 3 5 1 100 0.75 10 1721 143 237 195 77 99 66 31
3 3 5 1 100 0.75 10 1722 145 237 194 78 102 69 31
3 3 5 1 100 0.75 10 1723 146 240 200 80 102 69 33
3 3 5 1 100 0.75 10 1724 147 241 195 80 104 71 31
3 3 5 1 100 0.75 10 1725 149 244 199 82 104 71 33
3 3 5 1 100 0.75 10 1726 150 247 205 84 104 71 38
3 3 5 1 100 0.75 10 1727 155 247 205 82 107 74 38
3 3 5 1 100 0.75 10 1728 160 248 208 85 109 76 39
3 3 5 1 100 0.75 10 1729 168 248 197 88 112 79 38
3 3 5 1 100 0.75 10 1730 171 247 194 93 116 83 36
3 3 5 1 100 0.75 10 1731 174 250 198 96 116 83 38
3 3 5 1 100 0.75 10 1732 178 250 195 96 119 86 37
3 3 5 1 100 0.75 10 1733 182 253 197 101 119 86 38
3 3 5 1 100 0.75 10 1734 187 253 191 102 122 89 39
3 3 5 1 100 0.75 10 1735 194 254 198 105 124 91 41
3 3 5 1 100 0.75 10 1736 197 256 197 111 125 92 43
3 3 5 1 100 0.75 10 1737 201 259 204 114 125 92 50
3 3 5 1 100 0.75 10 1738 205 260 202 116 127 94 51
3 3 5 1 100 0.75 10 1739 208 260 204 117 130 97 51
3 3 5 1 100 0.75 10 1740 215 260 203 117 133 100 52
3 3 5 1 100 0.75 10 1741 218 261 202 122 135 102 50
3 3 5 1 100 0.75 10 1742 222 260 205 121 139 106 53
3 3 5 1 100 0.75 10 1743 226 260 206 122 142 109 53
3 3 5 1 100 0.75 10 1744 231 262 203 125 143 110 57
3 3 5 1 100 0.75 10 1745 235 263 199 129 145 112 55
3 3 5 1 100 0.75 10 1746 240 263 205 130 148 115 54
3 3 5 1 100 0.75 10 1747 245 264 204 133 150 117 59
3 3 5 1 100 0.75 10 1748 253 265 204 137 152 119 59
3 3 5 1 100 0.75 10 1749 256 266 200 143 154 121 60
3 3 5 1 100 0.75 10 1750 260 265 201 142 158 125 58
3 3 5 1 100 0.75 10 1751 263 267 204 145 159 126 62
3 3 5 1 100 0.75 10 1752 270 265 199 143 164 131 60
3 3 5 1 100 0.75 10 1753 273 265 201 147 166 134 61
3 3 5 1 100 0.75 10 1754 283 263 195 145 171 139 62
3 3 5 1 100 0.75 10 1755 291 258 176 147 179 147 57
3 3 5 1 100 0.75 10 1756 297 258 178 155 181 150 58
3 3 5 1 100 0.75 10 1757 302 259 177 159 183 152 61
3 3 5 1 100 0.75 10 1758 310 260 171 162 185 154 63
3 3 5 1 100 0.75 10 1759 312 260 183 167 188 157 64
3 3 5 1 100 0.75 10 1760 319 262 178 168 189 158 68
3 3 5 1 100 0.75 10 1761 329 261 168 172 193 162 66
3 3 5 1 100 0.75 10 1762 336 261 176 179 196 165 70
3 3 5 1 100 0.75 10 1763 343 261 173 183 199 168 75
3 3 5 1 100 0.75 10 1764 351 261 163 187 202 171 75
3 3 5 1 100 0.75 10 1765 356 262 172 193 203 173 80
3 3 5 1 100 0.75 10 1766 358 259 163 192 209 179 76
3 3 5 1 100 0.75 10 1767 364 260 167 192 210 181 79
3 3 5 1 100 0.75 10 1768 371 258 166 193 215 186 78
3 3 5 1 100 0.75 10 1769 374 257 162 198 219 190 78
3 3 5 1 100 0.75 10 1770 379 255 168 196 224 195 82
3 3 5 1 100 0.75 10 1770 379 255 255 196 294 195 82
3 3 5 1 100 0.75 10 1800 379 255 255 196 33 195 82
