15 10 5 1 100 0.75 1 1 0 15 15 0 100 0 0
15 10 5 1 100 0.75 1 2 0 30 30 0 100 0 0
15 10 5 1 100 0.75 1 3 0 45 45 0 100 0 0
15 10 5 1 100 0.75 1 4 0 60 60 0 100 0 0
15 10 5 1 100 0.75 1 5 0 75 75 0 100 0 0
15 10 5 1 100 0.75 1 6 0 90 90 0 100 0 0
15 10 5 1 100 0.75 1 7 0 105 104 0 100 0 0
15 10 5 1 100 0.75 1 8 0 120 119 0 100 0 0
15 10 5 1 100 0.75 1 9 1 135 132 0 100 0 0
15 10 5 1 100 0.75 1 10 4 150 146 1 100 0 0
15 10 5 1 100 0.75 1 11 10 165 153 4 100 0 0
15 10 5 1 100 0.75 1 12 14 180 164 10 100 0 0
15 10 5 1 100 0.75 1 13 14 195 180 14 100 0 0
15 10 5 1 100 0.75 1 14 20 210 189 14 100 0 0
15 10 5 1 100 0.75 1 15 23 225 200 20 100 0 0
15 10 5 1 100 0.75 1 16 30 240 205 23 100 0 0
15 10 5 1 100 0.75 1 17 34 255 221 30 100 0 0
15 10 5 1 100 0.75 1 18 38 270 232 34 100 0 3
15 10 5 1 100 0.75 1 19 42 285 254 38 100 0 7
15 10 5 1 100 0.75 1 20 43 300 267 42 100 0 9
15 10 5 1 100 0.75 1 21 48 315 281 43 100 0 11
15 10 5 1 100 0.75 1 22 54 330 288 48 100 0 15
15 10 5 1 100 0.75 1 23 62 345 301 54 100 0 21
15 10 5 1 100 0.75 1 24 66 360 319 62 100 0 24
15 10 5 1 100 0.75 1 25 70 375 329 66 100 0 26
15 10 5 1 100 0.75 1 26 75 390 343 70 100 0 29
15 10 5 1 100 0.75 1 27 82 405 350 75 100 0 31
15 10 5 1 100 0.75 1 28 90 420 365 82 100 0 36
15 10 5 1 100 0.75 1 29 95 435 383 90 100 0 39
15 10 5 1 100 0.75 1 30 103 450 390 95 100 0 43
15 10 5 1 100 0.75 1 31 112 465 403 103 100 0 49
15 10 5 1 100 0.75 1 32 115 480 421 112 100 0 50
15 10 5 1 100 0.75 1 33 122 494 429 114 101 1 53
15 10 5 1 100 0.75 1 34 131 509 445 121 101 1 56
15 10 5 1 100 0.75 1 35 138 524 464 130 101 1 65
15 10 5 1 100 0.75 1 36 147 535 468 133 105 5 66
15 10 5 1 100 0.75 1 37 151 549 484 141 106 6 68
15 10 5 1 100 0.75 1 38 161 559 490 140 111 11 66
15 10 5 1 100 0.75 1 39 169 569 497 145 116 16 68
15 10 5 1 100 0.75 1 40 177 580 503 149 120 20 68
15 10 5 1 100 0.75 1 41 184 593 516 155 122 22 72
15 10 5 1 100 0.75 1 42 195 606 520 160 124 24 73
15 10 5 1 100 0.75 1 43 205 620 541 170 125 25 81
15 10 5 1 100 0.75 1 44 214 632 546 177 128 28 82
15 10 5 1 100 0.75 1 45 225 643 554 182 132 32 87
15 10 5 1 100 0.75 1 46 236 652 557 187 138 38 87
15 10 5 1 100 0.75 1 47 248 663 564 194 142 42 90
15 10 5 1 100 0.75 1 48 252 675 575 203 145 45 90
15 10 5 1 100 0.75 1 49 264 687 585 204 147 48 100
15 10 5 1 100 0.75 1 50 278 698 594 212 151 52 104
15 10 5 1 100 0.75 1 51 289 709 595 222 155 56 101
15 10 5 1 100 0.75 1 52 309 718 597 229 161 62 102
15 10 5 1 100 0.75 1 53 322 729 601 246 165 66 103
15 10 5 1 100 0.75 1 54 332 737 608 252 172 73 105
15 10 5 1 100 0.75 1 55 341 747 620 257 177 78 107
15 10 5 1 100 0.75 1 56 351 758 630 265 181 82 109
15 10 5 1 100 0.75 1 57 362 766 633 268 188 89 110
15 10 5 1 100 0.75 1 58 382 778 632 280 191 92 120
15 10 5 1 100 0.75 1 59 400 788 643 296 196 97 128
15 10 5 1 100 0.75 1 60 416 797 642 310 202 103 128
15 10 5 1 100 0.75 1 61 428 805 641 321 209 110 129
15 10 5 1 100 0.75 1 62 444 810 648 327 219 120 129
15 10 5 1 100 0.75 1 63 457 821 657 340 223 124 134
15 10 5 1 100 0.75 1 64 469 831 655 351 228 129 137
15 10 5 1 100 0.75 1 65 490 836 662 355 237 139 146
15 10 5 1 100 0.75 1 66 509 847 659 374 241 143 159
15 10 5 1 100 0.75 1 67 527 859 674 391 244 146 172
15 10 5 1 100 0.75 1 68 540 866 669 409 252 154 173
15 10 5 1 100 0.75 1 69 556 871 666 417 262 164 176
15 10 5 1 100 0.75 1 70 565 883 670 438 265 167 183
15 10 5 1 100 0.75 1 71 579 895 672 446 268 170 186
15 10 5 1 100 0.75 1 72 592 902 693 460 276 178 191
15 10 5 1 100 0.75 1 73 610 906 685 466 287 189 197
15 10 5 1 100 0.75 1 74 625 912 679 485 296 198 205
15 10 5 1 100 0.75 1 75 638 922 679 504 301 203 217
15 10 5 1 100 0.75 1 76 662 924 673 508 314 216 218
15 10 5 1 100 0.75 1 77 673 928 659 532 325 227 224
15 10 5 1 100 0.75 1 78 687 935 666 541 333 235 227
15 10 5 1 100 0.75 1 79 701 942 671 551 341 243 235
15 10 5 1 100 0.75 1 80 715 948 667 566 350 252 240
15 10 5 1 100 0.75 1 81 732 955 664 581 358 260 256
15 10 5 1 100 0.75 1 82 745 954 651 597 373 276 254
15 10 5 1 100 0.75 1 83 765 954 646 603 388 291 260
15 10 5 1 100 0.75 1 84 780 954 640 621 403 306 265
15 10 5 1 100 0.75 1 85 788 950 629 632 421 325 257
15 10 5 1 100 0.75 1 86 802 956 630 646 429 334 273
15 10 5 1 100 0.75 1 87 808 960 621 663 440 345 274
15 10 5 1 100 0.75 1 88 826 966 615 675 449 354 295
15 10 5 1 100 0.75 1 89 834 965 607 694 464 369 296
15 10 5 1 100 0.75 1 90 845 965 595 700 479 384 306
15 10 5 1 100 0.75 1 91 856 966 591 706 493 398 309
15 10 5 1 100 0.75 1 92 866 969 594 728 504 409 324
15 10 5 1 100 0.75 1 93 872 964 579 733 519 425 329
15 10 5 1 100 0.75 1 94 881 964 577 739 534 440 332
15 10 5 1 100 0.75 1 95 888 968 573 753 545 451 339
15 10 5 1 100 0.75 1 96 897 963 550 757 562 468 343
15 10 5 1 100 0.75 1 97 902 954 542 760 586 492 339
15 10 5 1 100 0.75 1 98 908 954 527 768 600 507 341
15 10 5 1 100 0.75 1 99 914 956 531 777 613 520 352
15 10 5 1 100 0.75 1 100 917 948 503 773 636 543 339
15 10 5 1 100 0.75 1 101 919 942 495 768 656 564 334
15 10 5 1 100 0.75 1 102 923 939 497 767 674 582 334
15 10 5 1 100 0.75 1 103 929 936 479 766 692 600 339
15 10 5 1 100 0.75 1 104 932 936 461 772 706 615 346
15 10 5 1 100 0.75 1 105 936 938 452 775 718 628 346
15 10 5 1 100 0.75 1 106 940 936 455 778 735 645 345
15 10 5 1 100 0.75 1 107 947 925 449 769 761 671 337
15 10 5 1 100 0.75 1 108 951 917 432 768 784 694 327
15 10 5 1 100 0.75 1 109 953 907 408 762 809 719 314
15 10 5 1 100 0.75 1 110 954 902 408 763 829 739 304
15 10 5 1 100 0.75 1 111 957 899 391 756 847 757 308
15 10 5 1 100 0.75 1 112 959 890 379 755 871 781 296
15 10 5 1 100 0.75 1 113 964 887 359 753 888 799 294
15 10 5 1 100 0.75 1 114 967 881 367 748 909 820 287
15 10 5 1 100 0.75 1 115 970 879 353 757 925 837 285
15 10 5 1 100 0.75 1 116 970 874 351 753 945 857 281
15 10 5 1 100 0.75 1 117 973 870 327 747 963 876 272
15 10 5 1 100 0.75 1 118 974 860 321 738 988 901 255
15 10 5 1 100 0.75 1 119 975 861 325 739 1002 915 255
15 10 5 1 100 0.75 1 120 976 861 315 743 1016 930 254
15 10 5 1 100 0.75 1 121 979 859 312 741 1032 947 251
15 10 5 1 100 0.75 1 122 980 851 287 737 1054 970 243
15 10 5 1 100 0.75 1 123 980 854 296 739 1066 982 244
15 10 5 1 100 0.75 1 124 980 856 292 745 1077 995 237
15 10 5 1 100 0.75 1 125 980 859 287 744 1089 1007 243
15 10 5 1 100 0.75 1 126 980 862 279 749 1101 1019 245
15 10 5 1 100 0.75 1 127 980 862 283 751 1116 1034 237
15 10 5 1 100 0.75 1 128 980 857 276 744 1135 1054 231
15 10 5 1 100 0.75 1 129 980 859 276 748 1148 1067 235
15 10 5 1 100 0.75 1 130 980 858 241 747 1164 1083 233
15 10 5 1 100 0.75 1 131 980 856 257 743 1181 1100 222
15 10 5 1 100 0.75 1 132 980 856 251 745 1196 1115 219
15 10 5 1 100 0.75 1 133 980 854 247 745 1213 1132 213
15 10 5 1 100 0.75 1 134 980 861 244 750 1221 1140 219
15 10 5 1 100 0.75 1 135 980 869 266 759 1228 1147 226
15 10 5 1 100 0.75 1 136 980 867 262 757 1245 1164 218
15 10 5 1 100 0.75 1 137 980 862 236 750 1264 1184 211
15 10 5 1 100 0.75 1 138 980 866 250 752 1275 1195 215
15 10 5 1 100 0.75 1 139 980 867 251 751 1289 1209 212
15 10 5 1 100 0.75 1 140 980 869 242 755 1302 1222 210
15 10 5 1 100 0.75 1 141 980 873 231 758 1313 1233 209
15 10 5 1 100 0.75 1 142 980 875 247 759 1326 1246 210
15 10 5 1 100 0.75 1 143 980 882 240 769 1334 1254 209
15 10 5 1 100 0.75 1 144 980 883 249 771 1347 1268 205
15 10 5 1 100 0.75 1 145 980 882 224 769 1361 1284 199
15 10 5 1 100 0.75 1 146 980 889 218 777 1368 1292 202
15 10 5 1 100 0.75 1 147 980 894 230 780 1375 1302 201
15 10 5 1 100 0.75 1 148 980 893 217 778 1389 1318 194
15 10 5 1 100 0.75 1 149 980 895 217 785 1401 1331 194
15 10 5 1 100 0.75 1 150 980 901 218 786 1410 1340 194
15 10 5 1 100 0.75 1 150 980 901 901 786 1599 1340 194
15 10 5 1 100 0.75 1 180 980 901 901 786 109 1340 194
15 10 5 1 100 0.75 2 181 0 15 15 0 109 0 0
15 10 5 1 100 0.75 2 182 0 30 30 0 109 0 0
15 10 5 1 100 0.75 2 183 0 45 45 0 109 0 0
15 10 5 1 100 0.75 2 184 0 60 60 0 109 0 0
15 10 5 1 100 0.75 2 185 0 75 75 0 109 0 0
15 10 5 1 100 0.75 2 186 0 90 89 0 109 0 0
15 10 5 1 100 0.75 2 187 0 105 105 0 109 0 0
15 10 5 1 100 0.75 2 188 1 120 118 0 109 0 0
15 10 5 1 100 0.75 2 189 2 135 131 1 109 0 0
15 10 5 1 100 0.75 2 190 4 150 144 2 109 0 0
15 10 5 1 100 0.75 2 191 8 165 154 4 109 0 0
15 10 5 1 100 0.75 2 192 14 180 165 8 109 0 0
15 10 5 1 100 0.75 2 193 18 195 174 14 109 0 0
15 10 5 1 100 0.75 2 194 21 210 188 18 109 0 0
15 10 5 1 100 0.75 2 195 25 225 196 21 109 0 0
15 10 5 1 100 0.75 2 196 27 240 212 25 109 0 1
15 10 5 1 100 0.75 2 197 33 255 223 27 109 0 4
15 10 5 1 100 0.75 2 198 38 270 237 33 109 0 5
15 10 5 1 100 0.75 2 199 44 285 247 38 109 0 8
15 10 5 1 100 0.75 2 200 50 300 260 44 109 0 13
15 10 5 1 100 0.75 2 201 58 315 272 50 109 0 15
15 10 5 1 100 0.75 2 202 64 330 281 58 109 0 17
15 10 5 1 100 0.75 2 203 68 345 297 64 109 0 22
15 10 5 1 100 0.75 2 204 74 360 310 68 109 0 25
15 10 5 1 100 0.75 2 205 83 375 321 74 108 0 28
15 10 5 1 100 0.75 2 206 87 390 339 83 108 0 32
15 10 5 1 100 0.75 2 207 93 405 350 87 108 0 37
15 10 5 1 100 0.75 2 208 102 420 362 93 108 0 42
15 10 5 1 100 0.75 2 209 112 435 377 102 108 0 47
15 10 5 1 100 0.75 2 210 121 450 388 112 108 0 50
15 10 5 1 100 0.75 2 211 122 464 403 120 109 1 52
15 10 5 1 100 0.75 2 212 129 479 418 121 108 1 58
15 10 5 1 100 0.75 2 213 141 493 429 127 109 2 62
15 10 5 1 100 0.75 2 214 144 506 438 137 111 4 64
15 10 5 1 100 0.75 2 215 153 520 449 139 112 5 68
15 10 5 1 100 0.75 2 216 158 532 458 145 115 8 69
15 10 5 1 100 0.75 2 217 171 543 475 146 119 12 74
15 10 5 1 100 0.75 2 218 179 555 476 156 122 15 75
15 10 5 1 100 0.75 2 219 190 566 486 160 126 19 76
15 10 5 1 100 0.75 2 220 203 580 498 170 127 20 84
15 10 5 1 100 0.75 2 221 214 589 500 177 133 26 84
15 10 5 1 100 0.75 2 222 223 600 505 184 137 30 84
15 10 5 1 100 0.75 2 223 231 613 518 191 139 32 87
15 10 5 1 100 0.75 2 224 248 623 523 194 144 37 89
15 10 5 1 100 0.75 2 225 263 636 531 209 146 39 94
15 10 5 1 100 0.75 2 226 281 648 534 221 149 42 100
15 10 5 1 100 0.75 2 227 293 658 542 234 154 47 106
15 10 5 1 100 0.75 2 228 304 669 551 242 158 51 108
15 10 5 1 100 0.75 2 229 313 678 557 247 164 57 108
15 10 5 1 100 0.75 2 230 321 689 567 253 168 61 109
15 10 5 1 100 0.75 2 231 331 698 569 255 174 67 114
15 10 5 1 100 0.75 2 232 351 706 580 259 181 74 122
15 10 5 1 100 0.75 2 233 370 716 589 274 186 79 126
15 10 5 1 100 0.75 2 234 389 726 587 288 191 84 135
15 10 5 1 100 0.75 2 235 404 737 594 305 195 88 135
15 10 5 1 100 0.75 2 236 411 746 595 318 201 94 136
15 10 5 1 100 0.75 2 237 421 754 601 319 208 101 132
15 10 5 1 100 0.75 2 238 434 766 608 328 211 104 134
15 10 5 1 100 0.75 2 239 454 772 605 333 220 113 137
15 10 5 1 100 0.75 2 240 476 779 612 345 228 121 148
15 10 5 1 100 0.75 2 241 496 788 615 363 234 127 164
15 10 5 1 100 0.75 2 242 514 798 622 381 239 132 171
15 10 5 1 100 0.75 2 243 529 807 622 399 245 138 174
15 10 5 1 100 0.75 2 244 540 817 624 410 250 143 176
15 10 5 1 100 0.75 2 245 557 818 613 411 264 157 174
15 10 5 1 100 0.75 2 246 568 823 622 421 272 167 177
15 10 5 1 100 0.75 2 247 589 828 624 426 281 177 182
15 10 5 1 100 0.75 2 248 610 833 611 440 291 187 190
15 10 5 1 100 0.75 2 249 627 839 602 460 300 196 205
15 10 5 1 100 0.75 2 250 640 847 617 479 306 203 209
15 10 5 1 100 0.75 2 251 653 857 616 492 311 208 221
15 10 5 1 100 0.75 2 252 667 857 616 491 326 223 220
15 10 5 1 100 0.75 2 253 680 868 611 514 330 227 233
15 10 5 1 100 0.75 2 254 695 876 614 528 337 234 238
15 10 5 1 100 0.75 2 255 715 885 618 546 343 240 252
15 10 5 1 100 0.75 2 256 732 891 615 565 352 249 264
15 10 5 1 100 0.75 2 257 749 888 611 575 370 267 265
15 10 5 1 100 0.75 2 258 769 889 594 584 384 281 268
15 10 5 1 100 0.75 2 259 783 893 600 599 395 292 273
15 10 5 1 100 0.75 2 260 799 896 589 611 407 304 281
15 10 5 1 100 0.75 2 261 811 898 577 625 419 317 283
15 10 5 1 100 0.75 2 262 821 902 581 633 430 328 291
15 10 5 1 100 0.75 2 263 834 905 577 640 442 340 300
15 10 5 1 100 0.75 2 264 849 901 570 647 461 359 295
15 10 5 1 100 0.75 2 265 859 901 550 663 476 374 291
15 10 5 1 100 0.75 2 266 870 908 569 677 484 382 301
15 10 5 1 100 0.75 2 267 883 907 543 685 500 398 306
15 10 5 1 100 0.75 2 268 890 905 529 700 517 415 306
15 10 5 1 100 0.75 2 269 898 902 508 704 535 433 309
15 10 5 1 100 0.75 2 270 904 894 515 705 558 456 305
15 10 5 1 100 0.75 2 271 909 891 496 707 576 474 308
15 10 5 1 100 0.75 2 272 913 889 488 707 593 491 311
15 10 5 1 100 0.75 2 273 920 890 486 708 607 505 310
15 10 5 1 100 0.75 2 274 927 890 478 718 622 520 318
15 10 5 1 100 0.75 2 275 934 884 468 719 642 541 318
15 10 5 1 100 0.75 2 276 938 877 459 717 664 563 309
15 10 5 1 100 0.75 2 277 942 877 449 721 679 578 310
15 10 5 1 100 0.75 2 278 945 871 418 719 700 599 306
15 10 5 1 100 0.75 2 279 951 870 428 723 716 615 304
15 10 5 1 100 0.75 2 280 954 872 423 729 729 628 304
15 10 5 1 100 0.75 2 281 961 873 403 735 743 642 306
15 10 5 1 100 0.75 2 282 966 873 403 739 758 657 307
15 10 5 1 100 0.75 2 283 970 866 401 738 780 679 300
15 10 5 1 100 0.75 2 284 970 873 376 750 788 687 304
15 10 5 1 100 0.75 2 285 972 861 389 734 815 714 295
15 10 5 1 100 0.75 2 286 975 851 374 731 839 739 283
15 10 5 1 100 0.75 2 287 977 850 353 735 855 755 279
15 10 5 1 100 0.75 2 288 979 847 360 730 873 773 278
15 10 5 1 100 0.75 2 289 979 853 341 741 882 782 283
15 10 5 1 100 0.75 2 290 980 849 325 734 901 801 276
15 10 5 1 100 0.75 2 291 980 842 334 726 923 823 273
15 10 5 1 100 0.75 2 292 980 840 325 727 939 840 267
15 10 5 1 100 0.75 2 293 980 833 310 719 960 862 265
15 10 5 1 100 0.75 2 294 980 827 308 715 980 883 253
15 10 5 1 100 0.75 2 295 980 826 295 714 996 899 250
15 10 5 1 100 0.75 2 296 980 825 297 712 1011 915 251
15 10 5 1 100 0.75 2 297 980 829 297 719 1022 926 245
15 10 5 1 100 0.75 2 298 980 830 289 721 1036 940 238
15 10 5 1 100 0.75 2 299 980 831 293 717 1050 954 236
15 10 5 1 100 0.75 2 300 980 828 284 715 1067 972 226
15 10 5 1 100 0.75 2 301 980 830 292 713 1080 985 230
15 10 5 1 100 0.75 2 302 980 827 269 714 1098 1003 223
15 10 5 1 100 0.75 2 303 980 836 276 724 1104 1009 231
15 10 5 1 100 0.75 2 304 980 834 275 720 1121 1026 230
15 10 5 1 100 0.75 2 305 980 835 259 720 1134 1040 224
15 10 5 1 100 0.75 2 306 980 836 272 725 1148 1054 216
15 10 5 1 100 0.75 2 307 980 835 255 721 1164 1070 215
15 10 5 1 100 0.75 2 308 980 830 259 719 1183 1090 204
15 10 5 1 100 0.75 2 309 980 834 250 722 1193 1101 204
15 10 5 1 100 0.75 2 310 980 830 243 719 1211 1120 194
15 10 5 1 100 0.75 2 311 980 834 242 722 1222 1131 198
15 10 5 1 100 0.75 2 312 980 835 257 724 1236 1145 193
15 10 5 1 100 0.75 2 313 980 835 235 721 1250 1160 196
15 10 5 1 100 0.75 2 314 980 842 234 728 1258 1168 198
15 10 5 1 100 0.75 2 315 980 850 240 739 1265 1175 201
15 10 5 1 100 0.75 2 316 980 856 236 741 1274 1184 205
15 10 5 1 100 0.75 2 317 980 854 239 745 1290 1201 198
15 10 5 1 100 0.75 2 318 980 854 231 742 1305 1216 194
15 10 5 1 100 0.75 2 319 980 856 221 745 1317 1229 192
15 10 5 1 100 0.75 2 320 980 863 250 748 1324 1237 193
15 10 5 1 100 0.75 2 321 980 870 239 757 1332 1245 201
15 10 5 1 100 0.75 2 322 980 878 232 768 1337 1252 204
15 10 5 1 100 0.75 2 323 980 878 239 766 1352 1267 202
15 10 5 1 100 0.75 2 324 980 877 244 765 1368 1283 198
15 10 5 1 100 0.75 2 325 980 886 216 771 1374 1289 202
15 10 5 1 100 0.75 2 326 980 890 232 776 1385 1300 204
15 10 5 1 100 0.75 2 327 980 896 217 785 1391 1309 209
15 10 5 1 100 0.75 2 328 980 897 236 786 1405 1323 207
15 10 5 1 100 0.75 2 329 980 898 224 784 1419 1337 202
15 10 5 1 100 0.75 2 330 980 905 211 791 1426 1345 200
15 10 5 1 100 0.75 2 330 980 905 905 791 1620 1345 200
15 10 5 1 100 0.75 2 360 980 905 905 791 109 1345 200
15 10 5 1 100 0.75 3 361 0 15 15 0 109 0 0
15 10 5 1 100 0.75 3 362 0 30 30 0 109 0 0
15 10 5 1 100 0.75 3 363 0 45 45 0 109 0 0
15 10 5 1 100 0.75 3 364 0 60 60 0 109 0 0
15 10 5 1 100 0.75 3 365 0 75 75 0 109 0 0
15 10 5 1 100 0.75 3 366 0 90 90 0 109 0 0
15 10 5 1 100 0.75 3 367 0 105 105 0 109 0 0
15 10 5 1 100 0.75 3 368 1 120 119 0 109 0 0
15 10 5 1 100 0.75 3 369 2 135 129 1 109 0 0
15 10 5 1 100 0.75 3 370 7 150 143 2 109 0 0
15 10 5 1 100 0.75 3 371 12 165 151 7 109 0 0
15 10 5 1 100 0.75 3 372 19 180 161 12 109 0 0
15 10 5 1 100 0.75 3 373 21 195 170 19 109 0 0
15 10 5 1 100 0.75 3 374 25 210 180 21 109 0 0
15 10 5 1 100 0.75 3 375 30 225 192 25 109 0 1
15 10 5 1 100 0.75 3 376 34 240 206 30 109 0 2
15 10 5 1 100 0.75 3 377 41 255 218 34 109 0 5
15 10 5 1 100 0.75 3 378 44 270 233 41 109 0 8
15 10 5 1 100 0.75 3 379 47 285 248 44 109 0 13
15 10 5 1 100 0.75 3 380 53 300 261 47 109 0 16
15 10 5 1 100 0.75 3 381 58 315 273 53 109 0 20
15 10 5 1 100 0.75 3 382 62 330 286 58 109 0 23
15 10 5 1 100 0.75 3 383 65 345 304 62 109 0 26
15 10 5 1 100 0.75 3 384 72 360 315 65 108 0 29
15 10 5 1 100 0.75 3 385 83 375 329 72 108 0 36
15 10 5 1 100 0.75 3 386 88 390 337 83 108 0 38
15 10 5 1 100 0.75 3 387 93 405 348 88 108 0 42
15 10 5 1 100 0.75 3 388 100 420 363 93 108 0 43
15 10 5 1 100 0.75 3 389 106 435 378 100 108 0 49
15 10 5 1 100 0.75 3 390 115 450 386 106 108 0 52
15 10 5 1 100 0.75 3 391 127 464 399 114 109 1 56
15 10 5 1 100 0.75 3 392 136 478 405 125 110 2 60
15 10 5 1 100 0.75 3 393 143 491 413 132 112 4 64
15 10 5 1 100 0.75 3 394 155 501 424 134 117 9 62
15 10 5 1 100 0.75 3 395 161 513 436 143 120 12 62
15 10 5 1 100 0.75 3 396 170 527 446 148 120 13 69
15 10 5 1 100 0.75 3 397 183 540 458 155 122 15 72
15 10 5 1 100 0.75 3 398 195 553 467 166 124 17 77
15 10 5 1 100 0.75 3 399 203 565 477 175 127 20 82
15 10 5 1 100 0.75 3 400 215 573 482 176 134 27 78
15 10 5 1 100 0.75 3 401 221 584 492 184 138 31 82
15 10 5 1 100 0.75 3 402 233 595 498 186 142 35 88
15 10 5 1 100 0.75 3 403 244 607 507 195 145 38 90
15 10 5 1 100 0.75 3 404 256 621 515 205 146 39 96
15 10 5 1 100 0.75 3 405 269 630 528 212 152 45 103
15 10 5 1 100 0.75 3 406 281 643 534 223 154 47 106
15 10 5 1 100 0.75 3 407 295 655 543 232 157 50 114
15 10 5 1 100 0.75 3 408 303 667 547 243 160 53 114
15 10 5 1 100 0.75 3 409 310 675 553 246 167 60 118
15 10 5 1 100 0.75 3 410 322 689 571 253 168 61 127
15 10 5 1 100 0.75 3 411 334 697 574 260 175 68 127
15 10 5 1 100 0.75 3 412 346 709 578 269 178 71 133
15 10 5 1 100 0.75 3 413 366 715 584 274 187 80 138
15 10 5 1 100 0.75 3 414 385 728 583 293 189 82 147
15 10 5 1 100 0.75 3 415 399 734 580 304 198 91 145
15 10 5 1 100 0.75 3 416 413 745 587 315 202 95 152
15 10 5 1 100 0.75 3 417 425 754 590 324 208 101 150
15 10 5 1 100 0.75 3 418 440 763 599 334 214 107 156
15 10 5 1 100 0.75 3 419 456 767 587 340 225 118 154
15 10 5 1 100 0.75 3 420 476 773 592 349 234 127 159
15 10 5 1 100 0.75 3 421 499 784 596 367 238 131 173
15 10 5 1 100 0.75 3 422 512 791 608 385 246 139 178
15 10 5 1 100 0.75 3 423 528 795 606 388 257 150 177
15 10 5 1 100 0.75 3 424 546 802 605 400 265 158 184
15 10 5 1 100 0.75 3 425 565 807 600 412 275 168 187
15 10 5 1 100 0.75 3 426 581 818 613 430 279 172 195
15 10 5 1 100 0.75 3 427 599 826 611 440 286 179 206
15 10 5 1 100 0.75 3 428 620 834 605 456 293 186 214
15 10 5 1 100 0.75 3 429 635 834 607 467 308 201 218
15 10 5 1 100 0.75 3 430 652 838 598 476 319 212 215
15 10 5 1 100 0.75 3 431 672 842 596 484 330 223 218
15 10 5 1 100 0.75 3 432 685 849 591 504 338 231 225
15 10 5 1 100 0.75 3 433 700 854 587 514 348 241 235
15 10 5 1 100 0.75 3 434 720 859 586 525 358 251 244
15 10 5 1 100 0.75 3 435 736 866 586 541 366 259 252
15 10 5 1 100 0.75 3 436 748 870 584 558 377 270 252
15 10 5 1 100 0.75 3 437 756 871 588 567 391 284 255
15 10 5 1 100 0.75 3 438 772 877 577 579 400 293 266
15 10 5 1 100 0.75 3 439 790 876 555 592 416 309 266
15 10 5 1 100 0.75 3 440 807 880 560 615 427 320 272
15 10 5 1 100 0.75 3 441 824 882 561 626 440 333 275
15 10 5 1 100 0.75 3 442 834 882 552 643 455 348 281
15 10 5 1 100 0.75 3 443 852 881 537 642 471 364 281
15 10 5 1 100 0.75 3 444 865 881 532 656 485 379 282
15 10 5 1 100 0.75 3 445 875 881 509 664 500 394 283
15 10 5 1 100 0.75 3 446 884 883 517 665 511 407 295
15 10 5 1 100 0.75 3 447 888 886 511 679 523 419 305
15 10 5 1 100 0.75 3 448 895 887 527 683 537 433 317
15 10 5 1 100 0.75 3 449 903 883 497 689 555 452 313
15 10 5 1 100 0.75 3 450 912 884 502 699 569 466 318
15 10 5 1 100 0.75 3 451 918 878 478 697 590 487 312
15 10 5 1 100 0.75 3 452 925 877 484 704 606 503 311
15 10 5 1 100 0.75 3 453 930 880 484 714 618 515 313
15 10 5 1 100 0.75 3 454 939 880 465 722 633 530 306
15 10 5 1 100 0.75 3 455 942 876 458 733 652 549 298
15 10 5 1 100 0.75 3 456 946 879 440 733 664 561 308
15 10 5 1 100 0.75 3 457 951 873 440 730 685 582 303
15 10 5 1 100 0.75 3 458 958 865 423 726 708 605 290
15 10 5 1 100 0.75 3 459 961 868 409 729 720 617 295
15 10 5 1 100 0.75 3 460 963 869 423 731 734 631 301
15 10 5 1 100 0.75 3 461 967 859 400 727 759 656 302
15 10 5 1 100 0.75 3 462 970 848 389 721 785 682 287
15 10 5 1 100 0.75 3 463 970 845 388 717 803 700 282
15 10 5 1 100 0.75 3 464 972 842 373 718 821 718 280
15 10 5 1 100 0.75 3 465 973 831 349 709 846 744 261
15 10 5 1 100 0.75 3 466 974 827 338 705 865 763 260
15 10 5 1 100 0.75 3 467 976 826 328 705 881 779 255
15 10 5 1 100 0.75 3 468 977 824 348 706 898 796 250
15 10 5 1 100 0.75 3 469 978 828 343 710 907 807 255
15 10 5 1 100 0.75 3 470 979 832 319 719 918 818 254
15 10 5 1 100 0.75 3 471 980 835 318 722 930 830 259
15 10 5 1 100 0.75 3 472 980 835 333 720 945 845 261
15 10 5 1 100 0.75 3 473 980 834 310 719 961 861 251
15 10 5 1 100 0.75 3 474 980 832 309 720 978 878 249
15 10 5 1 100 0.75 3 475 980 837 313 723 988 888 251
15 10 5 1 100 0.75 3 476 980 831 300 715 1009 909 240
15 10 5 1 100 0.75 3 477 980 835 302 720 1020 920 242
15 10 5 1 100 0.75 3 478 980 831 285 716 1038 939 237
15 10 5 1 100 0.75 3 479 980 827 281 715 1056 958 230
15 10 5 1 100 0.75 3 480 980 835 274 721 1062 965 234
15 10 5 1 100 0.75 3 481 980 829 277 713 1083 986 224
15 10 5 1 100 0.75 3 482 980 830 285 716 1094 1000 222
15 10 5 1 100 0.75 3 483 980 831 274 718 1107 1014 215
15 10 5 1 100 0.75 3 484 980 829 262 712 1122 1031 215
15 10 5 1 100 0.75 3 485 980 829 255 714 1137 1046 213
15 10 5 1 100 0.75 3 486 980 835 260 723 1146 1055 210
15 10 5 1 100 0.75 3 487 980 835 253 722 1160 1070 208
15 10 5 1 100 0.75 3 488 980 838 247 724 1172 1082 207
15 10 5 1 100 0.75 3 489 980 841 244 729 1183 1094 214
15 10 5 1 100 0.75 3 490 980 842 251 732 1197 1108 209
15 10 5 1 100 0.75 3 491 980 847 254 737 1207 1118 209
15 10 5 1 100 0.75 3 492 980 853 264 742 1216 1127 215
15 10 5 1 100 0.75 3 493 980 857 258 745 1226 1138 218
15 10 5 1 100 0.75 3 494 980 852 242 737 1245 1158 209
15 10 5 1 100 0.75 3 495 980 855 232 742 1257 1170 210
15 10 5 1 100 0.75 3 496 980 857 240 743 1270 1183 211
15 10 5 1 100 0.75 3 497 980 860 225 747 1282 1195 211
15 10 5 1 100 0.75 3 498 980 862 245 749 1295 1208 208
15 10 5 1 100 0.75 3 499 980 870 228 757 1299 1215 217
15 10 5 1 100 0.75 3 500 980 875 258 760 1308 1225 215
15 10 5 1 100 0.75 3 501 980 884 253 769 1314 1231 225
15 10 5 1 100 0.75 3 502 980 886 243 771 1327 1244 223
15 10 5 1 100 0.75 3 503 980 893 249 780 1333 1252 228
15 10 5 1 100 0.75 3 504 980 883 247 770 1357 1277 214
15 10 5 1 100 0.75 3 505 980 882 223 769 1373 1293 212
15 10 5 1 100 0.75 3 506 980 890 228 775 1380 1300 212
15 10 5 1 100 0.75 3 507 980 894 216 781 1389 1311 215
15 10 5 1 100 0.75 3 508 980 901 226 789 1397 1319 223
15 10 5 1 100 0.75 3 509 980 898 220 785 1414 1337 215
15 10 5 1 100 0.75 3 510 980 900 218 788 1426 1350 211
15 10 5 1 100 0.75 3 510 980 900 900 788 1634 1350 211
15 10 5 1 100 0.75 3 540 980 900 900 788 109 1350 211
15 10 5 1 100 0.75 4 541 0 15 15 0 109 0 0
15 10 5 1 100 0.75 4 542 0 30 30 0 109 0 0
15 10 5 1 100 0.75 4 543 0 45 45 0 109 0 0
15 10 5 1 100 0.75 4 544 0 60 60 0 109 0 0
15 10 5 1 100 0.75 4 545 0 75 75 0 109 0 0
15 10 5 1 100 0.75 4 546 0 90 90 0 109 0 0
15 10 5 1 100 0.75 4 547 0 105 103 0 109 0 0
15 10 5 1 100 0.75 4 548 3 120 114 0 109 0 0
15 10 5 1 100 0.75 4 549 6 135 128 3 109 0 0
15 10 5 1 100 0.75 4 550 9 150 139 6 109 0 0
15 10 5 1 100 0.75 4 551 11 165 154 9 109 0 0
15 10 5 1 100 0.75 4 552 15 180 161 11 109 0 0
15 10 5 1 100 0.75 4 553 21 195 169 15 109 0 0
15 10 5 1 100 0.75 4 554 24 210 184 21 109 0 0
15 10 5 1 100 0.75 4 555 28 225 196 24 109 0 0
15 10 5 1 100 0.75 4 556 33 240 209 28 109 0 4
15 10 5 1 100 0.75 4 557 38 255 217 33 109 0 6
15 10 5 1 100 0.75 4 558 42 270 235 38 109 0 9
15 10 5 1 100 0.75 4 559 47 285 245 42 109 0 11
15 10 5 1 100 0.75 4 560 57 300 253 47 109 0 15
15 10 5 1 100 0.75 4 561 61 315 268 57 109 0 19
15 10 5 1 100 0.75 4 562 67 330 283 61 109 0 21
15 10 5 1 100 0.75 4 563 70 345 290 67 109 0 22
15 10 5 1 100 0.75 4 564 76 360 309 70 109 0 28
15 10 5 1 100 0.75 4 565 84 375 322 76 108 0 33
15 10 5 1 100 0.75 4 566 90 390 337 84 108 0 34
15 10 5 1 100 0.75 4 567 98 405 349 90 108 0 40
15 10 5 1 100 0.75 4 568 106 420 362 98 108 0 47
15 10 5 1 100 0.75 4 569 110 435 377 106 108 0 50
15 10 5 1 100 0.75 4 570 117 450 388 110 108 0 53
15 10 5 1 100 0.75 4 571 126 465 404 117 108 0 56
15 10 5 1 100 0.75 4 572 133 478 413 124 110 2 58
15 10 5 1 100 0.75 4 573 142 492 429 130 111 3 64
15 10 5 1 100 0.75 4 574 150 506 437 138 112 4 67
15 10 5 1 100 0.75 4 575 159 518 443 143 115 7 70
15 10 5 1 100 0.75 4 576 165 532 456 151 116 8 75
15 10 5 1 100 0.75 4 577 174 544 468 154 119 11 77
15 10 5 1 100 0.75 4 578 180 557 480 161 121 13 80
15 10 5 1 100 0.75 4 579 189 568 487 163 125 17 81
15 10 5 1 100 0.75 4 580 200 577 496 166 131 23 85
15 10 5 1 100 0.75 4 581 210 587 493 172 135 28 86
15 10 5 1 100 0.75 4 582 222 601 510 181 136 29 91
15 10 5 1 100 0.75 4 583 234 609 510 186 143 36 90
15 10 5 1 100 0.75 4 584 240 623 520 197 144 37 94
15 10 5 1 100 0.75 4 585 252 636 528 201 146 39 99
15 10 5 1 100 0.75 4 586 265 646 535 208 151 44 101
15 10 5 1 100 0.75 4 587 280 653 537 213 159 52 104
15 10 5 1 100 0.75 4 588 293 661 543 222 166 59 107
15 10 5 1 100 0.75 4 589 302 674 561 233 168 61 113
15 10 5 1 100 0.75 4 590 318 681 556 234 176 69 110
15 10 5 1 100 0.75 4 591 331 691 560 246 181 74 113
15 10 5 1 100 0.75 4 592 345 703 567 257 184 77 119
15 10 5 1 100 0.75 4 593 359 716 576 270 186 79 125
15 10 5 1 100 0.75 4 594 376 726 583 280 191 84 131
15 10 5 1 100 0.75 4 595 397 733 582 291 199 92 135
15 10 5 1 100 0.75 4 596 409 739 582 304 208 101 134
15 10 5 1 100 0.75 4 597 426 750 586 312 212 105 138
15 10 5 1 100 0.75 4 598 440 764 600 329 213 106 151
15 10 5 1 100 0.75 4 599 458 770 602 337 222 115 156
15 10 5 1 100 0.75 4 600 480 773 586 346 234 127 155
15 10 5 1 100 0.75 4 601 488 783 591 365 239 132 163
15 10 5 1 100 0.75 4 602 506 792 605 370 245 138 174
15 10 5 1 100 0.75 4 603 526 802 607 387 250 143 181
15 10 5 1 100 0.75 4 604 547 806 599 404 261 154 182
15 10 5 1 100 0.75 4 605 568 815 603 421 267 160 190
15 10 5 1 100 0.75 4 606 579 824 601 439 273 166 195
15 10 5 1 100 0.75 4 607 598 826 617 442 286 179 203
15 10 5 1 100 0.75 4 608 608 834 602 461 293 186 207
15 10 5 1 100 0.75 4 609 623 842 619 469 300 193 217
15 10 5 1 100 0.75 4 610 641 849 608 483 308 201 224
15 10 5 1 100 0.75 4 611 664 851 607 494 321 214 228
15 10 5 1 100 0.75 4 612 681 860 609 518 327 220 234
15 10 5 1 100 0.75 4 613 697 863 607 532 339 232 240
15 10 5 1 100 0.75 4 614 710 865 600 539 352 245 239
15 10 5 1 100 0.75 4 615 721 870 602 547 362 255 242
15 10 5 1 100 0.75 4 616 737 870 588 553 377 270 242
15 10 5 1 100 0.75 4 617 755 875 582 568 387 280 252
15 10 5 1 100 0.75 4 618 772 880 572 580 397 290 267
15 10 5 1 100 0.75 4 619 784 882 579 593 410 303 270
15 10 5 1 100 0.75 4 620 799 882 556 600 425 318 271
15 10 5 1 100 0.75 4 621 811 884 565 610 438 331 275
15 10 5 1 100 0.75 4 622 820 890 551 627 447 340 285
15 10 5 1 100 0.75 4 623 827 890 554 627 462 355 285
15 10 5 1 100 0.75 4 624 834 884 531 633 483 376 283
15 10 5 1 100 0.75 4 625 845 886 535 639 496 389 292
15 10 5 1 100 0.75 4 626 857 883 524 643 514 407 293
15 10 5 1 100 0.75 4 627 864 885 520 663 527 420 296
15 10 5 1 100 0.75 4 628 871 885 512 661 542 435 302
15 10 5 1 100 0.75 4 629 879 889 507 671 552 446 302
15 10 5 1 100 0.75 4 630 887 889 503 677 566 461 307
15 10 5 1 100 0.75 4 631 892 890 495 688 579 475 310
15 10 5 1 100 0.75 4 632 898 893 496 695 591 487 313
15 10 5 1 100 0.75 4 633 906 883 483 686 616 512 306
15 10 5 1 100 0.75 4 634 911 882 473 687 632 528 310
15 10 5 1 100 0.75 4 635 915 879 450 698 650 546 300
15 10 5 1 100 0.75 4 636 921 874 458 693 670 566 293
15 10 5 1 100 0.75 4 637 928 875 441 703 683 580 296
15 10 5 1 100 0.75 4 638 930 871 424 708 702 599 293
15 10 5 1 100 0.75 4 639 935 872 424 708 715 613 291
15 10 5 1 100 0.75 4 640 940 873 410 715 729 627 292
15 10 5 1 100 0.75 4 641 944 863 392 711 754 652 284
15 10 5 1 100 0.75 4 642 948 862 406 712 769 668 284
15 10 5 1 100 0.75 4 643 951 857 390 715 789 688 277
15 10 5 1 100 0.75 4 644 955 854 377 711 807 706 283
15 10 5 1 100 0.75 4 645 955 851 375 716 824 724 287
15 10 5 1 100 0.75 4 646 958 842 362 702 847 748 274
15 10 5 1 100 0.75 4 647 961 841 343 705 862 764 279
15 10 5 1 100 0.75 4 648 962 834 339 700 884 786 268
15 10 5 1 100 0.75 4 649 964 836 339 708 897 799 271
15 10 5 1 100 0.75 4 650 968 839 346 714 909 811 273
15 10 5 1 100 0.75 4 651 970 835 333 708 927 830 268
15 10 5 1 100 0.75 4 652 973 840 331 716 936 840 272
15 10 5 1 100 0.75 4 653 974 838 327 716 953 857 268
15 10 5 1 100 0.75 4 654 976 834 312 717 970 876 261
15 10 5 1 100 0.75 4 655 977 841 308 721 977 884 270
15 10 5 1 100 0.75 4 656 978 837 300 718 996 903 265
15 10 5 1 100 0.75 4 657 980 842 301 728 1005 913 269
15 10 5 1 100 0.75 4 658 980 842 291 732 1020 928 259
15 10 5 1 100 0.75 4 659 980 845 305 731 1031 940 263
15 10 5 1 100 0.75 4 660 980 841 284 725 1050 959 258
15 10 5 1 100 0.75 4 661 980 841 298 726 1065 974 257
15 10 5 1 100 0.75 4 662 980 839 268 728 1081 991 246
15 10 5 1 100 0.75 4 663 980 832 271 716 1103 1013 243
15 10 5 1 100 0.75 4 664 980 829 267 717 1120 1031 242
15 10 5 1 100 0.75 4 665 980 823 263 714 1138 1052 228
15 10 5 1 100 0.75 4 666 980 824 271 709 1152 1066 224
15 10 5 1 100 0.75 4 667 980 823 256 706 1167 1082 222
15 10 5 1 100 0.75 4 668 980 823 255 709 1182 1097 216
15 10 5 1 100 0.75 4 669 980 827 266 713 1193 1108 219
15 10 5 1 100 0.75 4 670 980 832 256 719 1201 1118 218
15 10 5 1 100 0.75 4 671 980 835 246 719 1213 1130 216
15 10 5 1 100 0.75 4 672 980 830 236 719 1233 1150 207
15 10 5 1 100 0.75 4 673 980 833 241 719 1245 1162 201
15 10 5 1 100 0.75 4 674 980 839 240 728 1253 1171 197
15 10 5 1 100 0.75 4 675 980 841 225 729 1266 1184 199
15 10 5 1 100 0.75 4 676 980 843 226 728 1278 1197 197
15 10 5 1 100 0.75 4 677 980 842 219 729 1293 1213 195
15 10 5 1 100 0.75 4 678 980 839 231 725 1311 1231 187
15 10 5 1 100 0.75 4 679 980 842 211 727 1323 1243 187
15 10 5 1 100 0.75 4 680 980 845 234 730 1334 1255 186
15 10 5 1 100 0.75 4 681 980 855 231 742 1336 1260 192
15 10 5 1 100 0.75 4 682 980 852 217 740 1354 1278 182
15 10 5 1 100 0.75 4 683 980 855 216 745 1366 1290 179
15 10 5 1 100 0.75 4 684 980 858 195 746 1378 1302 178
15 10 5 1 100 0.75 4 685 980 862 213 747 1388 1313 183
15 10 5 1 100 0.75 4 686 980 872 225 758 1393 1318 184
15 10 5 1 100 0.75 4 687 980 875 223 761 1405 1330 186
15 10 5 1 100 0.75 4 688 980 879 212 766 1416 1341 189
15 10 5 1 100 0.75 4 689 980 882 229 772 1427 1353 183
15 10 5 1 100 0.75 4 690 980 886 215 772 1437 1364 184
15 10 5 1 100 0.75 4 690 980 886 886 772 1621 1364 184
15 10 5 1 100 0.75 4 720 980 886 886 772 109 1364 184
15 10 5 1 100 0.75 5 721 0 15 15 0 109 0 0
15 10 5 1 100 0.75 5 722 0 30 30 0 109 0 0
15 10 5 1 100 0.75 5 723 0 45 45 0 109 0 0
15 10 5 1 100 0.75 5 724 0 60 60 0 109 0 0
15 10 5 1 100 0.75 5 725 0 75 74 0 109 0 0
15 10 5 1 100 0.75 5 726 0 90 90 0 109 0 0
15 10 5 1 100 0.75 5 727 0 105 103 0 109 0 0
15 10 5 1 100 0.75 5 728 0 120 118 0 109 0 0
15 10 5 1 100 0.75 5 729 1 135 132 0 109 0 0
15 10 5 1 100 0.75 5 730 4 150 144 1 109 0 0
15 10 5 1 100 0.75 5 731 7 165 151 4 109 0 0
15 10 5 1 100 0.75 5 732 11 180 165 7 109 0 0
15 10 5 1 100 0.75 5 733 16 195 176 11 109 0 0
15 10 5 1 100 0.75 5 734 19 210 184 16 109 0 0
15 10 5 1 100 0.75 5 735 26 225 196 19 109 0 0
15 10 5 1 100 0.75 5 736 30 240 209 26 109 0 0
15 10 5 1 100 0.75 5 737 34 255 221 30 109 0 1
15 10 5 1 100 0.75 5 738 38 270 236 34 109 0 5
15 10 5 1 100 0.75 5 739 49 285 241 38 109 0 8
15 10 5 1 100 0.75 5 740 51 300 255 49 109 0 10
15 10 5 1 100 0.75 5 741 56 315 272 51 109 0 15
15 10 5 1 100 0.75 5 742 59 330 287 56 109 0 19
15 10 5 1 100 0.75 5 743 66 345 296 59 109 0 24
15 10 5 1 100 0.75 5 744 75 360 312 66 109 0 27
15 10 5 1 100 0.75 5 745 80 375 326 75 109 0 30
15 10 5 1 100 0.75 5 746 86 390 341 80 109 0 35
15 10 5 1 100 0.75 5 747 95 405 353 86 109 0 42
15 10 5 1 100 0.75 5 748 102 420 365 95 109 0 44
15 10 5 1 100 0.75 5 749 108 435 374 102 109 0 44
15 10 5 1 100 0.75 5 750 111 450 392 108 109 0 46
15 10 5 1 100 0.75 5 751 121 465 404 111 109 0 50
15 10 5 1 100 0.75 5 752 130 479 414 120 110 1 54
15 10 5 1 100 0.75 5 753 138 494 427 129 110 1 58
15 10 5 1 100 0.75 5 754 148 507 436 135 112 3 62
15 10 5 1 100 0.75 5 755 155 520 444 143 114 5 66
15 10 5 1 100 0.75 5 756 162 532 457 147 117 8 71
15 10 5 1 100 0.75 5 757 167 545 469 152 119 10 71
15 10 5 1 100 0.75 5 758 177 557 474 154 122 13 72
15 10 5 1 100 0.75 5 759 183 570 485 162 124 15 75
15 10 5 1 100 0.75 5 760 194 582 500 165 127 18 79
15 10 5 1 100 0.75 5 761 203 594 515 173 130 21 84
15 10 5 1 100 0.75 5 762 216 602 509 175 137 28 83
15 10 5 1 100 0.75 5 763 227 614 517 185 140 31 88
15 10 5 1 100 0.75 5 764 236 626 533 193 143 34 88
15 10 5 1 100 0.75 5 765 248 636 537 197 148 39 89
15 10 5 1 100 0.75 5 766 255 648 546 208 151 42 90
15 10 5 1 100 0.75 5 767 267 657 551 209 157 48 92
15 10 5 1 100 0.75 5 768 277 668 558 217 161 52 96
15 10 5 1 100 0.75 5 769 288 680 572 225 164 55 100
15 10 5 1 100 0.75 5 770 302 693 578 234 166 57 107
15 10 5 1 100 0.75 5 771 310 705 591 245 169 60 116
15 10 5 1 100 0.75 5 772 328 716 598 250 173 64 122
15 10 5 1 100 0.75 5 773 337 726 598 263 178 69 122
15 10 5 1 100 0.75 5 774 349 736 613 268 183 74 122
15 10 5 1 100 0.75 5 775 361 744 603 273 190 81 125
15 10 5 1 100 0.75 5 776 368 751 618 279 198 89 124
15 10 5 1 100 0.75 5 777 382 761 622 285 203 94 130
15 10 5 1 100 0.75 5 778 398 770 621 296 209 100 136
15 10 5 1 100 0.75 5 779 415 782 623 312 212 103 144
15 10 5 1 100 0.75 5 780 424 790 629 326 219 110 145
15 10 5 1 100 0.75 5 781 440 800 637 331 224 115 148
15 10 5 1 100 0.75 5 782 459 806 635 342 233 124 152
15 10 5 1 100 0.75 5 783 476 813 628 355 241 132 151
15 10 5 1 100 0.75 5 784 491 820 636 365 249 140 153
15 10 5 1 100 0.75 5 785 507 829 635 377 255 146 163
15 10 5 1 100 0.75 5 786 522 839 640 391 260 151 169
15 10 5 1 100 0.75 5 787 546 847 638 406 267 158 176
15 10 5 1 100 0.75 5 788 555 848 631 422 281 172 175
15 10 5 1 100 0.75 5 789 573 857 647 432 287 178 187
15 10 5 1 100 0.75 5 790 591 861 636 443 298 189 185
15 10 5 1 100 0.75 5 791 606 872 636 464 301 193 195
15 10 5 1 100 0.75 5 792 624 879 640 474 309 201 200
15 10 5 1 100 0.75 5 793 636 885 633 491 318 210 207
15 10 5 1 100 0.75 5 794 654 891 648 498 327 219 217
15 10 5 1 100 0.75 5 795 670 898 643 518 335 227 224
15 10 5 1 100 0.75 5 796 693 898 642 523 350 242 221
15 10 5 1 100 0.75 5 797 711 901 622 540 362 254 225
15 10 5 1 100 0.75 5 798 728 906 620 559 372 264 228
15 10 5 1 100 0.75 5 799 745 914 619 577 378 271 241
15 10 5 1 100 0.75 5 800 761 920 615 592 387 280 252
15 10 5 1 100 0.75 5 801 774 923 620 604 399 292 262
15 10 5 1 100 0.75 5 802 790 924 607 617 413 306 266
15 10 5 1 100 0.75 5 803 808 929 590 631 423 316 274
15 10 5 1 100 0.75 5 804 827 933 597 650 434 327 281
15 10 5 1 100 0.75 5 805 843 931 584 661 451 344 280
15 10 5 1 100 0.75 5 806 862 934 582 676 462 356 292
15 10 5 1 100 0.75 5 807 875 939 582 699 472 366 304
15 10 5 1 100 0.75 5 808 881 938 558 707 488 382 308
15 10 5 1 100 0.75 5 809 889 937 561 708 504 398 314
15 10 5 1 100 0.75 5 810 903 941 554 725 515 409 317
15 10 5 1 100 0.75 5 811 911 946 563 745 525 419 334
15 10 5 1 100 0.75 5 812 916 941 559 749 544 439 337
15 10 5 1 100 0.75 5 813 928 939 532 756 561 456 336
15 10 5 1 100 0.75 5 814 941 930 511 755 585 480 340
15 10 5 1 100 0.75 5 815 945 935 508 778 595 490 346
15 10 5 1 100 0.75 5 816 950 934 507 778 611 506 353
15 10 5 1 100 0.75 5 817 954 939 516 788 621 516 360
15 10 5 1 100 0.75 5 818 956 928 490 782 646 542 355
15 10 5 1 100 0.75 5 819 959 926 471 780 662 559 361
15 10 5 1 100 0.75 5 820 961 929 474 788 674 571 366
15 10 5 1 100 0.75 5 821 968 922 471 789 695 593 363
15 10 5 1 100 0.75 5 822 969 921 464 786 711 609 364
15 10 5 1 100 0.75 5 823 970 905 439 776 741 640 343
15 10 5 1 100 0.75 5 824 972 897 429 769 764 663 334
15 10 5 1 100 0.75 5 825 976 896 405 772 778 679 335
15 10 5 1 100 0.75 5 826 977 884 395 769 805 706 322
15 10 5 1 100 0.75 5 827 978 887 400 769 817 718 321
15 10 5 1 100 0.75 5 828 979 888 383 770 830 732 321
15 10 5 1 100 0.75 5 829 979 883 365 769 850 752 311
15 10 5 1 100 0.75 5 830 980 874 372 755 874 776 302
15 10 5 1 100 0.75 5 831 980 862 342 748 900 803 285
15 10 5 1 100 0.75 5 832 980 853 342 737 924 827 275
15 10 5 1 100 0.75 5 833 980 849 337 735 943 846 269
15 10 5 1 100 0.75 5 834 980 841 320 725 966 869 255
15 10 5 1 100 0.75 5 835 980 831 290 718 990 894 237
15 10 5 1 100 0.75 5 836 980 828 290 716 1006 912 230
15 10 5 1 100 0.75 5 837 980 824 270 714 1024 931 219
15 10 5 1 100 0.75 5 838 980 827 283 718 1036 943 221
15 10 5 1 100 0.75 5 839 980 826 258 716 1052 959 219
15 10 5 1 100 0.75 5 840 980 827 269 714 1066 973 216
15 10 5 1 100 0.75 5 841 980 827 273 715 1079 988 217
15 10 5 1 100 0.75 5 842 980 826 276 713 1095 1004 208
15 10 5 1 100 0.75 5 843 980 832 261 718 1104 1013 215
15 10 5 1 100 0.75 5 844 980 828 267 713 1122 1032 211
15 10 5 1 100 0.75 5 845 980 834 268 720 1131 1041 213
15 10 5 1 100 0.75 5 846 980 829 237 715 1150 1061 200
15 10 5 1 100 0.75 5 847 980 840 274 729 1154 1065 208
15 10 5 1 100 0.75 5 848 980 840 253 730 1168 1080 204
15 10 5 1 100 0.75 5 849 980 842 250 729 1179 1093 203
15 10 5 1 100 0.75 5 850 980 846 287 734 1190 1104 199
15 10 5 1 100 0.75 5 851 980 848 258 733 1202 1117 194
15 10 5 1 100 0.75 5 852 980 857 244 742 1208 1123 197
15 10 5 1 100 0.75 5 853 980 856 259 744 1224 1139 198
15 10 5 1 100 0.75 5 854 980 855 239 741 1240 1155 192
15 10 5 1 100 0.75 5 855 980 864 256 748 1246 1161 201
15 10 5 1 100 0.75 5 856 980 875 248 761 1249 1165 208
15 10 5 1 100 0.75 5 857 980 876 246 760 1262 1179 207
15 10 5 1 100 0.75 5 858 980 873 237 762 1278 1197 199
15 10 5 1 100 0.75 5 859 980 876 243 761 1290 1209 201
15 10 5 1 100 0.75 5 860 980 874 237 761 1307 1226 192
15 10 5 1 100 0.75 5 861 980 878 234 764 1317 1237 192
15 10 5 1 100 0.75 5 862 980 880 233 767 1330 1250 192
15 10 5 1 100 0.75 5 863 980 887 220 776 1338 1258 190
15 10 5 1 100 0.75 5 864 980 891 230 779 1347 1269 193
15 10 5 1 100 0.75 5 865 980 898 219 786 1355 1277 194
15 10 5 1 100 0.75 5 866 980 902 237 790 1366 1288 191
15 10 5 1 100 0.75 5 867 980 904 237 792 1379 1301 191
15 10 5 1 100 0.75 5 868 980 910 223 796 1388 1310 195
15 10 5 1 100 0.75 5 869 980 915 217 799 1397 1320 197
15 10 5 1 100 0.75 5 870 980 920 235 805 1404 1330 199
15 10 5 1 100 0.75 5 870 980 920 920 805 1598 1330 199
15 10 5 1 100 0.75 5 900 980 920 920 805 108 1330 199
15 10 5 1 100 0.75 6 901 0 15 15 0 108 0 0
15 10 5 1 100 0.75 6 902 0 30 30 0 108 0 0
15 10 5 1 100 0.75 6 903 0 45 45 0 108 0 0
15 10 5 1 100 0.75 6 904 0 60 60 0 108 0 0
15 10 5 1 100 0.75 6 905 0 75 75 0 108 0 0
15 10 5 1 100 0.75 6 906 0 90 90 0 108 0 0
15 10 5 1 100 0.75 6 907 0 105 104 0 108 0 0
15 10 5 1 100 0.75 6 908 1 120 118 0 108 0 0
15 10 5 1 100 0.75 6 909 4 135 126 1 108 0 0
15 10 5 1 100 0.75 6 910 8 150 141 4 108 0 0
15 10 5 1 100 0.75 6 911 11 165 150 8 108 0 0
15 10 5 1 100 0.75 6 912 13 180 161 11 108 0 0
15 10 5 1 100 0.75 6 913 17 195 173 13 108 0 0
15 10 5 1 100 0.75 6 914 24 210 180 17 108 0 0
15 10 5 1 100 0.75 6 915 29 225 195 24 108 0 0
15 10 5 1 100 0.75 6 916 36 240 203 29 108 0 1
15 10 5 1 100 0.75 6 917 38 255 215 36 108 0 3
15 10 5 1 100 0.75 6 918 41 270 231 38 108 0 8
15 10 5 1 100 0.75 6 919 46 285 243 41 108 0 8
15 10 5 1 100 0.75 6 920 53 300 256 46 108 0 12
15 10 5 1 100 0.75 6 921 57 315 269 53 108 0 15
15 10 5 1 100 0.75 6 922 63 330 285 57 108 0 20
15 10 5 1 100 0.75 6 923 71 345 297 63 108 0 25
15 10 5 1 100 0.75 6 924 77 360 306 71 108 0 29
15 10 5 1 100 0.75 6 925 82 375 324 77 108 0 31
15 10 5 1 100 0.75 6 926 84 390 336 82 108 0 33
15 10 5 1 100 0.75 6 927 90 405 359 84 108 0 38
15 10 5 1 100 0.75 6 928 95 420 367 90 108 0 41
15 10 5 1 100 0.75 6 929 101 435 385 95 108 0 47
15 10 5 1 100 0.75 6 930 108 450 393 101 108 0 51
15 10 5 1 100 0.75 6 931 117 465 408 108 108 0 60
15 10 5 1 100 0.75 6 932 122 479 425 116 109 1 64
15 10 5 1 100 0.75 6 933 127 492 432 119 111 3 65
15 10 5 1 100 0.75 6 934 134 505 445 122 113 5 64
15 10 5 1 100 0.75 6 935 142 519 457 128 114 6 68
15 10 5 1 100 0.75 6 936 146 532 470 134 116 8 72
15 10 5 1 100 0.75 6 937 155 541 472 132 122 14 69
15 10 5 1 100 0.75 6 938 163 554 480 139 124 16 73
15 10 5 1 100 0.75 6 939 173 567 493 145 126 18 79
15 10 5 1 100 0.75 6 940 180 579 501 152 129 21 77
15 10 5 1 100 0.75 6 941 193 592 510 157 131 23 82
15 10 5 1 100 0.75 6 942 201 604 523 167 134 26 83
15 10 5 1 100 0.75 6 943 212 612 523 168 141 33 81
15 10 5 1 100 0.75 6 944 226 624 528 176 144 36 86
15 10 5 1 100 0.75 6 945 234 636 542 187 147 39 86
15 10 5 1 100 0.75 6 946 247 642 535 186 156 48 87
15 10 5 1 100 0.75 6 947 261 652 543 196 161 53 85
15 10 5 1 100 0.75 6 948 274 665 551 208 163 55 88
15 10 5 1 100 0.75 6 949 285 674 552 217 169 61 90
15 10 5 1 100 0.75 6 950 293 686 563 225 172 64 92
15 10 5 1 100 0.75 6 951 307 698 574 231 175 67 99
15 10 5 1 100 0.75 6 952 321 710 578 242 178 70 104
15 10 5 1 100 0.75 6 953 337 718 581 249 185 77 109
15 10 5 1 100 0.75 6 954 354 728 589 262 190 82 115
15 10 5 1 100 0.75 6 955 365 738 599 276 195 87 119
15 10 5 1 100 0.75 6 956 378 746 599 282 202 94 125
15 10 5 1 100 0.75 6 957 395 760 610 297 203 95 134
15 10 5 1 100 0.75 6 958 403 769 612 309 209 101 132
15 10 5 1 100 0.75 6 959 420 779 623 315 213 106 142
15 10 5 1 100 0.75 6 960 434 791 633 330 216 109 145
15 10 5 1 100 0.75 6 961 451 802 637 343 220 113 156
15 10 5 1 100 0.75 6 962 470 809 639 354 228 121 162
15 10 5 1 100 0.75 6 963 487 820 646 373 232 125 167
15 10 5 1 100 0.75 6 964 504 829 644 385 238 131 177
15 10 5 1 100 0.75 6 965 511 839 652 398 243 136 183
15 10 5 1 100 0.75 6 966 528 844 646 399 252 146 181
15 10 5 1 100 0.75 6 967 547 852 649 411 259 153 193
15 10 5 1 100 0.75 6 968 565 862 647 429 264 158 202
15 10 5 1 100 0.75 6 969 584 870 654 445 271 165 209
15 10 5 1 100 0.75 6 970 600 879 660 461 277 171 220
15 10 5 1 100 0.75 6 971 617 884 656 473 287 181 221
15 10 5 1 100 0.75 6 972 632 884 650 480 302 196 216
15 10 5 1 100 0.75 6 973 647 888 650 492 313 207 218
15 10 5 1 100 0.75 6 974 669 890 633 496 326 220 223
15 10 5 1 100 0.75 6 975 691 892 625 510 339 233 230
15 10 5 1 100 0.75 6 976 708 898 621 530 348 242 236
15 10 5 1 100 0.75 6 977 729 901 623 545 360 254 242
15 10 5 1 100 0.75 6 978 749 906 615 563 370 264 244
15 10 5 1 100 0.75 6 979 772 905 609 573 386 280 251
15 10 5 1 100 0.75 6 980 782 908 601 594 398 292 253
15 10 5 1 100 0.75 6 981 797 910 587 602 411 305 254
15 10 5 1 100 0.75 6 982 820 918 592 621 418 312 273
15 10 5 1 100 0.75 6 983 837 915 574 638 436 330 272
15 10 5 1 100 0.75 6 984 850 922 585 661 444 338 284
15 10 5 1 100 0.75 6 985 863 924 575 672 457 351 291
15 10 5 1 100 0.75 6 986 874 929 572 686 467 361 306
15 10 5 1 100 0.75 6 987 885 925 565 695 486 380 306
15 10 5 1 100 0.75 6 988 896 928 557 709 498 392 314
15 10 5 1 100 0.75 6 989 905 928 546 717 513 407 320
15 10 5 1 100 0.75 6 990 914 924 542 725 532 426 325
15 10 5 1 100 0.75 6 991 922 927 527 738 544 438 331
15 10 5 1 100 0.75 6 992 934 926 528 742 560 454 339
15 10 5 1 100 0.75 6 993 939 926 511 756 575 469 342
15 10 5 1 100 0.75 6 994 947 925 503 761 591 485 339
15 10 5 1 100 0.75 6 995 950 920 498 767 611 505 347
15 10 5 1 100 0.75 6 996 953 918 483 770 628 522 341
15 10 5 1 100 0.75 6 997 958 922 486 771 639 533 352
15 10 5 1 100 0.75 6 998 961 916 470 774 660 554 350
15 10 5 1 100 0.75 6 999 966 908 455 766 683 577 343
15 10 5 1 100 0.75 6 1000 971 902 435 773 703 598 339
15 10 5 1 100 0.75 6 1001 975 897 428 773 723 618 339
15 10 5 1 100 0.75 6 1002 977 895 435 776 739 635 337
15 10 5 1 100 0.75 6 1003 978 888 405 773 761 657 327
15 10 5 1 100 0.75 6 1004 978 886 396 773 778 674 322
15 10 5 1 100 0.75 6 1005 978 878 401 761 801 697 318
15 10 5 1 100 0.75 6 1006 979 875 389 759 819 715 317
15 10 5 1 100 0.75 6 1007 980 867 378 752 842 738 312
15 10 5 1 100 0.75 6 1008 980 857 370 746 867 763 306
15 10 5 1 100 0.75 6 1009 980 848 335 735 891 787 295
15 10 5 1 100 0.75 6 1010 980 849 365 737 905 801 292
15 10 5 1 100 0.75 6 1011 980 851 338 735 917 814 288
15 10 5 1 100 0.75 6 1012 980 845 327 730 938 835 278
15 10 5 1 100 0.75 6 1013 980 840 327 725 958 855 267
15 10 5 1 100 0.75 6 1014 980 839 321 725 974 871 267
15 10 5 1 100 0.75 6 1015 980 836 299 724 991 889 262
15 10 5 1 100 0.75 6 1016 980 835 286 725 1007 905 257
15 10 5 1 100 0.75 6 1017 980 832 280 721 1025 923 249
15 10 5 1 100 0.75 6 1018 980 824 273 711 1048 946 235
15 10 5 1 100 0.75 6 1019 980 821 280 705 1066 964 228
15 10 5 1 100 0.75 6 1020 980 823 272 709 1079 977 225
15 10 5 1 100 0.75 6 1021 980 821 256 706 1096 994 218
15 10 5 1 100 0.75 6 1022 980 822 265 706 1110 1008 218
15 10 5 1 100 0.75 6 1023 980 820 255 705 1126 1025 211
15 10 5 1 100 0.75 6 1024 980 819 261 709 1141 1041 206
15 10 5 1 100 0.75 6 1025 980 818 236 704 1157 1057 202
15 10 5 1 100 0.75 6 1026 980 825 250 709 1164 1065 200
15 10 5 1 100 0.75 6 1027 980 823 232 707 1179 1082 194
15 10 5 1 100 0.75 6 1028 980 822 251 707 1193 1098 191
15 10 5 1 100 0.75 6 1029 980 826 260 712 1203 1109 188
15 10 5 1 100 0.75 6 1030 980 828 235 713 1216 1122 190
15 10 5 1 100 0.75 6 1031 980 833 251 721 1226 1132 187
15 10 5 1 100 0.75 6 1032 980 842 251 734 1231 1138 191
15 10 5 1 100 0.75 6 1033 980 843 239 730 1244 1152 189
15 10 5 1 100 0.75 6 1034 980 848 248 735 1253 1162 191
15 10 5 1 100 0.75 6 1035 980 853 225 740 1262 1172 195
15 10 5 1 100 0.75 6 1036 980 858 236 744 1272 1182 200
15 10 5 1 100 0.75 6 1037 980 858 249 740 1286 1197 198
15 10 5 1 100 0.75 6 1038 980 860 222 749 1298 1210 201
15 10 5 1 100 0.75 6 1039 980 858 238 743 1315 1227 201
15 10 5 1 100 0.75 6 1040 980 861 216 748 1326 1239 197
15 10 5 1 100 0.75 6 1041 980 868 254 756 1334 1247 197
15 10 5 1 100 0.75 6 1042 980 875 219 764 1341 1255 202
15 10 5 1 100 0.75 6 1043 980 880 233 767 1351 1265 206
15 10 5 1 100 0.75 6 1044 980 886 223 776 1360 1274 208
15 10 5 1 100 0.75 6 1045 980 894 237 780 1367 1281 211
15 10 5 1 100 0.75 6 1046 980 897 219 791 1379 1293 211
15 10 5 1 100 0.75 6 1047 980 906 235 791 1385 1299 216
15 10 5 1 100 0.75 6 1048 980 904 245 787 1401 1316 210
15 10 5 1 100 0.75 6 1049 980 911 215 797 1409 1324 214
15 10 5 1 100 0.75 6 1050 980 912 224 800 1423 1338 215
15 10 5 1 100 0.75 6 1050 980 912 912 800 1634 1338 215
15 10 5 1 100 0.75 6 1080 980 912 912 800 108 1338 215
15 10 5 1 100 0.75 7 1081 0 15 15 0 108 0 0
15 10 5 1 100 0.75 7 1082 0 30 30 0 108 0 0
15 10 5 1 100 0.75 7 1083 0 45 45 0 108 0 0
15 10 5 1 100 0.75 7 1084 0 60 60 0 108 0 0
15 10 5 1 100 0.75 7 1085 0 75 75 0 108 0 0
15 10 5 1 100 0.75 7 1086 0 90 90 0 108 0 0
15 10 5 1 100 0.75 7 1087 0 105 105 0 108 0 0
15 10 5 1 100 0.75 7 1088 0 120 120 0 108 0 0
15 10 5 1 100 0.75 7 1089 2 135 133 0 108 0 0
15 10 5 1 100 0.75 7 1090 3 150 147 2 108 0 0
15 10 5 1 100 0.75 7 1091 4 165 159 3 108 0 0
15 10 5 1 100 0.75 7 1092 10 180 165 4 108 0 0
15 10 5 1 100 0.75 7 1093 15 195 177 10 108 0 0
15 10 5 1 100 0.75 7 1094 22 210 186 15 108 0 0
15 10 5 1 100 0.75 7 1095 25 225 198 22 108 0 0
15 10 5 1 100 0.75 7 1096 29 240 209 25 108 0 0
15 10 5 1 100 0.75 7 1097 31 255 221 29 108 0 2
15 10 5 1 100 0.75 7 1098 33 270 236 31 108 0 3
15 10 5 1 100 0.75 7 1099 37 285 251 33 108 0 6
15 10 5 1 100 0.75 7 1100 42 300 267 37 107 0 12
15 10 5 1 100 0.75 7 1101 48 315 277 42 107 0 13
15 10 5 1 100 0.75 7 1102 52 330 297 48 107 0 19
15 10 5 1 100 0.75 7 1103 59 345 299 52 107 0 21
15 10 5 1 100 0.75 7 1104 62 360 317 59 107 0 23
15 10 5 1 100 0.75 7 1105 65 375 331 62 107 0 25
15 10 5 1 100 0.75 7 1106 70 390 345 65 107 0 27
15 10 5 1 100 0.75 7 1107 74 405 363 70 107 0 30
15 10 5 1 100 0.75 7 1108 85 420 371 74 107 0 35
15 10 5 1 100 0.75 7 1109 93 435 382 85 107 0 39
15 10 5 1 100 0.75 7 1110 97 450 393 93 107 0 42
15 10 5 1 100 0.75 7 1111 103 465 408 97 107 0 46
15 10 5 1 100 0.75 7 1112 110 479 424 102 108 1 49
15 10 5 1 100 0.75 7 1113 118 494 436 109 108 1 51
15 10 5 1 100 0.75 7 1114 124 509 444 117 108 1 57
15 10 5 1 100 0.75 7 1115 130 522 458 121 110 3 59
15 10 5 1 100 0.75 7 1116 143 536 467 126 111 4 67
15 10 5 1 100 0.75 7 1117 149 548 478 136 114 7 68
15 10 5 1 100 0.75 7 1118 159 556 486 135 121 14 66
15 10 5 1 100 0.75 7 1119 167 569 495 143 123 16 71
15 10 5 1 100 0.75 7 1120 180 580 498 147 127 20 71
15 10 5 1 100 0.75 7 1121 189 595 515 160 127 20 78
15 10 5 1 100 0.75 7 1122 198 606 521 165 131 24 77
15 10 5 1 100 0.75 7 1123 210 619 529 172 133 26 83
15 10 5 1 100 0.75 7 1124 222 630 539 180 137 30 83
15 10 5 1 100 0.75 7 1125 232 644 553 191 138 31 87
15 10 5 1 100 0.75 7 1126 240 653 558 195 144 37 87
15 10 5 1 100 0.75 7 1127 253 663 567 198 149 42 93
15 10 5 1 100 0.75 7 1128 264 674 571 207 153 46 95
15 10 5 1 100 0.75 7 1129 274 687 584 218 155 48 99
15 10 5 1 100 0.75 7 1130 283 697 587 223 160 53 103
15 10 5 1 100 0.75 7 1131 300 707 601 227 165 58 109
15 10 5 1 100 0.75 7 1132 317 714 598 237 173 66 109
15 10 5 1 100 0.75 7 1133 336 724 599 252 178 71 111
15 10 5 1 100 0.75 7 1134 347 734 604 266 183 76 114
15 10 5 1 100 0.75 7 1135 362 746 614 276 186 79 117
15 10 5 1 100 0.75 7 1136 375 759 619 291 188 81 127
15 10 5 1 100 0.75 7 1137 387 767 622 299 195 88 123
15 10 5 1 100 0.75 7 1138 405 777 629 308 200 93 129
15 10 5 1 100 0.75 7 1139 412 783 625 318 209 102 130
15 10 5 1 100 0.75 7 1140 430 793 640 322 214 107 141
15 10 5 1 100 0.75 7 1141 449 803 639 337 219 112 151
15 10 5 1 100 0.75 7 1142 463 813 641 353 224 117 153
15 10 5 1 100 0.75 7 1143 488 823 650 365 228 122 163
15 10 5 1 100 0.75 7 1144 498 826 644 384 239 134 159
15 10 5 1 100 0.75 7 1145 515 833 648 387 247 142 166
15 10 5 1 100 0.75 7 1146 527 841 646 400 254 149 170
15 10 5 1 100 0.75 7 1147 544 845 645 406 265 160 170
15 10 5 1 100 0.75 7 1148 564 856 653 422 269 164 187
15 10 5 1 100 0.75 7 1149 581 866 658 442 274 169 192
15 10 5 1 100 0.75 7 1150 599 874 645 459 281 176 202
15 10 5 1 100 0.75 7 1151 617 880 661 475 290 185 215
15 10 5 1 100 0.75 7 1152 634 885 648 489 300 195 215
15 10 5 1 100 0.75 7 1153 650 891 649 502 309 204 219
15 10 5 1 100 0.75 7 1154 667 897 640 517 318 213 226
15 10 5 1 100 0.75 7 1155 683 903 647 529 326 222 229
15 10 5 1 100 0.75 7 1156 709 907 638 538 336 233 241
15 10 5 1 100 0.75 7 1157 733 914 640 565 344 241 251
15 10 5 1 100 0.75 7 1158 750 918 634 584 355 252 260
15 10 5 1 100 0.75 7 1159 768 920 626 598 368 265 259
15 10 5 1 100 0.75 7 1160 780 924 627 615 379 276 263
15 10 5 1 100 0.75 7 1161 791 924 626 618 394 291 274
15 10 5 1 100 0.75 7 1162 810 925 603 628 406 305 273
15 10 5 1 100 0.75 7 1163 824 929 603 652 417 316 287
15 10 5 1 100 0.75 7 1164 841 936 606 670 424 324 304
15 10 5 1 100 0.75 7 1165 865 927 593 676 448 348 299
15 10 5 1 100 0.75 7 1166 881 929 578 699 461 361 310
15 10 5 1 100 0.75 7 1167 891 929 559 711 476 376 313
15 10 5 1 100 0.75 7 1168 898 930 565 717 490 390 316
15 10 5 1 100 0.75 7 1169 914 931 552 722 504 404 324
15 10 5 1 100 0.75 7 1170 927 939 549 743 511 411 343
15 10 5 1 100 0.75 7 1171 935 933 535 756 532 432 342
15 10 5 1 100 0.75 7 1172 950 930 531 766 550 450 352
15 10 5 1 100 0.75 7 1173 958 926 513 778 568 469 361
15 10 5 1 100 0.75 7 1174 963 929 510 792 580 481 364
15 10 5 1 100 0.75 7 1175 968 929 504 802 595 496 364
15 10 5 1 100 0.75 7 1176 971 922 496 796 617 518 358
15 10 5 1 100 0.75 7 1177 973 922 487 792 632 533 368
15 10 5 1 100 0.75 7 1178 976 921 483 796 648 549 369
15 10 5 1 100 0.75 7 1179 977 903 459 783 681 582 361
15 10 5 1 100 0.75 7 1180 978 900 444 779 698 600 365
15 10 5 1 100 0.75 7 1181 980 898 429 784 715 617 372
15 10 5 1 100 0.75 7 1182 980 889 407 780 739 641 360
15 10 5 1 100 0.75 7 1183 980 883 408 768 760 662 351
15 10 5 1 100 0.75 7 1184 980 878 411 761 780 682 345
15 10 5 1 100 0.75 7 1185 980 870 397 758 802 705 334
15 10 5 1 100 0.75 7 1186 980 863 378 748 824 727 328
15 10 5 1 100 0.75 7 1187 980 860 382 746 840 745 328
15 10 5 1 100 0.75 7 1188 980 850 368 735 865 770 321
15 10 5 1 100 0.75 7 1189 980 848 347 734 882 787 314
15 10 5 1 100 0.75 7 1190 980 832 326 718 913 818 290
15 10 5 1 100 0.75 7 1191 980 832 338 717 928 833 289
15 10 5 1 100 0.75 7 1192 980 822 309 711 953 858 275
15 10 5 1 100 0.75 7 1193 980 814 313 699 976 881 263
15 10 5 1 100 0.75 7 1194 980 810 300 693 994 900 257
15 10 5 1 100 0.75 7 1195 980 807 315 695 1012 918 247
15 10 5 1 100 0.75 7 1196 980 799 281 687 1035 941 235
15 10 5 1 100 0.75 7 1197 980 794 288 683 1055 961 226
15 10 5 1 100 0.75 7 1198 980 793 270 680 1070 977 218
15 10 5 1 100 0.75 7 1199 980 796 268 680 1082 989 216
15 10 5 1 100 0.75 7 1200 980 793 252 677 1099 1007 205
15 10 5 1 100 0.75 7 1201 980 792 254 680 1114 1023 200
15 10 5 1 100 0.75 7 1202 980 796 245 682 1125 1034 201
15 10 5 1 100 0.75 7 1203 980 789 239 679 1147 1056 192
15 10 5 1 100 0.75 7 1204 980 793 246 682 1157 1067 194
15 10 5 1 100 0.75 7 1205 980 795 235 678 1170 1080 189
15 10 5 1 100 0.75 7 1206 980 797 236 684 1182 1093 185
15 10 5 1 100 0.75 7 1207 980 797 233 685 1197 1108 184
15 10 5 1 100 0.75 7 1208 980 800 248 683 1208 1120 183
15 10 5 1 100 0.75 7 1209 980 803 224 689 1220 1132 184
15 10 5 1 100 0.75 7 1210 980 811 234 700 1227 1139 193
15 10 5 1 100 0.75 7 1211 980 812 232 696 1240 1153 190
15 10 5 1 100 0.75 7 1212 980 818 238 702 1249 1162 191
15 10 5 1 100 0.75 7 1213 980 821 232 710 1260 1174 193
15 10 5 1 100 0.75 7 1214 980 829 230 715 1267 1181 195
15 10 5 1 100 0.75 7 1215 980 835 251 718 1276 1190 198
15 10 5 1 100 0.75 7 1216 980 841 219 732 1285 1199 202
15 10 5 1 100 0.75 7 1217 980 844 227 731 1297 1211 204
15 10 5 1 100 0.75 7 1218 980 848 227 733 1308 1222 202
15 10 5 1 100 0.75 7 1219 980 850 228 735 1321 1235 202
15 10 5 1 100 0.75 7 1220 980 853 237 737 1333 1247 205
15 10 5 1 100 0.75 7 1221 980 859 220 745 1342 1256 201
15 10 5 1 100 0.75 7 1222 980 866 234 755 1350 1264 206
15 10 5 1 100 0.75 7 1223 980 871 216 754 1360 1274 207
15 10 5 1 100 0.75 7 1224 980 875 227 760 1370 1285 208
15 10 5 1 100 0.75 7 1225 980 884 210 770 1376 1291 208
15 10 5 1 100 0.75 7 1226 980 885 214 773 1388 1305 210
15 10 5 1 100 0.75 7 1227 980 890 236 774 1397 1315 208
15 10 5 1 100 0.75 7 1228 980 892 224 778 1407 1328 212
15 10 5 1 100 0.75 7 1229 980 896 228 783 1418 1339 212
15 10 5 1 100 0.75 7 1230 980 891 215 780 1437 1359 198
15 10 5 1 100 0.75 7 1230 980 891 891 780 1628 1359 198
15 10 5 1 100 0.75 7 1260 980 891 891 780 109 1359 198
15 10 5 1 100 0.75 8 1261 0 15 15 0 109 0 0
15 10 5 1 100 0.75 8 1262 0 30 30 0 109 0 0
15 10 5 1 100 0.75 8 1263 0 45 45 0 109 0 0
15 10 5 1 100 0.75 8 1264 0 60 60 0 109 0 0
15 10 5 1 100 0.75 8 1265 0 75 75 0 109 0 0
15 10 5 1 100 0.75 8 1266 0 90 89 0 109 0 0
15 10 5 1 100 0.75 8 1267 0 105 104 0 109 0 0
15 10 5 1 100 0.75 8 1268 0 120 120 0 109 0 0
15 10 5 1 100 0.75 8 1269 1 135 133 0 109 0 0
15 10 5 1 100 0.75 8 1270 4 150 145 1 109 0 0
15 10 5 1 100 0.75 8 1271 5 165 159 4 109 0 0
15 10 5 1 100 0.75 8 1272 6 180 172 5 109 0 0
15 10 5 1 100 0.75 8 1273 8 195 184 6 109 0 0
15 10 5 1 100 0.75 8 1274 13 210 193 8 109 0 0
15 10 5 1 100 0.75 8 1275 21 225 197 13 109 0 0
15 10 5 1 100 0.75 8 1276 27 240 211 21 109 0 0
15 10 5 1 100 0.75 8 1277 30 255 223 27 109 0 1
15 10 5 1 100 0.75 8 1278 38 270 235 30 109 0 3
15 10 5 1 100 0.75 8 1279 42 285 245 38 109 0 4
15 10 5 1 100 0.75 8 1280 45 300 255 42 109 0 4
15 10 5 1 100 0.75 8 1281 49 315 272 45 109 0 7
15 10 5 1 100 0.75 8 1282 61 330 283 49 109 0 14
15 10 5 1 100 0.75 8 1283 65 345 299 61 109 0 19
15 10 5 1 100 0.75 8 1284 70 360 312 65 109 0 22
15 10 5 1 100 0.75 8 1285 78 375 326 70 109 0 26
15 10 5 1 100 0.75 8 1286 84 390 339 78 109 0 29
15 10 5 1 100 0.75 8 1287 90 405 352 84 109 0 31
15 10 5 1 100 0.75 8 1288 92 420 365 90 108 0 34
15 10 5 1 100 0.75 8 1289 98 435 383 92 108 0 41
15 10 5 1 100 0.75 8 1290 108 450 395 98 108 0 46
15 10 5 1 100 0.75 8 1291 111 465 414 108 108 0 51
15 10 5 1 100 0.75 8 1292 120 479 417 110 109 1 53
15 10 5 1 100 0.75 8 1293 124 494 436 119 108 1 56
15 10 5 1 100 0.75 8 1294 134 509 451 123 108 1 61
15 10 5 1 100 0.75 8 1295 137 524 465 133 108 1 64
15 10 5 1 100 0.75 8 1296 146 537 470 134 110 3 65
15 10 5 1 100 0.75 8 1297 153 548 485 139 114 7 66
15 10 5 1 100 0.75 8 1298 163 560 486 143 116 10 66
15 10 5 1 100 0.75 8 1299 169 572 502 150 119 13 67
15 10 5 1 100 0.75 8 1300 174 584 509 153 122 16 68
15 10 5 1 100 0.75 8 1301 186 596 520 155 125 19 73
15 10 5 1 100 0.75 8 1302 195 609 531 165 127 21 74
15 10 5 1 100 0.75 8 1303 206 621 536 171 130 24 75
15 10 5 1 100 0.75 8 1304 217 632 542 179 134 28 77
15 10 5 1 100 0.75 8 1305 228 642 550 185 139 33 78
15 10 5 1 100 0.75 8 1306 241 652 560 191 144 38 78
15 10 5 1 100 0.75 8 1307 250 661 563 198 150 44 74
15 10 5 1 100 0.75 8 1308 262 672 563 203 154 48 73
15 10 5 1 100 0.75 8 1309 273 684 576 214 157 51 82
15 10 5 1 100 0.75 8 1310 285 691 581 218 165 59 84
15 10 5 1 100 0.75 8 1311 293 705 592 229 165 60 89
15 10 5 1 100 0.75 8 1312 310 718 594 236 167 62 95
15 10 5 1 100 0.75 8 1313 325 730 610 253 170 65 105
15 10 5 1 100 0.75 8 1314 334 739 611 263 176 71 103
15 10 5 1 100 0.75 8 1315 347 748 617 266 182 77 107
15 10 5 1 100 0.75 8 1316 359 759 619 277 186 81 110
15 10 5 1 100 0.75 8 1317 376 767 618 282 193 88 111
15 10 5 1 100 0.75 8 1318 394 780 633 299 195 90 119
15 10 5 1 100 0.75 8 1319 407 793 646 315 196 92 125
15 10 5 1 100 0.75 8 1320 420 804 651 325 200 96 130
15 10 5 1 100 0.75 8 1321 433 813 652 333 206 102 136
15 10 5 1 100 0.75 8 1322 451 824 664 342 210 106 143
15 10 5 1 100 0.75 8 1323 469 829 666 351 220 116 142
15 10 5 1 100 0.75 8 1324 482 837 664 364 227 123 145
15 10 5 1 100 0.75 8 1325 506 845 664 372 233 130 153
15 10 5 1 100 0.75 8 1326 521 856 667 397 237 134 158
15 10 5 1 100 0.75 8 1327 533 867 673 412 241 138 168
15 10 5 1 100 0.75 8 1328 545 878 681 424 245 142 175
15 10 5 1 100 0.75 8 1329 569 881 673 426 257 154 176
15 10 5 1 100 0.75 8 1330 587 888 674 445 265 162 181
15 10 5 1 100 0.75 8 1331 608 894 673 458 274 171 189
15 10 5 1 100 0.75 8 1332 621 901 663 478 282 179 197
15 10 5 1 100 0.75 8 1333 643 910 675 492 288 185 209
15 10 5 1 100 0.75 8 1334 662 917 677 511 296 193 215
15 10 5 1 100 0.75 8 1335 677 926 677 532 302 199 223
15 10 5 1 100 0.75 8 1336 698 933 677 540 310 207 232
15 10 5 1 100 0.75 8 1337 717 938 677 556 320 217 242
15 10 5 1 100 0.75 8 1338 736 937 668 568 335 233 248
15 10 5 1 100 0.75 8 1339 748 946 667 590 341 239 250
15 10 5 1 100 0.75 8 1340 769 949 661 598 353 251 258
15 10 5 1 100 0.75 8 1341 787 950 647 622 367 265 261
15 10 5 1 100 0.75 8 1342 803 953 647 634 379 277 272
15 10 5 1 100 0.75 8 1343 814 959 641 653 388 286 279
15 10 5 1 100 0.75 8 1344 824 961 634 662 401 299 284
15 10 5 1 100 0.75 8 1345 844 962 623 670 415 313 298
15 10 5 1 100 0.75 8 1346 855 968 627 701 424 322 302
15 10 5 1 100 0.75 8 1347 869 965 616 707 439 337 311
15 10 5 1 100 0.75 8 1348 882 966 618 720 453 351 318
15 10 5 1 100 0.75 8 1349 893 968 606 736 465 363 327
15 10 5 1 100 0.75 8 1350 908 963 592 745 481 380 334
15 10 5 1 100 0.75 8 1351 914 960 580 760 499 398 332
15 10 5 1 100 0.75 8 1352 924 961 562 772 513 412 348
15 10 5 1 100 0.75 8 1353 935 958 555 783 531 430 347
15 10 5 1 100 0.75 8 1354 946 959 536 788 545 444 349
15 10 5 1 100 0.75 8 1355 952 958 539 796 561 460 353
15 10 5 1 100 0.75 8 1356 957 955 530 800 579 478 361
15 10 5 1 100 0.75 8 1357 963 955 536 805 594 493 365
15 10 5 1 100 0.75 8 1358 970 945 505 804 619 518 364
15 10 5 1 100 0.75 8 1359 971 940 506 807 637 538 368
15 10 5 1 100 0.75 8 1360 974 933 477 802 658 560 356
15 10 5 1 100 0.75 8 1361 975 931 482 807 675 577 356
15 10 5 1 100 0.75 8 1362 979 924 446 799 697 599 355
15 10 5 1 100 0.75 8 1363 980 909 436 792 727 629 337
15 10 5 1 100 0.75 8 1364 980 908 444 791 743 645 339
15 10 5 1 100 0.75 8 1365 980 901 422 792 764 667 333
15 10 5 1 100 0.75 8 1366 980 896 417 784 782 687 327
15 10 5 1 100 0.75 8 1367 980 892 395 777 801 706 321
15 10 5 1 100 0.75 8 1368 980 886 397 770 821 727 312
15 10 5 1 100 0.75 8 1369 980 880 385 767 842 748 310
15 10 5 1 100 0.75 8 1370 980 878 382 765 859 765 307
15 10 5 1 100 0.75 8 1371 980 866 361 755 885 792 293
15 10 5 1 100 0.75 8 1372 980 858 358 743 908 815 288
15 10 5 1 100 0.75 8 1373 980 855 338 739 925 833 280
15 10 5 1 100 0.75 8 1374 980 851 327 738 944 852 271
15 10 5 1 100 0.75 8 1375 980 850 337 736 959 868 267
15 10 5 1 100 0.75 8 1376 980 841 314 726 983 892 260
15 10 5 1 100 0.75 8 1377 980 836 308 721 1003 912 255
15 10 5 1 100 0.75 8 1378 980 840 297 724 1014 923 252
15 10 5 1 100 0.75 8 1379 980 839 308 724 1030 939 245
15 10 5 1 100 0.75 8 1380 980 833 280 721 1049 960 240
15 10 5 1 100 0.75 8 1381 980 832 297 718 1065 976 231
15 10 5 1 100 0.75 8 1382 980 830 279 714 1082 993 223
15 10 5 1 100 0.75 8 1383 980 829 282 713 1097 1009 224
15 10 5 1 100 0.75 8 1384 980 828 276 717 1112 1025 220
15 10 5 1 100 0.75 8 1385 980 828 268 714 1127 1040 213
15 10 5 1 100 0.75 8 1386 980 832 262 721 1138 1051 216
15 10 5 1 100 0.75 8 1387 980 837 263 723 1148 1061 216
15 10 5 1 100 0.75 8 1388 980 838 277 721 1162 1075 213
15 10 5 1 100 0.75 8 1389 980 836 259 724 1179 1092 212
15 10 5 1 100 0.75 8 1390 980 836 266 721 1194 1107 206
15 10 5 1 100 0.75 8 1391 980 839 258 726 1206 1119 206
15 10 5 1 100 0.75 8 1392 980 847 263 737 1212 1126 213
15 10 5 1 100 0.75 8 1393 980 850 235 740 1223 1138 212
15 10 5 1 100 0.75 8 1394 980 853 236 742 1235 1150 206
15 10 5 1 100 0.75 8 1395 980 850 250 736 1252 1168 206
15 10 5 1 100 0.75 8 1396 980 855 236 746 1261 1178 210
15 10 5 1 100 0.75 8 1397 980 860 229 749 1270 1188 204
15 10 5 1 100 0.75 8 1398 980 864 246 749 1281 1199 209
15 10 5 1 100 0.75 8 1399 980 868 234 754 1292 1210 209
15 10 5 1 100 0.75 8 1400 980 870 247 756 1304 1223 207
15 10 5 1 100 0.75 8 1401 980 876 231 764 1311 1232 206
15 10 5 1 100 0.75 8 1402 980 874 250 759 1328 1249 201
15 10 5 1 100 0.75 8 1403 980 874 245 763 1342 1264 201
15 10 5 1 100 0.75 8 1404 980 883 236 770 1348 1270 201
15 10 5 1 100 0.75 8 1405 980 888 234 775 1358 1280 202
15 10 5 1 100 0.75 8 1406 980 883 225 767 1378 1300 194
15 10 5 1 100 0.75 8 1407 980 887 224 775 1388 1311 190
15 10 5 1 100 0.75 8 1408 980 887 219 774 1403 1326 187
15 10 5 1 100 0.75 8 1409 980 892 210 779 1413 1336 190
15 10 5 1 100 0.75 8 1410 980 896 232 784 1424 1347 187
15 10 5 1 100 0.75 8 1410 980 896 896 784 1608 1347 187
15 10 5 1 100 0.75 8 1440 980 896 896 784 109 1347 187
15 10 5 1 100 0.75 9 1441 0 15 15 0 109 0 0
15 10 5 1 100 0.75 9 1442 0 30 30 0 109 0 0
15 10 5 1 100 0.75 9 1443 0 45 45 0 109 0 0
15 10 5 1 100 0.75 9 1444 0 60 60 0 109 0 0
15 10 5 1 100 0.75 9 1445 0 75 75 0 109 0 0
15 10 5 1 100 0.75 9 1446 0 90 89 0 109 0 0
15 10 5 1 100 0.75 9 1447 0 105 104 0 109 0 0
15 10 5 1 100 0.75 9 1448 1 120 117 0 109 0 0
15 10 5 1 100 0.75 9 1449 5 135 128 1 109 0 0
15 10 5 1 100 0.75 9 1450 9 150 139 5 109 0 0
15 10 5 1 100 0.75 9 1451 15 165 147 9 109 0 0
15 10 5 1 100 0.75 9 1452 18 180 159 15 109 0 0
15 10 5 1 100 0.75 9 1453 28 195 165 18 109 0 0
15 10 5 1 100 0.75 9 1454 34 210 174 28 109 0 0
15 10 5 1 100 0.75 9 1455 37 225 189 34 109 0 1
15 10 5 1 100 0.75 9 1456 37 240 202 37 109 0 2
15 10 5 1 100 0.75 9 1457 40 255 218 37 109 0 5
15 10 5 1 100 0.75 9 1458 44 270 234 40 109 0 9
15 10 5 1 100 0.75 9 1459 48 285 247 44 109 0 13
15 10 5 1 100 0.75 9 1460 55 300 258 48 109 0 17
15 10 5 1 100 0.75 9 1461 62 315 274 55 109 0 24
15 10 5 1 100 0.75 9 1462 68 330 285 62 109 0 29
15 10 5 1 100 0.75 9 1463 71 345 302 68 109 0 29
15 10 5 1 100 0.75 9 1464 76 360 311 71 109 0 29
15 10 5 1 100 0.75 9 1465 81 375 325 76 109 0 33
15 10 5 1 100 0.75 9 1466 84 390 337 81 109 0 34
15 10 5 1 100 0.75 9 1467 88 405 359 84 109 0 40
15 10 5 1 100 0.75 9 1468 93 420 373 88 109 0 46
15 10 5 1 100 0.75 9 1469 96 435 388 93 109 0 48
15 10 5 1 100 0.75 9 1470 105 449 403 95 110 1 52
15 10 5 1 100 0.75 9 1471 110 464 407 104 110 1 53
15 10 5 1 100 0.75 9 1472 118 478 423 108 111 2 55
15 10 5 1 100 0.75 9 1473 125 491 433 114 113 4 57
15 10 5 1 100 0.75 9 1474 132 503 442 118 116 7 56
15 10 5 1 100 0.75 9 1475 144 517 453 124 117 8 57
15 10 5 1 100 0.75 9 1476 155 527 453 131 122 13 57
15 10 5 1 100 0.75 9 1477 163 539 461 139 125 16 57
15 10 5 1 100 0.75 9 1478 168 552 473 145 127 18 58
15 10 5 1 100 0.75 9 1479 179 562 477 145 132 23 61
15 10 5 1 100 0.75 9 1480 192 574 492 153 135 26 63
15 10 5 1 100 0.75 9 1481 197 586 496 163 138 29 64
15 10 5 1 100 0.75 9 1482 207 597 502 165 142 33 65
15 10 5 1 100 0.75 9 1483 217 609 517 173 145 36 69
15 10 5 1 100 0.75 9 1484 223 623 533 182 146 37 79
15 10 5 1 100 0.75 9 1485 234 634 535 184 150 41 79
15 10 5 1 100 0.75 9 1486 252 642 541 188 157 48 79
15 10 5 1 100 0.75 9 1487 261 654 551 203 160 51 83
15 10 5 1 100 0.75 9 1488 276 666 561 210 163 54 88
15 10 5 1 100 0.75 9 1489 288 678 568 222 166 57 94
15 10 5 1 100 0.75 9 1490 302 691 577 232 168 59 100
15 10 5 1 100 0.75 9 1491 314 705 587 246 169 60 102
15 10 5 1 100 0.75 9 1492 329 715 591 253 174 65 105
15 10 5 1 100 0.75 9 1493 347 726 592 265 178 69 113
15 10 5 1 100 0.75 9 1494 354 736 605 278 183 74 118
15 10 5 1 100 0.75 9 1495 364 748 614 284 186 77 124
15 10 5 1 100 0.75 9 1496 379 757 615 290 192 83 129
15 10 5 1 100 0.75 9 1497 395 768 628 305 196 87 132
15 10 5 1 100 0.75 9 1498 407 778 636 316 201 92 138
15 10 5 1 100 0.75 9 1499 425 787 639 323 207 98 147
15 10 5 1 100 0.75 9 1500 437 795 635 337 214 105 155
15 10 5 1 100 0.75 9 1501 452 807 651 348 217 108 161
15 10 5 1 100 0.75 9 1502 461 811 641 353 228 119 156
15 10 5 1 100 0.75 9 1503 480 820 651 359 234 125 165
15 10 5 1 100 0.75 9 1504 498 825 645 373 244 135 164
15 10 5 1 100 0.75 9 1505 516 831 633 383 253 144 165
15 10 5 1 100 0.75 9 1506 532 840 640 399 259 150 174
15 10 5 1 100 0.75 9 1507 551 848 650 411 266 157 176
15 10 5 1 100 0.75 9 1508 563 859 657 431 270 161 182
15 10 5 1 100 0.75 9 1509 577 868 660 440 276 167 187
15 10 5 1 100 0.75 9 1510 592 877 666 456 282 173 195
15 10 5 1 100 0.75 9 1511 611 882 658 465 292 183 197
15 10 5 1 100 0.75 9 1512 630 885 654 477 304 195 200
15 10 5 1 100 0.75 9 1513 649 890 659 491 313 205 206
15 10 5 1 100 0.75 9 1514 669 894 647 507 324 216 205
15 10 5 1 100 0.75 9 1515 686 899 644 525 334 226 213
15 10 5 1 100 0.75 9 1516 702 900 624 535 347 240 211
15 10 5 1 100 0.75 9 1517 717 903 628 545 359 252 218
15 10 5 1 100 0.75 9 1518 733 905 622 556 371 265 221
15 10 5 1 100 0.75 9 1519 750 911 622 574 380 274 226
15 10 5 1 100 0.75 9 1520 775 916 612 589 390 284 237
15 10 5 1 100 0.75 9 1521 787 921 616 613 400 294 248
15 10 5 1 100 0.75 9 1522 805 928 627 627 408 302 256
15 10 5 1 100 0.75 9 1523 823 931 611 645 420 314 261
15 10 5 1 100 0.75 9 1524 839 936 601 664 430 324 267
15 10 5 1 100 0.75 9 1525 849 934 590 672 447 341 267
15 10 5 1 100 0.75 9 1526 854 939 590 683 457 351 273
15 10 5 1 100 0.75 9 1527 869 943 595 692 468 362 290
15 10 5 1 100 0.75 9 1528 884 941 583 703 485 379 292
15 10 5 1 100 0.75 9 1529 894 948 586 724 491 387 303
15 10 5 1 100 0.75 9 1530 901 947 581 734 507 403 310
15 10 5 1 100 0.75 9 1531 912 944 565 745 525 421 317
15 10 5 1 100 0.75 9 1532 919 942 553 749 542 438 319
15 10 5 1 100 0.75 9 1533 925 942 529 753 557 453 321
15 10 5 1 100 0.75 9 1534 927 942 536 760 572 468 316
15 10 5 1 100 0.75 9 1535 936 937 529 758 592 488 323
15 10 5 1 100 0.75 9 1536 942 937 519 767 607 503 329
15 10 5 1 100 0.75 9 1537 949 934 510 772 625 521 333
15 10 5 1 100 0.75 9 1538 955 932 482 780 642 538 330
15 10 5 1 100 0.75 9 1539 956 933 486 788 656 552 335
15 10 5 1 100 0.75 9 1540 958 929 480 783 675 571 330
15 10 5 1 100 0.75 9 1541 963 933 470 794 686 582 337
15 10 5 1 100 0.75 9 1542 965 931 458 799 703 599 331
15 10 5 1 100 0.75 9 1543 969 928 459 797 720 617 336
15 10 5 1 100 0.75 9 1544 971 915 440 786 747 645 328
15 10 5 1 100 0.75 9 1545 976 911 429 786 766 664 324
15 10 5 1 100 0.75 9 1546 977 902 405 786 790 688 312
15 10 5 1 100 0.75 9 1547 977 899 398 783 808 706 308
15 10 5 1 100 0.75 9 1548 978 898 386 778 823 722 307
15 10 5 1 100 0.75 9 1549 978 891 394 778 845 744 297
15 10 5 1 100 0.75 9 1550 979 887 402 770 863 763 289
15 10 5 1 100 0.75 9 1551 980 878 376 764 887 787 279
15 10 5 1 100 0.75 9 1552 980 880 371 766 899 800 284
15 10 5 1 100 0.75 9 1553 980 880 344 765 914 815 282
15 10 5 1 100 0.75 9 1554 980 870 344 757 937 840 272
15 10 5 1 100 0.75 9 1555 980 863 333 751 959 862 264
15 10 5 1 100 0.75 9 1556 980 863 317 747 974 877 260
15 10 5 1 100 0.75 9 1557 980 862 314 744 990 893 256
15 10 5 1 100 0.75 9 1558 980 862 293 748 1004 908 252
15 10 5 1 100 0.75 9 1559 980 859 312 746 1021 926 247
15 10 5 1 100 0.75 9 1560 980 856 293 741 1039 944 242
15 10 5 1 100 0.75 9 1561 980 854 296 740 1055 961 236
15 10 5 1 100 0.75 9 1562 980 848 287 736 1076 982 228
15 10 5 1 100 0.75 9 1563 980 851 278 738 1088 994 224
15 10 5 1 100 0.75 9 1564 980 850 267 736 1104 1010 221
15 10 5 1 100 0.75 9 1565 980 857 269 743 1112 1018 229
15 10 5 1 100 0.75 9 1566 980 859 280 746 1125 1031 227
15 10 5 1 100 0.75 9 1567 980 861 290 745 1137 1044 228
15 10 5 1 100 0.75 9 1568 980 858 275 745 1154 1062 225
15 10 5 1 100 0.75 9 1569 980 858 249 747 1168 1077 222
15 10 5 1 100 0.75 9 1570 980 860 287 746 1181 1090 219
15 10 5 1 100 0.75 9 1571 980 862 266 750 1194 1103 217
15 10 5 1 100 0.75 9 1572 980 863 250 750 1208 1117 216
15 10 5 1 100 0.75 9 1573 980 862 266 749 1223 1133 210
15 10 5 1 100 0.75 9 1574 980 863 266 751 1237 1147 206
15 10 5 1 100 0.75 9 1575 980 870 253 760 1245 1155 212
15 10 5 1 100 0.75 9 1576 980 876 237 764 1254 1164 211
15 10 5 1 100 0.75 9 1577 980 881 242 772 1263 1174 214
15 10 5 1 100 0.75 9 1578 980 883 241 773 1275 1187 211
15 10 5 1 100 0.75 9 1579 980 885 250 770 1287 1200 208
15 10 5 1 100 0.75 9 1580 980 889 238 775 1298 1211 210
15 10 5 1 100 0.75 9 1581 980 889 231 778 1313 1226 209
15 10 5 1 100 0.75 9 1582 980 892 232 781 1325 1238 209
15 10 5 1 100 0.75 9 1583 980 893 238 778 1338 1252 206
15 10 5 1 100 0.75 9 1584 980 892 222 779 1354 1268 204
15 10 5 1 100 0.75 9 1585 980 898 239 786 1363 1277 203
15 10 5 1 100 0.75 9 1586 980 901 235 788 1374 1289 200
15 10 5 1 100 0.75 9 1587 980 908 249 791 1380 1297 208
15 10 5 1 100 0.75 9 1588 980 904 241 790 1398 1316 203
15 10 5 1 100 0.75 9 1589 980 908 224 796 1408 1327 200
15 10 5 1 100 0.75 9 1590 980 908 243 795 1423 1342 195
15 10 5 1 100 0.75 9 1590 980 908 908 795 1614 1342 195
15 10 5 1 100 0.75 9 1620 980 908 908 795 109 1342 195
15 10 5 1 100 0.75 10 1621 0 15 15 0 109 0 0
15 10 5 1 100 0.75 10 1622 0 30 30 0 109 0 0
15 10 5 1 100 0.75 10 1623 0 45 45 0 109 0 0
15 10 5 1 100 0.75 10 1624 0 60 60 0 109 0 0
15 10 5 1 100 0.75 10 1625 0 75 75 0 109 0 0
15 10 5 1 100 0.75 10 1626 0 90 90 0 109 0 0
15 10 5 1 100 0.75 10 1627 0 105 104 0 109 0 0
15 10 5 1 100 0.75 10 1628 0 120 118 0 109 0 0
15 10 5 1 100 0.75 10 1629 2 135 132 0 109 0 0
15 10 5 1 100 0.75 10 1630 3 150 144 2 109 0 0
15 10 5 1 100 0.75 10 1631 6 165 157 3 109 0 0
15 10 5 1 100 0.75 10 1632 10 180 168 6 109 0 0
15 10 5 1 100 0.75 10 1633 12 195 181 10 109 0 0
15 10 5 1 100 0.75 10 1634 16 210 193 12 109 0 0
15 10 5 1 100 0.75 10 1635 20 225 205 16 109 0 0
15 10 5 1 100 0.75 10 1636 24 240 214 20 109 0 0
15 10 5 1 100 0.75 10 1637 26 255 228 24 109 0 2
15 10 5 1 100 0.75 10 1638 32 270 238 26 109 0 4
15 10 5 1 100 0.75 10 1639 37 285 252 32 109 0 5
15 10 5 1 100 0.75 10 1640 43 300 267 37 109 0 9
15 10 5 1 100 0.75 10 1641 47 315 279 43 109 0 9
15 10 5 1 100 0.75 10 1642 56 330 290 47 109 0 13
15 10 5 1 100 0.75 10 1643 59 345 304 56 109 0 17
15 10 5 1 100 0.75 10 1644 62 360 318 59 109 0 18
15 10 5 1 100 0.75 10 1645 66 375 335 62 109 0 24
15 10 5 1 100 0.75 10 1646 72 390 345 66 109 0 27
15 10 5 1 100 0.75 10 1647 77 405 361 72 109 0 31
15 10 5 1 100 0.75 10 1648 90 420 368 77 109 0 37
15 10 5 1 100 0.75 10 1649 96 435 386 90 109 0 43
15 10 5 1 100 0.75 10 1650 105 450 394 96 109 0 48
15 10 5 1 100 0.75 10 1651 112 465 410 105 109 0 49
15 10 5 1 100 0.75 10 1652 116 479 419 111 110 1 52
15 10 5 1 100 0.75 10 1653 121 493 430 114 111 2 54
15 10 5 1 100 0.75 10 1654 126 508 442 119 111 2 57
15 10 5 1 100 0.75 10 1655 133 521 458 122 113 4 60
15 10 5 1 100 0.75 10 1656 139 536 473 129 113 4 70
15 10 5 1 100 0.75 10 1657 150 548 480 132 116 7 74
15 10 5 1 100 0.75 10 1658 164 560 488 140 119 10 74
15 10 5 1 100 0.75 10 1659 173 574 502 153 120 11 78
15 10 5 1 100 0.75 10 1660 181 584 509 157 125 16 77
15 10 5 1 100 0.75 10 1661 188 595 518 161 129 20 78
15 10 5 1 100 0.75 10 1662 198 608 527 166 131 22 82
15 10 5 1 100 0.75 10 1663 207 618 533 171 136 27 82
15 10 5 1 100 0.75 10 1664 216 628 541 175 141 32 80
15 10 5 1 100 0.75 10 1665 232 637 543 178 147 38 84
15 10 5 1 100 0.75 10 1666 242 649 549 191 150 41 86
15 10 5 1 100 0.75 10 1667 250 662 568 199 152 43 90
15 10 5 1 100 0.75 10 1668 260 675 575 205 154 45 94
15 10 5 1 100 0.75 10 1669 275 683 574 208 161 52 92
15 10 5 1 100 0.75 10 1670 283 696 595 222 163 54 97
15 10 5 1 100 0.75 10 1671 299 706 591 226 168 59 98
15 10 5 1 100 0.75 10 1672 313 717 596 238 172 63 104
15 10 5 1 100 0.75 10 1673 327 724 601 244 180 71 105
15 10 5 1 100 0.75 10 1674 342 736 610 256 183 74 107
15 10 5 1 100 0.75 10 1675 354 747 612 267 186 78 110
15 10 5 1 100 0.75 10 1676 367 755 622 274 193 85 115
15 10 5 1 100 0.75 10 1677 381 761 616 279 202 94 115
15 10 5 1 100 0.75 10 1678 393 771 620 288 207 99 120
15 10 5 1 100 0.75 10 1679 405 784 630 302 209 101 129
15 10 5 1 100 0.75 10 1680 418 794 639 311 214 106 134
15 10 5 1 100 0.75 10 1681 436 806 641 323 217 109 145
15 10 5 1 100 0.75 10 1682 446 816 653 338 222 114 152
15 10 5 1 100 0.75 10 1683 462 820 651 343 233 125 150
15 10 5 1 100 0.75 10 1684 482 834 653 359 234 126 164
15 10 5 1 100 0.75 10 1685 496 845 663 378 238 130 170
15 10 5 1 100 0.75 10 1686 509 849 654 386 248 141 166
15 10 5 1 100 0.75 10 1687 520 856 668 392 256 149 171
15 10 5 1 100 0.75 10 1688 535 860 657 400 266 160 176
15 10 5 1 100 0.75 10 1689 549 870 670 415 271 165 181
15 10 5 1 100 0.75 10 1690 564 878 665 423 278 172 181
15 10 5 1 100 0.75 10 1691 580 890 678 442 281 175 188
15 10 5 1 100 0.75 10 1692 602 892 672 447 294 188 195
15 10 5 1 100 0.75 10 1693 623 897 667 470 304 198 198
15 10 5 1 100 0.75 10 1694 634 905 669 488 311 205 200
15 10 5 1 100 0.75 10 1695 649 913 658 503 317 212 209
15 10 5 1 100 0.75 10 1696 669 912 648 510 333 228 203
15 10 5 1 100 0.75 10 1697 680 919 646 532 341 236 210
15 10 5 1 100 0.75 10 1698 696 920 635 535 355 250 217
15 10 5 1 100 0.75 10 1699 714 921 628 553 369 264 220
15 10 5 1 100 0.75 10 1700 728 930 630 574 375 270 235
15 10 5 1 100 0.75 10 1701 740 933 635 587 387 282 239
15 10 5 1 100 0.75 10 1702 750 934 626 598 401 296 240
15 10 5 1 100 0.75 10 1703 769 943 623 610 407 302 257
15 10 5 1 100 0.75 10 1704 782 943 612 623 422 317 258
15 10 5 1 100 0.75 10 1705 794 947 617 640 433 328 263
15 10 5 1 100 0.75 10 1706 803 953 611 654 442 337 277
15 10 5 1 100 0.75 10 1707 821 953 609 664 455 352 282
15 10 5 1 100 0.75 10 1708 837 958 611 685 465 362 290
15 10 5 1 100 0.75 10 1709 841 958 593 695 480 377 291
15 10 5 1 100 0.75 10 1710 856 965 589 708 488 385 299
15 10 5 1 100 0.75 10 1711 870 965 584 720 503 400 314
15 10 5 1 100 0.75 10 1712 877 966 576 732 517 414 314
15 10 5 1 100 0.75 10 1713 887 964 566 741 533 430 313
15 10 5 1 100 0.75 10 1714 893 965 562 755 547 444 320
15 10 5 1 100 0.75 10 1715 905 966 549 754 560 458 328
15 10 5 1 100 0.75 10 1716 913 961 526 765 578 477 323
15 10 5 1 100 0.75 10 1717 922 955 525 774 599 498 318
15 10 5 1 100 0.75 10 1718 929 950 511 778 619 518 315
15 10 5 1 100 0.75 10 1719 935 949 489 786 635 534 324
15 10 5 1 100 0.75 10 1720 938 952 510 792 647 546 330
15 10 5 1 100 0.75 10 1721 945 948 503 790 666 565 331
15 10 5 1 100 0.75 10 1722 952 945 475 796 683 583 331
15 10 5 1 100 0.75 10 1723 956 944 474 801 699 599 340
15 10 5 1 100 0.75 10 1724 965 942 472 798 716 616 344
15 10 5 1 100 0.75 10 1725 968 930 454 798 743 643 334
15 10 5 1 100 0.75 10 1726 971 921 438 796 767 667 327
15 10 5 1 100 0.75 10 1727 974 921 417 801 782 682 324
15 10 5 1 100 0.75 10 1728 976 917 414 793 801 701 322
15 10 5 1 100 0.75 10 1729 976 918 415 796 815 715 331
15 10 5 1 100 0.75 10 1730 977 911 411 792 837 737 325
15 10 5 1 100 0.75 10 1731 979 913 403 793 850 750 328
15 10 5 1 100 0.75 10 1732 980 901 377 783 877 777 322
15 10 5 1 100 0.75 10 1733 980 903 375 791 889 790 322
15 10 5 1 100 0.75 10 1734 980 898 347 783 908 810 314
15 10 5 1 100 0.75 10 1735 980 894 352 783 926 829 305
15 10 5 1 100 0.75 10 1736 980 886 342 767 948 852 297
15 10 5 1 100 0.75 10 1737 980 889 360 776 960 864 295
15 10 5 1 100 0.75 10 1738 980 891 331 779 973 877 294
15 10 5 1 100 0.75 10 1739 980 888 316 776 991 895 291
15 10 5 1 100 0.75 10 1740 980 876 322 762 1017 922 276
15 10 5 1 100 0.75 10 1741 980 875 323 764 1032 938 271
15 10 5 1 100 0.75 10 1742 980 868 311 758 1054 960 259
15 10 5 1 100 0.75 10 1743 980 862 300 749 1075 981 254
15 10 5 1 100 0.75 10 1744 980 854 265 742 1097 1004 247
15 10 5 1 100 0.75 10 1745 980 857 295 742 1109 1016 240
15 10 5 1 100 0.75 10 1746 980 857 287 746 1124 1031 239
15 10 5 1 100 0.75 10 1747 980 855 272 746 1141 1048 228
15 10 5 1 100 0.75 10 1748 980 847 276 735 1164 1071 220
15 10 5 1 100 0.75 10 1749 980 842 242 727 1184 1091 211
15 10 5 1 100 0.75 10 1750 980 847 268 735 1194 1101 208
15 10 5 1 100 0.75 10 1751 980 846 253 733 1209 1117 202
15 10 5 1 100 0.75 10 1752 980 844 237 731 1226 1134 199
15 10 5 1 100 0.75 10 1753 980 849 241 737 1236 1144 201
15 10 5 1 100 0.75 10 1754 980 849 238 736 1251 1159 198
15 10 5 1 100 0.75 10 1755 980 857 244 743 1257 1166 203
15 10 5 1 100 0.75 10 1756 980 860 251 747 1269 1178 201
15 10 5 1 100 0.75 10 1757 980 866 243 754 1278 1187 204
15 10 5 1 100 0.75 10 1758 980 870 242 756 1289 1198 202
15 10 5 1 100 0.75 10 1759 980 868 249 755 1306 1215 196
15 10 5 1 100 0.75 10 1760 980 876 226 766 1313 1222 199
15 10 5 1 100 0.75 10 1761 980 874 238 761 1328 1239 198
15 10 5 1 100 0.75 10 1762 980 880 231 765 1337 1248 200
15 10 5 1 100 0.75 10 1763 980 881 235 767 1351 1262 199
15 10 5 1 100 0.75 10 1764 980 880 225 763 1366 1278 194
15 10 5 1 100 0.75 10 1765 980 885 221 773 1375 1288 192
15 10 5 1 100 0.75 10 1766 980 892 220 779 1383 1296 197
15 10 5 1 100 0.75 10 1767 980 900 231 786 1390 1303 202
15 10 5 1 100 0.75 10 1768 980 907 225 796 1397 1311 201
15 10 5 1 100 0.75 10 1769 980 905 206 792 1414 1328 193
15 10 5 1 100 0.75 10 1770 980 908 218 794 1426 1340 195
15 10 5 1 100 0.75 10 1770 980 908 908 794 1615 1340 195
15 10 5 1 100 0.75 10 1800 980 908 908 794 109 1340 195
