9 50 1 1 100 0.75 1 1 0 9 9 0 100 0 0
9 50 1 1 100 0.75 1 2 0 18 18 0 100 0 0
9 50 1 1 100 0.75 1 3 0 27 27 0 100 0 0
9 50 1 1 100 0.75 1 4 0 36 36 0 100 0 0
9 50 1 1 100 0.75 1 5 0 45 45 0 100 0 0
9 50 1 1 100 0.75 1 6 0 54 53 0 100 0 0
9 50 1 1 100 0.75 1 7 0 63 63 0 100 0 0
9 50 1 1 100 0.75 1 8 2 72 70 0 100 0 0
9 50 1 1 100 0.75 1 9 5 81 74 2 100 0 0
9 50 1 1 100 0.75 1 10 7 90 81 5 100 0 0
9 50 1 1 100 0.75 1 11 12 99 86 7 100 0 0
9 50 1 1 100 0.75 1 12 15 108 91 12 100 0 0
9 50 1 1 100 0.75 1 13 20 117 96 15 100 0 0
9 50 1 1 100 0.75 1 14 27 126 94 20 100 0 0
9 50 1 1 100 0.75 1 15 33 135 97 27 100 0 0
9 50 1 1 100 0.75 1 16 43 144 103 33 100 0 2
9 50 1 1 100 0.75 1 17 51 153 105 43 100 0 3
9 50 1 1 100 0.75 1 18 61 162 111 51 100 0 6
9 50 1 1 100 0.75 1 19 66 171 114 61 100 0 10
9 50 1 1 100 0.75 1 20 75 180 120 66 100 0 14
9 50 1 1 100 0.75 1 21 83 189 126 75 100 0 19
9 50 1 1 100 0.75 1 22 89 198 135 83 100 0 24
9 50 1 1 100 0.75 1 23 96 207 142 89 99 0 33
9 50 1 1 100 0.75 1 24 100 216 153 96 99 0 36
9 50 1 1 100 0.75 1 25 104 225 164 100 99 0 43
9 50 1 1 100 0.75 1 26 112 234 172 104 99 0 49
9 50 1 1 100 0.75 1 27 118 243 184 112 99 0 55
9 50 1 1 100 0.75 1 28 128 252 189 118 99 0 63
9 50 1 1 100 0.75 1 29 133 261 204 128 99 0 67
9 50 1 1 100 0.75 1 30 137 270 212 133 99 0 73
9 50 1 1 100 0.75 1 31 141 279 224 137 99 0 76
9 50 1 1 100 0.75 1 32 147 288 231 141 99 0 79
9 50 1 1 100 0.75 1 33 160 295 224 145 101 2 83
9 50 1 1 100 0.75 1 34 163 301 231 155 104 5 83
9 50 1 1 100 0.75 1 35 171 309 240 157 104 6 85
9 50 1 1 100 0.75 1 36 178 314 249 161 108 10 88
9 50 1 1 100 0.75 1 37 186 320 244 165 111 13 89
9 50 1 1 100 0.75 1 38 195 326 250 170 113 16 89
9 50 1 1 100 0.75 1 39 205 331 248 175 117 20 90
9 50 1 1 100 0.75 1 40 217 336 256 181 121 24 94
9 50 1 1 100 0.75 1 41 229 334 242 182 132 35 89
9 50 1 1 100 0.75 1 42 244 337 236 188 138 41 87
9 50 1 1 100 0.75 1 43 252 338 240 195 146 49 86
9 50 1 1 100 0.75 1 44 258 343 241 199 150 53 85
9 50 1 1 100 0.75 1 45 267 345 247 199 157 60 88
9 50 1 1 100 0.75 1 46 278 346 237 200 165 68 86
9 50 1 1 100 0.75 1 47 288 351 237 207 169 72 89
9 50 1 1 100 0.75 1 48 297 359 250 216 170 73 94
9 50 1 1 100 0.75 1 49 311 365 254 222 173 76 104
9 50 1 1 100 0.75 1 50 326 369 251 232 178 81 109
9 50 1 1 100 0.75 1 51 334 377 261 246 179 82 117
9 50 1 1 100 0.75 1 52 345 378 257 247 187 90 113
9 50 1 1 100 0.75 1 53 353 383 252 256 191 94 116
9 50 1 1 100 0.75 1 54 366 383 247 255 200 103 112
9 50 1 1 100 0.75 1 55 374 387 245 263 205 108 114
9 50 1 1 100 0.75 1 56 389 390 252 268 211 114 120
9 50 1 1 100 0.75 1 57 399 395 258 282 215 118 128
9 50 1 1 100 0.75 1 58 411 399 268 290 220 123 132
9 50 1 1 100 0.75 1 59 424 403 259 298 225 128 135
9 50 1 1 100 0.75 1 60 425 408 267 310 229 132 137
9 50 1 1 100 0.75 1 61 431 409 254 306 237 140 138
9 50 1 1 100 0.75 1 62 439 415 264 312 240 143 145
9 50 1 1 100 0.75 1 63 443 420 265 317 244 147 152
9 50 1 1 100 0.75 1 64 447 420 267 323 253 156 155
9 50 1 1 100 0.75 1 65 453 419 262 324 263 166 157
9 50 1 1 100 0.75 1 66 457 415 258 322 276 179 150
9 50 1 1 100 0.75 1 67 462 417 257 324 283 186 156
9 50 1 1 100 0.75 1 68 464 420 262 329 289 192 155
9 50 1 1 100 0.75 1 69 469 424 257 331 294 197 157
9 50 1 1 100 0.75 1 70 478 424 254 334 303 206 157
9 50 1 1 100 0.75 1 71 480 429 270 342 307 210 162
9 50 1 1 100 0.75 1 72 485 432 262 345 313 216 164
9 50 1 1 100 0.75 1 73 489 428 253 345 326 229 161
9 50 1 1 100 0.75 1 74 491 428 252 347 335 238 160
9 50 1 1 100 0.75 1 75 494 429 255 348 343 246 156
9 50 1 1 100 0.75 1 76 500 428 250 346 353 256 151
9 50 1 1 100 0.75 1 77 501 427 252 346 363 266 150
9 50 1 1 100 0.75 1 78 505 427 249 341 372 275 149
9 50 1 1 100 0.75 1 79 508 428 243 345 380 283 148
9 50 1 1 100 0.75 1 80 514 431 239 348 386 289 149
9 50 1 1 100 0.75 1 81 515 433 235 356 393 296 149
9 50 1 1 100 0.75 1 82 518 431 231 351 404 307 148
9 50 1 1 100 0.75 1 83 520 424 227 350 420 323 138
9 50 1 1 100 0.75 1 84 522 421 224 346 432 335 129
9 50 1 1 100 0.75 1 85 524 426 216 351 436 339 133
9 50 1 1 100 0.75 1 86 526 427 220 354 444 347 130
9 50 1 1 100 0.75 1 87 529 423 202 352 457 360 123
9 50 1 1 100 0.75 1 88 530 424 214 354 464 368 126
9 50 1 1 100 0.75 1 89 531 424 198 352 473 377 128
9 50 1 1 100 0.75 1 90 531 427 210 356 479 383 126
9 50 1 1 100 0.75 1 91 533 428 220 354 487 391 122
9 50 1 1 100 0.75 1 92 534 431 213 360 493 397 123
9 50 1 1 100 0.75 1 93 535 435 222 364 498 402 129
9 50 1 1 100 0.75 1 94 535 436 205 367 506 410 130
9 50 1 1 100 0.75 1 95 537 437 217 367 514 418 131
9 50 1 1 100 0.75 1 96 538 437 209 368 523 427 123
9 50 1 1 100 0.75 1 97 538 441 206 368 528 432 127
9 50 1 1 100 0.75 1 98 538 445 200 373 533 437 130
9 50 1 1 100 0.75 1 99 539 444 203 373 543 447 128
9 50 1 1 100 0.75 1 100 541 449 208 376 547 451 132
9 50 1 1 100 0.75 1 101 541 452 198 381 553 457 135
9 50 1 1 100 0.75 1 102 541 453 196 383 561 465 133
9 50 1 1 100 0.75 1 103 541 455 198 384 568 472 132
9 50 1 1 100 0.75 1 104 541 450 206 382 581 486 122
9 50 1 1 100 0.75 1 105 541 450 189 381 590 495 119
9 50 1 1 100 0.75 1 106 542 454 196 380 594 500 120
9 50 1 1 100 0.75 1 107 542 457 197 389 600 506 120
9 50 1 1 100 0.75 1 108 543 457 196 389 609 515 119
9 50 1 1 100 0.75 1 109 543 456 191 388 617 525 118
9 50 1 1 100 0.75 1 110 543 461 199 391 621 529 120
9 50 1 1 100 0.75 1 111 543 464 201 396 627 535 119
9 50 1 1 100 0.75 1 112 543 465 202 395 635 543 117
9 50 1 1 100 0.75 1 113 543 464 193 391 645 553 116
9 50 1 1 100 0.75 1 114 543 472 206 406 646 554 122
9 50 1 1 100 0.75 1 115 544 473 194 403 654 562 122
9 50 1 1 100 0.75 1 116 544 469 189 400 667 575 117
9 50 1 1 100 0.75 1 117 544 470 188 402 675 583 113
9 50 1 1 100 0.75 1 118 544 476 187 404 678 586 117
9 50 1 1 100 0.75 1 119 544 478 206 408 685 593 115
9 50 1 1 100 0.75 1 120 544 482 205 413 690 598 117
9 50 1 1 100 0.75 1 121 544 486 197 414 695 603 119
9 50 1 1 100 0.75 1 122 544 485 208 417 705 613 114
9 50 1 1 100 0.75 1 123 544 488 206 416 711 619 118
9 50 1 1 100 0.75 1 124 544 489 184 419 719 627 112
9 50 1 1 100 0.75 1 125 544 493 181 422 724 632 112
9 50 1 1 100 0.75 1 126 544 496 196 430 730 638 112
9 50 1 1 100 0.75 1 127 544 500 210 435 735 643 114
9 50 1 1 100 0.75 1 128 544 503 200 432 741 649 113
9 50 1 1 100 0.75 1 129 544 504 187 436 749 657 114
9 50 1 1 100 0.75 1 130 544 506 183 433 756 664 112
9 50 1 1 100 0.75 1 131 544 508 195 441 763 671 114
9 50 1 1 100 0.75 1 132 544 512 195 441 766 676 112
9 50 1 1 100 0.75 1 133 544 513 197 446 773 684 116
9 50 1 1 100 0.75 1 134 544 518 187 452 777 688 116
9 50 1 1 100 0.75 1 135 544 514 198 446 790 701 109
9 50 1 1 100 0.75 1 136 544 519 186 448 793 705 112
9 50 1 1 100 0.75 1 137 544 519 173 452 802 714 109
9 50 1 1 100 0.75 1 138 544 520 183 448 810 722 108
9 50 1 1 100 0.75 1 139 544 525 184 456 813 726 111
9 50 1 1 100 0.75 1 140 544 527 188 460 820 733 111
9 50 1 1 100 0.75 1 141 544 533 186 467 823 736 112
9 50 1 1 100 0.75 1 142 544 535 192 467 830 743 111
9 50 1 1 100 0.75 1 143 544 539 190 474 834 748 110
9 50 1 1 100 0.75 1 144 544 539 200 473 839 753 112
9 50 1 1 100 0.75 1 145 544 535 183 474 848 762 112
9 50 1 1 100 0.75 1 146 544 535 182 477 857 771 112
9 50 1 1 100 0.75 1 147 544 541 186 479 860 774 117
9 50 1 1 100 0.75 1 148 544 538 177 484 866 780 115
9 50 1 1 100 0.75 1 149 544 534 191 481 876 790 113
9 50 1 1 100 0.75 1 150 544 537 168 488 882 796 115
9 50 1 1 100 0.75 1 150 544 537 537 488 996 796 115
9 50 1 1 100 0.75 1 180 544 537 537 488 520 796 115
9 50 1 1 100 0.75 2 181 0 9 9 0 520 0 0
9 50 1 1 100 0.75 2 182 0 18 18 0 520 0 0
9 50 1 1 100 0.75 2 183 0 27 27 0 520 0 0
9 50 1 1 100 0.75 2 184 0 36 36 0 520 0 0
9 50 1 1 100 0.75 2 185 0 45 45 0 520 0 0
9 50 1 1 100 0.75 2 186 0 54 51 0 520 0 0
9 50 1 1 100 0.75 2 187 0 63 57 0 520 0 0
9 50 1 1 100 0.75 2 188 7 72 58 0 520 0 0
9 50 1 1 100 0.75 2 189 16 81 59 7 520 0 0
9 50 1 1 100 0.75 2 190 28 90 50 16 520 0 0
9 50 1 1 100 0.75 2 191 36 99 44 28 520 0 0
9 50 1 1 100 0.75 2 192 45 108 45 36 520 0 0
9 50 1 1 100 0.75 2 193 57 117 41 45 520 0 0
9 50 1 1 100 0.75 2 194 67 126 46 57 520 0 0
9 50 1 1 100 0.75 2 195 74 135 46 67 519 0 2
9 50 1 1 100 0.75 2 196 84 144 56 74 519 0 9
9 50 1 1 100 0.75 2 197 88 153 59 84 519 0 14
9 50 1 1 100 0.75 2 198 99 162 65 88 519 0 21
9 50 1 1 100 0.75 2 199 108 171 69 99 518 0 27
9 50 1 1 100 0.75 2 200 117 180 67 108 518 0 38
9 50 1 1 100 0.75 2 201 128 189 67 117 518 0 46
9 50 1 1 100 0.75 2 202 135 198 84 128 518 0 52
9 50 1 1 100 0.75 2 203 148 207 81 135 518 0 60
9 50 1 1 100 0.75 2 204 155 216 97 148 518 0 65
9 50 1 1 100 0.75 2 205 166 225 90 155 518 0 70
9 50 1 1 100 0.75 2 206 173 234 96 166 518 0 80
9 50 1 1 100 0.75 2 207 183 243 100 173 518 0 85
9 50 1 1 100 0.75 2 208 190 252 114 183 517 0 94
9 50 1 1 100 0.75 2 209 199 261 116 190 517 0 103
9 50 1 1 100 0.75 2 210 212 270 120 199 515 0 114
9 50 1 1 100 0.75 2 211 220 276 122 209 517 3 117
9 50 1 1 100 0.75 2 212 225 283 142 215 519 5 118
9 50 1 1 100 0.75 2 213 238 289 136 217 521 8 123
9 50 1 1 100 0.75 2 214 243 294 142 226 524 12 125
9 50 1 1 100 0.75 2 215 254 297 139 225 530 18 128
9 50 1 1 100 0.75 2 216 262 297 144 227 539 27 123
9 50 1 1 100 0.75 2 217 273 298 136 227 547 35 121
9 50 1 1 100 0.75 2 218 282 302 144 233 552 40 124
9 50 1 1 100 0.75 2 219 287 302 144 233 561 49 120
9 50 1 1 100 0.75 2 220 296 306 146 234 566 54 124
9 50 1 1 100 0.75 2 221 308 303 155 231 578 66 118
9 50 1 1 100 0.75 2 222 318 309 148 240 580 69 123
9 50 1 1 100 0.75 2 223 324 311 138 244 587 76 123
9 50 1 1 100 0.75 2 224 334 312 137 242 595 84 122
9 50 1 1 100 0.75 2 225 339 314 143 247 602 91 120
9 50 1 1 100 0.75 2 226 345 319 144 250 605 95 119
9 50 1 1 100 0.75 2 227 353 320 149 249 613 103 120
9 50 1 1 100 0.75 2 228 359 323 131 253 619 109 123
9 50 1 1 100 0.75 2 229 366 324 133 253 627 117 120
9 50 1 1 100 0.75 2 230 373 325 134 253 635 125 119
9 50 1 1 100 0.75 2 231 381 326 142 254 643 133 118
9 50 1 1 100 0.75 2 232 388 329 135 259 649 139 116
9 50 1 1 100 0.75 2 233 391 328 133 259 659 149 111
9 50 1 1 100 0.75 2 234 395 333 138 263 663 153 110
9 50 1 1 100 0.75 2 235 404 334 146 262 671 161 111
9 50 1 1 100 0.75 2 236 409 338 141 270 676 166 111
9 50 1 1 100 0.75 2 237 412 338 126 269 685 175 108
9 50 1 1 100 0.75 2 238 417 344 132 275 688 178 111
9 50 1 1 100 0.75 2 239 426 343 123 273 698 188 109
9 50 1 1 100 0.75 2 240 431 343 148 275 707 197 106
9 50 1 1 100 0.75 2 241 434 347 130 278 712 202 109
9 50 1 1 100 0.75 2 242 441 352 133 280 715 206 111
9 50 1 1 100 0.75 2 243 448 356 140 286 720 211 114
9 50 1 1 100 0.75 2 244 452 357 140 291 727 219 111
9 50 1 1 100 0.75 2 245 456 355 121 288 738 230 111
9 50 1 1 100 0.75 2 246 459 359 138 291 743 235 110
9 50 1 1 100 0.75 2 247 463 364 130 297 747 239 114
9 50 1 1 100 0.75 2 248 467 370 132 302 750 242 117
9 50 1 1 100 0.75 2 249 471 371 142 302 758 250 116
9 50 1 1 100 0.75 2 250 474 375 142 308 763 255 122
9 50 1 1 100 0.75 2 251 477 379 138 308 768 260 125
9 50 1 1 100 0.75 2 252 479 382 134 314 774 266 122
9 50 1 1 100 0.75 2 253 481 386 148 317 779 271 125
9 50 1 1 100 0.75 2 254 483 387 148 318 787 279 121
9 50 1 1 100 0.75 2 255 486 389 153 319 794 286 123
9 50 1 1 100 0.75 2 256 487 391 146 321 801 293 123
9 50 1 1 100 0.75 2 257 490 394 149 323 806 299 121
9 50 1 1 100 0.75 2 258 493 395 142 323 814 307 119
9 50 1 1 100 0.75 2 259 499 397 143 326 821 314 119
9 50 1 1 100 0.75 2 260 502 400 140 332 827 320 120
9 50 1 1 100 0.75 2 261 503 403 131 336 833 326 119
9 50 1 1 100 0.75 2 262 506 409 143 342 835 329 125
9 50 1 1 100 0.75 2 263 506 406 134 340 846 341 119
9 50 1 1 100 0.75 2 264 508 405 134 336 854 351 113
9 50 1 1 100 0.75 2 265 508 406 135 336 862 359 113
9 50 1 1 100 0.75 2 266 510 412 120 343 865 362 117
9 50 1 1 100 0.75 2 267 513 413 143 345 873 370 119
9 50 1 1 100 0.75 2 268 516 419 131 352 876 373 125
9 50 1 1 100 0.75 2 269 516 424 150 357 880 377 129
9 50 1 1 100 0.75 2 270 516 424 132 358 889 386 126
9 50 1 1 100 0.75 2 271 517 420 139 349 902 399 121
9 50 1 1 100 0.75 2 272 519 421 150 351 910 407 118
9 50 1 1 100 0.75 2 273 523 423 136 356 917 414 118
9 50 1 1 100 0.75 2 274 523 427 141 364 922 419 123
9 50 1 1 100 0.75 2 275 524 428 149 359 930 427 121
9 50 1 1 100 0.75 2 276 524 433 127 361 934 431 124
9 50 1 1 100 0.75 2 277 526 436 147 367 940 437 121
9 50 1 1 100 0.75 2 278 528 439 137 370 946 443 123
9 50 1 1 100 0.75 2 279 529 441 155 373 953 450 123
9 50 1 1 100 0.75 2 280 529 445 149 377 957 455 124
9 50 1 1 100 0.75 2 281 531 445 137 379 966 464 126
9 50 1 1 100 0.75 2 282 532 448 141 379 972 470 122
9 50 1 1 100 0.75 2 283 535 448 139 380 981 479 122
9 50 1 1 100 0.75 2 284 535 449 131 380 989 487 119
9 50 1 1 100 0.75 2 285 536 453 139 385 994 492 123
9 50 1 1 100 0.75 2 286 537 456 129 387 1000 498 123
9 50 1 1 100 0.75 2 287 537 458 140 387 1007 505 127
9 50 1 1 100 0.75 2 288 537 459 140 389 1015 513 123
9 50 1 1 100 0.75 2 289 537 462 134 396 1021 519 126
9 50 1 1 100 0.75 2 290 537 461 121 392 1031 529 121
9 50 1 1 100 0.75 2 291 537 465 127 400 1036 534 127
9 50 1 1 100 0.75 2 292 537 467 138 400 1042 541 123
9 50 1 1 100 0.75 2 293 538 464 118 397 1054 553 114
9 50 1 1 100 0.75 2 294 538 471 112 404 1054 555 119
9 50 1 1 100 0.75 2 295 539 477 133 411 1056 558 127
9 50 1 1 100 0.75 2 296 539 479 129 410 1063 565 124
9 50 1 1 100 0.75 2 297 539 480 136 411 1069 573 121
9 50 1 1 100 0.75 2 298 539 479 136 409 1079 583 118
9 50 1 1 100 0.75 2 299 540 483 125 415 1084 588 117
9 50 1 1 100 0.75 2 300 541 485 137 417 1090 595 121
9 50 1 1 100 0.75 2 301 541 487 132 419 1097 602 121
9 50 1 1 100 0.75 2 302 542 484 132 416 1109 614 118
9 50 1 1 100 0.75 2 303 543 488 144 421 1114 619 116
9 50 1 1 100 0.75 2 304 543 486 119 420 1125 630 112
9 50 1 1 100 0.75 2 305 543 493 142 424 1127 632 117
9 50 1 1 100 0.75 2 306 543 495 108 426 1134 639 115
9 50 1 1 100 0.75 2 307 543 500 128 433 1137 643 118
9 50 1 1 100 0.75 2 308 543 499 126 433 1147 653 118
9 50 1 1 100 0.75 2 309 543 504 133 434 1151 657 125
9 50 1 1 100 0.75 2 310 543 509 135 442 1155 661 127
9 50 1 1 100 0.75 2 311 543 510 141 441 1163 669 124
9 50 1 1 100 0.75 2 312 543 514 129 445 1168 674 125
9 50 1 1 100 0.75 2 313 543 513 150 448 1177 684 124
9 50 1 1 100 0.75 2 314 543 512 128 443 1187 694 120
9 50 1 1 100 0.75 2 315 543 511 124 443 1196 704 119
9 50 1 1 100 0.75 2 316 544 510 123 443 1206 714 114
9 50 1 1 100 0.75 2 317 544 517 126 449 1208 716 117
9 50 1 1 100 0.75 2 318 544 523 131 455 1211 719 119
9 50 1 1 100 0.75 2 319 544 526 125 456 1217 725 119
9 50 1 1 100 0.75 2 320 544 527 122 459 1222 733 119
9 50 1 1 100 0.75 2 321 544 533 133 465 1225 736 120
9 50 1 1 100 0.75 2 322 544 534 115 467 1233 744 121
9 50 1 1 100 0.75 2 323 544 536 123 466 1239 751 122
9 50 1 1 100 0.75 2 324 544 534 139 468 1249 761 117
9 50 1 1 100 0.75 2 325 544 533 116 468 1258 771 111
9 50 1 1 100 0.75 2 326 544 534 119 468 1264 779 111
9 50 1 1 100 0.75 2 327 544 539 116 471 1268 783 114
9 50 1 1 100 0.75 2 328 544 539 133 477 1273 788 117
9 50 1 1 100 0.75 2 329 544 537 134 478 1280 795 112
9 50 1 1 100 0.75 2 330 544 534 123 478 1290 805 110
9 50 1 1 100 0.75 2 330 544 534 534 478 1399 805 110
9 50 1 1 100 0.75 2 360 544 534 534 478 536 805 110
9 50 1 1 100 0.75 3 361 0 9 9 0 536 0 0
9 50 1 1 100 0.75 3 362 0 18 18 0 536 0 0
9 50 1 1 100 0.75 3 363 0 27 27 0 536 0 0
9 50 1 1 100 0.75 3 364 0 36 36 0 536 0 0
9 50 1 1 100 0.75 3 365 0 45 44 0 536 0 0
9 50 1 1 100 0.75 3 366 0 54 51 0 536 0 0
9 50 1 1 100 0.75 3 367 0 63 57 0 536 0 0
9 50 1 1 100 0.75 3 368 8 72 61 0 536 0 0
9 50 1 1 100 0.75 3 369 18 81 52 8 536 0 0
9 50 1 1 100 0.75 3 370 24 90 55 18 536 0 0
9 50 1 1 100 0.75 3 371 41 99 43 24 536 0 0
9 50 1 1 100 0.75 3 372 44 108 48 41 536 0 0
9 50 1 1 100 0.75 3 373 55 117 42 44 536 0 0
9 50 1 1 100 0.75 3 374 65 126 49 55 536 0 0
9 50 1 1 100 0.75 3 375 74 135 50 65 536 0 6
9 50 1 1 100 0.75 3 376 83 144 51 74 536 0 14
9 50 1 1 100 0.75 3 377 91 153 51 83 536 0 19
9 50 1 1 100 0.75 3 378 101 162 55 91 536 0 24
9 50 1 1 100 0.75 3 379 110 171 60 101 536 0 34
9 50 1 1 100 0.75 3 380 119 180 80 110 536 0 42
9 50 1 1 100 0.75 3 381 128 189 73 119 536 0 46
9 50 1 1 100 0.75 3 382 138 198 88 128 536 0 53
9 50 1 1 100 0.75 3 383 148 207 83 138 536 0 58
9 50 1 1 100 0.75 3 384 157 216 93 148 536 0 61
9 50 1 1 100 0.75 3 385 166 225 94 157 536 0 68
9 50 1 1 100 0.75 3 386 171 234 101 166 536 0 75
9 50 1 1 100 0.75 3 387 181 243 114 171 536 0 82
9 50 1 1 100 0.75 3 388 194 252 119 181 536 0 93
9 50 1 1 100 0.75 3 389 201 261 115 194 536 0 98
9 50 1 1 100 0.75 3 390 211 270 117 201 536 0 106
9 50 1 1 100 0.75 3 391 219 274 128 206 541 5 110
9 50 1 1 100 0.75 3 392 230 280 130 211 544 8 115
9 50 1 1 100 0.75 3 393 239 285 129 218 548 12 113
9 50 1 1 100 0.75 3 394 245 291 132 224 550 15 115
9 50 1 1 100 0.75 3 395 255 295 138 225 555 20 117
9 50 1 1 100 0.75 3 396 265 300 133 231 558 24 122
9 50 1 1 100 0.75 3 397 273 300 148 232 567 33 118
9 50 1 1 100 0.75 3 398 280 300 131 231 576 42 116
9 50 1 1 100 0.75 3 399 289 304 128 233 581 47 120
9 50 1 1 100 0.75 3 400 297 307 142 238 587 53 120
9 50 1 1 100 0.75 3 401 304 310 148 240 593 59 118
9 50 1 1 100 0.75 3 402 312 311 123 239 601 67 115
9 50 1 1 100 0.75 3 403 323 316 138 244 605 71 120
9 50 1 1 100 0.75 3 404 332 315 149 246 615 81 116
9 50 1 1 100 0.75 3 405 343 315 138 246 624 90 111
9 50 1 1 100 0.75 3 406 349 317 127 251 631 97 113
9 50 1 1 100 0.75 3 407 355 318 129 250 639 105 116
9 50 1 1 100 0.75 3 408 360 319 118 250 647 113 112
9 50 1 1 100 0.75 3 409 368 321 134 252 653 120 110
9 50 1 1 100 0.75 3 410 373 326 140 259 657 124 115
9 50 1 1 100 0.75 3 411 381 330 142 259 662 129 115
9 50 1 1 100 0.75 3 412 384 329 132 260 672 139 113
9 50 1 1 100 0.75 3 413 394 333 143 260 677 144 115
9 50 1 1 100 0.75 3 414 400 335 148 267 684 151 115
9 50 1 1 100 0.75 3 415 404 339 142 271 688 156 117
9 50 1 1 100 0.75 3 416 411 344 146 275 692 160 122
9 50 1 1 100 0.75 3 417 415 347 140 279 697 166 119
9 50 1 1 100 0.75 3 418 417 351 146 286 702 171 117
9 50 1 1 100 0.75 3 419 425 351 140 281 711 180 112
9 50 1 1 100 0.75 3 420 428 353 151 283 718 187 111
9 50 1 1 100 0.75 3 421 433 352 144 281 728 197 108
9 50 1 1 100 0.75 3 422 438 354 130 286 735 204 107
9 50 1 1 100 0.75 3 423 443 357 141 288 740 210 108
9 50 1 1 100 0.75 3 424 446 361 135 293 745 215 111
9 50 1 1 100 0.75 3 425 451 364 138 293 751 221 114
9 50 1 1 100 0.75 3 426 455 370 129 300 754 224 112
9 50 1 1 100 0.75 3 427 458 365 128 295 767 238 109
9 50 1 1 100 0.75 3 428 463 370 136 300 771 242 113
9 50 1 1 100 0.75 3 429 467 371 121 303 779 250 113
9 50 1 1 100 0.75 3 430 469 375 123 309 784 255 114
9 50 1 1 100 0.75 3 431 474 379 129 311 789 260 113
9 50 1 1 100 0.75 3 432 477 380 129 312 797 268 112
9 50 1 1 100 0.75 3 433 481 382 143 316 804 275 114
9 50 1 1 100 0.75 3 434 485 385 137 317 810 281 115
9 50 1 1 100 0.75 3 435 486 388 128 320 816 287 117
9 50 1 1 100 0.75 3 436 488 390 113 322 823 294 121
9 50 1 1 100 0.75 3 437 490 396 144 330 824 297 128
9 50 1 1 100 0.75 3 438 491 399 140 332 830 303 129
9 50 1 1 100 0.75 3 439 496 399 133 327 839 312 128
9 50 1 1 100 0.75 3 440 498 402 115 334 845 318 126
9 50 1 1 100 0.75 3 441 503 405 137 335 851 324 130
9 50 1 1 100 0.75 3 442 504 410 126 341 855 328 133
9 50 1 1 100 0.75 3 443 505 413 138 343 861 334 132
9 50 1 1 100 0.75 3 444 506 413 124 346 870 343 131
9 50 1 1 100 0.75 3 445 509 410 133 341 882 355 124
9 50 1 1 100 0.75 3 446 512 413 134 347 888 361 125
9 50 1 1 100 0.75 3 447 512 419 145 350 891 364 131
9 50 1 1 100 0.75 3 448 515 424 141 351 894 368 132
9 50 1 1 100 0.75 3 449 516 427 144 359 899 374 136
9 50 1 1 100 0.75 3 450 518 432 137 363 903 378 138
9 50 1 1 100 0.75 3 451 521 430 139 361 914 389 135
9 50 1 1 100 0.75 3 452 526 429 136 360 924 399 133
9 50 1 1 100 0.75 3 453 527 428 127 364 934 409 134
9 50 1 1 100 0.75 3 454 529 428 127 359 943 418 128
9 50 1 1 100 0.75 3 455 529 424 138 356 956 431 125
9 50 1 1 100 0.75 3 456 532 428 124 358 961 436 125
9 50 1 1 100 0.75 3 457 533 428 131 360 970 445 124
9 50 1 1 100 0.75 3 458 533 433 124 366 974 449 126
9 50 1 1 100 0.75 3 459 534 437 122 368 979 454 130
9 50 1 1 100 0.75 3 460 536 437 136 368 988 463 131
9 50 1 1 100 0.75 3 461 537 435 105 366 999 474 124
9 50 1 1 100 0.75 3 462 537 441 125 374 1002 477 130
9 50 1 1 100 0.75 3 463 538 442 126 377 1010 485 128
9 50 1 1 100 0.75 3 464 539 446 132 379 1015 490 133
9 50 1 1 100 0.75 3 465 539 447 136 378 1023 498 133
9 50 1 1 100 0.75 3 466 539 447 123 378 1031 507 126
9 50 1 1 100 0.75 3 467 539 447 125 379 1040 516 129
9 50 1 1 100 0.75 3 468 539 451 125 380 1045 521 130
9 50 1 1 100 0.75 3 469 540 453 129 387 1052 528 131
9 50 1 1 100 0.75 3 470 540 448 125 381 1066 542 124
9 50 1 1 100 0.75 3 471 540 450 140 383 1072 549 121
9 50 1 1 100 0.75 3 472 540 451 125 384 1080 557 121
9 50 1 1 100 0.75 3 473 541 454 119 387 1086 563 120
9 50 1 1 100 0.75 3 474 542 459 123 392 1089 567 122
9 50 1 1 100 0.75 3 475 542 466 115 399 1091 569 127
9 50 1 1 100 0.75 3 476 542 469 136 400 1097 575 128
9 50 1 1 100 0.75 3 477 542 469 117 401 1106 584 124
9 50 1 1 100 0.75 3 478 542 472 124 404 1112 590 124
9 50 1 1 100 0.75 3 479 543 470 126 401 1123 601 121
9 50 1 1 100 0.75 3 480 543 471 112 405 1131 609 119
9 50 1 1 100 0.75 3 481 543 470 127 403 1141 619 116
9 50 1 1 100 0.75 3 482 543 469 123 402 1150 629 113
9 50 1 1 100 0.75 3 483 543 470 116 405 1158 637 110
9 50 1 1 100 0.75 3 484 543 476 117 407 1161 640 113
9 50 1 1 100 0.75 3 485 543 478 111 408 1167 647 109
9 50 1 1 100 0.75 3 486 543 478 119 410 1176 656 109
9 50 1 1 100 0.75 3 487 543 480 130 413 1182 663 110
9 50 1 1 100 0.75 3 488 543 482 112 413 1189 670 109
9 50 1 1 100 0.75 3 489 543 488 128 421 1192 673 113
9 50 1 1 100 0.75 3 490 543 491 123 424 1198 679 114
9 50 1 1 100 0.75 3 491 543 493 116 426 1205 686 110
9 50 1 1 100 0.75 3 492 544 497 119 428 1210 691 116
9 50 1 1 100 0.75 3 493 544 503 123 435 1212 694 119
9 50 1 1 100 0.75 3 494 544 502 135 434 1222 704 114
9 50 1 1 100 0.75 3 495 544 502 116 434 1231 713 113
9 50 1 1 100 0.75 3 496 544 509 116 440 1233 715 116
9 50 1 1 100 0.75 3 497 544 510 121 441 1241 723 119
9 50 1 1 100 0.75 3 498 544 512 134 444 1248 730 117
9 50 1 1 100 0.75 3 499 544 512 110 448 1257 739 117
9 50 1 1 100 0.75 3 500 544 514 99 449 1264 746 117
9 50 1 1 100 0.75 3 501 544 517 109 451 1270 752 116
9 50 1 1 100 0.75 3 502 544 520 111 452 1275 758 114
9 50 1 1 100 0.75 3 503 544 524 108 454 1280 763 117
9 50 1 1 100 0.75 3 504 544 527 107 460 1285 769 116
9 50 1 1 100 0.75 3 505 544 530 127 465 1291 775 122
9 50 1 1 100 0.75 3 506 544 530 114 463 1299 784 118
9 50 1 1 100 0.75 3 507 544 532 118 466 1306 791 118
9 50 1 1 100 0.75 3 508 544 535 119 466 1312 797 119
9 50 1 1 100 0.75 3 509 544 536 119 469 1317 805 116
9 50 1 1 100 0.75 3 510 544 539 120 472 1322 810 117
9 50 1 1 100 0.75 3 510 544 539 539 472 1437 810 117
9 50 1 1 100 0.75 3 540 544 539 539 472 537 810 117
9 50 1 1 100 0.75 4 541 0 9 9 0 537 0 0
9 50 1 1 100 0.75 4 542 0 18 18 0 537 0 0
9 50 1 1 100 0.75 4 543 0 27 27 0 537 0 0
9 50 1 1 100 0.75 4 544 0 36 35 0 537 0 0
9 50 1 1 100 0.75 4 545 0 45 43 0 537 0 0
9 50 1 1 100 0.75 4 546 0 54 52 0 537 0 0
9 50 1 1 100 0.75 4 547 1 63 56 0 537 0 0
9 50 1 1 100 0.75 4 548 4 72 58 1 537 0 0
9 50 1 1 100 0.75 4 549 15 81 57 4 537 0 0
9 50 1 1 100 0.75 4 550 28 90 52 15 536 0 0
9 50 1 1 100 0.75 4 551 39 99 41 28 536 0 0
9 50 1 1 100 0.75 4 552 48 108 44 39 536 0 0
9 50 1 1 100 0.75 4 553 56 117 40 48 536 0 0
9 50 1 1 100 0.75 4 554 64 126 42 56 535 0 1
9 50 1 1 100 0.75 4 555 75 135 41 64 535 0 2
9 50 1 1 100 0.75 4 556 87 144 44 75 535 0 10
9 50 1 1 100 0.75 4 557 91 153 48 87 535 0 14
9 50 1 1 100 0.75 4 558 100 162 64 91 534 0 21
9 50 1 1 100 0.75 4 559 110 171 58 100 534 0 27
9 50 1 1 100 0.75 4 560 117 180 72 110 533 0 34
9 50 1 1 100 0.75 4 561 128 189 82 117 532 0 39
9 50 1 1 100 0.75 4 562 137 198 75 128 531 0 48
9 50 1 1 100 0.75 4 563 146 207 85 137 531 0 57
9 50 1 1 100 0.75 4 564 156 216 77 146 531 0 61
9 50 1 1 100 0.75 4 565 165 225 96 156 531 0 66
9 50 1 1 100 0.75 4 566 170 234 92 165 531 0 74
9 50 1 1 100 0.75 4 567 182 243 108 170 531 0 79
9 50 1 1 100 0.75 4 568 195 252 108 182 531 0 85
9 50 1 1 100 0.75 4 569 202 261 119 195 531 0 92
9 50 1 1 100 0.75 4 570 209 270 110 202 531 0 99
9 50 1 1 100 0.75 4 571 217 279 135 209 530 0 107
9 50 1 1 100 0.75 4 572 226 286 134 215 532 2 111
9 50 1 1 100 0.75 4 573 237 290 138 219 537 7 115
9 50 1 1 100 0.75 4 574 244 293 134 224 542 13 117
9 50 1 1 100 0.75 4 575 252 297 136 226 547 18 117
9 50 1 1 100 0.75 4 576 263 300 125 228 553 24 126
9 50 1 1 100 0.75 4 577 269 300 135 230 562 33 124
9 50 1 1 100 0.75 4 578 281 303 144 230 568 39 124
9 50 1 1 100 0.75 4 579 289 305 129 235 574 46 124
9 50 1 1 100 0.75 4 580 302 313 135 242 575 47 128
9 50 1 1 100 0.75 4 581 306 313 131 247 584 56 126
9 50 1 1 100 0.75 4 582 317 316 144 245 590 62 127
9 50 1 1 100 0.75 4 583 325 317 134 248 597 70 127
9 50 1 1 100 0.75 4 584 332 320 142 252 603 76 124
9 50 1 1 100 0.75 4 585 337 322 144 253 609 83 127
9 50 1 1 100 0.75 4 586 346 326 145 254 614 88 130
9 50 1 1 100 0.75 4 587 355 327 149 256 621 96 130
9 50 1 1 100 0.75 4 588 364 330 146 260 626 102 128
9 50 1 1 100 0.75 4 589 369 331 152 264 633 110 125
9 50 1 1 100 0.75 4 590 377 334 140 265 638 116 127
9 50 1 1 100 0.75 4 591 381 331 143 263 650 128 122
9 50 1 1 100 0.75 4 592 391 333 150 261 657 135 122
9 50 1 1 100 0.75 4 593 398 334 146 267 665 143 122
9 50 1 1 100 0.75 4 594 404 331 127 262 677 155 115
9 50 1 1 100 0.75 4 595 408 330 133 264 687 165 111
9 50 1 1 100 0.75 4 596 416 337 142 268 689 167 117
9 50 1 1 100 0.75 4 597 419 339 132 273 696 174 116
9 50 1 1 100 0.75 4 598 428 338 140 268 706 184 113
9 50 1 1 100 0.75 4 599 429 341 144 274 712 190 113
9 50 1 1 100 0.75 4 600 435 343 139 271 718 197 118
9 50 1 1 100 0.75 4 601 441 346 142 277 724 203 116
9 50 1 1 100 0.75 4 602 448 351 136 283 728 207 118
9 50 1 1 100 0.75 4 603 452 353 138 288 735 214 117
9 50 1 1 100 0.75 4 604 456 357 142 290 740 219 116
9 50 1 1 100 0.75 4 605 459 356 126 288 750 229 115
9 50 1 1 100 0.75 4 606 465 360 135 286 755 234 116
9 50 1 1 100 0.75 4 607 472 360 125 290 764 243 114
9 50 1 1 100 0.75 4 608 473 361 129 295 772 251 112
9 50 1 1 100 0.75 4 609 476 362 143 296 780 259 110
9 50 1 1 100 0.75 4 610 480 364 127 295 787 266 113
9 50 1 1 100 0.75 4 611 483 367 119 298 793 272 114
9 50 1 1 100 0.75 4 612 484 374 124 304 795 274 118
9 50 1 1 100 0.75 4 613 487 379 127 310 799 278 119
9 50 1 1 100 0.75 4 614 489 385 132 317 802 281 127
9 50 1 1 100 0.75 4 615 491 386 137 319 809 289 128
9 50 1 1 100 0.75 4 616 494 385 131 318 819 299 124
9 50 1 1 100 0.75 4 617 495 384 133 315 829 309 118
9 50 1 1 100 0.75 4 618 497 385 126 319 837 317 120
9 50 1 1 100 0.75 4 619 501 387 127 320 843 324 120
9 50 1 1 100 0.75 4 620 504 392 131 325 847 328 125
9 50 1 1 100 0.75 4 621 507 395 124 327 853 334 124
9 50 1 1 100 0.75 4 622 508 400 142 331 856 338 128
9 50 1 1 100 0.75 4 623 509 401 141 332 863 346 126
9 50 1 1 100 0.75 4 624 511 404 126 332 869 352 124
9 50 1 1 100 0.75 4 625 513 410 153 344 872 355 133
9 50 1 1 100 0.75 4 626 514 411 131 345 880 363 129
9 50 1 1 100 0.75 4 627 516 415 147 349 885 368 131
9 50 1 1 100 0.75 4 628 518 416 146 347 893 376 128
9 50 1 1 100 0.75 4 629 519 413 136 345 905 388 124
9 50 1 1 100 0.75 4 630 520 416 152 348 911 394 125
9 50 1 1 100 0.75 4 631 520 420 150 352 915 399 128
9 50 1 1 100 0.75 4 632 520 423 138 354 921 405 130
9 50 1 1 100 0.75 4 633 521 420 126 351 932 417 125
9 50 1 1 100 0.75 4 634 521 421 130 355 940 425 121
9 50 1 1 100 0.75 4 635 521 424 137 356 946 431 119
9 50 1 1 100 0.75 4 636 524 424 122 356 955 440 115
9 50 1 1 100 0.75 4 637 524 425 126 356 962 448 113
9 50 1 1 100 0.75 4 638 526 425 124 357 971 457 111
9 50 1 1 100 0.75 4 639 528 429 116 362 976 462 112
9 50 1 1 100 0.75 4 640 529 432 127 365 982 468 113
9 50 1 1 100 0.75 4 641 529 434 125 368 989 475 111
9 50 1 1 100 0.75 4 642 530 434 131 367 998 484 111
9 50 1 1 100 0.75 4 643 531 439 127 372 1002 488 112
9 50 1 1 100 0.75 4 644 532 441 128 376 1009 495 116
9 50 1 1 100 0.75 4 645 533 446 122 382 1013 499 117
9 50 1 1 100 0.75 4 646 534 449 137 381 1018 505 117
9 50 1 1 100 0.75 4 647 535 449 120 382 1027 514 117
9 50 1 1 100 0.75 4 648 536 452 124 385 1033 520 116
9 50 1 1 100 0.75 4 649 538 452 127 382 1041 529 114
9 50 1 1 100 0.75 4 650 538 454 139 386 1048 536 118
9 50 1 1 100 0.75 4 651 538 460 132 392 1051 539 123
9 50 1 1 100 0.75 4 652 538 463 134 393 1057 545 125
9 50 1 1 100 0.75 4 653 539 467 138 397 1062 550 125
9 50 1 1 100 0.75 4 654 539 467 132 402 1071 559 126
9 50 1 1 100 0.75 4 655 539 471 144 405 1076 564 127
9 50 1 1 100 0.75 4 656 539 473 136 405 1083 571 125
9 50 1 1 100 0.75 4 657 540 475 131 409 1090 578 126
9 50 1 1 100 0.75 4 658 542 479 139 411 1095 583 126
9 50 1 1 100 0.75 4 659 542 483 140 416 1100 588 127
9 50 1 1 100 0.75 4 660 542 483 125 417 1109 597 126
9 50 1 1 100 0.75 4 661 542 482 138 411 1119 607 123
9 50 1 1 100 0.75 4 662 543 487 127 420 1122 611 126
9 50 1 1 100 0.75 4 663 543 492 139 423 1126 615 129
9 50 1 1 100 0.75 4 664 543 493 111 423 1134 623 129
9 50 1 1 100 0.75 4 665 544 492 128 423 1144 633 127
9 50 1 1 100 0.75 4 666 544 491 127 421 1154 643 123
9 50 1 1 100 0.75 4 667 544 490 122 422 1164 653 116
9 50 1 1 100 0.75 4 668 544 490 132 420 1173 662 118
9 50 1 1 100 0.75 4 669 544 491 111 424 1181 670 114
9 50 1 1 100 0.75 4 670 544 491 115 424 1188 679 112
9 50 1 1 100 0.75 4 671 544 497 122 428 1191 682 114
9 50 1 1 100 0.75 4 672 544 502 113 436 1195 686 118
9 50 1 1 100 0.75 4 673 544 500 118 435 1205 697 113
9 50 1 1 100 0.75 4 674 544 504 129 435 1209 702 112
9 50 1 1 100 0.75 4 675 544 509 134 441 1212 706 115
9 50 1 1 100 0.75 4 676 544 513 133 443 1217 711 117
9 50 1 1 100 0.75 4 677 544 515 122 446 1224 718 119
9 50 1 1 100 0.75 4 678 544 514 118 443 1234 728 114
9 50 1 1 100 0.75 4 679 544 516 131 446 1241 735 114
9 50 1 1 100 0.75 4 680 544 518 128 448 1248 742 117
9 50 1 1 100 0.75 4 681 544 522 109 454 1252 747 116
9 50 1 1 100 0.75 4 682 544 523 118 457 1260 755 114
9 50 1 1 100 0.75 4 683 544 526 113 457 1266 761 117
9 50 1 1 100 0.75 4 684 544 527 133 459 1274 769 113
9 50 1 1 100 0.75 4 685 544 529 115 461 1281 776 116
9 50 1 1 100 0.75 4 686 544 535 115 467 1284 779 119
9 50 1 1 100 0.75 4 687 544 539 129 473 1289 784 122
9 50 1 1 100 0.75 4 688 544 534 135 469 1299 794 122
9 50 1 1 100 0.75 4 689 544 534 128 471 1308 803 117
9 50 1 1 100 0.75 4 690 544 539 126 475 1312 807 119
9 50 1 1 100 0.75 4 690 544 539 539 475 1431 807 119
9 50 1 1 100 0.75 4 720 544 539 539 475 530 807 119
9 50 1 1 100 0.75 5 721 0 9 9 0 530 0 0
9 50 1 1 100 0.75 5 722 0 18 17 0 530 0 0
9 50 1 1 100 0.75 5 723 0 27 27 0 530 0 0
9 50 1 1 100 0.75 5 724 0 36 34 0 530 0 0
9 50 1 1 100 0.75 5 725 0 45 43 0 530 0 0
9 50 1 1 100 0.75 5 726 0 54 50 0 530 0 0
9 50 1 1 100 0.75 5 727 3 63 56 0 530 0 0
9 50 1 1 100 0.75 5 728 10 72 57 3 530 0 0
9 50 1 1 100 0.75 5 729 17 81 52 10 530 0 0
9 50 1 1 100 0.75 5 730 25 90 51 17 530 0 0
9 50 1 1 100 0.75 5 731 32 99 51 25 530 0 0
9 50 1 1 100 0.75 5 732 46 108 43 32 530 0 0
9 50 1 1 100 0.75 5 733 56 117 43 46 530 0 0
9 50 1 1 100 0.75 5 734 64 126 43 56 530 0 2
9 50 1 1 100 0.75 5 735 73 135 46 64 529 0 4
9 50 1 1 100 0.75 5 736 81 144 58 73 527 0 13
9 50 1 1 100 0.75 5 737 92 153 56 81 527 0 15
9 50 1 1 100 0.75 5 738 99 162 71 92 527 0 20
9 50 1 1 100 0.75 5 739 108 171 65 99 527 0 28
9 50 1 1 100 0.75 5 740 120 180 73 108 527 0 34
9 50 1 1 100 0.75 5 741 130 189 77 120 527 0 41
9 50 1 1 100 0.75 5 742 135 198 77 130 527 0 50
9 50 1 1 100 0.75 5 743 141 207 93 135 527 0 56
9 50 1 1 100 0.75 5 744 158 216 91 141 527 0 65
9 50 1 1 100 0.75 5 745 167 225 97 158 527 0 74
9 50 1 1 100 0.75 5 746 173 234 110 167 527 0 79
9 50 1 1 100 0.75 5 747 181 243 110 173 527 0 87
9 50 1 1 100 0.75 5 748 189 252 129 181 527 0 97
9 50 1 1 100 0.75 5 749 202 261 123 189 527 0 104
9 50 1 1 100 0.75 5 750 208 270 129 202 527 0 106
9 50 1 1 100 0.75 5 751 218 276 140 205 530 3 113
9 50 1 1 100 0.75 5 752 225 282 133 212 533 6 116
9 50 1 1 100 0.75 5 753 236 289 130 217 535 8 121
9 50 1 1 100 0.75 5 754 243 291 130 221 541 15 119
9 50 1 1 100 0.75 5 755 253 294 139 222 547 21 119
9 50 1 1 100 0.75 5 756 265 298 130 227 552 26 122
9 50 1 1 100 0.75 5 757 271 301 148 233 558 32 126
9 50 1 1 100 0.75 5 758 283 302 130 231 566 40 123
9 50 1 1 100 0.75 5 759 294 307 145 239 570 44 126
9 50 1 1 100 0.75 5 760 299 309 154 243 575 51 123
9 50 1 1 100 0.75 5 761 307 306 149 236 587 63 120
9 50 1 1 100 0.75 5 762 318 306 136 236 596 72 119
9 50 1 1 100 0.75 5 763 325 310 143 242 601 77 122
9 50 1 1 100 0.75 5 764 334 313 144 243 607 83 125
9 50 1 1 100 0.75 5 765 339 316 136 248 613 89 125
9 50 1 1 100 0.75 5 766 346 318 152 246 620 96 129
9 50 1 1 100 0.75 5 767 354 319 135 246 628 104 129
9 50 1 1 100 0.75 5 768 366 323 145 251 632 109 126
9 50 1 1 100 0.75 5 769 369 323 142 256 641 118 127
9 50 1 1 100 0.75 5 770 379 326 139 256 646 124 128
9 50 1 1 100 0.75 5 771 385 322 128 254 659 137 124
9 50 1 1 100 0.75 5 772 391 329 141 259 661 139 129
9 50 1 1 100 0.75 5 773 398 334 130 265 665 143 128
9 50 1 1 100 0.75 5 774 405 340 133 271 668 146 133
9 50 1 1 100 0.75 5 775 413 339 133 271 677 156 135
9 50 1 1 100 0.75 5 776 417 341 149 274 684 163 136
9 50 1 1 100 0.75 5 777 422 343 142 274 691 170 135
9 50 1 1 100 0.75 5 778 428 340 146 269 703 182 127
9 50 1 1 100 0.75 5 779 432 342 130 274 710 189 123
9 50 1 1 100 0.75 5 780 434 342 124 275 719 198 122
9 50 1 1 100 0.75 5 781 442 345 138 277 725 204 122
9 50 1 1 100 0.75 5 782 446 348 138 282 731 210 124
9 50 1 1 100 0.75 5 783 450 353 131 285 735 214 123
9 50 1 1 100 0.75 5 784 456 354 139 285 743 222 122
9 50 1 1 100 0.75 5 785 462 357 137 289 749 228 122
9 50 1 1 100 0.75 5 786 465 351 123 286 764 243 115
9 50 1 1 100 0.75 5 787 468 354 124 285 770 249 116
9 50 1 1 100 0.75 5 788 471 359 144 293 774 253 121
9 50 1 1 100 0.75 5 789 472 358 143 291 784 263 119
9 50 1 1 100 0.75 5 790 477 358 131 286 793 272 117
9 50 1 1 100 0.75 5 791 478 358 134 290 802 281 113
9 50 1 1 100 0.75 5 792 484 358 122 287 810 290 112
9 50 1 1 100 0.75 5 793 485 361 137 292 816 296 112
9 50 1 1 100 0.75 5 794 487 366 125 296 819 300 111
9 50 1 1 100 0.75 5 795 491 370 132 300 823 305 112
9 50 1 1 100 0.75 5 796 492 371 128 304 831 313 109
9 50 1 1 100 0.75 5 797 495 374 134 305 837 319 109
9 50 1 1 100 0.75 5 798 496 378 127 309 842 324 112
9 50 1 1 100 0.75 5 799 499 378 119 309 851 333 112
9 50 1 1 100 0.75 5 800 499 382 135 315 856 338 111
9 50 1 1 100 0.75 5 801 503 382 127 313 864 347 113
9 50 1 1 100 0.75 5 802 505 389 139 324 866 349 116
9 50 1 1 100 0.75 5 803 509 393 128 324 871 354 122
9 50 1 1 100 0.75 5 804 511 395 136 326 878 361 123
9 50 1 1 100 0.75 5 805 512 398 128 329 884 367 122
9 50 1 1 100 0.75 5 806 514 398 133 331 892 376 123
9 50 1 1 100 0.75 5 807 516 399 142 331 900 384 122
9 50 1 1 100 0.75 5 808 516 400 119 335 908 392 123
9 50 1 1 100 0.75 5 809 516 403 139 334 914 398 123
9 50 1 1 100 0.75 5 810 516 404 113 338 921 406 120
9 50 1 1 100 0.75 5 811 519 407 136 341 927 412 118
9 50 1 1 100 0.75 5 812 520 408 126 339 935 420 117
9 50 1 1 100 0.75 5 813 523 412 147 340 940 425 118
9 50 1 1 100 0.75 5 814 524 417 143 351 944 429 123
9 50 1 1 100 0.75 5 815 524 418 128 349 952 437 121
9 50 1 1 100 0.75 5 816 525 420 127 349 959 444 122
9 50 1 1 100 0.75 5 817 525 427 144 361 960 446 127
9 50 1 1 100 0.75 5 818 529 424 142 353 970 458 118
9 50 1 1 100 0.75 5 819 531 425 138 357 978 466 118
9 50 1 1 100 0.75 5 820 531 429 136 359 982 471 117
9 50 1 1 100 0.75 5 821 534 427 128 358 993 482 118
9 50 1 1 100 0.75 5 822 537 429 121 362 1000 489 115
9 50 1 1 100 0.75 5 823 537 430 116 365 1006 497 113
9 50 1 1 100 0.75 5 824 538 432 131 365 1010 504 113
9 50 1 1 100 0.75 5 825 539 432 137 367 1019 513 113
9 50 1 1 100 0.75 5 826 539 436 142 369 1024 518 115
9 50 1 1 100 0.75 5 827 539 438 127 374 1031 525 112
9 50 1 1 100 0.75 5 828 539 441 147 372 1037 531 114
9 50 1 1 100 0.75 5 829 539 447 135 377 1040 534 120
9 50 1 1 100 0.75 5 830 541 451 141 384 1044 539 122
9 50 1 1 100 0.75 5 831 541 451 127 382 1051 548 125
9 50 1 1 100 0.75 5 832 541 450 124 384 1060 558 122
9 50 1 1 100 0.75 5 833 541 452 129 386 1066 565 119
9 50 1 1 100 0.75 5 834 541 457 138 387 1070 569 127
9 50 1 1 100 0.75 5 835 541 461 146 391 1075 574 127
9 50 1 1 100 0.75 5 836 542 465 141 394 1078 579 130
9 50 1 1 100 0.75 5 837 542 466 145 401 1086 587 128
9 50 1 1 100 0.75 5 838 542 467 135 399 1094 595 128
9 50 1 1 100 0.75 5 839 542 469 141 400 1101 602 133
9 50 1 1 100 0.75 5 840 543 474 143 403 1105 606 130
9 50 1 1 100 0.75 5 841 543 474 143 404 1114 615 126
9 50 1 1 100 0.75 5 842 543 480 120 411 1117 618 131
9 50 1 1 100 0.75 5 843 543 479 131 412 1126 628 129
9 50 1 1 100 0.75 5 844 544 482 139 414 1131 634 130
9 50 1 1 100 0.75 5 845 544 481 142 415 1140 644 124
9 50 1 1 100 0.75 5 846 544 482 132 414 1147 652 123
9 50 1 1 100 0.75 5 847 544 483 129 414 1155 660 121
9 50 1 1 100 0.75 5 848 544 489 129 424 1158 663 121
9 50 1 1 100 0.75 5 849 544 485 130 420 1170 676 115
9 50 1 1 100 0.75 5 850 544 488 120 421 1175 682 116
9 50 1 1 100 0.75 5 851 544 491 128 423 1179 688 120
9 50 1 1 100 0.75 5 852 544 489 128 423 1190 699 117
9 50 1 1 100 0.75 5 853 544 488 135 420 1198 709 115
9 50 1 1 100 0.75 5 854 544 492 139 424 1202 714 116
9 50 1 1 100 0.75 5 855 544 496 136 431 1206 719 117
9 50 1 1 100 0.75 5 856 544 497 135 431 1214 727 113
9 50 1 1 100 0.75 5 857 544 502 116 436 1218 731 114
9 50 1 1 100 0.75 5 858 544 502 131 435 1227 740 112
9 50 1 1 100 0.75 5 859 544 505 136 437 1233 746 114
9 50 1 1 100 0.75 5 860 544 505 126 439 1242 755 109
9 50 1 1 100 0.75 5 861 544 510 135 440 1246 759 113
9 50 1 1 100 0.75 5 862 544 513 123 444 1252 765 112
9 50 1 1 100 0.75 5 863 544 515 120 448 1259 772 110
9 50 1 1 100 0.75 5 864 544 519 122 452 1264 777 112
9 50 1 1 100 0.75 5 865 544 521 128 452 1271 784 111
9 50 1 1 100 0.75 5 866 544 525 112 456 1274 789 112
9 50 1 1 100 0.75 5 867 544 526 128 457 1281 797 110
9 50 1 1 100 0.75 5 868 544 530 121 463 1286 802 113
9 50 1 1 100 0.75 5 869 544 536 129 471 1289 805 118
9 50 1 1 100 0.75 5 870 544 533 124 468 1299 816 113
9 50 1 1 100 0.75 5 870 544 533 533 468 1412 816 113
9 50 1 1 100 0.75 5 900 544 533 533 468 536 816 113
9 50 1 1 100 0.75 6 901 0 9 9 0 536 0 0
9 50 1 1 100 0.75 6 902 0 18 18 0 536 0 0
9 50 1 1 100 0.75 6 903 0 27 27 0 536 0 0
9 50 1 1 100 0.75 6 904 0 36 35 0 536 0 0
9 50 1 1 100 0.75 6 905 0 45 43 0 536 0 0
9 50 1 1 100 0.75 6 906 0 54 49 0 536 0 0
9 50 1 1 100 0.75 6 907 1 63 59 0 535 0 0
9 50 1 1 100 0.75 6 908 4 72 59 1 535 0 0
9 50 1 1 100 0.75 6 909 15 81 61 4 535 0 0
9 50 1 1 100 0.75 6 910 26 90 48 15 535 0 0
9 50 1 1 100 0.75 6 911 33 99 50 26 535 0 0
9 50 1 1 100 0.75 6 912 44 108 48 33 535 0 0
9 50 1 1 100 0.75 6 913 59 117 44 44 535 0 0
9 50 1 1 100 0.75 6 914 67 126 46 59 535 0 1
9 50 1 1 100 0.75 6 915 77 135 43 67 535 0 2
9 50 1 1 100 0.75 6 916 83 144 48 77 535 0 5
9 50 1 1 100 0.75 6 917 92 153 53 83 535 0 12
9 50 1 1 100 0.75 6 918 104 162 58 92 535 0 23
9 50 1 1 100 0.75 6 919 113 171 56 104 535 0 26
9 50 1 1 100 0.75 6 920 121 180 72 113 535 0 41
9 50 1 1 100 0.75 6 921 129 189 83 121 535 0 46
9 50 1 1 100 0.75 6 922 136 198 86 129 535 0 57
9 50 1 1 100 0.75 6 923 149 207 82 136 535 0 63
9 50 1 1 100 0.75 6 924 157 216 91 149 535 0 67
9 50 1 1 100 0.75 6 925 163 225 95 157 535 0 75
9 50 1 1 100 0.75 6 926 170 234 121 163 535 0 83
9 50 1 1 100 0.75 6 927 184 243 114 170 535 0 88
9 50 1 1 100 0.75 6 928 189 252 115 184 535 0 97
9 50 1 1 100 0.75 6 929 201 260 121 188 536 1 100
9 50 1 1 100 0.75 6 930 210 269 122 200 536 1 109
9 50 1 1 100 0.75 6 931 216 277 126 208 537 2 112
9 50 1 1 100 0.75 6 932 231 285 127 213 538 3 115
9 50 1 1 100 0.75 6 933 240 288 131 222 544 9 113
9 50 1 1 100 0.75 6 934 246 295 142 229 546 11 120
9 50 1 1 100 0.75 6 935 258 298 137 229 552 17 120
9 50 1 1 100 0.75 6 936 265 298 136 232 560 26 117
9 50 1 1 100 0.75 6 937 271 295 134 227 572 38 112
9 50 1 1 100 0.75 6 938 279 297 136 226 578 45 112
9 50 1 1 100 0.75 6 939 288 301 133 229 583 50 113
9 50 1 1 100 0.75 6 940 298 302 132 230 591 58 116
9 50 1 1 100 0.75 6 941 309 302 129 231 599 67 113
9 50 1 1 100 0.75 6 942 317 306 135 237 604 72 113
9 50 1 1 100 0.75 6 943 325 307 143 237 611 80 114
9 50 1 1 100 0.75 6 944 332 312 130 242 615 84 114
9 50 1 1 100 0.75 6 945 338 314 138 244 622 91 112
9 50 1 1 100 0.75 6 946 350 316 123 244 628 98 110
9 50 1 1 100 0.75 6 947 354 319 138 251 633 104 113
9 50 1 1 100 0.75 6 948 361 322 125 251 638 110 116
9 50 1 1 100 0.75 6 949 369 327 137 255 642 114 119
9 50 1 1 100 0.75 6 950 378 330 127 258 647 120 116
9 50 1 1 100 0.75 6 951 385 328 125 261 658 131 113
9 50 1 1 100 0.75 6 952 391 334 146 266 661 134 117
9 50 1 1 100 0.75 6 953 394 335 134 268 669 142 118
9 50 1 1 100 0.75 6 954 401 338 133 267 674 148 115
9 50 1 1 100 0.75 6 955 408 338 134 268 683 157 113
9 50 1 1 100 0.75 6 956 417 343 130 273 687 161 113
9 50 1 1 100 0.75 6 957 419 343 141 277 696 170 114
9 50 1 1 100 0.75 6 958 425 345 141 278 703 177 117
9 50 1 1 100 0.75 6 959 428 346 131 279 711 185 121
9 50 1 1 100 0.75 6 960 431 349 143 277 717 191 119
9 50 1 1 100 0.75 6 961 438 351 124 280 724 198 117
9 50 1 1 100 0.75 6 962 440 356 129 289 728 202 122
9 50 1 1 100 0.75 6 963 446 358 129 288 735 209 123
9 50 1 1 100 0.75 6 964 448 362 149 296 740 214 127
9 50 1 1 100 0.75 6 965 451 368 143 299 742 217 131
9 50 1 1 100 0.75 6 966 455 368 129 299 751 226 124
9 50 1 1 100 0.75 6 967 458 369 137 302 759 234 119
9 50 1 1 100 0.75 6 968 463 368 134 300 769 244 119
9 50 1 1 100 0.75 6 969 467 369 127 302 777 252 119
9 50 1 1 100 0.75 6 970 472 375 143 307 780 255 123
9 50 1 1 100 0.75 6 971 476 373 122 303 791 266 120
9 50 1 1 100 0.75 6 972 479 376 126 305 796 272 119
9 50 1 1 100 0.75 6 973 479 380 134 313 800 277 124
9 50 1 1 100 0.75 6 974 481 383 128 313 804 283 121
9 50 1 1 100 0.75 6 975 485 384 139 314 812 291 125
9 50 1 1 100 0.75 6 976 489 385 122 315 820 299 123
9 50 1 1 100 0.75 6 977 493 388 133 319 826 305 119
9 50 1 1 100 0.75 6 978 496 392 135 321 831 310 121
9 50 1 1 100 0.75 6 979 498 391 146 322 841 320 120
9 50 1 1 100 0.75 6 980 501 394 125 325 846 326 121
9 50 1 1 100 0.75 6 981 504 395 134 326 853 334 118
9 50 1 1 100 0.75 6 982 507 398 128 330 858 340 115
9 50 1 1 100 0.75 6 983 510 402 127 333 863 345 118
9 50 1 1 100 0.75 6 984 512 407 122 342 867 349 120
9 50 1 1 100 0.75 6 985 512 406 145 341 877 359 116
9 50 1 1 100 0.75 6 986 514 409 139 339 883 365 115
9 50 1 1 100 0.75 6 987 515 411 129 344 890 372 117
9 50 1 1 100 0.75 6 988 515 411 130 343 899 381 116
9 50 1 1 100 0.75 6 989 516 415 133 346 904 386 117
9 50 1 1 100 0.75 6 990 520 415 130 346 913 395 116
9 50 1 1 100 0.75 6 991 520 417 123 348 920 402 117
9 50 1 1 100 0.75 6 992 521 419 117 354 927 409 116
9 50 1 1 100 0.75 6 993 522 421 128 354 934 416 117
9 50 1 1 100 0.75 6 994 524 420 131 351 944 426 113
9 50 1 1 100 0.75 6 995 524 425 143 357 948 430 114
9 50 1 1 100 0.75 6 996 524 428 131 359 954 436 114
9 50 1 1 100 0.75 6 997 524 428 117 358 963 445 113
9 50 1 1 100 0.75 6 998 526 433 130 363 967 449 119
9 50 1 1 100 0.75 6 999 529 435 142 366 974 456 118
9 50 1 1 100 0.75 6 1000 529 442 129 377 976 458 123
9 50 1 1 100 0.75 6 1001 530 444 137 376 982 465 125
9 50 1 1 100 0.75 6 1002 530 445 128 375 989 473 122
9 50 1 1 100 0.75 6 1003 530 449 137 381 993 478 122
9 50 1 1 100 0.75 6 1004 532 452 130 381 999 484 123
9 50 1 1 100 0.75 6 1005 533 453 120 387 1007 492 122
9 50 1 1 100 0.75 6 1006 534 456 129 389 1013 498 126
9 50 1 1 100 0.75 6 1007 534 457 139 388 1021 506 124
9 50 1 1 100 0.75 6 1008 534 460 135 390 1027 512 124
9 50 1 1 100 0.75 6 1009 535 460 120 391 1036 521 121
9 50 1 1 100 0.75 6 1010 535 462 139 396 1043 528 121
9 50 1 1 100 0.75 6 1011 537 464 127 398 1050 535 121
9 50 1 1 100 0.75 6 1012 539 467 137 396 1056 541 125
9 50 1 1 100 0.75 6 1013 539 471 137 402 1061 546 128
9 50 1 1 100 0.75 6 1014 539 475 134 405 1065 551 124
9 50 1 1 100 0.75 6 1015 539 477 133 406 1072 558 128
9 50 1 1 100 0.75 6 1016 541 474 125 404 1083 570 122
9 50 1 1 100 0.75 6 1017 542 475 125 407 1091 578 124
9 50 1 1 100 0.75 6 1018 543 481 139 412 1094 581 124
9 50 1 1 100 0.75 6 1019 543 484 132 418 1100 587 124
9 50 1 1 100 0.75 6 1020 544 485 142 418 1108 595 119
9 50 1 1 100 0.75 6 1021 544 486 134 419 1116 603 117
9 50 1 1 100 0.75 6 1022 544 488 134 421 1123 610 118
9 50 1 1 100 0.75 6 1023 544 489 124 421 1131 618 117
9 50 1 1 100 0.75 6 1024 544 491 117 421 1138 625 116
9 50 1 1 100 0.75 6 1025 544 491 122 424 1146 634 117
9 50 1 1 100 0.75 6 1026 544 495 131 429 1151 639 118
9 50 1 1 100 0.75 6 1027 544 501 127 434 1153 642 126
9 50 1 1 100 0.75 6 1028 544 504 118 439 1159 648 123
9 50 1 1 100 0.75 6 1029 544 502 136 436 1170 659 117
9 50 1 1 100 0.75 6 1030 544 505 123 435 1176 665 114
9 50 1 1 100 0.75 6 1031 544 503 122 433 1186 676 110
9 50 1 1 100 0.75 6 1032 544 502 122 435 1196 686 106
9 50 1 1 100 0.75 6 1033 544 507 116 437 1200 690 109
9 50 1 1 100 0.75 6 1034 544 509 111 444 1207 697 110
9 50 1 1 100 0.75 6 1035 544 513 119 446 1211 702 111
9 50 1 1 100 0.75 6 1036 544 515 130 447 1217 709 110
9 50 1 1 100 0.75 6 1037 544 522 131 454 1219 711 114
9 50 1 1 100 0.75 6 1038 544 522 122 454 1228 720 115
9 50 1 1 100 0.75 6 1039 544 524 115 455 1235 727 114
9 50 1 1 100 0.75 6 1040 544 526 130 463 1242 734 116
9 50 1 1 100 0.75 6 1041 544 528 126 462 1249 741 118
9 50 1 1 100 0.75 6 1042 544 532 118 466 1254 746 117
9 50 1 1 100 0.75 6 1043 544 533 115 466 1260 754 116
9 50 1 1 100 0.75 6 1044 544 537 136 468 1265 759 118
9 50 1 1 100 0.75 6 1045 544 538 122 473 1271 765 117
9 50 1 1 100 0.75 6 1046 544 538 128 477 1276 771 119
9 50 1 1 100 0.75 6 1047 544 537 128 478 1283 778 118
9 50 1 1 100 0.75 6 1048 544 537 121 481 1290 785 115
9 50 1 1 100 0.75 6 1049 544 538 119 485 1296 791 115
9 50 1 1 100 0.75 6 1050 544 539 117 486 1300 796 114
9 50 1 1 100 0.75 6 1050 544 539 539 486 1413 796 114
9 50 1 1 100 0.75 6 1080 544 539 539 486 535 796 114
9 50 1 1 100 0.75 7 1081 0 9 9 0 535 0 0
9 50 1 1 100 0.75 7 1082 0 18 18 0 535 0 0
9 50 1 1 100 0.75 7 1083 0 27 27 0 535 0 0
9 50 1 1 100 0.75 7 1084 0 36 36 0 535 0 0
9 50 1 1 100 0.75 7 1085 0 45 45 0 535 0 0
9 50 1 1 100 0.75 7 1086 0 54 52 0 535 0 0
9 50 1 1 100 0.75 7 1087 5 63 53 0 535 0 0
9 50 1 1 100 0.75 7 1088 8 72 57 5 534 0 0
9 50 1 1 100 0.75 7 1089 13 81 56 8 534 0 0
9 50 1 1 100 0.75 7 1090 23 90 57 13 534 0 0
9 50 1 1 100 0.75 7 1091 34 99 47 23 534 0 0
9 50 1 1 100 0.75 7 1092 47 108 49 34 534 0 0
9 50 1 1 100 0.75 7 1093 53 117 40 47 534 0 0
9 50 1 1 100 0.75 7 1094 64 126 43 53 534 0 2
9 50 1 1 100 0.75 7 1095 71 135 53 64 534 0 7
9 50 1 1 100 0.75 7 1096 80 144 48 71 534 0 10
9 50 1 1 100 0.75 7 1097 90 153 54 80 534 0 15
9 50 1 1 100 0.75 7 1098 99 162 66 90 533 0 25
9 50 1 1 100 0.75 7 1099 108 171 70 99 533 0 33
9 50 1 1 100 0.75 7 1100 119 180 63 108 533 0 41
9 50 1 1 100 0.75 7 1101 129 189 85 119 533 0 45
9 50 1 1 100 0.75 7 1102 139 198 92 129 532 0 52
9 50 1 1 100 0.75 7 1103 149 207 94 139 532 0 58
9 50 1 1 100 0.75 7 1104 157 216 94 149 532 0 65
9 50 1 1 100 0.75 7 1105 163 225 106 157 532 0 75
9 50 1 1 100 0.75 7 1106 174 234 104 163 532 0 81
9 50 1 1 100 0.75 7 1107 183 243 114 174 532 0 90
9 50 1 1 100 0.75 7 1108 191 252 120 183 532 0 98
9 50 1 1 100 0.75 7 1109 202 261 113 191 532 0 104
9 50 1 1 100 0.75 7 1110 209 270 129 202 532 0 109
9 50 1 1 100 0.75 7 1111 220 277 119 207 534 2 115
9 50 1 1 100 0.75 7 1112 228 283 148 215 537 5 115
9 50 1 1 100 0.75 7 1113 237 288 140 219 541 9 119
9 50 1 1 100 0.75 7 1114 242 290 143 221 547 16 119
9 50 1 1 100 0.75 7 1115 251 292 137 219 554 23 118
9 50 1 1 100 0.75 7 1116 265 296 141 223 559 28 120
9 50 1 1 100 0.75 7 1117 274 300 135 232 564 33 121
9 50 1 1 100 0.75 7 1118 279 305 145 237 568 37 125
9 50 1 1 100 0.75 7 1119 290 308 150 236 574 43 125
9 50 1 1 100 0.75 7 1120 298 310 146 240 581 50 123
9 50 1 1 100 0.75 7 1121 305 305 135 234 595 64 115
9 50 1 1 100 0.75 7 1122 317 306 130 234 603 72 110
9 50 1 1 100 0.75 7 1123 325 308 139 240 610 79 109
9 50 1 1 100 0.75 7 1124 332 312 154 243 615 84 115
9 50 1 1 100 0.75 7 1125 344 313 140 242 623 92 112
9 50 1 1 100 0.75 7 1126 350 310 128 243 635 104 105
9 50 1 1 100 0.75 7 1127 358 314 131 245 640 109 109
9 50 1 1 100 0.75 7 1128 364 322 137 253 641 110 115
9 50 1 1 100 0.75 7 1129 374 323 128 253 649 118 116
9 50 1 1 100 0.75 7 1130 379 326 135 258 655 124 119
9 50 1 1 100 0.75 7 1131 388 332 141 260 657 127 120
9 50 1 1 100 0.75 7 1132 391 333 130 265 665 135 116
9 50 1 1 100 0.75 7 1133 396 333 145 261 674 144 116
9 50 1 1 100 0.75 7 1134 403 330 140 260 686 156 114
9 50 1 1 100 0.75 7 1135 408 332 132 263 693 163 113
9 50 1 1 100 0.75 7 1136 412 337 143 266 697 167 116
9 50 1 1 100 0.75 7 1137 417 342 127 274 701 171 116
9 50 1 1 100 0.75 7 1138 420 347 142 281 705 175 119
9 50 1 1 100 0.75 7 1139 426 352 152 281 709 179 125
9 50 1 1 100 0.75 7 1140 428 353 134 283 715 187 124
9 50 1 1 100 0.75 7 1141 433 357 146 287 720 192 120
9 50 1 1 100 0.75 7 1142 440 357 138 290 728 201 120
9 50 1 1 100 0.75 7 1143 442 355 145 290 738 212 116
9 50 1 1 100 0.75 7 1144 447 358 136 290 744 218 120
9 50 1 1 100 0.75 7 1145 451 360 138 291 751 225 117
9 50 1 1 100 0.75 7 1146 452 362 138 294 758 232 117
9 50 1 1 100 0.75 7 1147 456 368 125 296 761 235 124
9 50 1 1 100 0.75 7 1148 464 369 133 299 769 243 125
9 50 1 1 100 0.75 7 1149 467 369 130 302 778 252 124
9 50 1 1 100 0.75 7 1150 468 373 139 305 783 257 126
9 50 1 1 100 0.75 7 1151 471 375 134 305 789 264 123
9 50 1 1 100 0.75 7 1152 475 373 141 304 798 275 118
9 50 1 1 100 0.75 7 1153 478 373 137 304 807 284 117
9 50 1 1 100 0.75 7 1154 480 377 130 310 812 289 115
9 50 1 1 100 0.75 7 1155 481 382 132 316 816 293 118
9 50 1 1 100 0.75 7 1156 483 388 134 319 819 296 122
9 50 1 1 100 0.75 7 1157 485 395 140 326 820 298 125
9 50 1 1 100 0.75 7 1158 491 391 131 322 833 311 121
9 50 1 1 100 0.75 7 1159 492 394 146 328 839 317 125
9 50 1 1 100 0.75 7 1160 496 395 133 326 847 325 122
9 50 1 1 100 0.75 7 1161 500 402 152 336 849 327 128
9 50 1 1 100 0.75 7 1162 502 405 131 337 854 333 129
9 50 1 1 100 0.75 7 1163 503 402 145 336 865 345 125
9 50 1 1 100 0.75 7 1164 504 396 133 327 879 360 117
9 50 1 1 100 0.75 7 1165 507 401 123 335 883 364 123
9 50 1 1 100 0.75 7 1166 509 401 137 331 892 373 119
9 50 1 1 100 0.75 7 1167 511 405 129 338 897 378 120
9 50 1 1 100 0.75 7 1168 512 406 125 339 905 386 118
9 50 1 1 100 0.75 7 1169 516 409 138 341 911 392 121
9 50 1 1 100 0.75 7 1170 516 415 136 348 914 395 122
9 50 1 1 100 0.75 7 1171 519 420 135 351 917 399 124
9 50 1 1 100 0.75 7 1172 519 421 126 354 925 407 124
9 50 1 1 100 0.75 7 1173 520 422 129 353 933 415 125
9 50 1 1 100 0.75 7 1174 520 424 137 356 940 422 125
9 50 1 1 100 0.75 7 1175 523 425 123 357 948 430 121
9 50 1 1 100 0.75 7 1176 525 428 136 360 954 436 119
9 50 1 1 100 0.75 7 1177 526 431 137 362 960 442 121
9 50 1 1 100 0.75 7 1178 527 428 139 361 972 454 117
9 50 1 1 100 0.75 7 1179 528 426 149 355 982 465 113
9 50 1 1 100 0.75 7 1180 531 428 150 359 989 472 115
9 50 1 1 100 0.75 7 1181 532 431 123 365 994 478 118
9 50 1 1 100 0.75 7 1182 533 436 134 366 998 482 118
9 50 1 1 100 0.75 7 1183 533 439 138 369 1003 488 120
9 50 1 1 100 0.75 7 1184 534 442 145 375 1009 494 121
9 50 1 1 100 0.75 7 1185 534 444 133 375 1016 501 120
9 50 1 1 100 0.75 7 1186 537 448 123 379 1021 506 124
9 50 1 1 100 0.75 7 1187 537 451 132 386 1027 512 128
9 50 1 1 100 0.75 7 1188 537 450 127 381 1037 522 124
9 50 1 1 100 0.75 7 1189 537 449 133 379 1047 532 117
9 50 1 1 100 0.75 7 1190 537 452 141 383 1053 538 121
9 50 1 1 100 0.75 7 1191 537 459 134 393 1055 540 126
9 50 1 1 100 0.75 7 1192 538 461 135 392 1061 547 122
9 50 1 1 100 0.75 7 1193 540 466 142 396 1065 551 130
9 50 1 1 100 0.75 7 1194 542 468 143 400 1072 558 131
9 50 1 1 100 0.75 7 1195 542 468 129 397 1081 567 126
9 50 1 1 100 0.75 7 1196 543 466 129 396 1092 578 119
9 50 1 1 100 0.75 7 1197 543 466 135 399 1100 587 119
9 50 1 1 100 0.75 7 1198 543 469 126 403 1105 593 122
9 50 1 1 100 0.75 7 1199 543 472 119 401 1111 599 119
9 50 1 1 100 0.75 7 1200 543 474 120 406 1118 606 119
9 50 1 1 100 0.75 7 1201 543 479 124 412 1121 610 122
9 50 1 1 100 0.75 7 1202 543 477 139 407 1132 621 119
9 50 1 1 100 0.75 7 1203 543 481 131 413 1137 626 123
9 50 1 1 100 0.75 7 1204 543 485 142 417 1141 631 126
9 50 1 1 100 0.75 7 1205 543 485 134 417 1150 640 123
9 50 1 1 100 0.75 7 1206 544 488 138 421 1156 646 124
9 50 1 1 100 0.75 7 1207 544 487 118 422 1166 656 123
9 50 1 1 100 0.75 7 1208 544 490 133 423 1172 662 123
9 50 1 1 100 0.75 7 1209 544 494 129 428 1177 667 124
9 50 1 1 100 0.75 7 1210 544 493 108 425 1187 677 118
9 50 1 1 100 0.75 7 1211 544 496 120 427 1193 683 124
9 50 1 1 100 0.75 7 1212 544 499 123 434 1199 689 124
9 50 1 1 100 0.75 7 1213 544 498 125 431 1209 699 117
9 50 1 1 100 0.75 7 1214 544 499 130 430 1215 707 120
9 50 1 1 100 0.75 7 1215 544 506 119 439 1217 709 123
9 50 1 1 100 0.75 7 1216 544 510 127 441 1222 714 125
9 50 1 1 100 0.75 7 1217 544 514 138 447 1226 719 127
9 50 1 1 100 0.75 7 1218 544 513 131 443 1235 729 123
9 50 1 1 100 0.75 7 1219 544 516 112 446 1240 735 125
9 50 1 1 100 0.75 7 1220 544 512 116 444 1253 748 119
9 50 1 1 100 0.75 7 1221 544 518 123 451 1256 751 126
9 50 1 1 100 0.75 7 1222 544 519 121 450 1264 759 124
9 50 1 1 100 0.75 7 1223 544 521 126 450 1271 766 121
9 50 1 1 100 0.75 7 1224 544 520 126 454 1281 776 120
9 50 1 1 100 0.75 7 1225 544 521 107 453 1289 784 120
9 50 1 1 100 0.75 7 1226 544 524 130 457 1295 790 122
9 50 1 1 100 0.75 7 1227 544 528 116 460 1300 795 126
9 50 1 1 100 0.75 7 1228 544 529 117 463 1307 803 124
9 50 1 1 100 0.75 7 1229 544 534 118 465 1310 807 126
9 50 1 1 100 0.75 7 1230 544 533 120 466 1320 817 126
9 50 1 1 100 0.75 7 1230 544 533 533 466 1445 817 126
9 50 1 1 100 0.75 7 1260 544 533 533 466 538 817 126
9 50 1 1 100 0.75 8 1261 0 9 9 0 538 0 0
9 50 1 1 100 0.75 8 1262 0 18 18 0 538 0 0
9 50 1 1 100 0.75 8 1263 0 27 27 0 538 0 0
9 50 1 1 100 0.75 8 1264 0 36 35 0 538 0 0
9 50 1 1 100 0.75 8 1265 0 45 45 0 538 0 0
9 50 1 1 100 0.75 8 1266 0 54 52 0 538 0 0
9 50 1 1 100 0.75 8 1267 0 63 60 0 538 0 0
9 50 1 1 100 0.75 8 1268 6 72 59 0 538 0 0
9 50 1 1 100 0.75 8 1269 15 81 56 6 538 0 0
9 50 1 1 100 0.75 8 1270 26 90 55 15 538 0 0
9 50 1 1 100 0.75 8 1271 36 99 54 26 538 0 0
9 50 1 1 100 0.75 8 1272 49 108 41 36 538 0 0
9 50 1 1 100 0.75 8 1273 58 117 43 49 538 0 0
9 50 1 1 100 0.75 8 1274 66 126 40 58 538 0 0
9 50 1 1 100 0.75 8 1275 73 135 39 66 538 0 1
9 50 1 1 100 0.75 8 1276 86 144 42 73 538 0 8
9 50 1 1 100 0.75 8 1277 93 153 51 86 538 0 16
9 50 1 1 100 0.75 8 1278 102 162 53 93 537 0 24
9 50 1 1 100 0.75 8 1279 110 171 63 102 537 0 32
9 50 1 1 100 0.75 8 1280 120 180 74 110 537 0 41
9 50 1 1 100 0.75 8 1281 129 189 76 120 537 0 49
9 50 1 1 100 0.75 8 1282 136 198 82 129 537 0 54
9 50 1 1 100 0.75 8 1283 149 207 85 136 537 0 63
9 50 1 1 100 0.75 8 1284 152 216 86 149 537 0 73
9 50 1 1 100 0.75 8 1285 163 225 102 152 537 0 79
9 50 1 1 100 0.75 8 1286 171 234 97 163 537 0 83
9 50 1 1 100 0.75 8 1287 181 243 113 171 537 0 89
9 50 1 1 100 0.75 8 1288 189 252 112 181 537 0 96
9 50 1 1 100 0.75 8 1289 201 261 112 189 537 0 101
9 50 1 1 100 0.75 8 1290 210 270 123 201 536 0 107
9 50 1 1 100 0.75 8 1291 218 278 128 209 537 1 117
9 50 1 1 100 0.75 8 1292 228 283 145 213 541 5 118
9 50 1 1 100 0.75 8 1293 236 287 141 218 546 10 122
9 50 1 1 100 0.75 8 1294 243 294 145 224 548 12 126
9 50 1 1 100 0.75 8 1295 253 295 141 223 555 20 124
9 50 1 1 100 0.75 8 1296 266 294 141 223 565 30 122
9 50 1 1 100 0.75 8 1297 275 296 125 229 572 37 123
9 50 1 1 100 0.75 8 1298 283 301 133 234 576 41 127
9 50 1 1 100 0.75 8 1299 291 304 143 236 582 47 128
9 50 1 1 100 0.75 8 1300 300 302 137 233 593 58 123
9 50 1 1 100 0.75 8 1301 308 299 128 230 605 70 116
9 50 1 1 100 0.75 8 1302 319 304 137 235 609 74 121
9 50 1 1 100 0.75 8 1303 327 306 131 239 616 81 120
9 50 1 1 100 0.75 8 1304 334 311 140 245 620 85 127
9 50 1 1 100 0.75 8 1305 340 313 133 246 626 92 125
9 50 1 1 100 0.75 8 1306 349 315 134 246 632 99 124
9 50 1 1 100 0.75 8 1307 355 315 136 246 641 108 123
9 50 1 1 100 0.75 8 1308 367 314 134 243 651 118 119
9 50 1 1 100 0.75 8 1309 372 315 126 248 659 126 121
9 50 1 1 100 0.75 8 1310 379 315 122 246 668 135 116
9 50 1 1 100 0.75 8 1311 382 321 130 256 671 138 118
9 50 1 1 100 0.75 8 1312 389 326 132 258 675 142 118
9 50 1 1 100 0.75 8 1313 395 330 136 262 680 147 121
9 50 1 1 100 0.75 8 1314 401 333 143 265 686 153 123
9 50 1 1 100 0.75 8 1315 408 329 145 260 699 166 118
9 50 1 1 100 0.75 8 1316 411 331 117 262 706 173 118
9 50 1 1 100 0.75 8 1317 415 336 135 264 709 177 121
9 50 1 1 100 0.75 8 1318 420 340 129 269 714 182 126
9 50 1 1 100 0.75 8 1319 425 342 138 274 721 189 125
9 50 1 1 100 0.75 8 1320 435 342 136 273 730 198 124
9 50 1 1 100 0.75 8 1321 438 342 128 276 739 207 123
9 50 1 1 100 0.75 8 1322 442 345 120 275 745 213 124
9 50 1 1 100 0.75 8 1323 450 347 123 276 752 220 122
9 50 1 1 100 0.75 8 1324 455 349 136 282 759 227 122
9 50 1 1 100 0.75 8 1325 457 354 131 287 762 231 125
9 50 1 1 100 0.75 8 1326 461 357 133 287 768 237 127
9 50 1 1 100 0.75 8 1327 466 359 130 289 775 244 128
9 50 1 1 100 0.75 8 1328 471 360 135 291 783 252 123
9 50 1 1 100 0.75 8 1329 474 364 132 296 788 257 127
9 50 1 1 100 0.75 8 1330 480 364 132 297 797 266 125
9 50 1 1 100 0.75 8 1331 482 369 125 302 801 270 127
9 50 1 1 100 0.75 8 1332 485 372 132 305 807 276 124
9 50 1 1 100 0.75 8 1333 486 373 124 305 815 284 123
9 50 1 1 100 0.75 8 1334 488 371 117 304 826 295 116
9 50 1 1 100 0.75 8 1335 491 372 135 303 834 303 120
9 50 1 1 100 0.75 8 1336 492 377 125 310 837 307 124
9 50 1 1 100 0.75 8 1337 496 379 128 312 844 314 122
9 50 1 1 100 0.75 8 1338 496 377 132 309 855 325 117
9 50 1 1 100 0.75 8 1339 499 380 140 313 861 331 122
9 50 1 1 100 0.75 8 1340 503 381 134 314 869 339 120
9 50 1 1 100 0.75 8 1341 504 385 139 319 874 344 122
9 50 1 1 100 0.75 8 1342 506 383 115 315 885 355 115
9 50 1 1 100 0.75 8 1343 506 385 107 317 891 362 121
9 50 1 1 100 0.75 8 1344 506 387 124 318 898 369 118
9 50 1 1 100 0.75 8 1345 509 390 134 318 904 375 117
9 50 1 1 100 0.75 8 1346 510 395 124 327 907 379 121
9 50 1 1 100 0.75 8 1347 512 401 137 334 910 382 126
9 50 1 1 100 0.75 8 1348 515 403 134 336 917 389 126
9 50 1 1 100 0.75 8 1349 516 404 139 336 925 397 124
9 50 1 1 100 0.75 8 1350 517 405 127 334 932 405 122
9 50 1 1 100 0.75 8 1351 518 407 127 340 939 412 123
9 50 1 1 100 0.75 8 1352 518 410 124 343 945 418 123
9 50 1 1 100 0.75 8 1353 519 411 122 344 952 426 122
9 50 1 1 100 0.75 8 1354 521 415 125 349 957 431 122
9 50 1 1 100 0.75 8 1355 524 413 119 345 967 442 121
9 50 1 1 100 0.75 8 1356 527 414 125 345 975 450 121
9 50 1 1 100 0.75 8 1357 530 416 120 347 982 457 119
9 50 1 1 100 0.75 8 1358 530 420 126 351 987 462 123
9 50 1 1 100 0.75 8 1359 532 421 118 351 995 470 127
9 50 1 1 100 0.75 8 1360 533 421 113 356 1004 479 125
9 50 1 1 100 0.75 8 1361 533 423 126 355 1011 486 125
9 50 1 1 100 0.75 8 1362 535 429 129 359 1013 489 128
9 50 1 1 100 0.75 8 1363 536 433 133 364 1018 494 129
9 50 1 1 100 0.75 8 1364 538 434 112 366 1026 502 128
9 50 1 1 100 0.75 8 1365 538 437 128 371 1031 508 128
9 50 1 1 100 0.75 8 1366 538 439 123 370 1038 515 130
9 50 1 1 100 0.75 8 1367 538 438 124 370 1048 525 127
9 50 1 1 100 0.75 8 1368 539 437 130 368 1058 535 119
9 50 1 1 100 0.75 8 1369 539 443 132 373 1061 538 125
9 50 1 1 100 0.75 8 1370 539 448 138 381 1065 542 128
9 50 1 1 100 0.75 8 1371 540 448 121 380 1073 551 127
9 50 1 1 100 0.75 8 1372 540 452 136 383 1077 556 126
9 50 1 1 100 0.75 8 1373 540 453 120 388 1084 564 122
9 50 1 1 100 0.75 8 1374 540 452 131 385 1094 574 117
9 50 1 1 100 0.75 8 1375 540 449 112 382 1106 586 114
9 50 1 1 100 0.75 8 1376 541 452 118 384 1112 592 112
9 50 1 1 100 0.75 8 1377 541 457 131 390 1116 596 119
9 50 1 1 100 0.75 8 1378 542 457 127 391 1125 605 115
9 50 1 1 100 0.75 8 1379 542 460 119 391 1130 611 117
9 50 1 1 100 0.75 8 1380 543 465 137 394 1133 615 117
9 50 1 1 100 0.75 8 1381 543 461 124 393 1146 628 110
9 50 1 1 100 0.75 8 1382 543 464 111 397 1152 634 107
9 50 1 1 100 0.75 8 1383 543 464 117 396 1161 643 108
9 50 1 1 100 0.75 8 1384 543 468 113 400 1164 648 110
9 50 1 1 100 0.75 8 1385 543 476 101 407 1165 649 115
9 50 1 1 100 0.75 8 1386 543 476 120 409 1173 658 111
9 50 1 1 100 0.75 8 1387 543 476 119 408 1182 667 110
9 50 1 1 100 0.75 8 1388 543 481 134 411 1185 671 117
9 50 1 1 100 0.75 8 1389 543 483 117 415 1192 678 120
9 50 1 1 100 0.75 8 1390 543 488 117 421 1196 682 123
9 50 1 1 100 0.75 8 1391 543 487 101 424 1206 692 122
9 50 1 1 100 0.75 8 1392 544 491 111 423 1211 697 122
9 50 1 1 100 0.75 8 1393 544 494 132 430 1216 703 123
9 50 1 1 100 0.75 8 1394 544 498 117 431 1221 708 122
9 50 1 1 100 0.75 8 1395 544 501 134 436 1227 714 121
9 50 1 1 100 0.75 8 1396 544 503 107 438 1234 721 122
9 50 1 1 100 0.75 8 1397 544 503 116 435 1243 730 123
9 50 1 1 100 0.75 8 1398 544 506 116 435 1248 736 118
9 50 1 1 100 0.75 8 1399 544 511 125 441 1252 740 125
9 50 1 1 100 0.75 8 1400 544 513 112 441 1259 747 121
9 50 1 1 100 0.75 8 1401 544 517 118 450 1264 752 124
9 50 1 1 100 0.75 8 1402 544 517 128 452 1273 761 125
9 50 1 1 100 0.75 8 1403 544 512 127 444 1286 775 119
9 50 1 1 100 0.75 8 1404 544 512 106 443 1295 784 115
9 50 1 1 100 0.75 8 1405 544 517 109 449 1299 788 118
9 50 1 1 100 0.75 8 1406 544 519 112 452 1306 795 115
9 50 1 1 100 0.75 8 1407 544 521 122 454 1313 802 116
9 50 1 1 100 0.75 8 1408 544 522 112 455 1320 810 118
9 50 1 1 100 0.75 8 1409 544 526 120 459 1325 815 117
9 50 1 1 100 0.75 8 1410 544 529 121 458 1330 821 119
9 50 1 1 100 0.75 8 1410 544 529 529 458 1449 821 119
9 50 1 1 100 0.75 8 1440 544 529 529 458 536 821 119
9 50 1 1 100 0.75 9 1441 0 9 9 0 536 0 0
9 50 1 1 100 0.75 9 1442 0 18 18 0 536 0 0
9 50 1 1 100 0.75 9 1443 0 27 26 0 536 0 0
9 50 1 1 100 0.75 9 1444 0 36 36 0 536 0 0
9 50 1 1 100 0.75 9 1445 0 45 44 0 536 0 0
9 50 1 1 100 0.75 9 1446 0 54 47 0 536 0 0
9 50 1 1 100 0.75 9 1447 1 63 57 0 536 0 0
9 50 1 1 100 0.75 9 1448 8 72 51 1 536 0 0
9 50 1 1 100 0.75 9 1449 14 81 59 8 536 0 0
9 50 1 1 100 0.75 9 1450 25 90 46 14 536 0 0
9 50 1 1 100 0.75 9 1451 39 99 40 25 536 0 0
9 50 1 1 100 0.75 9 1452 47 108 40 39 535 0 0
9 50 1 1 100 0.75 9 1453 55 117 37 47 535 0 0
9 50 1 1 100 0.75 9 1454 67 126 42 55 535 0 1
9 50 1 1 100 0.75 9 1455 74 135 44 67 535 0 5
9 50 1 1 100 0.75 9 1456 86 144 54 74 535 0 12
9 50 1 1 100 0.75 9 1457 95 153 55 86 535 0 18
9 50 1 1 100 0.75 9 1458 104 162 63 95 535 0 29
9 50 1 1 100 0.75 9 1459 111 171 65 104 534 0 36
9 50 1 1 100 0.75 9 1460 124 180 62 111 534 0 43
9 50 1 1 100 0.75 9 1461 127 189 72 124 534 0 50
9 50 1 1 100 0.75 9 1462 136 198 87 127 534 0 59
9 50 1 1 100 0.75 9 1463 148 207 85 136 534 0 65
9 50 1 1 100 0.75 9 1464 154 216 98 148 534 0 74
9 50 1 1 100 0.75 9 1465 163 225 95 154 534 0 82
9 50 1 1 100 0.75 9 1466 172 234 100 163 533 0 87
9 50 1 1 100 0.75 9 1467 182 243 118 172 533 0 95
9 50 1 1 100 0.75 9 1468 188 252 117 182 533 0 103
9 50 1 1 100 0.75 9 1469 201 261 124 188 532 0 106
9 50 1 1 100 0.75 9 1470 207 270 126 201 532 0 114
9 50 1 1 100 0.75 9 1471 214 277 146 205 534 2 121
9 50 1 1 100 0.75 9 1472 227 280 140 206 540 8 120
9 50 1 1 100 0.75 9 1473 234 283 149 213 546 14 121
9 50 1 1 100 0.75 9 1474 244 288 135 216 550 18 125
9 50 1 1 100 0.75 9 1475 253 293 140 222 554 22 126
9 50 1 1 100 0.75 9 1476 261 292 126 221 564 32 124
9 50 1 1 100 0.75 9 1477 274 298 139 226 566 35 127
9 50 1 1 100 0.75 9 1478 283 299 141 231 574 43 123
9 50 1 1 100 0.75 9 1479 290 299 138 231 583 52 124
9 50 1 1 100 0.75 9 1480 300 295 130 225 596 65 118
9 50 1 1 100 0.75 9 1481 307 295 129 226 605 74 112
9 50 1 1 100 0.75 9 1482 317 300 152 229 609 78 118
9 50 1 1 100 0.75 9 1483 326 300 126 230 618 87 114
9 50 1 1 100 0.75 9 1484 336 305 125 236 622 91 116
9 50 1 1 100 0.75 9 1485 344 308 145 240 628 97 122
9 50 1 1 100 0.75 9 1486 350 308 127 241 637 106 116
9 50 1 1 100 0.75 9 1487 359 312 127 246 642 111 118
9 50 1 1 100 0.75 9 1488 362 312 128 247 651 120 116
9 50 1 1 100 0.75 9 1489 368 315 140 246 657 126 117
9 50 1 1 100 0.75 9 1490 377 313 122 242 668 137 110
9 50 1 1 100 0.75 9 1491 380 317 138 249 673 142 113
9 50 1 1 100 0.75 9 1492 389 319 128 247 680 149 115
9 50 1 1 100 0.75 9 1493 395 323 131 257 685 154 117
9 50 1 1 100 0.75 9 1494 399 325 132 257 691 161 118
9 50 1 1 100 0.75 9 1495 408 327 139 255 698 168 113
9 50 1 1 100 0.75 9 1496 416 330 135 260 704 174 112
9 50 1 1 100 0.75 9 1497 421 332 127 265 711 181 109
9 50 1 1 100 0.75 9 1498 427 336 132 268 716 186 111
9 50 1 1 100 0.75 9 1499 433 339 129 272 722 192 111
9 50 1 1 100 0.75 9 1500 436 340 126 274 730 200 115
9 50 1 1 100 0.75 9 1501 439 342 129 273 737 207 113
9 50 1 1 100 0.75 9 1502 444 342 135 273 746 216 112
9 50 1 1 100 0.75 9 1503 448 344 134 274 751 223 111
9 50 1 1 100 0.75 9 1504 451 346 120 277 758 230 109
9 50 1 1 100 0.75 9 1505 458 350 133 282 763 235 111
9 50 1 1 100 0.75 9 1506 462 356 124 289 766 238 114
9 50 1 1 100 0.75 9 1507 467 360 130 294 771 243 115
9 50 1 1 100 0.75 9 1508 473 358 127 292 781 254 107
9 50 1 1 100 0.75 9 1509 475 360 132 294 788 261 110
9 50 1 1 100 0.75 9 1510 478 362 133 296 795 268 108
9 50 1 1 100 0.75 9 1511 479 365 119 298 801 274 111
9 50 1 1 100 0.75 9 1512 481 366 143 296 808 282 107
9 50 1 1 100 0.75 9 1513 485 372 136 302 811 285 111
9 50 1 1 100 0.75 9 1514 486 377 141 309 815 289 117
9 50 1 1 100 0.75 9 1515 488 382 128 311 819 293 123
9 50 1 1 100 0.75 9 1516 495 386 148 314 824 298 124
9 50 1 1 100 0.75 9 1517 495 390 137 323 829 303 124
9 50 1 1 100 0.75 9 1518 498 388 131 320 840 314 120
9 50 1 1 100 0.75 9 1519 500 389 148 319 848 322 116
9 50 1 1 100 0.75 9 1520 501 395 127 327 851 325 123
9 50 1 1 100 0.75 9 1521 504 398 125 329 857 331 122
9 50 1 1 100 0.75 9 1522 505 396 135 330 868 342 115
9 50 1 1 100 0.75 9 1523 508 399 127 332 874 348 117
9 50 1 1 100 0.75 9 1524 511 397 134 331 885 359 120
9 50 1 1 100 0.75 9 1525 514 400 137 334 891 365 119
9 50 1 1 100 0.75 9 1526 514 407 145 341 893 367 122
9 50 1 1 100 0.75 9 1527 515 411 143 344 897 372 125
9 50 1 1 100 0.75 9 1528 516 414 131 345 902 378 122
9 50 1 1 100 0.75 9 1529 516 415 139 347 910 386 125
9 50 1 1 100 0.75 9 1530 519 415 146 346 919 395 123
9 50 1 1 100 0.75 9 1531 519 417 132 350 926 402 125
9 50 1 1 100 0.75 9 1532 519 416 120 348 936 412 122
9 50 1 1 100 0.75 9 1533 523 416 128 347 945 421 121
9 50 1 1 100 0.75 9 1534 525 418 131 351 952 428 119
9 50 1 1 100 0.75 9 1535 526 425 118 356 954 430 123
9 50 1 1 100 0.75 9 1536 527 431 135 365 957 433 124
9 50 1 1 100 0.75 9 1537 529 433 114 366 964 440 128
9 50 1 1 100 0.75 9 1538 530 436 121 372 970 446 128
9 50 1 1 100 0.75 9 1539 530 435 119 368 979 456 123
9 50 1 1 100 0.75 9 1540 530 434 129 366 989 466 124
9 50 1 1 100 0.75 9 1541 530 434 135 365 998 475 122
9 50 1 1 100 0.75 9 1542 530 439 138 370 1002 479 128
9 50 1 1 100 0.75 9 1543 531 444 130 377 1005 483 129
9 50 1 1 100 0.75 9 1544 533 444 129 376 1014 492 129
9 50 1 1 100 0.75 9 1545 534 445 128 379 1022 500 129
9 50 1 1 100 0.75 9 1546 534 445 121 378 1031 509 124
9 50 1 1 100 0.75 9 1547 535 445 129 377 1038 518 122
9 50 1 1 100 0.75 9 1548 537 448 128 378 1044 524 122
9 50 1 1 100 0.75 9 1549 537 449 133 381 1052 532 122
9 50 1 1 100 0.75 9 1550 538 453 129 384 1056 537 120
9 50 1 1 100 0.75 9 1551 539 454 133 385 1064 545 120
9 50 1 1 100 0.75 9 1552 539 459 138 393 1068 549 125
9 50 1 1 100 0.75 9 1553 539 465 134 397 1070 552 127
9 50 1 1 100 0.75 9 1554 539 464 123 397 1079 562 123
9 50 1 1 100 0.75 9 1555 539 461 112 391 1091 574 119
9 50 1 1 100 0.75 9 1556 539 463 124 398 1098 581 119
9 50 1 1 100 0.75 9 1557 539 463 110 396 1107 590 119
9 50 1 1 100 0.75 9 1558 539 462 131 391 1116 600 120
9 50 1 1 100 0.75 9 1559 539 466 127 399 1121 605 117
9 50 1 1 100 0.75 9 1560 540 468 119 399 1127 612 116
9 50 1 1 100 0.75 9 1561 540 469 113 400 1135 620 115
9 50 1 1 100 0.75 9 1562 541 473 111 403 1140 625 117
9 50 1 1 100 0.75 9 1563 542 477 129 409 1145 630 121
9 50 1 1 100 0.75 9 1564 542 482 133 413 1149 634 121
9 50 1 1 100 0.75 9 1565 542 484 120 419 1156 641 124
9 50 1 1 100 0.75 9 1566 542 486 116 421 1162 648 123
9 50 1 1 100 0.75 9 1567 543 491 122 425 1165 652 127
9 50 1 1 100 0.75 9 1568 543 490 121 423 1175 662 122
9 50 1 1 100 0.75 9 1569 543 492 132 425 1182 669 122
9 50 1 1 100 0.75 9 1570 543 496 125 430 1187 674 127
9 50 1 1 100 0.75 9 1571 543 496 119 430 1196 683 131
9 50 1 1 100 0.75 9 1572 543 498 129 430 1202 690 129
9 50 1 1 100 0.75 9 1573 543 499 122 430 1210 698 129
9 50 1 1 100 0.75 9 1574 543 499 124 433 1219 707 126
9 50 1 1 100 0.75 9 1575 543 504 115 438 1223 711 127
9 50 1 1 100 0.75 9 1576 543 505 133 436 1231 719 124
9 50 1 1 100 0.75 9 1577 544 508 134 439 1237 725 127
9 50 1 1 100 0.75 9 1578 544 511 134 444 1243 731 128
9 50 1 1 100 0.75 9 1579 544 518 126 453 1245 733 129
9 50 1 1 100 0.75 9 1580 544 518 135 451 1254 742 128
9 50 1 1 100 0.75 9 1581 544 515 125 447 1266 754 131
9 50 1 1 100 0.75 9 1582 544 518 110 451 1272 760 130
9 50 1 1 100 0.75 9 1583 544 519 104 452 1280 768 126
9 50 1 1 100 0.75 9 1584 544 522 135 453 1286 774 130
9 50 1 1 100 0.75 9 1585 544 524 113 455 1292 781 127
9 50 1 1 100 0.75 9 1586 544 527 124 460 1298 787 132
9 50 1 1 100 0.75 9 1587 544 523 112 458 1311 800 124
9 50 1 1 100 0.75 9 1588 544 521 117 452 1320 811 118
9 50 1 1 100 0.75 9 1589 544 524 127 456 1326 817 124
9 50 1 1 100 0.75 9 1590 544 528 122 458 1331 822 125
9 50 1 1 100 0.75 9 1590 544 528 528 458 1456 822 125
9 50 1 1 100 0.75 9 1620 544 528 528 458 534 822 125
9 50 1 1 100 0.75 10 1621 0 9 9 0 534 0 0
9 50 1 1 100 0.75 10 1622 0 18 18 0 534 0 0
9 50 1 1 100 0.75 10 1623 0 27 27 0 534 0 0
9 50 1 1 100 0.75 10 1624 0 36 36 0 534 0 0
9 50 1 1 100 0.75 10 1625 0 45 43 0 534 0 0
9 50 1 1 100 0.75 10 1626 0 54 50 0 534 0 0
9 50 1 1 100 0.75 10 1627 4 63 52 0 534 0 0
9 50 1 1 100 0.75 10 1628 10 72 50 4 533 0 0
9 50 1 1 100 0.75 10 1629 18 81 53 10 533 0 0
9 50 1 1 100 0.75 10 1630 27 90 50 18 533 0 0
9 50 1 1 100 0.75 10 1631 38 99 48 27 533 0 0
9 50 1 1 100 0.75 10 1632 47 108 50 38 533 0 0
9 50 1 1 100 0.75 10 1633 57 117 44 47 533 0 0
9 50 1 1 100 0.75 10 1634 66 126 44 57 533 0 2
9 50 1 1 100 0.75 10 1635 76 135 46 66 533 0 6
9 50 1 1 100 0.75 10 1636 83 144 55 76 533 0 13
9 50 1 1 100 0.75 10 1637 93 153 49 83 533 0 21
9 50 1 1 100 0.75 10 1638 98 162 62 93 533 0 26
9 50 1 1 100 0.75 10 1639 108 171 63 98 533 0 34
9 50 1 1 100 0.75 10 1640 119 180 73 108 533 0 40
9 50 1 1 100 0.75 10 1641 133 189 65 119 533 0 47
9 50 1 1 100 0.75 10 1642 137 198 86 133 533 0 57
9 50 1 1 100 0.75 10 1643 148 207 80 137 533 0 65
9 50 1 1 100 0.75 10 1644 155 216 92 148 533 0 72
9 50 1 1 100 0.75 10 1645 165 225 107 155 533 0 75
9 50 1 1 100 0.75 10 1646 174 234 94 165 533 0 78
9 50 1 1 100 0.75 10 1647 184 243 110 174 533 0 90
9 50 1 1 100 0.75 10 1648 193 252 113 184 533 0 98
9 50 1 1 100 0.75 10 1649 200 260 115 192 534 1 104
9 50 1 1 100 0.75 10 1650 211 268 118 198 535 2 107
9 50 1 1 100 0.75 10 1651 218 276 136 208 536 3 114
9 50 1 1 100 0.75 10 1652 228 282 143 212 539 6 116
9 50 1 1 100 0.75 10 1653 236 286 138 217 544 11 115
9 50 1 1 100 0.75 10 1654 246 289 136 219 550 17 119
9 50 1 1 100 0.75 10 1655 253 293 131 224 555 22 117
9 50 1 1 100 0.75 10 1656 264 291 129 220 566 33 112
9 50 1 1 100 0.75 10 1657 273 292 136 223 574 41 109
9 50 1 1 100 0.75 10 1658 283 295 145 226 580 47 111
9 50 1 1 100 0.75 10 1659 291 297 127 230 587 54 109
9 50 1 1 100 0.75 10 1660 297 298 128 230 594 62 108
9 50 1 1 100 0.75 10 1661 307 300 131 229 601 69 107
9 50 1 1 100 0.75 10 1662 315 307 135 237 603 71 114
9 50 1 1 100 0.75 10 1663 321 310 131 240 609 77 113
9 50 1 1 100 0.75 10 1664 332 314 133 244 613 82 116
9 50 1 1 100 0.75 10 1665 338 315 134 247 620 90 113
9 50 1 1 100 0.75 10 1666 348 317 140 249 626 97 109
9 50 1 1 100 0.75 10 1667 355 313 130 246 639 110 101
9 50 1 1 100 0.75 10 1668 361 317 131 249 643 115 105
9 50 1 1 100 0.75 10 1669 367 323 127 253 646 118 111
9 50 1 1 100 0.75 10 1670 374 325 131 258 653 125 108
9 50 1 1 100 0.75 10 1671 378 330 124 264 657 129 111
9 50 1 1 100 0.75 10 1672 386 330 140 260 666 138 109
9 50 1 1 100 0.75 10 1673 392 333 121 264 672 144 111
9 50 1 1 100 0.75 10 1674 397 337 138 269 677 149 115
9 50 1 1 100 0.75 10 1675 401 341 153 272 682 154 115
9 50 1 1 100 0.75 10 1676 408 342 154 274 690 162 111
9 50 1 1 100 0.75 10 1677 414 342 135 273 698 171 111
9 50 1 1 100 0.75 10 1678 419 346 145 278 702 176 114
9 50 1 1 100 0.75 10 1679 423 350 144 281 707 181 115
9 50 1 1 100 0.75 10 1680 430 354 135 281 712 186 118
9 50 1 1 100 0.75 10 1681 435 357 144 289 718 192 121
9 50 1 1 100 0.75 10 1682 439 362 150 295 722 196 123
9 50 1 1 100 0.75 10 1683 441 368 142 302 725 199 125
9 50 1 1 100 0.75 10 1684 443 369 138 300 733 207 126
9 50 1 1 100 0.75 10 1685 447 368 139 297 743 217 121
9 50 1 1 100 0.75 10 1686 450 370 137 300 750 224 118
9 50 1 1 100 0.75 10 1687 453 375 154 306 753 228 120
9 50 1 1 100 0.75 10 1688 458 374 132 305 763 238 117
9 50 1 1 100 0.75 10 1689 462 373 142 307 773 248 117
9 50 1 1 100 0.75 10 1690 468 377 114 309 777 253 120
9 50 1 1 100 0.75 10 1691 473 380 131 313 783 259 119
9 50 1 1 100 0.75 10 1692 477 384 127 317 788 264 119
9 50 1 1 100 0.75 10 1693 479 386 143 320 795 271 118
9 50 1 1 100 0.75 10 1694 481 387 121 321 803 279 120
9 50 1 1 100 0.75 10 1695 485 387 132 320 812 288 120
9 50 1 1 100 0.75 10 1696 489 386 130 318 822 298 116
9 50 1 1 100 0.75 10 1697 492 387 137 319 830 306 112
9 50 1 1 100 0.75 10 1698 495 387 137 319 839 315 111
9 50 1 1 100 0.75 10 1699 501 393 133 325 842 318 115
9 50 1 1 100 0.75 10 1700 503 398 141 331 846 322 118
9 50 1 1 100 0.75 10 1701 504 402 143 335 851 327 124
9 50 1 1 100 0.75 10 1702 507 404 141 335 858 334 120
9 50 1 1 100 0.75 10 1703 508 404 130 332 867 343 118
9 50 1 1 100 0.75 10 1704 515 412 146 342 868 344 123
9 50 1 1 100 0.75 10 1705 516 416 148 350 873 349 127
9 50 1 1 100 0.75 10 1706 517 415 149 346 883 359 126
9 50 1 1 100 0.75 10 1707 519 417 140 349 888 366 126
9 50 1 1 100 0.75 10 1708 520 421 135 354 893 371 123
9 50 1 1 100 0.75 10 1709 522 423 144 353 899 378 122
9 50 1 1 100 0.75 10 1710 525 423 118 355 907 387 118
9 50 1 1 100 0.75 10 1711 527 424 136 357 915 395 121
9 50 1 1 100 0.75 10 1712 528 426 132 361 921 402 121
9 50 1 1 100 0.75 10 1713 528 428 146 363 928 409 118
9 50 1 1 100 0.75 10 1714 528 431 148 363 934 415 124
9 50 1 1 100 0.75 10 1715 528 431 145 365 943 424 121
9 50 1 1 100 0.75 10 1716 530 431 133 364 952 433 118
9 50 1 1 100 0.75 10 1717 531 432 126 366 960 441 118
9 50 1 1 100 0.75 10 1718 533 435 129 366 966 447 121
9 50 1 1 100 0.75 10 1719 536 438 133 370 972 453 122
9 50 1 1 100 0.75 10 1720 536 443 133 373 976 457 122
9 50 1 1 100 0.75 10 1721 537 443 132 373 985 466 118
9 50 1 1 100 0.75 10 1722 537 445 127 377 992 473 119
9 50 1 1 100 0.75 10 1723 538 446 139 379 999 481 118
9 50 1 1 100 0.75 10 1724 539 448 128 379 1006 488 116
9 50 1 1 100 0.75 10 1725 539 453 139 385 1010 492 120
9 50 1 1 100 0.75 10 1726 539 457 139 386 1015 497 120
9 50 1 1 100 0.75 10 1727 540 461 138 391 1020 502 119
9 50 1 1 100 0.75 10 1728 541 466 147 399 1024 506 121
9 50 1 1 100 0.75 10 1729 541 463 130 394 1036 518 115
9 50 1 1 100 0.75 10 1730 541 465 135 397 1042 525 115
9 50 1 1 100 0.75 10 1731 542 459 140 389 1057 540 104
9 50 1 1 100 0.75 10 1732 543 466 133 396 1059 542 110
9 50 1 1 100 0.75 10 1733 543 472 126 402 1062 545 112
9 50 1 1 100 0.75 10 1734 543 472 141 402 1071 554 113
9 50 1 1 100 0.75 10 1735 543 475 125 409 1077 560 116
9 50 1 1 100 0.75 10 1736 543 478 143 409 1083 566 117
9 50 1 1 100 0.75 10 1737 543 476 117 408 1094 577 115
9 50 1 1 100 0.75 10 1738 543 477 132 410 1101 585 113
9 50 1 1 100 0.75 10 1739 543 481 141 412 1106 590 113
9 50 1 1 100 0.75 10 1740 543 486 127 421 1110 594 115
9 50 1 1 100 0.75 10 1741 543 491 131 428 1114 598 119
9 50 1 1 100 0.75 10 1742 543 491 138 421 1123 607 119
9 50 1 1 100 0.75 10 1743 543 494 138 425 1128 613 118
9 50 1 1 100 0.75 10 1744 543 496 139 429 1135 620 119
9 50 1 1 100 0.75 10 1745 543 501 134 431 1139 624 122
9 50 1 1 100 0.75 10 1746 543 506 132 437 1143 628 127
9 50 1 1 100 0.75 10 1747 544 508 129 440 1150 635 127
9 50 1 1 100 0.75 10 1748 544 511 144 442 1156 641 123
9 50 1 1 100 0.75 10 1749 544 513 144 445 1163 648 123
9 50 1 1 100 0.75 10 1750 544 517 148 450 1168 653 125
9 50 1 1 100 0.75 10 1751 544 518 138 450 1176 661 121
9 50 1 1 100 0.75 10 1752 544 516 137 448 1187 672 114
9 50 1 1 100 0.75 10 1753 544 518 138 449 1193 679 119
9 50 1 1 100 0.75 10 1754 544 515 132 449 1205 691 114
9 50 1 1 100 0.75 10 1755 544 518 134 449 1210 697 114
9 50 1 1 100 0.75 10 1756 544 522 131 456 1215 702 118
9 50 1 1 100 0.75 10 1757 544 528 123 460 1218 705 120
9 50 1 1 100 0.75 10 1758 544 526 130 460 1229 716 116
9 50 1 1 100 0.75 10 1759 544 529 135 464 1235 722 118
9 50 1 1 100 0.75 10 1760 544 535 124 466 1238 725 119
9 50 1 1 100 0.75 10 1761 544 534 127 468 1245 735 121
9 50 1 1 100 0.75 10 1762 544 535 141 467 1253 743 119
9 50 1 1 100 0.75 10 1763 544 536 132 469 1261 751 120
9 50 1 1 100 0.75 10 1764 544 538 126 472 1266 757 118
9 50 1 1 100 0.75 10 1765 544 536 113 473 1274 765 117
9 50 1 1 100 0.75 10 1766 544 539 121 476 1279 770 118
9 50 1 1 100 0.75 10 1767 544 542 119 483 1281 772 119
9 50 1 1 100 0.75 10 1768 544 536 129 484 1288 780 116
9 50 1 1 100 0.75 10 1769 544 538 116 488 1294 786 115
9 50 1 1 100 0.75 10 1770 544 535 129 486 1301 795 114
9 50 1 1 100 0.75 10 1770 544 535 535 486 1415 795 114
9 50 1 1 100 0.75 10 1800 544 535 535 486 541 795 114
