20 7 5 1 100 0.75 1 1 0 20 20 0 100 0 0
20 7 5 1 100 0.75 1 2 0 40 40 0 100 0 0
20 7 5 1 100 0.75 1 3 0 60 60 0 100 0 0
20 7 5 1 100 0.75 1 4 0 80 80 0 100 0 0
20 7 5 1 100 0.75 1 5 0 100 100 0 100 0 0
20 7 5 1 100 0.75 1 6 0 120 120 0 100 0 0
20 7 5 1 100 0.75 1 7 0 140 140 0 100 0 0
20 7 5 1 100 0.75 1 8 0 160 157 0 100 0 0
20 7 5 1 100 0.75 1 9 0 180 177 0 100 0 0
20 7 5 1 100 0.75 1 10 1 200 197 0 100 0 0
20 7 5 1 100 0.75 1 11 6 220 211 1 100 0 0
20 7 5 1 100 0.75 1 12 9 240 228 6 100 0 0
20 7 5 1 100 0.75 1 13 14 260 244 9 100 0 0
20 7 5 1 100 0.75 1 14 16 280 260 14 100 0 0
20 7 5 1 100 0.75 1 15 23 300 277 16 100 0 0
20 7 5 1 100 0.75 1 16 28 320 289 23 100 0 0
20 7 5 1 100 0.75 1 17 31 340 306 28 100 0 1
20 7 5 1 100 0.75 1 18 37 360 324 31 100 0 5
20 7 5 1 100 0.75 1 19 41 380 341 37 100 0 6
20 7 5 1 100 0.75 1 20 45 400 360 41 100 0 9
20 7 5 1 100 0.75 1 21 47 420 381 45 100 0 12
20 7 5 1 100 0.75 1 22 56 440 395 47 100 0 15
20 7 5 1 100 0.75 1 23 63 460 416 56 100 0 21
20 7 5 1 100 0.75 1 24 70 480 434 63 100 0 23
20 7 5 1 100 0.75 1 25 75 500 453 70 100 0 27
20 7 5 1 100 0.75 1 26 82 520 472 75 100 0 34
20 7 5 1 100 0.75 1 27 87 540 492 82 100 0 35
20 7 5 1 100 0.75 1 28 92 560 502 87 100 0 36
20 7 5 1 100 0.75 1 29 96 580 525 92 100 0 38
20 7 5 1 100 0.75 1 30 105 600 543 96 100 0 44
20 7 5 1 100 0.75 1 31 111 620 563 105 100 0 52
20 7 5 1 100 0.75 1 32 120 640 577 111 100 0 58
20 7 5 1 100 0.75 1 33 127 659 598 119 101 1 60
20 7 5 1 100 0.75 1 34 132 679 618 126 101 1 65
20 7 5 1 100 0.75 1 35 140 697 635 129 103 3 68
20 7 5 1 100 0.75 1 36 149 715 649 135 105 5 69
20 7 5 1 100 0.75 1 37 158 732 659 141 108 8 74
20 7 5 1 100 0.75 1 38 172 748 673 146 112 12 76
20 7 5 1 100 0.75 1 39 184 763 684 155 117 17 80
20 7 5 1 100 0.75 1 40 190 781 702 165 119 19 82
20 7 5 1 100 0.75 1 41 198 801 715 171 119 19 85
20 7 5 1 100 0.75 1 42 205 818 734 176 121 22 86
20 7 5 1 100 0.75 1 43 215 830 741 175 129 30 87
20 7 5 1 100 0.75 1 44 230 847 753 182 132 33 90
20 7 5 1 100 0.75 1 45 240 864 764 194 135 36 97
20 7 5 1 100 0.75 1 46 253 879 780 199 140 41 101
20 7 5 1 100 0.75 1 47 268 892 788 206 147 48 102
20 7 5 1 100 0.75 1 48 278 908 798 217 151 52 102
20 7 5 1 100 0.75 1 49 291 924 808 224 155 56 103
20 7 5 1 100 0.75 1 50 303 939 821 233 160 61 103
20 7 5 1 100 0.75 1 51 314 956 827 244 163 64 110
20 7 5 1 100 0.75 1 52 325 974 843 255 165 66 114
20 7 5 1 100 0.75 1 53 346 986 848 261 173 74 115
20 7 5 1 100 0.75 1 54 365 997 849 276 181 83 115
20 7 5 1 100 0.75 1 55 380 1006 847 291 188 90 120
20 7 5 1 100 0.75 1 56 391 1010 853 305 191 93 129
20 7 5 1 100 0.75 1 57 401 1011 847 317 193 95 136
20 7 5 1 100 0.75 1 58 424 1007 840 327 199 101 145
20 7 5 1 100 0.75 1 59 433 1005 828 346 207 109 145
20 7 5 1 100 0.75 1 60 446 1010 832 358 210 112 157
20 7 5 1 100 0.75 1 61 471 1005 826 368 218 120 170
20 7 5 1 100 0.75 1 62 481 1006 816 393 225 127 177
20 7 5 1 100 0.75 1 63 491 1004 812 403 234 136 179
20 7 5 1 100 0.75 1 64 502 1007 802 417 240 142 189
20 7 5 1 100 0.75 1 65 513 1007 803 426 246 148 200
20 7 5 1 100 0.75 1 66 527 1006 801 434 253 155 209
20 7 5 1 100 0.75 1 67 541 1004 783 446 262 164 210
20 7 5 1 100 0.75 1 68 554 1011 799 462 264 166 225
20 7 5 1 100 0.75 1 69 570 1008 790 480 269 171 239
20 7 5 1 100 0.75 1 70 586 1003 777 491 279 181 241
20 7 5 1 100 0.75 1 71 597 999 772 499 292 195 244
20 7 5 1 100 0.75 1 72 603 998 766 505 307 210 240
20 7 5 1 100 0.75 1 73 620 1004 750 511 316 219 246
20 7 5 1 100 0.75 1 74 636 1003 756 520 326 229 248
20 7 5 1 100 0.75 1 75 650 1004 741 534 335 238 254
20 7 5 1 100 0.75 1 76 671 998 712 538 350 253 260
20 7 5 1 100 0.75 1 77 692 999 713 555 364 267 264
20 7 5 1 100 0.75 1 78 703 999 699 570 378 281 264
20 7 5 1 100 0.75 1 79 708 1003 697 583 388 291 267
20 7 5 1 100 0.75 1 80 723 989 657 582 412 315 259
20 7 5 1 100 0.75 1 81 738 989 660 587 432 335 257
20 7 5 1 100 0.75 1 82 745 1000 658 603 441 344 265
20 7 5 1 100 0.75 1 83 761 999 650 608 455 358 272
20 7 5 1 100 0.75 1 84 773 999 638 626 469 372 277
20 7 5 1 100 0.75 1 85 779 1002 647 638 480 383 287
20 7 5 1 100 0.75 1 86 791 1001 638 645 492 395 292
20 7 5 1 100 0.75 1 87 805 992 619 655 513 416 293
20 7 5 1 100 0.75 1 88 816 1001 615 674 524 427 297
20 7 5 1 100 0.75 1 89 831 997 597 689 540 443 299
20 7 5 1 100 0.75 1 90 842 1000 596 709 553 456 301
20 7 5 1 100 0.75 1 91 854 996 585 719 570 473 300
20 7 5 1 100 0.75 1 92 861 993 576 725 589 493 295
20 7 5 1 100 0.75 1 93 870 1003 574 734 599 503 304
20 7 5 1 100 0.75 1 94 883 994 562 732 618 522 306
20 7 5 1 100 0.75 1 95 896 997 557 748 634 538 311
20 7 5 1 100 0.75 1 96 911 999 551 764 648 552 318
20 7 5 1 100 0.75 1 97 924 1002 529 780 659 563 330
20 7 5 1 100 0.75 1 98 930 996 540 788 676 580 332
20 7 5 1 100 0.75 1 99 938 995 503 792 694 598 341
20 7 5 1 100 0.75 1 100 944 993 505 796 713 618 334
20 7 5 1 100 0.75 1 101 953 990 504 798 736 641 325
20 7 5 1 100 0.75 1 102 960 991 489 801 755 660 332
20 7 5 1 100 0.75 1 103 968 992 473 808 774 679 335
20 7 5 1 100 0.75 1 104 976 993 468 812 793 698 331
20 7 5 1 100 0.75 1 105 984 991 461 813 814 720 336
20 7 5 1 100 0.75 1 106 989 994 457 818 830 737 328
20 7 5 1 100 0.75 1 107 996 997 452 823 845 753 333
20 7 5 1 100 0.75 1 108 1001 997 423 836 861 769 334
20 7 5 1 100 0.75 1 109 1006 998 447 840 876 784 342
20 7 5 1 100 0.75 1 110 1010 1000 417 854 889 797 347
20 7 5 1 100 0.75 1 111 1011 993 436 857 909 817 344
20 7 5 1 100 0.75 1 112 1013 995 413 863 927 835 346
20 7 5 1 100 0.75 1 113 1013 990 397 859 950 858 332
20 7 5 1 100 0.75 1 114 1013 987 391 852 972 881 328
20 7 5 1 100 0.75 1 115 1013 982 386 849 997 906 322
20 7 5 1 100 0.75 1 116 1013 984 388 850 1015 924 324
20 7 5 1 100 0.75 1 117 1013 981 380 843 1038 947 318
20 7 5 1 100 0.75 1 118 1013 981 356 834 1058 967 313
20 7 5 1 100 0.75 1 119 1013 986 364 839 1073 982 315
20 7 5 1 100 0.75 1 120 1013 984 363 839 1093 1004 305
20 7 5 1 100 0.75 1 121 1013 982 335 830 1115 1026 295
20 7 5 1 100 0.75 1 122 1013 979 322 826 1138 1049 292
20 7 5 1 100 0.75 1 123 1013 984 311 832 1153 1064 289
20 7 5 1 100 0.75 1 124 1013 994 339 845 1162 1074 291
20 7 5 1 100 0.75 1 125 1013 1001 328 853 1173 1086 290
20 7 5 1 100 0.75 1 126 1013 993 313 855 1193 1106 280
20 7 5 1 100 0.75 1 127 1013 992 303 854 1214 1127 281
20 7 5 1 100 0.75 1 128 1013 994 307 849 1231 1145 277
20 7 5 1 100 0.75 1 129 1013 992 301 852 1252 1166 270
20 7 5 1 100 0.75 1 130 1013 989 288 850 1275 1189 262
20 7 5 1 100 0.75 1 131 1013 993 307 852 1289 1205 262
20 7 5 1 100 0.75 1 132 1013 1003 280 864 1299 1215 271
20 7 5 1 100 0.75 1 133 1013 996 272 860 1315 1232 268
20 7 5 1 100 0.75 1 134 1013 990 260 852 1336 1255 254
20 7 5 1 100 0.75 1 135 1013 993 278 856 1352 1272 250
20 7 5 1 100 0.75 1 136 1013 1001 270 865 1363 1284 255
20 7 5 1 100 0.75 1 137 1013 999 273 868 1377 1298 250
20 7 5 1 100 0.75 1 138 1013 995 273 868 1395 1316 251
20 7 5 1 100 0.75 1 139 1013 1004 273 883 1404 1325 250
20 7 5 1 100 0.75 1 140 1013 996 257 878 1419 1342 240
20 7 5 1 100 0.75 1 141 1013 999 258 881 1433 1356 250
20 7 5 1 100 0.75 1 142 1013 997 250 882 1446 1372 248
20 7 5 1 100 0.75 1 143 1013 1002 249 893 1457 1383 252
20 7 5 1 100 0.75 1 144 1013 996 227 889 1474 1400 252
20 7 5 1 100 0.75 1 145 1013 995 249 884 1489 1418 247
20 7 5 1 100 0.75 1 146 1013 999 237 889 1502 1432 249
20 7 5 1 100 0.75 1 147 1013 997 238 887 1517 1448 245
20 7 5 1 100 0.75 1 148 1013 993 233 882 1537 1468 235
20 7 5 1 100 0.75 1 149 1013 1002 233 885 1547 1479 238
20 7 5 1 100 0.75 1 150 1013 1000 233 887 1560 1492 240
20 7 5 1 100 0.75 1 150 1013 1000 1000 887 1792 1492 240
20 7 5 1 100 0.75 1 180 1013 1000 1000 887 76 1492 240
20 7 5 1 100 0.75 2 181 0 20 20 0 76 0 0
20 7 5 1 100 0.75 2 182 0 40 40 0 76 0 0
20 7 5 1 100 0.75 2 183 0 60 60 0 76 0 0
20 7 5 1 100 0.75 2 184 0 80 80 0 76 0 0
20 7 5 1 100 0.75 2 185 0 100 100 0 76 0 0
20 7 5 1 100 0.75 2 186 0 120 120 0 76 0 0
20 7 5 1 100 0.75 2 187 0 140 140 0 76 0 0
20 7 5 1 100 0.75 2 188 1 160 158 0 76 0 0
20 7 5 1 100 0.75 2 189 3 180 175 1 76 0 0
20 7 5 1 100 0.75 2 190 5 200 194 3 76 0 0
20 7 5 1 100 0.75 2 191 9 220 210 5 76 0 0
20 7 5 1 100 0.75 2 192 14 240 224 9 76 0 0
20 7 5 1 100 0.75 2 193 17 260 242 14 76 0 0
20 7 5 1 100 0.75 2 194 19 280 258 17 76 0 0
20 7 5 1 100 0.75 2 195 22 300 276 19 76 0 1
20 7 5 1 100 0.75 2 196 22 320 295 22 76 0 1
20 7 5 1 100 0.75 2 197 27 340 312 22 76 0 4
20 7 5 1 100 0.75 2 198 33 360 330 27 76 0 7
20 7 5 1 100 0.75 2 199 38 380 350 33 76 0 12
20 7 5 1 100 0.75 2 200 39 400 368 38 76 0 13
20 7 5 1 100 0.75 2 201 43 420 388 39 76 0 16
20 7 5 1 100 0.75 2 202 51 440 403 43 76 0 16
20 7 5 1 100 0.75 2 203 55 460 421 51 76 0 17
20 7 5 1 100 0.75 2 204 58 480 440 55 76 0 18
20 7 5 1 100 0.75 2 205 65 500 457 58 76 0 22
20 7 5 1 100 0.75 2 206 73 520 477 65 76 0 27
20 7 5 1 100 0.75 2 207 77 540 492 73 76 0 27
20 7 5 1 100 0.75 2 208 81 560 517 77 76 0 30
20 7 5 1 100 0.75 2 209 88 580 530 81 76 0 32
20 7 5 1 100 0.75 2 210 93 600 556 88 76 0 38
20 7 5 1 100 0.75 2 211 96 620 573 93 76 0 40
20 7 5 1 100 0.75 2 212 102 639 588 95 77 1 41
20 7 5 1 100 0.75 2 213 110 658 606 100 78 2 43
20 7 5 1 100 0.75 2 214 117 675 620 105 81 5 49
20 7 5 1 100 0.75 2 215 128 693 633 110 83 7 49
20 7 5 1 100 0.75 2 216 136 712 651 120 84 8 51
20 7 5 1 100 0.75 2 217 148 729 661 125 87 11 53
20 7 5 1 100 0.75 2 218 154 747 679 135 89 13 54
20 7 5 1 100 0.75 2 219 159 765 694 139 91 15 56
20 7 5 1 100 0.75 2 220 170 785 713 144 91 15 62
20 7 5 1 100 0.75 2 221 177 802 721 152 94 18 64
20 7 5 1 100 0.75 2 222 184 820 743 157 96 20 70
20 7 5 1 100 0.75 2 223 196 838 754 162 98 22 78
20 7 5 1 100 0.75 2 224 205 855 774 171 101 25 86
20 7 5 1 100 0.75 2 225 210 874 787 179 102 26 86
20 7 5 1 100 0.75 2 226 220 888 797 180 108 32 87
20 7 5 1 100 0.75 2 227 232 908 814 191 108 32 98
20 7 5 1 100 0.75 2 228 238 920 826 195 116 40 94
20 7 5 1 100 0.75 2 229 249 938 839 200 118 42 97
20 7 5 1 100 0.75 2 230 258 954 850 207 122 46 100
20 7 5 1 100 0.75 2 231 275 971 866 214 125 49 106
20 7 5 1 100 0.75 2 232 282 986 875 226 130 54 105
20 7 5 1 100 0.75 2 233 293 1002 891 231 134 58 111
20 7 5 1 100 0.75 2 234 303 1009 894 238 138 62 114
20 7 5 1 100 0.75 2 235 314 1010 890 247 141 65 119
20 7 5 1 100 0.75 2 236 329 1006 877 251 148 72 120
20 7 5 1 100 0.75 2 237 345 1004 869 260 157 81 122
20 7 5 1 100 0.75 2 238 356 1009 869 275 161 85 126
20 7 5 1 100 0.75 2 239 371 1005 857 284 169 93 132
20 7 5 1 100 0.75 2 240 382 1009 859 298 173 97 134
20 7 5 1 100 0.75 2 241 395 1005 846 307 181 105 134
20 7 5 1 100 0.75 2 242 407 1008 843 319 186 110 142
20 7 5 1 100 0.75 2 243 422 1006 830 333 193 117 148
20 7 5 1 100 0.75 2 244 435 1004 824 342 202 126 153
20 7 5 1 100 0.75 2 245 449 1006 825 354 209 133 163
20 7 5 1 100 0.75 2 246 462 1010 827 372 211 136 175
20 7 5 1 100 0.75 2 247 475 1006 816 382 218 143 182
20 7 5 1 100 0.75 2 248 485 1007 810 398 224 149 188
20 7 5 1 100 0.75 2 249 503 1006 812 404 231 156 201
20 7 5 1 100 0.75 2 250 514 1005 798 423 239 164 204
20 7 5 1 100 0.75 2 251 533 1000 793 427 251 177 205
20 7 5 1 100 0.75 2 252 547 1004 786 445 260 186 211
20 7 5 1 100 0.75 2 253 567 1006 777 459 267 193 218
20 7 5 1 100 0.75 2 254 584 1006 779 477 274 200 227
20 7 5 1 100 0.75 2 255 594 1004 764 491 283 209 231
20 7 5 1 100 0.75 2 256 604 1005 757 500 291 217 234
20 7 5 1 100 0.75 2 257 622 1000 753 503 304 230 244
20 7 5 1 100 0.75 2 258 635 1007 744 523 310 236 253
20 7 5 1 100 0.75 2 259 652 1003 734 537 320 246 259
20 7 5 1 100 0.75 2 260 670 1000 725 552 333 259 266
20 7 5 1 100 0.75 2 261 687 1000 714 568 346 272 273
20 7 5 1 100 0.75 2 262 701 999 700 582 360 286 275
20 7 5 1 100 0.75 2 263 712 998 695 589 375 301 278
20 7 5 1 100 0.75 2 264 722 994 681 594 394 320 267
20 7 5 1 100 0.75 2 265 741 995 670 596 412 338 273
20 7 5 1 100 0.75 2 266 757 999 661 609 426 352 274
20 7 5 1 100 0.75 2 267 775 1002 662 628 437 363 289
20 7 5 1 100 0.75 2 268 787 1002 671 646 448 374 297
20 7 5 1 100 0.75 2 269 803 992 637 653 469 395 294
20 7 5 1 100 0.75 2 270 819 1003 635 673 478 404 301
20 7 5 1 100 0.75 2 271 829 999 627 684 491 418 308
20 7 5 1 100 0.75 2 272 842 998 615 695 506 433 315
20 7 5 1 100 0.75 2 273 856 1001 610 714 517 445 321
20 7 5 1 100 0.75 2 274 870 997 592 735 533 461 335
20 7 5 1 100 0.75 2 275 877 995 574 744 551 479 332
20 7 5 1 100 0.75 2 276 895 988 569 734 575 504 327
20 7 5 1 100 0.75 2 277 904 989 551 746 593 523 330
20 7 5 1 100 0.75 2 278 912 994 548 756 607 538 336
20 7 5 1 100 0.75 2 279 920 1000 551 765 619 551 343
20 7 5 1 100 0.75 2 280 933 999 521 777 633 565 350
20 7 5 1 100 0.75 2 281 944 997 532 784 649 581 362
20 7 5 1 100 0.75 2 282 953 994 513 796 667 600 360
20 7 5 1 100 0.75 2 283 960 992 520 796 688 621 355
20 7 5 1 100 0.75 2 284 971 991 500 804 709 642 359
20 7 5 1 100 0.75 2 285 978 994 468 819 726 659 358
20 7 5 1 100 0.75 2 286 986 998 478 829 741 674 360
20 7 5 1 100 0.75 2 287 992 990 460 832 764 697 356
20 7 5 1 100 0.75 2 288 995 991 468 833 782 716 355
20 7 5 1 100 0.75 2 289 1000 994 456 837 799 733 361
20 7 5 1 100 0.75 2 290 1004 988 434 832 824 758 354
20 7 5 1 100 0.75 2 291 1006 985 444 829 846 781 356
20 7 5 1 100 0.75 2 292 1009 985 425 834 866 801 360
20 7 5 1 100 0.75 2 293 1009 983 422 834 888 823 360
20 7 5 1 100 0.75 2 294 1013 980 402 833 910 846 352
20 7 5 1 100 0.75 2 295 1013 985 417 834 924 861 354
20 7 5 1 100 0.75 2 296 1013 987 408 839 942 879 348
20 7 5 1 100 0.75 2 297 1013 985 363 838 963 901 341
20 7 5 1 100 0.75 2 298 1013 990 390 835 978 916 344
20 7 5 1 100 0.75 2 299 1013 986 370 833 1002 940 333
20 7 5 1 100 0.75 2 300 1013 979 357 826 1027 967 323
20 7 5 1 100 0.75 2 301 1013 981 363 833 1045 985 328
20 7 5 1 100 0.75 2 302 1013 981 357 831 1065 1005 320
20 7 5 1 100 0.75 2 303 1013 988 352 837 1076 1018 319
20 7 5 1 100 0.75 2 304 1013 985 337 839 1099 1041 310
20 7 5 1 100 0.75 2 305 1013 977 326 826 1127 1069 297
20 7 5 1 100 0.75 2 306 1013 976 316 826 1148 1090 299
20 7 5 1 100 0.75 2 307 1013 978 316 830 1164 1108 296
20 7 5 1 100 0.75 2 308 1013 979 308 825 1183 1127 295
20 7 5 1 100 0.75 2 309 1013 974 293 825 1208 1152 282
20 7 5 1 100 0.75 2 310 1013 974 317 822 1227 1172 277
20 7 5 1 100 0.75 2 311 1013 978 297 827 1241 1188 278
20 7 5 1 100 0.75 2 312 1013 978 275 830 1258 1208 271
20 7 5 1 100 0.75 2 313 1013 979 297 831 1277 1227 272
20 7 5 1 100 0.75 2 314 1013 991 303 840 1284 1235 277
20 7 5 1 100 0.75 2 315 1013 997 295 849 1298 1249 277
20 7 5 1 100 0.75 2 316 1013 999 289 849 1312 1263 279
20 7 5 1 100 0.75 2 317 1013 993 286 850 1332 1283 278
20 7 5 1 100 0.75 2 318 1013 992 273 854 1352 1304 268
20 7 5 1 100 0.75 2 319 1013 1001 274 865 1363 1315 270
20 7 5 1 100 0.75 2 320 1013 1001 276 869 1374 1327 273
20 7 5 1 100 0.75 2 321 1013 988 271 859 1398 1352 267
20 7 5 1 100 0.75 2 322 1013 993 260 867 1413 1367 262
20 7 5 1 100 0.75 2 323 1013 1000 257 874 1425 1380 264
20 7 5 1 100 0.75 2 324 1013 998 269 874 1439 1395 264
20 7 5 1 100 0.75 2 325 1013 999 243 880 1452 1409 270
20 7 5 1 100 0.75 2 326 1013 997 236 879 1468 1425 268
20 7 5 1 100 0.75 2 327 1013 993 234 875 1486 1445 262
20 7 5 1 100 0.75 2 328 1013 998 227 873 1500 1460 260
20 7 5 1 100 0.75 2 329 1013 993 241 871 1520 1480 254
20 7 5 1 100 0.75 2 330 1013 1005 214 885 1527 1488 254
20 7 5 1 100 0.75 2 330 1013 1005 1005 885 1775 1488 254
20 7 5 1 100 0.75 2 360 1013 1005 1005 885 76 1488 254
20 7 5 1 100 0.75 3 361 0 20 20 0 76 0 0
20 7 5 1 100 0.75 3 362 0 40 40 0 76 0 0
20 7 5 1 100 0.75 3 363 0 60 60 0 76 0 0
20 7 5 1 100 0.75 3 364 0 80 80 0 76 0 0
20 7 5 1 100 0.75 3 365 0 100 99 0 76 0 0
20 7 5 1 100 0.75 3 366 0 120 119 0 76 0 0
20 7 5 1 100 0.75 3 367 0 140 138 0 76 0 0
20 7 5 1 100 0.75 3 368 1 160 159 0 76 0 0
20 7 5 1 100 0.75 3 369 3 180 175 1 76 0 0
20 7 5 1 100 0.75 3 370 5 200 194 3 76 0 0
20 7 5 1 100 0.75 3 371 8 220 209 5 76 0 0
20 7 5 1 100 0.75 3 372 10 240 229 8 76 0 0
20 7 5 1 100 0.75 3 373 15 260 244 10 76 0 0
20 7 5 1 100 0.75 3 374 19 280 261 15 76 0 0
20 7 5 1 100 0.75 3 375 21 300 277 19 76 0 0
20 7 5 1 100 0.75 3 376 23 320 298 21 76 0 3
20 7 5 1 100 0.75 3 377 26 340 315 23 76 0 3
20 7 5 1 100 0.75 3 378 28 360 331 26 76 0 5
20 7 5 1 100 0.75 3 379 34 380 349 28 76 0 6
20 7 5 1 100 0.75 3 380 42 400 364 34 76 0 9
20 7 5 1 100 0.75 3 381 47 420 383 42 76 0 13
20 7 5 1 100 0.75 3 382 49 440 405 47 76 0 15
20 7 5 1 100 0.75 3 383 57 460 420 49 76 0 16
20 7 5 1 100 0.75 3 384 64 480 439 57 76 0 20
20 7 5 1 100 0.75 3 385 68 500 455 64 76 0 22
20 7 5 1 100 0.75 3 386 73 520 474 68 76 0 22
20 7 5 1 100 0.75 3 387 78 540 494 73 76 0 27
20 7 5 1 100 0.75 3 388 85 560 511 78 76 0 35
20 7 5 1 100 0.75 3 389 89 580 534 85 76 0 35
20 7 5 1 100 0.75 3 390 93 600 550 89 76 0 39
20 7 5 1 100 0.75 3 391 95 620 577 93 76 0 44
20 7 5 1 100 0.75 3 392 100 640 595 95 76 0 47
20 7 5 1 100 0.75 3 393 107 660 612 100 76 0 51
20 7 5 1 100 0.75 3 394 113 677 626 104 79 3 51
20 7 5 1 100 0.75 3 395 121 696 646 109 80 4 54
20 7 5 1 100 0.75 3 396 128 713 660 114 83 7 56
20 7 5 1 100 0.75 3 397 136 731 671 119 85 9 59
20 7 5 1 100 0.75 3 398 145 750 688 126 86 10 61
20 7 5 1 100 0.75 3 399 149 764 697 129 92 16 57
20 7 5 1 100 0.75 3 400 158 784 718 133 92 16 62
20 7 5 1 100 0.75 3 401 168 804 734 142 92 16 66
20 7 5 1 100 0.75 3 402 175 820 745 148 96 20 66
20 7 5 1 100 0.75 3 403 183 836 759 152 100 24 68
20 7 5 1 100 0.75 3 404 191 855 779 159 101 25 73
20 7 5 1 100 0.75 3 405 200 874 797 166 102 26 83
20 7 5 1 100 0.75 3 406 208 889 812 171 107 31 81
20 7 5 1 100 0.75 3 407 219 905 819 175 111 35 84
20 7 5 1 100 0.75 3 408 229 920 829 183 116 40 85
20 7 5 1 100 0.75 3 409 238 936 850 189 120 44 88
20 7 5 1 100 0.75 3 410 252 951 849 194 125 49 88
20 7 5 1 100 0.75 3 411 261 968 870 205 128 52 89
20 7 5 1 100 0.75 3 412 272 984 875 211 132 56 90
20 7 5 1 100 0.75 3 413 285 1002 886 221 134 58 97
20 7 5 1 100 0.75 3 414 300 1006 891 228 141 65 98
20 7 5 1 100 0.75 3 415 315 1008 881 241 146 70 101
20 7 5 1 100 0.75 3 416 322 1011 885 256 148 72 103
20 7 5 1 100 0.75 3 417 340 1009 880 261 152 76 110
20 7 5 1 100 0.75 3 418 355 1009 873 278 156 80 110
20 7 5 1 100 0.75 3 419 370 1008 865 294 161 85 113
20 7 5 1 100 0.75 3 420 379 1009 865 310 165 89 117
20 7 5 1 100 0.75 3 421 393 1003 847 314 175 99 120
20 7 5 1 100 0.75 3 422 409 1009 847 332 179 103 131
20 7 5 1 100 0.75 3 423 424 1006 840 346 186 110 129
20 7 5 1 100 0.75 3 424 436 1007 834 356 192 116 131
20 7 5 1 100 0.75 3 425 448 1005 833 364 200 124 137
20 7 5 1 100 0.75 3 426 462 1011 835 379 202 126 153
20 7 5 1 100 0.75 3 427 471 1004 816 388 211 135 156
20 7 5 1 100 0.75 3 428 484 1009 822 396 215 139 168
20 7 5 1 100 0.75 3 429 499 1005 816 411 223 147 178
20 7 5 1 100 0.75 3 430 514 1008 808 427 228 152 191
20 7 5 1 100 0.75 3 431 529 1006 809 442 235 159 195
20 7 5 1 100 0.75 3 432 542 1004 798 448 244 168 199
20 7 5 1 100 0.75 3 433 553 1007 796 461 250 174 208
20 7 5 1 100 0.75 3 434 564 1009 799 479 254 178 214
20 7 5 1 100 0.75 3 435 576 1002 778 485 265 189 218
20 7 5 1 100 0.75 3 436 589 1004 780 499 274 198 223
20 7 5 1 100 0.75 3 437 602 1007 774 510 280 204 234
20 7 5 1 100 0.75 3 438 614 1001 768 520 292 216 236
20 7 5 1 100 0.75 3 439 630 1006 769 531 298 223 245
20 7 5 1 100 0.75 3 440 646 997 746 540 314 239 246
20 7 5 1 100 0.75 3 441 663 998 740 548 329 254 249
20 7 5 1 100 0.75 3 442 676 1007 742 566 334 260 262
20 7 5 1 100 0.75 3 443 687 999 729 574 348 274 261
20 7 5 1 100 0.75 3 444 703 998 719 582 363 289 259
20 7 5 1 100 0.75 3 445 713 1002 707 594 374 300 264
20 7 5 1 100 0.75 3 446 726 999 704 598 388 314 266
20 7 5 1 100 0.75 3 447 739 1002 693 608 399 325 272
20 7 5 1 100 0.75 3 448 751 998 693 616 414 340 277
20 7 5 1 100 0.75 3 449 769 998 669 629 428 355 279
20 7 5 1 100 0.75 3 450 783 996 655 648 445 372 277
20 7 5 1 100 0.75 3 451 793 999 641 656 459 386 281
20 7 5 1 100 0.75 3 452 803 1002 641 669 469 397 285
20 7 5 1 100 0.75 3 453 815 995 622 676 487 415 279
20 7 5 1 100 0.75 3 454 828 1000 622 687 500 428 285
20 7 5 1 100 0.75 3 455 840 997 614 697 516 444 294
20 7 5 1 100 0.75 3 456 853 997 603 707 531 460 299
20 7 5 1 100 0.75 3 457 863 998 583 721 546 475 304
20 7 5 1 100 0.75 3 458 875 994 587 730 565 494 302
20 7 5 1 100 0.75 3 459 885 995 564 740 582 512 299
20 7 5 1 100 0.75 3 460 891 996 558 743 598 529 299
20 7 5 1 100 0.75 3 461 904 1002 558 757 609 540 314
20 7 5 1 100 0.75 3 462 915 993 552 764 628 560 315
20 7 5 1 100 0.75 3 463 924 994 538 769 647 579 307
20 7 5 1 100 0.75 3 464 932 1004 548 785 655 588 323
20 7 5 1 100 0.75 3 465 941 998 552 793 670 603 328
20 7 5 1 100 0.75 3 466 950 998 522 806 685 618 331
20 7 5 1 100 0.75 3 467 954 993 521 813 705 638 324
20 7 5 1 100 0.75 3 468 961 997 506 818 721 654 338
20 7 5 1 100 0.75 3 469 969 998 501 822 736 669 345
20 7 5 1 100 0.75 3 470 977 991 474 820 758 691 339
20 7 5 1 100 0.75 3 471 986 991 478 831 778 711 335
20 7 5 1 100 0.75 3 472 993 996 472 841 793 726 337
20 7 5 1 100 0.75 3 473 997 990 460 835 816 749 336
20 7 5 1 100 0.75 3 474 1003 994 465 838 831 765 342
20 7 5 1 100 0.75 3 475 1004 992 462 843 852 786 334
20 7 5 1 100 0.75 3 476 1005 989 435 836 875 809 327
20 7 5 1 100 0.75 3 477 1006 993 431 839 890 825 332
20 7 5 1 100 0.75 3 478 1007 996 425 837 907 842 335
20 7 5 1 100 0.75 3 479 1011 998 423 843 922 857 336
20 7 5 1 100 0.75 3 480 1011 1000 410 856 935 870 333
20 7 5 1 100 0.75 3 481 1012 986 400 852 962 897 323
20 7 5 1 100 0.75 3 482 1013 985 398 848 983 918 317
20 7 5 1 100 0.75 3 483 1013 991 385 854 996 932 320
20 7 5 1 100 0.75 3 484 1013 981 362 847 1026 962 297
20 7 5 1 100 0.75 3 485 1013 986 362 850 1040 977 292
20 7 5 1 100 0.75 3 486 1013 982 361 842 1063 1001 291
20 7 5 1 100 0.75 3 487 1013 986 370 840 1079 1017 296
20 7 5 1 100 0.75 3 488 1013 985 354 839 1099 1038 286
20 7 5 1 100 0.75 3 489 1013 993 350 840 1111 1050 286
20 7 5 1 100 0.75 3 490 1013 995 347 845 1129 1068 283
20 7 5 1 100 0.75 3 491 1013 992 331 844 1150 1089 282
20 7 5 1 100 0.75 3 492 1013 990 348 837 1172 1111 273
20 7 5 1 100 0.75 3 493 1013 986 328 835 1196 1135 264
20 7 5 1 100 0.75 3 494 1013 985 315 837 1217 1156 256
20 7 5 1 100 0.75 3 495 1013 986 306 838 1236 1175 253
20 7 5 1 100 0.75 3 496 1013 991 307 842 1251 1190 253
20 7 5 1 100 0.75 3 497 1013 994 315 846 1268 1207 256
20 7 5 1 100 0.75 3 498 1013 1004 286 857 1277 1216 259
20 7 5 1 100 0.75 3 499 1013 1003 287 861 1287 1226 268
20 7 5 1 100 0.75 3 500 1013 1001 295 867 1298 1238 270
20 7 5 1 100 0.75 3 501 1013 998 277 874 1313 1253 268
20 7 5 1 100 0.75 3 502 1013 1001 280 882 1325 1265 276
20 7 5 1 100 0.75 3 503 1013 1000 295 892 1338 1278 277
20 7 5 1 100 0.75 3 504 1013 1000 265 902 1351 1291 285
20 7 5 1 100 0.75 3 505 1013 993 274 900 1370 1311 278
20 7 5 1 100 0.75 3 506 1013 996 265 896 1387 1328 273
20 7 5 1 100 0.75 3 507 1013 1000 275 896 1399 1341 272
20 7 5 1 100 0.75 3 508 1013 990 264 880 1422 1364 263
20 7 5 1 100 0.75 3 509 1013 1002 261 886 1430 1372 269
20 7 5 1 100 0.75 3 510 1013 996 250 885 1443 1389 271
20 7 5 1 100 0.75 3 510 1013 996 996 885 1709 1389 271
20 7 5 1 100 0.75 3 540 1013 996 996 885 75 1389 271
20 7 5 1 100 0.75 4 541 0 20 20 0 75 0 0
20 7 5 1 100 0.75 4 542 0 40 40 0 75 0 0
20 7 5 1 100 0.75 4 543 0 60 60 0 75 0 0
20 7 5 1 100 0.75 4 544 0 80 80 0 75 0 0
20 7 5 1 100 0.75 4 545 0 100 100 0 75 0 0
20 7 5 1 100 0.75 4 546 0 120 120 0 75 0 0
20 7 5 1 100 0.75 4 547 1 140 139 0 75 0 0
20 7 5 1 100 0.75 4 548 3 160 157 1 75 0 0
20 7 5 1 100 0.75 4 549 4 180 175 3 75 0 0
20 7 5 1 100 0.75 4 550 9 200 191 4 75 0 0
20 7 5 1 100 0.75 4 551 11 220 206 9 75 0 0
20 7 5 1 100 0.75 4 552 11 240 227 11 75 0 0
20 7 5 1 100 0.75 4 553 12 260 246 11 75 0 0
20 7 5 1 100 0.75 4 554 16 280 263 12 75 0 1
20 7 5 1 100 0.75 4 555 19 300 280 16 75 0 2
20 7 5 1 100 0.75 4 556 25 320 299 19 75 0 4
20 7 5 1 100 0.75 4 557 30 340 312 25 75 0 7
20 7 5 1 100 0.75 4 558 34 360 336 30 75 0 9
20 7 5 1 100 0.75 4 559 38 380 351 34 75 0 9
20 7 5 1 100 0.75 4 560 41 400 368 38 75 0 9
20 7 5 1 100 0.75 4 561 42 420 387 41 75 0 12
20 7 5 1 100 0.75 4 562 48 440 410 42 75 0 15
20 7 5 1 100 0.75 4 563 52 460 425 48 75 0 17
20 7 5 1 100 0.75 4 564 56 480 445 52 75 0 21
20 7 5 1 100 0.75 4 565 62 500 467 56 75 0 25
20 7 5 1 100 0.75 4 566 65 520 484 62 75 0 27
20 7 5 1 100 0.75 4 567 70 540 507 65 75 0 31
20 7 5 1 100 0.75 4 568 71 560 524 70 75 0 31
20 7 5 1 100 0.75 4 569 77 580 544 71 75 0 34
20 7 5 1 100 0.75 4 570 81 600 562 77 75 0 38
20 7 5 1 100 0.75 4 571 89 618 577 79 77 2 38
20 7 5 1 100 0.75 4 572 97 638 593 87 77 2 43
20 7 5 1 100 0.75 4 573 101 656 610 93 79 4 46
20 7 5 1 100 0.75 4 574 106 675 629 96 80 5 48
20 7 5 1 100 0.75 4 575 112 693 645 99 82 7 48
20 7 5 1 100 0.75 4 576 118 710 660 102 85 10 48
20 7 5 1 100 0.75 4 577 124 729 676 107 86 11 50
20 7 5 1 100 0.75 4 578 135 748 691 112 87 12 53
20 7 5 1 100 0.75 4 579 141 767 709 122 88 13 57
20 7 5 1 100 0.75 4 580 150 783 719 124 92 17 60
20 7 5 1 100 0.75 4 581 160 800 735 130 95 20 59
20 7 5 1 100 0.75 4 582 170 817 749 137 98 23 60
20 7 5 1 100 0.75 4 583 177 834 761 144 101 26 60
20 7 5 1 100 0.75 4 584 186 848 770 145 107 32 59
20 7 5 1 100 0.75 4 585 195 868 790 154 107 32 66
20 7 5 1 100 0.75 4 586 204 886 804 161 109 34 69
20 7 5 1 100 0.75 4 587 212 901 815 165 114 39 71
20 7 5 1 100 0.75 4 588 226 919 828 172 116 41 77
20 7 5 1 100 0.75 4 589 239 938 847 187 117 42 85
20 7 5 1 100 0.75 4 590 249 954 856 197 121 46 85
20 7 5 1 100 0.75 4 591 256 969 869 203 126 51 86
20 7 5 1 100 0.75 4 592 271 987 882 210 128 53 95
20 7 5 1 100 0.75 4 593 281 1001 886 220 134 59 93
20 7 5 1 100 0.75 4 594 291 1012 896 229 135 60 101
20 7 5 1 100 0.75 4 595 310 1010 890 238 138 63 107
20 7 5 1 100 0.75 4 596 325 1009 885 254 142 67 114
20 7 5 1 100 0.75 4 597 344 1009 879 268 146 71 118
20 7 5 1 100 0.75 4 598 354 1005 872 281 154 79 117
20 7 5 1 100 0.75 4 599 365 1010 876 292 157 82 125
20 7 5 1 100 0.75 4 600 376 1010 865 303 160 85 131
20 7 5 1 100 0.75 4 601 385 1010 870 318 163 88 136
20 7 5 1 100 0.75 4 602 399 1008 862 327 168 93 146
20 7 5 1 100 0.75 4 603 412 1008 858 339 173 98 157
20 7 5 1 100 0.75 4 604 427 1004 853 348 182 107 166
20 7 5 1 100 0.75 4 605 437 1008 847 361 187 112 172
20 7 5 1 100 0.75 4 606 450 1005 834 369 195 120 174
20 7 5 1 100 0.75 4 607 459 1006 831 380 202 127 178
20 7 5 1 100 0.75 4 608 471 1010 839 393 205 130 189
20 7 5 1 100 0.75 4 609 479 1001 820 395 217 142 186
20 7 5 1 100 0.75 4 610 498 1010 823 404 220 145 203
20 7 5 1 100 0.75 4 611 504 1007 823 426 226 151 205
20 7 5 1 100 0.75 4 612 521 996 790 420 243 168 205
20 7 5 1 100 0.75 4 613 532 1002 799 434 254 179 206
20 7 5 1 100 0.75 4 614 545 1002 784 440 265 190 208
20 7 5 1 100 0.75 4 615 556 1006 786 452 272 197 210
20 7 5 1 100 0.75 4 616 568 1002 769 459 283 208 212
20 7 5 1 100 0.75 4 617 581 1009 775 473 287 212 222
20 7 5 1 100 0.75 4 618 596 1000 765 482 300 225 225
20 7 5 1 100 0.75 4 619 603 1001 754 492 311 237 229
20 7 5 1 100 0.75 4 620 622 1002 748 499 322 248 236
20 7 5 1 100 0.75 4 621 640 999 740 513 336 262 236
20 7 5 1 100 0.75 4 622 652 998 728 529 351 277 235
20 7 5 1 100 0.75 4 623 662 1004 713 542 360 286 236
20 7 5 1 100 0.75 4 624 677 999 699 546 374 300 241
20 7 5 1 100 0.75 4 625 693 1001 702 561 386 312 243
20 7 5 1 100 0.75 4 626 706 1004 684 577 395 321 251
20 7 5 1 100 0.75 4 627 719 998 681 587 410 336 252
20 7 5 1 100 0.75 4 628 742 999 679 600 424 350 261
20 7 5 1 100 0.75 4 629 756 1003 664 625 434 360 267
20 7 5 1 100 0.75 4 630 765 997 638 641 450 376 266
20 7 5 1 100 0.75 4 631 774 1002 640 649 461 387 274
20 7 5 1 100 0.75 4 632 791 992 624 650 482 408 274
20 7 5 1 100 0.75 4 633 800 1002 636 672 492 418 283
20 7 5 1 100 0.75 4 634 818 998 613 676 507 433 284
20 7 5 1 100 0.75 4 635 832 1003 611 694 517 443 298
20 7 5 1 100 0.75 4 636 850 997 587 712 533 459 309
20 7 5 1 100 0.75 4 637 861 996 592 724 550 476 310
20 7 5 1 100 0.75 4 638 873 997 587 732 566 492 306
20 7 5 1 100 0.75 4 639 889 994 557 739 585 511 307
20 7 5 1 100 0.75 4 640 897 999 564 755 599 525 305
20 7 5 1 100 0.75 4 641 910 1002 565 770 610 536 309
20 7 5 1 100 0.75 4 642 928 1002 547 786 621 547 319
20 7 5 1 100 0.75 4 643 943 994 537 798 640 566 322
20 7 5 1 100 0.75 4 644 951 996 525 811 657 583 324
20 7 5 1 100 0.75 4 645 958 988 506 809 681 608 314
20 7 5 1 100 0.75 4 646 969 995 506 814 694 621 322
20 7 5 1 100 0.75 4 647 977 993 499 825 714 641 325
20 7 5 1 100 0.75 4 648 988 998 485 836 729 656 332
20 7 5 1 100 0.75 4 649 993 1003 503 850 738 666 344
20 7 5 1 100 0.75 4 650 1000 997 493 853 753 682 351
20 7 5 1 100 0.75 4 651 1002 994 473 858 772 701 350
20 7 5 1 100 0.75 4 652 1007 987 461 845 798 727 339
20 7 5 1 100 0.75 4 653 1010 985 447 848 819 749 337
20 7 5 1 100 0.75 4 654 1011 986 443 853 838 768 336
20 7 5 1 100 0.75 4 655 1012 987 430 851 857 787 333
20 7 5 1 100 0.75 4 656 1013 987 423 852 877 807 336
20 7 5 1 100 0.75 4 657 1013 993 421 853 890 821 331
20 7 5 1 100 0.75 4 658 1013 990 429 844 913 844 320
20 7 5 1 100 0.75 4 659 1013 998 418 844 925 856 321
20 7 5 1 100 0.75 4 660 1013 994 409 850 944 875 319
20 7 5 1 100 0.75 4 661 1013 997 396 849 959 891 316
20 7 5 1 100 0.75 4 662 1013 997 406 855 974 907 323
20 7 5 1 100 0.75 4 663 1013 989 364 856 998 931 309
20 7 5 1 100 0.75 4 664 1013 987 376 852 1020 953 300
20 7 5 1 100 0.75 4 665 1013 987 376 850 1039 973 290
20 7 5 1 100 0.75 4 666 1013 978 345 842 1068 1002 273
20 7 5 1 100 0.75 4 667 1013 976 341 836 1089 1024 272
20 7 5 1 100 0.75 4 668 1013 979 339 838 1106 1041 266
20 7 5 1 100 0.75 4 669 1013 981 332 839 1124 1059 267
20 7 5 1 100 0.75 4 670 1013 979 317 832 1146 1081 259
20 7 5 1 100 0.75 4 671 1013 985 323 833 1160 1095 258
20 7 5 1 100 0.75 4 672 1013 990 317 835 1173 1110 261
20 7 5 1 100 0.75 4 673 1013 992 330 842 1190 1128 258
20 7 5 1 100 0.75 4 674 1013 996 332 845 1206 1144 253
20 7 5 1 100 0.75 4 675 1013 998 319 854 1221 1159 251
20 7 5 1 100 0.75 4 676 1013 992 285 849 1242 1180 246
20 7 5 1 100 0.75 4 677 1013 1000 298 858 1253 1192 242
20 7 5 1 100 0.75 4 678 1013 1003 307 869 1263 1202 242
20 7 5 1 100 0.75 4 679 1013 997 284 869 1279 1218 243
20 7 5 1 100 0.75 4 680 1013 998 286 874 1293 1233 247
20 7 5 1 100 0.75 4 681 1013 1000 294 876 1306 1246 254
20 7 5 1 100 0.75 4 682 1013 1005 293 895 1314 1254 259
20 7 5 1 100 0.75 4 683 1013 993 269 892 1333 1274 253
20 7 5 1 100 0.75 4 684 1013 1003 261 897 1343 1284 263
20 7 5 1 100 0.75 4 685 1013 1001 267 900 1355 1296 262
20 7 5 1 100 0.75 4 686 1013 995 273 894 1371 1314 257
20 7 5 1 100 0.75 4 687 1013 998 255 890 1386 1329 257
20 7 5 1 100 0.75 4 688 1013 995 270 891 1404 1347 259
20 7 5 1 100 0.75 4 689 1013 995 264 889 1421 1365 257
20 7 5 1 100 0.75 4 690 1013 994 287 876 1440 1384 245
20 7 5 1 100 0.75 4 690 1013 994 994 876 1679 1384 245
20 7 5 1 100 0.75 4 720 1013 994 994 876 76 1384 245
20 7 5 1 100 0.75 5 721 0 20 20 0 76 0 0
20 7 5 1 100 0.75 5 722 0 40 40 0 76 0 0
20 7 5 1 100 0.75 5 723 0 60 60 0 76 0 0
20 7 5 1 100 0.75 5 724 0 80 80 0 76 0 0
20 7 5 1 100 0.75 5 725 0 100 100 0 76 0 0
20 7 5 1 100 0.75 5 726 0 120 120 0 76 0 0
20 7 5 1 100 0.75 5 727 0 140 139 0 76 0 0
20 7 5 1 100 0.75 5 728 0 160 157 0 76 0 0
20 7 5 1 100 0.75 5 729 2 180 178 0 76 0 0
20 7 5 1 100 0.75 5 730 3 200 192 2 76 0 0
20 7 5 1 100 0.75 5 731 6 220 213 3 76 0 0
20 7 5 1 100 0.75 5 732 8 240 229 6 76 0 0
20 7 5 1 100 0.75 5 733 12 260 246 8 76 0 0
20 7 5 1 100 0.75 5 734 14 280 262 12 76 0 0
20 7 5 1 100 0.75 5 735 18 300 280 14 76 0 0
20 7 5 1 100 0.75 5 736 21 320 298 18 76 0 0
20 7 5 1 100 0.75 5 737 24 340 317 21 76 0 2
20 7 5 1 100 0.75 5 738 29 360 334 24 76 0 4
20 7 5 1 100 0.75 5 739 33 380 353 29 76 0 6
20 7 5 1 100 0.75 5 740 37 400 370 33 76 0 8
20 7 5 1 100 0.75 5 741 41 420 390 37 76 0 10
20 7 5 1 100 0.75 5 742 44 440 407 41 76 0 12
20 7 5 1 100 0.75 5 743 50 460 422 44 76 0 16
20 7 5 1 100 0.75 5 744 55 480 442 50 76 0 18
20 7 5 1 100 0.75 5 745 60 500 462 55 76 0 21
20 7 5 1 100 0.75 5 746 66 520 480 60 76 0 26
20 7 5 1 100 0.75 5 747 76 540 494 66 76 0 29
20 7 5 1 100 0.75 5 748 81 560 515 76 76 0 30
20 7 5 1 100 0.75 5 749 85 580 528 81 76 0 32
20 7 5 1 100 0.75 5 750 89 600 552 85 76 0 36
20 7 5 1 100 0.75 5 751 96 620 571 89 76 0 42
20 7 5 1 100 0.75 5 752 103 639 589 95 77 1 45
20 7 5 1 100 0.75 5 753 108 659 608 102 77 1 47
20 7 5 1 100 0.75 5 754 114 677 621 105 79 3 52
20 7 5 1 100 0.75 5 755 127 696 640 110 80 4 61
20 7 5 1 100 0.75 5 756 132 716 656 123 80 4 62
20 7 5 1 100 0.75 5 757 138 734 675 126 82 6 62
20 7 5 1 100 0.75 5 758 150 749 683 127 87 11 60
20 7 5 1 100 0.75 5 759 157 767 702 137 89 13 63
20 7 5 1 100 0.75 5 760 166 786 717 143 90 14 66
20 7 5 1 100 0.75 5 761 174 804 731 150 92 16 68
20 7 5 1 100 0.75 5 762 188 822 749 156 94 18 76
20 7 5 1 100 0.75 5 763 199 837 757 165 99 23 79
20 7 5 1 100 0.75 5 764 207 854 773 173 102 26 77
20 7 5 1 100 0.75 5 765 218 872 791 179 104 28 82
20 7 5 1 100 0.75 5 766 229 889 802 187 107 31 88
20 7 5 1 100 0.75 5 767 238 902 808 191 114 38 89
20 7 5 1 100 0.75 5 768 249 919 821 198 117 41 94
20 7 5 1 100 0.75 5 769 261 938 838 208 118 42 103
20 7 5 1 100 0.75 5 770 275 953 853 216 123 47 107
20 7 5 1 100 0.75 5 771 290 964 854 222 132 56 106
20 7 5 1 100 0.75 5 772 299 982 867 238 134 58 106
20 7 5 1 100 0.75 5 773 313 997 884 244 139 63 113
20 7 5 1 100 0.75 5 774 327 1010 887 255 142 66 117
20 7 5 1 100 0.75 5 775 334 1012 889 269 143 67 121
20 7 5 1 100 0.75 5 776 350 1010 880 274 146 70 129
20 7 5 1 100 0.75 5 777 367 1005 867 286 154 78 132
20 7 5 1 100 0.75 5 778 381 1010 869 302 157 81 141
20 7 5 1 100 0.75 5 779 395 1009 865 315 161 85 149
20 7 5 1 100 0.75 5 780 406 1007 859 332 167 91 151
20 7 5 1 100 0.75 5 781 423 1005 851 340 175 99 155
20 7 5 1 100 0.75 5 782 434 1004 839 355 184 108 153
20 7 5 1 100 0.75 5 783 445 1005 833 363 192 116 159
20 7 5 1 100 0.75 5 784 457 1008 832 376 197 121 167
20 7 5 1 100 0.75 5 785 472 1004 824 382 206 130 170
20 7 5 1 100 0.75 5 786 484 1006 829 395 213 137 185
20 7 5 1 100 0.75 5 787 499 1002 819 403 224 148 188
20 7 5 1 100 0.75 5 788 518 1002 808 411 235 159 194
20 7 5 1 100 0.75 5 789 529 1005 800 429 243 167 197
20 7 5 1 100 0.75 5 790 537 1007 795 439 249 173 205
20 7 5 1 100 0.75 5 791 552 1003 783 448 259 183 211
20 7 5 1 100 0.75 5 792 567 1008 784 468 264 188 222
20 7 5 1 100 0.75 5 793 574 1006 780 485 271 195 226
20 7 5 1 100 0.75 5 794 586 1004 770 487 280 204 233
20 7 5 1 100 0.75 5 795 602 997 754 492 296 220 235
20 7 5 1 100 0.75 5 796 614 1004 754 514 305 229 239
20 7 5 1 100 0.75 5 797 627 1001 748 524 317 241 240
20 7 5 1 100 0.75 5 798 637 1006 735 538 324 248 251
20 7 5 1 100 0.75 5 799 654 1005 740 549 331 256 262
20 7 5 1 100 0.75 5 800 671 999 713 558 345 270 264
20 7 5 1 100 0.75 5 801 679 1002 708 575 356 281 265
20 7 5 1 100 0.75 5 802 691 999 701 576 370 295 274
20 7 5 1 100 0.75 5 803 708 999 696 587 384 309 279
20 7 5 1 100 0.75 5 804 718 997 690 596 400 325 276
20 7 5 1 100 0.75 5 805 731 999 676 611 414 339 283
20 7 5 1 100 0.75 5 806 740 995 657 616 432 357 277
20 7 5 1 100 0.75 5 807 757 1000 662 615 445 370 284
20 7 5 1 100 0.75 5 808 772 1000 656 632 457 383 288
20 7 5 1 100 0.75 5 809 789 994 637 640 476 402 277
20 7 5 1 100 0.75 5 810 804 1003 638 659 486 412 287
20 7 5 1 100 0.75 5 811 816 995 631 671 503 430 295
20 7 5 1 100 0.75 5 812 825 1000 612 687 516 443 300
20 7 5 1 100 0.75 5 813 832 997 606 694 531 459 297
20 7 5 1 100 0.75 5 814 839 997 596 698 547 475 292
20 7 5 1 100 0.75 5 815 850 983 576 693 576 505 285
20 7 5 1 100 0.75 5 816 866 992 562 710 587 516 291
20 7 5 1 100 0.75 5 817 875 1003 578 730 596 525 308
20 7 5 1 100 0.75 5 818 888 995 557 738 614 543 311
20 7 5 1 100 0.75 5 819 897 997 568 752 630 559 313
20 7 5 1 100 0.75 5 820 904 989 533 750 654 583 303
20 7 5 1 100 0.75 5 821 916 997 527 757 666 595 314
20 7 5 1 100 0.75 5 822 922 993 525 768 686 615 307
20 7 5 1 100 0.75 5 823 931 1001 525 776 698 627 315
20 7 5 1 100 0.75 5 824 940 999 520 797 711 641 324
20 7 5 1 100 0.75 5 825 948 995 498 798 729 659 325
20 7 5 1 100 0.75 5 826 956 994 486 800 747 678 321
20 7 5 1 100 0.75 5 827 964 998 471 812 762 693 320
20 7 5 1 100 0.75 5 828 970 992 462 817 783 714 316
20 7 5 1 100 0.75 5 829 979 996 478 819 797 730 329
20 7 5 1 100 0.75 5 830 984 993 465 831 817 750 328
20 7 5 1 100 0.75 5 831 986 1000 451 839 830 763 330
20 7 5 1 100 0.75 5 832 988 991 429 831 852 785 329
20 7 5 1 100 0.75 5 833 993 995 427 836 867 801 331
20 7 5 1 100 0.75 5 834 994 994 419 841 886 820 327
20 7 5 1 100 0.75 5 835 1000 993 410 835 905 840 323
20 7 5 1 100 0.75 5 836 1003 994 402 845 924 859 322
20 7 5 1 100 0.75 5 837 1004 994 409 841 942 878 320
20 7 5 1 100 0.75 5 838 1008 993 407 846 962 898 314
20 7 5 1 100 0.75 5 839 1009 1000 394 853 974 911 315
20 7 5 1 100 0.75 5 840 1010 994 390 853 992 930 313
20 7 5 1 100 0.75 5 841 1011 993 405 852 1012 950 306
20 7 5 1 100 0.75 5 842 1012 996 371 858 1029 967 304
20 7 5 1 100 0.75 5 843 1013 993 353 851 1049 987 299
20 7 5 1 100 0.75 5 844 1013 994 378 858 1067 1006 300
20 7 5 1 100 0.75 5 845 1013 987 347 844 1093 1032 286
20 7 5 1 100 0.75 5 846 1013 997 339 857 1101 1042 294
20 7 5 1 100 0.75 5 847 1013 992 333 854 1121 1063 286
20 7 5 1 100 0.75 5 848 1013 994 335 849 1139 1081 282
20 7 5 1 100 0.75 5 849 1013 992 328 849 1160 1102 271
20 7 5 1 100 0.75 5 850 1013 995 334 849 1177 1119 270
20 7 5 1 100 0.75 5 851 1013 990 320 847 1200 1142 259
20 7 5 1 100 0.75 5 852 1013 995 321 853 1215 1157 251
20 7 5 1 100 0.75 5 853 1013 1006 317 859 1222 1164 256
20 7 5 1 100 0.75 5 854 1013 993 307 866 1241 1184 244
20 7 5 1 100 0.75 5 855 1013 1000 316 866 1254 1197 244
20 7 5 1 100 0.75 5 856 1013 998 302 870 1269 1212 243
20 7 5 1 100 0.75 5 857 1013 989 296 867 1293 1236 232
20 7 5 1 100 0.75 5 858 1013 994 288 872 1307 1251 229
20 7 5 1 100 0.75 5 859 1013 994 297 869 1326 1270 222
20 7 5 1 100 0.75 5 860 1013 1001 273 878 1337 1282 225
20 7 5 1 100 0.75 5 861 1013 1000 277 878 1349 1295 228
20 7 5 1 100 0.75 5 862 1013 1001 256 879 1361 1307 232
20 7 5 1 100 0.75 5 863 1013 993 267 874 1379 1327 229
20 7 5 1 100 0.75 5 864 1013 994 270 870 1398 1346 223
20 7 5 1 100 0.75 5 865 1013 1003 271 878 1408 1356 227
20 7 5 1 100 0.75 5 866 1013 998 288 882 1422 1371 227
20 7 5 1 100 0.75 5 867 1013 996 262 887 1438 1388 224
20 7 5 1 100 0.75 5 868 1013 1001 253 885 1450 1400 223
20 7 5 1 100 0.75 5 869 1013 1004 264 892 1458 1409 225
20 7 5 1 100 0.75 5 870 1013 1006 265 898 1465 1416 228
20 7 5 1 100 0.75 5 870 1013 1006 1006 898 1686 1416 228
20 7 5 1 100 0.75 5 900 1013 1006 1006 898 75 1416 228
20 7 5 1 100 0.75 6 901 0 20 20 0 75 0 0
20 7 5 1 100 0.75 6 902 0 40 40 0 75 0 0
20 7 5 1 100 0.75 6 903 0 60 60 0 75 0 0
20 7 5 1 100 0.75 6 904 0 80 80 0 75 0 0
20 7 5 1 100 0.75 6 905 0 100 100 0 75 0 0
20 7 5 1 100 0.75 6 906 0 120 120 0 75 0 0
20 7 5 1 100 0.75 6 907 0 140 140 0 75 0 0
20 7 5 1 100 0.75 6 908 0 160 160 0 75 0 0
20 7 5 1 100 0.75 6 909 1 180 179 0 75 0 0
20 7 5 1 100 0.75 6 910 2 200 198 1 75 0 0
20 7 5 1 100 0.75 6 911 3 220 216 2 75 0 0
20 7 5 1 100 0.75 6 912 8 240 232 3 75 0 0
20 7 5 1 100 0.75 6 913 8 260 251 8 75 0 0
20 7 5 1 100 0.75 6 914 13 280 265 8 75 0 0
20 7 5 1 100 0.75 6 915 18 300 280 13 75 0 0
20 7 5 1 100 0.75 6 916 21 320 298 18 75 0 0
20 7 5 1 100 0.75 6 917 24 340 316 21 75 0 0
20 7 5 1 100 0.75 6 918 28 360 334 24 75 0 0
20 7 5 1 100 0.75 6 919 33 380 352 28 75 0 5
20 7 5 1 100 0.75 6 920 33 400 371 33 75 0 5
20 7 5 1 100 0.75 6 921 35 420 393 33 75 0 7
20 7 5 1 100 0.75 6 922 42 440 413 35 75 0 15
20 7 5 1 100 0.75 6 923 47 460 428 42 75 0 16
20 7 5 1 100 0.75 6 924 53 480 448 47 75 0 18
20 7 5 1 100 0.75 6 925 58 500 464 53 75 0 21
20 7 5 1 100 0.75 6 926 67 520 482 58 75 0 26
20 7 5 1 100 0.75 6 927 69 540 499 67 75 0 28
20 7 5 1 100 0.75 6 928 73 560 516 69 75 0 28
20 7 5 1 100 0.75 6 929 80 580 535 73 75 0 33
20 7 5 1 100 0.75 6 930 85 600 554 80 75 0 36
20 7 5 1 100 0.75 6 931 88 620 580 85 75 0 39
20 7 5 1 100 0.75 6 932 96 640 591 88 75 0 42
20 7 5 1 100 0.75 6 933 103 660 613 96 75 0 49
20 7 5 1 100 0.75 6 934 111 680 630 103 75 0 54
20 7 5 1 100 0.75 6 935 112 699 651 110 76 1 54
20 7 5 1 100 0.75 6 936 122 717 665 109 78 3 56
20 7 5 1 100 0.75 6 937 127 734 680 116 81 6 56
20 7 5 1 100 0.75 6 938 135 752 692 119 83 8 58
20 7 5 1 100 0.75 6 939 146 767 706 122 88 13 60
20 7 5 1 100 0.75 6 940 154 785 721 131 90 15 65
20 7 5 1 100 0.75 6 941 162 804 736 138 91 16 68
20 7 5 1 100 0.75 6 942 166 822 753 144 93 18 68
20 7 5 1 100 0.75 6 943 175 835 760 141 100 25 65
20 7 5 1 100 0.75 6 944 188 852 774 147 103 28 67
20 7 5 1 100 0.75 6 945 198 870 784 158 105 30 70
20 7 5 1 100 0.75 6 946 211 886 800 164 109 34 77
20 7 5 1 100 0.75 6 947 220 905 815 176 110 35 80
20 7 5 1 100 0.75 6 948 235 919 825 180 116 41 79
20 7 5 1 100 0.75 6 949 242 937 835 194 118 43 80
20 7 5 1 100 0.75 6 950 250 955 855 199 120 45 81
20 7 5 1 100 0.75 6 951 263 971 865 205 124 49 87
20 7 5 1 100 0.75 6 952 273 988 882 217 127 52 92
20 7 5 1 100 0.75 6 953 289 1005 895 224 130 55 99
20 7 5 1 100 0.75 6 954 306 1007 889 235 136 61 103
20 7 5 1 100 0.75 6 955 315 1010 892 251 139 64 111
20 7 5 1 100 0.75 6 956 327 1006 881 253 145 71 111
20 7 5 1 100 0.75 6 957 338 1011 883 267 147 73 117
20 7 5 1 100 0.75 6 958 348 1006 872 273 154 80 118
20 7 5 1 100 0.75 6 959 365 1004 863 277 163 89 117
20 7 5 1 100 0.75 6 960 376 1011 872 296 165 91 127
20 7 5 1 100 0.75 6 961 392 1009 867 311 169 95 135
20 7 5 1 100 0.75 6 962 402 1010 862 330 172 98 139
20 7 5 1 100 0.75 6 963 413 1008 850 342 177 103 146
20 7 5 1 100 0.75 6 964 419 1007 846 353 183 109 147
20 7 5 1 100 0.75 6 965 431 1006 835 356 190 116 150
20 7 5 1 100 0.75 6 966 446 1010 848 369 193 119 157
20 7 5 1 100 0.75 6 967 459 1003 828 379 203 129 161
20 7 5 1 100 0.75 6 968 471 1005 824 396 211 137 164
20 7 5 1 100 0.75 6 969 492 1005 824 403 219 145 173
20 7 5 1 100 0.75 6 970 505 1007 816 420 225 151 180
20 7 5 1 100 0.75 6 971 512 1007 810 431 231 157 184
20 7 5 1 100 0.75 6 972 522 1003 800 436 241 167 182
20 7 5 1 100 0.75 6 973 535 1006 798 452 248 174 188
20 7 5 1 100 0.75 6 974 547 1006 798 458 255 181 201
20 7 5 1 100 0.75 6 975 564 1000 778 465 268 194 198
20 7 5 1 100 0.75 6 976 582 1002 778 476 278 205 201
20 7 5 1 100 0.75 6 977 598 1002 769 491 289 216 206
20 7 5 1 100 0.75 6 978 610 1004 757 506 298 225 206
20 7 5 1 100 0.75 6 979 622 1004 754 519 307 234 211
20 7 5 1 100 0.75 6 980 634 1007 746 533 313 240 218
20 7 5 1 100 0.75 6 981 646 1004 735 546 322 249 224
20 7 5 1 100 0.75 6 982 658 999 726 550 336 263 225
20 7 5 1 100 0.75 6 983 680 995 703 557 354 281 225
20 7 5 1 100 0.75 6 984 697 1005 708 579 362 289 240
20 7 5 1 100 0.75 6 985 711 1007 711 604 368 295 254
20 7 5 1 100 0.75 6 986 720 999 701 612 382 309 251
20 7 5 1 100 0.75 6 987 730 1006 703 628 389 316 259
20 7 5 1 100 0.75 6 988 739 998 680 632 404 331 257
20 7 5 1 100 0.75 6 989 754 996 672 633 421 348 255
20 7 5 1 100 0.75 6 990 771 999 668 646 435 362 265
20 7 5 1 100 0.75 6 991 788 999 658 662 449 376 275
20 7 5 1 100 0.75 6 992 806 1000 645 679 462 389 284
20 7 5 1 100 0.75 6 993 816 999 642 689 476 403 282
20 7 5 1 100 0.75 6 994 830 998 637 693 491 418 285
20 7 5 1 100 0.75 6 995 839 1003 621 712 501 428 286
20 7 5 1 100 0.75 6 996 847 1006 630 719 507 435 293
20 7 5 1 100 0.75 6 997 864 995 602 726 525 453 299
20 7 5 1 100 0.75 6 998 876 995 592 744 542 471 302
20 7 5 1 100 0.75 6 999 889 996 576 756 558 488 308
20 7 5 1 100 0.75 6 1000 901 1000 579 770 571 501 313
20 7 5 1 100 0.75 6 1001 909 994 555 771 590 520 310
20 7 5 1 100 0.75 6 1002 918 998 552 777 605 535 312
20 7 5 1 100 0.75 6 1003 924 995 550 786 622 553 311
20 7 5 1 100 0.75 6 1004 933 1001 530 789 634 565 325
20 7 5 1 100 0.75 6 1005 941 997 524 793 650 581 338
20 7 5 1 100 0.75 6 1006 949 981 516 786 681 613 327
20 7 5 1 100 0.75 6 1007 955 986 511 798 695 628 327
20 7 5 1 100 0.75 6 1008 968 988 502 800 713 646 331
20 7 5 1 100 0.75 6 1009 974 995 503 818 725 659 332
20 7 5 1 100 0.75 6 1010 978 999 486 827 738 673 332
20 7 5 1 100 0.75 6 1011 979 996 486 830 755 690 327
20 7 5 1 100 0.75 6 1012 984 996 472 831 771 707 330
20 7 5 1 100 0.75 6 1013 991 998 477 835 785 722 329
20 7 5 1 100 0.75 6 1014 996 996 460 838 802 739 326
20 7 5 1 100 0.75 6 1015 997 995 453 848 819 757 325
20 7 5 1 100 0.75 6 1016 1001 996 442 855 834 774 327
20 7 5 1 100 0.75 6 1017 1004 989 435 853 857 798 319
20 7 5 1 100 0.75 6 1018 1005 989 427 852 877 818 312
20 7 5 1 100 0.75 6 1019 1006 995 429 855 891 832 312
20 7 5 1 100 0.75 6 1020 1012 984 402 842 919 861 300
20 7 5 1 100 0.75 6 1021 1012 980 383 840 942 885 289
20 7 5 1 100 0.75 6 1022 1013 977 389 833 963 908 288
20 7 5 1 100 0.75 6 1023 1013 977 381 828 983 928 281
20 7 5 1 100 0.75 6 1024 1013 978 382 832 1001 947 284
20 7 5 1 100 0.75 6 1025 1013 983 382 830 1015 962 282
20 7 5 1 100 0.75 6 1026 1013 989 375 839 1027 976 278
20 7 5 1 100 0.75 6 1027 1013 988 336 837 1047 997 272
20 7 5 1 100 0.75 6 1028 1013 995 358 843 1059 1010 275
20 7 5 1 100 0.75 6 1029 1013 997 366 850 1074 1026 273
20 7 5 1 100 0.75 6 1030 1013 993 342 849 1094 1046 265
20 7 5 1 100 0.75 6 1031 1013 1000 332 858 1107 1059 269
20 7 5 1 100 0.75 6 1032 1013 992 314 854 1126 1080 260
20 7 5 1 100 0.75 6 1033 1013 998 320 860 1140 1094 269
20 7 5 1 100 0.75 6 1034 1013 999 325 864 1154 1108 270
20 7 5 1 100 0.75 6 1035 1013 1005 294 882 1162 1116 279
20 7 5 1 100 0.75 6 1036 1013 993 327 875 1182 1136 277
20 7 5 1 100 0.75 6 1037 1013 992 308 875 1202 1157 265
20 7 5 1 100 0.75 6 1038 1013 1003 311 884 1210 1166 270
20 7 5 1 100 0.75 6 1039 1013 985 284 867 1238 1194 251
20 7 5 1 100 0.75 6 1040 1013 994 294 878 1248 1205 258
20 7 5 1 100 0.75 6 1041 1013 1002 288 884 1258 1216 261
20 7 5 1 100 0.75 6 1042 1013 996 288 881 1273 1233 255
20 7 5 1 100 0.75 6 1043 1013 998 285 879 1288 1248 261
20 7 5 1 100 0.75 6 1044 1013 1000 294 876 1300 1261 256
20 7 5 1 100 0.75 6 1045 1013 1000 284 883 1313 1274 256
20 7 5 1 100 0.75 6 1046 1013 997 269 884 1329 1290 251
20 7 5 1 100 0.75 6 1047 1013 996 299 878 1345 1307 250
20 7 5 1 100 0.75 6 1048 1013 994 264 883 1364 1326 246
20 7 5 1 100 0.75 6 1049 1013 1001 274 885 1376 1338 245
20 7 5 1 100 0.75 6 1050 1013 997 253 884 1391 1354 239
20 7 5 1 100 0.75 6 1050 1013 997 997 884 1627 1354 239
20 7 5 1 100 0.75 6 1080 1013 997 997 884 76 1354 239
20 7 5 1 100 0.75 7 1081 0 20 20 0 76 0 0
20 7 5 1 100 0.75 7 1082 0 40 40 0 76 0 0
20 7 5 1 100 0.75 7 1083 0 60 60 0 76 0 0
20 7 5 1 100 0.75 7 1084 0 80 80 0 76 0 0
20 7 5 1 100 0.75 7 1085 0 100 100 0 76 0 0
20 7 5 1 100 0.75 7 1086 0 120 120 0 76 0 0
20 7 5 1 100 0.75 7 1087 0 140 140 0 76 0 0
20 7 5 1 100 0.75 7 1088 2 160 156 0 76 0 0
20 7 5 1 100 0.75 7 1089 4 180 173 2 76 0 0
20 7 5 1 100 0.75 7 1090 5 200 194 4 76 0 0
20 7 5 1 100 0.75 7 1091 6 220 211 5 76 0 0
20 7 5 1 100 0.75 7 1092 12 240 228 6 76 0 0
20 7 5 1 100 0.75 7 1093 14 260 241 12 76 0 0
20 7 5 1 100 0.75 7 1094 17 280 260 14 76 0 0
20 7 5 1 100 0.75 7 1095 19 300 277 17 76 0 1
20 7 5 1 100 0.75 7 1096 27 320 294 19 76 0 3
20 7 5 1 100 0.75 7 1097 28 340 313 27 76 0 4
20 7 5 1 100 0.75 7 1098 34 360 328 28 76 0 4
20 7 5 1 100 0.75 7 1099 36 380 351 34 76 0 7
20 7 5 1 100 0.75 7 1100 42 400 367 36 76 0 8
20 7 5 1 100 0.75 7 1101 49 420 387 42 76 0 11
20 7 5 1 100 0.75 7 1102 52 440 406 49 76 0 14
20 7 5 1 100 0.75 7 1103 55 460 424 52 76 0 17
20 7 5 1 100 0.75 7 1104 58 480 444 55 76 0 22
20 7 5 1 100 0.75 7 1105 60 500 463 58 76 0 25
20 7 5 1 100 0.75 7 1106 72 520 478 60 76 0 29
20 7 5 1 100 0.75 7 1107 73 540 497 72 76 0 31
20 7 5 1 100 0.75 7 1108 80 560 519 73 76 0 39
20 7 5 1 100 0.75 7 1109 86 580 536 80 76 0 42
20 7 5 1 100 0.75 7 1110 93 599 552 85 77 1 43
20 7 5 1 100 0.75 7 1111 99 618 570 91 78 2 46
20 7 5 1 100 0.75 7 1112 106 638 586 97 78 2 47
20 7 5 1 100 0.75 7 1113 111 657 606 103 79 3 50
20 7 5 1 100 0.75 7 1114 117 676 621 107 80 4 55
20 7 5 1 100 0.75 7 1115 125 695 637 112 81 5 59
20 7 5 1 100 0.75 7 1116 130 714 657 119 82 6 64
20 7 5 1 100 0.75 7 1117 136 734 677 124 82 6 68
20 7 5 1 100 0.75 7 1118 145 752 692 128 84 8 70
20 7 5 1 100 0.75 7 1119 154 767 703 132 89 13 70
20 7 5 1 100 0.75 7 1120 161 786 724 140 90 14 74
20 7 5 1 100 0.75 7 1121 167 803 740 144 93 17 75
20 7 5 1 100 0.75 7 1122 176 816 746 143 100 24 73
20 7 5 1 100 0.75 7 1123 185 832 756 148 104 28 73
20 7 5 1 100 0.75 7 1124 190 852 773 157 104 28 76
20 7 5 1 100 0.75 7 1125 202 865 782 155 111 35 74
20 7 5 1 100 0.75 7 1126 214 883 796 165 113 37 81
20 7 5 1 100 0.75 7 1127 222 902 814 176 114 38 84
20 7 5 1 100 0.75 7 1128 234 913 822 176 123 47 85
20 7 5 1 100 0.75 7 1129 241 930 833 185 126 50 85
20 7 5 1 100 0.75 7 1130 256 947 844 191 129 53 87
20 7 5 1 100 0.75 7 1131 272 963 855 203 133 57 91
20 7 5 1 100 0.75 7 1132 285 978 865 214 138 62 91
20 7 5 1 100 0.75 7 1133 295 990 874 219 146 70 95
20 7 5 1 100 0.75 7 1134 304 1006 881 226 150 74 98
20 7 5 1 100 0.75 7 1135 313 1012 884 236 151 75 102
20 7 5 1 100 0.75 7 1136 333 1009 877 243 155 79 106
20 7 5 1 100 0.75 7 1137 343 1010 876 262 158 82 110
20 7 5 1 100 0.75 7 1138 359 1007 873 270 164 88 116
20 7 5 1 100 0.75 7 1139 374 1010 867 288 167 91 121
20 7 5 1 100 0.75 7 1140 383 1008 864 305 172 96 125
20 7 5 1 100 0.75 7 1141 394 1007 854 313 178 102 127
20 7 5 1 100 0.75 7 1142 403 1007 848 325 184 108 131
20 7 5 1 100 0.75 7 1143 417 1009 847 336 188 112 141
20 7 5 1 100 0.75 7 1144 430 1005 836 348 196 120 148
20 7 5 1 100 0.75 7 1145 439 1008 834 361 201 125 152
20 7 5 1 100 0.75 7 1146 458 1009 832 372 205 129 170
20 7 5 1 100 0.75 7 1147 468 1002 820 387 216 140 174
20 7 5 1 100 0.75 7 1148 486 1007 824 396 222 146 183
20 7 5 1 100 0.75 7 1149 494 1007 813 411 228 152 186
20 7 5 1 100 0.75 7 1150 507 1006 816 419 235 159 192
20 7 5 1 100 0.75 7 1151 520 1006 803 431 242 166 198
20 7 5 1 100 0.75 7 1152 537 1007 802 442 248 172 208
20 7 5 1 100 0.75 7 1153 549 1005 799 460 256 180 214
20 7 5 1 100 0.75 7 1154 562 1007 798 470 262 186 226
20 7 5 1 100 0.75 7 1155 581 1001 776 478 274 198 231
20 7 5 1 100 0.75 7 1156 593 1001 767 496 286 210 234
20 7 5 1 100 0.75 7 1157 601 1006 761 508 293 217 239
20 7 5 1 100 0.75 7 1158 615 1003 762 512 303 227 241
20 7 5 1 100 0.75 7 1159 632 1003 754 525 313 237 248
20 7 5 1 100 0.75 7 1160 645 1002 736 537 324 248 260
20 7 5 1 100 0.75 7 1161 663 998 737 544 338 263 259
20 7 5 1 100 0.75 7 1162 683 992 708 548 359 284 263
20 7 5 1 100 0.75 7 1163 699 999 714 565 372 297 269
20 7 5 1 100 0.75 7 1164 708 1004 697 582 381 306 274
20 7 5 1 100 0.75 7 1165 717 1005 693 596 389 314 279
20 7 5 1 100 0.75 7 1166 733 995 678 603 407 332 279
20 7 5 1 100 0.75 7 1167 751 999 667 614 421 346 287
20 7 5 1 100 0.75 7 1168 763 994 649 622 439 365 284
20 7 5 1 100 0.75 7 1169 776 1002 668 637 450 376 296
20 7 5 1 100 0.75 7 1170 791 997 649 647 466 392 293
20 7 5 1 100 0.75 7 1171 808 1000 638 664 479 405 305
20 7 5 1 100 0.75 7 1172 818 994 613 679 498 424 308
20 7 5 1 100 0.75 7 1173 830 997 610 685 514 440 305
20 7 5 1 100 0.75 7 1174 847 998 603 696 529 455 312
20 7 5 1 100 0.75 7 1175 860 1001 596 717 541 467 316
20 7 5 1 100 0.75 7 1176 870 996 582 729 558 484 318
20 7 5 1 100 0.75 7 1177 878 994 580 733 577 503 317
20 7 5 1 100 0.75 7 1178 894 995 567 736 595 521 325
20 7 5 1 100 0.75 7 1179 902 1002 568 757 606 532 338
20 7 5 1 100 0.75 7 1180 910 997 545 764 622 548 337
20 7 5 1 100 0.75 7 1181 921 997 546 770 637 564 344
20 7 5 1 100 0.75 7 1182 933 991 521 780 659 586 344
20 7 5 1 100 0.75 7 1183 945 998 518 794 672 599 352
20 7 5 1 100 0.75 7 1184 952 989 515 797 696 623 347
20 7 5 1 100 0.75 7 1185 963 995 502 808 710 637 350
20 7 5 1 100 0.75 7 1186 972 994 479 818 729 656 352
20 7 5 1 100 0.75 7 1187 978 994 476 821 748 675 345
20 7 5 1 100 0.75 7 1188 984 998 462 828 763 690 347
20 7 5 1 100 0.75 7 1189 991 985 466 820 791 718 342
20 7 5 1 100 0.75 7 1190 995 991 449 831 805 732 349
20 7 5 1 100 0.75 7 1191 1003 982 453 822 834 761 344
20 7 5 1 100 0.75 7 1192 1004 988 417 838 847 775 347
20 7 5 1 100 0.75 7 1193 1006 990 429 835 864 793 349
20 7 5 1 100 0.75 7 1194 1007 986 436 831 888 817 340
20 7 5 1 100 0.75 7 1195 1008 987 415 834 906 836 333
20 7 5 1 100 0.75 7 1196 1011 991 418 836 922 852 334
20 7 5 1 100 0.75 7 1197 1013 991 403 838 942 872 333
20 7 5 1 100 0.75 7 1198 1013 982 401 832 971 901 321
20 7 5 1 100 0.75 7 1199 1013 977 385 826 996 926 312
20 7 5 1 100 0.75 7 1200 1013 976 356 826 1017 947 309
20 7 5 1 100 0.75 7 1201 1013 983 370 827 1030 960 313
20 7 5 1 100 0.75 7 1202 1013 986 366 840 1047 977 308
20 7 5 1 100 0.75 7 1203 1013 995 358 843 1056 988 310
20 7 5 1 100 0.75 7 1204 1013 992 376 840 1077 1009 308
20 7 5 1 100 0.75 7 1205 1013 989 348 839 1100 1032 296
20 7 5 1 100 0.75 7 1206 1013 984 338 832 1125 1057 292
20 7 5 1 100 0.75 7 1207 1013 987 348 836 1142 1074 287
20 7 5 1 100 0.75 7 1208 1013 988 343 840 1161 1093 285
20 7 5 1 100 0.75 7 1209 1013 994 339 847 1173 1107 287
20 7 5 1 100 0.75 7 1210 1013 994 323 845 1192 1126 282
20 7 5 1 100 0.75 7 1211 1013 995 310 849 1210 1144 279
20 7 5 1 100 0.75 7 1212 1013 994 315 849 1228 1163 272
20 7 5 1 100 0.75 7 1213 1013 1003 287 857 1237 1173 278
20 7 5 1 100 0.75 7 1214 1013 992 295 856 1258 1194 269
20 7 5 1 100 0.75 7 1215 1013 1002 299 865 1267 1204 281
20 7 5 1 100 0.75 7 1216 1013 994 278 869 1284 1223 276
20 7 5 1 100 0.75 7 1217 1013 994 282 868 1303 1242 274
20 7 5 1 100 0.75 7 1218 1013 995 297 868 1321 1260 272
20 7 5 1 100 0.75 7 1219 1013 998 281 872 1336 1275 272
20 7 5 1 100 0.75 7 1220 1013 996 275 876 1353 1292 271
20 7 5 1 100 0.75 7 1221 1013 994 270 868 1372 1311 266
20 7 5 1 100 0.75 7 1222 1013 1000 286 872 1385 1324 270
20 7 5 1 100 0.75 7 1223 1013 996 276 869 1402 1341 267
20 7 5 1 100 0.75 7 1224 1013 997 256 870 1418 1357 266
20 7 5 1 100 0.75 7 1225 1013 1000 259 877 1431 1370 266
20 7 5 1 100 0.75 7 1226 1013 1003 247 886 1439 1380 269
20 7 5 1 100 0.75 7 1227 1013 999 247 890 1452 1394 270
20 7 5 1 100 0.75 7 1228 1013 998 246 890 1467 1409 264
20 7 5 1 100 0.75 7 1229 1013 1000 233 893 1480 1422 264
20 7 5 1 100 0.75 7 1230 1013 994 228 890 1498 1441 256
20 7 5 1 100 0.75 7 1230 1013 994 994 890 1749 1441 256
20 7 5 1 100 0.75 7 1260 1013 994 994 890 76 1441 256
20 7 5 1 100 0.75 8 1261 0 20 20 0 76 0 0
20 7 5 1 100 0.75 8 1262 0 40 40 0 76 0 0
20 7 5 1 100 0.75 8 1263 0 60 60 0 76 0 0
20 7 5 1 100 0.75 8 1264 0 80 80 0 76 0 0
20 7 5 1 100 0.75 8 1265 0 100 100 0 76 0 0
20 7 5 1 100 0.75 8 1266 0 120 120 0 76 0 0
20 7 5 1 100 0.75 8 1267 1 140 139 0 76 0 0
20 7 5 1 100 0.75 8 1268 1 160 159 1 76 0 0
20 7 5 1 100 0.75 8 1269 2 180 178 1 76 0 0
20 7 5 1 100 0.75 8 1270 4 200 196 2 76 0 0
20 7 5 1 100 0.75 8 1271 7 220 212 4 76 0 0
20 7 5 1 100 0.75 8 1272 12 240 227 7 76 0 0
20 7 5 1 100 0.75 8 1273 15 260 240 12 76 0 0
20 7 5 1 100 0.75 8 1274 18 280 261 15 76 0 0
20 7 5 1 100 0.75 8 1275 21 300 279 18 76 0 0
20 7 5 1 100 0.75 8 1276 25 320 296 21 76 0 1
20 7 5 1 100 0.75 8 1277 28 340 316 25 76 0 3
20 7 5 1 100 0.75 8 1278 30 360 336 28 75 0 4
20 7 5 1 100 0.75 8 1279 31 380 355 30 75 0 6
20 7 5 1 100 0.75 8 1280 37 400 375 31 75 0 12
20 7 5 1 100 0.75 8 1281 39 420 391 37 75 0 13
20 7 5 1 100 0.75 8 1282 46 440 410 39 75 0 16
20 7 5 1 100 0.75 8 1283 52 460 427 46 75 0 19
20 7 5 1 100 0.75 8 1284 55 480 447 52 75 0 22
20 7 5 1 100 0.75 8 1285 60 500 464 55 75 0 23
20 7 5 1 100 0.75 8 1286 66 520 485 60 75 0 25
20 7 5 1 100 0.75 8 1287 72 540 496 66 75 0 26
20 7 5 1 100 0.75 8 1288 76 560 517 72 75 0 30
20 7 5 1 100 0.75 8 1289 79 580 534 76 75 0 31
20 7 5 1 100 0.75 8 1290 84 600 551 79 75 0 35
20 7 5 1 100 0.75 8 1291 92 620 573 84 75 0 39
20 7 5 1 100 0.75 8 1292 98 640 594 92 75 0 42
20 7 5 1 100 0.75 8 1293 108 659 607 97 76 1 47
20 7 5 1 100 0.75 8 1294 111 679 630 107 76 1 53
20 7 5 1 100 0.75 8 1295 119 695 641 106 80 5 51
20 7 5 1 100 0.75 8 1296 126 713 656 112 82 7 52
20 7 5 1 100 0.75 8 1297 133 729 666 115 86 11 50
20 7 5 1 100 0.75 8 1298 143 746 680 119 89 14 52
20 7 5 1 100 0.75 8 1299 152 765 699 128 90 15 56
20 7 5 1 100 0.75 8 1300 165 781 710 133 94 19 58
20 7 5 1 100 0.75 8 1301 174 799 725 144 96 21 60
20 7 5 1 100 0.75 8 1302 181 817 736 151 98 23 62
20 7 5 1 100 0.75 8 1303 191 835 751 156 100 25 67
20 7 5 1 100 0.75 8 1304 196 853 770 164 102 27 70
20 7 5 1 100 0.75 8 1305 206 872 793 168 103 28 77
20 7 5 1 100 0.75 8 1306 217 890 808 177 105 30 83
20 7 5 1 100 0.75 8 1307 231 909 824 188 106 31 90
20 7 5 1 100 0.75 8 1308 241 925 834 198 110 35 91
20 7 5 1 100 0.75 8 1309 252 939 846 203 116 41 90
20 7 5 1 100 0.75 8 1310 262 956 856 211 119 44 93
20 7 5 1 100 0.75 8 1311 274 970 875 216 125 50 93
20 7 5 1 100 0.75 8 1312 291 986 873 225 129 54 95
20 7 5 1 100 0.75 8 1313 303 1001 888 239 134 59 97
20 7 5 1 100 0.75 8 1314 312 1010 894 249 137 62 103
20 7 5 1 100 0.75 8 1315 328 1009 889 254 141 66 107
20 7 5 1 100 0.75 8 1316 340 1010 885 271 144 69 114
20 7 5 1 100 0.75 8 1317 351 1010 887 283 146 72 120
20 7 5 1 100 0.75 8 1318 361 1005 877 286 154 80 121
20 7 5 1 100 0.75 8 1319 375 1013 878 305 154 80 133
20 7 5 1 100 0.75 8 1320 391 1006 867 313 161 87 140
20 7 5 1 100 0.75 8 1321 402 1004 853 328 170 96 140
20 7 5 1 100 0.75 8 1322 412 1008 857 341 175 101 145
20 7 5 1 100 0.75 8 1323 426 1005 850 346 183 109 149
20 7 5 1 100 0.75 8 1324 441 1003 839 356 193 119 147
20 7 5 1 100 0.75 8 1325 451 1008 842 371 198 124 150
20 7 5 1 100 0.75 8 1326 467 1010 838 383 201 127 160
20 7 5 1 100 0.75 8 1327 475 1010 835 400 204 130 168
20 7 5 1 100 0.75 8 1328 490 1001 822 403 216 142 170
20 7 5 1 100 0.75 8 1329 503 1004 821 415 225 151 169
20 7 5 1 100 0.75 8 1330 513 1008 815 430 230 156 174
20 7 5 1 100 0.75 8 1331 533 1007 810 440 236 162 189
20 7 5 1 100 0.75 8 1332 543 1005 796 461 244 170 193
20 7 5 1 100 0.75 8 1333 557 1006 798 470 251 177 202
20 7 5 1 100 0.75 8 1334 567 1005 785 481 259 185 204
20 7 5 1 100 0.75 8 1335 582 998 775 482 274 200 205
20 7 5 1 100 0.75 8 1336 594 997 757 488 290 216 200
20 7 5 1 100 0.75 8 1337 607 1011 777 506 291 218 214
20 7 5 1 100 0.75 8 1338 622 1005 764 521 299 226 224
20 7 5 1 100 0.75 8 1339 628 1003 764 532 309 236 228
20 7 5 1 100 0.75 8 1340 642 1003 755 533 319 246 231
20 7 5 1 100 0.75 8 1341 660 1003 755 544 329 256 234
20 7 5 1 100 0.75 8 1342 672 995 720 556 347 274 226
20 7 5 1 100 0.75 8 1343 683 1006 732 573 354 281 240
20 7 5 1 100 0.75 8 1344 697 1000 709 586 367 294 248
20 7 5 1 100 0.75 8 1345 710 1001 703 599 379 306 250
20 7 5 1 100 0.75 8 1346 719 997 689 603 395 322 243
20 7 5 1 100 0.75 8 1347 735 1003 686 610 405 332 248
20 7 5 1 100 0.75 8 1348 744 997 677 622 421 348 251
20 7 5 1 100 0.75 8 1349 757 1005 677 633 428 356 264
20 7 5 1 100 0.75 8 1350 770 999 665 646 442 370 272
20 7 5 1 100 0.75 8 1351 783 1001 662 659 454 382 280
20 7 5 1 100 0.75 8 1352 797 1000 663 671 467 395 288
20 7 5 1 100 0.75 8 1353 806 994 632 676 486 414 280
20 7 5 1 100 0.75 8 1354 814 999 627 682 499 428 278
20 7 5 1 100 0.75 8 1355 830 997 615 692 515 444 288
20 7 5 1 100 0.75 8 1356 842 1003 614 710 524 454 292
20 7 5 1 100 0.75 8 1357 856 996 602 717 541 471 292
20 7 5 1 100 0.75 8 1358 867 1001 601 733 553 483 301
20 7 5 1 100 0.75 8 1359 878 995 577 740 571 501 304
20 7 5 1 100 0.75 8 1360 883 1000 575 751 584 514 309
20 7 5 1 100 0.75 8 1361 890 999 558 760 598 528 312
20 7 5 1 100 0.75 8 1362 897 1002 565 772 608 539 320
20 7 5 1 100 0.75 8 1363 907 991 548 774 630 561 320
20 7 5 1 100 0.75 8 1364 920 996 541 781 645 576 330
20 7 5 1 100 0.75 8 1365 929 999 535 788 659 590 333
20 7 5 1 100 0.75 8 1366 938 998 538 800 674 605 341
20 7 5 1 100 0.75 8 1367 947 987 507 796 700 631 337
20 7 5 1 100 0.75 8 1368 953 987 494 801 720 651 337
20 7 5 1 100 0.75 8 1369 957 993 501 806 733 665 340
20 7 5 1 100 0.75 8 1370 966 993 481 803 753 685 338
20 7 5 1 100 0.75 8 1371 971 991 486 807 775 707 332
20 7 5 1 100 0.75 8 1372 976 998 480 816 787 720 340
20 7 5 1 100 0.75 8 1373 980 991 459 814 807 742 334
20 7 5 1 100 0.75 8 1374 984 991 432 815 827 762 338
20 7 5 1 100 0.75 8 1375 989 992 435 815 846 781 336
20 7 5 1 100 0.75 8 1376 994 996 434 823 862 797 334
20 7 5 1 100 0.75 8 1377 1000 996 432 832 879 814 333
20 7 5 1 100 0.75 8 1378 1001 994 436 838 897 833 336
20 7 5 1 100 0.75 8 1379 1005 994 413 841 916 852 335
20 7 5 1 100 0.75 8 1380 1006 996 391 850 933 869 329
20 7 5 1 100 0.75 8 1381 1008 992 392 845 954 890 325
20 7 5 1 100 0.75 8 1382 1010 993 390 849 973 909 327
20 7 5 1 100 0.75 8 1383 1013 995 407 853 991 927 322
20 7 5 1 100 0.75 8 1384 1013 993 367 854 1011 947 319
20 7 5 1 100 0.75 8 1385 1013 989 364 847 1035 971 306
20 7 5 1 100 0.75 8 1386 1013 980 372 830 1064 1000 298
20 7 5 1 100 0.75 8 1387 1013 984 345 835 1079 1016 298
20 7 5 1 100 0.75 8 1388 1013 982 351 836 1099 1038 289
20 7 5 1 100 0.75 8 1389 1013 988 336 833 1113 1052 292
20 7 5 1 100 0.75 8 1390 1013 990 339 842 1131 1070 290
20 7 5 1 100 0.75 8 1391 1013 991 330 841 1150 1089 282
20 7 5 1 100 0.75 8 1392 1013 998 346 844 1162 1102 285
20 7 5 1 100 0.75 8 1393 1013 987 323 839 1188 1128 270
20 7 5 1 100 0.75 8 1394 1013 989 334 843 1204 1146 273
20 7 5 1 100 0.75 8 1395 1013 995 311 852 1218 1160 267
20 7 5 1 100 0.75 8 1396 1013 997 314 849 1234 1176 266
20 7 5 1 100 0.75 8 1397 1013 991 289 851 1256 1198 262
20 7 5 1 100 0.75 8 1398 1013 999 296 862 1268 1210 261
20 7 5 1 100 0.75 8 1399 1013 999 300 863 1282 1224 255
20 7 5 1 100 0.75 8 1400 1013 999 284 868 1295 1238 255
20 7 5 1 100 0.75 8 1401 1013 996 285 873 1312 1255 257
20 7 5 1 100 0.75 8 1402 1013 992 279 868 1333 1276 251
20 7 5 1 100 0.75 8 1403 1013 998 283 871 1344 1290 252
20 7 5 1 100 0.75 8 1404 1013 998 269 875 1358 1305 256
20 7 5 1 100 0.75 8 1405 1013 997 275 880 1373 1321 252
20 7 5 1 100 0.75 8 1406 1013 1003 269 886 1382 1331 253
20 7 5 1 100 0.75 8 1407 1013 999 259 888 1396 1345 258
20 7 5 1 100 0.75 8 1408 1013 994 264 881 1414 1364 260
20 7 5 1 100 0.75 8 1409 1013 997 263 883 1430 1380 253
20 7 5 1 100 0.75 8 1410 1013 1000 265 886 1441 1393 255
20 7 5 1 100 0.75 8 1410 1013 1000 1000 886 1693 1393 255
20 7 5 1 100 0.75 8 1440 1013 1000 1000 886 76 1393 255
20 7 5 1 100 0.75 9 1441 0 20 20 0 76 0 0
20 7 5 1 100 0.75 9 1442 0 40 40 0 76 0 0
20 7 5 1 100 0.75 9 1443 0 60 60 0 76 0 0
20 7 5 1 100 0.75 9 1444 0 80 79 0 76 0 0
20 7 5 1 100 0.75 9 1445 0 100 100 0 76 0 0
20 7 5 1 100 0.75 9 1446 0 120 120 0 76 0 0
20 7 5 1 100 0.75 9 1447 1 140 137 0 76 0 0
20 7 5 1 100 0.75 9 1448 2 160 156 1 76 0 0
20 7 5 1 100 0.75 9 1449 5 180 175 2 76 0 0
20 7 5 1 100 0.75 9 1450 6 200 191 5 76 0 0
20 7 5 1 100 0.75 9 1451 7 220 210 6 76 0 0
20 7 5 1 100 0.75 9 1452 10 240 227 7 76 0 0
20 7 5 1 100 0.75 9 1453 15 260 243 10 76 0 0
20 7 5 1 100 0.75 9 1454 18 280 258 15 76 0 0
20 7 5 1 100 0.75 9 1455 20 300 278 18 76 0 2
20 7 5 1 100 0.75 9 1456 25 320 294 20 76 0 3
20 7 5 1 100 0.75 9 1457 27 340 312 25 76 0 3
20 7 5 1 100 0.75 9 1458 29 360 332 27 76 0 4
20 7 5 1 100 0.75 9 1459 37 380 347 29 76 0 4
20 7 5 1 100 0.75 9 1460 41 400 368 37 76 0 8
20 7 5 1 100 0.75 9 1461 45 420 383 41 76 0 11
20 7 5 1 100 0.75 9 1462 51 440 406 45 76 0 14
20 7 5 1 100 0.75 9 1463 59 460 420 51 76 0 17
20 7 5 1 100 0.75 9 1464 66 480 434 59 76 0 18
20 7 5 1 100 0.75 9 1465 72 500 452 66 76 0 22
20 7 5 1 100 0.75 9 1466 74 520 472 72 76 0 25
20 7 5 1 100 0.75 9 1467 79 540 496 74 76 0 30
20 7 5 1 100 0.75 9 1468 86 560 511 79 76 0 31
20 7 5 1 100 0.75 9 1469 91 580 531 86 76 0 33
20 7 5 1 100 0.75 9 1470 96 600 549 91 76 0 35
20 7 5 1 100 0.75 9 1471 105 619 570 95 77 1 44
20 7 5 1 100 0.75 9 1472 110 639 592 104 77 1 46
20 7 5 1 100 0.75 9 1473 114 659 608 109 77 1 47
20 7 5 1 100 0.75 9 1474 119 678 626 112 78 2 49
20 7 5 1 100 0.75 9 1475 125 696 640 115 80 4 52
20 7 5 1 100 0.75 9 1476 129 716 661 121 80 4 54
20 7 5 1 100 0.75 9 1477 139 731 669 120 85 9 52
20 7 5 1 100 0.75 9 1478 149 749 685 128 87 11 57
20 7 5 1 100 0.75 9 1479 161 767 701 136 89 13 59
20 7 5 1 100 0.75 9 1480 165 786 719 147 90 14 62
20 7 5 1 100 0.75 9 1481 172 803 732 148 93 17 62
20 7 5 1 100 0.75 9 1482 183 816 739 148 100 24 58
20 7 5 1 100 0.75 9 1483 188 833 750 156 103 27 60
20 7 5 1 100 0.75 9 1484 198 849 768 157 107 31 62
20 7 5 1 100 0.75 9 1485 210 868 779 168 108 32 65
20 7 5 1 100 0.75 9 1486 221 888 798 180 108 32 71
20 7 5 1 100 0.75 9 1487 233 906 813 189 110 34 78
20 7 5 1 100 0.75 9 1488 239 921 830 196 115 39 78
20 7 5 1 100 0.75 9 1489 244 941 847 203 115 39 82
20 7 5 1 100 0.75 9 1490 254 954 854 203 122 46 82
20 7 5 1 100 0.75 9 1491 267 968 863 209 128 52 83
20 7 5 1 100 0.75 9 1492 279 984 874 220 132 56 87
20 7 5 1 100 0.75 9 1493 296 1000 886 230 136 60 93
20 7 5 1 100 0.75 9 1494 308 1011 894 246 138 62 97
20 7 5 1 100 0.75 9 1495 321 1009 890 255 142 66 103
20 7 5 1 100 0.75 9 1496 329 1009 880 267 146 70 106
20 7 5 1 100 0.75 9 1497 338 1011 882 275 148 72 109
20 7 5 1 100 0.75 9 1498 347 1010 882 282 151 75 115
20 7 5 1 100 0.75 9 1499 356 1005 867 288 159 83 113
20 7 5 1 100 0.75 9 1500 372 1009 873 299 163 87 122
20 7 5 1 100 0.75 9 1501 385 1010 867 320 166 90 133
20 7 5 1 100 0.75 9 1502 396 1009 860 335 170 94 138
20 7 5 1 100 0.75 9 1503 405 1008 857 347 175 99 141
20 7 5 1 100 0.75 9 1504 416 1006 847 351 182 106 145
20 7 5 1 100 0.75 9 1505 427 1006 848 360 189 113 146
20 7 5 1 100 0.75 9 1506 438 1009 840 371 193 117 152
20 7 5 1 100 0.75 9 1507 451 1002 821 374 204 128 159
20 7 5 1 100 0.75 9 1508 466 1009 826 390 208 132 166
20 7 5 1 100 0.75 9 1509 479 1005 822 398 216 140 170
20 7 5 1 100 0.75 9 1510 490 1007 820 411 222 146 173
20 7 5 1 100 0.75 9 1511 501 1002 807 417 233 157 172
20 7 5 1 100 0.75 9 1512 511 1006 805 427 240 164 176
20 7 5 1 100 0.75 9 1513 523 1004 800 436 249 173 176
20 7 5 1 100 0.75 9 1514 533 1006 793 446 256 180 179
20 7 5 1 100 0.75 9 1515 548 1003 777 453 266 190 185
20 7 5 1 100 0.75 9 1516 561 1002 772 466 276 201 186
20 7 5 1 100 0.75 9 1517 578 1003 766 473 286 211 192
20 7 5 1 100 0.75 9 1518 592 1006 770 493 293 218 200
20 7 5 1 100 0.75 9 1519 603 1007 752 510 299 224 204
20 7 5 1 100 0.75 9 1520 616 1006 753 523 306 231 213
20 7 5 1 100 0.75 9 1521 624 1002 742 535 317 242 215
20 7 5 1 100 0.75 9 1522 645 1001 734 536 329 254 221
20 7 5 1 100 0.75 9 1523 660 1003 731 556 339 264 229
20 7 5 1 100 0.75 9 1524 670 997 706 566 355 280 225
20 7 5 1 100 0.75 9 1525 693 1001 707 575 367 292 234
20 7 5 1 100 0.75 9 1526 708 1004 703 603 375 301 241
20 7 5 1 100 0.75 9 1527 720 1001 688 611 387 313 244
20 7 5 1 100 0.75 9 1528 727 1002 691 617 398 324 248
20 7 5 1 100 0.75 9 1529 738 1006 688 627 405 331 254
20 7 5 1 100 0.75 9 1530 756 1004 682 638 414 340 266
20 7 5 1 100 0.75 9 1531 772 994 658 652 433 359 265
20 7 5 1 100 0.75 9 1532 791 1004 663 668 442 368 282
20 7 5 1 100 0.75 9 1533 807 997 640 688 458 384 283
20 7 5 1 100 0.75 9 1534 821 1001 631 699 470 396 283
20 7 5 1 100 0.75 9 1535 835 1001 625 718 482 408 285
20 7 5 1 100 0.75 9 1536 839 1002 624 728 493 419 286
20 7 5 1 100 0.75 9 1537 852 995 606 728 511 437 286
20 7 5 1 100 0.75 9 1538 877 1000 597 734 524 450 297
20 7 5 1 100 0.75 9 1539 892 991 581 745 546 472 298
20 7 5 1 100 0.75 9 1540 907 993 581 761 564 490 303
20 7 5 1 100 0.75 9 1541 924 1002 580 775 575 501 309
20 7 5 1 100 0.75 9 1542 933 992 540 790 596 522 306
20 7 5 1 100 0.75 9 1543 941 1001 545 797 607 533 309
20 7 5 1 100 0.75 9 1544 946 999 530 806 621 547 307
20 7 5 1 100 0.75 9 1545 954 990 532 798 644 570 303
20 7 5 1 100 0.75 9 1546 967 992 520 801 661 588 311
20 7 5 1 100 0.75 9 1547 978 995 515 821 678 605 314
20 7 5 1 100 0.75 9 1548 985 995 501 829 696 623 320
20 7 5 1 100 0.75 9 1549 989 992 492 830 717 644 312
20 7 5 1 100 0.75 9 1550 993 1002 500 837 727 654 322
20 7 5 1 100 0.75 9 1551 997 996 482 845 744 671 313
20 7 5 1 100 0.75 9 1552 997 999 477 851 758 685 313
20 7 5 1 100 0.75 9 1553 1003 994 471 848 777 704 318
20 7 5 1 100 0.75 9 1554 1007 998 471 856 792 719 323
20 7 5 1 100 0.75 9 1555 1008 989 446 854 816 743 315
20 7 5 1 100 0.75 9 1556 1010 989 419 858 836 763 313
20 7 5 1 100 0.75 9 1557 1011 986 425 853 859 786 312
20 7 5 1 100 0.75 9 1558 1012 985 430 850 879 807 306
20 7 5 1 100 0.75 9 1559 1012 992 414 854 892 820 304
20 7 5 1 100 0.75 9 1560 1013 995 423 852 909 837 298
20 7 5 1 100 0.75 9 1561 1013 1001 403 858 921 849 304
20 7 5 1 100 0.75 9 1562 1013 997 398 857 936 865 302
20 7 5 1 100 0.75 9 1563 1013 993 408 856 955 885 307
20 7 5 1 100 0.75 9 1564 1013 996 388 855 972 902 303
20 7 5 1 100 0.75 9 1565 1013 994 378 861 991 921 296
20 7 5 1 100 0.75 9 1566 1013 991 370 856 1013 943 289
20 7 5 1 100 0.75 9 1567 1013 995 365 859 1029 959 284
20 7 5 1 100 0.75 9 1568 1013 990 365 856 1052 982 274
20 7 5 1 100 0.75 9 1569 1013 995 360 859 1067 997 270
20 7 5 1 100 0.75 9 1570 1013 1004 351 864 1076 1006 273
20 7 5 1 100 0.75 9 1571 1013 989 366 853 1099 1030 272
20 7 5 1 100 0.75 9 1572 1013 989 339 858 1119 1050 263
20 7 5 1 100 0.75 9 1573 1013 993 348 854 1135 1066 256
20 7 5 1 100 0.75 9 1574 1013 994 333 859 1154 1085 254
20 7 5 1 100 0.75 9 1575 1013 996 326 863 1171 1102 253
20 7 5 1 100 0.75 9 1576 1013 994 321 860 1188 1121 248
20 7 5 1 100 0.75 9 1577 1013 1002 314 870 1199 1132 244
20 7 5 1 100 0.75 9 1578 1013 998 304 865 1213 1147 245
20 7 5 1 100 0.75 9 1579 1013 994 302 862 1231 1166 237
20 7 5 1 100 0.75 9 1580 1013 996 289 866 1248 1183 235
20 7 5 1 100 0.75 9 1581 1013 999 304 869 1261 1197 238
20 7 5 1 100 0.75 9 1582 1013 1006 299 885 1267 1204 244
20 7 5 1 100 0.75 9 1583 1013 989 292 879 1291 1228 234
20 7 5 1 100 0.75 9 1584 1013 993 284 880 1306 1244 229
20 7 5 1 100 0.75 9 1585 1013 1006 268 889 1312 1251 227
20 7 5 1 100 0.75 9 1586 1013 996 267 885 1329 1268 231
20 7 5 1 100 0.75 9 1587 1013 1005 265 894 1337 1276 239
20 7 5 1 100 0.75 9 1588 1013 1005 270 902 1345 1284 250
20 7 5 1 100 0.75 9 1589 1013 1000 267 910 1356 1297 249
20 7 5 1 100 0.75 9 1590 1013 987 249 891 1382 1323 236
20 7 5 1 100 0.75 9 1590 1013 987 987 891 1610 1323 236
20 7 5 1 100 0.75 9 1620 1013 987 987 891 76 1323 236
20 7 5 1 100 0.75 10 1621 0 20 20 0 76 0 0
20 7 5 1 100 0.75 10 1622 0 40 40 0 76 0 0
20 7 5 1 100 0.75 10 1623 0 60 60 0 76 0 0
20 7 5 1 100 0.75 10 1624 0 80 80 0 76 0 0
20 7 5 1 100 0.75 10 1625 0 100 100 0 76 0 0
20 7 5 1 100 0.75 10 1626 0 120 120 0 76 0 0
20 7 5 1 100 0.75 10 1627 0 140 140 0 76 0 0
20 7 5 1 100 0.75 10 1628 1 160 157 0 76 0 0
20 7 5 1 100 0.75 10 1629 2 180 177 1 76 0 0
20 7 5 1 100 0.75 10 1630 4 200 195 2 76 0 0
20 7 5 1 100 0.75 10 1631 6 220 214 4 76 0 0
20 7 5 1 100 0.75 10 1632 8 240 230 6 76 0 0
20 7 5 1 100 0.75 10 1633 9 260 247 8 76 0 0
20 7 5 1 100 0.75 10 1634 14 280 263 9 76 0 0
20 7 5 1 100 0.75 10 1635 20 300 277 14 76 0 1
20 7 5 1 100 0.75 10 1636 24 320 297 20 76 0 1
20 7 5 1 100 0.75 10 1637 27 340 313 24 76 0 4
20 7 5 1 100 0.75 10 1638 30 360 334 27 76 0 6
20 7 5 1 100 0.75 10 1639 32 380 353 30 76 0 7
20 7 5 1 100 0.75 10 1640 36 400 370 32 76 0 7
20 7 5 1 100 0.75 10 1641 41 420 389 36 76 0 10
20 7 5 1 100 0.75 10 1642 47 440 409 41 76 0 15
20 7 5 1 100 0.75 10 1643 51 460 426 47 76 0 18
20 7 5 1 100 0.75 10 1644 57 480 447 51 76 0 23
20 7 5 1 100 0.75 10 1645 60 500 463 57 76 0 23
20 7 5 1 100 0.75 10 1646 66 520 480 60 76 0 25
20 7 5 1 100 0.75 10 1647 70 540 502 66 76 0 28
20 7 5 1 100 0.75 10 1648 76 560 518 70 76 0 29
20 7 5 1 100 0.75 10 1649 83 580 538 76 76 0 34
20 7 5 1 100 0.75 10 1650 89 599 557 82 77 1 36
20 7 5 1 100 0.75 10 1651 96 619 572 88 77 1 40
20 7 5 1 100 0.75 10 1652 100 638 589 94 78 2 42
20 7 5 1 100 0.75 10 1653 107 657 608 97 79 3 46
20 7 5 1 100 0.75 10 1654 112 675 626 102 81 5 45
20 7 5 1 100 0.75 10 1655 118 695 642 107 81 5 48
20 7 5 1 100 0.75 10 1656 129 715 658 113 81 5 54
20 7 5 1 100 0.75 10 1657 141 733 670 122 83 7 58
20 7 5 1 100 0.75 10 1658 149 752 687 133 84 8 61
20 7 5 1 100 0.75 10 1659 152 769 706 138 87 11 63
20 7 5 1 100 0.75 10 1660 159 785 719 137 91 15 64
20 7 5 1 100 0.75 10 1661 170 801 729 140 95 19 65
20 7 5 1 100 0.75 10 1662 182 817 740 147 99 23 67
20 7 5 1 100 0.75 10 1663 190 837 760 159 99 23 70
20 7 5 1 100 0.75 10 1664 203 853 770 163 103 27 78
20 7 5 1 100 0.75 10 1665 215 871 785 174 105 29 84
20 7 5 1 100 0.75 10 1666 224 888 796 183 108 32 86
20 7 5 1 100 0.75 10 1667 234 902 808 188 114 38 86
20 7 5 1 100 0.75 10 1668 245 918 819 194 118 42 88
20 7 5 1 100 0.75 10 1669 259 934 831 202 122 46 94
20 7 5 1 100 0.75 10 1670 269 954 846 217 122 46 100
20 7 5 1 100 0.75 10 1671 277 972 862 225 124 48 105
20 7 5 1 100 0.75 10 1672 291 987 874 231 129 53 108
20 7 5 1 100 0.75 10 1673 301 1004 889 243 132 56 117
20 7 5 1 100 0.75 10 1674 313 1009 886 253 136 60 119
20 7 5 1 100 0.75 10 1675 324 1012 890 266 137 61 125
20 7 5 1 100 0.75 10 1676 339 1004 881 270 146 70 128
20 7 5 1 100 0.75 10 1677 353 1006 869 280 153 77 135
20 7 5 1 100 0.75 10 1678 368 1010 874 296 156 80 137
20 7 5 1 100 0.75 10 1679 382 1006 862 308 163 87 138
20 7 5 1 100 0.75 10 1680 394 1010 860 321 166 90 141
20 7 5 1 100 0.75 10 1681 406 1006 853 328 173 97 145
20 7 5 1 100 0.75 10 1682 419 1006 850 335 180 104 151
20 7 5 1 100 0.75 10 1683 430 1005 844 347 188 112 159
20 7 5 1 100 0.75 10 1684 447 1003 832 357 198 122 160
20 7 5 1 100 0.75 10 1685 456 1007 834 373 204 128 172
20 7 5 1 100 0.75 10 1686 472 1006 821 383 211 135 177
20 7 5 1 100 0.75 10 1687 481 1006 821 395 218 142 179
20 7 5 1 100 0.75 10 1688 493 1008 821 404 223 147 182
20 7 5 1 100 0.75 10 1689 507 1006 815 414 230 154 190
20 7 5 1 100 0.75 10 1690 520 1003 805 428 240 164 195
20 7 5 1 100 0.75 10 1691 535 1006 808 438 247 171 207
20 7 5 1 100 0.75 10 1692 547 1000 793 445 260 184 208
20 7 5 1 100 0.75 10 1693 571 1007 789 460 266 190 218
20 7 5 1 100 0.75 10 1694 582 1004 773 483 275 199 220
20 7 5 1 100 0.75 10 1695 593 1004 770 491 283 208 224
20 7 5 1 100 0.75 10 1696 612 1000 749 497 296 221 227
20 7 5 1 100 0.75 10 1697 627 1005 761 512 304 229 235
20 7 5 1 100 0.75 10 1698 643 1005 745 526 312 237 245
20 7 5 1 100 0.75 10 1699 653 1003 746 541 322 247 244
20 7 5 1 100 0.75 10 1700 674 1001 725 552 334 259 255
20 7 5 1 100 0.75 10 1701 696 997 719 569 350 275 258
20 7 5 1 100 0.75 10 1702 705 997 708 583 366 291 256
20 7 5 1 100 0.75 10 1703 719 1004 712 592 375 300 261
20 7 5 1 100 0.75 10 1704 735 1002 699 608 386 311 269
20 7 5 1 100 0.75 10 1705 750 996 689 620 403 328 271
20 7 5 1 100 0.75 10 1706 760 999 671 628 417 342 275
20 7 5 1 100 0.75 10 1707 780 999 673 633 431 356 282
20 7 5 1 100 0.75 10 1708 797 997 656 650 447 372 293
20 7 5 1 100 0.75 10 1709 810 1001 648 669 459 384 297
20 7 5 1 100 0.75 10 1710 824 994 620 681 478 403 290
20 7 5 1 100 0.75 10 1711 838 1003 630 697 488 413 307
20 7 5 1 100 0.75 10 1712 850 1001 622 713 499 425 314
20 7 5 1 100 0.75 10 1713 864 997 613 724 515 441 312
20 7 5 1 100 0.75 10 1714 876 1001 615 742 526 453 321
20 7 5 1 100 0.75 10 1715 893 998 609 753 541 468 334
20 7 5 1 100 0.75 10 1716 900 991 577 763 562 490 327
20 7 5 1 100 0.75 10 1717 909 991 577 765 582 510 325
20 7 5 1 100 0.75 10 1718 921 994 560 770 599 527 333
20 7 5 1 100 0.75 10 1719 929 996 561 782 616 544 338
20 7 5 1 100 0.75 10 1720 943 1000 557 787 629 557 347
20 7 5 1 100 0.75 10 1721 951 1004 535 811 638 566 357
20 7 5 1 100 0.75 10 1722 961 992 533 805 659 587 356
20 7 5 1 100 0.75 10 1723 970 986 513 803 685 613 357
20 7 5 1 100 0.75 10 1724 979 983 508 806 706 636 352
20 7 5 1 100 0.75 10 1725 985 987 495 823 722 652 348
20 7 5 1 100 0.75 10 1726 990 989 498 829 739 670 347
20 7 5 1 100 0.75 10 1727 997 993 493 837 755 686 354
20 7 5 1 100 0.75 10 1728 1000 997 480 839 771 702 354
20 7 5 1 100 0.75 10 1729 1002 992 455 834 792 723 342
20 7 5 1 100 0.75 10 1730 1005 998 471 839 805 737 346
20 7 5 1 100 0.75 10 1731 1008 980 455 823 838 770 335
20 7 5 1 100 0.75 10 1732 1010 981 440 831 857 789 342
20 7 5 1 100 0.75 10 1733 1011 983 440 836 875 807 336
20 7 5 1 100 0.75 10 1734 1012 980 420 835 898 830 332
20 7 5 1 100 0.75 10 1735 1012 985 412 843 911 845 328
20 7 5 1 100 0.75 10 1736 1013 988 405 842 927 862 323
20 7 5 1 100 0.75 10 1737 1013 984 398 838 951 886 311
20 7 5 1 100 0.75 10 1738 1013 982 387 835 972 908 306
20 7 5 1 100 0.75 10 1739 1013 975 372 821 998 935 302
20 7 5 1 100 0.75 10 1740 1013 976 383 827 1015 954 303
20 7 5 1 100 0.75 10 1741 1013 975 374 824 1035 975 297
20 7 5 1 100 0.75 10 1742 1013 976 367 828 1053 994 288
20 7 5 1 100 0.75 10 1743 1013 977 348 826 1072 1013 292
20 7 5 1 100 0.75 10 1744 1013 979 346 831 1088 1031 285
20 7 5 1 100 0.75 10 1745 1013 984 356 831 1101 1046 284
20 7 5 1 100 0.75 10 1746 1013 987 349 839 1118 1063 283
20 7 5 1 100 0.75 10 1747 1013 991 334 842 1134 1079 283
20 7 5 1 100 0.75 10 1748 1013 988 325 839 1157 1102 270
20 7 5 1 100 0.75 10 1749 1013 991 331 841 1174 1119 268
20 7 5 1 100 0.75 10 1750 1013 990 321 837 1194 1140 259
20 7 5 1 100 0.75 10 1751 1013 1000 346 848 1199 1150 264
20 7 5 1 100 0.75 10 1752 1013 999 315 858 1213 1164 265
20 7 5 1 100 0.75 10 1753 1013 997 329 858 1228 1180 272
20 7 5 1 100 0.75 10 1754 1013 999 316 864 1242 1194 265
20 7 5 1 100 0.75 10 1755 1013 998 311 871 1257 1209 263
20 7 5 1 100 0.75 10 1756 1013 994 295 873 1276 1228 259
20 7 5 1 100 0.75 10 1757 1013 996 310 873 1288 1245 258
20 7 5 1 100 0.75 10 1758 1013 996 306 880 1303 1262 259
20 7 5 1 100 0.75 10 1759 1013 999 278 877 1317 1276 255
20 7 5 1 100 0.75 10 1760 1013 997 282 878 1333 1292 249
20 7 5 1 100 0.75 10 1761 1013 995 269 876 1351 1310 249
20 7 5 1 100 0.75 10 1762 1013 1003 273 881 1359 1320 258
20 7 5 1 100 0.75 10 1763 1013 997 284 881 1375 1336 252
20 7 5 1 100 0.75 10 1764 1013 992 278 876 1396 1357 249
20 7 5 1 100 0.75 10 1765 1013 1000 271 882 1407 1369 250
20 7 5 1 100 0.75 10 1766 1013 1000 272 885 1420 1382 247
20 7 5 1 100 0.75 10 1767 1013 1003 251 890 1430 1392 245
20 7 5 1 100 0.75 10 1768 1013 1000 251 891 1443 1405 244
20 7 5 1 100 0.75 10 1769 1013 1001 237 895 1455 1417 240
20 7 5 1 100 0.75 10 1770 1013 1000 241 897 1467 1430 240
20 7 5 1 100 0.75 10 1770 1013 1000 1000 897 1705 1430 240
20 7 5 1 100 0.75 10 1800 1013 1000 1000 897 75 1430 240
