2 9 5 1 100 0.75 1 1 0 2 2 0 100 0 0
2 9 5 1 100 0.75 1 2 0 4 4 0 100 0 0
2 9 5 1 100 0.75 1 3 0 6 6 0 100 0 0
2 9 5 1 100 0.75 1 4 0 8 8 0 100 0 0
2 9 5 1 100 0.75 1 5 0 10 10 0 100 0 0
2 9 5 1 100 0.75 1 6 0 12 12 0 100 0 0
2 9 5 1 100 0.75 1 7 0 14 13 0 100 0 0
2 9 5 1 100 0.75 1 8 0 16 16 0 100 0 0
2 9 5 1 100 0.75 1 9 1 18 17 0 100 0 0
2 9 5 1 100 0.75 1 10 1 20 19 1 100 0 0
2 9 5 1 100 0.75 1 11 2 22 20 1 100 0 0
2 9 5 1 100 0.75 1 12 4 24 20 2 100 0 0
2 9 5 1 100 0.75 1 13 6 26 20 4 100 0 0
2 9 5 1 100 0.75 1 14 6 28 21 6 100 0 0
2 9 5 1 100 0.75 1 15 9 30 21 6 100 0 0
2 9 5 1 100 0.75 1 16 9 32 23 9 100 0 0
2 9 5 1 100 0.75 1 17 10 34 24 9 100 0 0
2 9 5 1 100 0.75 1 18 13 36 24 10 100 0 1
2 9 5 1 100 0.75 1 19 13 38 26 13 100 0 1
2 9 5 1 100 0.75 1 20 14 40 31 13 100 0 3
2 9 5 1 100 0.75 1 21 15 42 31 14 100 0 4
2 9 5 1 100 0.75 1 22 16 44 34 15 100 0 5
2 9 5 1 100 0.75 1 23 17 46 37 16 100 0 5
2 9 5 1 100 0.75 1 24 18 48 38 17 100 0 5
2 9 5 1 100 0.75 1 25 19 50 41 18 100 0 9
2 9 5 1 100 0.75 1 26 21 52 42 19 100 0 9
2 9 5 1 100 0.75 1 27 23 54 40 21 100 0 9
2 9 5 1 100 0.75 1 28 24 56 45 23 100 0 11
2 9 5 1 100 0.75 1 29 26 58 44 24 100 0 11
2 9 5 1 100 0.75 1 30 26 60 48 26 100 0 11
2 9 5 1 100 0.75 1 31 27 62 46 26 100 0 11
2 9 5 1 100 0.75 1 32 27 64 54 27 100 0 11
2 9 5 1 100 0.75 1 33 28 66 50 27 100 0 13
2 9 5 1 100 0.75 1 34 30 67 52 27 101 1 12
2 9 5 1 100 0.75 1 35 32 69 54 29 101 1 14
2 9 5 1 100 0.75 1 36 33 70 54 30 102 2 15
2 9 5 1 100 0.75 1 37 36 70 57 29 104 4 13
2 9 5 1 100 0.75 1 38 38 71 53 31 105 5 12
2 9 5 1 100 0.75 1 39 39 73 56 33 105 5 13
2 9 5 1 100 0.75 1 40 41 74 58 33 106 6 13
2 9 5 1 100 0.75 1 41 41 75 59 34 107 7 14
2 9 5 1 100 0.75 1 42 43 76 62 33 108 8 15
2 9 5 1 100 0.75 1 43 44 78 62 35 108 8 16
2 9 5 1 100 0.75 1 44 47 80 63 36 108 8 17
2 9 5 1 100 0.75 1 45 49 80 61 37 110 10 16
2 9 5 1 100 0.75 1 46 51 81 62 38 111 11 17
2 9 5 1 100 0.75 1 47 52 83 64 40 111 11 17
2 9 5 1 100 0.75 1 48 56 85 64 41 111 11 18
2 9 5 1 100 0.75 1 49 57 87 62 45 111 11 18
2 9 5 1 100 0.75 1 50 58 89 66 46 111 11 20
2 9 5 1 100 0.75 1 51 59 90 70 46 112 12 20
2 9 5 1 100 0.75 1 52 59 89 69 44 115 15 19
2 9 5 1 100 0.75 1 53 60 89 66 42 117 17 18
2 9 5 1 100 0.75 1 54 61 91 71 43 117 17 20
2 9 5 1 100 0.75 1 55 64 93 73 44 116 17 22
2 9 5 1 100 0.75 1 56 66 95 72 47 116 17 24
2 9 5 1 100 0.75 1 57 66 95 72 47 118 19 23
2 9 5 1 100 0.75 1 58 68 94 72 44 121 22 20
2 9 5 1 100 0.75 1 59 70 96 78 46 121 22 21
2 9 5 1 100 0.75 1 60 74 96 69 46 123 24 19
2 9 5 1 100 0.75 1 61 76 98 71 50 123 24 19
2 9 5 1 100 0.75 1 62 78 100 70 52 123 24 21
2 9 5 1 100 0.75 1 63 78 99 76 51 126 27 21
2 9 5 1 100 0.75 1 64 81 101 76 51 126 27 21
2 9 5 1 100 0.75 1 65 85 101 72 52 128 29 20
2 9 5 1 100 0.75 1 66 86 103 73 56 128 29 21
2 9 5 1 100 0.75 1 67 86 104 74 56 129 30 22
2 9 5 1 100 0.75 1 68 87 106 79 56 129 30 24
2 9 5 1 100 0.75 1 69 91 105 78 54 132 33 24
2 9 5 1 100 0.75 1 70 94 107 80 58 132 33 24
2 9 5 1 100 0.75 1 71 96 108 83 60 133 34 25
2 9 5 1 100 0.75 1 72 102 108 78 60 135 36 24
2 9 5 1 100 0.75 1 73 102 108 74 64 137 38 24
2 9 5 1 100 0.75 1 74 103 108 78 62 139 40 23
2 9 5 1 100 0.75 1 75 105 109 75 62 140 41 22
2 9 5 1 100 0.75 1 76 107 109 81 62 142 43 24
2 9 5 1 100 0.75 1 77 111 111 79 64 142 43 26
2 9 5 1 100 0.75 1 78 113 113 81 68 142 43 28
2 9 5 1 100 0.75 1 79 118 114 80 69 143 44 31
2 9 5 1 100 0.75 1 80 120 114 83 72 145 46 31
2 9 5 1 100 0.75 1 81 123 114 79 72 147 48 29
2 9 5 1 100 0.75 1 82 126 115 76 74 148 49 29
2 9 5 1 100 0.75 1 83 130 116 80 76 149 50 31
2 9 5 1 100 0.75 1 84 132 117 80 79 150 51 33
2 9 5 1 100 0.75 1 85 133 117 82 79 152 53 32
2 9 5 1 100 0.75 1 86 134 116 81 77 155 56 31
2 9 5 1 100 0.75 1 87 134 118 88 78 155 56 34
2 9 5 1 100 0.75 1 88 138 120 84 79 155 56 35
2 9 5 1 100 0.75 1 89 140 121 87 82 156 57 38
2 9 5 1 100 0.75 1 90 144 122 87 83 157 58 39
2 9 5 1 100 0.75 1 91 145 121 89 85 160 61 38
2 9 5 1 100 0.75 1 92 150 121 82 84 162 63 38
2 9 5 1 100 0.75 1 93 153 118 81 85 167 68 33
2 9 5 1 100 0.75 1 94 154 117 78 85 170 71 30
2 9 5 1 100 0.75 1 95 156 118 78 85 171 72 30
2 9 5 1 100 0.75 1 96 159 118 77 85 173 74 32
2 9 5 1 100 0.75 1 97 163 118 71 86 175 76 32
2 9 5 1 100 0.75 1 98 168 118 74 88 177 78 32
2 9 5 1 100 0.75 1 99 169 119 73 92 178 79 33
2 9 5 1 100 0.75 1 100 171 119 76 91 180 81 35
2 9 5 1 100 0.75 1 101 176 120 76 92 180 82 35
2 9 5 1 100 0.75 1 102 176 120 69 95 182 84 33
2 9 5 1 100 0.75 1 103 182 119 69 92 185 87 32
2 9 5 1 100 0.75 1 104 185 119 73 96 187 89 33
2 9 5 1 100 0.75 1 105 186 118 68 96 190 92 32
2 9 5 1 100 0.75 1 106 188 117 73 95 193 95 32
2 9 5 1 100 0.75 1 107 189 116 67 94 196 98 30
2 9 5 1 100 0.75 1 108 192 117 70 94 197 99 32
2 9 5 1 100 0.75 1 109 194 117 66 95 198 101 30
2 9 5 1 100 0.75 1 110 198 119 67 98 198 101 31
2 9 5 1 100 0.75 1 111 198 121 66 102 198 101 34
2 9 5 1 100 0.75 1 112 200 122 78 101 198 102 34
2 9 5 1 100 0.75 1 113 203 124 75 103 198 102 35
2 9 5 1 100 0.75 1 114 204 123 73 103 201 105 33
2 9 5 1 100 0.75 1 115 209 122 66 101 204 108 32
2 9 5 1 100 0.75 1 116 212 122 65 105 206 110 33
2 9 5 1 100 0.75 1 117 213 120 65 104 210 114 31
2 9 5 1 100 0.75 1 118 216 121 70 104 211 115 34
2 9 5 1 100 0.75 1 119 218 121 65 105 213 117 32
2 9 5 1 100 0.75 1 120 219 123 73 107 213 117 34
2 9 5 1 100 0.75 1 121 219 124 65 107 214 118 35
2 9 5 1 100 0.75 1 122 222 123 77 105 216 121 34
2 9 5 1 100 0.75 1 123 224 124 78 107 217 122 35
2 9 5 1 100 0.75 1 124 225 123 76 106 220 125 34
2 9 5 1 100 0.75 1 125 227 123 76 105 221 127 35
2 9 5 1 100 0.75 1 126 227 123 74 105 223 129 33
2 9 5 1 100 0.75 1 127 229 122 69 103 226 132 32
2 9 5 1 100 0.75 1 128 231 121 77 102 229 135 30
2 9 5 1 100 0.75 1 129 233 122 79 103 230 136 32
2 9 5 1 100 0.75 1 130 235 124 74 105 230 136 34
2 9 5 1 100 0.75 1 131 237 126 79 107 230 136 34
2 9 5 1 100 0.75 1 132 238 126 76 107 232 138 34
2 9 5 1 100 0.75 1 133 241 125 74 105 235 141 31
2 9 5 1 100 0.75 1 134 244 124 68 105 238 144 30
2 9 5 1 100 0.75 1 135 247 125 70 107 239 145 31
2 9 5 1 100 0.75 1 136 249 121 67 104 245 151 25
2 9 5 1 100 0.75 1 137 250 122 67 105 246 152 26
2 9 5 1 100 0.75 1 138 250 123 70 105 247 153 25
2 9 5 1 100 0.75 1 139 252 125 72 105 245 153 27
2 9 5 1 100 0.75 1 140 254 124 73 104 248 156 27
2 9 5 1 100 0.75 1 141 257 123 68 103 251 159 24
2 9 5 1 100 0.75 1 142 257 124 72 105 252 160 26
2 9 5 1 100 0.75 1 143 259 125 75 105 253 161 27
2 9 5 1 100 0.75 1 144 262 126 71 106 254 162 26
2 9 5 1 100 0.75 1 145 263 127 69 108 255 163 25
2 9 5 1 100 0.75 1 146 266 125 64 105 259 167 22
2 9 5 1 100 0.75 1 147 268 124 64 106 262 170 19
2 9 5 1 100 0.75 1 148 270 124 66 106 264 172 19
2 9 5 1 100 0.75 1 149 273 126 64 108 264 172 20
2 9 5 1 100 0.75 1 150 274 126 68 109 265 174 18
2 9 5 1 100 0.75 1 150 274 126 126 109 282 174 18
2 9 5 1 100 0.75 1 180 274 126 126 109 83 174 18
2 9 5 1 100 0.75 2 181 0 2 2 0 83 0 0
2 9 5 1 100 0.75 2 182 0 4 4 0 83 0 0
2 9 5 1 100 0.75 2 183 0 6 6 0 83 0 0
2 9 5 1 100 0.75 2 184 0 8 8 0 83 0 0
2 9 5 1 100 0.75 2 185 0 10 10 0 83 0 0
2 9 5 1 100 0.75 2 186 0 12 12 0 83 0 0
2 9 5 1 100 0.75 2 187 0 14 14 0 83 0 0
2 9 5 1 100 0.75 2 188 0 16 16 0 83 0 0
2 9 5 1 100 0.75 2 189 0 18 18 0 83 0 0
2 9 5 1 100 0.75 2 190 0 20 20 0 83 0 0
2 9 5 1 100 0.75 2 191 1 22 20 0 83 0 0
2 9 5 1 100 0.75 2 192 2 24 22 1 83 0 0
2 9 5 1 100 0.75 2 193 2 26 22 2 83 0 0
2 9 5 1 100 0.75 2 194 3 28 25 2 83 0 0
2 9 5 1 100 0.75 2 195 4 30 26 3 83 0 0
2 9 5 1 100 0.75 2 196 4 32 28 4 83 0 0
2 9 5 1 100 0.75 2 197 5 34 28 4 83 0 0
2 9 5 1 100 0.75 2 198 5 36 31 5 83 0 0
2 9 5 1 100 0.75 2 199 7 38 33 5 83 0 1
2 9 5 1 100 0.75 2 200 7 40 32 7 83 0 1
2 9 5 1 100 0.75 2 201 10 42 34 7 83 0 1
2 9 5 1 100 0.75 2 202 13 44 33 10 83 0 1
2 9 5 1 100 0.75 2 203 14 46 36 13 83 0 2
2 9 5 1 100 0.75 2 204 15 48 37 14 83 0 2
2 9 5 1 100 0.75 2 205 16 50 38 15 83 0 2
2 9 5 1 100 0.75 2 206 18 52 39 16 83 0 3
2 9 5 1 100 0.75 2 207 22 54 38 18 83 0 4
2 9 5 1 100 0.75 2 208 23 56 39 22 83 0 5
2 9 5 1 100 0.75 2 209 23 58 45 23 83 0 9
2 9 5 1 100 0.75 2 210 25 60 45 23 83 0 10
2 9 5 1 100 0.75 2 211 25 62 50 25 83 0 11
2 9 5 1 100 0.75 2 212 28 64 48 25 83 0 12
2 9 5 1 100 0.75 2 213 29 66 53 28 83 0 15
2 9 5 1 100 0.75 2 214 30 68 53 29 83 0 16
2 9 5 1 100 0.75 2 215 32 70 59 30 83 0 20
2 9 5 1 100 0.75 2 216 33 72 57 32 83 0 20
2 9 5 1 100 0.75 2 217 34 73 59 32 84 1 19
2 9 5 1 100 0.75 2 218 34 75 59 33 84 1 19
2 9 5 1 100 0.75 2 219 35 77 66 33 84 1 20
2 9 5 1 100 0.75 2 220 36 79 65 34 84 1 22
2 9 5 1 100 0.75 2 221 38 79 67 33 86 3 20
2 9 5 1 100 0.75 2 222 43 81 69 35 86 3 22
2 9 5 1 100 0.75 2 223 43 83 70 40 86 3 23
2 9 5 1 100 0.75 2 224 45 83 66 38 88 5 21
2 9 5 1 100 0.75 2 225 46 83 62 38 90 7 20
2 9 5 1 100 0.75 2 226 48 84 63 38 91 8 19
2 9 5 1 100 0.75 2 227 50 86 65 40 91 8 20
2 9 5 1 100 0.75 2 228 54 87 64 41 92 9 19
2 9 5 1 100 0.75 2 229 54 87 66 43 94 11 20
2 9 5 1 100 0.75 2 230 57 87 64 41 95 13 21
2 9 5 1 100 0.75 2 231 62 86 61 41 98 16 18
2 9 5 1 100 0.75 2 232 62 87 62 45 99 17 20
2 9 5 1 100 0.75 2 233 63 89 66 45 99 17 21
2 9 5 1 100 0.75 2 234 63 90 64 45 100 18 21
2 9 5 1 100 0.75 2 235 67 90 69 43 102 20 23
2 9 5 1 100 0.75 2 236 69 90 66 45 104 22 22
2 9 5 1 100 0.75 2 237 73 92 72 47 104 22 24
2 9 5 1 100 0.75 2 238 74 93 69 50 105 23 24
2 9 5 1 100 0.75 2 239 78 95 73 51 105 23 25
2 9 5 1 100 0.75 2 240 80 96 70 54 106 24 24
2 9 5 1 100 0.75 2 241 82 97 74 55 107 25 23
2 9 5 1 100 0.75 2 242 82 97 71 55 109 27 23
2 9 5 1 100 0.75 2 243 85 98 75 54 110 28 24
2 9 5 1 100 0.75 2 244 87 100 75 57 110 28 27
2 9 5 1 100 0.75 2 245 89 101 74 58 111 29 28
2 9 5 1 100 0.75 2 246 91 102 77 59 111 30 30
2 9 5 1 100 0.75 2 247 92 103 82 60 112 31 30
2 9 5 1 100 0.75 2 248 96 105 77 61 112 31 31
2 9 5 1 100 0.75 2 249 99 104 74 62 115 34 30
2 9 5 1 100 0.75 2 250 102 102 72 61 119 38 27
2 9 5 1 100 0.75 2 251 103 102 73 62 121 40 28
2 9 5 1 100 0.75 2 252 106 103 74 62 122 41 27
2 9 5 1 100 0.75 2 253 108 103 76 64 124 43 28
2 9 5 1 100 0.75 2 254 110 103 68 64 126 45 26
2 9 5 1 100 0.75 2 255 112 104 69 65 127 46 25
2 9 5 1 100 0.75 2 256 114 105 77 66 128 47 29
2 9 5 1 100 0.75 2 257 115 107 72 68 128 47 29
2 9 5 1 100 0.75 2 258 116 107 78 67 130 49 28
2 9 5 1 100 0.75 2 259 118 107 75 66 132 51 29
2 9 5 1 100 0.75 2 260 121 108 77 67 133 52 29
2 9 5 1 100 0.75 2 261 124 106 72 66 137 56 27
2 9 5 1 100 0.75 2 262 124 106 73 67 139 58 26
2 9 5 1 100 0.75 2 263 129 107 74 66 140 59 28
2 9 5 1 100 0.75 2 264 131 107 75 69 142 61 28
2 9 5 1 100 0.75 2 265 133 107 72 69 144 63 27
2 9 5 1 100 0.75 2 266 135 109 69 72 144 63 28
2 9 5 1 100 0.75 2 267 136 109 70 73 146 65 27
2 9 5 1 100 0.75 2 268 138 110 73 73 147 66 30
2 9 5 1 100 0.75 2 269 140 111 71 75 148 67 30
2 9 5 1 100 0.75 2 270 143 112 75 76 149 68 33
2 9 5 1 100 0.75 2 271 145 112 76 77 151 70 33
2 9 5 1 100 0.75 2 272 146 113 79 78 152 71 35
2 9 5 1 100 0.75 2 273 148 112 67 76 155 74 34
2 9 5 1 100 0.75 2 274 149 112 79 76 157 76 33
2 9 5 1 100 0.75 2 275 152 111 70 74 160 79 32
2 9 5 1 100 0.75 2 276 157 112 72 76 161 80 33
2 9 5 1 100 0.75 2 277 161 114 70 81 161 80 35
2 9 5 1 100 0.75 2 278 161 113 73 82 164 83 34
2 9 5 1 100 0.75 2 279 163 114 70 81 165 84 33
2 9 5 1 100 0.75 2 280 165 115 67 82 166 85 33
2 9 5 1 100 0.75 2 281 167 115 73 82 168 87 32
2 9 5 1 100 0.75 2 282 173 114 69 81 171 90 32
2 9 5 1 100 0.75 2 283 173 114 69 85 173 92 32
2 9 5 1 100 0.75 2 284 175 115 74 84 174 93 35
2 9 5 1 100 0.75 2 285 179 116 73 85 175 94 35
2 9 5 1 100 0.75 2 286 182 116 73 87 177 96 33
2 9 5 1 100 0.75 2 287 185 114 70 86 181 100 32
2 9 5 1 100 0.75 2 288 186 114 68 87 183 102 31
2 9 5 1 100 0.75 2 289 186 113 70 86 186 105 31
2 9 5 1 100 0.75 2 290 189 114 68 86 187 106 34
2 9 5 1 100 0.75 2 291 191 114 74 87 189 108 33
2 9 5 1 100 0.75 2 292 194 115 71 88 190 109 36
2 9 5 1 100 0.75 2 293 196 115 72 89 192 111 37
2 9 5 1 100 0.75 2 294 197 117 71 91 192 111 37
2 9 5 1 100 0.75 2 295 197 114 71 89 196 116 35
2 9 5 1 100 0.75 2 296 199 115 74 88 197 117 36
2 9 5 1 100 0.75 2 297 202 116 70 89 198 118 36
2 9 5 1 100 0.75 2 298 204 117 71 91 199 119 36
2 9 5 1 100 0.75 2 299 206 118 72 92 200 120 38
2 9 5 1 100 0.75 2 300 210 116 74 90 204 124 35
2 9 5 1 100 0.75 2 301 213 115 69 91 207 127 35
2 9 5 1 100 0.75 2 302 213 116 67 94 208 128 34
2 9 5 1 100 0.75 2 303 214 117 70 93 209 129 34
2 9 5 1 100 0.75 2 304 216 116 67 91 211 132 33
2 9 5 1 100 0.75 2 305 219 113 65 89 216 137 31
2 9 5 1 100 0.75 2 306 223 115 59 92 216 137 31
2 9 5 1 100 0.75 2 307 223 113 58 93 220 141 30
2 9 5 1 100 0.75 2 308 226 114 65 92 221 142 33
2 9 5 1 100 0.75 2 309 227 112 62 91 225 146 30
2 9 5 1 100 0.75 2 310 230 113 59 91 226 147 30
2 9 5 1 100 0.75 2 311 233 113 61 92 228 149 28
2 9 5 1 100 0.75 2 312 234 114 63 94 228 150 31
2 9 5 1 100 0.75 2 313 237 115 60 95 229 151 33
2 9 5 1 100 0.75 2 314 238 116 61 97 230 152 34
2 9 5 1 100 0.75 2 315 240 116 59 96 232 154 32
2 9 5 1 100 0.75 2 316 242 115 58 96 234 157 32
2 9 5 1 100 0.75 2 317 243 116 60 97 235 158 32
2 9 5 1 100 0.75 2 318 245 114 57 94 239 162 30
2 9 5 1 100 0.75 2 319 248 115 64 95 240 163 31
2 9 5 1 100 0.75 2 320 251 117 64 98 240 163 35
2 9 5 1 100 0.75 2 321 253 118 63 100 241 164 34
2 9 5 1 100 0.75 2 322 255 117 67 100 244 167 32
2 9 5 1 100 0.75 2 323 257 117 55 101 246 169 34
2 9 5 1 100 0.75 2 324 257 118 64 103 247 170 33
2 9 5 1 100 0.75 2 325 259 120 66 103 247 170 35
2 9 5 1 100 0.75 2 326 260 119 64 102 249 173 34
2 9 5 1 100 0.75 2 327 262 117 60 99 253 177 34
2 9 5 1 100 0.75 2 328 264 117 62 99 253 179 34
2 9 5 1 100 0.75 2 329 266 119 57 101 253 179 35
2 9 5 1 100 0.75 2 330 269 119 61 102 255 181 34
2 9 5 1 100 0.75 2 330 269 119 119 102 287 181 34
2 9 5 1 100 0.75 2 360 269 119 119 102 91 181 34
2 9 5 1 100 0.75 3 361 0 2 2 0 91 0 0
2 9 5 1 100 0.75 3 362 0 4 4 0 91 0 0
2 9 5 1 100 0.75 3 363 0 6 6 0 91 0 0
2 9 5 1 100 0.75 3 364 0 8 8 0 91 0 0
2 9 5 1 100 0.75 3 365 0 10 10 0 91 0 0
2 9 5 1 100 0.75 3 366 0 12 12 0 91 0 0
2 9 5 1 100 0.75 3 367 0 14 14 0 91 0 0
2 9 5 1 100 0.75 3 368 0 16 16 0 91 0 0
2 9 5 1 100 0.75 3 369 0 18 18 0 91 0 0
2 9 5 1 100 0.75 3 370 0 20 20 0 91 0 0
2 9 5 1 100 0.75 3 371 1 22 21 0 91 0 0
2 9 5 1 100 0.75 3 372 1 24 23 1 91 0 0
2 9 5 1 100 0.75 3 373 2 26 24 1 91 0 0
2 9 5 1 100 0.75 3 374 2 28 25 2 91 0 0
2 9 5 1 100 0.75 3 375 2 30 26 2 91 0 0
2 9 5 1 100 0.75 3 376 3 32 29 2 91 0 0
2 9 5 1 100 0.75 3 377 4 34 30 3 91 0 0
2 9 5 1 100 0.75 3 378 5 36 32 4 91 0 1
2 9 5 1 100 0.75 3 379 5 38 32 5 91 0 1
2 9 5 1 100 0.75 3 380 7 40 33 5 91 0 1
2 9 5 1 100 0.75 3 381 9 42 34 7 91 0 1
2 9 5 1 100 0.75 3 382 9 44 35 9 91 0 1
2 9 5 1 100 0.75 3 383 10 46 39 9 91 0 2
2 9 5 1 100 0.75 3 384 13 48 36 10 91 0 2
2 9 5 1 100 0.75 3 385 16 50 38 13 91 0 3
2 9 5 1 100 0.75 3 386 18 52 37 16 91 0 3
2 9 5 1 100 0.75 3 387 19 54 40 18 91 0 3
2 9 5 1 100 0.75 3 388 20 56 44 19 91 0 5
2 9 5 1 100 0.75 3 389 23 58 43 20 91 0 5
2 9 5 1 100 0.75 3 390 25 60 42 23 91 0 5
2 9 5 1 100 0.75 3 391 26 62 46 25 91 0 7
2 9 5 1 100 0.75 3 392 28 64 47 26 91 0 11
2 9 5 1 100 0.75 3 393 29 66 47 28 91 0 13
2 9 5 1 100 0.75 3 394 31 68 49 29 91 0 14
2 9 5 1 100 0.75 3 395 34 69 53 30 92 1 13
2 9 5 1 100 0.75 3 396 36 71 50 33 92 1 13
2 9 5 1 100 0.75 3 397 37 73 53 35 92 1 16
2 9 5 1 100 0.75 3 398 39 75 54 36 92 1 16
2 9 5 1 100 0.75 3 399 42 77 54 38 92 1 18
2 9 5 1 100 0.75 3 400 45 78 52 40 93 2 18
2 9 5 1 100 0.75 3 401 47 80 54 43 93 2 19
2 9 5 1 100 0.75 3 402 48 82 61 45 93 2 22
2 9 5 1 100 0.75 3 403 48 83 62 45 94 3 22
2 9 5 1 100 0.75 3 404 51 85 64 45 94 3 24
2 9 5 1 100 0.75 3 405 53 86 58 47 95 4 23
2 9 5 1 100 0.75 3 406 56 88 64 49 95 4 27
2 9 5 1 100 0.75 3 407 59 88 64 50 97 6 29
2 9 5 1 100 0.75 3 408 59 88 64 51 99 8 27
2 9 5 1 100 0.75 3 409 59 89 66 50 100 9 27
2 9 5 1 100 0.75 3 410 61 91 66 50 100 9 28
2 9 5 1 100 0.75 3 411 62 91 67 50 102 11 27
2 9 5 1 100 0.75 3 412 66 90 67 48 105 14 25
2 9 5 1 100 0.75 3 413 69 92 64 52 105 14 26
2 9 5 1 100 0.75 3 414 71 93 63 54 106 15 27
2 9 5 1 100 0.75 3 415 71 95 72 56 106 15 29
2 9 5 1 100 0.75 3 416 74 93 66 52 110 19 25
2 9 5 1 100 0.75 3 417 74 94 71 54 111 20 24
2 9 5 1 100 0.75 3 418 75 92 63 50 115 24 21
2 9 5 1 100 0.75 3 419 77 94 70 51 115 24 25
2 9 5 1 100 0.75 3 420 77 95 73 52 116 25 26
2 9 5 1 100 0.75 3 421 79 96 74 51 117 26 27
2 9 5 1 100 0.75 3 422 85 95 69 50 120 29 24
2 9 5 1 100 0.75 3 423 87 93 65 52 124 33 20
2 9 5 1 100 0.75 3 424 87 95 69 54 124 33 21
2 9 5 1 100 0.75 3 425 89 95 67 52 126 35 19
2 9 5 1 100 0.75 3 426 93 96 65 53 127 36 19
2 9 5 1 100 0.75 3 427 95 96 63 55 129 38 18
2 9 5 1 100 0.75 3 428 98 98 65 57 129 38 19
2 9 5 1 100 0.75 3 429 99 99 61 59 129 39 19
2 9 5 1 100 0.75 3 430 103 99 62 59 131 41 21
2 9 5 1 100 0.75 3 431 104 100 65 62 132 42 21
2 9 5 1 100 0.75 3 432 110 101 62 62 133 43 22
2 9 5 1 100 0.75 3 433 111 103 66 68 133 43 25
2 9 5 1 100 0.75 3 434 111 101 64 65 137 47 23
2 9 5 1 100 0.75 3 435 114 103 65 65 137 47 25
2 9 5 1 100 0.75 3 436 119 104 66 67 138 48 26
2 9 5 1 100 0.75 3 437 120 105 64 71 139 49 27
2 9 5 1 100 0.75 3 438 121 105 62 71 141 51 26
2 9 5 1 100 0.75 3 439 126 106 66 71 142 52 28
2 9 5 1 100 0.75 3 440 127 107 68 75 143 53 30
2 9 5 1 100 0.75 3 441 131 108 64 75 144 54 29
2 9 5 1 100 0.75 3 442 133 109 66 78 145 55 29
2 9 5 1 100 0.75 3 443 134 111 65 80 145 55 33
2 9 5 1 100 0.75 3 444 136 112 72 80 145 56 33
2 9 5 1 100 0.75 3 445 139 114 70 82 145 56 34
2 9 5 1 100 0.75 3 446 141 113 71 82 148 59 32
2 9 5 1 100 0.75 3 447 141 113 70 82 150 61 33
2 9 5 1 100 0.75 3 448 141 115 78 82 150 61 36
2 9 5 1 100 0.75 3 449 142 112 73 78 154 66 32
2 9 5 1 100 0.75 3 450 145 111 72 76 157 69 31
2 9 5 1 100 0.75 3 451 147 113 69 79 157 69 32
2 9 5 1 100 0.75 3 452 148 113 74 80 159 71 30
2 9 5 1 100 0.75 3 453 152 114 68 80 160 72 33
2 9 5 1 100 0.75 3 454 156 114 64 82 162 74 31
2 9 5 1 100 0.75 3 455 157 116 73 87 162 74 32
2 9 5 1 100 0.75 3 456 160 115 68 85 165 77 29
2 9 5 1 100 0.75 3 457 164 116 69 87 166 78 29
2 9 5 1 100 0.75 3 458 168 114 61 87 170 82 28
2 9 5 1 100 0.75 3 459 170 113 64 88 173 85 26
2 9 5 1 100 0.75 3 460 173 113 59 88 175 87 26
2 9 5 1 100 0.75 3 461 176 115 67 91 175 87 31
2 9 5 1 100 0.75 3 462 178 114 61 91 178 90 29
2 9 5 1 100 0.75 3 463 179 114 60 91 180 92 29
2 9 5 1 100 0.75 3 464 182 115 65 91 181 93 32
2 9 5 1 100 0.75 3 465 185 115 53 92 183 95 32
2 9 5 1 100 0.75 3 466 189 115 59 93 185 97 33
2 9 5 1 100 0.75 3 467 192 116 59 96 186 98 32
2 9 5 1 100 0.75 3 468 193 117 66 98 187 99 32
2 9 5 1 100 0.75 3 469 195 118 62 98 188 100 34
2 9 5 1 100 0.75 3 470 196 118 63 98 190 102 33
2 9 5 1 100 0.75 3 471 198 119 59 99 191 103 33
2 9 5 1 100 0.75 3 472 200 119 61 99 193 105 33
2 9 5 1 100 0.75 3 473 201 120 65 101 194 106 37
2 9 5 1 100 0.75 3 474 204 121 63 101 195 107 37
2 9 5 1 100 0.75 3 475 206 121 67 102 197 109 38
2 9 5 1 100 0.75 3 476 208 120 64 101 200 112 35
2 9 5 1 100 0.75 3 477 209 119 60 100 203 115 33
2 9 5 1 100 0.75 3 478 210 119 66 99 205 117 32
2 9 5 1 100 0.75 3 479 210 118 64 98 208 120 30
2 9 5 1 100 0.75 3 480 213 119 62 99 209 121 30
2 9 5 1 100 0.75 3 481 213 119 63 100 211 123 30
2 9 5 1 100 0.75 3 482 215 117 62 97 215 127 29
2 9 5 1 100 0.75 3 483 218 119 58 99 215 127 30
2 9 5 1 100 0.75 3 484 218 120 63 102 216 128 31
2 9 5 1 100 0.75 3 485 220 120 64 101 218 130 30
2 9 5 1 100 0.75 3 486 220 119 63 101 221 133 29
2 9 5 1 100 0.75 3 487 222 121 58 101 221 133 30
2 9 5 1 100 0.75 3 488 225 119 53 99 224 137 28
2 9 5 1 100 0.75 3 489 228 119 51 100 226 139 27
2 9 5 1 100 0.75 3 490 228 120 54 102 227 140 28
2 9 5 1 100 0.75 3 491 231 121 62 101 228 141 30
2 9 5 1 100 0.75 3 492 236 119 50 100 232 145 28
2 9 5 1 100 0.75 3 493 237 119 52 103 234 147 28
2 9 5 1 100 0.75 3 494 238 121 57 104 234 147 28
2 9 5 1 100 0.75 3 495 240 122 60 104 235 148 30
2 9 5 1 100 0.75 3 496 242 122 52 104 237 150 30
2 9 5 1 100 0.75 3 497 245 123 54 105 238 151 31
2 9 5 1 100 0.75 3 498 245 123 61 106 240 153 29
2 9 5 1 100 0.75 3 499 245 125 60 106 240 153 30
2 9 5 1 100 0.75 3 500 247 125 57 105 242 155 30
2 9 5 1 100 0.75 3 501 248 124 60 105 245 158 27
2 9 5 1 100 0.75 3 502 250 124 60 104 247 160 28
2 9 5 1 100 0.75 3 503 250 123 59 104 250 163 26
2 9 5 1 100 0.75 3 504 254 124 59 104 251 164 26
2 9 5 1 100 0.75 3 505 255 124 54 106 253 166 25
2 9 5 1 100 0.75 3 506 255 125 54 107 254 167 25
2 9 5 1 100 0.75 3 507 257 126 50 107 255 168 25
2 9 5 1 100 0.75 3 508 260 124 56 106 259 172 23
2 9 5 1 100 0.75 3 509 263 126 52 109 259 172 24
2 9 5 1 100 0.75 3 510 264 127 55 111 260 173 24
2 9 5 1 100 0.75 3 510 264 127 127 111 283 173 24
2 9 5 1 100 0.75 3 540 264 127 127 111 92 173 24
2 9 5 1 100 0.75 4 541 0 2 2 0 92 0 0
2 9 5 1 100 0.75 4 542 0 4 4 0 92 0 0
2 9 5 1 100 0.75 4 543 0 6 6 0 92 0 0
2 9 5 1 100 0.75 4 544 0 8 8 0 92 0 0
2 9 5 1 100 0.75 4 545 0 10 10 0 92 0 0
2 9 5 1 100 0.75 4 546 0 12 12 0 92 0 0
2 9 5 1 100 0.75 4 547 0 14 14 0 92 0 0
2 9 5 1 100 0.75 4 548 0 16 16 0 92 0 0
2 9 5 1 100 0.75 4 549 1 18 16 0 92 0 0
2 9 5 1 100 0.75 4 550 2 20 18 1 92 0 0
2 9 5 1 100 0.75 4 551 3 22 19 2 92 0 0
2 9 5 1 100 0.75 4 552 3 24 21 3 92 0 0
2 9 5 1 100 0.75 4 553 4 26 21 3 91 0 0
2 9 5 1 100 0.75 4 554 6 28 21 4 91 0 0
2 9 5 1 100 0.75 4 555 7 30 22 6 91 0 0
2 9 5 1 100 0.75 4 556 8 32 24 7 91 0 0
2 9 5 1 100 0.75 4 557 10 34 25 8 91 0 2
2 9 5 1 100 0.75 4 558 11 36 28 10 91 0 2
2 9 5 1 100 0.75 4 559 12 38 27 11 91 0 2
2 9 5 1 100 0.75 4 560 14 40 26 12 91 0 2
2 9 5 1 100 0.75 4 561 15 42 31 14 91 0 5
2 9 5 1 100 0.75 4 562 15 44 33 15 91 0 6
2 9 5 1 100 0.75 4 563 16 46 36 15 91 0 7
2 9 5 1 100 0.75 4 564 18 48 37 16 91 0 7
2 9 5 1 100 0.75 4 565 19 50 40 18 91 0 9
2 9 5 1 100 0.75 4 566 21 52 41 19 91 0 10
2 9 5 1 100 0.75 4 567 22 54 42 21 91 0 10
2 9 5 1 100 0.75 4 568 23 56 47 22 91 0 11
2 9 5 1 100 0.75 4 569 25 58 47 23 91 0 12
2 9 5 1 100 0.75 4 570 25 60 50 25 91 0 13
2 9 5 1 100 0.75 4 571 26 62 50 25 91 0 13
2 9 5 1 100 0.75 4 572 27 64 54 26 91 0 14
2 9 5 1 100 0.75 4 573 27 65 54 26 92 1 14
2 9 5 1 100 0.75 4 574 30 67 55 26 92 1 15
2 9 5 1 100 0.75 4 575 30 69 60 29 92 1 17
2 9 5 1 100 0.75 4 576 31 71 61 29 92 1 19
2 9 5 1 100 0.75 4 577 31 71 63 28 94 3 17
2 9 5 1 100 0.75 4 578 31 72 62 27 95 4 17
2 9 5 1 100 0.75 4 579 33 74 64 27 95 4 17
2 9 5 1 100 0.75 4 580 36 75 62 28 96 5 16
2 9 5 1 100 0.75 4 581 38 75 62 29 98 7 14
2 9 5 1 100 0.75 4 582 38 76 63 30 99 8 13
2 9 5 1 100 0.75 4 583 40 75 62 27 101 11 11
2 9 5 1 100 0.75 4 584 42 77 63 29 101 11 11
2 9 5 1 100 0.75 4 585 44 79 63 31 101 11 11
2 9 5 1 100 0.75 4 586 49 81 60 33 101 11 11
2 9 5 1 100 0.75 4 587 51 82 62 37 102 12 11
2 9 5 1 100 0.75 4 588 52 84 62 39 102 12 14
2 9 5 1 100 0.75 4 589 52 85 65 39 103 13 13
2 9 5 1 100 0.75 4 590 54 86 64 38 104 14 13
2 9 5 1 100 0.75 4 591 56 87 61 39 105 15 14
2 9 5 1 100 0.75 4 592 58 89 68 41 105 15 16
2 9 5 1 100 0.75 4 593 61 91 72 43 105 15 19
2 9 5 1 100 0.75 4 594 62 92 72 45 106 16 20
2 9 5 1 100 0.75 4 595 63 91 70 43 109 19 17
2 9 5 1 100 0.75 4 596 65 92 72 43 110 20 17
2 9 5 1 100 0.75 4 597 67 93 70 44 111 21 16
2 9 5 1 100 0.75 4 598 69 94 71 45 112 22 19
2 9 5 1 100 0.75 4 599 70 96 69 47 112 22 20
2 9 5 1 100 0.75 4 600 72 98 74 49 112 22 22
2 9 5 1 100 0.75 4 601 75 100 78 51 112 22 24
2 9 5 1 100 0.75 4 602 77 102 78 54 112 22 24
2 9 5 1 100 0.75 4 603 79 103 75 55 113 23 25
2 9 5 1 100 0.75 4 604 83 104 77 56 114 24 24
2 9 5 1 100 0.75 4 605 85 105 76 59 114 25 24
2 9 5 1 100 0.75 4 606 86 106 78 60 115 26 26
2 9 5 1 100 0.75 4 607 88 108 76 61 115 26 28
2 9 5 1 100 0.75 4 608 90 106 81 59 119 30 25
2 9 5 1 100 0.75 4 609 92 106 78 59 121 32 24
2 9 5 1 100 0.75 4 610 94 107 81 60 122 33 25
2 9 5 1 100 0.75 4 611 97 106 80 59 124 36 23
2 9 5 1 100 0.75 4 612 97 107 81 61 125 37 25
2 9 5 1 100 0.75 4 613 100 107 79 59 127 39 25
2 9 5 1 100 0.75 4 614 104 109 80 62 127 39 25
2 9 5 1 100 0.75 4 615 107 110 75 65 128 40 26
2 9 5 1 100 0.75 4 616 109 110 79 66 130 42 26
2 9 5 1 100 0.75 4 617 113 111 76 67 131 43 27
2 9 5 1 100 0.75 4 618 118 113 71 71 131 43 28
2 9 5 1 100 0.75 4 619 121 114 74 75 132 44 28
2 9 5 1 100 0.75 4 620 122 115 78 77 133 45 28
2 9 5 1 100 0.75 4 621 123 115 76 76 135 47 27
2 9 5 1 100 0.75 4 622 129 116 77 76 136 48 30
2 9 5 1 100 0.75 4 623 132 115 76 79 139 51 30
2 9 5 1 100 0.75 4 624 138 115 74 80 141 53 28
2 9 5 1 100 0.75 4 625 138 116 75 85 142 54 30
2 9 5 1 100 0.75 4 626 139 117 73 84 143 55 33
2 9 5 1 100 0.75 4 627 143 117 74 85 145 57 32
2 9 5 1 100 0.75 4 628 145 117 70 87 146 59 32
2 9 5 1 100 0.75 4 629 148 118 71 88 147 60 35
2 9 5 1 100 0.75 4 630 150 120 75 91 147 60 39
2 9 5 1 100 0.75 4 631 154 118 65 89 151 64 38
2 9 5 1 100 0.75 4 632 156 119 75 92 152 65 40
2 9 5 1 100 0.75 4 633 159 121 74 94 151 65 41
2 9 5 1 100 0.75 4 634 160 120 74 94 153 68 39
2 9 5 1 100 0.75 4 635 163 122 79 95 153 68 42
2 9 5 1 100 0.75 4 636 166 121 79 95 155 71 39
2 9 5 1 100 0.75 4 637 172 121 74 96 156 73 40
2 9 5 1 100 0.75 4 638 174 123 77 102 155 73 43
2 9 5 1 100 0.75 4 639 176 124 80 103 155 74 45
2 9 5 1 100 0.75 4 640 179 123 79 102 157 77 44
2 9 5 1 100 0.75 4 641 180 121 74 101 161 81 41
2 9 5 1 100 0.75 4 642 181 120 75 99 164 84 40
2 9 5 1 100 0.75 4 643 183 121 71 99 165 85 41
2 9 5 1 100 0.75 4 644 183 121 72 99 167 87 41
2 9 5 1 100 0.75 4 645 187 120 80 96 170 90 42
2 9 5 1 100 0.75 4 646 188 120 72 99 172 92 40
2 9 5 1 100 0.75 4 647 189 118 81 96 175 96 40
2 9 5 1 100 0.75 4 648 192 118 71 96 177 98 39
2 9 5 1 100 0.75 4 649 194 116 73 95 181 102 36
2 9 5 1 100 0.75 4 650 195 115 71 94 184 105 34
2 9 5 1 100 0.75 4 651 197 115 72 93 186 107 33
2 9 5 1 100 0.75 4 652 200 115 71 93 188 109 31
2 9 5 1 100 0.75 4 653 201 116 70 95 189 110 34
2 9 5 1 100 0.75 4 654 202 116 73 94 191 112 32
2 9 5 1 100 0.75 4 655 204 116 71 93 193 114 31
2 9 5 1 100 0.75 4 656 209 116 70 93 195 116 32
2 9 5 1 100 0.75 4 657 212 115 65 95 198 119 31
2 9 5 1 100 0.75 4 658 214 112 65 93 203 124 29
2 9 5 1 100 0.75 4 659 215 113 62 95 204 125 30
2 9 5 1 100 0.75 4 660 218 113 62 94 206 127 30
2 9 5 1 100 0.75 4 661 220 114 61 97 207 128 30
2 9 5 1 100 0.75 4 662 222 113 60 96 210 131 27
2 9 5 1 100 0.75 4 663 223 113 60 96 211 133 28
2 9 5 1 100 0.75 4 664 226 115 62 97 211 133 30
2 9 5 1 100 0.75 4 665 230 113 62 96 215 137 29
2 9 5 1 100 0.75 4 666 230 114 66 99 216 138 30
2 9 5 1 100 0.75 4 667 232 116 61 100 216 138 32
2 9 5 1 100 0.75 4 668 233 116 65 100 218 140 34
2 9 5 1 100 0.75 4 669 234 118 67 102 218 140 34
2 9 5 1 100 0.75 4 670 236 119 70 102 219 141 33
2 9 5 1 100 0.75 4 671 239 119 65 102 221 143 32
2 9 5 1 100 0.75 4 672 240 120 65 104 222 144 35
2 9 5 1 100 0.75 4 673 240 120 70 103 224 146 35
2 9 5 1 100 0.75 4 674 242 120 62 101 226 148 34
2 9 5 1 100 0.75 4 675 245 119 68 101 229 151 33
2 9 5 1 100 0.75 4 676 247 117 57 100 233 155 32
2 9 5 1 100 0.75 4 677 248 117 65 100 235 157 31
2 9 5 1 100 0.75 4 678 250 117 62 99 236 159 31
2 9 5 1 100 0.75 4 679 253 118 66 100 237 160 33
2 9 5 1 100 0.75 4 680 254 119 65 103 238 161 32
2 9 5 1 100 0.75 4 681 255 119 61 102 240 163 32
2 9 5 1 100 0.75 4 682 256 119 63 102 240 165 31
2 9 5 1 100 0.75 4 683 257 118 61 100 243 168 32
2 9 5 1 100 0.75 4 684 258 119 66 100 244 169 32
2 9 5 1 100 0.75 4 685 261 120 68 100 245 170 32
2 9 5 1 100 0.75 4 686 261 120 68 101 247 172 32
2 9 5 1 100 0.75 4 687 263 120 65 100 249 174 32
2 9 5 1 100 0.75 4 688 266 120 60 100 251 176 31
2 9 5 1 100 0.75 4 689 266 122 72 104 251 176 32
2 9 5 1 100 0.75 4 690 269 120 56 102 255 180 29
2 9 5 1 100 0.75 4 690 269 120 120 102 284 180 29
2 9 5 1 100 0.75 4 720 269 120 120 102 78 180 29
2 9 5 1 100 0.75 5 721 0 2 2 0 78 0 0
2 9 5 1 100 0.75 5 722 0 4 4 0 78 0 0
2 9 5 1 100 0.75 5 723 0 6 6 0 78 0 0
2 9 5 1 100 0.75 5 724 0 8 8 0 78 0 0
2 9 5 1 100 0.75 5 725 0 10 10 0 78 0 0
2 9 5 1 100 0.75 5 726 0 12 12 0 78 0 0
2 9 5 1 100 0.75 5 727 0 14 14 0 78 0 0
2 9 5 1 100 0.75 5 728 0 16 16 0 78 0 0
2 9 5 1 100 0.75 5 729 0 18 18 0 78 0 0
2 9 5 1 100 0.75 5 730 0 20 20 0 78 0 0
2 9 5 1 100 0.75 5 731 0 22 21 0 78 0 0
2 9 5 1 100 0.75 5 732 1 24 21 0 78 0 0
2 9 5 1 100 0.75 5 733 1 26 25 1 78 0 0
2 9 5 1 100 0.75 5 734 3 28 24 1 78 0 0
2 9 5 1 100 0.75 5 735 4 30 26 3 78 0 0
2 9 5 1 100 0.75 5 736 4 32 28 4 78 0 0
2 9 5 1 100 0.75 5 737 5 34 29 4 78 0 0
2 9 5 1 100 0.75 5 738 6 36 30 5 78 0 0
2 9 5 1 100 0.75 5 739 7 38 28 6 78 0 0
2 9 5 1 100 0.75 5 740 7 40 33 7 78 0 0
2 9 5 1 100 0.75 5 741 9 42 34 7 78 0 1
2 9 5 1 100 0.75 5 742 10 44 35 9 78 0 1
2 9 5 1 100 0.75 5 743 11 46 38 10 78 0 2
2 9 5 1 100 0.75 5 744 12 48 38 11 78 0 2
2 9 5 1 100 0.75 5 745 12 50 41 12 78 0 3
2 9 5 1 100 0.75 5 746 12 52 43 12 78 0 4
2 9 5 1 100 0.75 5 747 18 54 42 12 78 0 4
2 9 5 1 100 0.75 5 748 20 56 42 18 78 0 4
2 9 5 1 100 0.75 5 749 22 58 44 20 78 0 5
2 9 5 1 100 0.75 5 750 24 60 45 22 78 0 6
2 9 5 1 100 0.75 5 751 26 62 43 24 78 0 7
2 9 5 1 100 0.75 5 752 26 64 49 26 78 0 7
2 9 5 1 100 0.75 5 753 26 66 51 26 78 0 7
2 9 5 1 100 0.75 5 754 27 68 51 26 78 0 8
2 9 5 1 100 0.75 5 755 31 70 55 27 78 0 12
2 9 5 1 100 0.75 5 756 32 72 56 31 78 0 15
2 9 5 1 100 0.75 5 757 32 73 60 31 79 1 14
2 9 5 1 100 0.75 5 758 36 75 59 31 79 1 16
2 9 5 1 100 0.75 5 759 38 77 63 35 79 1 17
2 9 5 1 100 0.75 5 760 39 78 59 36 80 2 16
2 9 5 1 100 0.75 5 761 43 78 60 35 82 4 15
2 9 5 1 100 0.75 5 762 43 80 59 39 82 4 15
2 9 5 1 100 0.75 5 763 46 82 64 39 82 4 18
2 9 5 1 100 0.75 5 764 49 84 63 42 82 4 19
2 9 5 1 100 0.75 5 765 49 85 69 44 83 5 21
2 9 5 1 100 0.75 5 766 51 87 70 44 83 5 24
2 9 5 1 100 0.75 5 767 53 88 67 45 84 6 23
2 9 5 1 100 0.75 5 768 53 89 73 46 85 7 24
2 9 5 1 100 0.75 5 769 54 90 75 45 86 8 24
2 9 5 1 100 0.75 5 770 56 90 75 44 88 10 25
2 9 5 1 100 0.75 5 771 56 92 76 46 88 10 26
2 9 5 1 100 0.75 5 772 61 93 73 45 89 11 27
2 9 5 1 100 0.75 5 773 65 95 74 50 89 11 27
2 9 5 1 100 0.75 5 774 66 97 78 54 89 11 30
2 9 5 1 100 0.75 5 775 68 96 76 52 92 14 27
2 9 5 1 100 0.75 5 776 68 95 76 51 95 17 25
2 9 5 1 100 0.75 5 777 69 96 72 50 96 18 25
2 9 5 1 100 0.75 5 778 71 96 76 49 97 20 24
2 9 5 1 100 0.75 5 779 73 98 76 51 97 20 25
2 9 5 1 100 0.75 5 780 73 98 84 51 99 22 27
2 9 5 1 100 0.75 5 781 79 97 76 48 102 25 24
2 9 5 1 100 0.75 5 782 79 99 81 54 102 25 26
2 9 5 1 100 0.75 5 783 82 98 76 51 105 28 24
2 9 5 1 100 0.75 5 784 87 99 75 53 106 29 23
2 9 5 1 100 0.75 5 785 91 100 69 57 107 30 23
2 9 5 1 100 0.75 5 786 92 101 76 60 108 31 24
2 9 5 1 100 0.75 5 787 97 102 68 60 109 32 23
2 9 5 1 100 0.75 5 788 99 102 68 63 111 34 24
2 9 5 1 100 0.75 5 789 101 104 71 65 111 34 26
2 9 5 1 100 0.75 5 790 102 104 73 65 113 36 25
2 9 5 1 100 0.75 5 791 104 105 73 65 114 37 27
2 9 5 1 100 0.75 5 792 106 104 75 64 117 40 27
2 9 5 1 100 0.75 5 793 107 104 77 64 119 42 26
2 9 5 1 100 0.75 5 794 110 106 79 66 119 42 29
2 9 5 1 100 0.75 5 795 112 107 79 68 120 43 30
2 9 5 1 100 0.75 5 796 114 108 79 69 121 44 31
2 9 5 1 100 0.75 5 797 115 108 80 69 123 46 30
2 9 5 1 100 0.75 5 798 120 108 78 69 125 48 30
2 9 5 1 100 0.75 5 799 122 107 71 71 128 51 28
2 9 5 1 100 0.75 5 800 124 108 82 73 129 52 30
2 9 5 1 100 0.75 5 801 127 108 79 73 131 54 30
2 9 5 1 100 0.75 5 802 129 110 76 76 131 54 30
2 9 5 1 100 0.75 5 803 131 111 84 77 132 55 31
2 9 5 1 100 0.75 5 804 133 112 80 78 133 56 31
2 9 5 1 100 0.75 5 805 134 113 84 79 133 57 32
2 9 5 1 100 0.75 5 806 140 110 76 75 138 62 28
2 9 5 1 100 0.75 5 807 142 110 79 79 140 64 30
2 9 5 1 100 0.75 5 808 148 111 78 80 141 65 31
2 9 5 1 100 0.75 5 809 151 111 76 84 143 67 31
2 9 5 1 100 0.75 5 810 152 113 81 87 143 67 33
2 9 5 1 100 0.75 5 811 154 112 77 85 146 70 31
2 9 5 1 100 0.75 5 812 155 113 81 86 147 71 32
2 9 5 1 100 0.75 5 813 160 113 77 85 149 73 34
2 9 5 1 100 0.75 5 814 162 114 76 90 150 74 36
2 9 5 1 100 0.75 5 815 164 115 76 91 151 75 37
2 9 5 1 100 0.75 5 816 165 113 78 89 155 79 37
2 9 5 1 100 0.75 5 817 169 113 75 88 157 81 35
2 9 5 1 100 0.75 5 818 170 112 76 90 160 84 34
2 9 5 1 100 0.75 5 819 171 112 75 90 162 86 33
2 9 5 1 100 0.75 5 820 173 114 71 91 162 86 34
2 9 5 1 100 0.75 5 821 174 116 77 93 162 86 39
2 9 5 1 100 0.75 5 822 176 116 76 92 164 88 39
2 9 5 1 100 0.75 5 823 179 114 77 90 168 92 35
2 9 5 1 100 0.75 5 824 183 115 65 92 169 93 38
2 9 5 1 100 0.75 5 825 184 116 73 95 170 94 41
2 9 5 1 100 0.75 5 826 188 115 69 93 173 97 38
2 9 5 1 100 0.75 5 827 193 115 74 95 174 99 37
2 9 5 1 100 0.75 5 828 194 115 67 98 176 101 37
2 9 5 1 100 0.75 5 829 196 114 67 97 179 104 34
2 9 5 1 100 0.75 5 830 197 113 66 96 182 107 33
2 9 5 1 100 0.75 5 831 199 115 73 97 182 107 35
2 9 5 1 100 0.75 5 832 200 113 70 95 186 111 33
2 9 5 1 100 0.75 5 833 201 113 72 94 188 113 33
2 9 5 1 100 0.75 5 834 202 114 73 94 188 114 36
2 9 5 1 100 0.75 5 835 205 114 70 94 190 116 35
2 9 5 1 100 0.75 5 836 208 113 69 94 193 119 32
2 9 5 1 100 0.75 5 837 209 111 64 93 197 123 30
2 9 5 1 100 0.75 5 838 210 112 63 93 198 124 30
2 9 5 1 100 0.75 5 839 210 112 63 92 199 126 30
2 9 5 1 100 0.75 5 840 215 113 68 91 200 127 30
2 9 5 1 100 0.75 5 841 215 113 67 94 202 129 28
2 9 5 1 100 0.75 5 842 218 114 71 93 203 130 29
2 9 5 1 100 0.75 5 843 222 115 70 95 204 131 34
2 9 5 1 100 0.75 5 844 224 114 72 96 207 134 31
2 9 5 1 100 0.75 5 845 227 113 69 95 210 137 29
2 9 5 1 100 0.75 5 846 227 114 64 98 211 138 29
2 9 5 1 100 0.75 5 847 228 115 74 98 212 139 32
2 9 5 1 100 0.75 5 848 228 115 64 97 214 141 30
2 9 5 1 100 0.75 5 849 229 116 65 97 215 142 31
2 9 5 1 100 0.75 5 850 230 116 69 96 217 144 31
2 9 5 1 100 0.75 5 851 233 116 68 96 219 146 32
2 9 5 1 100 0.75 5 852 236 116 65 97 219 148 34
2 9 5 1 100 0.75 5 853 237 116 68 99 221 150 33
2 9 5 1 100 0.75 5 854 239 116 66 98 223 152 31
2 9 5 1 100 0.75 5 855 240 116 66 98 225 154 30
2 9 5 1 100 0.75 5 856 241 116 63 97 227 156 30
2 9 5 1 100 0.75 5 857 243 116 58 98 229 158 29
2 9 5 1 100 0.75 5 858 244 118 62 101 229 158 29
2 9 5 1 100 0.75 5 859 246 118 65 102 231 160 29
2 9 5 1 100 0.75 5 860 248 119 70 103 232 161 31
2 9 5 1 100 0.75 5 861 249 118 61 102 235 164 29
2 9 5 1 100 0.75 5 862 251 119 66 102 236 165 28
2 9 5 1 100 0.75 5 863 254 120 67 104 237 166 29
2 9 5 1 100 0.75 5 864 254 120 69 105 239 168 31
2 9 5 1 100 0.75 5 865 256 120 65 103 240 170 32
2 9 5 1 100 0.75 5 866 258 121 70 104 241 171 33
2 9 5 1 100 0.75 5 867 260 120 63 103 244 174 32
2 9 5 1 100 0.75 5 868 262 121 64 104 245 175 31
2 9 5 1 100 0.75 5 869 263 120 65 103 248 178 28
2 9 5 1 100 0.75 5 870 264 121 66 103 249 179 31
2 9 5 1 100 0.75 5 870 264 121 121 103 280 179 31
2 9 5 1 100 0.75 5 900 264 121 121 103 88 179 31
2 9 5 1 100 0.75 6 901 0 2 2 0 88 0 0
2 9 5 1 100 0.75 6 902 0 4 4 0 88 0 0
2 9 5 1 100 0.75 6 903 0 6 6 0 88 0 0
2 9 5 1 100 0.75 6 904 0 8 8 0 88 0 0
2 9 5 1 100 0.75 6 905 0 10 10 0 88 0 0
2 9 5 1 100 0.75 6 906 0 12 12 0 88 0 0
2 9 5 1 100 0.75 6 907 0 14 14 0 88 0 0
2 9 5 1 100 0.75 6 908 0 16 16 0 88 0 0
2 9 5 1 100 0.75 6 909 0 18 18 0 88 0 0
2 9 5 1 100 0.75 6 910 0 20 19 0 88 0 0
2 9 5 1 100 0.75 6 911 0 22 22 0 88 0 0
2 9 5 1 100 0.75 6 912 1 24 23 0 88 0 0
2 9 5 1 100 0.75 6 913 2 26 23 1 88 0 0
2 9 5 1 100 0.75 6 914 3 28 25 2 88 0 0
2 9 5 1 100 0.75 6 915 4 30 26 3 88 0 0
2 9 5 1 100 0.75 6 916 6 32 25 4 88 0 0
2 9 5 1 100 0.75 6 917 8 34 26 6 88 0 0
2 9 5 1 100 0.75 6 918 10 36 26 8 88 0 0
2 9 5 1 100 0.75 6 919 11 38 27 10 88 0 1
2 9 5 1 100 0.75 6 920 11 40 30 11 88 0 1
2 9 5 1 100 0.75 6 921 12 42 30 11 88 0 1
2 9 5 1 100 0.75 6 922 13 44 31 12 88 0 2
2 9 5 1 100 0.75 6 923 13 46 32 13 88 0 4
2 9 5 1 100 0.75 6 924 13 48 38 13 87 0 5
2 9 5 1 100 0.75 6 925 14 50 41 13 87 0 8
2 9 5 1 100 0.75 6 926 14 52 45 14 87 0 9
2 9 5 1 100 0.75 6 927 16 54 42 14 87 0 9
2 9 5 1 100 0.75 6 928 21 56 42 16 87 0 9
2 9 5 1 100 0.75 6 929 24 58 44 21 87 0 10
2 9 5 1 100 0.75 6 930 25 60 46 24 87 0 10
2 9 5 1 100 0.75 6 931 25 62 45 25 87 0 10
2 9 5 1 100 0.75 6 932 25 64 48 25 87 0 10
2 9 5 1 100 0.75 6 933 27 66 48 25 87 0 11
2 9 5 1 100 0.75 6 934 27 68 49 27 87 0 12
2 9 5 1 100 0.75 6 935 29 70 54 27 87 0 15
2 9 5 1 100 0.75 6 936 30 72 58 29 87 0 18
2 9 5 1 100 0.75 6 937 30 74 63 30 87 0 20
2 9 5 1 100 0.75 6 938 33 75 59 29 88 1 19
2 9 5 1 100 0.75 6 939 37 74 54 29 91 4 16
2 9 5 1 100 0.75 6 940 39 76 57 33 91 4 17
2 9 5 1 100 0.75 6 941 40 76 57 33 93 6 15
2 9 5 1 100 0.75 6 942 44 76 57 32 95 8 15
2 9 5 1 100 0.75 6 943 44 78 57 36 95 8 15
2 9 5 1 100 0.75 6 944 46 80 58 36 95 8 16
2 9 5 1 100 0.75 6 945 46 81 63 37 96 9 17
2 9 5 1 100 0.75 6 946 48 83 62 37 96 9 18
2 9 5 1 100 0.75 6 947 49 85 68 39 96 9 21
2 9 5 1 100 0.75 6 948 50 87 70 40 96 9 23
2 9 5 1 100 0.75 6 949 50 88 71 40 97 10 23
2 9 5 1 100 0.75 6 950 51 90 73 40 97 10 26
2 9 5 1 100 0.75 6 951 53 92 74 41 97 10 26
2 9 5 1 100 0.75 6 952 55 89 73 38 102 15 23
2 9 5 1 100 0.75 6 953 56 89 74 38 104 17 21
2 9 5 1 100 0.75 6 954 59 89 72 37 106 19 21
2 9 5 1 100 0.75 6 955 59 90 71 39 107 20 20
2 9 5 1 100 0.75 6 956 61 92 74 39 106 20 20
2 9 5 1 100 0.75 6 957 64 92 70 39 108 22 18
2 9 5 1 100 0.75 6 958 66 93 71 41 109 23 19
2 9 5 1 100 0.75 6 959 67 95 73 43 109 23 19
2 9 5 1 100 0.75 6 960 71 97 74 44 109 23 20
2 9 5 1 100 0.75 6 961 75 99 72 48 109 23 21
2 9 5 1 100 0.75 6 962 79 99 71 50 111 25 21
2 9 5 1 100 0.75 6 963 83 99 68 52 113 27 20
2 9 5 1 100 0.75 6 964 84 99 65 54 115 29 19
2 9 5 1 100 0.75 6 965 84 101 70 55 115 29 19
2 9 5 1 100 0.75 6 966 87 100 69 52 118 32 19
2 9 5 1 100 0.75 6 967 88 101 69 54 119 33 18
2 9 5 1 100 0.75 6 968 91 102 71 54 120 34 19
2 9 5 1 100 0.75 6 969 93 103 70 56 121 35 21
2 9 5 1 100 0.75 6 970 98 104 74 57 122 36 24
2 9 5 1 100 0.75 6 971 100 103 66 59 125 39 22
2 9 5 1 100 0.75 6 972 100 105 75 61 125 39 22
2 9 5 1 100 0.75 6 973 103 105 74 59 127 41 21
2 9 5 1 100 0.75 6 974 108 107 71 62 127 41 22
2 9 5 1 100 0.75 6 975 111 108 72 66 128 42 23
2 9 5 1 100 0.75 6 976 114 110 72 69 128 42 25
2 9 5 1 100 0.75 6 977 116 112 72 72 128 42 27
2 9 5 1 100 0.75 6 978 117 112 78 72 130 44 28
2 9 5 1 100 0.75 6 979 121 112 76 71 132 46 27
2 9 5 1 100 0.75 6 980 122 114 75 75 132 46 27
2 9 5 1 100 0.75 6 981 127 114 73 74 134 48 29
2 9 5 1 100 0.75 6 982 128 115 76 78 135 49 31
2 9 5 1 100 0.75 6 983 131 116 81 78 136 50 31
2 9 5 1 100 0.75 6 984 134 116 80 79 138 52 30
2 9 5 1 100 0.75 6 985 138 115 72 79 141 55 29
2 9 5 1 100 0.75 6 986 138 115 78 81 143 57 29
2 9 5 1 100 0.75 6 987 140 116 74 80 144 58 29
2 9 5 1 100 0.75 6 988 140 118 81 82 144 58 33
2 9 5 1 100 0.75 6 989 140 117 80 79 146 61 31
2 9 5 1 100 0.75 6 990 142 118 81 78 147 62 31
2 9 5 1 100 0.75 6 991 144 119 80 79 148 63 31
2 9 5 1 100 0.75 6 992 145 120 87 81 149 64 33
2 9 5 1 100 0.75 6 993 150 120 82 80 151 66 31
2 9 5 1 100 0.75 6 994 152 119 77 83 153 69 29
2 9 5 1 100 0.75 6 995 153 119 75 84 155 71 27
2 9 5 1 100 0.75 6 996 155 118 70 82 158 74 24
2 9 5 1 100 0.75 6 997 156 118 73 82 160 76 22
2 9 5 1 100 0.75 6 998 158 117 71 81 163 79 21
2 9 5 1 100 0.75 6 999 161 119 69 83 163 79 21
2 9 5 1 100 0.75 6 1000 161 120 76 85 164 80 23
2 9 5 1 100 0.75 6 1001 162 121 75 84 165 81 24
2 9 5 1 100 0.75 6 1002 163 120 73 82 168 84 23
2 9 5 1 100 0.75 6 1003 165 119 70 80 171 87 21
2 9 5 1 100 0.75 6 1004 168 117 68 79 175 91 19
2 9 5 1 100 0.75 6 1005 169 119 70 82 175 91 21
2 9 5 1 100 0.75 6 1006 174 121 74 83 175 91 22
2 9 5 1 100 0.75 6 1007 177 121 65 86 177 93 23
2 9 5 1 100 0.75 6 1008 178 122 69 88 178 94 22
2 9 5 1 100 0.75 6 1009 180 124 71 89 178 94 24
2 9 5 1 100 0.75 6 1010 182 124 68 89 180 96 23
2 9 5 1 100 0.75 6 1011 183 125 69 90 181 97 25
2 9 5 1 100 0.75 6 1012 184 126 73 90 182 98 26
2 9 5 1 100 0.75 6 1013 191 128 74 91 181 98 31
2 9 5 1 100 0.75 6 1014 192 129 75 97 182 99 31
2 9 5 1 100 0.75 6 1015 195 129 77 96 184 101 30
2 9 5 1 100 0.75 6 1016 196 130 71 98 185 102 30
2 9 5 1 100 0.75 6 1017 200 130 75 97 187 104 30
2 9 5 1 100 0.75 6 1018 201 130 72 99 189 106 30
2 9 5 1 100 0.75 6 1019 203 131 75 99 190 107 30
2 9 5 1 100 0.75 6 1020 206 133 79 101 190 107 32
2 9 5 1 100 0.75 6 1021 211 134 74 103 191 108 34
2 9 5 1 100 0.75 6 1022 214 133 74 105 194 111 32
2 9 5 1 100 0.75 6 1023 216 135 73 108 194 111 34
2 9 5 1 100 0.75 6 1024 218 135 77 109 196 113 35
2 9 5 1 100 0.75 6 1025 220 135 74 109 198 115 35
2 9 5 1 100 0.75 6 1026 220 133 74 107 202 119 33
2 9 5 1 100 0.75 6 1027 221 134 76 106 203 120 33
2 9 5 1 100 0.75 6 1028 224 132 78 103 207 124 32
2 9 5 1 100 0.75 6 1029 226 132 77 104 209 126 32
2 9 5 1 100 0.75 6 1030 231 131 71 103 212 129 31
2 9 5 1 100 0.75 6 1031 235 132 67 107 213 130 33
2 9 5 1 100 0.75 6 1032 237 133 74 111 214 131 33
2 9 5 1 100 0.75 6 1033 240 134 66 112 215 132 32
2 9 5 1 100 0.75 6 1034 242 134 63 115 217 134 30
2 9 5 1 100 0.75 6 1035 243 136 64 118 217 134 31
2 9 5 1 100 0.75 6 1036 245 136 68 119 219 136 30
2 9 5 1 100 0.75 6 1037 245 136 72 119 221 138 31
2 9 5 1 100 0.75 6 1038 247 135 71 116 224 141 31
2 9 5 1 100 0.75 6 1039 249 134 74 115 227 144 31
2 9 5 1 100 0.75 6 1040 252 133 68 114 230 147 32
2 9 5 1 100 0.75 6 1041 254 133 72 116 232 149 33
2 9 5 1 100 0.75 6 1042 256 135 71 118 232 149 33
2 9 5 1 100 0.75 6 1043 257 136 64 120 233 150 33
2 9 5 1 100 0.75 6 1044 258 136 70 120 235 152 32
2 9 5 1 100 0.75 6 1045 261 136 68 119 237 154 31
2 9 5 1 100 0.75 6 1046 263 135 67 119 239 157 30
2 9 5 1 100 0.75 6 1047 264 136 71 120 240 158 30
2 9 5 1 100 0.75 6 1048 266 137 70 120 241 159 33
2 9 5 1 100 0.75 6 1049 268 138 70 121 242 160 33
2 9 5 1 100 0.75 6 1050 270 137 67 120 245 163 32
2 9 5 1 100 0.75 6 1050 270 137 137 120 276 163 32
2 9 5 1 100 0.75 6 1080 270 137 137 120 86 163 32
2 9 5 1 100 0.75 7 1081 0 2 2 0 86 0 0
2 9 5 1 100 0.75 7 1082 0 4 4 0 86 0 0
2 9 5 1 100 0.75 7 1083 0 6 6 0 86 0 0
2 9 5 1 100 0.75 7 1084 0 8 8 0 86 0 0
2 9 5 1 100 0.75 7 1085 0 10 10 0 86 0 0
2 9 5 1 100 0.75 7 1086 0 12 12 0 86 0 0
2 9 5 1 100 0.75 7 1087 0 14 14 0 86 0 0
2 9 5 1 100 0.75 7 1088 0 16 16 0 86 0 0
2 9 5 1 100 0.75 7 1089 0 18 18 0 86 0 0
2 9 5 1 100 0.75 7 1090 0 20 20 0 86 0 0
2 9 5 1 100 0.75 7 1091 0 22 22 0 86 0 0
2 9 5 1 100 0.75 7 1092 0 24 24 0 86 0 0
2 9 5 1 100 0.75 7 1093 0 26 26 0 86 0 0
2 9 5 1 100 0.75 7 1094 0 28 28 0 86 0 0
2 9 5 1 100 0.75 7 1095 0 30 29 0 86 0 0
2 9 5 1 100 0.75 7 1096 1 32 31 0 86 0 0
2 9 5 1 100 0.75 7 1097 1 34 32 1 86 0 0
2 9 5 1 100 0.75 7 1098 1 36 35 1 86 0 0
2 9 5 1 100 0.75 7 1099 4 38 34 1 86 0 0
2 9 5 1 100 0.75 7 1100 4 40 35 4 86 0 0
2 9 5 1 100 0.75 7 1101 5 42 36 4 86 0 0
2 9 5 1 100 0.75 7 1102 6 44 37 5 86 0 0
2 9 5 1 100 0.75 7 1103 8 46 38 6 86 0 1
2 9 5 1 100 0.75 7 1104 8 48 39 8 86 0 1
2 9 5 1 100 0.75 7 1105 13 50 37 8 86 0 1
2 9 5 1 100 0.75 7 1106 14 52 39 13 86 0 2
2 9 5 1 100 0.75 7 1107 16 54 39 14 86 0 3
2 9 5 1 100 0.75 7 1108 17 56 42 16 86 0 3
2 9 5 1 100 0.75 7 1109 18 58 45 17 86 0 3
2 9 5 1 100 0.75 7 1110 19 60 45 18 86 0 3
2 9 5 1 100 0.75 7 1111 21 62 45 19 85 0 5
2 9 5 1 100 0.75 7 1112 22 64 50 21 85 0 8
2 9 5 1 100 0.75 7 1113 24 66 53 22 85 0 10
2 9 5 1 100 0.75 7 1114 25 68 52 24 85 0 11
2 9 5 1 100 0.75 7 1115 26 70 53 25 85 0 12
2 9 5 1 100 0.75 7 1116 28 72 58 26 85 0 12
2 9 5 1 100 0.75 7 1117 33 74 55 28 85 0 12
2 9 5 1 100 0.75 7 1118 34 75 56 32 86 1 13
2 9 5 1 100 0.75 7 1119 34 77 57 33 86 1 14
2 9 5 1 100 0.75 7 1120 35 79 62 33 86 1 15
2 9 5 1 100 0.75 7 1121 36 81 65 34 85 1 16
2 9 5 1 100 0.75 7 1122 37 82 63 34 86 2 16
2 9 5 1 100 0.75 7 1123 38 84 67 35 86 2 16
2 9 5 1 100 0.75 7 1124 39 86 71 36 86 2 20
2 9 5 1 100 0.75 7 1125 41 87 71 36 87 3 21
2 9 5 1 100 0.75 7 1126 44 88 73 37 88 4 20
2 9 5 1 100 0.75 7 1127 44 90 69 40 88 4 20
2 9 5 1 100 0.75 7 1128 45 90 74 38 90 6 20
2 9 5 1 100 0.75 7 1129 46 90 72 37 92 8 18
2 9 5 1 100 0.75 7 1130 49 92 74 38 92 8 18
2 9 5 1 100 0.75 7 1131 50 91 74 38 95 11 15
2 9 5 1 100 0.75 7 1132 51 93 76 39 95 11 16
2 9 5 1 100 0.75 7 1133 54 95 77 40 95 11 17
2 9 5 1 100 0.75 7 1134 58 97 74 43 95 11 18
2 9 5 1 100 0.75 7 1135 61 97 69 45 97 13 16
2 9 5 1 100 0.75 7 1136 63 98 71 47 98 14 17
2 9 5 1 100 0.75 7 1137 65 99 74 48 99 15 17
2 9 5 1 100 0.75 7 1138 68 100 74 49 100 16 17
2 9 5 1 100 0.75 7 1139 71 101 72 51 101 17 17
2 9 5 1 100 0.75 7 1140 73 100 71 52 103 20 14
2 9 5 1 100 0.75 7 1141 75 101 72 53 104 21 18
2 9 5 1 100 0.75 7 1142 78 101 73 53 106 23 16
2 9 5 1 100 0.75 7 1143 79 102 76 55 107 24 16
2 9 5 1 100 0.75 7 1144 80 103 76 55 108 25 17
2 9 5 1 100 0.75 7 1145 81 105 77 56 108 25 17
2 9 5 1 100 0.75 7 1146 82 107 83 57 108 25 22
2 9 5 1 100 0.75 7 1147 88 109 81 58 108 25 24
2 9 5 1 100 0.75 7 1148 89 109 83 62 110 27 23
2 9 5 1 100 0.75 7 1149 90 111 81 63 110 27 26
2 9 5 1 100 0.75 7 1150 91 112 86 63 111 28 26
2 9 5 1 100 0.75 7 1151 94 114 86 64 111 28 27
2 9 5 1 100 0.75 7 1152 97 115 88 66 112 29 26
2 9 5 1 100 0.75 7 1153 98 116 85 68 113 30 25
2 9 5 1 100 0.75 7 1154 98 118 90 69 113 30 26
2 9 5 1 100 0.75 7 1155 105 118 88 67 115 32 29
2 9 5 1 100 0.75 7 1156 105 119 90 73 116 33 29
2 9 5 1 100 0.75 7 1157 105 120 94 72 117 34 29
2 9 5 1 100 0.75 7 1158 108 121 91 71 118 35 30
2 9 5 1 100 0.75 7 1159 112 120 90 71 121 38 29
2 9 5 1 100 0.75 7 1160 113 122 93 75 121 38 30
2 9 5 1 100 0.75 7 1161 117 121 88 73 124 41 27
2 9 5 1 100 0.75 7 1162 119 119 81 73 128 45 24
2 9 5 1 100 0.75 7 1163 122 119 88 73 130 47 25
2 9 5 1 100 0.75 7 1164 124 120 85 75 131 48 24
2 9 5 1 100 0.75 7 1165 126 121 86 76 132 49 25
2 9 5 1 100 0.75 7 1166 128 121 87 76 134 51 26
2 9 5 1 100 0.75 7 1167 133 122 84 77 135 52 25
2 9 5 1 100 0.75 7 1168 138 123 87 81 136 53 29
2 9 5 1 100 0.75 7 1169 142 124 84 85 137 54 29
2 9 5 1 100 0.75 7 1170 145 125 82 88 138 55 30
2 9 5 1 100 0.75 7 1171 148 122 78 86 143 60 27
2 9 5 1 100 0.75 7 1172 150 123 81 88 144 61 27
2 9 5 1 100 0.75 7 1173 151 125 82 90 144 61 30
2 9 5 1 100 0.75 7 1174 153 126 83 91 145 62 30
2 9 5 1 100 0.75 7 1175 154 127 86 92 146 63 33
2 9 5 1 100 0.75 7 1176 155 128 83 92 147 64 33
2 9 5 1 100 0.75 7 1177 158 128 96 91 149 66 35
2 9 5 1 100 0.75 7 1178 164 129 88 93 150 67 35
2 9 5 1 100 0.75 7 1179 169 129 86 97 152 69 35
2 9 5 1 100 0.75 7 1180 172 129 84 101 154 71 34
2 9 5 1 100 0.75 7 1181 176 130 85 103 155 72 33
2 9 5 1 100 0.75 7 1182 178 131 79 106 156 73 34
2 9 5 1 100 0.75 7 1183 181 130 78 106 159 76 31
2 9 5 1 100 0.75 7 1184 183 130 74 107 161 78 32
2 9 5 1 100 0.75 7 1185 184 130 80 107 162 80 33
2 9 5 1 100 0.75 7 1186 185 129 80 106 165 83 37
2 9 5 1 100 0.75 7 1187 188 130 81 106 166 84 41
2 9 5 1 100 0.75 7 1188 190 131 81 108 167 85 42
2 9 5 1 100 0.75 7 1189 191 132 95 109 168 86 44
2 9 5 1 100 0.75 7 1190 194 132 86 108 170 88 43
2 9 5 1 100 0.75 7 1191 198 131 83 108 173 91 41
2 9 5 1 100 0.75 7 1192 199 129 85 108 176 95 40
2 9 5 1 100 0.75 7 1193 202 129 82 107 178 97 39
2 9 5 1 100 0.75 7 1194 205 128 74 107 181 100 37
2 9 5 1 100 0.75 7 1195 205 126 77 107 185 104 33
2 9 5 1 100 0.75 7 1196 207 128 79 108 185 104 34
2 9 5 1 100 0.75 7 1197 209 129 79 109 186 105 33
2 9 5 1 100 0.75 7 1198 211 130 79 110 187 106 34
2 9 5 1 100 0.75 7 1199 214 132 80 112 187 106 38
2 9 5 1 100 0.75 7 1200 216 132 76 113 189 108 37
2 9 5 1 100 0.75 7 1201 220 133 79 114 190 109 37
2 9 5 1 100 0.75 7 1202 221 129 74 112 196 115 33
2 9 5 1 100 0.75 7 1203 221 130 79 113 197 116 34
2 9 5 1 100 0.75 7 1204 221 125 71 106 203 123 29
2 9 5 1 100 0.75 7 1205 223 124 70 103 206 126 28
2 9 5 1 100 0.75 7 1206 225 122 67 102 210 130 24
2 9 5 1 100 0.75 7 1207 227 123 65 104 211 131 26
2 9 5 1 100 0.75 7 1208 229 123 68 104 212 133 25
2 9 5 1 100 0.75 7 1209 230 124 73 105 213 134 27
2 9 5 1 100 0.75 7 1210 232 125 71 105 214 135 26
2 9 5 1 100 0.75 7 1211 234 126 74 106 215 136 25
2 9 5 1 100 0.75 7 1212 237 127 74 107 216 137 24
2 9 5 1 100 0.75 7 1213 239 128 74 109 217 138 24
2 9 5 1 100 0.75 7 1214 240 128 75 109 219 140 25
2 9 5 1 100 0.75 7 1215 241 130 70 110 219 140 25
2 9 5 1 100 0.75 7 1216 242 130 78 109 221 142 25
2 9 5 1 100 0.75 7 1217 247 131 69 109 222 143 25
2 9 5 1 100 0.75 7 1218 250 128 70 110 227 148 23
2 9 5 1 100 0.75 7 1219 250 129 68 112 228 149 23
2 9 5 1 100 0.75 7 1220 253 130 64 111 229 150 24
2 9 5 1 100 0.75 7 1221 256 130 71 112 230 152 22
2 9 5 1 100 0.75 7 1222 256 132 71 115 230 152 23
2 9 5 1 100 0.75 7 1223 258 132 71 113 232 154 22
2 9 5 1 100 0.75 7 1224 258 133 72 115 233 155 23
2 9 5 1 100 0.75 7 1225 260 131 77 111 237 159 24
2 9 5 1 100 0.75 7 1226 260 132 69 112 238 160 23
2 9 5 1 100 0.75 7 1227 262 133 79 112 239 161 23
2 9 5 1 100 0.75 7 1228 268 134 75 113 240 162 22
2 9 5 1 100 0.75 7 1229 269 135 76 118 241 163 24
2 9 5 1 100 0.75 7 1230 269 137 80 119 241 163 25
2 9 5 1 100 0.75 7 1230 269 137 137 119 265 163 25
2 9 5 1 100 0.75 7 1260 269 137 137 119 85 163 25
2 9 5 1 100 0.75 8 1261 0 2 2 0 85 0 0
2 9 5 1 100 0.75 8 1262 0 4 4 0 85 0 0
2 9 5 1 100 0.75 8 1263 0 6 6 0 85 0 0
2 9 5 1 100 0.75 8 1264 0 8 8 0 85 0 0
2 9 5 1 100 0.75 8 1265 0 10 10 0 85 0 0
2 9 5 1 100 0.75 8 1266 0 12 12 0 85 0 0
2 9 5 1 100 0.75 8 1267 0 14 14 0 85 0 0
2 9 5 1 100 0.75 8 1268 0 16 16 0 85 0 0
2 9 5 1 100 0.75 8 1269 0 18 18 0 85 0 0
2 9 5 1 100 0.75 8 1270 1 20 19 0 85 0 0
2 9 5 1 100 0.75 8 1271 1 22 21 1 85 0 0
2 9 5 1 100 0.75 8 1272 1 24 23 1 85 0 0
2 9 5 1 100 0.75 8 1273 1 26 25 1 85 0 0
2 9 5 1 100 0.75 8 1274 1 28 27 1 85 0 0
2 9 5 1 100 0.75 8 1275 2 30 27 1 85 0 0
2 9 5 1 100 0.75 8 1276 3 32 29 2 85 0 0
2 9 5 1 100 0.75 8 1277 3 34 30 3 85 0 0
2 9 5 1 100 0.75 8 1278 6 36 30 3 85 0 0
2 9 5 1 100 0.75 8 1279 7 38 32 6 85 0 0
2 9 5 1 100 0.75 8 1280 8 40 33 7 85 0 0
2 9 5 1 100 0.75 8 1281 8 42 35 8 85 0 0
2 9 5 1 100 0.75 8 1282 8 44 37 8 85 0 0
2 9 5 1 100 0.75 8 1283 10 46 39 8 85 0 2
2 9 5 1 100 0.75 8 1284 10 48 40 10 85 0 2
2 9 5 1 100 0.75 8 1285 10 50 43 10 85 0 3
2 9 5 1 100 0.75 8 1286 11 52 47 10 85 0 5
2 9 5 1 100 0.75 8 1287 14 54 44 11 85 0 5
2 9 5 1 100 0.75 8 1288 16 56 45 14 85 0 6
2 9 5 1 100 0.75 8 1289 17 58 43 16 85 0 6
2 9 5 1 100 0.75 8 1290 18 60 49 17 85 0 8
2 9 5 1 100 0.75 8 1291 20 62 45 18 85 0 8
2 9 5 1 100 0.75 8 1292 20 64 53 20 85 0 8
2 9 5 1 100 0.75 8 1293 23 66 50 20 85 0 9
2 9 5 1 100 0.75 8 1294 25 68 53 23 85 0 9
2 9 5 1 100 0.75 8 1295 26 70 56 25 85 0 12
2 9 5 1 100 0.75 8 1296 28 72 58 26 85 0 14
2 9 5 1 100 0.75 8 1297 28 74 58 28 85 0 14
2 9 5 1 100 0.75 8 1298 28 76 61 28 85 0 14
2 9 5 1 100 0.75 8 1299 31 78 65 28 85 0 15
2 9 5 1 100 0.75 8 1300 34 79 62 30 86 1 15
2 9 5 1 100 0.75 8 1301 36 78 63 30 89 4 14
2 9 5 1 100 0.75 8 1302 38 80 65 32 89 4 16
2 9 5 1 100 0.75 8 1303 39 81 62 33 90 5 16
2 9 5 1 100 0.75 8 1304 40 82 69 33 91 6 16
2 9 5 1 100 0.75 8 1305 42 83 66 33 92 7 15
2 9 5 1 100 0.75 8 1306 44 85 68 35 92 7 16
2 9 5 1 100 0.75 8 1307 48 87 71 37 92 7 20
2 9 5 1 100 0.75 8 1308 49 88 70 40 93 8 20
2 9 5 1 100 0.75 8 1309 50 90 72 41 93 8 22
2 9 5 1 100 0.75 8 1310 52 90 73 40 95 10 20
2 9 5 1 100 0.75 8 1311 53 90 73 40 97 12 19
2 9 5 1 100 0.75 8 1312 56 92 69 41 97 12 21
2 9 5 1 100 0.75 8 1313 57 93 74 43 98 13 21
2 9 5 1 100 0.75 8 1314 57 95 74 44 98 13 22
2 9 5 1 100 0.75 8 1315 58 97 84 44 98 13 25
2 9 5 1 100 0.75 8 1316 59 97 81 43 100 15 23
2 9 5 1 100 0.75 8 1317 63 99 82 44 100 15 23
2 9 5 1 100 0.75 8 1318 66 100 81 47 99 16 25
2 9 5 1 100 0.75 8 1319 69 101 82 49 99 17 25
2 9 5 1 100 0.75 8 1320 71 101 79 50 101 19 23
2 9 5 1 100 0.75 8 1321 73 100 78 49 104 22 21
2 9 5 1 100 0.75 8 1322 77 101 73 50 105 23 20
2 9 5 1 100 0.75 8 1323 79 103 73 54 105 23 21
2 9 5 1 100 0.75 8 1324 79 103 75 54 107 25 21
2 9 5 1 100 0.75 8 1325 79 103 80 52 109 27 23
2 9 5 1 100 0.75 8 1326 81 104 77 51 110 28 25
2 9 5 1 100 0.75 8 1327 84 105 81 52 111 29 26
2 9 5 1 100 0.75 8 1328 91 105 75 53 113 31 26
2 9 5 1 100 0.75 8 1329 95 107 78 60 113 31 29
2 9 5 1 100 0.75 8 1330 96 109 82 64 113 31 30
2 9 5 1 100 0.75 8 1331 102 108 73 62 116 34 27
2 9 5 1 100 0.75 8 1332 105 108 73 66 118 36 25
2 9 5 1 100 0.75 8 1333 105 108 75 67 120 38 24
2 9 5 1 100 0.75 8 1334 109 110 75 67 120 38 26
2 9 5 1 100 0.75 8 1335 111 110 75 69 122 40 27
2 9 5 1 100 0.75 8 1336 113 112 83 71 122 40 32
2 9 5 1 100 0.75 8 1337 118 113 78 72 123 41 33
2 9 5 1 100 0.75 8 1338 120 113 79 76 125 43 33
2 9 5 1 100 0.75 8 1339 122 114 81 77 126 44 37
2 9 5 1 100 0.75 8 1340 124 115 82 78 127 45 37
2 9 5 1 100 0.75 8 1341 126 116 79 79 128 46 38
2 9 5 1 100 0.75 8 1342 128 117 83 80 129 47 40
2 9 5 1 100 0.75 8 1343 130 115 78 78 133 51 36
2 9 5 1 100 0.75 8 1344 135 114 82 77 136 54 38
2 9 5 1 100 0.75 8 1345 139 114 69 80 138 56 39
2 9 5 1 100 0.75 8 1346 141 113 80 81 141 59 40
2 9 5 1 100 0.75 8 1347 143 115 74 83 141 59 40
2 9 5 1 100 0.75 8 1348 144 117 84 85 141 59 43
2 9 5 1 100 0.75 8 1349 146 117 79 84 143 61 42
2 9 5 1 100 0.75 8 1350 147 117 85 84 145 63 42
2 9 5 1 100 0.75 8 1351 148 117 83 83 147 65 43
2 9 5 1 100 0.75 8 1352 151 117 87 82 149 67 45
2 9 5 1 100 0.75 8 1353 161 117 76 83 150 69 43
2 9 5 1 100 0.75 8 1354 163 117 77 91 152 71 44
2 9 5 1 100 0.75 8 1355 164 115 78 89 156 75 42
2 9 5 1 100 0.75 8 1356 168 112 73 85 161 80 39
2 9 5 1 100 0.75 8 1357 171 113 70 88 162 81 38
2 9 5 1 100 0.75 8 1358 172 113 71 89 164 83 36
2 9 5 1 100 0.75 8 1359 172 114 73 89 165 84 37
2 9 5 1 100 0.75 8 1360 173 113 79 87 168 87 40
2 9 5 1 100 0.75 8 1361 175 109 72 82 174 93 39
2 9 5 1 100 0.75 8 1362 179 110 71 83 174 94 40
2 9 5 1 100 0.75 8 1363 182 109 72 84 177 97 40
2 9 5 1 100 0.75 8 1364 187 111 71 87 177 97 44
2 9 5 1 100 0.75 8 1365 187 108 73 87 182 102 39
2 9 5 1 100 0.75 8 1366 190 109 68 86 183 103 39
2 9 5 1 100 0.75 8 1367 192 111 69 90 183 103 39
2 9 5 1 100 0.75 8 1368 194 108 67 87 188 108 35
2 9 5 1 100 0.75 8 1369 195 109 73 88 189 109 36
2 9 5 1 100 0.75 8 1370 199 109 63 87 191 111 37
2 9 5 1 100 0.75 8 1371 201 107 70 87 195 115 35
2 9 5 1 100 0.75 8 1372 202 109 69 89 195 115 38
2 9 5 1 100 0.75 8 1373 207 110 70 89 196 116 39
2 9 5 1 100 0.75 8 1374 209 111 67 93 196 117 39
2 9 5 1 100 0.75 8 1375 210 110 65 92 199 120 36
2 9 5 1 100 0.75 8 1376 213 108 67 89 203 124 33
2 9 5 1 100 0.75 8 1377 214 110 71 92 203 124 36
2 9 5 1 100 0.75 8 1378 218 109 66 90 206 127 36
2 9 5 1 100 0.75 8 1379 220 108 58 92 209 130 34
2 9 5 1 100 0.75 8 1380 222 104 62 88 215 136 30
2 9 5 1 100 0.75 8 1381 222 105 58 89 216 137 33
2 9 5 1 100 0.75 8 1382 224 106 60 89 217 138 33
2 9 5 1 100 0.75 8 1383 225 107 58 91 218 139 32
2 9 5 1 100 0.75 8 1384 228 106 57 89 221 142 33
2 9 5 1 100 0.75 8 1385 230 107 61 91 222 143 34
2 9 5 1 100 0.75 8 1386 232 109 61 93 222 143 35
2 9 5 1 100 0.75 8 1387 232 107 62 91 226 147 34
2 9 5 1 100 0.75 8 1388 233 108 60 90 227 148 34
2 9 5 1 100 0.75 8 1389 233 107 61 90 230 151 32
2 9 5 1 100 0.75 8 1390 237 107 61 88 232 153 32
2 9 5 1 100 0.75 8 1391 238 109 60 92 232 153 34
2 9 5 1 100 0.75 8 1392 240 111 64 93 232 153 36
2 9 5 1 100 0.75 8 1393 240 109 65 91 236 157 33
2 9 5 1 100 0.75 8 1394 243 110 61 90 236 158 32
2 9 5 1 100 0.75 8 1395 244 110 67 91 238 160 32
2 9 5 1 100 0.75 8 1396 246 108 61 89 242 164 29
2 9 5 1 100 0.75 8 1397 248 107 61 88 245 167 28
2 9 5 1 100 0.75 8 1398 251 107 63 89 247 169 29
2 9 5 1 100 0.75 8 1399 252 106 58 89 250 172 27
2 9 5 1 100 0.75 8 1400 254 106 55 88 251 174 26
2 9 5 1 100 0.75 8 1401 254 107 55 89 252 175 26
2 9 5 1 100 0.75 8 1402 258 106 51 87 254 178 25
2 9 5 1 100 0.75 8 1403 258 106 57 91 256 180 27
2 9 5 1 100 0.75 8 1404 258 107 57 90 256 181 26
2 9 5 1 100 0.75 8 1405 261 107 58 89 258 183 25
2 9 5 1 100 0.75 8 1406 263 109 56 92 258 183 27
2 9 5 1 100 0.75 8 1407 265 110 59 93 259 184 28
2 9 5 1 100 0.75 8 1408 265 111 61 94 259 185 28
2 9 5 1 100 0.75 8 1409 268 110 61 92 262 188 25
2 9 5 1 100 0.75 8 1410 269 110 57 93 264 190 27
2 9 5 1 100 0.75 8 1410 269 110 110 93 290 190 27
2 9 5 1 100 0.75 8 1440 269 110 110 93 91 190 27
2 9 5 1 100 0.75 9 1441 0 2 2 0 91 0 0
2 9 5 1 100 0.75 9 1442 0 4 4 0 91 0 0
2 9 5 1 100 0.75 9 1443 0 6 6 0 91 0 0
2 9 5 1 100 0.75 9 1444 0 8 8 0 91 0 0
2 9 5 1 100 0.75 9 1445 0 10 10 0 91 0 0
2 9 5 1 100 0.75 9 1446 0 12 12 0 91 0 0
2 9 5 1 100 0.75 9 1447 0 14 14 0 91 0 0
2 9 5 1 100 0.75 9 1448 0 16 16 0 91 0 0
2 9 5 1 100 0.75 9 1449 2 18 16 0 91 0 0
2 9 5 1 100 0.75 9 1450 2 20 18 2 91 0 0
2 9 5 1 100 0.75 9 1451 3 22 19 2 91 0 0
2 9 5 1 100 0.75 9 1452 3 24 21 3 91 0 0
2 9 5 1 100 0.75 9 1453 3 26 23 3 91 0 0
2 9 5 1 100 0.75 9 1454 3 28 25 3 91 0 0
2 9 5 1 100 0.75 9 1455 3 30 26 3 91 0 0
2 9 5 1 100 0.75 9 1456 6 32 26 3 91 0 0
2 9 5 1 100 0.75 9 1457 6 34 29 6 91 0 2
2 9 5 1 100 0.75 9 1458 6 36 32 6 91 0 2
2 9 5 1 100 0.75 9 1459 6 38 35 6 91 0 3
2 9 5 1 100 0.75 9 1460 6 40 37 6 91 0 3
2 9 5 1 100 0.75 9 1461 7 42 38 6 91 0 3
2 9 5 1 100 0.75 9 1462 8 44 39 7 91 0 3
2 9 5 1 100 0.75 9 1463 8 46 44 8 91 0 6
2 9 5 1 100 0.75 9 1464 10 48 41 8 91 0 6
2 9 5 1 100 0.75 9 1465 11 50 45 10 91 0 6
2 9 5 1 100 0.75 9 1466 13 52 45 11 91 0 6
2 9 5 1 100 0.75 9 1467 14 54 46 13 91 0 6
2 9 5 1 100 0.75 9 1468 15 56 45 14 91 0 6
2 9 5 1 100 0.75 9 1469 17 58 49 15 91 0 6
2 9 5 1 100 0.75 9 1470 18 60 49 17 91 0 6
2 9 5 1 100 0.75 9 1471 20 62 49 18 91 0 7
2 9 5 1 100 0.75 9 1472 21 64 50 20 91 0 7
2 9 5 1 100 0.75 9 1473 21 66 54 21 91 0 9
2 9 5 1 100 0.75 9 1474 22 68 55 21 91 0 10
2 9 5 1 100 0.75 9 1475 25 70 56 22 91 0 11
2 9 5 1 100 0.75 9 1476 26 70 57 23 92 2 9
2 9 5 1 100 0.75 9 1477 28 71 58 23 93 3 9
2 9 5 1 100 0.75 9 1478 28 72 59 24 94 4 9
2 9 5 1 100 0.75 9 1479 29 74 61 24 94 4 10
2 9 5 1 100 0.75 9 1480 29 76 62 25 94 4 10
2 9 5 1 100 0.75 9 1481 33 77 60 24 95 5 9
2 9 5 1 100 0.75 9 1482 33 78 65 27 96 6 11
2 9 5 1 100 0.75 9 1483 38 80 62 27 96 6 12
2 9 5 1 100 0.75 9 1484 39 82 62 32 96 6 12
2 9 5 1 100 0.75 9 1485 39 84 66 33 95 6 14
2 9 5 1 100 0.75 9 1486 39 86 68 33 95 6 14
2 9 5 1 100 0.75 9 1487 41 87 69 32 96 7 14
2 9 5 1 100 0.75 9 1488 43 88 68 33 97 8 15
2 9 5 1 100 0.75 9 1489 43 89 70 34 98 9 16
2 9 5 1 100 0.75 9 1490 44 91 73 34 98 9 16
2 9 5 1 100 0.75 9 1491 46 93 80 35 98 9 21
2 9 5 1 100 0.75 9 1492 47 95 82 37 98 9 21
2 9 5 1 100 0.75 9 1493 47 95 81 36 100 11 19
2 9 5 1 100 0.75 9 1494 48 95 79 34 102 13 19
2 9 5 1 100 0.75 9 1495 49 97 82 35 102 13 21
2 9 5 1 100 0.75 9 1496 54 99 82 36 102 13 21
2 9 5 1 100 0.75 9 1497 54 100 82 40 103 14 20
2 9 5 1 100 0.75 9 1498 55 101 83 39 104 15 20
2 9 5 1 100 0.75 9 1499 55 102 84 39 105 16 20
2 9 5 1 100 0.75 9 1500 56 103 87 38 106 17 20
2 9 5 1 100 0.75 9 1501 58 104 86 38 107 18 20
2 9 5 1 100 0.75 9 1502 61 105 85 39 108 19 19
2 9 5 1 100 0.75 9 1503 65 107 86 42 108 19 21
2 9 5 1 100 0.75 9 1504 68 108 87 45 109 20 23
2 9 5 1 100 0.75 9 1505 69 108 85 46 111 22 22
2 9 5 1 100 0.75 9 1506 71 107 84 44 114 25 19
2 9 5 1 100 0.75 9 1507 73 108 85 45 115 26 19
2 9 5 1 100 0.75 9 1508 74 108 82 45 117 28 18
2 9 5 1 100 0.75 9 1509 78 109 81 45 118 29 18
2 9 5 1 100 0.75 9 1510 80 111 81 49 117 29 23
2 9 5 1 100 0.75 9 1511 82 112 88 50 118 30 24
2 9 5 1 100 0.75 9 1512 85 112 77 50 120 32 22
2 9 5 1 100 0.75 9 1513 87 114 86 53 120 32 23
2 9 5 1 100 0.75 9 1514 90 114 80 53 122 34 22
2 9 5 1 100 0.75 9 1515 93 115 85 55 123 35 23
2 9 5 1 100 0.75 9 1516 96 117 85 58 123 35 25
2 9 5 1 100 0.75 9 1517 100 119 89 61 123 35 26
2 9 5 1 100 0.75 9 1518 103 120 86 64 124 36 25
2 9 5 1 100 0.75 9 1519 105 121 91 66 125 37 28
2 9 5 1 100 0.75 9 1520 107 122 84 67 126 38 27
2 9 5 1 100 0.75 9 1521 107 124 93 69 126 38 30
2 9 5 1 100 0.75 9 1522 110 124 90 67 128 40 31
2 9 5 1 100 0.75 9 1523 113 123 92 67 131 43 29
2 9 5 1 100 0.75 9 1524 115 123 92 68 133 45 31
2 9 5 1 100 0.75 9 1525 118 125 97 70 133 45 34
2 9 5 1 100 0.75 9 1526 122 125 94 71 135 47 33
2 9 5 1 100 0.75 9 1527 123 124 94 73 138 50 32
2 9 5 1 100 0.75 9 1528 127 123 93 71 141 53 30
2 9 5 1 100 0.75 9 1529 130 124 87 74 142 54 29
2 9 5 1 100 0.75 9 1530 132 124 88 75 144 56 31
2 9 5 1 100 0.75 9 1531 138 125 84 76 145 57 31
2 9 5 1 100 0.75 9 1532 139 127 94 82 145 57 33
2 9 5 1 100 0.75 9 1533 144 128 91 82 146 58 37
2 9 5 1 100 0.75 9 1534 149 129 88 86 147 59 36
2 9 5 1 100 0.75 9 1535 153 129 90 89 149 61 37
2 9 5 1 100 0.75 9 1536 156 129 86 91 151 63 36
2 9 5 1 100 0.75 9 1537 156 128 91 91 154 66 35
2 9 5 1 100 0.75 9 1538 162 129 80 90 155 67 37
2 9 5 1 100 0.75 9 1539 163 129 90 94 157 69 39
2 9 5 1 100 0.75 9 1540 167 129 82 93 159 71 39
2 9 5 1 100 0.75 9 1541 170 131 91 97 159 71 44
2 9 5 1 100 0.75 9 1542 173 130 89 97 162 74 46
2 9 5 1 100 0.75 9 1543 174 132 96 100 162 74 50
2 9 5 1 100 0.75 9 1544 176 129 89 96 167 79 45
2 9 5 1 100 0.75 9 1545 178 130 92 97 168 80 47
2 9 5 1 100 0.75 9 1546 182 128 84 95 172 84 44
2 9 5 1 100 0.75 9 1547 182 130 98 99 172 84 49
2 9 5 1 100 0.75 9 1548 186 131 86 98 173 85 49
2 9 5 1 100 0.75 9 1549 189 128 89 97 178 90 46
2 9 5 1 100 0.75 9 1550 194 126 83 96 182 94 43
2 9 5 1 100 0.75 9 1551 196 125 82 98 185 97 42
2 9 5 1 100 0.75 9 1552 197 124 79 97 188 100 40
2 9 5 1 100 0.75 9 1553 197 124 74 96 190 102 41
2 9 5 1 100 0.75 9 1554 200 125 83 96 191 103 42
2 9 5 1 100 0.75 9 1555 201 125 81 97 193 105 40
2 9 5 1 100 0.75 9 1556 205 124 81 96 196 108 40
2 9 5 1 100 0.75 9 1557 207 120 74 94 202 114 39
2 9 5 1 100 0.75 9 1558 209 122 78 96 202 114 40
2 9 5 1 100 0.75 9 1559 213 121 75 96 205 117 40
2 9 5 1 100 0.75 9 1560 215 120 68 98 208 120 38
2 9 5 1 100 0.75 9 1561 217 120 66 98 210 122 38
2 9 5 1 100 0.75 9 1562 219 119 67 97 213 125 36
2 9 5 1 100 0.75 9 1563 220 118 65 96 216 128 34
2 9 5 1 100 0.75 9 1564 223 118 72 95 218 130 35
2 9 5 1 100 0.75 9 1565 226 117 69 95 221 133 33
2 9 5 1 100 0.75 9 1566 227 117 72 96 223 135 34
2 9 5 1 100 0.75 9 1567 228 119 75 97 223 135 38
2 9 5 1 100 0.75 9 1568 230 120 73 97 224 136 37
2 9 5 1 100 0.75 9 1569 232 118 72 95 228 140 34
2 9 5 1 100 0.75 9 1570 235 119 72 97 228 141 35
2 9 5 1 100 0.75 9 1571 239 118 65 97 231 144 36
2 9 5 1 100 0.75 9 1572 242 118 68 99 233 146 36
2 9 5 1 100 0.75 9 1573 243 117 65 99 236 149 33
2 9 5 1 100 0.75 9 1574 244 117 65 99 238 151 33
2 9 5 1 100 0.75 9 1575 249 118 57 99 239 152 32
2 9 5 1 100 0.75 9 1576 249 117 59 101 241 155 31
2 9 5 1 100 0.75 9 1577 253 117 60 99 243 157 31
2 9 5 1 100 0.75 9 1578 253 118 70 102 244 158 33
2 9 5 1 100 0.75 9 1579 255 118 63 100 246 160 33
2 9 5 1 100 0.75 9 1580 257 119 67 102 247 161 34
2 9 5 1 100 0.75 9 1581 261 120 65 103 248 162 35
2 9 5 1 100 0.75 9 1582 262 120 70 105 250 164 35
2 9 5 1 100 0.75 9 1583 263 118 65 102 254 168 34
2 9 5 1 100 0.75 9 1584 265 117 63 101 257 171 32
2 9 5 1 100 0.75 9 1585 268 117 65 101 259 173 33
2 9 5 1 100 0.75 9 1586 268 119 63 104 259 173 33
2 9 5 1 100 0.75 9 1587 269 119 66 102 259 175 35
2 9 5 1 100 0.75 9 1588 272 117 60 99 262 179 33
2 9 5 1 100 0.75 9 1589 272 117 67 101 264 181 33
2 9 5 1 100 0.75 9 1590 274 117 65 100 266 183 33
2 9 5 1 100 0.75 9 1590 274 117 117 100 299 183 33
2 9 5 1 100 0.75 9 1620 274 117 117 100 88 183 33
2 9 5 1 100 0.75 10 1621 0 2 2 0 88 0 0
2 9 5 1 100 0.75 10 1622 0 4 4 0 88 0 0
2 9 5 1 100 0.75 10 1623 0 6 6 0 88 0 0
2 9 5 1 100 0.75 10 1624 0 8 8 0 88 0 0
2 9 5 1 100 0.75 10 1625 0 10 10 0 88 0 0
2 9 5 1 100 0.75 10 1626 0 12 12 0 88 0 0
2 9 5 1 100 0.75 10 1627 0 14 14 0 88 0 0
2 9 5 1 100 0.75 10 1628 0 16 16 0 88 0 0
2 9 5 1 100 0.75 10 1629 0 18 18 0 88 0 0
2 9 5 1 100 0.75 10 1630 0 20 20 0 88 0 0
2 9 5 1 100 0.75 10 1631 1 22 21 0 88 0 0
2 9 5 1 100 0.75 10 1632 1 24 22 1 88 0 0
2 9 5 1 100 0.75 10 1633 2 26 23 1 88 0 0
2 9 5 1 100 0.75 10 1634 2 28 24 2 88 0 0
2 9 5 1 100 0.75 10 1635 4 30 25 2 88 0 0
2 9 5 1 100 0.75 10 1636 5 32 25 4 88 0 0
2 9 5 1 100 0.75 10 1637 7 34 25 5 87 0 0
2 9 5 1 100 0.75 10 1638 8 36 28 7 87 0 1
2 9 5 1 100 0.75 10 1639 13 38 24 8 87 0 1
2 9 5 1 100 0.75 10 1640 15 40 24 13 87 0 1
2 9 5 1 100 0.75 10 1641 16 42 28 15 87 0 2
2 9 5 1 100 0.75 10 1642 17 44 29 16 87 0 2
2 9 5 1 100 0.75 10 1643 18 46 32 17 87 0 4
2 9 5 1 100 0.75 10 1644 18 48 34 18 87 0 4
2 9 5 1 100 0.75 10 1645 20 50 36 18 87 0 5
2 9 5 1 100 0.75 10 1646 20 52 43 20 87 0 7
2 9 5 1 100 0.75 10 1647 21 54 43 20 87 0 9
2 9 5 1 100 0.75 10 1648 21 56 46 21 86 0 9
2 9 5 1 100 0.75 10 1649 21 58 46 21 86 0 10
2 9 5 1 100 0.75 10 1650 21 60 48 21 86 0 11
2 9 5 1 100 0.75 10 1651 21 62 52 21 86 0 11
2 9 5 1 100 0.75 10 1652 24 64 51 21 86 0 12
2 9 5 1 100 0.75 10 1653 25 66 53 24 86 0 13
2 9 5 1 100 0.75 10 1654 25 68 58 25 86 0 13
2 9 5 1 100 0.75 10 1655 27 70 58 25 86 0 13
2 9 5 1 100 0.75 10 1656 29 72 60 27 86 0 13
2 9 5 1 100 0.75 10 1657 30 73 57 28 87 1 12
2 9 5 1 100 0.75 10 1658 33 74 57 28 88 2 11
2 9 5 1 100 0.75 10 1659 36 75 56 30 89 3 10
2 9 5 1 100 0.75 10 1660 37 76 59 32 90 4 11
2 9 5 1 100 0.75 10 1661 39 77 53 32 91 5 10
2 9 5 1 100 0.75 10 1662 40 79 59 34 91 5 11
2 9 5 1 100 0.75 10 1663 40 80 58 34 92 6 11
2 9 5 1 100 0.75 10 1664 41 81 63 33 93 7 12
2 9 5 1 100 0.75 10 1665 44 83 60 34 93 7 12
2 9 5 1 100 0.75 10 1666 46 83 62 35 95 9 13
2 9 5 1 100 0.75 10 1667 48 84 65 36 96 10 13
2 9 5 1 100 0.75 10 1668 50 84 63 36 98 12 12
2 9 5 1 100 0.75 10 1669 53 86 67 38 98 12 14
2 9 5 1 100 0.75 10 1670 55 87 67 40 99 13 13
2 9 5 1 100 0.75 10 1671 55 89 67 42 99 13 13
2 9 5 1 100 0.75 10 1672 55 91 68 42 99 13 14
2 9 5 1 100 0.75 10 1673 58 93 71 42 99 13 19
2 9 5 1 100 0.75 10 1674 58 95 76 45 99 13 20
2 9 5 1 100 0.75 10 1675 60 97 75 45 99 13 22
2 9 5 1 100 0.75 10 1676 60 99 83 47 99 13 25
2 9 5 1 100 0.75 10 1677 62 100 81 46 100 14 25
2 9 5 1 100 0.75 10 1678 65 100 81 46 102 16 23
2 9 5 1 100 0.75 10 1679 66 102 80 49 102 16 23
2 9 5 1 100 0.75 10 1680 68 104 79 50 102 16 23
2 9 5 1 100 0.75 10 1681 72 105 80 51 103 17 23
2 9 5 1 100 0.75 10 1682 76 107 78 55 103 17 23
2 9 5 1 100 0.75 10 1683 78 105 76 55 107 21 19
2 9 5 1 100 0.75 10 1684 79 106 73 56 108 22 19
2 9 5 1 100 0.75 10 1685 83 107 75 56 109 23 19
2 9 5 1 100 0.75 10 1686 85 109 75 60 109 23 22
2 9 5 1 100 0.75 10 1687 88 111 76 62 109 23 22
2 9 5 1 100 0.75 10 1688 92 110 73 62 112 26 24
2 9 5 1 100 0.75 10 1689 95 109 71 63 115 29 21
2 9 5 1 100 0.75 10 1690 98 109 73 64 117 31 23
2 9 5 1 100 0.75 10 1691 104 109 66 65 119 33 23
2 9 5 1 100 0.75 10 1692 104 108 65 68 122 36 22
2 9 5 1 100 0.75 10 1693 107 109 70 67 123 37 22
2 9 5 1 100 0.75 10 1694 108 110 73 69 124 38 25
2 9 5 1 100 0.75 10 1695 110 112 73 70 124 38 28
2 9 5 1 100 0.75 10 1696 114 113 73 71 125 39 32
2 9 5 1 100 0.75 10 1697 118 115 70 75 125 39 33
2 9 5 1 100 0.75 10 1698 121 117 78 79 125 39 38
2 9 5 1 100 0.75 10 1699 126 118 72 81 126 40 39
2 9 5 1 100 0.75 10 1700 126 119 76 85 127 41 38
2 9 5 1 100 0.75 10 1701 129 120 75 84 127 42 40
2 9 5 1 100 0.75 10 1702 132 122 77 87 127 42 42
2 9 5 1 100 0.75 10 1703 135 123 82 89 128 43 43
2 9 5 1 100 0.75 10 1704 139 122 79 89 131 46 44
2 9 5 1 100 0.75 10 1705 140 122 79 91 133 48 44
2 9 5 1 100 0.75 10 1706 141 121 82 89 136 51 43
2 9 5 1 100 0.75 10 1707 142 121 81 88 138 53 44
2 9 5 1 100 0.75 10 1708 144 119 73 86 142 57 40
2 9 5 1 100 0.75 10 1709 146 121 78 90 142 57 42
2 9 5 1 100 0.75 10 1710 148 118 74 87 147 62 41
2 9 5 1 100 0.75 10 1711 152 118 73 87 149 64 41
2 9 5 1 100 0.75 10 1712 156 118 75 89 150 66 42
2 9 5 1 100 0.75 10 1713 157 117 74 90 153 69 39
2 9 5 1 100 0.75 10 1714 158 117 77 89 155 71 38
2 9 5 1 100 0.75 10 1715 159 118 79 89 156 72 38
2 9 5 1 100 0.75 10 1716 163 116 71 86 159 76 37
2 9 5 1 100 0.75 10 1717 166 116 71 88 161 78 36
2 9 5 1 100 0.75 10 1718 171 114 65 87 165 82 36
2 9 5 1 100 0.75 10 1719 174 115 75 91 166 83 38
2 9 5 1 100 0.75 10 1720 176 113 66 90 170 87 36
2 9 5 1 100 0.75 10 1721 179 113 63 90 172 89 34
2 9 5 1 100 0.75 10 1722 181 114 68 92 173 90 33
2 9 5 1 100 0.75 10 1723 183 111 64 89 178 95 30
2 9 5 1 100 0.75 10 1724 185 111 65 89 180 97 30
2 9 5 1 100 0.75 10 1725 185 113 72 91 180 97 32
2 9 5 1 100 0.75 10 1726 186 112 69 89 183 100 32
2 9 5 1 100 0.75 10 1727 187 114 71 91 183 100 32
2 9 5 1 100 0.75 10 1728 189 114 68 90 185 102 33
2 9 5 1 100 0.75 10 1729 190 113 66 89 188 105 33
2 9 5 1 100 0.75 10 1730 192 112 70 87 191 108 31
2 9 5 1 100 0.75 10 1731 192 113 71 88 192 109 34
2 9 5 1 100 0.75 10 1732 195 113 71 87 193 111 32
2 9 5 1 100 0.75 10 1733 199 113 64 88 195 113 31
2 9 5 1 100 0.75 10 1734 200 112 63 89 198 116 29
2 9 5 1 100 0.75 10 1735 202 114 66 91 198 116 30
2 9 5 1 100 0.75 10 1736 202 114 65 91 199 118 28
2 9 5 1 100 0.75 10 1737 206 114 63 89 201 120 27
2 9 5 1 100 0.75 10 1738 208 114 59 92 202 122 25
2 9 5 1 100 0.75 10 1739 211 115 64 93 203 123 26
2 9 5 1 100 0.75 10 1740 212 116 61 95 204 124 28
2 9 5 1 100 0.75 10 1741 214 116 66 94 206 126 28
2 9 5 1 100 0.75 10 1742 216 115 64 93 209 129 27
2 9 5 1 100 0.75 10 1743 221 115 63 93 211 131 25
2 9 5 1 100 0.75 10 1744 223 117 70 98 211 131 28
2 9 5 1 100 0.75 10 1745 223 118 66 99 212 132 29
2 9 5 1 100 0.75 10 1746 226 118 71 97 214 134 28
2 9 5 1 100 0.75 10 1747 228 117 64 97 217 137 25
2 9 5 1 100 0.75 10 1748 232 118 62 98 218 138 25
2 9 5 1 100 0.75 10 1749 234 119 64 101 219 139 26
2 9 5 1 100 0.75 10 1750 235 119 62 101 221 141 26
2 9 5 1 100 0.75 10 1751 236 117 66 98 225 145 25
2 9 5 1 100 0.75 10 1752 237 119 64 100 225 145 25
2 9 5 1 100 0.75 10 1753 238 120 60 101 226 146 25
2 9 5 1 100 0.75 10 1754 240 122 68 102 226 146 28
2 9 5 1 100 0.75 10 1755 242 122 62 104 228 148 28
2 9 5 1 100 0.75 10 1756 243 121 65 103 231 151 27
2 9 5 1 100 0.75 10 1757 247 119 58 100 235 155 25
2 9 5 1 100 0.75 10 1758 248 121 61 104 235 155 26
2 9 5 1 100 0.75 10 1759 250 121 58 103 237 157 26
2 9 5 1 100 0.75 10 1760 251 123 58 106 237 157 28
2 9 5 1 100 0.75 10 1761 252 124 59 106 238 158 28
2 9 5 1 100 0.75 10 1762 252 124 62 105 240 160 28
2 9 5 1 100 0.75 10 1763 254 125 63 105 241 161 28
2 9 5 1 100 0.75 10 1764 256 125 66 105 243 163 27
2 9 5 1 100 0.75 10 1765 259 127 62 108 243 163 28
2 9 5 1 100 0.75 10 1766 262 129 63 113 243 163 30
2 9 5 1 100 0.75 10 1767 263 128 70 113 245 166 29
2 9 5 1 100 0.75 10 1768 264 128 61 112 247 168 28
2 9 5 1 100 0.75 10 1769 265 129 70 113 248 169 28
2 9 5 1 100 0.75 10 1770 266 129 62 113 250 171 28
2 9 5 1 100 0.75 10 1770 266 129 129 113 277 171 28
2 9 5 1 100 0.75 10 1800 266 129 129 113 88 171 28
