9 9 5 1 100 0.75 1 1 0 9 9 0 100 0 0
9 9 5 1 100 0.75 1 2 0 18 18 0 100 0 0
9 9 5 1 100 0.75 1 3 0 27 27 0 100 0 0
9 9 5 1 100 0.75 1 4 0 36 36 0 100 0 0
9 9 5 1 100 0.75 1 5 0 45 45 0 100 0 0
9 9 5 1 100 0.75 1 6 0 54 54 0 100 0 0
9 9 5 1 100 0.75 1 7 0 63 63 0 100 0 0
9 9 5 1 100 0.75 1 8 1 72 70 0 100 0 0
9 9 5 1 100 0.75 1 9 2 81 77 1 100 0 0
9 9 5 1 100 0.75 1 10 5 90 84 2 100 0 0
9 9 5 1 100 0.75 1 11 7 99 90 5 100 0 0
9 9 5 1 100 0.75 1 12 11 108 94 7 100 0 0
9 9 5 1 100 0.75 1 13 14 117 103 11 100 0 0
9 9 5 1 100 0.75 1 14 16 126 107 14 99 0 0
9 9 5 1 100 0.75 1 15 17 135 115 16 99 0 1
9 9 5 1 100 0.75 1 16 23 144 120 17 99 0 1
9 9 5 1 100 0.75 1 17 25 153 127 23 99 0 2
9 9 5 1 100 0.75 1 18 30 162 137 25 99 0 5
9 9 5 1 100 0.75 1 19 32 171 147 30 99 0 7
9 9 5 1 100 0.75 1 20 33 180 158 32 99 0 9
9 9 5 1 100 0.75 1 21 38 189 161 33 99 0 9
9 9 5 1 100 0.75 1 22 42 198 170 38 99 0 11
9 9 5 1 100 0.75 1 23 44 207 177 42 99 0 14
9 9 5 1 100 0.75 1 24 48 216 185 44 99 0 16
9 9 5 1 100 0.75 1 25 51 225 191 48 99 0 18
9 9 5 1 100 0.75 1 26 56 234 200 51 99 0 22
9 9 5 1 100 0.75 1 27 60 243 204 56 99 0 23
9 9 5 1 100 0.75 1 28 66 252 217 60 99 0 26
9 9 5 1 100 0.75 1 29 74 261 218 66 99 0 29
9 9 5 1 100 0.75 1 30 81 270 229 74 99 0 31
9 9 5 1 100 0.75 1 31 87 279 229 81 99 0 32
9 9 5 1 100 0.75 1 32 90 287 240 86 100 1 34
9 9 5 1 100 0.75 1 33 97 295 248 88 101 2 35
9 9 5 1 100 0.75 1 34 101 304 253 95 101 2 36
9 9 5 1 100 0.75 1 35 103 311 263 97 103 4 38
9 9 5 1 100 0.75 1 36 109 318 269 97 104 6 40
9 9 5 1 100 0.75 1 37 117 326 278 102 105 7 47
9 9 5 1 100 0.75 1 38 118 334 292 109 106 8 52
9 9 5 1 100 0.75 1 39 125 341 295 108 108 10 53
9 9 5 1 100 0.75 1 40 131 346 298 111 112 14 56
9 9 5 1 100 0.75 1 41 136 355 305 117 112 14 57
9 9 5 1 100 0.75 1 42 141 361 310 119 115 17 58
9 9 5 1 100 0.75 1 43 151 367 310 121 118 20 56
9 9 5 1 100 0.75 1 44 154 374 322 129 120 22 58
9 9 5 1 100 0.75 1 45 160 380 320 129 123 25 58
9 9 5 1 100 0.75 1 46 168 386 326 132 126 28 59
9 9 5 1 100 0.75 1 47 175 394 334 139 127 29 61
9 9 5 1 100 0.75 1 48 182 400 333 143 130 32 62
9 9 5 1 100 0.75 1 49 188 407 340 148 132 34 62
9 9 5 1 100 0.75 1 50 198 414 340 152 134 36 67
9 9 5 1 100 0.75 1 51 208 421 348 160 135 38 69
9 9 5 1 100 0.75 1 52 212 426 352 166 139 42 68
9 9 5 1 100 0.75 1 53 222 430 349 166 144 47 67
9 9 5 1 100 0.75 1 54 230 437 356 174 146 49 73
9 9 5 1 100 0.75 1 55 238 444 358 180 148 51 77
9 9 5 1 100 0.75 1 56 247 446 359 182 155 58 75
9 9 5 1 100 0.75 1 57 264 449 352 186 161 64 76
9 9 5 1 100 0.75 1 58 273 453 357 199 166 69 76
9 9 5 1 100 0.75 1 59 279 457 351 203 171 74 75
9 9 5 1 100 0.75 1 60 287 463 359 209 174 77 78
9 9 5 1 100 0.75 1 61 296 468 357 213 178 81 83
9 9 5 1 100 0.75 1 62 303 473 362 219 182 85 84
9 9 5 1 100 0.75 1 63 312 480 362 225 184 87 89
9 9 5 1 100 0.75 1 64 322 488 374 233 185 88 96
9 9 5 1 100 0.75 1 65 336 493 377 240 189 92 104
9 9 5 1 100 0.75 1 66 345 501 387 254 190 93 115
9 9 5 1 100 0.75 1 67 351 505 385 259 195 98 112
9 9 5 1 100 0.75 1 68 359 511 391 264 198 101 112
9 9 5 1 100 0.75 1 69 368 512 382 264 206 109 115
9 9 5 1 100 0.75 1 70 382 518 392 271 209 112 121
9 9 5 1 100 0.75 1 71 389 522 390 282 214 117 122
9 9 5 1 100 0.75 1 72 399 526 396 286 219 122 127
9 9 5 1 100 0.75 1 73 413 529 391 290 225 128 131
9 9 5 1 100 0.75 1 74 423 532 386 299 231 134 134
9 9 5 1 100 0.75 1 75 436 539 388 310 233 136 140
9 9 5 1 100 0.75 1 76 448 536 388 311 245 148 133
9 9 5 1 100 0.75 1 77 464 540 377 321 250 153 140
9 9 5 1 100 0.75 1 78 469 541 383 330 258 161 137
9 9 5 1 100 0.75 1 79 480 546 383 332 262 165 141
9 9 5 1 100 0.75 1 80 496 545 385 334 272 175 140
9 9 5 1 100 0.75 1 81 506 545 366 342 281 184 141
9 9 5 1 100 0.75 1 82 518 548 379 351 287 190 146
9 9 5 1 100 0.75 1 83 529 549 371 356 295 198 147
9 9 5 1 100 0.75 1 84 547 550 368 363 303 206 148
9 9 5 1 100 0.75 1 85 561 552 363 375 310 213 151
9 9 5 1 100 0.75 1 86 572 552 360 381 319 222 148
9 9 5 1 100 0.75 1 87 583 557 366 389 323 226 158
9 9 5 1 100 0.75 1 88 595 556 356 394 333 236 155
9 9 5 1 100 0.75 1 89 602 555 347 399 343 246 156
9 9 5 1 100 0.75 1 90 610 556 355 403 351 254 158
9 9 5 1 100 0.75 1 91 626 555 338 402 361 264 158
9 9 5 1 100 0.75 1 92 639 556 341 413 369 272 163
9 9 5 1 100 0.75 1 93 651 555 340 420 379 282 164
9 9 5 1 100 0.75 1 94 663 559 336 428 384 287 168
9 9 5 1 100 0.75 1 95 671 561 342 440 391 294 172
9 9 5 1 100 0.75 1 96 677 562 344 441 399 302 175
9 9 5 1 100 0.75 1 97 688 558 316 438 412 315 167
9 9 5 1 100 0.75 1 98 700 563 330 449 416 319 179
9 9 5 1 100 0.75 1 99 716 566 327 456 422 325 188
9 9 5 1 100 0.75 1 100 726 564 312 462 433 336 182
9 9 5 1 100 0.75 1 101 736 561 319 462 445 348 186
9 9 5 1 100 0.75 1 102 742 564 320 470 451 354 190
9 9 5 1 100 0.75 1 103 751 562 306 468 461 365 189
9 9 5 1 100 0.75 1 104 756 559 309 469 473 377 182
9 9 5 1 100 0.75 1 105 769 553 286 464 488 392 180
9 9 5 1 100 0.75 1 106 776 558 292 477 492 396 189
9 9 5 1 100 0.75 1 107 784 557 285 478 502 406 189
9 9 5 1 100 0.75 1 108 789 554 294 481 514 418 191
9 9 5 1 100 0.75 1 109 793 551 293 479 526 430 185
9 9 5 1 100 0.75 1 110 801 547 285 474 539 443 176
9 9 5 1 100 0.75 1 111 802 545 274 475 550 454 172
9 9 5 1 100 0.75 1 112 809 547 282 473 557 461 173
9 9 5 1 100 0.75 1 113 814 546 260 473 567 471 174
9 9 5 1 100 0.75 1 114 816 538 264 466 584 488 169
9 9 5 1 100 0.75 1 115 820 541 254 468 590 494 173
9 9 5 1 100 0.75 1 116 822 540 248 472 600 504 170
9 9 5 1 100 0.75 1 117 824 536 234 467 613 517 165
9 9 5 1 100 0.75 1 118 828 537 244 466 621 525 164
9 9 5 1 100 0.75 1 119 831 536 247 465 631 535 157
9 9 5 1 100 0.75 1 120 831 533 217 464 643 547 153
9 9 5 1 100 0.75 1 121 833 535 221 467 649 554 152
9 9 5 1 100 0.75 1 122 834 535 231 466 658 563 151
9 9 5 1 100 0.75 1 123 837 527 217 456 674 580 140
9 9 5 1 100 0.75 1 124 838 529 233 458 679 587 142
9 9 5 1 100 0.75 1 125 844 524 221 452 693 601 133
9 9 5 1 100 0.75 1 126 847 528 228 459 697 606 132
9 9 5 1 100 0.75 1 127 851 527 229 455 707 616 132
9 9 5 1 100 0.75 1 128 852 527 214 457 716 625 127
9 9 5 1 100 0.75 1 129 856 525 226 452 726 636 127
9 9 5 1 100 0.75 1 130 857 528 226 457 732 642 128
9 9 5 1 100 0.75 1 131 859 526 206 454 743 653 118
9 9 5 1 100 0.75 1 132 864 529 219 459 749 659 121
9 9 5 1 100 0.75 1 133 864 530 199 462 756 667 116
9 9 5 1 100 0.75 1 134 865 528 209 456 767 678 113
9 9 5 1 100 0.75 1 135 866 530 199 463 774 685 113
9 9 5 1 100 0.75 1 136 868 533 198 463 780 691 112
9 9 5 1 100 0.75 1 137 875 536 204 463 786 697 111
9 9 5 1 100 0.75 1 138 878 538 203 470 793 704 111
9 9 5 1 100 0.75 1 139 881 540 208 472 800 711 111
9 9 5 1 100 0.75 1 140 883 542 208 473 807 718 110
9 9 5 1 100 0.75 1 141 883 548 206 478 810 721 113
9 9 5 1 100 0.75 1 142 884 545 207 476 822 733 107
9 9 5 1 100 0.75 1 143 886 551 220 483 825 736 109
9 9 5 1 100 0.75 1 144 886 553 199 486 830 743 109
9 9 5 1 100 0.75 1 145 888 557 202 489 834 748 114
9 9 5 1 100 0.75 1 146 889 556 179 490 843 758 108
9 9 5 1 100 0.75 1 147 890 555 192 489 853 768 104
9 9 5 1 100 0.75 1 148 893 557 202 488 860 775 104
9 9 5 1 100 0.75 1 149 895 561 188 494 865 780 106
9 9 5 1 100 0.75 1 150 897 566 200 499 869 784 107
9 9 5 1 100 0.75 1 150 897 566 566 499 971 784 107
9 9 5 1 100 0.75 1 180 897 566 566 499 97 784 107
9 9 5 1 100 0.75 2 181 0 9 9 0 97 0 0
9 9 5 1 100 0.75 2 182 0 18 18 0 97 0 0
9 9 5 1 100 0.75 2 183 0 27 27 0 97 0 0
9 9 5 1 100 0.75 2 184 0 36 36 0 97 0 0
9 9 5 1 100 0.75 2 185 0 45 44 0 97 0 0
9 9 5 1 100 0.75 2 186 0 54 54 0 97 0 0
9 9 5 1 100 0.75 2 187 1 63 61 0 97 0 0
9 9 5 1 100 0.75 2 188 1 72 71 1 97 0 0
9 9 5 1 100 0.75 2 189 2 81 78 1 97 0 0
9 9 5 1 100 0.75 2 190 4 90 85 2 97 0 0
9 9 5 1 100 0.75 2 191 5 99 93 4 97 0 0
9 9 5 1 100 0.75 2 192 7 108 99 5 97 0 0
9 9 5 1 100 0.75 2 193 8 117 108 7 97 0 0
9 9 5 1 100 0.75 2 194 11 126 116 8 97 0 1
9 9 5 1 100 0.75 2 195 11 135 124 11 97 0 1
9 9 5 1 100 0.75 2 196 12 144 132 11 97 0 1
9 9 5 1 100 0.75 2 197 17 153 132 12 97 0 1
9 9 5 1 100 0.75 2 198 17 162 145 17 97 0 2
9 9 5 1 100 0.75 2 199 21 171 151 17 97 0 4
9 9 5 1 100 0.75 2 200 23 180 154 21 97 0 5
9 9 5 1 100 0.75 2 201 30 189 165 23 97 0 9
9 9 5 1 100 0.75 2 202 37 198 166 30 97 0 9
9 9 5 1 100 0.75 2 203 39 207 171 37 97 0 9
9 9 5 1 100 0.75 2 204 43 216 182 39 97 0 11
9 9 5 1 100 0.75 2 205 46 225 187 43 97 0 12
9 9 5 1 100 0.75 2 206 51 234 194 46 97 0 12
9 9 5 1 100 0.75 2 207 56 243 205 51 97 0 17
9 9 5 1 100 0.75 2 208 64 252 210 56 97 0 21
9 9 5 1 100 0.75 2 209 73 260 217 63 98 1 26
9 9 5 1 100 0.75 2 210 75 269 222 72 98 1 28
9 9 5 1 100 0.75 2 211 82 278 230 74 98 1 30
9 9 5 1 100 0.75 2 212 85 287 237 81 98 1 32
9 9 5 1 100 0.75 2 213 90 296 248 84 98 1 35
9 9 5 1 100 0.75 2 214 94 304 250 88 99 2 37
9 9 5 1 100 0.75 2 215 98 312 263 91 100 3 39
9 9 5 1 100 0.75 2 216 112 320 268 94 101 4 46
9 9 5 1 100 0.75 2 217 119 328 275 107 102 5 48
9 9 5 1 100 0.75 2 218 122 337 284 114 102 5 51
9 9 5 1 100 0.75 2 219 124 345 295 116 103 6 54
9 9 5 1 100 0.75 2 220 128 354 301 118 103 6 56
9 9 5 1 100 0.75 2 221 133 360 306 119 106 9 56
9 9 5 1 100 0.75 2 222 135 366 313 121 109 12 55
9 9 5 1 100 0.75 2 223 146 374 324 122 110 13 64
9 9 5 1 100 0.75 2 224 158 379 320 129 114 17 66
9 9 5 1 100 0.75 2 225 161 385 325 138 117 20 67
9 9 5 1 100 0.75 2 226 166 392 330 140 119 22 67
9 9 5 1 100 0.75 2 227 170 396 330 140 124 27 64
9 9 5 1 100 0.75 2 228 175 403 340 142 126 29 65
9 9 5 1 100 0.75 2 229 183 410 341 145 128 31 66
9 9 5 1 100 0.75 2 230 196 417 345 151 130 33 72
9 9 5 1 100 0.75 2 231 204 424 354 162 132 35 79
9 9 5 1 100 0.75 2 232 213 427 344 164 138 41 77
9 9 5 1 100 0.75 2 233 220 434 357 171 140 43 80
9 9 5 1 100 0.75 2 234 227 433 347 169 150 53 74
9 9 5 1 100 0.75 2 235 236 441 355 175 151 54 78
9 9 5 1 100 0.75 2 236 240 447 358 181 154 57 77
9 9 5 1 100 0.75 2 237 247 454 365 184 156 59 84
9 9 5 1 100 0.75 2 238 254 459 365 187 160 63 88
9 9 5 1 100 0.75 2 239 266 460 374 186 168 71 85
9 9 5 1 100 0.75 2 240 276 464 367 193 173 76 89
9 9 5 1 100 0.75 2 241 281 468 363 199 178 81 85
9 9 5 1 100 0.75 2 242 293 472 364 201 183 86 87
9 9 5 1 100 0.75 2 243 301 478 371 211 186 89 89
9 9 5 1 100 0.75 2 244 310 482 376 214 191 94 89
9 9 5 1 100 0.75 2 245 317 489 372 221 192 96 92
9 9 5 1 100 0.75 2 246 326 496 378 229 194 98 96
9 9 5 1 100 0.75 2 247 337 497 376 230 202 106 99
9 9 5 1 100 0.75 2 248 352 503 382 240 205 109 103
9 9 5 1 100 0.75 2 249 357 507 383 250 210 114 104
9 9 5 1 100 0.75 2 250 366 508 376 248 218 122 105
9 9 5 1 100 0.75 2 251 373 514 374 255 221 125 107
9 9 5 1 100 0.75 2 252 384 516 380 258 228 132 107
9 9 5 1 100 0.75 2 253 398 522 378 268 231 135 115
9 9 5 1 100 0.75 2 254 408 525 378 278 237 141 116
9 9 5 1 100 0.75 2 255 428 529 373 285 242 146 117
9 9 5 1 100 0.75 2 256 432 534 387 304 246 150 121
9 9 5 1 100 0.75 2 257 443 534 371 301 255 159 116
9 9 5 1 100 0.75 2 258 451 541 377 312 257 161 121
9 9 5 1 100 0.75 2 259 467 545 381 317 262 166 125
9 9 5 1 100 0.75 2 260 481 549 376 330 266 171 131
9 9 5 1 100 0.75 2 261 493 552 385 339 272 177 133
9 9 5 1 100 0.75 2 262 510 552 377 343 280 186 138
9 9 5 1 100 0.75 2 263 523 552 375 354 289 195 142
9 9 5 1 100 0.75 2 264 533 552 369 361 298 204 140
9 9 5 1 100 0.75 2 265 541 554 375 367 305 211 140
9 9 5 1 100 0.75 2 266 551 555 363 369 313 219 141
9 9 5 1 100 0.75 2 267 563 555 366 371 322 228 145
9 9 5 1 100 0.75 2 268 573 557 354 380 329 235 145
9 9 5 1 100 0.75 2 269 585 563 366 390 332 238 150
9 9 5 1 100 0.75 2 270 601 567 374 398 336 243 163
9 9 5 1 100 0.75 2 271 610 568 374 408 344 251 167
9 9 5 1 100 0.75 2 272 626 568 353 411 353 260 167
9 9 5 1 100 0.75 2 273 631 576 370 427 354 261 175
9 9 5 1 100 0.75 2 274 643 576 361 426 363 270 178
9 9 5 1 100 0.75 2 275 651 578 367 436 370 277 177
9 9 5 1 100 0.75 2 276 666 578 354 439 379 286 179
9 9 5 1 100 0.75 2 277 679 573 349 441 393 300 178
9 9 5 1 100 0.75 2 278 690 573 344 448 402 309 180
9 9 5 1 100 0.75 2 279 699 574 350 458 409 317 182
9 9 5 1 100 0.75 2 280 709 576 336 464 416 324 185
9 9 5 1 100 0.75 2 281 720 576 332 469 424 333 185
9 9 5 1 100 0.75 2 282 733 571 330 467 438 347 186
9 9 5 1 100 0.75 2 283 745 566 321 466 452 361 180
9 9 5 1 100 0.75 2 284 755 569 312 474 458 367 185
9 9 5 1 100 0.75 2 285 765 571 309 481 465 374 193
9 9 5 1 100 0.75 2 286 770 571 316 487 473 383 193
9 9 5 1 100 0.75 2 287 776 565 314 482 488 398 186
9 9 5 1 100 0.75 2 288 785 565 303 481 497 407 194
9 9 5 1 100 0.75 2 289 789 562 299 482 509 419 192
9 9 5 1 100 0.75 2 290 796 557 289 480 523 433 186
9 9 5 1 100 0.75 2 291 801 556 274 480 533 443 186
9 9 5 1 100 0.75 2 292 808 553 290 475 545 455 184
9 9 5 1 100 0.75 2 293 813 551 287 476 556 466 180
9 9 5 1 100 0.75 2 294 815 553 276 481 561 473 178
9 9 5 1 100 0.75 2 295 819 552 284 476 570 483 177
9 9 5 1 100 0.75 2 296 824 551 264 475 580 493 177
9 9 5 1 100 0.75 2 297 830 552 287 480 587 501 180
9 9 5 1 100 0.75 2 298 835 552 267 481 595 510 174
9 9 5 1 100 0.75 2 299 838 547 257 479 609 524 165
9 9 5 1 100 0.75 2 300 841 543 245 474 622 537 162
9 9 5 1 100 0.75 2 301 843 540 243 473 634 549 157
9 9 5 1 100 0.75 2 302 848 534 237 464 649 564 149
9 9 5 1 100 0.75 2 303 848 534 247 468 658 573 143
9 9 5 1 100 0.75 2 304 849 532 235 464 668 584 140
9 9 5 1 100 0.75 2 305 853 533 244 463 675 592 142
9 9 5 1 100 0.75 2 306 856 531 226 460 686 603 139
9 9 5 1 100 0.75 2 307 858 532 222 462 693 611 137
9 9 5 1 100 0.75 2 308 862 533 218 462 701 619 133
9 9 5 1 100 0.75 2 309 864 536 224 469 706 625 132
9 9 5 1 100 0.75 2 310 868 534 218 463 717 636 129
9 9 5 1 100 0.75 2 311 872 531 222 460 729 648 124
9 9 5 1 100 0.75 2 312 879 531 213 462 738 657 118
9 9 5 1 100 0.75 2 313 883 531 214 463 747 666 117
9 9 5 1 100 0.75 2 314 887 532 200 462 755 674 119
9 9 5 1 100 0.75 2 315 889 535 221 471 761 680 124
9 9 5 1 100 0.75 2 316 890 539 208 471 766 685 125
9 9 5 1 100 0.75 2 317 892 536 204 466 778 697 117
9 9 5 1 100 0.75 2 318 894 539 201 470 784 703 114
9 9 5 1 100 0.75 2 319 894 541 219 473 791 710 117
9 9 5 1 100 0.75 2 320 896 543 205 474 798 717 116
9 9 5 1 100 0.75 2 321 899 548 211 479 802 721 117
9 9 5 1 100 0.75 2 322 899 548 211 479 811 730 113
9 9 5 1 100 0.75 2 323 902 554 212 487 814 733 113
9 9 5 1 100 0.75 2 324 904 559 218 488 818 737 116
9 9 5 1 100 0.75 2 325 907 556 187 486 830 749 109
9 9 5 1 100 0.75 2 326 908 558 200 491 837 756 109
9 9 5 1 100 0.75 2 327 911 562 199 496 842 761 110
9 9 5 1 100 0.75 2 328 911 560 201 494 853 772 107
9 9 5 1 100 0.75 2 329 911 563 199 495 858 778 109
9 9 5 1 100 0.75 2 330 914 564 195 492 866 786 107
9 9 5 1 100 0.75 2 330 914 564 564 492 972 786 107
9 9 5 1 100 0.75 2 360 914 564 564 492 98 786 107
9 9 5 1 100 0.75 3 361 0 9 9 0 98 0 0
9 9 5 1 100 0.75 3 362 0 18 18 0 98 0 0
9 9 5 1 100 0.75 3 363 0 27 27 0 98 0 0
9 9 5 1 100 0.75 3 364 0 36 36 0 98 0 0
9 9 5 1 100 0.75 3 365 0 45 45 0 98 0 0
9 9 5 1 100 0.75 3 366 0 54 53 0 98 0 0
9 9 5 1 100 0.75 3 367 0 63 63 0 98 0 0
9 9 5 1 100 0.75 3 368 0 72 71 0 98 0 0
9 9 5 1 100 0.75 3 369 1 81 79 0 98 0 0
9 9 5 1 100 0.75 3 370 2 90 86 1 98 0 0
9 9 5 1 100 0.75 3 371 7 99 92 2 98 0 0
9 9 5 1 100 0.75 3 372 11 108 96 7 98 0 0
9 9 5 1 100 0.75 3 373 14 117 103 11 98 0 0
9 9 5 1 100 0.75 3 374 17 126 107 14 98 0 0
9 9 5 1 100 0.75 3 375 19 135 114 17 98 0 0
9 9 5 1 100 0.75 3 376 23 144 120 19 98 0 0
9 9 5 1 100 0.75 3 377 25 153 129 23 98 0 2
9 9 5 1 100 0.75 3 378 26 162 139 25 98 0 5
9 9 5 1 100 0.75 3 379 30 171 146 26 98 0 9
9 9 5 1 100 0.75 3 380 34 180 153 30 98 0 12
9 9 5 1 100 0.75 3 381 37 189 163 34 98 0 15
9 9 5 1 100 0.75 3 382 39 198 169 37 98 0 18
9 9 5 1 100 0.75 3 383 41 207 184 39 98 0 19
9 9 5 1 100 0.75 3 384 48 216 185 41 98 0 21
9 9 5 1 100 0.75 3 385 51 225 189 48 98 0 22
9 9 5 1 100 0.75 3 386 57 234 199 51 98 0 24
9 9 5 1 100 0.75 3 387 65 243 201 57 98 0 28
9 9 5 1 100 0.75 3 388 69 252 210 65 98 0 30
9 9 5 1 100 0.75 3 389 73 261 216 69 98 0 33
9 9 5 1 100 0.75 3 390 77 270 225 73 98 0 34
9 9 5 1 100 0.75 3 391 84 279 233 77 98 0 38
9 9 5 1 100 0.75 3 392 89 288 240 84 98 0 41
9 9 5 1 100 0.75 3 393 94 296 247 88 99 1 43
9 9 5 1 100 0.75 3 394 97 303 254 91 101 3 45
9 9 5 1 100 0.75 3 395 105 308 257 90 105 7 45
9 9 5 1 100 0.75 3 396 112 315 262 96 107 9 46
9 9 5 1 100 0.75 3 397 115 322 274 101 109 11 48
9 9 5 1 100 0.75 3 398 125 328 266 101 112 14 47
9 9 5 1 100 0.75 3 399 133 335 278 109 114 16 53
9 9 5 1 100 0.75 3 400 136 341 285 114 117 19 51
9 9 5 1 100 0.75 3 401 147 349 281 116 118 20 55
9 9 5 1 100 0.75 3 402 151 357 293 126 119 21 57
9 9 5 1 100 0.75 3 403 162 363 297 127 122 24 59
9 9 5 1 100 0.75 3 404 168 371 304 137 123 25 61
9 9 5 1 100 0.75 3 405 178 379 302 142 124 26 66
9 9 5 1 100 0.75 3 406 188 383 308 147 129 31 67
9 9 5 1 100 0.75 3 407 193 389 311 154 132 34 69
9 9 5 1 100 0.75 3 408 203 396 320 157 134 36 72
9 9 5 1 100 0.75 3 409 209 400 319 162 139 41 70
9 9 5 1 100 0.75 3 410 216 407 323 166 141 43 71
9 9 5 1 100 0.75 3 411 225 413 328 170 144 46 71
9 9 5 1 100 0.75 3 412 233 416 328 174 150 52 74
9 9 5 1 100 0.75 3 413 244 425 336 183 150 52 80
9 9 5 1 100 0.75 3 414 252 427 335 187 157 59 78
9 9 5 1 100 0.75 3 415 258 433 338 192 160 62 79
9 9 5 1 100 0.75 3 416 266 441 348 197 161 63 86
9 9 5 1 100 0.75 3 417 278 445 348 200 166 68 85
9 9 5 1 100 0.75 3 418 285 452 346 210 168 70 89
9 9 5 1 100 0.75 3 419 294 456 349 212 173 75 90
9 9 5 1 100 0.75 3 420 306 462 357 219 176 78 96
9 9 5 1 100 0.75 3 421 318 462 352 223 185 87 94
9 9 5 1 100 0.75 3 422 326 464 344 229 192 94 91
9 9 5 1 100 0.75 3 423 335 471 350 235 194 96 97
9 9 5 1 100 0.75 3 424 345 479 356 245 195 97 101
9 9 5 1 100 0.75 3 425 361 482 349 251 201 103 104
9 9 5 1 100 0.75 3 426 367 488 353 264 204 106 105
9 9 5 1 100 0.75 3 427 380 490 349 264 210 113 106
9 9 5 1 100 0.75 3 428 390 492 357 270 217 120 109
9 9 5 1 100 0.75 3 429 396 497 367 277 221 124 115
9 9 5 1 100 0.75 3 430 407 497 357 275 230 133 114
9 9 5 1 100 0.75 3 431 416 498 362 280 238 141 114
9 9 5 1 100 0.75 3 432 424 506 375 288 239 142 125
9 9 5 1 100 0.75 3 433 437 513 368 298 240 144 132
9 9 5 1 100 0.75 3 434 448 514 366 303 248 152 132
9 9 5 1 100 0.75 3 435 454 520 369 313 251 155 139
9 9 5 1 100 0.75 3 436 469 520 360 313 260 164 136
9 9 5 1 100 0.75 3 437 481 524 375 326 265 169 138
9 9 5 1 100 0.75 3 438 493 525 362 330 273 177 138
9 9 5 1 100 0.75 3 439 506 526 359 334 281 185 140
9 9 5 1 100 0.75 3 440 520 531 352 344 285 189 144
9 9 5 1 100 0.75 3 441 528 533 365 354 291 196 150
9 9 5 1 100 0.75 3 442 539 534 350 355 299 204 152
9 9 5 1 100 0.75 3 443 550 540 361 367 302 207 157
9 9 5 1 100 0.75 3 444 562 540 362 370 311 216 160
9 9 5 1 100 0.75 3 445 576 542 349 376 318 223 161
9 9 5 1 100 0.75 3 446 588 542 347 384 327 232 159
9 9 5 1 100 0.75 3 447 601 541 350 388 337 242 164
9 9 5 1 100 0.75 3 448 613 543 352 396 344 249 165
9 9 5 1 100 0.75 3 449 625 538 342 396 358 263 161
9 9 5 1 100 0.75 3 450 635 539 332 404 366 271 160
9 9 5 1 100 0.75 3 451 649 535 314 404 379 284 161
9 9 5 1 100 0.75 3 452 660 534 320 410 389 294 161
9 9 5 1 100 0.75 3 453 672 533 303 415 398 304 162
9 9 5 1 100 0.75 3 454 681 536 313 426 404 310 170
9 9 5 1 100 0.75 3 455 690 539 309 433 410 316 169
9 9 5 1 100 0.75 3 456 697 536 316 433 422 328 172
9 9 5 1 100 0.75 3 457 710 541 313 442 426 332 177
9 9 5 1 100 0.75 3 458 716 543 307 449 433 339 179
9 9 5 1 100 0.75 3 459 730 546 304 453 439 345 184
9 9 5 1 100 0.75 3 460 734 545 291 459 449 355 183
9 9 5 1 100 0.75 3 461 740 543 308 456 459 366 184
9 9 5 1 100 0.75 3 462 750 539 287 456 472 379 182
9 9 5 1 100 0.75 3 463 755 537 278 460 483 390 181
9 9 5 1 100 0.75 3 464 761 538 278 462 491 398 181
9 9 5 1 100 0.75 3 465 766 535 280 463 503 410 181
9 9 5 1 100 0.75 3 466 770 533 280 460 513 421 178
9 9 5 1 100 0.75 3 467 773 535 280 460 519 428 181
9 9 5 1 100 0.75 3 468 780 532 267 458 531 440 179
9 9 5 1 100 0.75 3 469 782 531 274 457 540 450 179
9 9 5 1 100 0.75 3 470 788 530 275 455 550 460 179
9 9 5 1 100 0.75 3 471 791 521 262 448 567 478 170
9 9 5 1 100 0.75 3 472 795 523 252 454 574 485 169
9 9 5 1 100 0.75 3 473 800 524 247 453 582 493 168
9 9 5 1 100 0.75 3 474 807 523 236 453 592 503 167
9 9 5 1 100 0.75 3 475 813 520 241 449 604 515 160
9 9 5 1 100 0.75 3 476 818 522 234 455 611 522 159
9 9 5 1 100 0.75 3 477 822 515 233 447 627 538 149
9 9 5 1 100 0.75 3 478 825 512 232 440 639 550 147
9 9 5 1 100 0.75 3 479 827 515 232 445 645 556 149
9 9 5 1 100 0.75 3 480 829 513 221 444 656 567 143
9 9 5 1 100 0.75 3 481 833 517 220 447 661 572 146
9 9 5 1 100 0.75 3 482 837 518 221 450 669 580 148
9 9 5 1 100 0.75 3 483 840 520 233 453 676 587 146
9 9 5 1 100 0.75 3 484 841 513 227 444 691 603 139
9 9 5 1 100 0.75 3 485 842 508 202 438 704 617 132
9 9 5 1 100 0.75 3 486 845 510 209 437 710 624 128
9 9 5 1 100 0.75 3 487 847 510 215 438 719 633 127
9 9 5 1 100 0.75 3 488 849 510 198 442 728 642 124
9 9 5 1 100 0.75 3 489 852 512 208 444 735 649 126
9 9 5 1 100 0.75 3 490 856 517 186 449 739 653 126
9 9 5 1 100 0.75 3 491 856 516 188 448 749 663 121
9 9 5 1 100 0.75 3 492 858 517 192 445 757 671 120
9 9 5 1 100 0.75 3 493 862 519 189 448 764 678 120
9 9 5 1 100 0.75 3 494 865 523 198 455 769 683 121
9 9 5 1 100 0.75 3 495 869 524 199 456 777 691 124
9 9 5 1 100 0.75 3 496 869 526 191 460 784 698 126
9 9 5 1 100 0.75 3 497 871 526 197 458 792 707 125
9 9 5 1 100 0.75 3 498 874 530 192 463 795 712 126
9 9 5 1 100 0.75 3 499 878 528 190 458 805 723 119
9 9 5 1 100 0.75 3 500 879 531 198 462 810 729 122
9 9 5 1 100 0.75 3 501 882 535 203 467 814 734 121
9 9 5 1 100 0.75 3 502 883 536 201 464 822 742 121
9 9 5 1 100 0.75 3 503 885 538 198 470 829 749 119
9 9 5 1 100 0.75 3 504 887 540 193 470 835 756 115
9 9 5 1 100 0.75 3 505 889 539 198 469 845 766 113
9 9 5 1 100 0.75 3 506 889 545 185 480 848 769 119
9 9 5 1 100 0.75 3 507 890 550 185 482 851 773 122
9 9 5 1 100 0.75 3 508 892 551 187 482 859 781 120
9 9 5 1 100 0.75 3 509 893 552 198 484 866 789 121
9 9 5 1 100 0.75 3 510 894 558 197 489 867 792 123
9 9 5 1 100 0.75 3 510 894 558 558 489 988 792 123
9 9 5 1 100 0.75 3 540 894 558 558 489 98 792 123
9 9 5 1 100 0.75 4 541 0 9 9 0 98 0 0
9 9 5 1 100 0.75 4 542 0 18 18 0 98 0 0
9 9 5 1 100 0.75 4 543 0 27 27 0 98 0 0
9 9 5 1 100 0.75 4 544 0 36 36 0 98 0 0
9 9 5 1 100 0.75 4 545 0 45 45 0 98 0 0
9 9 5 1 100 0.75 4 546 0 54 53 0 98 0 0
9 9 5 1 100 0.75 4 547 0 63 62 0 98 0 0
9 9 5 1 100 0.75 4 548 2 72 69 0 98 0 0
9 9 5 1 100 0.75 4 549 3 81 76 2 98 0 0
9 9 5 1 100 0.75 4 550 6 90 80 3 98 0 0
9 9 5 1 100 0.75 4 551 7 99 89 6 98 0 0
9 9 5 1 100 0.75 4 552 10 108 97 7 97 0 0
9 9 5 1 100 0.75 4 553 11 117 101 10 97 0 0
9 9 5 1 100 0.75 4 554 12 126 111 11 97 0 0
9 9 5 1 100 0.75 4 555 18 135 116 12 97 0 1
9 9 5 1 100 0.75 4 556 21 144 124 18 97 0 1
9 9 5 1 100 0.75 4 557 23 153 133 21 97 0 3
9 9 5 1 100 0.75 4 558 23 162 143 23 97 0 5
9 9 5 1 100 0.75 4 559 26 171 152 23 97 0 9
9 9 5 1 100 0.75 4 560 27 180 159 26 97 0 9
9 9 5 1 100 0.75 4 561 29 189 168 27 97 0 10
9 9 5 1 100 0.75 4 562 34 198 177 29 97 0 13
9 9 5 1 100 0.75 4 563 40 207 180 34 97 0 16
9 9 5 1 100 0.75 4 564 46 216 190 40 97 0 17
9 9 5 1 100 0.75 4 565 47 225 194 46 97 0 17
9 9 5 1 100 0.75 4 566 50 234 203 47 97 0 19
9 9 5 1 100 0.75 4 567 56 243 210 50 97 0 20
9 9 5 1 100 0.75 4 568 61 252 214 56 97 0 22
9 9 5 1 100 0.75 4 569 63 261 225 61 97 0 25
9 9 5 1 100 0.75 4 570 65 270 236 63 97 0 29
9 9 5 1 100 0.75 4 571 70 279 247 65 97 0 32
9 9 5 1 100 0.75 4 572 73 286 250 68 99 2 30
9 9 5 1 100 0.75 4 573 80 294 258 70 100 3 32
9 9 5 1 100 0.75 4 574 83 303 262 77 100 3 32
9 9 5 1 100 0.75 4 575 89 311 276 79 101 4 37
9 9 5 1 100 0.75 4 576 93 318 277 83 103 6 36
9 9 5 1 100 0.75 4 577 98 324 276 84 106 9 34
9 9 5 1 100 0.75 4 578 103 333 286 89 106 9 36
9 9 5 1 100 0.75 4 579 111 336 282 88 112 15 34
9 9 5 1 100 0.75 4 580 120 344 291 95 112 16 38
9 9 5 1 100 0.75 4 581 127 352 296 103 113 17 39
9 9 5 1 100 0.75 4 582 131 360 301 109 114 18 41
9 9 5 1 100 0.75 4 583 138 369 311 114 114 18 44
9 9 5 1 100 0.75 4 584 141 378 312 121 114 18 46
9 9 5 1 100 0.75 4 585 148 380 312 117 121 25 42
9 9 5 1 100 0.75 4 586 159 388 319 123 122 26 45
9 9 5 1 100 0.75 4 587 167 397 325 134 122 26 51
9 9 5 1 100 0.75 4 588 179 405 329 141 123 27 57
9 9 5 1 100 0.75 4 589 185 412 334 151 125 29 59
9 9 5 1 100 0.75 4 590 194 418 339 154 128 32 62
9 9 5 1 100 0.75 4 591 198 426 348 162 129 33 64
9 9 5 1 100 0.75 4 592 201 432 349 163 132 36 63
9 9 5 1 100 0.75 4 593 211 438 357 164 135 39 66
9 9 5 1 100 0.75 4 594 223 444 357 171 138 42 70
9 9 5 1 100 0.75 4 595 238 449 358 179 142 46 73
9 9 5 1 100 0.75 4 596 248 458 369 194 142 46 80
9 9 5 1 100 0.75 4 597 260 462 364 199 147 51 80
9 9 5 1 100 0.75 4 598 269 470 371 211 148 52 84
9 9 5 1 100 0.75 4 599 278 475 368 216 152 56 82
9 9 5 1 100 0.75 4 600 288 480 379 221 156 60 85
9 9 5 1 100 0.75 4 601 297 486 379 229 159 63 93
9 9 5 1 100 0.75 4 602 308 491 382 235 163 67 98
9 9 5 1 100 0.75 4 603 314 495 386 242 168 72 102
9 9 5 1 100 0.75 4 604 326 503 395 247 169 73 106
9 9 5 1 100 0.75 4 605 336 507 393 254 174 78 106
9 9 5 1 100 0.75 4 606 345 509 392 258 181 85 109
9 9 5 1 100 0.75 4 607 354 516 396 265 183 87 112
9 9 5 1 100 0.75 4 608 364 522 397 271 185 90 122
9 9 5 1 100 0.75 4 609 375 525 393 276 191 96 125
9 9 5 1 100 0.75 4 610 388 529 400 282 196 101 127
9 9 5 1 100 0.75 4 611 403 531 395 288 203 108 129
9 9 5 1 100 0.75 4 612 416 533 400 296 210 115 129
9 9 5 1 100 0.75 4 613 425 537 389 304 215 120 132
9 9 5 1 100 0.75 4 614 431 539 396 308 222 127 133
9 9 5 1 100 0.75 4 615 438 539 388 308 231 136 128
9 9 5 1 100 0.75 4 616 446 544 396 311 235 140 132
9 9 5 1 100 0.75 4 617 459 547 398 314 241 146 138
9 9 5 1 100 0.75 4 618 472 550 400 321 247 152 144
9 9 5 1 100 0.75 4 619 491 556 393 334 250 155 149
9 9 5 1 100 0.75 4 620 509 554 404 343 261 166 152
9 9 5 1 100 0.75 4 621 519 556 389 356 268 173 151
9 9 5 1 100 0.75 4 622 531 551 378 353 282 187 141
9 9 5 1 100 0.75 4 623 535 553 380 359 289 194 141
9 9 5 1 100 0.75 4 624 545 558 379 363 293 198 147
9 9 5 1 100 0.75 4 625 559 561 374 368 299 204 151
9 9 5 1 100 0.75 4 626 573 559 374 374 310 215 156
9 9 5 1 100 0.75 4 627 588 561 371 383 316 222 163
9 9 5 1 100 0.75 4 628 606 558 357 389 328 234 164
9 9 5 1 100 0.75 4 629 614 560 356 404 335 241 163
9 9 5 1 100 0.75 4 630 630 559 340 403 345 251 163
9 9 5 1 100 0.75 4 631 638 563 347 418 350 256 165
9 9 5 1 100 0.75 4 632 652 562 345 418 360 266 165
9 9 5 1 100 0.75 4 633 662 564 344 427 367 273 171
9 9 5 1 100 0.75 4 634 673 567 348 436 373 279 177
9 9 5 1 100 0.75 4 635 687 563 337 437 386 292 178
9 9 5 1 100 0.75 4 636 698 564 335 445 394 300 177
9 9 5 1 100 0.75 4 637 708 565 337 452 402 308 180
9 9 5 1 100 0.75 4 638 714 562 330 453 414 320 180
9 9 5 1 100 0.75 4 639 722 565 334 457 420 326 184
9 9 5 1 100 0.75 4 640 731 569 323 464 425 331 192
9 9 5 1 100 0.75 4 641 743 574 338 477 428 335 202
9 9 5 1 100 0.75 4 642 751 574 314 483 437 344 202
9 9 5 1 100 0.75 4 643 756 567 305 483 453 360 197
9 9 5 1 100 0.75 4 644 761 559 301 475 470 377 185
9 9 5 1 100 0.75 4 645 765 560 299 478 478 385 191
9 9 5 1 100 0.75 4 646 771 555 293 471 492 399 186
9 9 5 1 100 0.75 4 647 774 552 302 473 504 411 186
9 9 5 1 100 0.75 4 648 783 549 293 467 516 423 188
9 9 5 1 100 0.75 4 649 787 543 282 467 531 438 180
9 9 5 1 100 0.75 4 650 792 547 288 472 536 443 187
9 9 5 1 100 0.75 4 651 794 550 265 478 542 449 191
9 9 5 1 100 0.75 4 652 798 547 288 474 554 461 182
9 9 5 1 100 0.75 4 653 801 549 271 479 561 468 187
9 9 5 1 100 0.75 4 654 806 546 270 473 573 480 182
9 9 5 1 100 0.75 4 655 808 539 265 470 589 496 175
9 9 5 1 100 0.75 4 656 810 534 264 463 603 510 171
9 9 5 1 100 0.75 4 657 812 536 252 468 610 517 171
9 9 5 1 100 0.75 4 658 817 533 238 461 622 529 168
9 9 5 1 100 0.75 4 659 821 534 239 464 630 537 165
9 9 5 1 100 0.75 4 660 822 529 234 463 644 551 160
9 9 5 1 100 0.75 4 661 824 532 239 462 650 557 162
9 9 5 1 100 0.75 4 662 829 532 249 463 659 566 160
9 9 5 1 100 0.75 4 663 831 526 242 458 674 581 153
9 9 5 1 100 0.75 4 664 833 524 216 455 685 592 146
9 9 5 1 100 0.75 4 665 839 524 221 452 692 601 144
9 9 5 1 100 0.75 4 666 840 518 211 448 707 616 138
9 9 5 1 100 0.75 4 667 843 518 202 449 716 625 136
9 9 5 1 100 0.75 4 668 846 522 197 453 720 630 136
9 9 5 1 100 0.75 4 669 850 521 209 455 729 640 134
9 9 5 1 100 0.75 4 670 854 519 204 450 740 651 129
9 9 5 1 100 0.75 4 671 855 522 214 454 746 657 127
9 9 5 1 100 0.75 4 672 857 523 198 453 754 665 126
9 9 5 1 100 0.75 4 673 859 519 209 451 767 678 122
9 9 5 1 100 0.75 4 674 860 522 197 452 773 684 125
9 9 5 1 100 0.75 4 675 862 523 193 454 780 692 124
9 9 5 1 100 0.75 4 676 865 525 187 457 787 699 126
9 9 5 1 100 0.75 4 677 868 523 192 456 798 710 118
9 9 5 1 100 0.75 4 678 870 528 186 459 801 714 118
9 9 5 1 100 0.75 4 679 873 525 200 457 812 726 113
9 9 5 1 100 0.75 4 680 879 529 186 461 817 731 114
9 9 5 1 100 0.75 4 681 880 532 183 464 823 737 118
9 9 5 1 100 0.75 4 682 884 533 195 462 831 745 115
9 9 5 1 100 0.75 4 683 884 534 197 467 838 753 111
9 9 5 1 100 0.75 4 684 888 537 181 469 844 759 113
9 9 5 1 100 0.75 4 685 892 542 191 473 848 763 117
9 9 5 1 100 0.75 4 686 893 543 204 477 856 771 114
9 9 5 1 100 0.75 4 687 896 548 186 483 860 775 119
9 9 5 1 100 0.75 4 688 897 550 204 485 867 782 120
9 9 5 1 100 0.75 4 689 900 552 186 483 873 789 120
9 9 5 1 100 0.75 4 690 901 553 189 486 880 797 118
9 9 5 1 100 0.75 4 690 901 553 553 486 995 797 118
9 9 5 1 100 0.75 4 720 901 553 553 486 98 797 118
9 9 5 1 100 0.75 5 721 0 9 9 0 98 0 0
9 9 5 1 100 0.75 5 722 0 18 18 0 98 0 0
9 9 5 1 100 0.75 5 723 0 27 27 0 98 0 0
9 9 5 1 100 0.75 5 724 0 36 36 0 98 0 0
9 9 5 1 100 0.75 5 725 0 45 45 0 98 0 0
9 9 5 1 100 0.75 5 726 0 54 54 0 98 0 0
9 9 5 1 100 0.75 5 727 0 63 63 0 98 0 0
9 9 5 1 100 0.75 5 728 0 72 72 0 98 0 0
9 9 5 1 100 0.75 5 729 3 81 77 0 98 0 0
9 9 5 1 100 0.75 5 730 5 90 84 3 98 0 0
9 9 5 1 100 0.75 5 731 6 99 91 5 98 0 0
9 9 5 1 100 0.75 5 732 10 108 96 6 98 0 0
9 9 5 1 100 0.75 5 733 15 117 102 10 98 0 0
9 9 5 1 100 0.75 5 734 16 126 109 15 98 0 0
9 9 5 1 100 0.75 5 735 21 135 114 16 98 0 0
9 9 5 1 100 0.75 5 736 27 144 119 21 98 0 2
9 9 5 1 100 0.75 5 737 29 153 127 27 98 0 3
9 9 5 1 100 0.75 5 738 33 162 135 29 98 0 5
9 9 5 1 100 0.75 5 739 34 171 145 33 98 0 6
9 9 5 1 100 0.75 5 740 37 180 151 34 98 0 8
9 9 5 1 100 0.75 5 741 38 189 158 37 98 0 13
9 9 5 1 100 0.75 5 742 44 198 165 38 97 0 14
9 9 5 1 100 0.75 5 743 49 207 175 44 97 0 19
9 9 5 1 100 0.75 5 744 52 216 186 49 97 0 20
9 9 5 1 100 0.75 5 745 58 225 190 52 97 0 22
9 9 5 1 100 0.75 5 746 62 234 196 58 97 0 24
9 9 5 1 100 0.75 5 747 68 243 204 62 97 0 26
9 9 5 1 100 0.75 5 748 73 252 208 68 97 0 26
9 9 5 1 100 0.75 5 749 78 261 216 73 97 0 30
9 9 5 1 100 0.75 5 750 83 270 229 78 97 0 34
9 9 5 1 100 0.75 5 751 87 279 234 83 97 0 36
9 9 5 1 100 0.75 5 752 92 288 244 87 97 0 38
9 9 5 1 100 0.75 5 753 94 295 249 90 99 2 40
9 9 5 1 100 0.75 5 754 99 302 258 90 101 4 42
9 9 5 1 100 0.75 5 755 102 311 268 95 101 4 47
9 9 5 1 100 0.75 5 756 110 319 273 97 102 5 48
9 9 5 1 100 0.75 5 757 116 326 280 103 104 7 50
9 9 5 1 100 0.75 5 758 122 332 282 106 107 10 49
9 9 5 1 100 0.75 5 759 131 335 280 106 113 16 48
9 9 5 1 100 0.75 5 760 134 342 282 113 115 18 49
9 9 5 1 100 0.75 5 761 140 348 293 113 118 21 48
9 9 5 1 100 0.75 5 762 145 355 292 117 120 23 47
9 9 5 1 100 0.75 5 763 155 363 299 121 121 24 51
9 9 5 1 100 0.75 5 764 161 372 308 131 121 24 57
9 9 5 1 100 0.75 5 765 166 381 314 138 121 24 63
9 9 5 1 100 0.75 5 766 171 386 319 139 125 28 62
9 9 5 1 100 0.75 5 767 173 393 331 142 127 30 68
9 9 5 1 100 0.75 5 768 182 398 331 140 131 34 68
9 9 5 1 100 0.75 5 769 191 406 336 148 132 35 71
9 9 5 1 100 0.75 5 770 198 411 340 153 136 39 74
9 9 5 1 100 0.75 5 771 203 414 338 154 142 45 74
9 9 5 1 100 0.75 5 772 216 418 334 155 147 50 73
9 9 5 1 100 0.75 5 773 228 425 340 166 149 52 75
9 9 5 1 100 0.75 5 774 231 431 345 175 152 55 73
9 9 5 1 100 0.75 5 775 234 436 351 174 156 59 73
9 9 5 1 100 0.75 5 776 239 442 360 175 159 62 79
9 9 5 1 100 0.75 5 777 255 449 350 178 161 64 83
9 9 5 1 100 0.75 5 778 261 454 358 192 165 68 83
9 9 5 1 100 0.75 5 779 270 460 356 195 168 71 86
9 9 5 1 100 0.75 5 780 280 464 367 199 173 76 90
9 9 5 1 100 0.75 5 781 291 469 370 205 177 80 95
9 9 5 1 100 0.75 5 782 300 471 366 210 184 87 89
9 9 5 1 100 0.75 5 783 306 477 367 216 187 90 90
9 9 5 1 100 0.75 5 784 315 480 370 218 193 96 91
9 9 5 1 100 0.75 5 785 327 487 381 226 195 98 101
9 9 5 1 100 0.75 5 786 334 491 377 233 200 103 100
9 9 5 1 100 0.75 5 787 352 493 369 234 207 110 104
9 9 5 1 100 0.75 5 788 361 497 372 247 212 115 106
9 9 5 1 100 0.75 5 789 375 500 366 251 218 121 110
9 9 5 1 100 0.75 5 790 383 502 371 258 225 128 108
9 9 5 1 100 0.75 5 791 397 506 369 265 230 133 109
9 9 5 1 100 0.75 5 792 409 514 374 280 231 134 115
9 9 5 1 100 0.75 5 793 420 520 379 289 234 137 118
9 9 5 1 100 0.75 5 794 433 519 369 291 244 147 120
9 9 5 1 100 0.75 5 795 451 522 368 300 250 153 127
9 9 5 1 100 0.75 5 796 462 523 367 312 258 161 124
9 9 5 1 100 0.75 5 797 477 527 366 318 263 166 132
9 9 5 1 100 0.75 5 798 490 533 365 331 266 169 135
9 9 5 1 100 0.75 5 799 502 536 362 342 272 175 144
9 9 5 1 100 0.75 5 800 515 537 358 348 280 183 142
9 9 5 1 100 0.75 5 801 525 541 364 357 285 188 148
9 9 5 1 100 0.75 5 802 538 543 374 360 292 195 150
9 9 5 1 100 0.75 5 803 550 549 369 372 295 198 158
9 9 5 1 100 0.75 5 804 565 551 370 383 302 205 161
9 9 5 1 100 0.75 5 805 574 552 358 393 310 213 165
9 9 5 1 100 0.75 5 806 584 550 361 396 321 224 169
9 9 5 1 100 0.75 5 807 595 549 353 397 331 234 167
9 9 5 1 100 0.75 5 808 609 554 351 408 335 238 177
9 9 5 1 100 0.75 5 809 621 555 335 416 343 246 176
9 9 5 1 100 0.75 5 810 631 556 337 423 351 254 181
9 9 5 1 100 0.75 5 811 642 556 346 427 360 263 185
9 9 5 1 100 0.75 5 812 653 556 338 433 369 272 184
9 9 5 1 100 0.75 5 813 661 556 337 439 377 281 183
9 9 5 1 100 0.75 5 814 670 557 335 444 384 289 189
9 9 5 1 100 0.75 5 815 676 555 327 444 395 300 187
9 9 5 1 100 0.75 5 816 692 554 326 441 404 310 190
9 9 5 1 100 0.75 5 817 705 552 321 449 415 321 189
9 9 5 1 100 0.75 5 818 712 548 328 451 428 334 186
9 9 5 1 100 0.75 5 819 719 550 318 454 435 341 191
9 9 5 1 100 0.75 5 820 728 549 312 454 445 351 192
9 9 5 1 100 0.75 5 821 735 550 319 458 452 359 194
9 9 5 1 100 0.75 5 822 738 542 298 457 469 376 184
9 9 5 1 100 0.75 5 823 741 536 308 448 484 391 179
9 9 5 1 100 0.75 5 824 747 536 301 449 493 400 181
9 9 5 1 100 0.75 5 825 757 535 292 449 503 410 181
9 9 5 1 100 0.75 5 826 761 536 280 456 511 418 180
9 9 5 1 100 0.75 5 827 766 536 270 455 520 427 179
9 9 5 1 100 0.75 5 828 772 531 262 453 534 441 176
9 9 5 1 100 0.75 5 829 780 528 270 450 545 453 176
9 9 5 1 100 0.75 5 830 785 525 252 451 557 465 169
9 9 5 1 100 0.75 5 831 789 526 259 449 565 473 169
9 9 5 1 100 0.75 5 832 792 525 241 453 575 483 171
9 9 5 1 100 0.75 5 833 800 523 253 446 586 494 166
9 9 5 1 100 0.75 5 834 808 521 260 445 597 505 167
9 9 5 1 100 0.75 5 835 810 521 242 450 606 514 160
9 9 5 1 100 0.75 5 836 812 518 236 449 618 526 156
9 9 5 1 100 0.75 5 837 814 516 236 448 629 537 154
9 9 5 1 100 0.75 5 838 819 517 239 446 637 545 151
9 9 5 1 100 0.75 5 839 821 515 224 446 648 556 148
9 9 5 1 100 0.75 5 840 826 515 226 446 657 565 142
9 9 5 1 100 0.75 5 841 829 516 217 448 663 573 141
9 9 5 1 100 0.75 5 842 833 514 220 445 674 584 142
9 9 5 1 100 0.75 5 843 836 508 225 441 688 599 135
9 9 5 1 100 0.75 5 844 838 511 225 444 694 605 134
9 9 5 1 100 0.75 5 845 842 513 206 444 700 612 135
9 9 5 1 100 0.75 5 846 843 515 225 448 707 619 135
9 9 5 1 100 0.75 5 847 847 516 213 445 714 627 133
9 9 5 1 100 0.75 5 848 850 520 220 451 719 632 136
9 9 5 1 100 0.75 5 849 851 512 203 443 736 649 124
9 9 5 1 100 0.75 5 850 853 517 209 447 740 653 129
9 9 5 1 100 0.75 5 851 856 516 197 444 749 663 127
9 9 5 1 100 0.75 5 852 856 516 208 446 756 672 124
9 9 5 1 100 0.75 5 853 859 518 199 449 763 679 123
9 9 5 1 100 0.75 5 854 860 518 211 450 771 688 124
9 9 5 1 100 0.75 5 855 862 521 192 452 776 694 126
9 9 5 1 100 0.75 5 856 863 523 203 452 783 701 123
9 9 5 1 100 0.75 5 857 868 525 204 454 790 708 120
9 9 5 1 100 0.75 5 858 872 527 200 456 796 715 122
9 9 5 1 100 0.75 5 859 874 529 197 457 803 722 122
9 9 5 1 100 0.75 5 860 874 531 200 463 809 729 128
9 9 5 1 100 0.75 5 861 877 531 202 463 818 738 123
9 9 5 1 100 0.75 5 862 879 531 179 463 827 747 121
9 9 5 1 100 0.75 5 863 880 536 198 468 831 751 121
9 9 5 1 100 0.75 5 864 884 538 200 468 838 758 123
9 9 5 1 100 0.75 5 865 884 543 195 476 842 762 124
9 9 5 1 100 0.75 5 866 886 546 182 476 847 768 126
9 9 5 1 100 0.75 5 867 889 548 201 478 854 775 127
9 9 5 1 100 0.75 5 868 890 544 196 476 867 788 124
9 9 5 1 100 0.75 5 869 893 550 207 482 870 791 127
9 9 5 1 100 0.75 5 870 895 548 199 479 881 802 125
9 9 5 1 100 0.75 5 870 895 548 548 479 1003 802 125
9 9 5 1 100 0.75 5 900 895 548 548 479 97 802 125
9 9 5 1 100 0.75 6 901 0 9 9 0 97 0 0
9 9 5 1 100 0.75 6 902 0 18 18 0 97 0 0
9 9 5 1 100 0.75 6 903 0 27 27 0 97 0 0
9 9 5 1 100 0.75 6 904 0 36 36 0 97 0 0
9 9 5 1 100 0.75 6 905 0 45 45 0 97 0 0
9 9 5 1 100 0.75 6 906 0 54 54 0 97 0 0
9 9 5 1 100 0.75 6 907 1 63 61 0 97 0 0
9 9 5 1 100 0.75 6 908 1 72 70 1 97 0 0
9 9 5 1 100 0.75 6 909 2 81 78 1 97 0 0
9 9 5 1 100 0.75 6 910 2 90 88 2 97 0 0
9 9 5 1 100 0.75 6 911 3 99 96 2 97 0 0
9 9 5 1 100 0.75 6 912 5 108 102 3 97 0 0
9 9 5 1 100 0.75 6 913 6 117 109 5 97 0 0
9 9 5 1 100 0.75 6 914 11 126 112 6 97 0 0
9 9 5 1 100 0.75 6 915 12 135 122 11 97 0 0
9 9 5 1 100 0.75 6 916 14 144 128 12 97 0 0
9 9 5 1 100 0.75 6 917 18 153 133 14 97 0 1
9 9 5 1 100 0.75 6 918 26 162 135 18 97 0 2
9 9 5 1 100 0.75 6 919 29 171 140 26 97 0 2
9 9 5 1 100 0.75 6 920 32 180 150 29 97 0 5
9 9 5 1 100 0.75 6 921 40 189 152 32 97 0 7
9 9 5 1 100 0.75 6 922 44 198 160 40 97 0 9
9 9 5 1 100 0.75 6 923 49 207 165 44 97 0 11
9 9 5 1 100 0.75 6 924 53 216 171 49 97 0 12
9 9 5 1 100 0.75 6 925 55 225 184 53 97 0 15
9 9 5 1 100 0.75 6 926 57 234 195 55 97 0 18
9 9 5 1 100 0.75 6 927 59 243 203 57 97 0 21
9 9 5 1 100 0.75 6 928 64 252 215 59 97 0 26
9 9 5 1 100 0.75 6 929 73 261 220 64 97 0 31
9 9 5 1 100 0.75 6 930 76 270 230 73 97 0 35
9 9 5 1 100 0.75 6 931 79 279 237 76 97 0 38
9 9 5 1 100 0.75 6 932 82 288 247 79 97 0 40
9 9 5 1 100 0.75 6 933 86 296 254 81 98 1 41
9 9 5 1 100 0.75 6 934 89 305 257 85 98 1 41
9 9 5 1 100 0.75 6 935 90 314 267 88 98 1 44
9 9 5 1 100 0.75 6 936 95 323 284 89 98 1 51
9 9 5 1 100 0.75 6 937 102 330 285 92 100 3 53
9 9 5 1 100 0.75 6 938 105 337 295 97 102 5 54
9 9 5 1 100 0.75 6 939 108 345 300 99 103 6 55
9 9 5 1 100 0.75 6 940 111 352 311 100 105 8 56
9 9 5 1 100 0.75 6 941 122 358 311 100 108 11 54
9 9 5 1 100 0.75 6 942 127 365 311 109 110 13 53
9 9 5 1 100 0.75 6 943 131 374 320 114 110 13 56
9 9 5 1 100 0.75 6 944 135 377 314 112 116 19 54
9 9 5 1 100 0.75 6 945 144 382 326 112 120 23 55
9 9 5 1 100 0.75 6 946 151 385 319 115 126 29 51
9 9 5 1 100 0.75 6 947 156 390 326 118 130 33 52
9 9 5 1 100 0.75 6 948 162 396 327 120 133 36 54
9 9 5 1 100 0.75 6 949 174 403 332 124 135 38 57
9 9 5 1 100 0.75 6 950 181 412 346 136 135 38 62
9 9 5 1 100 0.75 6 951 185 420 351 142 136 39 65
9 9 5 1 100 0.75 6 952 191 422 348 139 143 46 64
9 9 5 1 100 0.75 6 953 198 426 355 140 148 51 67
9 9 5 1 100 0.75 6 954 203 432 358 145 151 54 65
9 9 5 1 100 0.75 6 955 212 437 362 146 155 58 66
9 9 5 1 100 0.75 6 956 224 444 359 153 157 60 71
9 9 5 1 100 0.75 6 957 234 451 366 163 159 62 79
9 9 5 1 100 0.75 6 958 244 458 373 171 161 64 84
9 9 5 1 100 0.75 6 959 252 466 377 181 162 65 88
9 9 5 1 100 0.75 6 960 262 471 373 185 166 69 90
9 9 5 1 100 0.75 6 961 273 475 371 190 171 74 90
9 9 5 1 100 0.75 6 962 282 482 379 202 173 76 92
9 9 5 1 100 0.75 6 963 289 490 386 210 174 77 101
9 9 5 1 100 0.75 6 964 298 491 379 210 182 85 101
9 9 5 1 100 0.75 6 965 308 495 386 215 187 90 105
9 9 5 1 100 0.75 6 966 316 499 392 221 192 95 107
9 9 5 1 100 0.75 6 967 329 504 390 225 196 99 109
9 9 5 1 100 0.75 6 968 342 508 391 237 201 104 113
9 9 5 1 100 0.75 6 969 355 508 394 242 210 113 114
9 9 5 1 100 0.75 6 970 366 516 383 255 211 114 116
9 9 5 1 100 0.75 6 971 381 521 396 262 215 118 119
9 9 5 1 100 0.75 6 972 395 523 381 272 222 125 117
9 9 5 1 100 0.75 6 973 403 527 383 282 226 130 116
9 9 5 1 100 0.75 6 974 417 527 385 282 235 139 115
9 9 5 1 100 0.75 6 975 425 533 376 298 238 142 126
9 9 5 1 100 0.75 6 976 443 536 386 301 244 148 134
9 9 5 1 100 0.75 6 977 451 537 383 313 252 156 132
9 9 5 1 100 0.75 6 978 464 537 377 312 261 165 131
9 9 5 1 100 0.75 6 979 481 541 380 322 266 170 138
9 9 5 1 100 0.75 6 980 490 543 377 332 273 177 138
9 9 5 1 100 0.75 6 981 504 545 374 336 280 184 140
9 9 5 1 100 0.75 6 982 509 549 379 346 285 189 145
9 9 5 1 100 0.75 6 983 525 547 366 344 296 200 142
9 9 5 1 100 0.75 6 984 541 550 364 355 302 206 150
9 9 5 1 100 0.75 6 985 548 550 367 367 311 215 149
9 9 5 1 100 0.75 6 986 562 551 363 367 319 223 155
9 9 5 1 100 0.75 6 987 568 555 374 378 324 228 160
9 9 5 1 100 0.75 6 988 582 561 368 384 327 231 169
9 9 5 1 100 0.75 6 989 592 563 369 397 334 238 169
9 9 5 1 100 0.75 6 990 598 568 366 406 338 242 175
9 9 5 1 100 0.75 6 991 610 565 363 405 350 254 174
9 9 5 1 100 0.75 6 992 620 563 362 408 361 265 171
9 9 5 1 100 0.75 6 993 633 561 343 412 372 276 172
9 9 5 1 100 0.75 6 994 641 561 346 419 381 285 169
9 9 5 1 100 0.75 6 995 652 562 339 421 388 293 170
9 9 5 1 100 0.75 6 996 664 561 338 428 398 303 171
9 9 5 1 100 0.75 6 997 672 561 336 434 407 312 177
9 9 5 1 100 0.75 6 998 681 562 330 437 415 320 179
9 9 5 1 100 0.75 6 999 695 560 321 439 426 331 177
9 9 5 1 100 0.75 6 1000 703 558 325 446 437 342 179
9 9 5 1 100 0.75 6 1001 709 557 312 446 447 352 178
9 9 5 1 100 0.75 6 1002 722 555 313 443 458 363 179
9 9 5 1 100 0.75 6 1003 731 553 311 448 469 374 181
9 9 5 1 100 0.75 6 1004 739 552 306 453 478 384 182
9 9 5 1 100 0.75 6 1005 744 552 296 457 487 393 180
9 9 5 1 100 0.75 6 1006 752 548 298 453 500 406 179
9 9 5 1 100 0.75 6 1007 758 551 294 460 506 412 182
9 9 5 1 100 0.75 6 1008 766 553 302 463 512 419 180
9 9 5 1 100 0.75 6 1009 775 548 275 462 526 433 178
9 9 5 1 100 0.75 6 1010 782 547 287 463 536 443 176
9 9 5 1 100 0.75 6 1011 787 547 274 464 545 452 179
9 9 5 1 100 0.75 6 1012 791 545 270 462 555 463 176
9 9 5 1 100 0.75 6 1013 797 547 261 467 561 470 177
9 9 5 1 100 0.75 6 1014 805 545 255 468 572 481 177
9 9 5 1 100 0.75 6 1015 811 546 266 473 580 489 181
9 9 5 1 100 0.75 6 1016 813 540 268 469 595 504 176
9 9 5 1 100 0.75 6 1017 820 538 260 465 606 515 174
9 9 5 1 100 0.75 6 1018 822 535 255 465 618 527 165
9 9 5 1 100 0.75 6 1019 823 531 238 462 631 540 162
9 9 5 1 100 0.75 6 1020 825 530 245 460 641 550 160
9 9 5 1 100 0.75 6 1021 828 532 238 460 648 557 162
9 9 5 1 100 0.75 6 1022 832 530 254 460 658 568 162
9 9 5 1 100 0.75 6 1023 837 529 236 457 668 578 158
9 9 5 1 100 0.75 6 1024 837 528 240 459 677 588 156
9 9 5 1 100 0.75 6 1025 840 526 233 454 688 599 152
9 9 5 1 100 0.75 6 1026 846 526 217 456 697 608 149
9 9 5 1 100 0.75 6 1027 847 529 227 463 703 614 149
9 9 5 1 100 0.75 6 1028 848 527 227 459 714 625 145
9 9 5 1 100 0.75 6 1029 849 527 205 458 722 634 143
9 9 5 1 100 0.75 6 1030 851 523 208 452 735 647 135
9 9 5 1 100 0.75 6 1031 855 524 214 453 742 655 138
9 9 5 1 100 0.75 6 1032 857 528 218 457 746 660 137
9 9 5 1 100 0.75 6 1033 858 525 217 453 758 672 131
9 9 5 1 100 0.75 6 1034 862 524 216 450 768 682 130
9 9 5 1 100 0.75 6 1035 867 524 212 455 777 691 125
9 9 5 1 100 0.75 6 1036 868 525 211 460 785 699 124
9 9 5 1 100 0.75 6 1037 872 524 206 456 795 709 119
9 9 5 1 100 0.75 6 1038 872 525 199 461 802 717 118
9 9 5 1 100 0.75 6 1039 873 529 210 460 807 722 116
9 9 5 1 100 0.75 6 1040 875 529 216 462 816 731 115
9 9 5 1 100 0.75 6 1041 877 530 192 462 823 739 114
9 9 5 1 100 0.75 6 1042 878 525 192 456 837 753 110
9 9 5 1 100 0.75 6 1043 878 528 187 459 843 759 111
9 9 5 1 100 0.75 6 1044 878 534 185 466 846 762 111
9 9 5 1 100 0.75 6 1045 881 536 189 466 853 769 114
9 9 5 1 100 0.75 6 1046 885 537 183 468 860 777 109
9 9 5 1 100 0.75 6 1047 886 537 189 472 868 786 106
9 9 5 1 100 0.75 6 1048 889 542 185 473 872 790 107
9 9 5 1 100 0.75 6 1049 891 548 195 481 875 793 109
9 9 5 1 100 0.75 6 1050 894 552 191 482 880 798 113
9 9 5 1 100 0.75 6 1050 894 552 552 482 987 798 113
9 9 5 1 100 0.75 6 1080 894 552 552 482 98 798 113
9 9 5 1 100 0.75 7 1081 0 9 9 0 98 0 0
9 9 5 1 100 0.75 7 1082 0 18 18 0 98 0 0
9 9 5 1 100 0.75 7 1083 0 27 27 0 98 0 0
9 9 5 1 100 0.75 7 1084 0 36 36 0 98 0 0
9 9 5 1 100 0.75 7 1085 0 45 45 0 98 0 0
9 9 5 1 100 0.75 7 1086 0 54 53 0 98 0 0
9 9 5 1 100 0.75 7 1087 0 63 63 0 98 0 0
9 9 5 1 100 0.75 7 1088 1 72 71 0 98 0 0
9 9 5 1 100 0.75 7 1089 2 81 79 1 98 0 0
9 9 5 1 100 0.75 7 1090 3 90 86 2 98 0 0
9 9 5 1 100 0.75 7 1091 4 99 93 3 98 0 0
9 9 5 1 100 0.75 7 1092 9 108 98 4 98 0 0
9 9 5 1 100 0.75 7 1093 12 117 101 9 98 0 0
9 9 5 1 100 0.75 7 1094 16 126 109 12 98 0 0
9 9 5 1 100 0.75 7 1095 18 135 116 16 98 0 1
9 9 5 1 100 0.75 7 1096 19 144 125 18 97 0 2
9 9 5 1 100 0.75 7 1097 24 153 129 19 97 0 2
9 9 5 1 100 0.75 7 1098 28 162 135 24 97 0 3
9 9 5 1 100 0.75 7 1099 33 171 141 28 97 0 5
9 9 5 1 100 0.75 7 1100 37 180 152 33 97 0 11
9 9 5 1 100 0.75 7 1101 39 189 161 37 97 0 12
9 9 5 1 100 0.75 7 1102 44 198 168 39 97 0 15
9 9 5 1 100 0.75 7 1103 47 207 172 44 97 0 16
9 9 5 1 100 0.75 7 1104 49 216 181 47 97 0 17
9 9 5 1 100 0.75 7 1105 51 225 194 49 97 0 20
9 9 5 1 100 0.75 7 1106 55 234 200 51 97 0 24
9 9 5 1 100 0.75 7 1107 61 243 208 55 97 0 27
9 9 5 1 100 0.75 7 1108 65 252 216 61 97 0 30
9 9 5 1 100 0.75 7 1109 70 261 220 65 97 0 32
9 9 5 1 100 0.75 7 1110 78 270 231 70 97 0 36
9 9 5 1 100 0.75 7 1111 84 278 235 77 98 1 38
9 9 5 1 100 0.75 7 1112 89 286 237 82 99 2 38
9 9 5 1 100 0.75 7 1113 93 295 245 87 99 2 40
9 9 5 1 100 0.75 7 1114 98 304 254 91 99 2 43
9 9 5 1 100 0.75 7 1115 105 312 261 95 100 3 47
9 9 5 1 100 0.75 7 1116 107 319 265 100 102 5 48
9 9 5 1 100 0.75 7 1117 113 325 271 99 105 8 50
9 9 5 1 100 0.75 7 1118 122 331 279 102 108 11 54
9 9 5 1 100 0.75 7 1119 125 338 281 109 110 13 53
9 9 5 1 100 0.75 7 1120 132 347 291 112 110 13 57
9 9 5 1 100 0.75 7 1121 140 354 294 117 112 15 59
9 9 5 1 100 0.75 7 1122 151 358 293 120 117 20 60
9 9 5 1 100 0.75 7 1123 157 366 297 130 118 21 59
9 9 5 1 100 0.75 7 1124 160 374 305 136 119 22 60
9 9 5 1 100 0.75 7 1125 167 378 312 134 124 27 60
9 9 5 1 100 0.75 7 1126 173 383 313 138 128 31 60
9 9 5 1 100 0.75 7 1127 177 389 323 141 131 34 63
9 9 5 1 100 0.75 7 1128 186 396 319 143 133 36 64
9 9 5 1 100 0.75 7 1129 191 403 335 150 135 38 71
9 9 5 1 100 0.75 7 1130 200 408 334 153 139 42 76
9 9 5 1 100 0.75 7 1131 210 413 338 158 143 46 77
9 9 5 1 100 0.75 7 1132 216 417 338 163 148 51 76
9 9 5 1 100 0.75 7 1133 220 424 344 167 150 53 80
9 9 5 1 100 0.75 7 1134 225 430 349 169 153 56 79
9 9 5 1 100 0.75 7 1135 231 436 353 172 156 59 82
9 9 5 1 100 0.75 7 1136 242 440 348 174 161 64 83
9 9 5 1 100 0.75 7 1137 253 447 343 184 163 66 86
9 9 5 1 100 0.75 7 1138 269 450 357 190 169 72 91
9 9 5 1 100 0.75 7 1139 285 457 348 204 171 74 93
9 9 5 1 100 0.75 7 1140 290 461 356 216 176 79 93
9 9 5 1 100 0.75 7 1141 300 468 358 220 178 81 97
9 9 5 1 100 0.75 7 1142 307 473 356 227 182 85 99
9 9 5 1 100 0.75 7 1143 312 479 360 232 185 88 103
9 9 5 1 100 0.75 7 1144 318 485 372 234 188 91 107
9 9 5 1 100 0.75 7 1145 339 485 360 233 196 100 109
9 9 5 1 100 0.75 7 1146 349 486 367 247 204 108 114
9 9 5 1 100 0.75 7 1147 362 489 363 251 210 114 117
9 9 5 1 100 0.75 7 1148 375 491 363 258 217 121 115
9 9 5 1 100 0.75 7 1149 388 495 362 267 222 126 118
9 9 5 1 100 0.75 7 1150 397 499 355 277 227 131 118
9 9 5 1 100 0.75 7 1151 405 507 362 286 228 132 120
9 9 5 1 100 0.75 7 1152 423 513 370 293 231 135 128
9 9 5 1 100 0.75 7 1153 444 514 359 304 239 143 132
9 9 5 1 100 0.75 7 1154 451 517 368 319 245 149 134
9 9 5 1 100 0.75 7 1155 466 516 357 317 255 159 135
9 9 5 1 100 0.75 7 1156 477 520 367 327 260 164 138
9 9 5 1 100 0.75 7 1157 485 524 369 336 265 169 143
9 9 5 1 100 0.75 7 1158 493 527 370 340 271 175 149
9 9 5 1 100 0.75 7 1159 505 529 352 344 278 182 152
9 9 5 1 100 0.75 7 1160 522 533 372 351 282 187 167
9 9 5 1 100 0.75 7 1161 537 534 360 362 290 195 169
9 9 5 1 100 0.75 7 1162 548 534 364 371 299 204 168
9 9 5 1 100 0.75 7 1163 562 536 342 375 306 211 170
9 9 5 1 100 0.75 7 1164 569 537 356 384 314 219 172
9 9 5 1 100 0.75 7 1165 579 535 346 380 325 230 170
9 9 5 1 100 0.75 7 1166 587 536 343 386 333 238 171
9 9 5 1 100 0.75 7 1167 600 538 342 391 340 245 176
9 9 5 1 100 0.75 7 1168 611 534 331 392 353 258 173
9 9 5 1 100 0.75 7 1169 626 537 326 400 358 264 178
9 9 5 1 100 0.75 7 1170 633 540 342 414 364 270 181
9 9 5 1 100 0.75 7 1171 639 540 324 417 373 279 180
9 9 5 1 100 0.75 7 1172 648 544 337 420 378 284 184
9 9 5 1 100 0.75 7 1173 656 542 324 427 388 295 181
9 9 5 1 100 0.75 7 1174 665 543 321 433 396 303 182
9 9 5 1 100 0.75 7 1175 672 537 315 428 410 318 178
9 9 5 1 100 0.75 7 1176 687 534 313 427 422 330 186
9 9 5 1 100 0.75 7 1177 693 531 302 432 434 342 183
9 9 5 1 100 0.75 7 1178 697 526 297 430 447 356 177
9 9 5 1 100 0.75 7 1179 702 521 282 426 461 370 170
9 9 5 1 100 0.75 7 1180 707 525 286 433 466 375 173
9 9 5 1 100 0.75 7 1181 713 526 292 436 474 383 173
9 9 5 1 100 0.75 7 1182 720 517 278 427 492 401 162
9 9 5 1 100 0.75 7 1183 732 520 273 432 498 407 169
9 9 5 1 100 0.75 7 1184 738 515 263 435 512 421 170
9 9 5 1 100 0.75 7 1185 745 514 266 433 522 431 168
9 9 5 1 100 0.75 7 1186 746 516 271 439 529 438 171
9 9 5 1 100 0.75 7 1187 753 518 267 437 536 445 170
9 9 5 1 100 0.75 7 1188 762 519 267 439 544 453 165
9 9 5 1 100 0.75 7 1189 765 518 259 441 554 463 165
9 9 5 1 100 0.75 7 1190 771 518 255 440 563 472 167
9 9 5 1 100 0.75 7 1191 781 514 252 437 576 485 166
9 9 5 1 100 0.75 7 1192 786 510 234 437 589 498 161
9 9 5 1 100 0.75 7 1193 792 510 247 438 598 507 160
9 9 5 1 100 0.75 7 1194 797 509 236 438 608 517 152
9 9 5 1 100 0.75 7 1195 800 509 231 439 617 526 148
9 9 5 1 100 0.75 7 1196 802 509 253 439 626 535 148
9 9 5 1 100 0.75 7 1197 808 506 231 433 638 547 142
9 9 5 1 100 0.75 7 1198 811 511 235 440 642 551 145
9 9 5 1 100 0.75 7 1199 813 509 223 438 653 562 147
9 9 5 1 100 0.75 7 1200 816 509 239 439 662 571 149
9 9 5 1 100 0.75 7 1201 820 503 222 434 677 586 138
9 9 5 1 100 0.75 7 1202 822 507 213 437 682 591 142
9 9 5 1 100 0.75 7 1203 825 507 212 435 691 600 139
9 9 5 1 100 0.75 7 1204 828 509 220 440 698 607 141
9 9 5 1 100 0.75 7 1205 831 510 211 443 706 615 140
9 9 5 1 100 0.75 7 1206 834 512 219 444 713 622 138
9 9 5 1 100 0.75 7 1207 836 504 196 435 730 639 128
9 9 5 1 100 0.75 7 1208 842 507 198 437 735 645 129
9 9 5 1 100 0.75 7 1209 846 504 189 435 746 657 118
9 9 5 1 100 0.75 7 1210 849 509 193 441 749 661 119
9 9 5 1 100 0.75 7 1211 851 512 204 443 755 667 127
9 9 5 1 100 0.75 7 1212 855 514 207 444 762 674 127
9 9 5 1 100 0.75 7 1213 857 515 187 447 770 682 124
9 9 5 1 100 0.75 7 1214 861 521 209 450 772 685 128
9 9 5 1 100 0.75 7 1215 862 521 198 453 781 694 122
9 9 5 1 100 0.75 7 1216 865 520 189 452 789 704 121
9 9 5 1 100 0.75 7 1217 867 522 177 453 796 711 120
9 9 5 1 100 0.75 7 1218 869 525 189 457 799 717 122
9 9 5 1 100 0.75 7 1219 871 523 189 454 809 728 120
9 9 5 1 100 0.75 7 1220 874 522 189 454 817 738 114
9 9 5 1 100 0.75 7 1221 874 525 179 459 822 744 114
9 9 5 1 100 0.75 7 1222 874 528 190 461 828 750 116
9 9 5 1 100 0.75 7 1223 874 533 189 463 832 754 119
9 9 5 1 100 0.75 7 1224 874 533 192 464 841 763 117
9 9 5 1 100 0.75 7 1225 877 537 202 470 846 768 118
9 9 5 1 100 0.75 7 1226 878 537 181 468 854 777 115
9 9 5 1 100 0.75 7 1227 880 544 195 475 856 779 120
9 9 5 1 100 0.75 7 1228 884 546 195 479 862 786 123
9 9 5 1 100 0.75 7 1229 885 549 192 483 868 792 120
9 9 5 1 100 0.75 7 1230 887 551 206 484 875 799 120
9 9 5 1 100 0.75 7 1230 887 551 551 484 991 799 120
9 9 5 1 100 0.75 7 1260 887 551 551 484 98 799 120
9 9 5 1 100 0.75 8 1261 0 9 9 0 98 0 0
9 9 5 1 100 0.75 8 1262 0 18 18 0 98 0 0
9 9 5 1 100 0.75 8 1263 0 27 27 0 98 0 0
9 9 5 1 100 0.75 8 1264 0 36 36 0 98 0 0
9 9 5 1 100 0.75 8 1265 0 45 45 0 98 0 0
9 9 5 1 100 0.75 8 1266 0 54 54 0 98 0 0
9 9 5 1 100 0.75 8 1267 0 63 62 0 98 0 0
9 9 5 1 100 0.75 8 1268 2 72 70 0 98 0 0
9 9 5 1 100 0.75 8 1269 4 81 75 2 98 0 0
9 9 5 1 100 0.75 8 1270 4 90 85 4 98 0 0
9 9 5 1 100 0.75 8 1271 8 99 86 4 98 0 0
9 9 5 1 100 0.75 8 1272 11 108 95 8 98 0 0
9 9 5 1 100 0.75 8 1273 14 117 101 11 98 0 0
9 9 5 1 100 0.75 8 1274 15 126 109 14 98 0 0
9 9 5 1 100 0.75 8 1275 19 135 115 15 98 0 1
9 9 5 1 100 0.75 8 1276 24 144 123 19 98 0 2
9 9 5 1 100 0.75 8 1277 27 153 124 24 98 0 3
9 9 5 1 100 0.75 8 1278 31 162 133 27 98 0 4
9 9 5 1 100 0.75 8 1279 36 171 143 31 98 0 9
9 9 5 1 100 0.75 8 1280 41 180 151 36 98 0 11
9 9 5 1 100 0.75 8 1281 45 189 154 41 98 0 11
9 9 5 1 100 0.75 8 1282 51 198 156 45 98 0 13
9 9 5 1 100 0.75 8 1283 52 207 170 51 98 0 15
9 9 5 1 100 0.75 8 1284 54 216 179 52 98 0 20
9 9 5 1 100 0.75 8 1285 60 225 185 54 98 0 22
9 9 5 1 100 0.75 8 1286 65 234 192 60 98 0 25
9 9 5 1 100 0.75 8 1287 71 243 199 65 98 0 28
9 9 5 1 100 0.75 8 1288 73 252 208 71 98 0 31
9 9 5 1 100 0.75 8 1289 78 261 222 73 98 0 36
9 9 5 1 100 0.75 8 1290 82 270 226 78 98 0 40
9 9 5 1 100 0.75 8 1291 88 279 234 82 98 0 40
9 9 5 1 100 0.75 8 1292 91 287 243 87 99 1 44
9 9 5 1 100 0.75 8 1293 96 296 250 90 99 1 48
9 9 5 1 100 0.75 8 1294 102 304 257 94 100 2 52
9 9 5 1 100 0.75 8 1295 106 312 259 99 101 3 54
9 9 5 1 100 0.75 8 1296 111 319 267 101 103 5 53
9 9 5 1 100 0.75 8 1297 115 326 274 104 105 7 59
9 9 5 1 100 0.75 8 1298 120 334 285 107 106 8 59
9 9 5 1 100 0.75 8 1299 125 338 280 107 111 13 54
9 9 5 1 100 0.75 8 1300 132 345 287 110 113 15 54
9 9 5 1 100 0.75 8 1301 137 351 295 114 116 18 54
9 9 5 1 100 0.75 8 1302 144 356 296 115 120 22 53
9 9 5 1 100 0.75 8 1303 152 361 299 118 124 26 53
9 9 5 1 100 0.75 8 1304 159 368 298 124 126 28 52
9 9 5 1 100 0.75 8 1305 165 372 302 126 131 33 53
9 9 5 1 100 0.75 8 1306 173 379 299 130 133 35 52
9 9 5 1 100 0.75 8 1307 179 388 319 138 133 35 59
9 9 5 1 100 0.75 8 1308 184 391 319 138 139 41 58
9 9 5 1 100 0.75 8 1309 193 395 314 138 144 46 53
9 9 5 1 100 0.75 8 1310 203 403 325 146 145 47 60
9 9 5 1 100 0.75 8 1311 211 410 327 154 147 49 66
9 9 5 1 100 0.75 8 1312 216 416 331 160 150 52 68
9 9 5 1 100 0.75 8 1313 221 419 342 159 156 58 66
9 9 5 1 100 0.75 8 1314 229 427 342 163 157 59 69
9 9 5 1 100 0.75 8 1315 242 431 341 166 162 64 70
9 9 5 1 100 0.75 8 1316 251 436 343 175 166 68 69
9 9 5 1 100 0.75 8 1317 258 443 352 183 168 70 78
9 9 5 1 100 0.75 8 1318 269 450 355 189 170 72 83
9 9 5 1 100 0.75 8 1319 272 458 361 199 171 73 85
9 9 5 1 100 0.75 8 1320 278 460 365 195 178 80 84
9 9 5 1 100 0.75 8 1321 284 466 361 198 181 83 85
9 9 5 1 100 0.75 8 1322 297 474 370 206 182 84 91
9 9 5 1 100 0.75 8 1323 308 480 380 217 185 87 99
9 9 5 1 100 0.75 8 1324 318 485 375 224 189 91 100
9 9 5 1 100 0.75 8 1325 327 490 385 230 193 95 99
9 9 5 1 100 0.75 8 1326 332 493 381 235 199 101 97
9 9 5 1 100 0.75 8 1327 338 497 379 237 204 106 94
9 9 5 1 100 0.75 8 1328 355 500 376 237 209 112 95
9 9 5 1 100 0.75 8 1329 363 504 386 249 214 117 99
9 9 5 1 100 0.75 8 1330 370 509 392 253 218 121 104
9 9 5 1 100 0.75 8 1331 382 512 393 254 224 127 108
9 9 5 1 100 0.75 8 1332 396 515 390 260 230 133 107
9 9 5 1 100 0.75 8 1333 405 515 380 268 239 142 106
9 9 5 1 100 0.75 8 1334 412 520 385 274 243 146 106
9 9 5 1 100 0.75 8 1335 420 525 384 279 247 150 111
9 9 5 1 100 0.75 8 1336 424 528 391 282 253 156 114
9 9 5 1 100 0.75 8 1337 437 532 391 285 258 161 119
9 9 5 1 100 0.75 8 1338 448 534 383 292 265 168 119
9 9 5 1 100 0.75 8 1339 464 537 383 298 270 174 123
9 9 5 1 100 0.75 8 1340 478 538 373 308 278 182 128
9 9 5 1 100 0.75 8 1341 485 543 375 321 282 186 131
9 9 5 1 100 0.75 8 1342 500 548 383 328 286 190 136
9 9 5 1 100 0.75 8 1343 513 554 379 343 289 193 136
9 9 5 1 100 0.75 8 1344 526 557 370 351 295 199 142
9 9 5 1 100 0.75 8 1345 536 561 375 362 300 204 149
9 9 5 1 100 0.75 8 1346 548 564 372 367 306 210 150
9 9 5 1 100 0.75 8 1347 561 565 380 374 314 218 159
9 9 5 1 100 0.75 8 1348 575 567 366 381 321 225 164
9 9 5 1 100 0.75 8 1349 589 567 371 388 330 234 163
9 9 5 1 100 0.75 8 1350 602 568 356 396 338 242 168
9 9 5 1 100 0.75 8 1351 616 565 361 400 350 254 171
9 9 5 1 100 0.75 8 1352 633 566 350 409 358 262 175
9 9 5 1 100 0.75 8 1353 648 569 344 422 364 268 178
9 9 5 1 100 0.75 8 1354 658 570 346 433 372 276 182
9 9 5 1 100 0.75 8 1355 665 571 345 436 380 284 187
9 9 5 1 100 0.75 8 1356 672 570 341 436 390 294 188
9 9 5 1 100 0.75 8 1357 684 571 347 439 398 302 192
9 9 5 1 100 0.75 8 1358 693 571 335 452 407 311 197
9 9 5 1 100 0.75 8 1359 703 573 339 460 413 318 200
9 9 5 1 100 0.75 8 1360 711 569 333 460 426 331 205
9 9 5 1 100 0.75 8 1361 724 567 314 461 436 342 205
9 9 5 1 100 0.75 8 1362 730 566 302 468 446 352 203
9 9 5 1 100 0.75 8 1363 737 567 320 471 454 360 206
9 9 5 1 100 0.75 8 1364 746 563 311 468 467 373 207
9 9 5 1 100 0.75 8 1365 755 562 305 476 477 383 212
9 9 5 1 100 0.75 8 1366 761 562 293 481 486 392 211
9 9 5 1 100 0.75 8 1367 765 559 295 480 498 404 210
9 9 5 1 100 0.75 8 1368 768 556 289 478 510 416 213
9 9 5 1 100 0.75 8 1369 776 552 289 474 523 429 208
9 9 5 1 100 0.75 8 1370 783 550 287 473 534 440 201
9 9 5 1 100 0.75 8 1371 788 547 278 474 546 452 200
9 9 5 1 100 0.75 8 1372 792 545 274 472 557 463 204
9 9 5 1 100 0.75 8 1373 797 542 269 470 569 475 199
9 9 5 1 100 0.75 8 1374 801 540 259 469 580 486 198
9 9 5 1 100 0.75 8 1375 802 536 260 466 593 499 191
9 9 5 1 100 0.75 8 1376 809 533 239 462 605 511 188
9 9 5 1 100 0.75 8 1377 812 528 240 461 619 525 179
9 9 5 1 100 0.75 8 1378 816 520 215 450 636 542 171
9 9 5 1 100 0.75 8 1379 820 519 234 451 646 552 167
9 9 5 1 100 0.75 8 1380 823 518 221 449 656 562 163
9 9 5 1 100 0.75 8 1381 826 515 241 446 668 574 158
9 9 5 1 100 0.75 8 1382 827 511 217 441 681 587 156
9 9 5 1 100 0.75 8 1383 831 503 200 432 698 604 143
9 9 5 1 100 0.75 8 1384 837 501 201 431 709 615 140
9 9 5 1 100 0.75 8 1385 838 504 205 434 715 621 140
9 9 5 1 100 0.75 8 1386 841 501 206 430 726 633 136
9 9 5 1 100 0.75 8 1387 844 504 204 436 731 639 132
9 9 5 1 100 0.75 8 1388 847 499 199 429 745 653 124
9 9 5 1 100 0.75 8 1389 848 503 193 435 750 658 126
9 9 5 1 100 0.75 8 1390 852 500 188 430 761 670 119
9 9 5 1 100 0.75 8 1391 852 499 188 430 771 680 118
9 9 5 1 100 0.75 8 1392 857 501 192 432 778 687 117
9 9 5 1 100 0.75 8 1393 860 500 185 432 788 697 113
9 9 5 1 100 0.75 8 1394 861 508 187 441 788 698 123
9 9 5 1 100 0.75 8 1395 863 507 192 437 798 708 119
9 9 5 1 100 0.75 8 1396 867 508 186 439 806 716 118
9 9 5 1 100 0.75 8 1397 868 511 186 443 811 722 120
9 9 5 1 100 0.75 8 1398 871 515 190 445 816 727 120
9 9 5 1 100 0.75 8 1399 873 514 190 445 826 737 120
9 9 5 1 100 0.75 8 1400 874 516 193 447 833 744 117
9 9 5 1 100 0.75 8 1401 875 519 182 448 838 750 114
9 9 5 1 100 0.75 8 1402 877 522 186 453 844 756 114
9 9 5 1 100 0.75 8 1403 878 526 194 458 849 761 117
9 9 5 1 100 0.75 8 1404 878 528 181 459 856 768 115
9 9 5 1 100 0.75 8 1405 878 529 182 460 863 776 114
9 9 5 1 100 0.75 8 1406 880 533 194 463 868 781 116
9 9 5 1 100 0.75 8 1407 881 535 186 466 875 788 115
9 9 5 1 100 0.75 8 1408 882 538 184 469 881 794 116
9 9 5 1 100 0.75 8 1409 885 537 181 466 891 804 116
9 9 5 1 100 0.75 8 1410 889 542 186 476 895 808 120
9 9 5 1 100 0.75 8 1410 889 542 542 476 1013 808 120
9 9 5 1 100 0.75 8 1440 889 542 542 476 97 808 120
9 9 5 1 100 0.75 9 1441 0 9 9 0 97 0 0
9 9 5 1 100 0.75 9 1442 0 18 18 0 97 0 0
9 9 5 1 100 0.75 9 1443 0 27 27 0 97 0 0
9 9 5 1 100 0.75 9 1444 0 36 36 0 97 0 0
9 9 5 1 100 0.75 9 1445 0 45 45 0 97 0 0
9 9 5 1 100 0.75 9 1446 0 54 53 0 97 0 0
9 9 5 1 100 0.75 9 1447 0 63 63 0 97 0 0
9 9 5 1 100 0.75 9 1448 2 72 70 0 97 0 0
9 9 5 1 100 0.75 9 1449 3 81 78 2 97 0 0
9 9 5 1 100 0.75 9 1450 3 90 86 3 97 0 0
9 9 5 1 100 0.75 9 1451 3 99 94 3 97 0 0
9 9 5 1 100 0.75 9 1452 4 108 102 3 97 0 0
9 9 5 1 100 0.75 9 1453 6 117 109 4 97 0 0
9 9 5 1 100 0.75 9 1454 8 126 117 6 97 0 0
9 9 5 1 100 0.75 9 1455 14 135 118 8 97 0 0
9 9 5 1 100 0.75 9 1456 15 144 128 14 97 0 1
9 9 5 1 100 0.75 9 1457 22 153 132 15 97 0 2
9 9 5 1 100 0.75 9 1458 27 162 134 22 97 0 2
9 9 5 1 100 0.75 9 1459 31 171 143 27 97 0 3
9 9 5 1 100 0.75 9 1460 32 180 148 31 97 0 4
9 9 5 1 100 0.75 9 1461 33 189 160 32 97 0 4
9 9 5 1 100 0.75 9 1462 39 198 165 33 97 0 8
9 9 5 1 100 0.75 9 1463 39 207 181 39 97 0 11
9 9 5 1 100 0.75 9 1464 42 216 188 39 97 0 14
9 9 5 1 100 0.75 9 1465 46 225 196 42 97 0 18
9 9 5 1 100 0.75 9 1466 49 234 210 46 97 0 24
9 9 5 1 100 0.75 9 1467 53 243 217 49 97 0 25
9 9 5 1 100 0.75 9 1468 58 252 223 53 97 0 25
9 9 5 1 100 0.75 9 1469 61 261 232 58 97 0 30
9 9 5 1 100 0.75 9 1470 65 270 239 61 97 0 30
9 9 5 1 100 0.75 9 1471 72 279 244 65 97 0 32
9 9 5 1 100 0.75 9 1472 75 288 249 72 97 0 34
9 9 5 1 100 0.75 9 1473 78 297 259 75 97 0 37
9 9 5 1 100 0.75 9 1474 83 305 267 77 98 1 40
9 9 5 1 100 0.75 9 1475 88 314 276 82 98 1 44
9 9 5 1 100 0.75 9 1476 89 321 278 85 100 3 45
9 9 5 1 100 0.75 9 1477 93 330 291 86 100 3 50
9 9 5 1 100 0.75 9 1478 100 338 296 89 101 4 51
9 9 5 1 100 0.75 9 1479 107 343 299 92 105 8 52
9 9 5 1 100 0.75 9 1480 110 351 307 98 106 9 54
9 9 5 1 100 0.75 9 1481 114 357 308 98 109 12 52
9 9 5 1 100 0.75 9 1482 125 362 313 98 113 16 53
9 9 5 1 100 0.75 9 1483 135 365 302 103 119 22 50
9 9 5 1 100 0.75 9 1484 141 371 310 110 122 25 50
9 9 5 1 100 0.75 9 1485 146 380 318 116 122 25 53
9 9 5 1 100 0.75 9 1486 152 385 323 117 126 29 55
9 9 5 1 100 0.75 9 1487 159 394 331 123 126 29 57
9 9 5 1 100 0.75 9 1488 170 398 329 125 131 34 55
9 9 5 1 100 0.75 9 1489 179 405 332 135 133 36 56
9 9 5 1 100 0.75 9 1490 190 414 333 144 133 36 65
9 9 5 1 100 0.75 9 1491 199 421 337 153 135 38 71
9 9 5 1 100 0.75 9 1492 210 425 341 157 140 43 71
9 9 5 1 100 0.75 9 1493 218 432 344 167 142 45 72
9 9 5 1 100 0.75 9 1494 225 434 342 169 149 52 72
9 9 5 1 100 0.75 9 1495 235 440 347 173 152 55 72
9 9 5 1 100 0.75 9 1496 244 446 352 183 155 58 77
9 9 5 1 100 0.75 9 1497 256 452 352 189 158 61 80
9 9 5 1 100 0.75 9 1498 261 460 353 203 159 62 85
9 9 5 1 100 0.75 9 1499 267 464 364 204 164 67 90
9 9 5 1 100 0.75 9 1500 279 471 366 209 166 69 97
9 9 5 1 100 0.75 9 1501 288 475 370 216 171 74 97
9 9 5 1 100 0.75 9 1502 297 479 367 220 176 79 100
9 9 5 1 100 0.75 9 1503 310 485 380 226 179 82 104
9 9 5 1 100 0.75 9 1504 318 493 391 238 180 83 110
9 9 5 1 100 0.75 9 1505 329 496 394 240 186 89 111
9 9 5 1 100 0.75 9 1506 341 500 386 247 191 94 113
9 9 5 1 100 0.75 9 1507 350 505 391 255 195 98 116
9 9 5 1 100 0.75 9 1508 361 508 383 258 201 104 118
9 9 5 1 100 0.75 9 1509 372 511 382 264 207 110 121
9 9 5 1 100 0.75 9 1510 380 513 375 270 214 117 118
9 9 5 1 100 0.75 9 1511 387 517 382 275 219 122 124
9 9 5 1 100 0.75 9 1512 395 522 390 280 223 126 126
9 9 5 1 100 0.75 9 1513 408 530 394 289 224 127 136
9 9 5 1 100 0.75 9 1514 422 529 388 292 234 137 133
9 9 5 1 100 0.75 9 1515 438 531 382 301 241 144 134
9 9 5 1 100 0.75 9 1516 455 534 390 312 247 150 137
9 9 5 1 100 0.75 9 1517 469 532 372 319 258 161 134
9 9 5 1 100 0.75 9 1518 479 536 380 329 263 166 138
9 9 5 1 100 0.75 9 1519 485 537 368 334 271 174 138
9 9 5 1 100 0.75 9 1520 499 540 372 336 277 180 140
9 9 5 1 100 0.75 9 1521 513 541 372 342 285 188 145
9 9 5 1 100 0.75 9 1522 532 543 376 351 292 195 151
9 9 5 1 100 0.75 9 1523 548 543 362 361 301 204 157
9 9 5 1 100 0.75 9 1524 561 544 357 372 309 212 160
9 9 5 1 100 0.75 9 1525 570 543 349 378 319 222 159
9 9 5 1 100 0.75 9 1526 581 545 347 383 326 229 164
9 9 5 1 100 0.75 9 1527 594 549 346 390 330 234 167
9 9 5 1 100 0.75 9 1528 604 547 344 394 341 245 171
9 9 5 1 100 0.75 9 1529 615 550 351 400 347 251 179
9 9 5 1 100 0.75 9 1530 632 552 351 405 354 258 185
9 9 5 1 100 0.75 9 1531 644 555 345 419 360 264 193
9 9 5 1 100 0.75 9 1532 652 554 351 423 368 274 191
9 9 5 1 100 0.75 9 1533 664 550 333 422 381 287 185
9 9 5 1 100 0.75 9 1534 672 553 342 431 387 293 190
9 9 5 1 100 0.75 9 1535 685 554 333 433 394 301 191
9 9 5 1 100 0.75 9 1536 695 553 332 441 403 311 187
9 9 5 1 100 0.75 9 1537 704 551 325 443 414 322 188
9 9 5 1 100 0.75 9 1538 714 552 311 448 422 330 192
9 9 5 1 100 0.75 9 1539 721 553 319 454 429 338 192
9 9 5 1 100 0.75 9 1540 728 550 308 452 441 350 189
9 9 5 1 100 0.75 9 1541 736 546 303 448 454 363 184
9 9 5 1 100 0.75 9 1542 745 544 299 447 464 374 183
9 9 5 1 100 0.75 9 1543 751 540 289 448 477 387 184
9 9 5 1 100 0.75 9 1544 756 537 290 451 489 399 181
9 9 5 1 100 0.75 9 1545 764 536 282 448 499 409 181
9 9 5 1 100 0.75 9 1546 768 535 272 452 509 419 177
9 9 5 1 100 0.75 9 1547 772 529 273 451 524 434 170
9 9 5 1 100 0.75 9 1548 778 528 263 447 533 444 168
9 9 5 1 100 0.75 9 1549 786 522 266 443 548 459 163
9 9 5 1 100 0.75 9 1550 789 521 256 446 558 469 161
9 9 5 1 100 0.75 9 1551 792 520 254 446 567 479 163
9 9 5 1 100 0.75 9 1552 802 518 246 441 578 490 160
9 9 5 1 100 0.75 9 1553 804 516 242 449 589 501 158
9 9 5 1 100 0.75 9 1554 807 520 246 451 594 506 160
9 9 5 1 100 0.75 9 1555 810 520 231 449 603 515 158
9 9 5 1 100 0.75 9 1556 814 520 245 448 612 524 157
9 9 5 1 100 0.75 9 1557 817 516 238 444 624 537 153
9 9 5 1 100 0.75 9 1558 819 515 237 444 634 547 153
9 9 5 1 100 0.75 9 1559 825 515 254 442 643 556 154
9 9 5 1 100 0.75 9 1560 830 515 233 446 652 565 153
9 9 5 1 100 0.75 9 1561 833 515 228 448 661 574 151
9 9 5 1 100 0.75 9 1562 837 515 222 448 669 583 148
9 9 5 1 100 0.75 9 1563 841 517 208 446 676 590 146
9 9 5 1 100 0.75 9 1564 846 517 208 448 685 599 140
9 9 5 1 100 0.75 9 1565 849 518 218 448 693 607 141
9 9 5 1 100 0.75 9 1566 852 516 192 450 703 618 136
9 9 5 1 100 0.75 9 1567 856 515 202 447 713 628 135
9 9 5 1 100 0.75 9 1568 859 514 200 443 722 638 133
9 9 5 1 100 0.75 9 1569 861 517 203 448 728 644 133
9 9 5 1 100 0.75 9 1570 863 520 197 451 734 650 132
9 9 5 1 100 0.75 9 1571 865 519 205 447 744 660 132
9 9 5 1 100 0.75 9 1572 869 519 184 447 753 669 131
9 9 5 1 100 0.75 9 1573 870 519 191 452 762 678 129
9 9 5 1 100 0.75 9 1574 873 522 191 450 768 684 129
9 9 5 1 100 0.75 9 1575 875 523 189 451 776 692 126
9 9 5 1 100 0.75 9 1576 877 522 192 453 786 702 125
9 9 5 1 100 0.75 9 1577 878 518 187 450 798 715 121
9 9 5 1 100 0.75 9 1578 878 519 203 451 805 723 121
9 9 5 1 100 0.75 9 1579 879 521 178 453 812 730 119
9 9 5 1 100 0.75 9 1580 880 528 205 460 813 732 126
9 9 5 1 100 0.75 9 1581 882 532 189 459 818 737 126
9 9 5 1 100 0.75 9 1582 884 532 194 463 827 746 129
9 9 5 1 100 0.75 9 1583 885 539 197 469 827 748 134
9 9 5 1 100 0.75 9 1584 888 541 198 475 834 755 134
9 9 5 1 100 0.75 9 1585 890 545 193 477 838 760 136
9 9 5 1 100 0.75 9 1586 893 544 191 475 847 770 136
9 9 5 1 100 0.75 9 1587 894 543 197 474 857 780 126
9 9 5 1 100 0.75 9 1588 895 543 180 474 866 789 127
9 9 5 1 100 0.75 9 1589 897 543 179 475 875 798 124
9 9 5 1 100 0.75 9 1590 899 547 189 478 880 803 131
9 9 5 1 100 0.75 9 1590 899 547 547 478 1007 803 131
9 9 5 1 100 0.75 9 1620 899 547 547 478 98 803 131
9 9 5 1 100 0.75 10 1621 0 9 9 0 98 0 0
9 9 5 1 100 0.75 10 1622 0 18 18 0 98 0 0
9 9 5 1 100 0.75 10 1623 0 27 27 0 98 0 0
9 9 5 1 100 0.75 10 1624 0 36 36 0 98 0 0
9 9 5 1 100 0.75 10 1625 0 45 43 0 98 0 0
9 9 5 1 100 0.75 10 1626 0 54 53 0 98 0 0
9 9 5 1 100 0.75 10 1627 0 63 63 0 98 0 0
9 9 5 1 100 0.75 10 1628 0 72 72 0 98 0 0
9 9 5 1 100 0.75 10 1629 0 81 80 0 98 0 0
9 9 5 1 100 0.75 10 1630 4 90 85 0 98 0 0
9 9 5 1 100 0.75 10 1631 8 99 89 4 98 0 0
9 9 5 1 100 0.75 10 1632 9 108 99 8 98 0 0
9 9 5 1 100 0.75 10 1633 12 117 103 9 98 0 0
9 9 5 1 100 0.75 10 1634 13 126 112 12 98 0 0
9 9 5 1 100 0.75 10 1635 14 135 120 13 98 0 0
9 9 5 1 100 0.75 10 1636 16 144 127 14 98 0 0
9 9 5 1 100 0.75 10 1637 18 153 137 16 98 0 2
9 9 5 1 100 0.75 10 1638 22 162 143 18 98 0 3
9 9 5 1 100 0.75 10 1639 25 171 154 22 98 0 5
9 9 5 1 100 0.75 10 1640 27 180 158 25 98 0 5
9 9 5 1 100 0.75 10 1641 28 189 166 27 98 0 6
9 9 5 1 100 0.75 10 1642 34 198 171 28 98 0 7
9 9 5 1 100 0.75 10 1643 35 207 180 34 98 0 8
9 9 5 1 100 0.75 10 1644 36 216 192 35 98 0 10
9 9 5 1 100 0.75 10 1645 42 225 196 36 98 0 11
9 9 5 1 100 0.75 10 1646 44 234 206 42 98 0 14
9 9 5 1 100 0.75 10 1647 51 243 209 44 98 0 17
9 9 5 1 100 0.75 10 1648 53 252 219 51 98 0 17
9 9 5 1 100 0.75 10 1649 60 261 224 53 98 0 20
9 9 5 1 100 0.75 10 1650 65 270 233 60 98 0 24
9 9 5 1 100 0.75 10 1651 70 279 235 65 98 0 24
9 9 5 1 100 0.75 10 1652 72 288 244 70 98 0 27
9 9 5 1 100 0.75 10 1653 74 296 255 71 99 1 28
9 9 5 1 100 0.75 10 1654 79 305 263 73 99 1 30
9 9 5 1 100 0.75 10 1655 83 313 270 77 100 2 34
9 9 5 1 100 0.75 10 1656 89 321 277 80 101 3 38
9 9 5 1 100 0.75 10 1657 97 329 282 85 102 4 41
9 9 5 1 100 0.75 10 1658 103 336 287 91 104 6 40
9 9 5 1 100 0.75 10 1659 105 344 296 96 105 7 43
9 9 5 1 100 0.75 10 1660 107 352 299 97 106 8 42
9 9 5 1 100 0.75 10 1661 114 360 308 98 107 9 45
9 9 5 1 100 0.75 10 1662 120 367 309 103 109 11 48
9 9 5 1 100 0.75 10 1663 122 374 315 107 111 13 49
9 9 5 1 100 0.75 10 1664 130 381 331 107 113 15 51
9 9 5 1 100 0.75 10 1665 141 390 327 115 113 15 54
9 9 5 1 100 0.75 10 1666 150 398 332 125 114 16 55
9 9 5 1 100 0.75 10 1667 158 405 334 132 116 18 56
9 9 5 1 100 0.75 10 1668 161 410 339 136 120 22 54
9 9 5 1 100 0.75 10 1669 168 416 343 136 123 25 58
9 9 5 1 100 0.75 10 1670 175 421 344 139 127 29 57
9 9 5 1 100 0.75 10 1671 187 425 349 141 132 34 59
9 9 5 1 100 0.75 10 1672 193 430 348 150 136 38 58
9 9 5 1 100 0.75 10 1673 208 437 355 154 138 40 65
9 9 5 1 100 0.75 10 1674 218 444 365 167 140 42 69
9 9 5 1 100 0.75 10 1675 227 452 362 176 141 43 73
9 9 5 1 100 0.75 10 1676 229 460 378 184 142 44 76
9 9 5 1 100 0.75 10 1677 240 464 372 181 147 49 76
9 9 5 1 100 0.75 10 1678 246 470 377 189 150 52 82
9 9 5 1 100 0.75 10 1679 258 473 380 191 156 58 82
9 9 5 1 100 0.75 10 1680 267 478 376 200 160 62 87
9 9 5 1 100 0.75 10 1681 277 486 394 208 161 63 95
9 9 5 1 100 0.75 10 1682 287 491 392 214 165 67 99
9 9 5 1 100 0.75 10 1683 302 497 393 221 168 70 101
9 9 5 1 100 0.75 10 1684 308 501 396 231 173 75 101
9 9 5 1 100 0.75 10 1685 319 508 403 236 175 77 107
9 9 5 1 100 0.75 10 1686 325 512 400 243 180 82 109
9 9 5 1 100 0.75 10 1687 336 516 403 244 185 87 114
9 9 5 1 100 0.75 10 1688 348 520 402 251 190 92 117
9 9 5 1 100 0.75 10 1689 359 522 403 257 197 99 114
9 9 5 1 100 0.75 10 1690 376 528 400 265 200 102 126
9 9 5 1 100 0.75 10 1691 387 530 407 276 207 109 125
9 9 5 1 100 0.75 10 1692 400 536 401 285 210 112 129
9 9 5 1 100 0.75 10 1693 409 539 402 292 216 118 131
9 9 5 1 100 0.75 10 1694 420 544 406 297 220 122 135
9 9 5 1 100 0.75 10 1695 431 548 405 306 225 127 139
9 9 5 1 100 0.75 10 1696 444 545 396 306 237 139 137
9 9 5 1 100 0.75 10 1697 455 547 402 314 244 146 137
9 9 5 1 100 0.75 10 1698 471 547 385 317 253 155 140
9 9 5 1 100 0.75 10 1699 484 551 392 331 257 160 145
9 9 5 1 100 0.75 10 1700 496 553 392 338 264 167 147
9 9 5 1 100 0.75 10 1701 504 559 389 347 267 170 150
9 9 5 1 100 0.75 10 1702 523 558 381 346 277 180 156
9 9 5 1 100 0.75 10 1703 533 561 393 363 283 186 155
9 9 5 1 100 0.75 10 1704 550 566 379 371 287 190 166
9 9 5 1 100 0.75 10 1705 559 564 382 379 298 201 169
9 9 5 1 100 0.75 10 1706 577 558 367 374 313 216 167
9 9 5 1 100 0.75 10 1707 586 559 374 385 320 224 167
9 9 5 1 100 0.75 10 1708 600 561 367 391 327 231 166
9 9 5 1 100 0.75 10 1709 613 564 369 402 333 237 169
9 9 5 1 100 0.75 10 1710 623 564 350 408 342 246 168
9 9 5 1 100 0.75 10 1711 632 565 365 412 350 254 174
9 9 5 1 100 0.75 10 1712 643 562 347 411 362 266 172
9 9 5 1 100 0.75 10 1713 652 565 355 419 367 272 172
9 9 5 1 100 0.75 10 1714 666 564 347 421 376 282 180
9 9 5 1 100 0.75 10 1715 677 564 340 427 385 291 182
9 9 5 1 100 0.75 10 1716 688 563 341 432 394 301 184
9 9 5 1 100 0.75 10 1717 699 562 342 436 404 311 184
9 9 5 1 100 0.75 10 1718 707 565 335 446 410 317 186
9 9 5 1 100 0.75 10 1719 717 562 322 443 422 329 181
9 9 5 1 100 0.75 10 1720 723 562 312 447 431 338 187
9 9 5 1 100 0.75 10 1721 731 557 305 446 445 352 182
9 9 5 1 100 0.75 10 1722 737 558 310 455 453 360 184
9 9 5 1 100 0.75 10 1723 748 554 300 452 466 373 184
9 9 5 1 100 0.75 10 1724 760 550 296 454 479 386 181
9 9 5 1 100 0.75 10 1725 769 549 287 457 489 396 179
9 9 5 1 100 0.75 10 1726 777 551 289 464 495 403 178
9 9 5 1 100 0.75 10 1727 779 550 277 470 505 413 181
9 9 5 1 100 0.75 10 1728 789 549 286 469 515 423 183
9 9 5 1 100 0.75 10 1729 794 550 281 476 523 431 185
9 9 5 1 100 0.75 10 1730 798 545 264 471 536 445 181
9 9 5 1 100 0.75 10 1731 805 546 263 473 543 453 181
9 9 5 1 100 0.75 10 1732 810 547 268 478 550 461 187
9 9 5 1 100 0.75 10 1733 810 544 261 476 562 473 183
9 9 5 1 100 0.75 10 1734 813 542 260 468 573 484 182
9 9 5 1 100 0.75 10 1735 818 537 263 466 587 498 177
9 9 5 1 100 0.75 10 1736 821 537 249 466 595 507 175
9 9 5 1 100 0.75 10 1737 825 536 260 465 605 517 172
9 9 5 1 100 0.75 10 1738 829 533 254 463 617 529 171
9 9 5 1 100 0.75 10 1739 831 536 242 468 623 535 173
9 9 5 1 100 0.75 10 1740 833 530 241 459 638 550 164
9 9 5 1 100 0.75 10 1741 834 533 235 465 644 556 166
9 9 5 1 100 0.75 10 1742 835 527 225 459 658 571 156
9 9 5 1 100 0.75 10 1743 839 520 210 447 674 587 149
9 9 5 1 100 0.75 10 1744 842 520 216 452 682 596 147
9 9 5 1 100 0.75 10 1745 847 525 213 456 686 600 152
9 9 5 1 100 0.75 10 1746 850 523 222 454 695 611 145
9 9 5 1 100 0.75 10 1747 853 522 195 451 705 621 142
9 9 5 1 100 0.75 10 1748 854 519 206 449 717 633 135
9 9 5 1 100 0.75 10 1749 857 519 210 448 726 642 131
9 9 5 1 100 0.75 10 1750 860 513 198 443 740 657 125
9 9 5 1 100 0.75 10 1751 863 514 191 442 747 665 128
9 9 5 1 100 0.75 10 1752 866 516 194 447 754 672 124
9 9 5 1 100 0.75 10 1753 870 514 191 444 765 683 121
9 9 5 1 100 0.75 10 1754 876 517 188 446 771 689 119
9 9 5 1 100 0.75 10 1755 876 518 187 451 779 697 117
9 9 5 1 100 0.75 10 1756 878 520 192 452 786 704 115
9 9 5 1 100 0.75 10 1757 880 519 203 450 796 714 109
9 9 5 1 100 0.75 10 1758 882 521 201 452 803 721 108
9 9 5 1 100 0.75 10 1759 884 525 201 455 807 726 114
9 9 5 1 100 0.75 10 1760 885 526 177 455 815 734 110
9 9 5 1 100 0.75 10 1761 887 530 201 461 820 739 114
9 9 5 1 100 0.75 10 1762 891 531 189 461 827 747 113
9 9 5 1 100 0.75 10 1763 891 529 192 463 838 758 111
9 9 5 1 100 0.75 10 1764 895 532 189 461 843 764 109
9 9 5 1 100 0.75 10 1765 896 537 182 470 847 768 112
9 9 5 1 100 0.75 10 1766 897 539 191 469 853 775 111
9 9 5 1 100 0.75 10 1767 901 541 173 474 858 782 108
9 9 5 1 100 0.75 10 1768 903 543 187 478 864 789 108
9 9 5 1 100 0.75 10 1769 904 548 197 481 867 793 114
9 9 5 1 100 0.75 10 1770 905 546 178 479 878 804 109
9 9 5 1 100 0.75 10 1770 905 546 546 479 982 804 109
9 9 5 1 100 0.75 10 1800 905 546 546 479 98 804 109
