20 3 5 1 100 0.75 1 1 0 20 20 0 100 0 0
20 3 5 1 100 0.75 1 2 0 40 40 0 100 0 0
20 3 5 1 100 0.75 1 3 0 60 60 0 100 0 0
20 3 5 1 100 0.75 1 4 0 80 80 0 100 0 0
20 3 5 1 100 0.75 1 5 0 100 100 0 100 0 0
20 3 5 1 100 0.75 1 6 0 120 120 0 100 0 0
20 3 5 1 100 0.75 1 7 0 140 140 0 100 0 0
20 3 5 1 100 0.75 1 8 1 160 159 0 100 0 0
20 3 5 1 100 0.75 1 9 2 180 176 1 100 0 0
20 3 5 1 100 0.75 1 10 3 200 193 2 100 0 0
20 3 5 1 100 0.75 1 11 6 220 211 3 100 0 0
20 3 5 1 100 0.75 1 12 8 240 227 6 100 0 0
20 3 5 1 100 0.75 1 13 10 260 243 8 100 0 0
20 3 5 1 100 0.75 1 14 13 280 263 10 100 0 0
20 3 5 1 100 0.75 1 15 14 300 281 13 100 0 1
20 3 5 1 100 0.75 1 16 17 320 299 14 99 0 1
20 3 5 1 100 0.75 1 17 22 340 315 17 98 0 2
20 3 5 1 100 0.75 1 18 26 360 335 22 98 0 3
20 3 5 1 100 0.75 1 19 33 380 353 26 98 0 5
20 3 5 1 100 0.75 1 20 40 400 362 33 98 0 7
20 3 5 1 100 0.75 1 21 41 420 386 40 98 0 9
20 3 5 1 100 0.75 1 22 45 440 401 41 98 0 11
20 3 5 1 100 0.75 1 23 48 460 418 45 98 0 12
20 3 5 1 100 0.75 1 24 56 480 435 48 98 0 17
20 3 5 1 100 0.75 1 25 58 500 458 56 98 0 18
20 3 5 1 100 0.75 1 26 63 520 470 58 98 0 23
20 3 5 1 100 0.75 1 27 68 540 496 63 98 0 29
20 3 5 1 100 0.75 1 28 72 560 513 68 98 0 33
20 3 5 1 100 0.75 1 29 78 580 525 72 98 0 35
20 3 5 1 100 0.75 1 30 82 599 547 77 99 1 36
20 3 5 1 100 0.75 1 31 86 619 570 81 99 1 40
20 3 5 1 100 0.75 1 32 96 639 583 85 99 1 43
20 3 5 1 100 0.75 1 33 103 658 602 94 100 2 44
20 3 5 1 100 0.75 1 34 111 678 618 101 100 2 47
20 3 5 1 100 0.75 1 35 122 696 634 107 102 4 51
20 3 5 1 100 0.75 1 36 126 713 648 115 105 7 54
20 3 5 1 100 0.75 1 37 131 732 664 118 106 8 55
20 3 5 1 100 0.75 1 38 133 751 683 122 107 9 57
20 3 5 1 100 0.75 1 39 141 771 698 124 107 9 61
20 3 5 1 100 0.75 1 40 150 787 715 128 111 13 64
20 3 5 1 100 0.75 1 41 158 803 728 133 115 17 63
20 3 5 1 100 0.75 1 42 168 820 743 138 118 20 69
20 3 5 1 100 0.75 1 43 177 836 757 145 122 24 68
20 3 5 1 100 0.75 1 44 184 854 769 152 124 26 68
20 3 5 1 100 0.75 1 45 193 871 787 156 126 29 69
20 3 5 1 100 0.75 1 46 198 888 799 162 129 32 68
20 3 5 1 100 0.75 1 47 207 905 814 165 132 35 74
20 3 5 1 100 0.75 1 48 214 921 825 170 136 39 76
20 3 5 1 100 0.75 1 49 226 938 837 175 139 42 84
20 3 5 1 100 0.75 1 50 237 952 845 181 145 48 83
20 3 5 1 100 0.75 1 51 248 969 861 190 148 51 85
20 3 5 1 100 0.75 1 52 256 984 879 198 153 56 88
20 3 5 1 100 0.75 1 53 267 1004 885 208 153 56 91
20 3 5 1 100 0.75 1 54 275 1019 895 214 158 61 93
20 3 5 1 100 0.75 1 55 286 1034 907 223 163 66 94
20 3 5 1 100 0.75 1 56 298 1050 917 233 167 70 100
20 3 5 1 100 0.75 1 57 316 1052 914 242 171 74 107
20 3 5 1 100 0.75 1 58 327 1049 907 255 178 81 107
20 3 5 1 100 0.75 1 59 341 1054 911 265 180 83 118
20 3 5 1 100 0.75 1 60 357 1050 895 280 185 89 121
20 3 5 1 100 0.75 1 61 367 1051 892 296 190 94 122
20 3 5 1 100 0.75 1 62 373 1052 886 309 194 98 129
20 3 5 1 100 0.75 1 63 378 1054 889 327 195 100 132
20 3 5 1 100 0.75 1 64 395 1047 873 329 204 109 142
20 3 5 1 100 0.75 1 65 408 1047 869 341 213 118 143
20 3 5 1 100 0.75 1 66 418 1051 876 354 218 123 151
20 3 5 1 100 0.75 1 67 426 1047 861 364 227 132 158
20 3 5 1 100 0.75 1 68 432 1054 868 375 229 134 170
20 3 5 1 100 0.75 1 69 440 1053 866 384 232 137 187
20 3 5 1 100 0.75 1 70 447 1050 861 389 238 143 189
20 3 5 1 100 0.75 1 71 455 1048 853 390 246 151 190
20 3 5 1 100 0.75 1 72 470 1048 845 400 254 159 196
20 3 5 1 100 0.75 1 73 481 1050 844 414 260 165 205
20 3 5 1 100 0.75 1 74 493 1046 830 424 269 175 205
20 3 5 1 100 0.75 1 75 499 1044 832 428 280 187 206
20 3 5 1 100 0.75 1 76 506 1047 823 433 289 196 206
20 3 5 1 100 0.75 1 77 515 1050 815 437 295 202 205
20 3 5 1 100 0.75 1 78 523 1047 812 443 304 211 207
20 3 5 1 100 0.75 1 79 534 1043 797 445 317 224 213
20 3 5 1 100 0.75 1 80 549 1048 801 453 325 232 220
20 3 5 1 100 0.75 1 81 561 1052 809 471 328 236 230
20 3 5 1 100 0.75 1 82 577 1037 782 470 347 255 220
20 3 5 1 100 0.75 1 83 587 1047 783 489 356 264 222
20 3 5 1 100 0.75 1 84 593 1039 763 492 373 281 212
20 3 5 1 100 0.75 1 85 599 1045 767 499 384 292 216
20 3 5 1 100 0.75 1 86 606 1038 760 494 402 310 210
20 3 5 1 100 0.75 1 87 617 1038 736 493 420 328 207
20 3 5 1 100 0.75 1 88 635 1044 720 506 431 340 210
20 3 5 1 100 0.75 1 89 647 1042 719 514 445 354 221
20 3 5 1 100 0.75 1 90 661 1043 724 526 458 367 223
20 3 5 1 100 0.75 1 91 668 1048 721 543 466 375 229
20 3 5 1 100 0.75 1 92 678 1043 704 554 477 388 229
20 3 5 1 100 0.75 1 93 683 1050 708 567 483 394 232
20 3 5 1 100 0.75 1 94 695 1047 694 578 492 403 242
20 3 5 1 100 0.75 1 95 708 1042 666 596 506 417 243
20 3 5 1 100 0.75 1 96 722 1043 666 609 519 430 245
20 3 5 1 100 0.75 1 97 730 1046 672 625 529 440 248
20 3 5 1 100 0.75 1 98 748 1045 652 635 539 451 258
20 3 5 1 100 0.75 1 99 759 1044 641 654 551 463 264
20 3 5 1 100 0.75 1 100 768 1038 640 654 569 481 257
20 3 5 1 100 0.75 1 101 776 1047 631 665 578 490 267
20 3 5 1 100 0.75 1 102 790 1042 624 667 592 504 276
20 3 5 1 100 0.75 1 103 803 1044 620 681 604 516 283
20 3 5 1 100 0.75 1 104 814 1041 612 693 619 531 288
20 3 5 1 100 0.75 1 105 824 1037 601 699 637 550 293
20 3 5 1 100 0.75 1 106 836 1043 597 703 648 563 300
20 3 5 1 100 0.75 1 107 845 1044 598 717 660 575 301
20 3 5 1 100 0.75 1 108 854 1040 564 727 676 591 296
20 3 5 1 100 0.75 1 109 864 1037 573 727 695 610 292
20 3 5 1 100 0.75 1 110 871 1039 563 733 712 627 293
20 3 5 1 100 0.75 1 111 878 1042 564 738 726 641 296
20 3 5 1 100 0.75 1 112 888 1043 540 744 739 654 301
20 3 5 1 100 0.75 1 113 897 1039 537 755 756 671 307
20 3 5 1 100 0.75 1 114 905 1037 536 764 775 690 312
20 3 5 1 100 0.75 1 115 912 1043 520 772 787 703 316
20 3 5 1 100 0.75 1 116 919 1040 513 776 803 719 314
20 3 5 1 100 0.75 1 117 926 1034 493 776 825 741 309
20 3 5 1 100 0.75 1 118 930 1042 488 786 836 753 308
20 3 5 1 100 0.75 1 119 939 1042 489 796 849 767 310
20 3 5 1 100 0.75 1 120 947 1032 470 793 873 791 303
20 3 5 1 100 0.75 1 121 952 1034 476 799 890 809 303
20 3 5 1 100 0.75 1 122 956 1038 471 807 906 825 304
20 3 5 1 100 0.75 1 123 959 1039 462 811 923 842 303
20 3 5 1 100 0.75 1 124 970 1038 438 811 941 860 302
20 3 5 1 100 0.75 1 125 974 1037 447 816 960 879 302
20 3 5 1 100 0.75 1 126 975 1041 439 827 974 894 299
20 3 5 1 100 0.75 1 127 983 1032 408 817 998 918 293
20 3 5 1 100 0.75 1 128 989 1035 414 821 1014 935 292
20 3 5 1 100 0.75 1 129 994 1040 425 836 1029 950 296
20 3 5 1 100 0.75 1 130 996 1038 412 840 1047 968 295
20 3 5 1 100 0.75 1 131 1002 1033 384 839 1070 991 289
20 3 5 1 100 0.75 1 132 1006 1031 393 839 1092 1013 283
20 3 5 1 100 0.75 1 133 1011 1034 377 845 1109 1030 281
20 3 5 1 100 0.75 1 134 1015 1035 377 844 1128 1049 280
20 3 5 1 100 0.75 1 135 1023 1043 369 855 1140 1061 289
20 3 5 1 100 0.75 1 136 1025 1046 384 874 1150 1071 297
20 3 5 1 100 0.75 1 137 1027 1044 370 885 1162 1083 308
20 3 5 1 100 0.75 1 138 1029 1038 370 885 1179 1101 306
20 3 5 1 100 0.75 1 139 1032 1036 369 883 1199 1121 306
20 3 5 1 100 0.75 1 140 1035 1039 358 893 1216 1138 307
20 3 5 1 100 0.75 1 141 1038 1038 341 899 1234 1156 300
20 3 5 1 100 0.75 1 142 1043 1042 345 909 1246 1170 309
20 3 5 1 100 0.75 1 143 1045 1042 328 911 1259 1184 315
20 3 5 1 100 0.75 1 144 1048 1043 327 916 1272 1197 317
20 3 5 1 100 0.75 1 145 1049 1033 309 904 1294 1220 305
20 3 5 1 100 0.75 1 146 1050 1036 319 901 1311 1237 306
20 3 5 1 100 0.75 1 147 1052 1043 299 913 1324 1250 316
20 3 5 1 100 0.75 1 148 1052 1044 305 922 1335 1262 323
20 3 5 1 100 0.75 1 149 1055 1035 273 915 1356 1283 321
20 3 5 1 100 0.75 1 150 1055 1036 305 916 1373 1302 312
20 3 5 1 100 0.75 1 150 1055 1036 1036 916 1641 1302 312
20 3 5 1 100 0.75 1 180 1055 1036 1036 916 33 1302 312
20 3 5 1 100 0.75 2 181 0 20 20 0 33 0 0
20 3 5 1 100 0.75 2 182 0 40 40 0 33 0 0
20 3 5 1 100 0.75 2 183 0 60 60 0 33 0 0
20 3 5 1 100 0.75 2 184 0 80 80 0 33 0 0
20 3 5 1 100 0.75 2 185 0 100 100 0 33 0 0
20 3 5 1 100 0.75 2 186 0 120 120 0 33 0 0
20 3 5 1 100 0.75 2 187 0 140 139 0 33 0 0
20 3 5 1 100 0.75 2 188 0 160 159 0 33 0 0
20 3 5 1 100 0.75 2 189 1 180 178 0 33 0 0
20 3 5 1 100 0.75 2 190 2 200 196 1 33 0 0
20 3 5 1 100 0.75 2 191 4 220 215 2 33 0 0
20 3 5 1 100 0.75 2 192 7 240 231 4 33 0 0
20 3 5 1 100 0.75 2 193 10 260 249 7 33 0 0
20 3 5 1 100 0.75 2 194 12 280 267 10 33 0 0
20 3 5 1 100 0.75 2 195 17 300 283 12 33 0 0
20 3 5 1 100 0.75 2 196 18 320 302 17 33 0 1
20 3 5 1 100 0.75 2 197 20 340 320 18 33 0 1
20 3 5 1 100 0.75 2 198 21 360 341 20 33 0 2
20 3 5 1 100 0.75 2 199 26 380 356 21 33 0 4
20 3 5 1 100 0.75 2 200 28 400 378 26 33 0 5
20 3 5 1 100 0.75 2 201 29 420 398 28 33 0 9
20 3 5 1 100 0.75 2 202 33 440 421 29 33 0 11
20 3 5 1 100 0.75 2 203 34 460 442 33 33 0 14
20 3 5 1 100 0.75 2 204 36 480 460 34 33 0 14
20 3 5 1 100 0.75 2 205 39 500 480 36 33 0 16
20 3 5 1 100 0.75 2 206 44 520 498 39 33 0 19
20 3 5 1 100 0.75 2 207 46 540 518 44 33 0 20
20 3 5 1 100 0.75 2 208 49 560 534 46 33 0 22
20 3 5 1 100 0.75 2 209 53 580 556 49 33 0 26
20 3 5 1 100 0.75 2 210 55 600 575 53 33 0 27
20 3 5 1 100 0.75 2 211 57 619 596 54 34 1 27
20 3 5 1 100 0.75 2 212 58 639 613 56 34 1 28
20 3 5 1 100 0.75 2 213 61 659 633 57 34 1 30
20 3 5 1 100 0.75 2 214 64 679 655 60 34 1 34
20 3 5 1 100 0.75 2 215 68 698 673 62 35 2 36
20 3 5 1 100 0.75 2 216 70 717 688 65 36 3 38
20 3 5 1 100 0.75 2 217 76 734 707 64 39 6 35
20 3 5 1 100 0.75 2 218 79 753 722 69 40 7 35
20 3 5 1 100 0.75 2 219 84 770 737 69 43 10 34
20 3 5 1 100 0.75 2 220 89 789 756 73 44 11 34
20 3 5 1 100 0.75 2 221 99 803 760 72 50 17 30
20 3 5 1 100 0.75 2 222 101 823 781 82 50 17 34
20 3 5 1 100 0.75 2 223 103 842 803 83 51 18 36
20 3 5 1 100 0.75 2 224 109 861 818 84 52 19 38
20 3 5 1 100 0.75 2 225 114 877 831 86 56 23 36
20 3 5 1 100 0.75 2 226 119 895 849 90 58 25 36
20 3 5 1 100 0.75 2 227 125 915 869 97 58 25 40
20 3 5 1 100 0.75 2 228 132 934 887 102 59 26 44
20 3 5 1 100 0.75 2 229 138 950 901 105 63 30 44
20 3 5 1 100 0.75 2 230 142 967 918 108 66 33 43
20 3 5 1 100 0.75 2 231 147 985 929 110 68 35 43
20 3 5 1 100 0.75 2 232 151 1005 949 116 68 35 49
20 3 5 1 100 0.75 2 233 158 1023 965 120 70 37 51
20 3 5 1 100 0.75 2 234 162 1041 978 125 72 39 52
20 3 5 1 100 0.75 2 235 174 1055 991 130 73 40 54
20 3 5 1 100 0.75 2 236 183 1054 988 142 75 42 59
20 3 5 1 100 0.75 2 237 190 1053 982 150 78 45 58
20 3 5 1 100 0.75 2 238 199 1053 977 156 81 48 59
20 3 5 1 100 0.75 2 239 204 1054 976 164 83 50 62
20 3 5 1 100 0.75 2 240 210 1054 977 171 85 52 67
20 3 5 1 100 0.75 2 241 219 1053 970 177 88 55 67
20 3 5 1 100 0.75 2 242 225 1055 973 188 89 56 76
20 3 5 1 100 0.75 2 243 230 1056 970 196 89 56 84
20 3 5 1 100 0.75 2 244 238 1049 961 199 96 63 85
20 3 5 1 100 0.75 2 245 244 1053 968 208 99 66 88
20 3 5 1 100 0.75 2 246 250 1051 961 214 104 71 90
20 3 5 1 100 0.75 2 247 257 1053 960 217 107 74 90
20 3 5 1 100 0.75 2 248 262 1052 959 225 111 78 92
20 3 5 1 100 0.75 2 249 273 1052 951 228 115 82 96
20 3 5 1 100 0.75 2 250 279 1053 951 237 118 85 101
20 3 5 1 100 0.75 2 251 285 1053 950 241 121 88 103
20 3 5 1 100 0.75 2 252 294 1055 951 250 122 89 111
20 3 5 1 100 0.75 2 253 301 1050 935 257 128 95 111
20 3 5 1 100 0.75 2 254 304 1051 938 266 133 100 113
20 3 5 1 100 0.75 2 255 309 1050 936 268 139 106 117
20 3 5 1 100 0.75 2 256 318 1052 936 269 143 110 120
20 3 5 1 100 0.75 2 257 328 1053 927 281 146 113 123
20 3 5 1 100 0.75 2 258 331 1051 925 289 151 118 123
20 3 5 1 100 0.75 2 259 345 1049 920 291 157 125 123
20 3 5 1 100 0.75 2 260 351 1047 910 298 166 134 124
20 3 5 1 100 0.75 2 261 355 1050 910 301 172 140 125
20 3 5 1 100 0.75 2 262 363 1046 902 296 182 150 124
20 3 5 1 100 0.75 2 263 368 1051 896 308 187 155 128
20 3 5 1 100 0.75 2 264 377 1051 901 313 192 160 133
20 3 5 1 100 0.75 2 265 389 1047 887 316 201 169 128
20 3 5 1 100 0.75 2 266 396 1049 884 325 208 176 132
20 3 5 1 100 0.75 2 267 406 1049 873 335 215 183 134
20 3 5 1 100 0.75 2 268 411 1053 882 347 218 186 140
20 3 5 1 100 0.75 2 269 418 1046 859 348 228 196 134
20 3 5 1 100 0.75 2 270 425 1050 872 359 234 202 141
20 3 5 1 100 0.75 2 271 436 1046 852 361 244 212 138
20 3 5 1 100 0.75 2 272 445 1049 845 373 251 219 135
20 3 5 1 100 0.75 2 273 453 1050 839 382 257 225 139
20 3 5 1 100 0.75 2 274 463 1048 834 390 265 233 146
20 3 5 1 100 0.75 2 275 474 1048 825 400 273 241 147
20 3 5 1 100 0.75 2 276 479 1050 835 409 279 247 149
20 3 5 1 100 0.75 2 277 486 1049 830 416 286 254 154
20 3 5 1 100 0.75 2 278 500 1049 827 423 293 261 159
20 3 5 1 100 0.75 2 279 512 1046 804 437 303 271 162
20 3 5 1 100 0.75 2 280 517 1046 818 444 313 281 163
20 3 5 1 100 0.75 2 281 528 1048 793 450 321 289 166
20 3 5 1 100 0.75 2 282 539 1047 800 456 330 298 168
20 3 5 1 100 0.75 2 283 550 1048 789 468 338 306 170
20 3 5 1 100 0.75 2 284 558 1049 779 480 345 313 173
20 3 5 1 100 0.75 2 285 569 1048 777 486 353 321 178
20 3 5 1 100 0.75 2 286 584 1049 776 496 360 328 184
20 3 5 1 100 0.75 2 287 593 1050 783 513 365 334 189
20 3 5 1 100 0.75 2 288 604 1045 762 524 376 345 190
20 3 5 1 100 0.75 2 289 614 1050 766 534 382 351 200
20 3 5 1 100 0.75 2 290 625 1045 751 542 393 362 205
20 3 5 1 100 0.75 2 291 635 1045 757 549 404 373 206
20 3 5 1 100 0.75 2 292 641 1046 733 561 414 383 207
20 3 5 1 100 0.75 2 293 652 1043 725 561 427 396 211
20 3 5 1 100 0.75 2 294 671 1045 733 567 438 407 220
20 3 5 1 100 0.75 2 295 682 1046 716 581 447 417 217
20 3 5 1 100 0.75 2 296 693 1045 719 591 457 428 224
20 3 5 1 100 0.75 2 297 703 1047 705 605 466 437 225
20 3 5 1 100 0.75 2 298 714 1043 714 606 479 450 230
20 3 5 1 100 0.75 2 299 722 1046 687 622 489 460 227
20 3 5 1 100 0.75 2 300 731 1044 692 626 501 472 232
20 3 5 1 100 0.75 2 301 741 1045 679 638 512 483 235
20 3 5 1 100 0.75 2 302 754 1042 669 641 525 497 245
20 3 5 1 100 0.75 2 303 767 1044 667 650 537 509 244
20 3 5 1 100 0.75 2 304 779 1040 666 662 552 525 250
20 3 5 1 100 0.75 2 305 788 1052 658 683 554 529 259
20 3 5 1 100 0.75 2 306 797 1039 647 683 571 546 259
20 3 5 1 100 0.75 2 307 807 1041 631 693 586 561 265
20 3 5 1 100 0.75 2 308 814 1042 623 698 600 575 266
20 3 5 1 100 0.75 2 309 822 1043 604 699 613 588 263
20 3 5 1 100 0.75 2 310 834 1043 611 704 626 601 265
20 3 5 1 100 0.75 2 311 844 1047 604 723 633 610 281
20 3 5 1 100 0.75 2 312 853 1044 595 736 645 622 286
20 3 5 1 100 0.75 2 313 862 1042 590 743 659 636 285
20 3 5 1 100 0.75 2 314 874 1043 586 749 672 649 292
20 3 5 1 100 0.75 2 315 881 1044 587 762 684 661 294
20 3 5 1 100 0.75 2 316 885 1038 557 770 702 679 286
20 3 5 1 100 0.75 2 317 895 1037 552 767 721 698 285
20 3 5 1 100 0.75 2 318 900 1043 537 779 734 711 293
20 3 5 1 100 0.75 2 319 904 1042 541 778 748 725 296
20 3 5 1 100 0.75 2 320 910 1034 524 772 769 747 288
20 3 5 1 100 0.75 2 321 917 1040 524 777 782 761 292
20 3 5 1 100 0.75 2 322 927 1040 524 786 798 777 292
20 3 5 1 100 0.75 2 323 935 1044 531 793 810 789 299
20 3 5 1 100 0.75 2 324 940 1035 504 791 830 810 290
20 3 5 1 100 0.75 2 325 944 1042 483 801 843 823 299
20 3 5 1 100 0.75 2 326 947 1038 491 806 861 841 289
20 3 5 1 100 0.75 2 327 952 1042 476 810 874 855 292
20 3 5 1 100 0.75 2 328 959 1035 480 811 895 876 284
20 3 5 1 100 0.75 2 329 966 1039 471 820 911 892 288
20 3 5 1 100 0.75 2 330 971 1028 452 812 939 920 276
20 3 5 1 100 0.75 2 330 971 1028 1028 812 1179 920 276
20 3 5 1 100 0.75 2 360 971 1028 1028 812 33 920 276
20 3 5 1 100 0.75 3 361 0 20 20 0 33 0 0
20 3 5 1 100 0.75 3 362 0 40 40 0 33 0 0
20 3 5 1 100 0.75 3 363 0 60 60 0 33 0 0
20 3 5 1 100 0.75 3 364 0 80 80 0 33 0 0
20 3 5 1 100 0.75 3 365 0 100 100 0 33 0 0
20 3 5 1 100 0.75 3 366 0 120 120 0 33 0 0
20 3 5 1 100 0.75 3 367 0 140 140 0 33 0 0
20 3 5 1 100 0.75 3 368 0 160 160 0 33 0 0
20 3 5 1 100 0.75 3 369 0 180 179 0 33 0 0
20 3 5 1 100 0.75 3 370 1 200 198 0 33 0 0
20 3 5 1 100 0.75 3 371 2 220 215 1 33 0 0
20 3 5 1 100 0.75 3 372 2 240 234 2 33 0 0
20 3 5 1 100 0.75 3 373 3 260 254 2 33 0 0
20 3 5 1 100 0.75 3 374 4 280 275 3 33 0 0
20 3 5 1 100 0.75 3 375 8 300 292 4 33 0 0
20 3 5 1 100 0.75 3 376 10 320 310 8 33 0 0
20 3 5 1 100 0.75 3 377 11 340 328 10 33 0 0
20 3 5 1 100 0.75 3 378 12 360 348 11 33 0 0
20 3 5 1 100 0.75 3 379 13 380 366 12 33 0 0
20 3 5 1 100 0.75 3 380 15 400 387 13 33 0 1
20 3 5 1 100 0.75 3 381 18 420 402 15 33 0 1
20 3 5 1 100 0.75 3 382 20 440 423 18 33 0 2
20 3 5 1 100 0.75 3 383 24 460 442 20 33 0 5
20 3 5 1 100 0.75 3 384 28 480 458 24 33 0 7
20 3 5 1 100 0.75 3 385 29 500 479 28 33 0 8
20 3 5 1 100 0.75 3 386 30 520 497 29 33 0 9
20 3 5 1 100 0.75 3 387 35 540 518 30 33 0 11
20 3 5 1 100 0.75 3 388 38 560 531 35 33 0 11
20 3 5 1 100 0.75 3 389 39 580 555 38 33 0 13
20 3 5 1 100 0.75 3 390 45 600 575 39 33 0 15
20 3 5 1 100 0.75 3 391 46 620 596 45 33 0 17
20 3 5 1 100 0.75 3 392 49 640 615 46 33 0 19
20 3 5 1 100 0.75 3 393 50 660 635 49 33 0 20
20 3 5 1 100 0.75 3 394 53 680 656 50 33 0 21
20 3 5 1 100 0.75 3 395 57 700 674 53 33 0 24
20 3 5 1 100 0.75 3 396 60 720 696 57 33 0 26
20 3 5 1 100 0.75 3 397 61 740 714 60 33 0 27
20 3 5 1 100 0.75 3 398 66 759 734 60 34 1 33
20 3 5 1 100 0.75 3 399 71 778 751 64 35 2 34
20 3 5 1 100 0.75 3 400 77 794 765 65 39 6 32
20 3 5 1 100 0.75 3 401 79 812 779 69 41 8 30
20 3 5 1 100 0.75 3 402 82 832 799 71 41 8 34
20 3 5 1 100 0.75 3 403 90 850 815 72 43 10 36
20 3 5 1 100 0.75 3 404 93 870 833 80 43 10 36
20 3 5 1 100 0.75 3 405 98 890 853 83 43 10 40
20 3 5 1 100 0.75 3 406 102 906 866 84 47 14 38
20 3 5 1 100 0.75 3 407 112 925 885 87 48 15 43
20 3 5 1 100 0.75 3 408 117 942 898 94 51 18 42
20 3 5 1 100 0.75 3 409 121 961 917 98 52 19 43
20 3 5 1 100 0.75 3 410 128 979 930 100 54 21 44
20 3 5 1 100 0.75 3 411 133 999 949 108 54 21 48
20 3 5 1 100 0.75 3 412 138 1017 966 112 56 23 52
20 3 5 1 100 0.75 3 413 144 1035 983 115 58 25 53
20 3 5 1 100 0.75 3 414 147 1053 997 119 60 27 53
20 3 5 1 100 0.75 3 415 157 1053 997 119 63 30 57
20 3 5 1 100 0.75 3 416 164 1052 989 127 67 34 56
20 3 5 1 100 0.75 3 417 173 1054 987 136 69 36 61
20 3 5 1 100 0.75 3 418 177 1053 987 142 72 39 63
20 3 5 1 100 0.75 3 419 184 1055 988 148 73 40 69
20 3 5 1 100 0.75 3 420 192 1053 984 152 76 43 67
20 3 5 1 100 0.75 3 421 197 1053 976 158 79 46 68
20 3 5 1 100 0.75 3 422 202 1053 977 167 82 49 68
20 3 5 1 100 0.75 3 423 215 1051 969 169 87 54 74
20 3 5 1 100 0.75 3 424 225 1054 974 184 89 56 79
20 3 5 1 100 0.75 3 425 229 1054 967 194 91 58 82
20 3 5 1 100 0.75 3 426 235 1053 969 198 94 61 84
20 3 5 1 100 0.75 3 427 240 1054 965 203 96 63 89
20 3 5 1 100 0.75 3 428 243 1054 963 212 98 65 90
20 3 5 1 100 0.75 3 429 251 1050 957 211 104 71 94
20 3 5 1 100 0.75 3 430 259 1051 956 218 109 76 96
20 3 5 1 100 0.75 3 431 267 1049 950 222 116 83 96
20 3 5 1 100 0.75 3 432 280 1053 952 231 119 86 101
20 3 5 1 100 0.75 3 433 288 1050 941 239 125 92 98
20 3 5 1 100 0.75 3 434 293 1054 941 247 127 94 102
20 3 5 1 100 0.75 3 435 301 1051 942 250 132 99 103
20 3 5 1 100 0.75 3 436 312 1049 935 252 139 106 106
20 3 5 1 100 0.75 3 437 320 1052 932 263 143 110 109
20 3 5 1 100 0.75 3 438 325 1053 928 274 146 113 116
20 3 5 1 100 0.75 3 439 335 1054 928 281 148 115 126
20 3 5 1 100 0.75 3 440 345 1051 914 294 153 120 132
20 3 5 1 100 0.75 3 441 351 1046 906 298 163 130 125
20 3 5 1 100 0.75 3 442 362 1049 903 302 170 137 128
20 3 5 1 100 0.75 3 443 370 1052 911 310 174 141 132
20 3 5 1 100 0.75 3 444 377 1054 907 320 176 143 144
20 3 5 1 100 0.75 3 445 385 1045 891 323 187 154 140
20 3 5 1 100 0.75 3 446 393 1052 897 332 191 158 143
20 3 5 1 100 0.75 3 447 401 1046 880 332 201 168 147
20 3 5 1 100 0.75 3 448 410 1047 886 335 210 177 147
20 3 5 1 100 0.75 3 449 417 1050 877 344 216 183 147
20 3 5 1 100 0.75 3 450 423 1052 879 356 220 187 151
20 3 5 1 100 0.75 3 451 432 1050 870 362 226 193 157
20 3 5 1 100 0.75 3 452 444 1050 861 368 232 199 158
20 3 5 1 100 0.75 3 453 454 1051 867 379 237 204 163
20 3 5 1 100 0.75 3 454 465 1043 848 385 250 217 159
20 3 5 1 100 0.75 3 455 472 1046 845 394 260 227 158
20 3 5 1 100 0.75 3 456 481 1049 841 405 267 234 158
20 3 5 1 100 0.75 3 457 489 1049 837 414 274 241 165
20 3 5 1 100 0.75 3 458 499 1047 824 419 283 250 167
20 3 5 1 100 0.75 3 459 508 1047 828 426 292 259 169
20 3 5 1 100 0.75 3 460 521 1047 821 431 301 268 173
20 3 5 1 100 0.75 3 461 531 1051 823 447 306 273 181
20 3 5 1 100 0.75 3 462 542 1041 805 447 321 288 174
20 3 5 1 100 0.75 3 463 548 1046 799 463 330 298 178
20 3 5 1 100 0.75 3 464 559 1048 787 467 338 306 180
20 3 5 1 100 0.75 3 465 571 1046 782 473 348 316 182
20 3 5 1 100 0.75 3 466 579 1046 776 488 358 326 183
20 3 5 1 100 0.75 3 467 589 1045 769 491 369 337 189
20 3 5 1 100 0.75 3 468 599 1048 754 505 377 345 191
20 3 5 1 100 0.75 3 469 610 1052 766 517 380 349 201
20 3 5 1 100 0.75 3 470 621 1046 754 532 390 359 205
20 3 5 1 100 0.75 3 471 629 1045 744 542 401 370 203
20 3 5 1 100 0.75 3 472 645 1049 757 554 407 377 218
20 3 5 1 100 0.75 3 473 658 1044 722 566 419 389 219
20 3 5 1 100 0.75 3 474 666 1043 725 575 432 402 218
20 3 5 1 100 0.75 3 475 678 1046 710 587 442 412 219
20 3 5 1 100 0.75 3 476 691 1040 700 590 458 428 222
20 3 5 1 100 0.75 3 477 698 1047 705 599 467 437 226
20 3 5 1 100 0.75 3 478 714 1048 702 605 475 445 236
20 3 5 1 100 0.75 3 479 728 1047 686 624 484 454 248
20 3 5 1 100 0.75 3 480 742 1039 670 629 501 471 244
20 3 5 1 100 0.75 3 481 753 1047 682 643 510 480 246
20 3 5 1 100 0.75 3 482 763 1048 672 658 518 488 256
20 3 5 1 100 0.75 3 483 775 1042 660 666 531 502 253
20 3 5 1 100 0.75 3 484 788 1047 662 679 540 511 254
20 3 5 1 100 0.75 3 485 798 1043 632 694 553 524 258
20 3 5 1 100 0.75 3 486 811 1042 633 700 567 538 259
20 3 5 1 100 0.75 3 487 825 1039 616 701 584 555 258
20 3 5 1 100 0.75 3 488 838 1046 629 721 594 565 268
20 3 5 1 100 0.75 3 489 846 1040 605 731 610 581 268
20 3 5 1 100 0.75 3 490 856 1040 599 730 625 597 269
20 3 5 1 100 0.75 3 491 865 1044 589 739 637 609 276
20 3 5 1 100 0.75 3 492 871 1043 597 748 650 622 281
20 3 5 1 100 0.75 3 493 884 1031 568 740 675 647 269
20 3 5 1 100 0.75 3 494 890 1040 560 755 685 658 276
20 3 5 1 100 0.75 3 495 899 1040 565 760 701 674 280
20 3 5 1 100 0.75 3 496 907 1045 563 774 711 685 284
20 3 5 1 100 0.75 3 497 914 1037 543 773 729 704 278
20 3 5 1 100 0.75 3 498 920 1040 546 782 744 720 278
20 3 5 1 100 0.75 3 499 923 1041 531 788 759 735 275
20 3 5 1 100 0.75 3 500 927 1040 520 786 774 751 274
20 3 5 1 100 0.75 3 501 939 1041 523 790 789 766 278
20 3 5 1 100 0.75 3 502 943 1043 521 808 802 779 279
20 3 5 1 100 0.75 3 503 952 1038 494 810 820 797 283
20 3 5 1 100 0.75 3 504 957 1048 512 826 826 805 291
20 3 5 1 100 0.75 3 505 960 1042 503 830 840 819 296
20 3 5 1 100 0.75 3 506 965 1041 488 837 855 834 292
20 3 5 1 100 0.75 3 507 973 1031 451 832 880 859 279
20 3 5 1 100 0.75 3 508 977 1033 463 836 897 877 284
20 3 5 1 100 0.75 3 509 982 1033 449 833 917 897 281
20 3 5 1 100 0.75 3 510 987 1037 456 840 933 913 287
20 3 5 1 100 0.75 3 510 987 1037 1037 840 1176 913 287
20 3 5 1 100 0.75 3 540 987 1037 1037 840 33 913 287
20 3 5 1 100 0.75 4 541 0 20 20 0 33 0 0
20 3 5 1 100 0.75 4 542 0 40 40 0 33 0 0
20 3 5 1 100 0.75 4 543 0 60 60 0 33 0 0
20 3 5 1 100 0.75 4 544 0 80 80 0 33 0 0
20 3 5 1 100 0.75 4 545 0 100 100 0 33 0 0
20 3 5 1 100 0.75 4 546 0 120 120 0 33 0 0
20 3 5 1 100 0.75 4 547 0 140 140 0 33 0 0
20 3 5 1 100 0.75 4 548 0 160 159 0 33 0 0
20 3 5 1 100 0.75 4 549 0 180 179 0 33 0 0
20 3 5 1 100 0.75 4 550 3 200 197 0 33 0 0
20 3 5 1 100 0.75 4 551 4 220 215 3 33 0 0
20 3 5 1 100 0.75 4 552 6 240 233 4 33 0 0
20 3 5 1 100 0.75 4 553 8 260 252 6 33 0 0
20 3 5 1 100 0.75 4 554 9 280 271 8 33 0 0
20 3 5 1 100 0.75 4 555 11 300 289 9 33 0 0
20 3 5 1 100 0.75 4 556 12 320 308 11 33 0 0
20 3 5 1 100 0.75 4 557 15 340 325 12 33 0 1
20 3 5 1 100 0.75 4 558 17 360 345 15 33 0 4
20 3 5 1 100 0.75 4 559 19 380 364 17 33 0 4
20 3 5 1 100 0.75 4 560 21 400 385 19 33 0 6
20 3 5 1 100 0.75 4 561 24 420 403 21 33 0 8
20 3 5 1 100 0.75 4 562 25 440 423 24 33 0 8
20 3 5 1 100 0.75 4 563 28 460 442 25 33 0 11
20 3 5 1 100 0.75 4 564 32 480 460 28 33 0 12
20 3 5 1 100 0.75 4 565 34 500 479 32 33 0 14
20 3 5 1 100 0.75 4 566 35 520 501 34 33 0 15
20 3 5 1 100 0.75 4 567 40 540 519 35 33 0 16
20 3 5 1 100 0.75 4 568 43 560 537 40 33 0 18
20 3 5 1 100 0.75 4 569 46 580 558 43 33 0 20
20 3 5 1 100 0.75 4 570 49 600 575 46 33 0 20
20 3 5 1 100 0.75 4 571 52 620 594 49 33 0 25
20 3 5 1 100 0.75 4 572 54 640 616 52 33 0 27
20 3 5 1 100 0.75 4 573 57 660 633 54 33 0 28
20 3 5 1 100 0.75 4 574 62 679 651 56 34 1 29
20 3 5 1 100 0.75 4 575 69 698 668 60 35 2 30
20 3 5 1 100 0.75 4 576 74 716 683 65 37 4 30
20 3 5 1 100 0.75 4 577 81 735 701 69 38 5 34
20 3 5 1 100 0.75 4 578 84 754 720 75 39 6 35
20 3 5 1 100 0.75 4 579 87 771 733 75 42 9 34
20 3 5 1 100 0.75 4 580 90 789 750 76 44 11 32
20 3 5 1 100 0.75 4 581 93 808 770 78 45 12 36
20 3 5 1 100 0.75 4 582 102 827 787 80 46 13 38
20 3 5 1 100 0.75 4 583 107 846 806 88 47 14 39
20 3 5 1 100 0.75 4 584 112 865 824 92 48 15 40
20 3 5 1 100 0.75 4 585 118 883 839 95 50 17 44
20 3 5 1 100 0.75 4 586 122 903 857 102 50 17 45
20 3 5 1 100 0.75 4 587 125 918 871 101 55 22 45
20 3 5 1 100 0.75 4 588 128 937 886 104 56 23 45
20 3 5 1 100 0.75 4 589 138 957 907 107 56 23 50
20 3 5 1 100 0.75 4 590 143 972 917 112 61 28 47
20 3 5 1 100 0.75 4 591 151 989 934 114 64 31 49
20 3 5 1 100 0.75 4 592 158 1009 952 122 64 31 52
20 3 5 1 100 0.75 4 593 162 1029 972 132 64 31 55
20 3 5 1 100 0.75 4 594 167 1043 977 130 70 37 54
20 3 5 1 100 0.75 4 595 176 1054 986 135 72 39 54
20 3 5 1 100 0.75 4 596 186 1054 984 142 74 41 61
20 3 5 1 100 0.75 4 597 192 1054 984 151 76 43 63
20 3 5 1 100 0.75 4 598 201 1052 980 153 80 47 65
20 3 5 1 100 0.75 4 599 210 1056 983 162 80 47 69
20 3 5 1 100 0.75 4 600 218 1051 972 170 85 52 66
20 3 5 1 100 0.75 4 601 224 1055 972 177 86 53 72
20 3 5 1 100 0.75 4 602 227 1052 968 184 90 57 71
20 3 5 1 100 0.75 4 603 236 1052 963 189 94 61 76
20 3 5 1 100 0.75 4 604 245 1050 954 199 100 67 74
20 3 5 1 100 0.75 4 605 253 1055 961 207 101 68 79
20 3 5 1 100 0.75 4 606 255 1054 957 218 103 70 86
20 3 5 1 100 0.75 4 607 264 1052 951 220 107 74 89
20 3 5 1 100 0.75 4 608 271 1052 951 227 111 78 92
20 3 5 1 100 0.75 4 609 280 1053 948 232 114 81 96
20 3 5 1 100 0.75 4 610 283 1054 948 242 116 83 102
20 3 5 1 100 0.75 4 611 295 1050 945 243 122 89 110
20 3 5 1 100 0.75 4 612 305 1051 938 253 127 94 112
20 3 5 1 100 0.75 4 613 314 1048 933 263 135 102 112
20 3 5 1 100 0.75 4 614 320 1048 919 266 143 110 109
20 3 5 1 100 0.75 4 615 327 1056 934 276 143 110 116
20 3 5 1 100 0.75 4 616 339 1053 923 285 146 113 119
20 3 5 1 100 0.75 4 617 342 1054 925 296 148 115 126
20 3 5 1 100 0.75 4 618 346 1054 924 301 150 117 131
20 3 5 1 100 0.75 4 619 359 1050 918 305 156 123 140
20 3 5 1 100 0.75 4 620 367 1049 907 312 163 130 143
20 3 5 1 100 0.75 4 621 375 1051 908 319 168 135 148
20 3 5 1 100 0.75 4 622 385 1047 900 326 177 144 150
20 3 5 1 100 0.75 4 623 393 1051 900 340 182 149 153
20 3 5 1 100 0.75 4 624 405 1043 878 338 195 162 148
20 3 5 1 100 0.75 4 625 407 1051 885 347 200 167 145
20 3 5 1 100 0.75 4 626 417 1049 878 345 207 174 154
20 3 5 1 100 0.75 4 627 430 1050 872 354 213 180 158
20 3 5 1 100 0.75 4 628 441 1046 867 362 223 190 158
20 3 5 1 100 0.75 4 629 451 1047 856 370 232 199 163
20 3 5 1 100 0.75 4 630 459 1042 846 373 246 213 161
20 3 5 1 100 0.75 4 631 469 1050 849 383 252 219 164
20 3 5 1 100 0.75 4 632 477 1052 839 396 256 223 165
20 3 5 1 100 0.75 4 633 484 1051 840 405 261 228 168
20 3 5 1 100 0.75 4 634 498 1047 830 410 270 237 172
20 3 5 1 100 0.75 4 635 506 1048 828 426 278 245 181
20 3 5 1 100 0.75 4 636 519 1048 818 434 285 253 184
20 3 5 1 100 0.75 4 637 532 1045 809 443 296 264 190
20 3 5 1 100 0.75 4 638 545 1046 799 460 305 274 188
20 3 5 1 100 0.75 4 639 556 1044 787 474 317 286 190
20 3 5 1 100 0.75 4 640 561 1047 783 479 326 295 188
20 3 5 1 100 0.75 4 641 574 1050 794 484 332 301 192
20 3 5 1 100 0.75 4 642 585 1042 778 485 346 315 195
20 3 5 1 100 0.75 4 643 593 1044 776 494 358 327 197
20 3 5 1 100 0.75 4 644 607 1049 777 505 365 334 205
20 3 5 1 100 0.75 4 645 620 1052 762 529 369 338 227
20 3 5 1 100 0.75 4 646 627 1045 752 538 380 349 225
20 3 5 1 100 0.75 4 647 638 1040 743 541 395 365 221
20 3 5 1 100 0.75 4 648 649 1043 728 547 408 378 214
20 3 5 1 100 0.75 4 649 665 1049 723 556 415 385 222
20 3 5 1 100 0.75 4 650 675 1046 711 571 425 395 225
20 3 5 1 100 0.75 4 651 686 1048 718 585 433 403 233
20 3 5 1 100 0.75 4 652 701 1049 712 602 440 410 251
20 3 5 1 100 0.75 4 653 711 1035 694 605 460 431 242
20 3 5 1 100 0.75 4 654 724 1036 678 603 478 450 244
20 3 5 1 100 0.75 4 655 733 1046 696 620 488 460 248
20 3 5 1 100 0.75 4 656 752 1043 666 627 500 473 253
20 3 5 1 100 0.75 4 657 768 1048 664 650 508 481 266
20 3 5 1 100 0.75 4 658 777 1045 662 665 518 492 273
20 3 5 1 100 0.75 4 659 788 1039 638 664 535 509 273
20 3 5 1 100 0.75 4 660 798 1041 639 671 550 524 273
20 3 5 1 100 0.75 4 661 808 1045 634 684 561 535 275
20 3 5 1 100 0.75 4 662 817 1039 621 691 578 552 279
20 3 5 1 100 0.75 4 663 829 1042 619 703 590 566 286
20 3 5 1 100 0.75 4 664 843 1040 607 710 606 582 290
20 3 5 1 100 0.75 4 665 856 1051 613 731 611 587 303
20 3 5 1 100 0.75 4 666 870 1046 589 747 621 597 302
20 3 5 1 100 0.75 4 667 877 1034 580 747 643 619 295
20 3 5 1 100 0.75 4 668 885 1037 555 754 660 636 294
20 3 5 1 100 0.75 4 669 896 1038 566 759 678 654 304
20 3 5 1 100 0.75 4 670 905 1042 542 772 692 668 304
20 3 5 1 100 0.75 4 671 917 1039 533 779 709 685 299
20 3 5 1 100 0.75 4 672 934 1035 523 783 730 706 306
20 3 5 1 100 0.75 4 673 940 1041 520 798 743 720 311
20 3 5 1 100 0.75 4 674 948 1035 522 789 763 741 307
20 3 5 1 100 0.75 4 675 955 1041 525 800 777 755 310
20 3 5 1 100 0.75 4 676 960 1038 507 807 795 773 303
20 3 5 1 100 0.75 4 677 962 1044 514 819 807 785 309
20 3 5 1 100 0.75 4 678 971 1043 507 826 819 798 319
20 3 5 1 100 0.75 4 679 979 1036 483 827 839 818 314
20 3 5 1 100 0.75 4 680 987 1038 476 837 856 836 311
20 3 5 1 100 0.75 4 681 988 1042 481 847 869 850 312
20 3 5 1 100 0.75 4 682 993 1024 470 836 900 882 296
20 3 5 1 100 0.75 4 683 997 1031 465 842 913 895 303
20 3 5 1 100 0.75 4 684 1002 1031 442 848 933 915 303
20 3 5 1 100 0.75 4 685 1006 1037 437 852 946 929 300
20 3 5 1 100 0.75 4 686 1014 1045 433 856 956 940 310
20 3 5 1 100 0.75 4 687 1018 1037 434 861 975 959 308
20 3 5 1 100 0.75 4 688 1022 1028 426 856 1002 987 298
20 3 5 1 100 0.75 4 689 1025 1030 403 861 1020 1005 294
20 3 5 1 100 0.75 4 690 1028 1035 402 865 1035 1020 294
20 3 5 1 100 0.75 4 690 1028 1035 1035 865 1290 1020 294
20 3 5 1 100 0.75 4 720 1028 1035 1035 865 33 1020 294
20 3 5 1 100 0.75 5 721 0 20 20 0 33 0 0
20 3 5 1 100 0.75 5 722 0 40 40 0 33 0 0
20 3 5 1 100 0.75 5 723 0 60 60 0 33 0 0
20 3 5 1 100 0.75 5 724 0 80 80 0 33 0 0
20 3 5 1 100 0.75 5 725 0 100 99 0 33 0 0
20 3 5 1 100 0.75 5 726 0 120 119 0 33 0 0
20 3 5 1 100 0.75 5 727 1 140 139 0 33 0 0
20 3 5 1 100 0.75 5 728 1 160 158 1 33 0 0
20 3 5 1 100 0.75 5 729 1 180 177 1 33 0 0
20 3 5 1 100 0.75 5 730 3 200 195 1 33 0 0
20 3 5 1 100 0.75 5 731 4 220 213 3 33 0 0
20 3 5 1 100 0.75 5 732 8 240 232 4 33 0 0
20 3 5 1 100 0.75 5 733 11 260 249 8 33 0 0
20 3 5 1 100 0.75 5 734 13 280 265 11 33 0 0
20 3 5 1 100 0.75 5 735 15 300 286 13 33 0 0
20 3 5 1 100 0.75 5 736 16 320 304 15 33 0 0
20 3 5 1 100 0.75 5 737 17 340 322 16 33 0 0
20 3 5 1 100 0.75 5 738 18 360 342 17 33 0 1
20 3 5 1 100 0.75 5 739 19 380 367 18 33 0 5
20 3 5 1 100 0.75 5 740 24 400 383 19 33 0 8
20 3 5 1 100 0.75 5 741 26 420 403 24 33 0 10
20 3 5 1 100 0.75 5 742 32 440 419 26 33 0 12
20 3 5 1 100 0.75 5 743 34 460 439 32 33 0 12
20 3 5 1 100 0.75 5 744 37 480 458 34 33 0 13
20 3 5 1 100 0.75 5 745 38 500 476 37 33 0 14
20 3 5 1 100 0.75 5 746 44 520 493 38 33 0 16
20 3 5 1 100 0.75 5 747 48 540 512 44 33 0 19
20 3 5 1 100 0.75 5 748 49 560 536 48 33 0 22
20 3 5 1 100 0.75 5 749 52 580 554 49 33 0 24
20 3 5 1 100 0.75 5 750 58 600 572 52 33 0 29
20 3 5 1 100 0.75 5 751 61 620 591 58 33 0 30
20 3 5 1 100 0.75 5 752 62 640 610 61 33 0 31
20 3 5 1 100 0.75 5 753 66 660 634 62 33 0 34
20 3 5 1 100 0.75 5 754 68 679 649 65 34 1 36
20 3 5 1 100 0.75 5 755 70 698 672 66 35 2 37
20 3 5 1 100 0.75 5 756 75 716 684 66 37 4 35
20 3 5 1 100 0.75 5 757 79 733 701 68 40 7 35
20 3 5 1 100 0.75 5 758 84 752 718 71 41 8 37
20 3 5 1 100 0.75 5 759 88 770 737 74 43 10 38
20 3 5 1 100 0.75 5 760 91 789 755 77 44 11 40
20 3 5 1 100 0.75 5 761 98 807 771 78 46 13 39
20 3 5 1 100 0.75 5 762 102 826 787 84 47 14 41
20 3 5 1 100 0.75 5 763 107 841 798 83 52 19 36
20 3 5 1 100 0.75 5 764 112 859 815 86 54 21 39
20 3 5 1 100 0.75 5 765 119 877 829 89 56 23 43
20 3 5 1 100 0.75 5 766 126 896 849 96 57 24 44
20 3 5 1 100 0.75 5 767 131 915 863 102 58 25 45
20 3 5 1 100 0.75 5 768 137 933 880 105 60 27 47
20 3 5 1 100 0.75 5 769 143 951 898 109 62 29 50
20 3 5 1 100 0.75 5 770 151 968 910 112 65 32 49
20 3 5 1 100 0.75 5 771 157 987 925 119 66 33 52
20 3 5 1 100 0.75 5 772 169 1005 943 123 68 35 57
20 3 5 1 100 0.75 5 773 176 1021 954 131 72 39 58
20 3 5 1 100 0.75 5 774 180 1040 978 138 73 40 62
20 3 5 1 100 0.75 5 775 184 1053 983 142 76 43 64
20 3 5 1 100 0.75 5 776 189 1054 984 145 77 45 65
20 3 5 1 100 0.75 5 777 200 1051 975 148 82 50 68
20 3 5 1 100 0.75 5 778 205 1054 980 159 84 52 68
20 3 5 1 100 0.75 5 779 216 1052 970 163 88 56 72
20 3 5 1 100 0.75 5 780 224 1052 970 170 92 60 72
20 3 5 1 100 0.75 5 781 231 1054 963 181 94 62 77
20 3 5 1 100 0.75 5 782 235 1053 960 191 97 65 80
20 3 5 1 100 0.75 5 783 241 1053 964 199 100 68 82
20 3 5 1 100 0.75 5 784 245 1053 960 204 103 71 83
20 3 5 1 100 0.75 5 785 253 1054 957 210 105 73 89
20 3 5 1 100 0.75 5 786 259 1055 956 222 106 74 94
20 3 5 1 100 0.75 5 787 272 1050 946 224 112 80 98
20 3 5 1 100 0.75 5 788 282 1048 939 234 120 88 99
20 3 5 1 100 0.75 5 789 287 1052 938 243 124 92 106
20 3 5 1 100 0.75 5 790 291 1052 942 249 128 96 107
20 3 5 1 100 0.75 5 791 301 1054 941 254 130 98 115
20 3 5 1 100 0.75 5 792 305 1051 940 261 135 103 119
20 3 5 1 100 0.75 5 793 313 1051 929 265 140 108 120
20 3 5 1 100 0.75 5 794 323 1048 925 266 148 116 119
20 3 5 1 100 0.75 5 795 333 1050 925 273 154 122 127
20 3 5 1 100 0.75 5 796 340 1052 921 287 158 126 129
20 3 5 1 100 0.75 5 797 347 1054 924 296 160 128 136
20 3 5 1 100 0.75 5 798 352 1051 917 302 165 133 138
20 3 5 1 100 0.75 5 799 359 1053 916 309 168 136 142
20 3 5 1 100 0.75 5 800 367 1046 907 310 178 146 140
20 3 5 1 100 0.75 5 801 375 1048 894 313 186 154 142
20 3 5 1 100 0.75 5 802 384 1051 900 320 191 159 151
20 3 5 1 100 0.75 5 803 391 1045 888 325 202 170 149
20 3 5 1 100 0.75 5 804 401 1049 883 333 209 177 149
20 3 5 1 100 0.75 5 805 408 1048 880 341 217 185 151
20 3 5 1 100 0.75 5 806 412 1045 872 339 228 196 148
20 3 5 1 100 0.75 5 807 419 1051 879 343 233 201 150
20 3 5 1 100 0.75 5 808 428 1051 868 352 238 206 158
20 3 5 1 100 0.75 5 809 439 1044 858 355 250 218 156
20 3 5 1 100 0.75 5 810 450 1047 839 362 259 227 160
20 3 5 1 100 0.75 5 811 456 1048 844 375 267 235 159
20 3 5 1 100 0.75 5 812 468 1048 836 382 275 243 162
20 3 5 1 100 0.75 5 813 472 1049 835 396 282 250 159
20 3 5 1 100 0.75 5 814 480 1047 817 400 291 259 156
20 3 5 1 100 0.75 5 815 492 1044 821 400 303 271 154
20 3 5 1 100 0.75 5 816 501 1049 817 411 310 278 155
20 3 5 1 100 0.75 5 817 514 1051 824 429 315 283 170
20 3 5 1 100 0.75 5 818 519 1048 810 440 323 291 173
20 3 5 1 100 0.75 5 819 528 1045 801 444 334 302 178
20 3 5 1 100 0.75 5 820 540 1045 787 452 344 313 177
20 3 5 1 100 0.75 5 821 546 1046 777 463 354 323 179
20 3 5 1 100 0.75 5 822 558 1044 779 463 366 335 175
20 3 5 1 100 0.75 5 823 567 1047 755 476 375 344 172
20 3 5 1 100 0.75 5 824 581 1050 764 488 381 350 183
20 3 5 1 100 0.75 5 825 591 1046 762 498 391 360 181
20 3 5 1 100 0.75 5 826 601 1044 749 503 403 372 185
20 3 5 1 100 0.75 5 827 612 1047 743 516 412 381 188
20 3 5 1 100 0.75 5 828 623 1053 747 530 415 384 198
20 3 5 1 100 0.75 5 829 629 1050 743 546 420 390 202
20 3 5 1 100 0.75 5 830 638 1040 727 552 436 406 204
20 3 5 1 100 0.75 5 831 648 1048 721 560 444 414 210
20 3 5 1 100 0.75 5 832 666 1045 711 569 455 425 214
20 3 5 1 100 0.75 5 833 680 1048 703 588 463 433 221
20 3 5 1 100 0.75 5 834 687 1041 701 597 478 448 216
20 3 5 1 100 0.75 5 835 699 1044 696 601 490 460 220
20 3 5 1 100 0.75 5 836 710 1043 682 608 502 473 221
20 3 5 1 100 0.75 5 837 719 1042 677 610 515 487 225
20 3 5 1 100 0.75 5 838 728 1047 667 621 524 496 230
20 3 5 1 100 0.75 5 839 743 1047 670 635 533 505 241
20 3 5 1 100 0.75 5 840 754 1047 654 647 542 514 250
20 3 5 1 100 0.75 5 841 763 1049 675 659 549 521 262
20 3 5 1 100 0.75 5 842 776 1039 634 664 566 538 261
20 3 5 1 100 0.75 5 843 780 1043 633 683 579 551 262
20 3 5 1 100 0.75 5 844 791 1043 635 683 590 564 258
20 3 5 1 100 0.75 5 845 797 1040 623 690 606 580 260
20 3 5 1 100 0.75 5 846 808 1044 622 694 618 592 270
20 3 5 1 100 0.75 5 847 819 1046 614 704 628 602 276
20 3 5 1 100 0.75 5 848 831 1040 597 710 643 618 270
20 3 5 1 100 0.75 5 849 841 1042 598 716 656 632 280
20 3 5 1 100 0.75 5 850 847 1041 571 726 670 647 279
20 3 5 1 100 0.75 5 851 854 1039 582 724 687 664 277
20 3 5 1 100 0.75 5 852 861 1040 565 731 703 680 275
20 3 5 1 100 0.75 5 853 868 1047 562 743 712 689 278
20 3 5 1 100 0.75 5 854 875 1043 568 750 725 702 280
20 3 5 1 100 0.75 5 855 888 1039 543 753 742 719 279
20 3 5 1 100 0.75 5 856 898 1031 540 756 766 744 272
20 3 5 1 100 0.75 5 857 905 1032 518 760 785 763 270
20 3 5 1 100 0.75 5 858 911 1037 514 766 800 778 267
20 3 5 1 100 0.75 5 859 916 1039 512 768 817 795 271
20 3 5 1 100 0.75 5 860 922 1043 511 780 830 808 269
20 3 5 1 100 0.75 5 861 929 1040 492 780 846 824 266
20 3 5 1 100 0.75 5 862 936 1046 493 787 856 834 277
20 3 5 1 100 0.75 5 863 942 1040 485 795 872 850 278
20 3 5 1 100 0.75 5 864 949 1039 488 802 889 867 275
20 3 5 1 100 0.75 5 865 955 1039 484 810 906 884 273
20 3 5 1 100 0.75 5 866 959 1044 480 825 918 896 281
20 3 5 1 100 0.75 5 867 962 1042 453 835 932 910 279
20 3 5 1 100 0.75 5 868 970 1041 446 834 946 925 282
20 3 5 1 100 0.75 5 869 975 1036 442 841 965 945 274
20 3 5 1 100 0.75 5 870 980 1042 430 846 979 959 275
20 3 5 1 100 0.75 5 870 980 1042 1042 846 1223 959 275
20 3 5 1 100 0.75 5 900 980 1042 1042 846 33 959 275
20 3 5 1 100 0.75 6 901 0 20 20 0 33 0 0
20 3 5 1 100 0.75 6 902 0 40 40 0 33 0 0
20 3 5 1 100 0.75 6 903 0 60 60 0 33 0 0
20 3 5 1 100 0.75 6 904 0 80 80 0 33 0 0
20 3 5 1 100 0.75 6 905 0 100 99 0 33 0 0
20 3 5 1 100 0.75 6 906 0 120 120 0 33 0 0
20 3 5 1 100 0.75 6 907 0 140 140 0 33 0 0
20 3 5 1 100 0.75 6 908 1 160 157 0 33 0 0
20 3 5 1 100 0.75 6 909 1 180 178 1 33 0 0
20 3 5 1 100 0.75 6 910 4 200 195 1 33 0 0
20 3 5 1 100 0.75 6 911 4 220 216 4 33 0 0
20 3 5 1 100 0.75 6 912 5 240 235 4 33 0 0
20 3 5 1 100 0.75 6 913 6 260 254 5 33 0 0
20 3 5 1 100 0.75 6 914 7 280 273 6 33 0 0
20 3 5 1 100 0.75 6 915 7 300 293 7 33 0 1
20 3 5 1 100 0.75 6 916 11 320 310 7 33 0 1
20 3 5 1 100 0.75 6 917 12 340 330 11 33 0 2
20 3 5 1 100 0.75 6 918 12 360 352 12 33 0 2
20 3 5 1 100 0.75 6 919 14 380 366 12 33 0 3
20 3 5 1 100 0.75 6 920 15 400 387 14 33 0 4
20 3 5 1 100 0.75 6 921 16 420 407 15 33 0 5
20 3 5 1 100 0.75 6 922 19 440 425 16 33 0 5
20 3 5 1 100 0.75 6 923 21 460 445 19 33 0 7
20 3 5 1 100 0.75 6 924 24 480 465 21 33 0 9
20 3 5 1 100 0.75 6 925 31 500 479 24 33 0 9
20 3 5 1 100 0.75 6 926 32 520 496 31 33 0 9
20 3 5 1 100 0.75 6 927 34 540 517 32 33 0 9
20 3 5 1 100 0.75 6 928 38 560 537 34 33 0 9
20 3 5 1 100 0.75 6 929 40 580 555 38 33 0 10
20 3 5 1 100 0.75 6 930 43 600 575 40 33 0 12
20 3 5 1 100 0.75 6 931 48 620 592 43 33 0 15
20 3 5 1 100 0.75 6 932 50 640 613 48 33 0 18
20 3 5 1 100 0.75 6 933 55 660 632 50 33 0 22
20 3 5 1 100 0.75 6 934 55 680 655 55 33 0 23
20 3 5 1 100 0.75 6 935 61 699 671 54 34 1 25
20 3 5 1 100 0.75 6 936 64 718 690 59 35 2 25
20 3 5 1 100 0.75 6 937 72 737 705 61 36 3 27
20 3 5 1 100 0.75 6 938 75 757 726 69 36 3 33
20 3 5 1 100 0.75 6 939 78 776 743 71 37 4 34
20 3 5 1 100 0.75 6 940 82 793 758 71 40 7 34
20 3 5 1 100 0.75 6 941 85 812 776 74 41 8 35
20 3 5 1 100 0.75 6 942 88 832 797 77 41 8 39
20 3 5 1 100 0.75 6 943 93 852 814 80 41 8 42
20 3 5 1 100 0.75 6 944 95 871 832 84 42 9 44
20 3 5 1 100 0.75 6 945 103 890 854 85 43 10 49
20 3 5 1 100 0.75 6 946 109 908 869 91 45 12 50
20 3 5 1 100 0.75 6 947 111 928 889 97 45 12 52
20 3 5 1 100 0.75 6 948 118 946 904 98 47 14 53
20 3 5 1 100 0.75 6 949 123 963 918 103 50 17 54
20 3 5 1 100 0.75 6 950 130 981 932 106 52 19 54
20 3 5 1 100 0.75 6 951 135 999 948 112 54 21 56
20 3 5 1 100 0.75 6 952 139 1014 959 112 59 26 56
20 3 5 1 100 0.75 6 953 148 1033 978 116 60 27 59
20 3 5 1 100 0.75 6 954 152 1052 995 124 61 28 61
20 3 5 1 100 0.75 6 955 156 1050 988 122 67 34 58
20 3 5 1 100 0.75 6 956 171 1052 985 123 71 38 61
20 3 5 1 100 0.75 6 957 180 1053 983 137 74 41 61
20 3 5 1 100 0.75 6 958 187 1054 982 145 76 43 61
20 3 5 1 100 0.75 6 959 193 1054 980 151 78 45 64
20 3 5 1 100 0.75 6 960 198 1053 978 155 81 48 66
20 3 5 1 100 0.75 6 961 206 1054 978 162 83 50 70
20 3 5 1 100 0.75 6 962 212 1051 968 167 88 55 68
20 3 5 1 100 0.75 6 963 221 1050 967 168 94 61 71
20 3 5 1 100 0.75 6 964 228 1054 966 180 96 63 78
20 3 5 1 100 0.75 6 965 233 1053 967 191 99 66 81
20 3 5 1 100 0.75 6 966 243 1052 958 195 103 70 82
20 3 5 1 100 0.75 6 967 251 1055 958 206 104 71 90
20 3 5 1 100 0.75 6 968 256 1050 949 210 110 77 88
20 3 5 1 100 0.75 6 969 271 1051 947 214 115 82 93
20 3 5 1 100 0.75 6 970 274 1053 949 230 118 85 97
20 3 5 1 100 0.75 6 971 284 1053 940 236 121 88 106
20 3 5 1 100 0.75 6 972 292 1049 938 243 128 95 108
20 3 5 1 100 0.75 6 973 297 1056 938 255 128 95 117
20 3 5 1 100 0.75 6 974 305 1051 937 259 133 100 122
20 3 5 1 100 0.75 6 975 313 1055 932 268 134 101 129
20 3 5 1 100 0.75 6 976 322 1050 928 272 140 107 132
20 3 5 1 100 0.75 6 977 329 1053 932 283 143 110 144
20 3 5 1 100 0.75 6 978 336 1049 916 287 150 117 142
20 3 5 1 100 0.75 6 979 349 1050 914 293 156 123 148
20 3 5 1 100 0.75 6 980 356 1045 900 299 167 134 144
20 3 5 1 100 0.75 6 981 366 1049 905 304 174 141 146
20 3 5 1 100 0.75 6 982 372 1051 898 311 179 146 150
20 3 5 1 100 0.75 6 983 384 1051 901 316 184 151 155
20 3 5 1 100 0.75 6 984 392 1049 891 326 191 158 157
20 3 5 1 100 0.75 6 985 400 1051 891 332 196 163 156
20 3 5 1 100 0.75 6 986 408 1047 876 336 205 172 161
20 3 5 1 100 0.75 6 987 421 1052 877 347 208 176 166
20 3 5 1 100 0.75 6 988 432 1045 872 351 219 187 166
20 3 5 1 100 0.75 6 989 440 1045 855 365 230 198 163
20 3 5 1 100 0.75 6 990 451 1046 855 369 240 208 162
20 3 5 1 100 0.75 6 991 460 1047 849 377 248 217 161
20 3 5 1 100 0.75 6 992 470 1050 857 384 252 223 166
20 3 5 1 100 0.75 6 993 484 1046 839 392 262 233 166
20 3 5 1 100 0.75 6 994 497 1045 824 401 273 244 168
20 3 5 1 100 0.75 6 995 505 1043 823 409 286 257 170
20 3 5 1 100 0.75 6 996 522 1047 817 412 295 266 180
20 3 5 1 100 0.75 6 997 530 1045 805 432 305 277 173
20 3 5 1 100 0.75 6 998 539 1052 808 441 309 281 184
20 3 5 1 100 0.75 6 999 548 1047 800 451 318 290 186
20 3 5 1 100 0.75 6 1000 561 1049 798 464 325 297 195
20 3 5 1 100 0.75 6 1001 569 1047 779 475 334 306 196
20 3 5 1 100 0.75 6 1002 585 1050 778 488 340 312 203
20 3 5 1 100 0.75 6 1003 592 1039 764 495 357 329 202
20 3 5 1 100 0.75 6 1004 609 1052 770 512 361 333 211
20 3 5 1 100 0.75 6 1005 622 1044 757 529 373 345 215
20 3 5 1 100 0.75 6 1006 631 1047 742 543 382 354 220
20 3 5 1 100 0.75 6 1007 643 1041 725 546 397 369 223
20 3 5 1 100 0.75 6 1008 655 1049 744 562 403 376 229
20 3 5 1 100 0.75 6 1009 667 1051 741 572 408 381 242
20 3 5 1 100 0.75 6 1010 678 1044 730 581 420 393 247
20 3 5 1 100 0.75 6 1011 688 1040 718 587 436 409 249
20 3 5 1 100 0.75 6 1012 702 1045 727 597 447 420 261
20 3 5 1 100 0.75 6 1013 715 1046 708 610 457 430 267
20 3 5 1 100 0.75 6 1014 724 1040 696 616 473 446 265
20 3 5 1 100 0.75 6 1015 735 1044 697 623 485 458 271
20 3 5 1 100 0.75 6 1016 746 1044 682 634 497 470 270
20 3 5 1 100 0.75 6 1017 757 1040 662 636 513 486 270
20 3 5 1 100 0.75 6 1018 766 1049 681 646 520 493 281
20 3 5 1 100 0.75 6 1019 778 1039 648 656 537 510 278
20 3 5 1 100 0.75 6 1020 790 1036 633 660 557 530 276
20 3 5 1 100 0.75 6 1021 800 1043 646 669 570 543 281
20 3 5 1 100 0.75 6 1022 808 1046 632 684 578 553 289
20 3 5 1 100 0.75 6 1023 818 1042 625 692 592 567 290
20 3 5 1 100 0.75 6 1024 827 1040 620 699 608 583 285
20 3 5 1 100 0.75 6 1025 835 1038 622 699 626 601 278
20 3 5 1 100 0.75 6 1026 841 1040 607 708 641 617 281
20 3 5 1 100 0.75 6 1027 852 1043 606 709 654 630 283
20 3 5 1 100 0.75 6 1028 863 1039 584 725 671 647 281
20 3 5 1 100 0.75 6 1029 875 1031 566 722 696 672 271
20 3 5 1 100 0.75 6 1030 881 1031 559 730 716 692 274
20 3 5 1 100 0.75 6 1031 887 1036 548 731 731 707 271
20 3 5 1 100 0.75 6 1032 891 1039 542 736 748 724 268
20 3 5 1 100 0.75 6 1033 898 1036 526 736 767 744 265
20 3 5 1 100 0.75 6 1034 905 1041 521 748 782 759 267
20 3 5 1 100 0.75 6 1035 916 1040 514 757 796 775 277
20 3 5 1 100 0.75 6 1036 923 1043 511 766 809 788 280
20 3 5 1 100 0.75 6 1037 929 1048 519 785 817 796 290
20 3 5 1 100 0.75 6 1038 937 1041 501 793 832 811 291
20 3 5 1 100 0.75 6 1039 942 1043 496 808 845 824 297
20 3 5 1 100 0.75 6 1040 946 1035 480 811 865 845 291
20 3 5 1 100 0.75 6 1041 953 1037 456 818 883 863 292
20 3 5 1 100 0.75 6 1042 960 1045 493 828 893 874 300
20 3 5 1 100 0.75 6 1043 964 1045 467 842 904 885 307
20 3 5 1 100 0.75 6 1044 970 1036 456 842 924 905 309
20 3 5 1 100 0.75 6 1045 976 1040 453 842 940 921 311
20 3 5 1 100 0.75 6 1046 983 1039 449 842 957 938 311
20 3 5 1 100 0.75 6 1047 989 1038 429 845 974 956 316
20 3 5 1 100 0.75 6 1048 991 1038 441 848 992 974 311
20 3 5 1 100 0.75 6 1049 998 1045 424 860 1003 985 318
20 3 5 1 100 0.75 6 1050 1004 1036 408 861 1023 1005 321
20 3 5 1 100 0.75 6 1050 1004 1036 1036 861 1302 1005 321
20 3 5 1 100 0.75 6 1080 1004 1036 1036 861 33 1005 321
20 3 5 1 100 0.75 7 1081 0 20 20 0 33 0 0
20 3 5 1 100 0.75 7 1082 0 40 40 0 33 0 0
20 3 5 1 100 0.75 7 1083 0 60 60 0 33 0 0
20 3 5 1 100 0.75 7 1084 0 80 80 0 33 0 0
20 3 5 1 100 0.75 7 1085 0 100 100 0 33 0 0
20 3 5 1 100 0.75 7 1086 0 120 120 0 33 0 0
20 3 5 1 100 0.75 7 1087 0 140 139 0 33 0 0
20 3 5 1 100 0.75 7 1088 0 160 159 0 33 0 0
20 3 5 1 100 0.75 7 1089 0 180 179 0 33 0 0
20 3 5 1 100 0.75 7 1090 0 200 199 0 33 0 0
20 3 5 1 100 0.75 7 1091 3 220 217 0 33 0 0
20 3 5 1 100 0.75 7 1092 6 240 233 3 33 0 0
20 3 5 1 100 0.75 7 1093 6 260 253 6 33 0 0
20 3 5 1 100 0.75 7 1094 8 280 271 6 33 0 0
20 3 5 1 100 0.75 7 1095 9 300 291 8 33 0 0
20 3 5 1 100 0.75 7 1096 9 320 311 9 33 0 0
20 3 5 1 100 0.75 7 1097 10 340 328 9 33 0 0
20 3 5 1 100 0.75 7 1098 13 360 348 10 33 0 1
20 3 5 1 100 0.75 7 1099 16 380 367 13 33 0 2
20 3 5 1 100 0.75 7 1100 19 400 384 16 33 0 3
20 3 5 1 100 0.75 7 1101 21 420 403 19 33 0 3
20 3 5 1 100 0.75 7 1102 24 440 421 21 33 0 4
20 3 5 1 100 0.75 7 1103 27 460 441 24 33 0 5
20 3 5 1 100 0.75 7 1104 30 480 457 27 33 0 5
20 3 5 1 100 0.75 7 1105 32 500 474 30 33 0 7
20 3 5 1 100 0.75 7 1106 35 520 497 32 33 0 11
20 3 5 1 100 0.75 7 1107 39 540 517 35 33 0 12
20 3 5 1 100 0.75 7 1108 41 560 534 39 33 0 13
20 3 5 1 100 0.75 7 1109 43 580 555 41 33 0 14
20 3 5 1 100 0.75 7 1110 47 600 575 43 33 0 18
20 3 5 1 100 0.75 7 1111 52 620 592 47 33 0 21
20 3 5 1 100 0.75 7 1112 55 640 613 52 33 0 22
20 3 5 1 100 0.75 7 1113 56 660 632 55 33 0 23
20 3 5 1 100 0.75 7 1114 60 680 653 56 33 0 26
20 3 5 1 100 0.75 7 1115 63 700 674 60 33 0 30
20 3 5 1 100 0.75 7 1116 67 720 691 63 33 0 30
20 3 5 1 100 0.75 7 1117 71 738 707 65 35 2 33
20 3 5 1 100 0.75 7 1118 73 758 728 69 35 2 34
20 3 5 1 100 0.75 7 1119 75 776 747 69 37 4 34
20 3 5 1 100 0.75 7 1120 77 796 765 71 37 4 36
20 3 5 1 100 0.75 7 1121 84 815 782 72 38 5 37
20 3 5 1 100 0.75 7 1122 88 833 801 77 40 7 38
20 3 5 1 100 0.75 7 1123 94 851 816 79 42 9 37
20 3 5 1 100 0.75 7 1124 97 870 834 84 43 10 39
20 3 5 1 100 0.75 7 1125 101 889 852 86 44 11 40
20 3 5 1 100 0.75 7 1126 105 905 866 86 48 15 37
20 3 5 1 100 0.75 7 1127 111 925 880 90 48 15 39
20 3 5 1 100 0.75 7 1128 120 942 897 93 51 18 41
20 3 5 1 100 0.75 7 1129 125 960 914 100 53 20 40
20 3 5 1 100 0.75 7 1130 133 976 924 101 57 24 40
20 3 5 1 100 0.75 7 1131 142 994 940 107 59 26 42
20 3 5 1 100 0.75 7 1132 143 1014 961 116 59 26 42
20 3 5 1 100 0.75 7 1133 151 1031 975 114 62 29 45
20 3 5 1 100 0.75 7 1134 158 1046 985 117 67 34 43
20 3 5 1 100 0.75 7 1135 170 1052 988 122 71 38 43
20 3 5 1 100 0.75 7 1136 176 1056 990 135 71 38 46
20 3 5 1 100 0.75 7 1137 184 1054 983 139 73 40 53
20 3 5 1 100 0.75 7 1138 192 1053 983 145 76 43 53
20 3 5 1 100 0.75 7 1139 201 1054 982 154 78 45 55
20 3 5 1 100 0.75 7 1140 207 1055 981 162 79 46 58
20 3 5 1 100 0.75 7 1141 217 1054 977 166 81 48 61
20 3 5 1 100 0.75 7 1142 225 1055 978 179 82 49 70
20 3 5 1 100 0.75 7 1143 231 1054 972 187 84 51 75
20 3 5 1 100 0.75 7 1144 238 1053 969 195 87 54 80
20 3 5 1 100 0.75 7 1145 242 1054 970 204 89 56 84
20 3 5 1 100 0.75 7 1146 249 1054 967 208 91 58 91
20 3 5 1 100 0.75 7 1147 257 1052 963 217 95 62 95
20 3 5 1 100 0.75 7 1148 265 1050 957 221 101 68 96
20 3 5 1 100 0.75 7 1149 276 1056 963 230 101 68 109
20 3 5 1 100 0.75 7 1150 285 1053 959 241 104 71 117
20 3 5 1 100 0.75 7 1151 289 1053 953 250 107 74 121
20 3 5 1 100 0.75 7 1152 291 1053 953 254 110 77 125
20 3 5 1 100 0.75 7 1153 293 1054 955 256 112 79 129
20 3 5 1 100 0.75 7 1154 303 1052 954 259 116 83 135
20 3 5 1 100 0.75 7 1155 315 1048 938 263 124 91 135
20 3 5 1 100 0.75 7 1156 325 1052 943 275 128 95 137
20 3 5 1 100 0.75 7 1157 336 1048 933 282 136 103 137
20 3 5 1 100 0.75 7 1158 340 1053 939 292 139 106 141
20 3 5 1 100 0.75 7 1159 345 1050 928 292 145 112 139
20 3 5 1 100 0.75 7 1160 352 1050 912 293 151 118 136
20 3 5 1 100 0.75 7 1161 359 1048 915 294 159 126 133
20 3 5 1 100 0.75 7 1162 372 1040 894 288 175 142 131
20 3 5 1 100 0.75 7 1163 382 1050 897 301 181 148 136
20 3 5 1 100 0.75 7 1164 396 1049 896 312 188 155 142
20 3 5 1 100 0.75 7 1165 400 1051 886 326 193 160 141
20 3 5 1 100 0.75 7 1166 408 1045 876 325 204 171 135
20 3 5 1 100 0.75 7 1167 416 1049 871 331 211 178 133
20 3 5 1 100 0.75 7 1168 427 1047 867 337 220 187 130
20 3 5 1 100 0.75 7 1169 437 1047 865 346 229 196 133
20 3 5 1 100 0.75 7 1170 447 1045 852 357 240 207 136
20 3 5 1 100 0.75 7 1171 453 1049 849 370 247 214 138
20 3 5 1 100 0.75 7 1172 462 1052 845 380 251 218 146
20 3 5 1 100 0.75 7 1173 467 1046 841 384 261 228 145
20 3 5 1 100 0.75 7 1174 477 1048 840 388 268 236 152
20 3 5 1 100 0.75 7 1175 489 1051 835 404 273 241 160
20 3 5 1 100 0.75 7 1176 498 1050 833 417 278 247 165
20 3 5 1 100 0.75 7 1177 507 1051 826 428 282 252 176
20 3 5 1 100 0.75 7 1178 517 1049 824 443 289 259 181
20 3 5 1 100 0.75 7 1179 527 1046 817 451 299 269 181
20 3 5 1 100 0.75 7 1180 536 1047 795 461 308 278 181
20 3 5 1 100 0.75 7 1181 544 1047 794 469 317 287 189
20 3 5 1 100 0.75 7 1182 557 1047 784 474 326 296 194
20 3 5 1 100 0.75 7 1183 569 1049 792 488 333 303 203
20 3 5 1 100 0.75 7 1184 578 1051 784 501 338 308 212
20 3 5 1 100 0.75 7 1185 589 1048 781 507 346 316 218
20 3 5 1 100 0.75 7 1186 598 1046 773 514 356 326 222
20 3 5 1 100 0.75 7 1187 606 1044 769 525 368 338 223
20 3 5 1 100 0.75 7 1188 616 1045 760 527 379 349 223
20 3 5 1 100 0.75 7 1189 632 1046 745 534 389 359 228
20 3 5 1 100 0.75 7 1190 637 1045 744 550 400 370 226
20 3 5 1 100 0.75 7 1191 652 1044 738 550 411 382 230
20 3 5 1 100 0.75 7 1192 665 1043 719 561 424 395 231
20 3 5 1 100 0.75 7 1193 670 1047 724 568 433 404 237
20 3 5 1 100 0.75 7 1194 682 1042 711 570 447 418 234
20 3 5 1 100 0.75 7 1195 692 1040 717 578 462 434 232
20 3 5 1 100 0.75 7 1196 708 1045 700 589 473 445 236
20 3 5 1 100 0.75 7 1197 719 1042 694 601 487 459 235
20 3 5 1 100 0.75 7 1198 725 1041 676 607 502 474 236
20 3 5 1 100 0.75 7 1199 742 1044 680 608 514 486 238
20 3 5 1 100 0.75 7 1200 753 1046 660 635 524 496 241
20 3 5 1 100 0.75 7 1201 761 1045 655 643 535 507 242
20 3 5 1 100 0.75 7 1202 772 1037 646 640 554 526 239
20 3 5 1 100 0.75 7 1203 784 1048 643 661 562 534 246
20 3 5 1 100 0.75 7 1204 795 1042 636 673 576 548 248
20 3 5 1 100 0.75 7 1205 807 1036 621 675 594 568 241
20 3 5 1 100 0.75 7 1206 821 1044 621 688 606 580 254
20 3 5 1 100 0.75 7 1207 824 1041 598 709 621 595 255
20 3 5 1 100 0.75 7 1208 837 1048 601 709 629 603 258
20 3 5 1 100 0.75 7 1209 847 1044 607 724 640 615 262
20 3 5 1 100 0.75 7 1210 856 1042 593 734 654 629 264
20 3 5 1 100 0.75 7 1211 862 1041 582 743 668 644 267
20 3 5 1 100 0.75 7 1212 871 1040 584 743 684 660 263
20 3 5 1 100 0.75 7 1213 880 1042 572 755 698 674 274
20 3 5 1 100 0.75 7 1214 889 1043 569 768 711 687 282
20 3 5 1 100 0.75 7 1215 896 1039 557 768 727 704 276
20 3 5 1 100 0.75 7 1216 900 1045 552 776 738 715 283
20 3 5 1 100 0.75 7 1217 908 1040 538 779 754 731 288
20 3 5 1 100 0.75 7 1218 913 1044 539 787 766 743 292
20 3 5 1 100 0.75 7 1219 920 1043 532 789 779 756 292
20 3 5 1 100 0.75 7 1220 925 1040 518 797 795 772 295
20 3 5 1 100 0.75 7 1221 934 1044 514 804 807 784 304
20 3 5 1 100 0.75 7 1222 939 1037 493 808 826 803 291
20 3 5 1 100 0.75 7 1223 943 1034 478 807 848 825 282
20 3 5 1 100 0.75 7 1224 951 1041 487 810 861 838 284
20 3 5 1 100 0.75 7 1225 957 1040 470 815 876 854 285
20 3 5 1 100 0.75 7 1226 964 1036 449 821 896 874 275
20 3 5 1 100 0.75 7 1227 969 1035 467 818 917 895 272
20 3 5 1 100 0.75 7 1228 977 1041 447 824 931 909 280
20 3 5 1 100 0.75 7 1229 980 1046 441 837 940 919 285
20 3 5 1 100 0.75 7 1230 983 1039 444 835 957 936 284
20 3 5 1 100 0.75 7 1230 983 1039 1039 835 1199 936 284
20 3 5 1 100 0.75 7 1260 983 1039 1039 835 33 936 284
20 3 5 1 100 0.75 8 1261 0 20 20 0 33 0 0
20 3 5 1 100 0.75 8 1262 0 40 40 0 33 0 0
20 3 5 1 100 0.75 8 1263 0 60 60 0 33 0 0
20 3 5 1 100 0.75 8 1264 0 80 80 0 33 0 0
20 3 5 1 100 0.75 8 1265 0 100 100 0 33 0 0
20 3 5 1 100 0.75 8 1266 0 120 120 0 33 0 0
20 3 5 1 100 0.75 8 1267 0 140 140 0 33 0 0
20 3 5 1 100 0.75 8 1268 0 160 159 0 33 0 0
20 3 5 1 100 0.75 8 1269 1 180 179 0 33 0 0
20 3 5 1 100 0.75 8 1270 3 200 196 1 33 0 0
20 3 5 1 100 0.75 8 1271 5 220 214 3 33 0 0
20 3 5 1 100 0.75 8 1272 5 240 234 5 33 0 0
20 3 5 1 100 0.75 8 1273 6 260 254 5 33 0 0
20 3 5 1 100 0.75 8 1274 7 280 272 6 33 0 0
20 3 5 1 100 0.75 8 1275 7 300 293 7 33 0 0
20 3 5 1 100 0.75 8 1276 9 320 311 7 33 0 0
20 3 5 1 100 0.75 8 1277 13 340 329 9 33 0 2
20 3 5 1 100 0.75 8 1278 15 360 347 13 33 0 3
20 3 5 1 100 0.75 8 1279 16 380 368 15 33 0 4
20 3 5 1 100 0.75 8 1280 18 400 387 16 33 0 4
20 3 5 1 100 0.75 8 1281 20 420 406 18 33 0 5
20 3 5 1 100 0.75 8 1282 22 440 424 20 33 0 5
20 3 5 1 100 0.75 8 1283 25 460 444 22 33 0 7
20 3 5 1 100 0.75 8 1284 26 480 465 25 33 0 9
20 3 5 1 100 0.75 8 1285 28 500 486 26 33 0 13
20 3 5 1 100 0.75 8 1286 33 520 501 28 33 0 14
20 3 5 1 100 0.75 8 1287 34 540 523 33 33 0 14
20 3 5 1 100 0.75 8 1288 35 560 539 34 33 0 14
20 3 5 1 100 0.75 8 1289 37 580 561 35 33 0 17
20 3 5 1 100 0.75 8 1290 41 600 579 37 33 0 18
20 3 5 1 100 0.75 8 1291 44 620 598 41 33 0 19
20 3 5 1 100 0.75 8 1292 46 640 618 44 33 0 21
20 3 5 1 100 0.75 8 1293 46 659 639 45 34 1 22
20 3 5 1 100 0.75 8 1294 50 678 658 44 35 2 24
20 3 5 1 100 0.75 8 1295 54 698 676 48 35 2 25
20 3 5 1 100 0.75 8 1296 59 717 691 51 36 3 25
20 3 5 1 100 0.75 8 1297 61 736 708 55 37 4 26
20 3 5 1 100 0.75 8 1298 66 755 729 56 38 5 28
20 3 5 1 100 0.75 8 1299 70 775 746 61 38 5 32
20 3 5 1 100 0.75 8 1300 72 792 761 62 41 8 29
20 3 5 1 100 0.75 8 1301 78 811 777 63 42 9 31
20 3 5 1 100 0.75 8 1302 84 830 794 68 43 10 31
20 3 5 1 100 0.75 8 1303 86 847 811 72 46 13 30
20 3 5 1 100 0.75 8 1304 91 866 828 73 47 14 31
20 3 5 1 100 0.75 8 1305 94 884 848 76 49 16 31
20 3 5 1 100 0.75 8 1306 98 903 862 78 50 17 32
20 3 5 1 100 0.75 8 1307 105 921 880 81 52 19 33
20 3 5 1 100 0.75 8 1308 111 940 895 87 53 20 35
20 3 5 1 100 0.75 8 1309 117 958 911 92 55 22 37
20 3 5 1 100 0.75 8 1310 121 977 929 97 56 23 39
20 3 5 1 100 0.75 8 1311 123 996 944 101 57 24 38
20 3 5 1 100 0.75 8 1312 131 1015 965 102 58 25 40
20 3 5 1 100 0.75 8 1313 136 1033 982 109 60 27 42
20 3 5 1 100 0.75 8 1314 142 1051 996 112 61 29 44
20 3 5 1 100 0.75 8 1315 153 1054 995 116 63 31 51
20 3 5 1 100 0.75 8 1316 160 1055 997 127 64 32 53
20 3 5 1 100 0.75 8 1317 164 1054 993 132 66 34 55
20 3 5 1 100 0.75 8 1318 170 1053 990 135 69 37 55
20 3 5 1 100 0.75 8 1319 176 1052 986 137 73 41 56
20 3 5 1 100 0.75 8 1320 182 1053 986 143 76 44 62
20 3 5 1 100 0.75 8 1321 191 1054 984 149 78 46 64
20 3 5 1 100 0.75 8 1322 202 1053 979 156 81 49 69
20 3 5 1 100 0.75 8 1323 209 1055 978 170 82 50 73
20 3 5 1 100 0.75 8 1324 211 1053 973 176 85 53 74
20 3 5 1 100 0.75 8 1325 216 1053 973 177 88 56 75
20 3 5 1 100 0.75 8 1326 224 1050 962 177 94 62 75
20 3 5 1 100 0.75 8 1327 232 1055 969 190 95 63 80
20 3 5 1 100 0.75 8 1328 241 1055 967 198 96 64 87
20 3 5 1 100 0.75 8 1329 244 1053 962 206 99 67 89
20 3 5 1 100 0.75 8 1330 256 1056 968 214 99 67 101
20 3 5 1 100 0.75 8 1331 260 1050 954 222 105 73 98
20 3 5 1 100 0.75 8 1332 272 1048 946 222 113 81 97
20 3 5 1 100 0.75 8 1333 276 1054 947 235 115 83 100
20 3 5 1 100 0.75 8 1334 284 1052 948 236 119 87 106
20 3 5 1 100 0.75 8 1335 293 1053 947 249 122 90 108
20 3 5 1 100 0.75 8 1336 302 1049 931 252 129 97 105
20 3 5 1 100 0.75 8 1337 307 1049 932 259 136 104 103
20 3 5 1 100 0.75 8 1338 319 1050 920 259 142 110 109
20 3 5 1 100 0.75 8 1339 324 1050 926 268 147 116 111
20 3 5 1 100 0.75 8 1340 336 1048 919 267 155 124 112
20 3 5 1 100 0.75 8 1341 337 1053 922 282 158 127 116
20 3 5 1 100 0.75 8 1342 346 1053 918 284 161 130 126
20 3 5 1 100 0.75 8 1343 354 1052 916 296 165 134 131
20 3 5 1 100 0.75 8 1344 363 1051 912 303 170 139 135
20 3 5 1 100 0.75 8 1345 370 1051 908 314 175 144 138
20 3 5 1 100 0.75 8 1346 377 1048 898 319 183 152 136
20 3 5 1 100 0.75 8 1347 385 1046 888 323 193 162 132
20 3 5 1 100 0.75 8 1348 394 1050 891 328 199 168 136
20 3 5 1 100 0.75 8 1349 403 1052 880 342 203 172 138
20 3 5 1 100 0.75 8 1350 415 1049 880 347 210 179 141
20 3 5 1 100 0.75 8 1351 426 1049 865 356 217 186 145
20 3 5 1 100 0.75 8 1352 434 1052 868 367 221 190 152
20 3 5 1 100 0.75 8 1353 441 1052 867 377 225 194 155
20 3 5 1 100 0.75 8 1354 452 1045 859 378 236 205 152
20 3 5 1 100 0.75 8 1355 462 1048 840 391 244 213 153
20 3 5 1 100 0.75 8 1356 470 1046 842 398 254 223 154
20 3 5 1 100 0.75 8 1357 481 1044 825 401 266 235 149
20 3 5 1 100 0.75 8 1358 490 1052 829 414 269 239 156
20 3 5 1 100 0.75 8 1359 505 1044 822 419 281 251 155
20 3 5 1 100 0.75 8 1360 513 1049 822 435 288 258 160
20 3 5 1 100 0.75 8 1361 519 1046 809 437 298 268 161
20 3 5 1 100 0.75 8 1362 529 1049 807 442 305 275 172
20 3 5 1 100 0.75 8 1363 539 1047 799 454 314 284 177
20 3 5 1 100 0.75 8 1364 547 1044 792 459 326 296 173
20 3 5 1 100 0.75 8 1365 559 1053 794 472 328 299 186
20 3 5 1 100 0.75 8 1366 569 1050 789 489 334 305 196
20 3 5 1 100 0.75 8 1367 585 1045 777 495 345 316 199
20 3 5 1 100 0.75 8 1368 594 1048 786 515 353 324 200
20 3 5 1 100 0.75 8 1369 602 1044 764 518 365 336 196
20 3 5 1 100 0.75 8 1370 610 1044 760 523 377 348 198
20 3 5 1 100 0.75 8 1371 621 1048 753 530 385 356 200
20 3 5 1 100 0.75 8 1372 627 1049 749 543 392 363 206
20 3 5 1 100 0.75 8 1373 639 1043 733 545 405 376 209
20 3 5 1 100 0.75 8 1374 650 1047 721 554 413 385 218
20 3 5 1 100 0.75 8 1375 665 1049 738 569 420 392 226
20 3 5 1 100 0.75 8 1376 677 1048 728 583 427 400 231
20 3 5 1 100 0.75 8 1377 684 1045 719 595 438 411 235
20 3 5 1 100 0.75 8 1378 693 1046 714 603 447 421 233
20 3 5 1 100 0.75 8 1379 704 1045 710 610 458 432 237
20 3 5 1 100 0.75 8 1380 714 1035 681 610 479 453 231
20 3 5 1 100 0.75 8 1381 718 1035 672 610 499 473 224
20 3 5 1 100 0.75 8 1382 735 1042 668 609 512 486 230
20 3 5 1 100 0.75 8 1383 747 1049 671 629 519 493 243
20 3 5 1 100 0.75 8 1384 753 1046 656 638 529 503 248
20 3 5 1 100 0.75 8 1385 764 1038 647 634 547 521 244
20 3 5 1 100 0.75 8 1386 774 1045 653 645 558 532 253
20 3 5 1 100 0.75 8 1387 785 1044 641 657 570 544 257
20 3 5 1 100 0.75 8 1388 790 1045 638 670 579 555 254
20 3 5 1 100 0.75 8 1389 800 1050 639 687 585 561 263
20 3 5 1 100 0.75 8 1390 808 1041 622 701 600 576 262
20 3 5 1 100 0.75 8 1391 822 1049 637 713 607 583 267
20 3 5 1 100 0.75 8 1392 829 1044 597 723 619 595 266
20 3 5 1 100 0.75 8 1393 838 1040 586 726 635 611 269
20 3 5 1 100 0.75 8 1394 847 1038 581 734 653 629 270
20 3 5 1 100 0.75 8 1395 851 1039 587 735 669 646 279
20 3 5 1 100 0.75 8 1396 857 1042 577 741 683 660 280
20 3 5 1 100 0.75 8 1397 864 1044 581 741 695 672 285
20 3 5 1 100 0.75 8 1398 879 1044 565 747 707 684 290
20 3 5 1 100 0.75 8 1399 884 1036 560 751 727 704 281
20 3 5 1 100 0.75 8 1400 890 1034 535 747 749 726 275
20 3 5 1 100 0.75 8 1401 894 1035 542 749 768 745 269
20 3 5 1 100 0.75 8 1402 902 1035 508 746 788 765 264
20 3 5 1 100 0.75 8 1403 909 1049 533 767 794 771 271
20 3 5 1 100 0.75 8 1404 918 1044 524 778 806 783 273
20 3 5 1 100 0.75 8 1405 926 1039 506 783 823 800 271
20 3 5 1 100 0.75 8 1406 931 1045 509 790 834 811 278
20 3 5 1 100 0.75 8 1407 938 1037 493 792 852 830 269
20 3 5 1 100 0.75 8 1408 942 1046 500 807 862 840 279
20 3 5 1 100 0.75 8 1409 945 1041 473 824 876 855 280
20 3 5 1 100 0.75 8 1410 951 1041 465 825 891 870 284
20 3 5 1 100 0.75 8 1410 951 1041 1041 825 1140 870 284
20 3 5 1 100 0.75 8 1440 951 1041 1041 825 33 870 284
20 3 5 1 100 0.75 9 1441 0 20 20 0 33 0 0
20 3 5 1 100 0.75 9 1442 0 40 40 0 33 0 0
20 3 5 1 100 0.75 9 1443 0 60 59 0 33 0 0
20 3 5 1 100 0.75 9 1444 0 80 80 0 33 0 0
20 3 5 1 100 0.75 9 1445 0 100 99 0 33 0 0
20 3 5 1 100 0.75 9 1446 0 120 119 0 33 0 0
20 3 5 1 100 0.75 9 1447 0 140 139 0 33 0 0
20 3 5 1 100 0.75 9 1448 1 160 159 0 33 0 0
20 3 5 1 100 0.75 9 1449 4 180 175 1 33 0 0
20 3 5 1 100 0.75 9 1450 6 200 192 4 33 0 0
20 3 5 1 100 0.75 9 1451 6 220 214 6 33 0 0
20 3 5 1 100 0.75 9 1452 7 240 231 6 33 0 0
20 3 5 1 100 0.75 9 1453 7 260 251 7 33 0 0
20 3 5 1 100 0.75 9 1454 8 280 271 7 33 0 0
20 3 5 1 100 0.75 9 1455 11 300 288 8 33 0 1
20 3 5 1 100 0.75 9 1456 13 320 307 11 33 0 1
20 3 5 1 100 0.75 9 1457 14 340 329 13 33 0 6
20 3 5 1 100 0.75 9 1458 18 360 347 14 33 0 6
20 3 5 1 100 0.75 9 1459 20 380 366 18 33 0 7
20 3 5 1 100 0.75 9 1460 22 400 383 20 33 0 7
20 3 5 1 100 0.75 9 1461 24 420 402 22 33 0 8
20 3 5 1 100 0.75 9 1462 26 440 422 24 33 0 10
20 3 5 1 100 0.75 9 1463 27 460 442 26 33 0 11
20 3 5 1 100 0.75 9 1464 30 480 461 27 33 0 12
20 3 5 1 100 0.75 9 1465 32 500 480 30 33 0 14
20 3 5 1 100 0.75 9 1466 36 520 501 32 33 0 16
20 3 5 1 100 0.75 9 1467 38 540 521 36 33 0 17
20 3 5 1 100 0.75 9 1468 39 560 541 38 33 0 18
20 3 5 1 100 0.75 9 1469 43 580 559 39 33 0 19
20 3 5 1 100 0.75 9 1470 46 600 576 43 33 0 20
20 3 5 1 100 0.75 9 1471 48 620 597 46 33 0 23
20 3 5 1 100 0.75 9 1472 50 639 614 47 34 1 24
20 3 5 1 100 0.75 9 1473 51 658 632 48 35 2 25
20 3 5 1 100 0.75 9 1474 55 678 653 49 35 2 25
20 3 5 1 100 0.75 9 1475 60 697 671 52 36 3 26
20 3 5 1 100 0.75 9 1476 62 715 689 55 38 5 27
20 3 5 1 100 0.75 9 1477 65 733 705 55 40 7 26
20 3 5 1 100 0.75 9 1478 69 752 722 57 41 8 29
20 3 5 1 100 0.75 9 1479 75 771 738 60 42 9 29
20 3 5 1 100 0.75 9 1480 81 790 756 65 43 10 29
20 3 5 1 100 0.75 9 1481 86 808 769 69 45 12 27
20 3 5 1 100 0.75 9 1482 91 827 788 73 46 13 29
20 3 5 1 100 0.75 9 1483 94 844 802 75 49 16 28
20 3 5 1 100 0.75 9 1484 99 862 822 76 51 18 30
20 3 5 1 100 0.75 9 1485 104 881 837 80 52 19 32
20 3 5 1 100 0.75 9 1486 107 900 854 84 53 20 32
20 3 5 1 100 0.75 9 1487 115 920 873 87 53 20 38
20 3 5 1 100 0.75 9 1488 122 940 890 96 53 20 43
20 3 5 1 100 0.75 9 1489 124 959 914 102 54 21 47
20 3 5 1 100 0.75 9 1490 128 977 930 102 56 23 48
20 3 5 1 100 0.75 9 1491 133 993 941 105 60 27 46
20 3 5 1 100 0.75 9 1492 140 1011 955 109 62 29 48
20 3 5 1 100 0.75 9 1493 148 1028 972 113 65 32 48
20 3 5 1 100 0.75 9 1494 152 1047 989 120 66 33 50
20 3 5 1 100 0.75 9 1495 165 1054 995 123 68 35 58
20 3 5 1 100 0.75 9 1496 168 1055 994 135 69 36 59
20 3 5 1 100 0.75 9 1497 174 1055 992 137 70 37 64
20 3 5 1 100 0.75 9 1498 177 1054 993 142 72 39 66
20 3 5 1 100 0.75 9 1499 184 1053 989 145 75 42 68
20 3 5 1 100 0.75 9 1500 193 1054 986 154 77 44 71
20 3 5 1 100 0.75 9 1501 199 1054 980 162 79 46 77
20 3 5 1 100 0.75 9 1502 207 1052 976 168 83 50 76
20 3 5 1 100 0.75 9 1503 216 1052 971 173 87 54 79
20 3 5 1 100 0.75 9 1504 222 1052 969 180 91 58 78
20 3 5 1 100 0.75 9 1505 229 1051 965 184 96 63 79
20 3 5 1 100 0.75 9 1506 236 1056 969 194 96 63 88
20 3 5 1 100 0.75 9 1507 245 1053 962 201 99 66 91
20 3 5 1 100 0.75 9 1508 251 1053 963 210 102 69 95
20 3 5 1 100 0.75 9 1509 262 1051 956 213 107 74 100
20 3 5 1 100 0.75 9 1510 271 1050 950 221 113 80 98
20 3 5 1 100 0.75 9 1511 280 1052 947 229 117 84 102
20 3 5 1 100 0.75 9 1512 284 1050 943 236 123 90 101
20 3 5 1 100 0.75 9 1513 289 1051 940 241 128 95 103
20 3 5 1 100 0.75 9 1514 300 1053 939 249 131 98 111
20 3 5 1 100 0.75 9 1515 309 1046 923 252 141 108 107
20 3 5 1 100 0.75 9 1516 317 1054 933 260 143 110 112
20 3 5 1 100 0.75 9 1517 325 1050 923 265 148 116 117
20 3 5 1 100 0.75 9 1518 335 1051 915 275 153 121 120
20 3 5 1 100 0.75 9 1519 342 1053 921 287 156 124 126
20 3 5 1 100 0.75 9 1520 349 1049 909 292 163 131 132
20 3 5 1 100 0.75 9 1521 357 1050 905 297 169 137 135
20 3 5 1 100 0.75 9 1522 368 1050 901 302 175 143 139
20 3 5 1 100 0.75 9 1523 378 1047 888 312 184 152 135
20 3 5 1 100 0.75 9 1524 389 1053 897 327 187 155 146
20 3 5 1 100 0.75 9 1525 398 1050 894 334 193 161 149
20 3 5 1 100 0.75 9 1526 408 1053 887 347 196 164 156
20 3 5 1 100 0.75 9 1527 412 1045 874 350 207 175 151
20 3 5 1 100 0.75 9 1528 422 1050 875 354 213 181 155
20 3 5 1 100 0.75 9 1529 433 1051 877 363 218 186 161
20 3 5 1 100 0.75 9 1530 447 1049 870 371 225 193 167
20 3 5 1 100 0.75 9 1531 458 1049 861 387 231 200 171
20 3 5 1 100 0.75 9 1532 469 1048 851 394 239 208 179
20 3 5 1 100 0.75 9 1533 481 1048 849 403 247 216 183
20 3 5 1 100 0.75 9 1534 487 1044 841 408 258 228 175
20 3 5 1 100 0.75 9 1535 497 1044 833 410 270 240 169
20 3 5 1 100 0.75 9 1536 508 1047 815 417 279 249 168
20 3 5 1 100 0.75 9 1537 522 1047 817 428 288 258 177
20 3 5 1 100 0.75 9 1538 534 1049 816 439 295 265 188
20 3 5 1 100 0.75 9 1539 549 1042 794 444 309 279 182
20 3 5 1 100 0.75 9 1540 560 1041 796 451 324 294 183
20 3 5 1 100 0.75 9 1541 569 1048 789 465 332 302 184
20 3 5 1 100 0.75 9 1542 580 1050 789 475 338 308 193
20 3 5 1 100 0.75 9 1543 592 1050 771 495 343 314 199
20 3 5 1 100 0.75 9 1544 602 1047 767 506 352 323 206
20 3 5 1 100 0.75 9 1545 612 1045 761 516 363 334 208
20 3 5 1 100 0.75 9 1546 626 1049 766 527 370 341 218
20 3 5 1 100 0.75 9 1547 636 1046 752 543 380 351 221
20 3 5 1 100 0.75 9 1548 647 1042 740 551 394 365 224
20 3 5 1 100 0.75 9 1549 659 1040 722 561 410 381 222
20 3 5 1 100 0.75 9 1550 672 1045 726 568 421 392 224
20 3 5 1 100 0.75 9 1551 685 1053 730 585 424 395 233
20 3 5 1 100 0.75 9 1552 697 1044 723 595 436 407 240
20 3 5 1 100 0.75 9 1553 706 1047 723 608 445 416 243
20 3 5 1 100 0.75 9 1554 717 1041 694 611 459 431 249
20 3 5 1 100 0.75 9 1555 727 1043 679 620 472 444 251
20 3 5 1 100 0.75 9 1556 737 1046 682 629 480 454 254
20 3 5 1 100 0.75 9 1557 748 1046 671 644 490 464 263
20 3 5 1 100 0.75 9 1558 761 1038 660 651 508 482 263
20 3 5 1 100 0.75 9 1559 773 1044 644 660 520 494 266
20 3 5 1 100 0.75 9 1560 778 1042 644 666 534 508 267
20 3 5 1 100 0.75 9 1561 787 1041 652 665 549 523 270
20 3 5 1 100 0.75 9 1562 801 1042 635 673 563 537 273
20 3 5 1 100 0.75 9 1563 810 1036 615 680 582 557 274
20 3 5 1 100 0.75 9 1564 816 1048 628 694 590 565 282
20 3 5 1 100 0.75 9 1565 831 1045 624 694 601 576 297
20 3 5 1 100 0.75 9 1566 839 1039 607 706 618 593 292
20 3 5 1 100 0.75 9 1567 843 1046 603 721 628 603 292
20 3 5 1 100 0.75 9 1568 854 1039 598 725 645 620 293
20 3 5 1 100 0.75 9 1569 863 1045 590 734 656 631 297
20 3 5 1 100 0.75 9 1570 875 1038 581 740 673 649 297
20 3 5 1 100 0.75 9 1571 879 1040 559 756 689 665 295
20 3 5 1 100 0.75 9 1572 893 1036 545 749 709 685 286
20 3 5 1 100 0.75 9 1573 899 1040 558 762 725 701 292
20 3 5 1 100 0.75 9 1574 905 1035 535 763 746 722 288
20 3 5 1 100 0.75 9 1575 914 1044 538 768 757 733 295
20 3 5 1 100 0.75 9 1576 919 1041 523 775 772 748 297
20 3 5 1 100 0.75 9 1577 926 1038 519 776 790 766 301
20 3 5 1 100 0.75 9 1578 933 1037 517 782 809 785 296
20 3 5 1 100 0.75 9 1579 940 1036 493 786 829 805 291
20 3 5 1 100 0.75 9 1580 947 1036 493 787 849 825 291
20 3 5 1 100 0.75 9 1581 955 1032 494 788 872 849 284
20 3 5 1 100 0.75 9 1582 965 1041 466 808 883 860 290
20 3 5 1 100 0.75 9 1583 968 1041 464 816 898 875 292
20 3 5 1 100 0.75 9 1584 973 1046 467 823 907 885 301
20 3 5 1 100 0.75 9 1585 978 1040 461 830 923 901 301
20 3 5 1 100 0.75 9 1586 983 1038 451 834 941 919 299
20 3 5 1 100 0.75 9 1587 990 1038 450 837 958 937 298
20 3 5 1 100 0.75 9 1588 993 1040 463 846 974 953 308
20 3 5 1 100 0.75 9 1589 999 1039 423 858 991 970 314
20 3 5 1 100 0.75 9 1590 1004 1043 426 870 1004 983 317
20 3 5 1 100 0.75 9 1590 1004 1043 1043 870 1269 983 317
20 3 5 1 100 0.75 9 1620 1004 1043 1043 870 33 983 317
20 3 5 1 100 0.75 10 1621 0 20 20 0 33 0 0
20 3 5 1 100 0.75 10 1622 0 40 40 0 33 0 0
20 3 5 1 100 0.75 10 1623 0 60 60 0 33 0 0
20 3 5 1 100 0.75 10 1624 0 80 80 0 33 0 0
20 3 5 1 100 0.75 10 1625 0 100 100 0 33 0 0
20 3 5 1 100 0.75 10 1626 0 120 120 0 33 0 0
20 3 5 1 100 0.75 10 1627 0 140 140 0 33 0 0
20 3 5 1 100 0.75 10 1628 0 160 160 0 33 0 0
20 3 5 1 100 0.75 10 1629 1 180 177 0 33 0 0
20 3 5 1 100 0.75 10 1630 1 200 197 1 33 0 0
20 3 5 1 100 0.75 10 1631 3 220 215 1 33 0 0
20 3 5 1 100 0.75 10 1632 4 240 233 3 33 0 0
20 3 5 1 100 0.75 10 1633 6 260 251 4 33 0 0
20 3 5 1 100 0.75 10 1634 6 280 272 6 33 0 0
20 3 5 1 100 0.75 10 1635 9 300 289 6 33 0 0
20 3 5 1 100 0.75 10 1636 11 320 308 9 33 0 1
20 3 5 1 100 0.75 10 1637 14 340 325 11 33 0 1
20 3 5 1 100 0.75 10 1638 15 360 345 14 33 0 1
20 3 5 1 100 0.75 10 1639 19 380 364 15 33 0 3
20 3 5 1 100 0.75 10 1640 20 400 382 19 33 0 4
20 3 5 1 100 0.75 10 1641 21 420 403 20 33 0 5
20 3 5 1 100 0.75 10 1642 25 440 423 21 33 0 5
20 3 5 1 100 0.75 10 1643 27 460 440 25 33 0 6
20 3 5 1 100 0.75 10 1644 29 480 460 27 33 0 9
20 3 5 1 100 0.75 10 1645 31 500 477 29 33 0 10
20 3 5 1 100 0.75 10 1646 34 520 499 31 33 0 12
20 3 5 1 100 0.75 10 1647 34 540 521 34 33 0 13
20 3 5 1 100 0.75 10 1648 40 560 535 34 33 0 14
20 3 5 1 100 0.75 10 1649 43 580 557 40 33 0 14
20 3 5 1 100 0.75 10 1650 45 600 578 43 33 0 16
20 3 5 1 100 0.75 10 1651 50 620 596 45 33 0 18
20 3 5 1 100 0.75 10 1652 52 640 615 50 33 0 19
20 3 5 1 100 0.75 10 1653 53 660 637 52 33 0 22
20 3 5 1 100 0.75 10 1654 54 680 657 53 33 0 22
20 3 5 1 100 0.75 10 1655 59 700 676 54 33 0 26
20 3 5 1 100 0.75 10 1656 65 717 689 56 36 3 25
20 3 5 1 100 0.75 10 1657 67 737 706 62 36 3 26
20 3 5 1 100 0.75 10 1658 72 756 724 63 37 4 26
20 3 5 1 100 0.75 10 1659 79 775 745 67 38 5 29
20 3 5 1 100 0.75 10 1660 81 795 762 74 38 5 30
20 3 5 1 100 0.75 10 1661 86 812 778 73 41 8 27
20 3 5 1 100 0.75 10 1662 87 831 795 77 42 9 27
20 3 5 1 100 0.75 10 1663 96 848 811 75 45 12 31
20 3 5 1 100 0.75 10 1664 99 867 828 83 46 13 32
20 3 5 1 100 0.75 10 1665 106 886 846 85 47 14 34
20 3 5 1 100 0.75 10 1666 112 904 864 90 49 16 39
20 3 5 1 100 0.75 10 1667 117 924 881 96 49 16 40
20 3 5 1 100 0.75 10 1668 123 944 899 101 49 16 44
20 3 5 1 100 0.75 10 1669 125 963 919 106 50 17 45
20 3 5 1 100 0.75 10 1670 130 979 929 104 54 21 42
20 3 5 1 100 0.75 10 1671 140 998 949 108 55 22 48
20 3 5 1 100 0.75 10 1672 145 1017 964 117 56 23 52
20 3 5 1 100 0.75 10 1673 155 1035 981 121 58 25 53
20 3 5 1 100 0.75 10 1674 163 1051 989 129 62 29 52
20 3 5 1 100 0.75 10 1675 168 1054 991 136 64 31 55
20 3 5 1 100 0.75 10 1676 174 1055 991 141 65 32 57
20 3 5 1 100 0.75 10 1677 181 1056 991 147 65 32 59
20 3 5 1 100 0.75 10 1678 185 1054 989 152 67 34 63
20 3 5 1 100 0.75 10 1679 190 1051 984 153 72 39 64
20 3 5 1 100 0.75 10 1680 204 1054 982 159 74 41 70
20 3 5 1 100 0.75 10 1681 214 1053 982 172 77 44 79
20 3 5 1 100 0.75 10 1682 222 1051 975 180 82 49 78
20 3 5 1 100 0.75 10 1683 228 1055 978 189 83 50 82
20 3 5 1 100 0.75 10 1684 231 1051 969 190 88 55 82
20 3 5 1 100 0.75 10 1685 236 1053 969 193 91 58 84
20 3 5 1 100 0.75 10 1686 243 1052 966 198 95 62 88
20 3 5 1 100 0.75 10 1687 250 1055 965 207 96 63 92
20 3 5 1 100 0.75 10 1688 264 1052 962 213 100 67 101
20 3 5 1 100 0.75 10 1689 274 1050 952 224 106 73 106
20 3 5 1 100 0.75 10 1690 281 1053 952 236 109 76 110
20 3 5 1 100 0.75 10 1691 286 1050 946 241 115 82 107
20 3 5 1 100 0.75 10 1692 291 1052 945 244 119 86 110
20 3 5 1 100 0.75 10 1693 294 1053 937 250 122 89 113
20 3 5 1 100 0.75 10 1694 308 1053 933 253 125 92 123
20 3 5 1 100 0.75 10 1695 316 1054 940 269 127 94 131
20 3 5 1 100 0.75 10 1696 329 1051 935 274 131 99 138
20 3 5 1 100 0.75 10 1697 335 1049 927 283 138 106 137
20 3 5 1 100 0.75 10 1698 342 1047 922 287 147 115 138
20 3 5 1 100 0.75 10 1699 348 1049 916 291 154 122 137
20 3 5 1 100 0.75 10 1700 355 1049 912 293 161 129 138
20 3 5 1 100 0.75 10 1701 362 1055 919 306 162 130 145
20 3 5 1 100 0.75 10 1702 371 1047 902 308 171 139 144
20 3 5 1 100 0.75 10 1703 378 1051 904 316 176 144 146
20 3 5 1 100 0.75 10 1704 390 1047 896 318 185 153 151
20 3 5 1 100 0.75 10 1705 401 1051 901 331 190 158 157
20 3 5 1 100 0.75 10 1706 412 1041 875 333 205 173 150
20 3 5 1 100 0.75 10 1707 419 1052 883 348 209 177 155
20 3 5 1 100 0.75 10 1708 429 1045 864 351 220 188 156
20 3 5 1 100 0.75 10 1709 440 1053 871 363 223 191 163
20 3 5 1 100 0.75 10 1710 449 1051 858 373 228 196 173
20 3 5 1 100 0.75 10 1711 456 1044 859 379 240 208 173
20 3 5 1 100 0.75 10 1712 467 1050 848 384 246 214 178
20 3 5 1 100 0.75 10 1713 476 1042 843 389 260 228 172
20 3 5 1 100 0.75 10 1714 486 1045 825 395 271 239 177
20 3 5 1 100 0.75 10 1715 495 1045 833 406 282 250 176
20 3 5 1 100 0.75 10 1716 505 1047 816 417 291 259 176
20 3 5 1 100 0.75 10 1717 516 1053 816 429 294 262 183
20 3 5 1 100 0.75 10 1718 526 1052 820 440 297 266 192
20 3 5 1 100 0.75 10 1719 535 1045 812 443 308 277 190
20 3 5 1 100 0.75 10 1720 546 1047 802 455 316 286 200
20 3 5 1 100 0.75 10 1721 553 1050 804 471 322 292 206
20 3 5 1 100 0.75 10 1722 565 1043 787 477 335 305 207
20 3 5 1 100 0.75 10 1723 575 1042 787 490 349 319 210
20 3 5 1 100 0.75 10 1724 586 1042 764 495 363 333 208
20 3 5 1 100 0.75 10 1725 598 1042 765 500 377 347 201
20 3 5 1 100 0.75 10 1726 607 1047 749 504 386 356 205
20 3 5 1 100 0.75 10 1727 615 1053 768 518 389 359 219
20 3 5 1 100 0.75 10 1728 626 1047 747 528 398 368 222
20 3 5 1 100 0.75 10 1729 642 1045 731 536 409 379 229
20 3 5 1 100 0.75 10 1730 656 1036 723 541 429 399 226
20 3 5 1 100 0.75 10 1731 668 1046 716 557 438 409 232
20 3 5 1 100 0.75 10 1732 678 1045 724 572 449 420 235
20 3 5 1 100 0.75 10 1733 686 1047 710 586 457 429 237
20 3 5 1 100 0.75 10 1734 695 1045 705 598 468 440 236
20 3 5 1 100 0.75 10 1735 709 1043 706 600 481 453 237
20 3 5 1 100 0.75 10 1736 720 1044 681 607 492 465 247
20 3 5 1 100 0.75 10 1737 736 1043 683 614 505 478 255
20 3 5 1 100 0.75 10 1738 754 1037 663 627 524 497 255
20 3 5 1 100 0.75 10 1739 763 1043 649 648 537 510 261
20 3 5 1 100 0.75 10 1740 774 1050 654 661 543 516 271
20 3 5 1 100 0.75 10 1741 781 1041 639 665 558 531 268
20 3 5 1 100 0.75 10 1742 794 1044 645 671 570 543 266
20 3 5 1 100 0.75 10 1743 805 1046 646 684 579 553 273
20 3 5 1 100 0.75 10 1744 817 1040 629 693 595 569 274
20 3 5 1 100 0.75 10 1745 827 1037 637 696 614 588 276
20 3 5 1 100 0.75 10 1746 843 1042 606 710 628 602 283
20 3 5 1 100 0.75 10 1747 853 1039 597 726 645 619 280
20 3 5 1 100 0.75 10 1748 860 1042 579 731 659 633 280
20 3 5 1 100 0.75 10 1749 863 1047 588 738 668 642 283
20 3 5 1 100 0.75 10 1750 872 1037 564 739 687 661 288
20 3 5 1 100 0.75 10 1751 881 1045 565 745 698 672 291
20 3 5 1 100 0.75 10 1752 886 1044 568 757 710 684 297
20 3 5 1 100 0.75 10 1753 896 1037 551 759 728 703 298
20 3 5 1 100 0.75 10 1754 903 1034 534 764 749 725 300
20 3 5 1 100 0.75 10 1755 909 1036 528 771 766 743 296
20 3 5 1 100 0.75 10 1756 915 1031 498 766 791 768 284
20 3 5 1 100 0.75 10 1757 922 1036 522 771 806 783 285
20 3 5 1 100 0.75 10 1758 926 1045 524 781 816 794 290
20 3 5 1 100 0.75 10 1759 932 1042 500 781 830 808 289
20 3 5 1 100 0.75 10 1760 940 1037 484 782 849 827 294
20 3 5 1 100 0.75 10 1761 947 1044 485 792 861 839 302
20 3 5 1 100 0.75 10 1762 952 1041 489 804 876 854 299
20 3 5 1 100 0.75 10 1763 959 1039 449 813 893 871 300
20 3 5 1 100 0.75 10 1764 963 1042 473 828 907 885 297
20 3 5 1 100 0.75 10 1765 971 1035 447 828 928 906 291
20 3 5 1 100 0.75 10 1766 976 1040 463 837 943 921 287
20 3 5 1 100 0.75 10 1767 981 1038 437 840 961 939 279
20 3 5 1 100 0.75 10 1768 988 1041 439 844 976 954 284
20 3 5 1 100 0.75 10 1769 992 1034 420 842 998 976 278
20 3 5 1 100 0.75 10 1770 996 1039 422 850 1012 991 287
20 3 5 1 100 0.75 10 1770 996 1039 1039 850 1256 991 287
20 3 5 1 100 0.75 10 1800 996 1039 1039 850 33 991 287
