5 5 5 1 100 0.75 1 1 0 5 5 0 100 0 0
5 5 5 1 100 0.75 1 2 0 10 10 0 100 0 0
5 5 5 1 100 0.75 1 3 0 15 15 0 100 0 0
5 5 5 1 100 0.75 1 4 0 20 20 0 100 0 0
5 5 5 1 100 0.75 1 5 0 25 25 0 100 0 0
5 5 5 1 100 0.75 1 6 0 30 30 0 100 0 0
5 5 5 1 100 0.75 1 7 0 35 35 0 100 0 0
5 5 5 1 100 0.75 1 8 0 40 40 0 100 0 0
5 5 5 1 100 0.75 1 9 0 45 45 0 100 0 0
5 5 5 1 100 0.75 1 10 1 50 49 0 100 0 0
5 5 5 1 100 0.75 1 11 1 55 53 1 100 0 0
5 5 5 1 100 0.75 1 12 1 60 59 1 100 0 0
5 5 5 1 100 0.75 1 13 2 65 63 1 100 0 0
5 5 5 1 100 0.75 1 14 2 70 68 2 100 0 0
5 5 5 1 100 0.75 1 15 2 75 71 2 100 0 0
5 5 5 1 100 0.75 1 16 5 80 74 2 99 0 0
5 5 5 1 100 0.75 1 17 6 85 79 5 99 0 1
5 5 5 1 100 0.75 1 18 6 90 85 6 99 0 1
5 5 5 1 100 0.75 1 19 8 95 88 6 99 0 1
5 5 5 1 100 0.75 1 20 9 100 91 8 99 0 2
5 5 5 1 100 0.75 1 21 11 105 95 9 99 0 2
5 5 5 1 100 0.75 1 22 12 110 98 11 99 0 2
5 5 5 1 100 0.75 1 23 14 115 105 12 99 0 5
5 5 5 1 100 0.75 1 24 16 120 108 14 99 0 5
5 5 5 1 100 0.75 1 25 19 125 109 16 99 0 6
5 5 5 1 100 0.75 1 26 22 130 114 19 99 0 8
5 5 5 1 100 0.75 1 27 25 135 117 22 99 0 9
5 5 5 1 100 0.75 1 28 25 140 122 25 99 0 9
5 5 5 1 100 0.75 1 29 25 145 128 25 99 0 11
5 5 5 1 100 0.75 1 30 26 150 133 25 99 0 11
5 5 5 1 100 0.75 1 31 31 155 136 26 99 0 14
5 5 5 1 100 0.75 1 32 34 159 138 30 100 1 14
5 5 5 1 100 0.75 1 33 36 164 145 33 100 1 17
5 5 5 1 100 0.75 1 34 39 169 146 35 100 1 20
5 5 5 1 100 0.75 1 35 41 174 153 38 100 1 21
5 5 5 1 100 0.75 1 36 46 179 153 40 100 1 21
5 5 5 1 100 0.75 1 37 47 184 159 45 100 1 22
5 5 5 1 100 0.75 1 38 48 188 160 45 101 2 22
5 5 5 1 100 0.75 1 39 50 192 166 45 102 3 24
5 5 5 1 100 0.75 1 40 55 197 170 47 102 3 25
5 5 5 1 100 0.75 1 41 59 199 168 49 105 6 23
5 5 5 1 100 0.75 1 42 64 204 172 53 105 6 25
5 5 5 1 100 0.75 1 43 65 208 174 57 106 7 25
5 5 5 1 100 0.75 1 44 70 212 179 57 107 8 26
5 5 5 1 100 0.75 1 45 78 217 181 62 107 8 28
5 5 5 1 100 0.75 1 46 83 220 178 68 109 10 27
5 5 5 1 100 0.75 1 47 86 224 182 72 110 11 29
5 5 5 1 100 0.75 1 48 90 229 184 75 110 11 31
5 5 5 1 100 0.75 1 49 93 233 191 78 111 12 34
5 5 5 1 100 0.75 1 50 97 236 191 79 113 14 34
5 5 5 1 100 0.75 1 51 99 240 200 82 114 15 36
5 5 5 1 100 0.75 1 52 105 241 200 80 118 19 36
5 5 5 1 100 0.75 1 53 112 244 200 84 120 21 39
5 5 5 1 100 0.75 1 54 119 247 203 89 122 23 41
5 5 5 1 100 0.75 1 55 123 250 204 94 124 25 42
5 5 5 1 100 0.75 1 56 125 255 212 98 124 25 44
5 5 5 1 100 0.75 1 57 129 259 210 99 125 26 45
5 5 5 1 100 0.75 1 58 133 261 214 100 128 29 45
5 5 5 1 100 0.75 1 59 142 266 209 104 128 29 49
5 5 5 1 100 0.75 1 60 147 269 215 111 130 31 53
5 5 5 1 100 0.75 1 61 156 272 213 114 132 33 54
5 5 5 1 100 0.75 1 62 161 275 219 121 134 35 56
5 5 5 1 100 0.75 1 63 167 276 212 122 138 39 54
5 5 5 1 100 0.75 1 64 171 278 213 125 140 42 54
5 5 5 1 100 0.75 1 65 176 281 215 127 142 44 55
5 5 5 1 100 0.75 1 66 182 284 217 130 144 46 56
5 5 5 1 100 0.75 1 67 189 287 215 134 146 48 62
5 5 5 1 100 0.75 1 68 195 290 227 139 148 50 64
5 5 5 1 100 0.75 1 69 198 292 216 142 151 53 67
5 5 5 1 100 0.75 1 70 205 294 229 142 154 56 70
5 5 5 1 100 0.75 1 71 213 293 219 144 160 62 70
5 5 5 1 100 0.75 1 72 219 295 224 149 163 65 68
5 5 5 1 100 0.75 1 73 226 297 219 152 166 68 67
5 5 5 1 100 0.75 1 74 229 301 218 158 167 69 72
5 5 5 1 100 0.75 1 75 234 301 227 156 172 74 71
5 5 5 1 100 0.75 1 76 237 305 226 160 173 75 73
5 5 5 1 100 0.75 1 77 244 308 233 162 175 77 74
5 5 5 1 100 0.75 1 78 249 306 224 162 182 84 69
5 5 5 1 100 0.75 1 79 254 306 224 162 187 89 74
5 5 5 1 100 0.75 1 80 267 307 221 166 191 93 74
5 5 5 1 100 0.75 1 81 271 308 221 175 194 97 73
5 5 5 1 100 0.75 1 82 280 311 223 177 196 99 75
5 5 5 1 100 0.75 1 83 287 311 217 181 201 104 73
5 5 5 1 100 0.75 1 84 296 312 213 184 205 108 71
5 5 5 1 100 0.75 1 85 298 313 219 189 209 112 71
5 5 5 1 100 0.75 1 86 305 313 210 188 214 117 69
5 5 5 1 100 0.75 1 87 309 311 219 188 221 124 73
5 5 5 1 100 0.75 1 88 314 313 219 190 224 127 73
5 5 5 1 100 0.75 1 89 323 313 218 191 229 132 76
5 5 5 1 100 0.75 1 90 331 314 216 196 233 136 76
5 5 5 1 100 0.75 1 91 340 316 211 202 236 139 82
5 5 5 1 100 0.75 1 92 346 317 222 208 240 143 81
5 5 5 1 100 0.75 1 93 351 320 217 212 241 145 82
5 5 5 1 100 0.75 1 94 362 320 209 212 246 150 82
5 5 5 1 100 0.75 1 95 365 320 212 218 251 155 80
5 5 5 1 100 0.75 1 96 374 322 207 219 254 158 83
5 5 5 1 100 0.75 1 97 385 317 201 220 264 168 82
5 5 5 1 100 0.75 1 98 395 320 205 230 266 170 87
5 5 5 1 100 0.75 1 99 407 322 204 238 269 173 92
5 5 5 1 100 0.75 1 100 414 325 198 248 271 175 91
5 5 5 1 100 0.75 1 101 417 326 199 251 275 179 95
5 5 5 1 100 0.75 1 102 423 327 207 251 279 183 97
5 5 5 1 100 0.75 1 103 426 326 201 253 285 189 96
5 5 5 1 100 0.75 1 104 432 325 203 251 291 195 95
5 5 5 1 100 0.75 1 105 438 323 198 251 298 202 99
5 5 5 1 100 0.75 1 106 445 324 203 255 301 206 101
5 5 5 1 100 0.75 1 107 456 327 192 260 303 208 106
5 5 5 1 100 0.75 1 108 462 328 197 267 307 212 109
5 5 5 1 100 0.75 1 109 465 323 192 263 317 222 101
5 5 5 1 100 0.75 1 110 470 324 186 263 321 226 104
5 5 5 1 100 0.75 1 111 477 324 191 265 326 231 102
5 5 5 1 100 0.75 1 112 483 326 183 271 329 234 104
5 5 5 1 100 0.75 1 113 488 326 190 272 334 239 103
5 5 5 1 100 0.75 1 114 491 328 198 275 337 242 109
5 5 5 1 100 0.75 1 115 495 326 205 273 344 249 107
5 5 5 1 100 0.75 1 116 501 323 183 269 351 257 99
5 5 5 1 100 0.75 1 117 505 324 188 273 355 261 100
5 5 5 1 100 0.75 1 118 513 318 161 266 365 272 95
5 5 5 1 100 0.75 1 119 516 315 175 268 373 280 91
5 5 5 1 100 0.75 1 120 518 312 165 265 381 288 89
5 5 5 1 100 0.75 1 121 525 311 162 263 387 294 85
5 5 5 1 100 0.75 1 122 528 312 164 267 391 298 84
5 5 5 1 100 0.75 1 123 528 314 171 270 394 301 87
5 5 5 1 100 0.75 1 124 536 313 154 265 400 307 86
5 5 5 1 100 0.75 1 125 538 312 168 267 406 313 86
5 5 5 1 100 0.75 1 126 544 309 156 262 414 321 84
5 5 5 1 100 0.75 1 127 549 311 165 266 417 324 83
5 5 5 1 100 0.75 1 128 551 310 159 267 423 330 83
5 5 5 1 100 0.75 1 129 558 311 169 266 427 334 83
5 5 5 1 100 0.75 1 130 560 313 149 273 430 337 83
5 5 5 1 100 0.75 1 131 561 313 160 270 435 342 83
5 5 5 1 100 0.75 1 132 565 312 150 269 439 348 82
5 5 5 1 100 0.75 1 133 567 309 159 268 447 356 78
5 5 5 1 100 0.75 1 134 569 309 155 267 452 361 77
5 5 5 1 100 0.75 1 135 570 311 155 267 455 364 76
5 5 5 1 100 0.75 1 136 576 311 157 265 460 369 76
5 5 5 1 100 0.75 1 137 579 312 151 268 463 373 77
5 5 5 1 100 0.75 1 138 583 313 142 269 467 377 76
5 5 5 1 100 0.75 1 139 591 312 153 268 473 383 72
5 5 5 1 100 0.75 1 140 594 312 140 272 478 388 72
5 5 5 1 100 0.75 1 141 596 313 144 274 482 392 72
5 5 5 1 100 0.75 1 142 600 315 147 275 485 395 70
5 5 5 1 100 0.75 1 143 603 315 143 275 490 400 70
5 5 5 1 100 0.75 1 144 604 313 138 273 495 407 66
5 5 5 1 100 0.75 1 145 609 314 149 273 499 411 68
5 5 5 1 100 0.75 1 146 614 318 160 278 500 412 71
5 5 5 1 100 0.75 1 147 615 318 149 279 505 417 72
5 5 5 1 100 0.75 1 148 619 316 145 275 512 424 67
5 5 5 1 100 0.75 1 149 620 315 139 277 518 430 64
5 5 5 1 100 0.75 1 150 622 316 139 274 522 434 63
5 5 5 1 100 0.75 1 150 622 316 316 274 582 434 63
5 5 5 1 100 0.75 1 180 622 316 316 274 54 434 63
5 5 5 1 100 0.75 2 181 0 5 5 0 54 0 0
5 5 5 1 100 0.75 2 182 0 10 10 0 54 0 0
5 5 5 1 100 0.75 2 183 0 15 15 0 54 0 0
5 5 5 1 100 0.75 2 184 0 20 20 0 54 0 0
5 5 5 1 100 0.75 2 185 0 25 25 0 54 0 0
5 5 5 1 100 0.75 2 186 0 30 30 0 54 0 0
5 5 5 1 100 0.75 2 187 0 35 35 0 54 0 0
5 5 5 1 100 0.75 2 188 0 40 39 0 54 0 0
5 5 5 1 100 0.75 2 189 0 45 43 0 54 0 0
5 5 5 1 100 0.75 2 190 1 50 49 0 54 0 0
5 5 5 1 100 0.75 2 191 1 55 54 1 54 0 0
5 5 5 1 100 0.75 2 192 2 60 57 1 54 0 0
5 5 5 1 100 0.75 2 193 2 65 62 2 54 0 0
5 5 5 1 100 0.75 2 194 5 70 65 2 54 0 0
5 5 5 1 100 0.75 2 195 6 75 69 5 54 0 0
5 5 5 1 100 0.75 2 196 7 80 73 6 54 0 0
5 5 5 1 100 0.75 2 197 8 85 78 7 54 0 1
5 5 5 1 100 0.75 2 198 8 90 81 8 54 0 1
5 5 5 1 100 0.75 2 199 9 95 87 8 54 0 1
5 5 5 1 100 0.75 2 200 10 100 91 9 53 0 2
5 5 5 1 100 0.75 2 201 13 105 95 10 53 0 4
5 5 5 1 100 0.75 2 202 14 110 101 13 53 0 6
5 5 5 1 100 0.75 2 203 17 115 102 14 53 0 6
5 5 5 1 100 0.75 2 204 18 120 108 17 53 0 7
5 5 5 1 100 0.75 2 205 18 125 113 18 53 0 7
5 5 5 1 100 0.75 2 206 20 130 115 18 53 0 7
5 5 5 1 100 0.75 2 207 21 135 123 20 53 0 8
5 5 5 1 100 0.75 2 208 22 140 127 21 53 0 9
5 5 5 1 100 0.75 2 209 24 145 133 22 53 0 13
5 5 5 1 100 0.75 2 210 25 150 135 24 53 0 14
5 5 5 1 100 0.75 2 211 29 155 141 25 53 0 14
5 5 5 1 100 0.75 2 212 33 160 142 29 53 0 15
5 5 5 1 100 0.75 2 213 36 164 146 32 54 1 15
5 5 5 1 100 0.75 2 214 38 169 150 35 54 1 16
5 5 5 1 100 0.75 2 215 39 174 155 37 54 1 17
5 5 5 1 100 0.75 2 216 41 179 154 38 54 1 18
5 5 5 1 100 0.75 2 217 43 183 163 39 55 2 18
5 5 5 1 100 0.75 2 218 44 187 167 40 56 3 19
5 5 5 1 100 0.75 2 219 50 191 170 40 57 4 22
5 5 5 1 100 0.75 2 220 54 194 171 44 59 6 21
5 5 5 1 100 0.75 2 221 55 198 175 47 60 7 21
5 5 5 1 100 0.75 2 222 57 203 178 48 60 7 22
5 5 5 1 100 0.75 2 223 59 206 185 48 62 9 22
5 5 5 1 100 0.75 2 224 63 211 184 50 62 9 25
5 5 5 1 100 0.75 2 225 66 216 191 54 62 9 25
5 5 5 1 100 0.75 2 226 70 219 195 55 64 11 27
5 5 5 1 100 0.75 2 227 74 224 197 59 64 11 29
5 5 5 1 100 0.75 2 228 76 226 200 60 67 14 28
5 5 5 1 100 0.75 2 229 78 229 202 60 69 16 27
5 5 5 1 100 0.75 2 230 81 234 203 62 69 16 29
5 5 5 1 100 0.75 2 231 84 239 208 65 69 16 31
5 5 5 1 100 0.75 2 232 84 244 214 68 69 16 35
5 5 5 1 100 0.75 2 233 89 246 212 66 72 19 34
5 5 5 1 100 0.75 2 234 100 250 216 70 73 20 36
5 5 5 1 100 0.75 2 235 105 254 215 80 74 21 36
5 5 5 1 100 0.75 2 236 108 257 218 83 76 23 36
5 5 5 1 100 0.75 2 237 111 260 219 84 78 25 35
5 5 5 1 100 0.75 2 238 113 263 224 85 80 27 36
5 5 5 1 100 0.75 2 239 123 267 220 86 81 28 35
5 5 5 1 100 0.75 2 240 127 272 226 96 81 28 38
5 5 5 1 100 0.75 2 241 130 274 223 97 84 31 38
5 5 5 1 100 0.75 2 242 135 274 229 96 89 36 44
5 5 5 1 100 0.75 2 243 142 278 227 100 90 37 46
5 5 5 1 100 0.75 2 244 149 281 234 105 92 39 48
5 5 5 1 100 0.75 2 245 156 283 225 109 95 42 46
5 5 5 1 100 0.75 2 246 159 288 230 116 95 42 51
5 5 5 1 100 0.75 2 247 162 289 237 116 99 46 51
5 5 5 1 100 0.75 2 248 166 293 236 118 100 47 52
5 5 5 1 100 0.75 2 249 169 294 243 119 104 51 54
5 5 5 1 100 0.75 2 250 177 297 238 120 106 53 56
5 5 5 1 100 0.75 2 251 185 301 246 127 107 54 60
5 5 5 1 100 0.75 2 252 196 306 246 135 107 54 63
5 5 5 1 100 0.75 2 253 205 307 241 142 111 58 64
5 5 5 1 100 0.75 2 254 209 310 244 149 113 60 66
5 5 5 1 100 0.75 2 255 215 314 247 152 114 61 69
5 5 5 1 100 0.75 2 256 217 316 248 155 117 64 68
5 5 5 1 100 0.75 2 257 219 318 251 154 120 67 69
5 5 5 1 100 0.75 2 258 228 320 247 153 123 70 70
5 5 5 1 100 0.75 2 259 237 321 253 158 127 74 78
5 5 5 1 100 0.75 2 260 242 324 254 165 129 76 83
5 5 5 1 100 0.75 2 261 248 326 257 167 132 79 85
5 5 5 1 100 0.75 2 262 258 326 251 168 137 84 87
5 5 5 1 100 0.75 2 263 262 324 250 171 144 91 82
5 5 5 1 100 0.75 2 264 265 323 247 169 150 97 76
5 5 5 1 100 0.75 2 265 269 327 252 171 151 98 80
5 5 5 1 100 0.75 2 266 274 324 246 170 159 106 79
5 5 5 1 100 0.75 2 267 285 327 248 175 161 108 85
5 5 5 1 100 0.75 2 268 297 330 239 185 163 110 86
5 5 5 1 100 0.75 2 269 306 332 242 194 166 113 89
5 5 5 1 100 0.75 2 270 315 333 244 199 170 117 90
5 5 5 1 100 0.75 2 271 318 334 250 204 174 121 91
5 5 5 1 100 0.75 2 272 322 335 243 203 178 125 89
5 5 5 1 100 0.75 2 273 329 331 242 198 187 134 88
5 5 5 1 100 0.75 2 274 333 333 239 202 190 137 87
5 5 5 1 100 0.75 2 275 343 332 238 200 195 143 93
5 5 5 1 100 0.75 2 276 354 331 233 205 201 149 94
5 5 5 1 100 0.75 2 277 365 329 236 212 208 156 98
5 5 5 1 100 0.75 2 278 371 332 235 221 210 158 98
5 5 5 1 100 0.75 2 279 376 328 224 218 219 167 94
5 5 5 1 100 0.75 2 280 380 331 226 221 221 169 96
5 5 5 1 100 0.75 2 281 388 332 228 222 225 173 96
5 5 5 1 100 0.75 2 282 398 332 221 225 230 178 96
5 5 5 1 100 0.75 2 283 404 334 231 233 233 181 105
5 5 5 1 100 0.75 2 284 412 332 219 235 240 188 108
5 5 5 1 100 0.75 2 285 419 333 226 240 244 192 111
5 5 5 1 100 0.75 2 286 425 329 218 238 253 201 107
5 5 5 1 100 0.75 2 287 429 328 219 238 259 207 104
5 5 5 1 100 0.75 2 288 434 329 210 238 263 211 104
5 5 5 1 100 0.75 2 289 445 331 215 240 266 214 108
5 5 5 1 100 0.75 2 290 449 328 217 246 274 222 109
5 5 5 1 100 0.75 2 291 455 327 205 244 280 228 109
5 5 5 1 100 0.75 2 292 462 325 213 245 287 235 112
5 5 5 1 100 0.75 2 293 466 326 200 248 290 239 112
5 5 5 1 100 0.75 2 294 474 322 201 246 299 248 109
5 5 5 1 100 0.75 2 295 478 318 194 246 308 257 101
5 5 5 1 100 0.75 2 296 485 320 201 248 311 260 105
5 5 5 1 100 0.75 2 297 488 320 187 252 316 265 105
5 5 5 1 100 0.75 2 298 494 319 196 250 322 271 106
5 5 5 1 100 0.75 2 299 502 320 176 254 326 275 107
5 5 5 1 100 0.75 2 300 506 319 189 259 332 281 107
5 5 5 1 100 0.75 2 301 512 313 172 254 342 292 101
5 5 5 1 100 0.75 2 302 519 313 174 257 347 297 101
5 5 5 1 100 0.75 2 303 523 310 178 258 355 305 102
5 5 5 1 100 0.75 2 304 525 311 175 260 359 309 100
5 5 5 1 100 0.75 2 305 532 306 171 253 369 319 94
5 5 5 1 100 0.75 2 306 538 308 172 259 371 322 95
5 5 5 1 100 0.75 2 307 541 307 164 263 377 328 96
5 5 5 1 100 0.75 2 308 543 307 176 261 382 333 96
5 5 5 1 100 0.75 2 309 550 305 162 258 389 340 94
5 5 5 1 100 0.75 2 310 554 303 167 260 396 347 94
5 5 5 1 100 0.75 2 311 555 303 178 260 401 352 95
5 5 5 1 100 0.75 2 312 559 303 151 259 406 357 92
5 5 5 1 100 0.75 2 313 564 304 164 262 410 361 92
5 5 5 1 100 0.75 2 314 568 302 167 262 417 368 89
5 5 5 1 100 0.75 2 315 570 305 164 265 419 370 88
5 5 5 1 100 0.75 2 316 573 303 153 262 426 377 87
5 5 5 1 100 0.75 2 317 577 302 159 261 432 383 86
5 5 5 1 100 0.75 2 318 581 295 142 255 443 395 77
5 5 5 1 100 0.75 2 319 584 295 151 256 448 400 72
5 5 5 1 100 0.75 2 320 589 298 161 257 450 402 79
5 5 5 1 100 0.75 2 321 591 298 150 259 455 407 77
5 5 5 1 100 0.75 2 322 593 298 156 258 460 412 79
5 5 5 1 100 0.75 2 323 597 299 144 260 464 416 77
5 5 5 1 100 0.75 2 324 599 295 143 257 473 425 72
5 5 5 1 100 0.75 2 325 603 297 138 258 475 428 75
5 5 5 1 100 0.75 2 326 604 299 147 261 478 431 77
5 5 5 1 100 0.75 2 327 608 300 149 259 481 435 77
5 5 5 1 100 0.75 2 328 611 299 138 259 487 441 76
5 5 5 1 100 0.75 2 329 614 303 153 264 488 442 78
5 5 5 1 100 0.75 2 330 616 302 144 263 494 448 77
5 5 5 1 100 0.75 2 330 616 302 302 263 571 448 77
5 5 5 1 100 0.75 2 360 616 302 302 263 54 448 77
5 5 5 1 100 0.75 3 361 0 5 5 0 54 0 0
5 5 5 1 100 0.75 3 362 0 10 10 0 54 0 0
5 5 5 1 100 0.75 3 363 0 15 15 0 54 0 0
5 5 5 1 100 0.75 3 364 0 20 20 0 54 0 0
5 5 5 1 100 0.75 3 365 0 25 25 0 54 0 0
5 5 5 1 100 0.75 3 366 0 30 30 0 54 0 0
5 5 5 1 100 0.75 3 367 1 35 33 0 54 0 0
5 5 5 1 100 0.75 3 368 1 40 38 1 54 0 0
5 5 5 1 100 0.75 3 369 1 45 44 1 54 0 0
5 5 5 1 100 0.75 3 370 1 50 49 1 54 0 0
5 5 5 1 100 0.75 3 371 2 55 53 1 54 0 0
5 5 5 1 100 0.75 3 372 2 60 58 2 54 0 0
5 5 5 1 100 0.75 3 373 4 65 60 2 54 0 0
5 5 5 1 100 0.75 3 374 6 70 65 4 54 0 1
5 5 5 1 100 0.75 3 375 6 75 68 6 54 0 1
5 5 5 1 100 0.75 3 376 7 80 73 6 54 0 1
5 5 5 1 100 0.75 3 377 9 85 76 7 54 0 1
5 5 5 1 100 0.75 3 378 10 90 80 9 54 0 1
5 5 5 1 100 0.75 3 379 12 95 85 10 54 0 1
5 5 5 1 100 0.75 3 380 13 100 91 12 54 0 2
5 5 5 1 100 0.75 3 381 13 105 94 13 53 0 2
5 5 5 1 100 0.75 3 382 17 110 98 13 53 0 3
5 5 5 1 100 0.75 3 383 17 115 103 17 53 0 3
5 5 5 1 100 0.75 3 384 18 120 107 17 53 0 5
5 5 5 1 100 0.75 3 385 20 125 110 18 53 0 6
5 5 5 1 100 0.75 3 386 22 130 116 20 53 0 8
5 5 5 1 100 0.75 3 387 24 135 123 22 53 0 10
5 5 5 1 100 0.75 3 388 26 140 123 24 53 0 10
5 5 5 1 100 0.75 3 389 29 145 129 26 53 0 11
5 5 5 1 100 0.75 3 390 30 150 134 29 53 0 12
5 5 5 1 100 0.75 3 391 31 155 140 30 53 0 12
5 5 5 1 100 0.75 3 392 34 160 139 31 53 0 13
5 5 5 1 100 0.75 3 393 35 165 147 34 53 0 15
5 5 5 1 100 0.75 3 394 38 169 151 34 54 1 16
5 5 5 1 100 0.75 3 395 39 174 155 37 54 1 18
5 5 5 1 100 0.75 3 396 40 179 161 38 54 1 20
5 5 5 1 100 0.75 3 397 41 184 166 39 54 1 20
5 5 5 1 100 0.75 3 398 41 187 172 38 56 3 20
5 5 5 1 100 0.75 3 399 44 191 173 37 57 4 21
5 5 5 1 100 0.75 3 400 44 195 175 39 58 5 21
5 5 5 1 100 0.75 3 401 45 200 182 39 58 5 22
5 5 5 1 100 0.75 3 402 50 203 185 38 60 7 22
5 5 5 1 100 0.75 3 403 54 208 187 43 60 7 23
5 5 5 1 100 0.75 3 404 57 211 193 45 62 9 22
5 5 5 1 100 0.75 3 405 57 216 191 48 62 9 22
5 5 5 1 100 0.75 3 406 57 218 198 45 65 12 20
5 5 5 1 100 0.75 3 407 58 223 201 45 65 12 21
5 5 5 1 100 0.75 3 408 59 228 206 46 65 12 21
5 5 5 1 100 0.75 3 409 63 233 210 47 65 12 23
5 5 5 1 100 0.75 3 410 67 237 217 50 66 13 26
5 5 5 1 100 0.75 3 411 70 242 218 54 66 13 30
5 5 5 1 100 0.75 3 412 74 243 220 53 70 17 26
5 5 5 1 100 0.75 3 413 74 246 220 56 72 19 24
5 5 5 1 100 0.75 3 414 78 249 222 54 74 21 22
5 5 5 1 100 0.75 3 415 85 251 221 55 77 24 20
5 5 5 1 100 0.75 3 416 87 256 220 62 77 24 22
5 5 5 1 100 0.75 3 417 91 259 224 62 79 26 24
5 5 5 1 100 0.75 3 418 94 264 229 66 79 26 24
5 5 5 1 100 0.75 3 419 98 269 231 70 79 26 26
5 5 5 1 100 0.75 3 420 101 273 235 73 80 27 28
5 5 5 1 100 0.75 3 421 105 276 236 74 82 29 27
5 5 5 1 100 0.75 3 422 109 278 239 75 85 32 30
5 5 5 1 100 0.75 3 423 115 283 239 79 85 32 33
5 5 5 1 100 0.75 3 424 119 288 240 85 85 32 34
5 5 5 1 100 0.75 3 425 123 293 251 89 85 32 39
5 5 5 1 100 0.75 3 426 123 294 253 90 89 36 36
5 5 5 1 100 0.75 3 427 127 296 248 88 92 39 35
5 5 5 1 100 0.75 3 428 134 300 252 91 93 40 38
5 5 5 1 100 0.75 3 429 139 303 257 97 95 42 40
5 5 5 1 100 0.75 3 430 146 308 257 102 95 42 44
5 5 5 1 100 0.75 3 431 148 312 262 108 96 43 45
5 5 5 1 100 0.75 3 432 152 316 263 109 97 44 48
5 5 5 1 100 0.75 3 433 158 320 272 112 98 45 50
5 5 5 1 100 0.75 3 434 163 323 273 116 100 47 51
5 5 5 1 100 0.75 3 435 168 326 269 119 102 49 53
5 5 5 1 100 0.75 3 436 176 331 271 124 102 49 56
5 5 5 1 100 0.75 3 437 182 331 271 128 107 54 57
5 5 5 1 100 0.75 3 438 188 334 274 132 109 56 58
5 5 5 1 100 0.75 3 439 198 337 268 136 111 58 58
5 5 5 1 100 0.75 3 440 203 341 278 145 112 59 64
5 5 5 1 100 0.75 3 441 212 340 267 144 118 65 62
5 5 5 1 100 0.75 3 442 217 341 270 150 122 69 60
5 5 5 1 100 0.75 3 443 222 345 275 155 123 70 62
5 5 5 1 100 0.75 3 444 230 347 271 157 126 73 67
5 5 5 1 100 0.75 3 445 232 351 279 164 127 74 71
5 5 5 1 100 0.75 3 446 240 353 281 163 130 77 72
5 5 5 1 100 0.75 3 447 247 354 277 167 134 81 73
5 5 5 1 100 0.75 3 448 257 352 278 168 141 88 69
5 5 5 1 100 0.75 3 449 263 355 279 176 143 90 75
5 5 5 1 100 0.75 3 450 268 355 273 177 148 95 75
5 5 5 1 100 0.75 3 451 271 358 272 180 150 97 77
5 5 5 1 100 0.75 3 452 281 359 273 180 154 101 78
5 5 5 1 100 0.75 3 453 285 360 276 186 158 105 78
5 5 5 1 100 0.75 3 454 290 363 277 188 160 107 83
5 5 5 1 100 0.75 3 455 297 365 280 190 163 110 90
5 5 5 1 100 0.75 3 456 305 363 277 193 170 117 89
5 5 5 1 100 0.75 3 457 311 364 268 198 174 121 86
5 5 5 1 100 0.75 3 458 315 367 274 204 176 123 87
5 5 5 1 100 0.75 3 459 322 369 281 206 179 126 91
5 5 5 1 100 0.75 3 460 328 368 271 207 185 132 87
5 5 5 1 100 0.75 3 461 338 367 264 210 191 138 86
5 5 5 1 100 0.75 3 462 345 369 265 217 194 141 88
5 5 5 1 100 0.75 3 463 354 365 261 215 203 150 90
5 5 5 1 100 0.75 3 464 367 367 260 222 206 153 96
5 5 5 1 100 0.75 3 465 380 370 257 233 208 155 97
5 5 5 1 100 0.75 3 466 389 370 251 242 213 160 98
5 5 5 1 100 0.75 3 467 394 367 242 244 220 168 95
5 5 5 1 100 0.75 3 468 401 369 254 246 223 171 100
5 5 5 1 100 0.75 3 469 409 370 251 250 227 175 103
5 5 5 1 100 0.75 3 470 420 366 239 249 236 184 97
5 5 5 1 100 0.75 3 471 427 368 243 258 239 187 109
5 5 5 1 100 0.75 3 472 433 369 246 262 243 191 114
5 5 5 1 100 0.75 3 473 443 367 242 261 250 198 115
5 5 5 1 100 0.75 3 474 449 365 244 265 257 205 114
5 5 5 1 100 0.75 3 475 457 365 242 268 262 210 115
5 5 5 1 100 0.75 3 476 463 364 236 270 267 216 114
5 5 5 1 100 0.75 3 477 468 367 244 276 269 218 118
5 5 5 1 100 0.75 3 478 474 365 244 275 275 225 119
5 5 5 1 100 0.75 3 479 480 364 237 277 281 231 118
5 5 5 1 100 0.75 3 480 488 367 239 282 283 233 123
5 5 5 1 100 0.75 3 481 494 364 226 283 291 241 119
5 5 5 1 100 0.75 3 482 499 366 230 286 294 244 122
5 5 5 1 100 0.75 3 483 510 365 227 287 300 250 123
5 5 5 1 100 0.75 3 484 518 360 223 288 310 260 120
5 5 5 1 100 0.75 3 485 522 359 223 291 316 266 115
5 5 5 1 100 0.75 3 486 526 356 215 291 324 274 115
5 5 5 1 100 0.75 3 487 533 353 213 287 332 282 112
5 5 5 1 100 0.75 3 488 537 349 211 285 341 291 108
5 5 5 1 100 0.75 3 489 546 345 197 280 350 300 107
5 5 5 1 100 0.75 3 490 552 345 197 286 354 305 108
5 5 5 1 100 0.75 3 491 557 343 202 286 361 312 110
5 5 5 1 100 0.75 3 492 564 341 196 284 368 319 109
5 5 5 1 100 0.75 3 493 569 341 190 288 373 324 109
5 5 5 1 100 0.75 3 494 574 340 197 288 379 330 107
5 5 5 1 100 0.75 3 495 579 336 176 287 388 339 103
5 5 5 1 100 0.75 3 496 581 335 181 289 394 345 103
5 5 5 1 100 0.75 3 497 588 332 177 284 401 353 100
5 5 5 1 100 0.75 3 498 592 333 173 290 405 357 103
5 5 5 1 100 0.75 3 499 598 334 183 290 409 361 102
5 5 5 1 100 0.75 3 500 602 331 187 289 417 369 103
5 5 5 1 100 0.75 3 501 603 331 173 288 422 374 103
5 5 5 1 100 0.75 3 502 606 331 178 290 427 379 105
5 5 5 1 100 0.75 3 503 607 329 163 288 433 386 101
5 5 5 1 100 0.75 3 504 611 326 168 284 441 394 96
5 5 5 1 100 0.75 3 505 615 326 159 285 446 399 100
5 5 5 1 100 0.75 3 506 616 324 166 284 453 406 95
5 5 5 1 100 0.75 3 507 619 325 165 283 457 410 94
5 5 5 1 100 0.75 3 508 623 322 163 279 465 418 91
5 5 5 1 100 0.75 3 509 624 322 158 281 470 423 89
5 5 5 1 100 0.75 3 510 631 323 159 279 474 427 87
5 5 5 1 100 0.75 3 510 631 323 323 279 556 427 87
5 5 5 1 100 0.75 3 540 631 323 323 279 54 427 87
5 5 5 1 100 0.75 4 541 0 5 5 0 54 0 0
5 5 5 1 100 0.75 4 542 0 10 10 0 54 0 0
5 5 5 1 100 0.75 4 543 0 15 15 0 54 0 0
5 5 5 1 100 0.75 4 544 0 20 20 0 54 0 0
5 5 5 1 100 0.75 4 545 0 25 25 0 54 0 0
5 5 5 1 100 0.75 4 546 0 30 30 0 54 0 0
5 5 5 1 100 0.75 4 547 0 35 35 0 54 0 0
5 5 5 1 100 0.75 4 548 0 40 39 0 54 0 0
5 5 5 1 100 0.75 4 549 1 45 44 0 54 0 0
5 5 5 1 100 0.75 4 550 2 50 48 1 53 0 0
5 5 5 1 100 0.75 4 551 3 55 51 2 53 0 0
5 5 5 1 100 0.75 4 552 4 60 56 3 53 0 0
5 5 5 1 100 0.75 4 553 4 65 61 4 53 0 0
5 5 5 1 100 0.75 4 554 4 70 66 4 53 0 0
5 5 5 1 100 0.75 4 555 5 75 68 4 53 0 0
5 5 5 1 100 0.75 4 556 8 80 73 5 53 0 1
5 5 5 1 100 0.75 4 557 9 85 77 8 53 0 1
5 5 5 1 100 0.75 4 558 9 90 84 9 53 0 1
5 5 5 1 100 0.75 4 559 9 95 86 9 53 0 1
5 5 5 1 100 0.75 4 560 11 100 91 9 53 0 2
5 5 5 1 100 0.75 4 561 12 105 96 11 53 0 2
5 5 5 1 100 0.75 4 562 13 110 100 12 53 0 3
5 5 5 1 100 0.75 4 563 14 115 107 13 53 0 5
5 5 5 1 100 0.75 4 564 17 120 109 14 53 0 6
5 5 5 1 100 0.75 4 565 17 125 115 17 53 0 7
5 5 5 1 100 0.75 4 566 17 130 119 17 53 0 7
5 5 5 1 100 0.75 4 567 17 135 124 17 52 0 7
5 5 5 1 100 0.75 4 568 18 140 131 17 52 0 9
5 5 5 1 100 0.75 4 569 19 145 136 18 52 0 10
5 5 5 1 100 0.75 4 570 23 150 138 19 52 0 10
5 5 5 1 100 0.75 4 571 23 155 144 23 52 0 11
5 5 5 1 100 0.75 4 572 26 160 148 23 52 0 11
5 5 5 1 100 0.75 4 573 29 165 147 26 52 0 11
5 5 5 1 100 0.75 4 574 30 170 156 29 52 0 11
5 5 5 1 100 0.75 4 575 33 174 156 29 53 1 10
5 5 5 1 100 0.75 4 576 34 178 160 31 54 2 10
5 5 5 1 100 0.75 4 577 35 183 166 32 54 2 12
5 5 5 1 100 0.75 4 578 36 188 169 33 54 2 13
5 5 5 1 100 0.75 4 579 38 192 174 33 55 3 13
5 5 5 1 100 0.75 4 580 41 196 177 34 56 4 15
5 5 5 1 100 0.75 4 581 45 199 179 35 58 6 15
5 5 5 1 100 0.75 4 582 48 204 182 39 58 6 16
5 5 5 1 100 0.75 4 583 49 209 191 42 58 6 19
5 5 5 1 100 0.75 4 584 50 211 189 40 61 9 16
5 5 5 1 100 0.75 4 585 52 215 193 40 62 10 16
5 5 5 1 100 0.75 4 586 55 219 197 41 63 11 16
5 5 5 1 100 0.75 4 587 55 224 203 44 63 11 19
5 5 5 1 100 0.75 4 588 58 229 206 44 63 11 20
5 5 5 1 100 0.75 4 589 62 234 215 47 63 11 26
5 5 5 1 100 0.75 4 590 64 239 215 51 63 11 26
5 5 5 1 100 0.75 4 591 66 244 220 53 63 11 26
5 5 5 1 100 0.75 4 592 68 248 221 54 64 12 27
5 5 5 1 100 0.75 4 593 72 253 226 56 64 12 28
5 5 5 1 100 0.75 4 594 76 257 229 59 65 13 27
5 5 5 1 100 0.75 4 595 80 261 230 62 66 14 27
5 5 5 1 100 0.75 4 596 82 264 233 64 68 16 27
5 5 5 1 100 0.75 4 597 86 268 235 65 69 17 29
5 5 5 1 100 0.75 4 598 89 271 235 67 71 19 28
5 5 5 1 100 0.75 4 599 90 275 241 69 72 20 29
5 5 5 1 100 0.75 4 600 91 278 243 68 74 22 28
5 5 5 1 100 0.75 4 601 94 282 246 68 75 23 31
5 5 5 1 100 0.75 4 602 101 285 249 69 77 25 34
5 5 5 1 100 0.75 4 603 104 286 251 72 81 29 31
5 5 5 1 100 0.75 4 604 109 289 248 73 83 31 32
5 5 5 1 100 0.75 4 605 112 291 250 75 86 34 29
5 5 5 1 100 0.75 4 606 115 295 254 77 87 35 31
5 5 5 1 100 0.75 4 607 118 300 257 80 87 35 31
5 5 5 1 100 0.75 4 608 124 303 252 81 89 37 30
5 5 5 1 100 0.75 4 609 126 307 261 86 90 38 33
5 5 5 1 100 0.75 4 610 133 312 262 88 90 38 37
5 5 5 1 100 0.75 4 611 137 315 261 93 92 40 37
5 5 5 1 100 0.75 4 612 141 317 270 94 95 43 38
5 5 5 1 100 0.75 4 613 145 321 266 97 96 44 40
5 5 5 1 100 0.75 4 614 152 325 272 101 97 45 42
5 5 5 1 100 0.75 4 615 155 328 274 106 99 47 43
5 5 5 1 100 0.75 4 616 161 332 278 108 100 48 45
5 5 5 1 100 0.75 4 617 171 335 274 112 102 50 47
5 5 5 1 100 0.75 4 618 181 336 270 118 106 54 45
5 5 5 1 100 0.75 4 619 184 340 275 127 107 55 46
5 5 5 1 100 0.75 4 620 188 340 276 125 112 60 45
5 5 5 1 100 0.75 4 621 191 343 279 127 114 62 47
5 5 5 1 100 0.75 4 622 199 348 279 130 114 62 52
5 5 5 1 100 0.75 4 623 204 352 286 137 115 63 51
5 5 5 1 100 0.75 4 624 208 356 296 141 116 64 60
5 5 5 1 100 0.75 4 625 215 357 292 142 120 68 60
5 5 5 1 100 0.75 4 626 222 361 297 148 121 69 65
5 5 5 1 100 0.75 4 627 228 362 294 151 125 73 63
5 5 5 1 100 0.75 4 628 236 364 285 154 128 76 61
5 5 5 1 100 0.75 4 629 246 365 287 160 132 80 66
5 5 5 1 100 0.75 4 630 254 367 282 168 135 83 65
5 5 5 1 100 0.75 4 631 258 369 283 174 138 86 65
5 5 5 1 100 0.75 4 632 262 373 299 177 139 87 69
5 5 5 1 100 0.75 4 633 273 371 287 174 146 94 68
5 5 5 1 100 0.75 4 634 281 374 284 183 148 96 67
5 5 5 1 100 0.75 4 635 286 377 289 189 150 98 72
5 5 5 1 100 0.75 4 636 294 378 295 190 153 102 74
5 5 5 1 100 0.75 4 637 303 378 291 193 158 107 76
5 5 5 1 100 0.75 4 638 308 381 298 201 160 109 76
5 5 5 1 100 0.75 4 639 317 383 286 203 163 112 76
5 5 5 1 100 0.75 4 640 322 384 293 209 166 116 77
5 5 5 1 100 0.75 4 641 333 386 294 212 169 119 79
5 5 5 1 100 0.75 4 642 347 388 287 220 172 122 80
5 5 5 1 100 0.75 4 643 354 389 286 230 176 126 81
5 5 5 1 100 0.75 4 644 356 384 289 227 186 136 78
5 5 5 1 100 0.75 4 645 365 385 281 226 190 140 80
5 5 5 1 100 0.75 4 646 372 383 276 230 197 147 80
5 5 5 1 100 0.75 4 647 379 384 275 235 201 151 81
5 5 5 1 100 0.75 4 648 390 385 274 239 205 155 86
5 5 5 1 100 0.75 4 649 401 388 276 249 207 157 93
5 5 5 1 100 0.75 4 650 412 390 270 258 210 160 96
5 5 5 1 100 0.75 4 651 416 392 279 267 213 163 97
5 5 5 1 100 0.75 4 652 431 396 271 270 214 164 104
5 5 5 1 100 0.75 4 653 439 397 268 284 218 168 107
5 5 5 1 100 0.75 4 654 444 396 272 286 224 174 105
5 5 5 1 100 0.75 4 655 450 395 270 285 230 180 108
5 5 5 1 100 0.75 4 656 457 392 271 283 238 188 109
5 5 5 1 100 0.75 4 657 467 395 276 290 240 190 116
5 5 5 1 100 0.75 4 658 476 397 267 298 243 193 121
5 5 5 1 100 0.75 4 659 480 397 282 302 248 198 126
5 5 5 1 100 0.75 4 660 489 397 270 301 253 203 127
5 5 5 1 100 0.75 4 661 496 398 273 308 257 207 129
5 5 5 1 100 0.75 4 662 500 393 264 307 267 217 124
5 5 5 1 100 0.75 4 663 506 393 265 306 272 222 121
5 5 5 1 100 0.75 4 664 518 386 247 301 284 234 120
5 5 5 1 100 0.75 4 665 523 384 239 307 291 241 121
5 5 5 1 100 0.75 4 666 529 383 241 307 297 247 117
5 5 5 1 100 0.75 4 667 534 384 244 311 301 251 118
5 5 5 1 100 0.75 4 668 542 383 243 310 307 257 122
5 5 5 1 100 0.75 4 669 553 380 233 311 315 265 117
5 5 5 1 100 0.75 4 670 562 374 218 311 326 276 110
5 5 5 1 100 0.75 4 671 566 373 234 315 332 282 109
5 5 5 1 100 0.75 4 672 571 370 219 315 339 290 108
5 5 5 1 100 0.75 4 673 574 369 219 316 345 296 107
5 5 5 1 100 0.75 4 674 581 365 197 311 354 305 105
5 5 5 1 100 0.75 4 675 584 361 213 312 363 314 101
5 5 5 1 100 0.75 4 676 593 364 207 314 365 316 104
5 5 5 1 100 0.75 4 677 596 360 204 316 374 325 104
5 5 5 1 100 0.75 4 678 599 361 190 317 378 329 110
5 5 5 1 100 0.75 4 679 604 363 202 319 381 332 113
5 5 5 1 100 0.75 4 680 609 357 189 313 392 343 106
5 5 5 1 100 0.75 4 681 611 356 193 316 398 349 107
5 5 5 1 100 0.75 4 682 613 356 182 315 403 354 106
5 5 5 1 100 0.75 4 683 615 354 193 311 410 361 105
5 5 5 1 100 0.75 4 684 621 351 175 310 418 369 101
5 5 5 1 100 0.75 4 685 624 350 186 310 423 375 99
5 5 5 1 100 0.75 4 686 628 353 188 312 425 377 101
5 5 5 1 100 0.75 4 687 630 352 185 311 430 383 99
5 5 5 1 100 0.75 4 688 635 352 192 309 435 388 98
5 5 5 1 100 0.75 4 689 640 353 182 312 439 392 97
5 5 5 1 100 0.75 4 690 644 348 175 309 449 402 90
5 5 5 1 100 0.75 4 690 644 348 348 309 537 402 90
5 5 5 1 100 0.75 4 720 644 348 348 309 54 402 90
5 5 5 1 100 0.75 5 721 0 5 5 0 54 0 0
5 5 5 1 100 0.75 5 722 0 10 10 0 54 0 0
5 5 5 1 100 0.75 5 723 0 15 15 0 54 0 0
5 5 5 1 100 0.75 5 724 0 20 20 0 54 0 0
5 5 5 1 100 0.75 5 725 0 25 25 0 54 0 0
5 5 5 1 100 0.75 5 726 0 30 29 0 54 0 0
5 5 5 1 100 0.75 5 727 0 35 34 0 54 0 0
5 5 5 1 100 0.75 5 728 1 40 38 0 54 0 0
5 5 5 1 100 0.75 5 729 1 45 43 1 54 0 0
5 5 5 1 100 0.75 5 730 2 50 48 1 54 0 0
5 5 5 1 100 0.75 5 731 2 55 51 2 54 0 0
5 5 5 1 100 0.75 5 732 2 60 58 2 54 0 0
5 5 5 1 100 0.75 5 733 3 65 62 2 54 0 0
5 5 5 1 100 0.75 5 734 3 70 67 3 54 0 0
5 5 5 1 100 0.75 5 735 3 75 72 3 54 0 0
5 5 5 1 100 0.75 5 736 5 80 75 3 54 0 0
5 5 5 1 100 0.75 5 737 6 85 80 5 54 0 0
5 5 5 1 100 0.75 5 738 7 90 81 6 54 0 0
5 5 5 1 100 0.75 5 739 7 95 88 7 54 0 0
5 5 5 1 100 0.75 5 740 10 100 88 7 54 0 0
5 5 5 1 100 0.75 5 741 11 105 95 10 54 0 1
5 5 5 1 100 0.75 5 742 11 110 98 11 54 0 1
5 5 5 1 100 0.75 5 743 12 115 106 11 54 0 3
5 5 5 1 100 0.75 5 744 13 120 108 12 54 0 3
5 5 5 1 100 0.75 5 745 17 125 112 13 54 0 3
5 5 5 1 100 0.75 5 746 19 130 115 17 54 0 3
5 5 5 1 100 0.75 5 747 19 135 124 19 54 0 5
5 5 5 1 100 0.75 5 748 19 140 127 19 54 0 6
5 5 5 1 100 0.75 5 749 19 145 135 19 54 0 6
5 5 5 1 100 0.75 5 750 21 150 134 19 54 0 6
5 5 5 1 100 0.75 5 751 25 155 141 21 54 0 8
5 5 5 1 100 0.75 5 752 29 160 142 25 54 0 9
5 5 5 1 100 0.75 5 753 31 165 147 29 54 0 11
5 5 5 1 100 0.75 5 754 34 170 149 31 54 0 12
5 5 5 1 100 0.75 5 755 35 175 153 34 54 0 12
5 5 5 1 100 0.75 5 756 36 180 160 35 53 0 12
5 5 5 1 100 0.75 5 757 38 185 164 36 53 0 12
5 5 5 1 100 0.75 5 758 40 190 170 38 53 0 15
5 5 5 1 100 0.75 5 759 43 195 174 40 53 0 19
5 5 5 1 100 0.75 5 760 46 198 176 41 55 2 19
5 5 5 1 100 0.75 5 761 48 203 184 44 55 2 23
5 5 5 1 100 0.75 5 762 50 207 185 45 56 3 23
5 5 5 1 100 0.75 5 763 54 212 187 47 56 3 24
5 5 5 1 100 0.75 5 764 56 215 193 49 58 5 24
5 5 5 1 100 0.75 5 765 57 219 191 50 59 6 23
5 5 5 1 100 0.75 5 766 58 223 202 50 60 7 23
5 5 5 1 100 0.75 5 767 63 228 203 51 60 7 24
5 5 5 1 100 0.75 5 768 67 232 207 55 61 8 26
5 5 5 1 100 0.75 5 769 67 236 206 58 62 9 25
5 5 5 1 100 0.75 5 770 70 240 214 57 63 10 28
5 5 5 1 100 0.75 5 771 71 245 217 60 63 10 30
5 5 5 1 100 0.75 5 772 77 249 218 60 64 11 29
5 5 5 1 100 0.75 5 773 80 254 221 66 64 11 30
5 5 5 1 100 0.75 5 774 84 256 227 66 67 14 31
5 5 5 1 100 0.75 5 775 89 261 227 70 67 14 33
5 5 5 1 100 0.75 5 776 92 263 229 72 70 17 32
5 5 5 1 100 0.75 5 777 97 262 226 69 76 23 27
5 5 5 1 100 0.75 5 778 102 266 228 73 77 24 28
5 5 5 1 100 0.75 5 779 105 269 230 76 79 26 28
5 5 5 1 100 0.75 5 780 112 272 229 78 81 28 29
5 5 5 1 100 0.75 5 781 113 277 234 85 81 28 33
5 5 5 1 100 0.75 5 782 115 281 237 85 82 29 35
5 5 5 1 100 0.75 5 783 120 285 242 86 83 30 38
5 5 5 1 100 0.75 5 784 125 289 246 90 84 31 43
5 5 5 1 100 0.75 5 785 128 293 248 94 85 32 43
5 5 5 1 100 0.75 5 786 131 295 251 94 88 35 44
5 5 5 1 100 0.75 5 787 141 298 252 97 90 37 46
5 5 5 1 100 0.75 5 788 146 303 252 107 90 37 47
5 5 5 1 100 0.75 5 789 149 307 260 111 91 38 47
5 5 5 1 100 0.75 5 790 155 308 255 110 94 42 45
5 5 5 1 100 0.75 5 791 159 310 260 113 97 45 45
5 5 5 1 100 0.75 5 792 161 314 266 116 98 46 45
5 5 5 1 100 0.75 5 793 166 318 267 117 99 47 48
5 5 5 1 100 0.75 5 794 169 320 268 119 102 50 49
5 5 5 1 100 0.75 5 795 173 323 272 120 104 52 51
5 5 5 1 100 0.75 5 796 177 324 268 120 108 56 50
5 5 5 1 100 0.75 5 797 180 327 278 122 110 58 53
5 5 5 1 100 0.75 5 798 184 332 273 125 110 58 55
5 5 5 1 100 0.75 5 799 189 332 280 124 115 63 54
5 5 5 1 100 0.75 5 800 192 331 277 125 121 69 49
5 5 5 1 100 0.75 5 801 195 332 276 124 125 73 49
5 5 5 1 100 0.75 5 802 199 335 279 126 127 75 52
5 5 5 1 100 0.75 5 803 208 338 278 128 129 77 51
5 5 5 1 100 0.75 5 804 219 340 277 134 132 80 53
5 5 5 1 100 0.75 5 805 222 342 273 142 135 83 51
5 5 5 1 100 0.75 5 806 229 345 274 143 137 85 53
5 5 5 1 100 0.75 5 807 234 349 282 149 138 86 55
5 5 5 1 100 0.75 5 808 245 352 274 152 140 88 53
5 5 5 1 100 0.75 5 809 252 355 280 161 142 90 57
5 5 5 1 100 0.75 5 810 260 357 276 166 145 93 60
5 5 5 1 100 0.75 5 811 262 359 276 171 148 96 63
5 5 5 1 100 0.75 5 812 269 359 278 169 153 101 63
5 5 5 1 100 0.75 5 813 277 362 275 175 155 103 64
5 5 5 1 100 0.75 5 814 283 362 275 178 160 108 62
5 5 5 1 100 0.75 5 815 288 362 276 179 165 113 59
5 5 5 1 100 0.75 5 816 296 365 274 183 167 115 63
5 5 5 1 100 0.75 5 817 304 365 275 186 172 120 65
5 5 5 1 100 0.75 5 818 315 368 280 192 174 122 68
5 5 5 1 100 0.75 5 819 322 372 278 202 175 123 69
5 5 5 1 100 0.75 5 820 328 375 279 208 177 125 73
5 5 5 1 100 0.75 5 821 333 376 283 210 181 129 75
5 5 5 1 100 0.75 5 822 339 378 278 213 184 132 79
5 5 5 1 100 0.75 5 823 346 380 271 216 187 135 81
5 5 5 1 100 0.75 5 824 352 383 274 222 189 137 84
5 5 5 1 100 0.75 5 825 360 383 276 224 193 142 88
5 5 5 1 100 0.75 5 826 371 385 273 230 196 145 91
5 5 5 1 100 0.75 5 827 374 385 271 238 201 150 93
5 5 5 1 100 0.75 5 828 380 383 269 235 208 157 87
5 5 5 1 100 0.75 5 829 386 382 258 237 214 163 86
5 5 5 1 100 0.75 5 830 391 383 264 241 218 167 88
5 5 5 1 100 0.75 5 831 397 387 268 245 219 168 92
5 5 5 1 100 0.75 5 832 403 386 272 246 225 174 92
5 5 5 1 100 0.75 5 833 419 386 259 248 230 179 98
5 5 5 1 100 0.75 5 834 425 385 269 259 234 185 96
5 5 5 1 100 0.75 5 835 429 385 269 260 239 190 97
5 5 5 1 100 0.75 5 836 437 386 264 260 243 194 98
5 5 5 1 100 0.75 5 837 442 387 264 264 247 198 99
5 5 5 1 100 0.75 5 838 449 386 263 263 252 204 100
5 5 5 1 100 0.75 5 839 453 385 267 265 258 210 99
5 5 5 1 100 0.75 5 840 461 386 265 266 262 214 102
5 5 5 1 100 0.75 5 841 469 386 273 270 267 219 107
5 5 5 1 100 0.75 5 842 480 383 249 271 275 227 102
5 5 5 1 100 0.75 5 843 482 384 255 279 279 231 101
5 5 5 1 100 0.75 5 844 487 380 247 274 288 240 96
5 5 5 1 100 0.75 5 845 494 382 243 278 291 243 98
5 5 5 1 100 0.75 5 846 500 381 243 281 297 249 96
5 5 5 1 100 0.75 5 847 506 384 249 286 299 251 101
5 5 5 1 100 0.75 5 848 513 386 246 290 302 254 109
5 5 5 1 100 0.75 5 849 520 385 255 291 308 260 108
5 5 5 1 100 0.75 5 850 530 385 235 297 313 265 110
5 5 5 1 100 0.75 5 851 533 378 229 296 325 277 100
5 5 5 1 100 0.75 5 852 536 374 232 290 334 286 94
5 5 5 1 100 0.75 5 853 540 375 223 292 337 290 96
5 5 5 1 100 0.75 5 854 547 378 224 295 338 292 97
5 5 5 1 100 0.75 5 855 553 375 220 296 346 300 97
5 5 5 1 100 0.75 5 856 559 374 218 299 351 306 96
5 5 5 1 100 0.75 5 857 565 370 214 301 360 315 98
5 5 5 1 100 0.75 5 858 572 368 208 303 367 322 95
5 5 5 1 100 0.75 5 859 577 367 201 304 373 328 92
5 5 5 1 100 0.75 5 860 579 368 206 305 377 332 92
5 5 5 1 100 0.75 5 861 586 368 205 304 382 337 88
5 5 5 1 100 0.75 5 862 591 371 206 310 384 339 92
5 5 5 1 100 0.75 5 863 594 373 215 312 387 342 100
5 5 5 1 100 0.75 5 864 601 370 207 309 394 350 98
5 5 5 1 100 0.75 5 865 607 369 199 311 398 356 99
5 5 5 1 100 0.75 5 866 610 370 194 316 402 360 100
5 5 5 1 100 0.75 5 867 614 366 199 313 411 369 96
5 5 5 1 100 0.75 5 868 622 364 185 312 418 376 93
5 5 5 1 100 0.75 5 869 629 365 199 317 422 380 98
5 5 5 1 100 0.75 5 870 631 365 196 321 427 385 97
5 5 5 1 100 0.75 5 870 631 365 365 321 521 385 97
5 5 5 1 100 0.75 5 900 631 365 365 321 54 385 97
5 5 5 1 100 0.75 6 901 0 5 5 0 54 0 0
5 5 5 1 100 0.75 6 902 0 10 10 0 54 0 0
5 5 5 1 100 0.75 6 903 0 15 15 0 54 0 0
5 5 5 1 100 0.75 6 904 0 20 20 0 54 0 0
5 5 5 1 100 0.75 6 905 0 25 25 0 54 0 0
5 5 5 1 100 0.75 6 906 0 30 30 0 54 0 0
5 5 5 1 100 0.75 6 907 0 35 35 0 54 0 0
5 5 5 1 100 0.75 6 908 0 40 40 0 54 0 0
5 5 5 1 100 0.75 6 909 0 45 44 0 54 0 0
5 5 5 1 100 0.75 6 910 1 50 48 0 54 0 0
5 5 5 1 100 0.75 6 911 2 55 53 1 54 0 0
5 5 5 1 100 0.75 6 912 4 60 56 2 54 0 0
5 5 5 1 100 0.75 6 913 4 65 61 4 54 0 0
5 5 5 1 100 0.75 6 914 5 70 64 4 54 0 0
5 5 5 1 100 0.75 6 915 6 75 69 5 54 0 0
5 5 5 1 100 0.75 6 916 8 80 72 6 54 0 0
5 5 5 1 100 0.75 6 917 9 85 76 8 54 0 0
5 5 5 1 100 0.75 6 918 9 90 83 9 54 0 0
5 5 5 1 100 0.75 6 919 12 95 85 9 54 0 0
5 5 5 1 100 0.75 6 920 13 100 90 12 54 0 1
5 5 5 1 100 0.75 6 921 15 105 92 13 54 0 1
5 5 5 1 100 0.75 6 922 17 110 98 15 54 0 2
5 5 5 1 100 0.75 6 923 18 115 101 17 54 0 2
5 5 5 1 100 0.75 6 924 18 120 110 18 54 0 2
5 5 5 1 100 0.75 6 925 20 125 112 18 54 0 2
5 5 5 1 100 0.75 6 926 20 130 119 20 54 0 4
5 5 5 1 100 0.75 6 927 21 135 125 20 54 0 4
5 5 5 1 100 0.75 6 928 22 140 131 21 54 0 4
5 5 5 1 100 0.75 6 929 25 145 130 22 54 0 5
5 5 5 1 100 0.75 6 930 26 150 135 25 54 0 6
5 5 5 1 100 0.75 6 931 27 155 141 26 54 0 7
5 5 5 1 100 0.75 6 932 29 160 147 27 54 0 8
5 5 5 1 100 0.75 6 933 30 165 150 29 54 0 9
5 5 5 1 100 0.75 6 934 31 170 155 30 54 0 9
5 5 5 1 100 0.75 6 935 32 174 156 30 55 1 9
5 5 5 1 100 0.75 6 936 35 179 165 31 55 1 12
5 5 5 1 100 0.75 6 937 37 184 165 34 55 1 14
5 5 5 1 100 0.75 6 938 38 188 171 35 56 2 13
5 5 5 1 100 0.75 6 939 41 193 171 36 56 2 14
5 5 5 1 100 0.75 6 940 45 198 177 39 56 2 15
5 5 5 1 100 0.75 6 941 47 203 180 43 56 2 16
5 5 5 1 100 0.75 6 942 49 208 185 45 56 2 16
5 5 5 1 100 0.75 6 943 51 213 190 47 56 2 19
5 5 5 1 100 0.75 6 944 52 217 194 48 57 3 20
5 5 5 1 100 0.75 6 945 53 221 199 48 58 4 19
5 5 5 1 100 0.75 6 946 57 226 202 49 58 4 20
5 5 5 1 100 0.75 6 947 60 230 204 52 59 5 20
5 5 5 1 100 0.75 6 948 61 235 213 55 59 5 21
5 5 5 1 100 0.75 6 949 63 239 216 55 60 6 23
5 5 5 1 100 0.75 6 950 65 243 219 56 61 7 22
5 5 5 1 100 0.75 6 951 66 247 225 57 62 8 24
5 5 5 1 100 0.75 6 952 68 250 224 56 64 10 22
5 5 5 1 100 0.75 6 953 70 255 229 58 64 10 23
5 5 5 1 100 0.75 6 954 74 258 232 58 66 12 23
5 5 5 1 100 0.75 6 955 77 260 233 59 69 15 22
5 5 5 1 100 0.75 6 956 80 264 233 61 70 16 22
5 5 5 1 100 0.75 6 957 83 268 233 63 71 17 22
5 5 5 1 100 0.75 6 958 88 272 236 65 72 18 23
5 5 5 1 100 0.75 6 959 91 274 236 67 75 21 21
5 5 5 1 100 0.75 6 960 95 278 237 69 76 22 21
5 5 5 1 100 0.75 6 961 99 283 245 73 76 22 25
5 5 5 1 100 0.75 6 962 100 288 243 77 76 22 25
5 5 5 1 100 0.75 6 963 100 292 255 77 77 23 25
5 5 5 1 100 0.75 6 964 102 296 257 76 78 24 26
5 5 5 1 100 0.75 6 965 107 299 262 77 80 26 30
5 5 5 1 100 0.75 6 966 108 304 261 83 80 26 31
5 5 5 1 100 0.75 6 967 111 306 270 81 83 29 31
5 5 5 1 100 0.75 6 968 118 311 268 84 83 29 34
5 5 5 1 100 0.75 6 969 124 315 270 90 84 30 34
5 5 5 1 100 0.75 6 970 126 317 267 93 87 33 31
5 5 5 1 100 0.75 6 971 131 320 269 93 89 35 29
5 5 5 1 100 0.75 6 972 141 324 273 97 90 36 32
5 5 5 1 100 0.75 6 973 142 328 274 106 91 37 34
5 5 5 1 100 0.75 6 974 146 331 278 105 93 39 33
5 5 5 1 100 0.75 6 975 150 335 281 108 94 40 36
5 5 5 1 100 0.75 6 976 154 337 284 109 97 43 36
5 5 5 1 100 0.75 6 977 157 342 290 113 97 43 40
5 5 5 1 100 0.75 6 978 161 345 289 114 99 45 39
5 5 5 1 100 0.75 6 979 169 348 297 116 100 47 47
5 5 5 1 100 0.75 6 980 173 351 297 122 102 49 46
5 5 5 1 100 0.75 6 981 179 355 294 125 103 50 49
5 5 5 1 100 0.75 6 982 183 358 298 131 105 52 49
5 5 5 1 100 0.75 6 983 188 362 307 134 106 53 51
5 5 5 1 100 0.75 6 984 192 361 295 133 112 59 48
5 5 5 1 100 0.75 6 985 199 363 297 134 115 62 48
5 5 5 1 100 0.75 6 986 204 367 300 140 116 63 51
5 5 5 1 100 0.75 6 987 210 372 304 145 116 63 55
5 5 5 1 100 0.75 6 988 215 375 305 149 118 65 57
5 5 5 1 100 0.75 6 989 217 379 311 154 119 66 61
5 5 5 1 100 0.75 6 990 220 381 309 153 122 69 60
5 5 5 1 100 0.75 6 991 230 381 306 151 126 74 60
5 5 5 1 100 0.75 6 992 236 383 303 160 129 77 59
5 5 5 1 100 0.75 6 993 244 385 307 163 132 80 64
5 5 5 1 100 0.75 6 994 252 385 301 166 137 85 62
5 5 5 1 100 0.75 6 995 257 388 309 172 139 87 66
5 5 5 1 100 0.75 6 996 265 389 306 173 143 91 65
5 5 5 1 100 0.75 6 997 270 390 298 177 147 95 63
5 5 5 1 100 0.75 6 998 277 392 305 179 150 98 67
5 5 5 1 100 0.75 6 999 282 394 304 183 153 101 70
5 5 5 1 100 0.75 6 1000 294 396 302 185 156 104 72
5 5 5 1 100 0.75 6 1001 304 400 308 196 157 105 76
5 5 5 1 100 0.75 6 1002 310 405 312 206 157 105 79
5 5 5 1 100 0.75 6 1003 317 404 310 207 163 111 78
5 5 5 1 100 0.75 6 1004 321 405 306 211 167 115 75
5 5 5 1 100 0.75 6 1005 326 406 309 211 171 119 77
5 5 5 1 100 0.75 6 1006 331 406 302 211 176 124 77
5 5 5 1 100 0.75 6 1007 341 407 303 214 180 128 76
5 5 5 1 100 0.75 6 1008 346 407 301 220 185 133 77
5 5 5 1 100 0.75 6 1009 358 407 300 220 190 138 81
5 5 5 1 100 0.75 6 1010 360 408 301 229 194 142 81
5 5 5 1 100 0.75 6 1011 368 408 295 227 199 147 79
5 5 5 1 100 0.75 6 1012 375 408 293 232 204 152 79
5 5 5 1 100 0.75 6 1013 381 408 294 236 209 157 76
5 5 5 1 100 0.75 6 1014 388 410 293 239 212 160 81
5 5 5 1 100 0.75 6 1015 397 414 284 247 213 161 89
5 5 5 1 100 0.75 6 1016 405 416 291 254 215 164 96
5 5 5 1 100 0.75 6 1017 413 415 293 258 221 170 96
5 5 5 1 100 0.75 6 1018 421 414 282 262 227 176 95
5 5 5 1 100 0.75 6 1019 428 411 283 264 235 184 93
5 5 5 1 100 0.75 6 1020 433 413 284 268 238 187 94
5 5 5 1 100 0.75 6 1021 439 415 285 272 241 190 96
5 5 5 1 100 0.75 6 1022 444 418 282 277 243 192 99
5 5 5 1 100 0.75 6 1023 450 418 287 279 248 197 104
5 5 5 1 100 0.75 6 1024 457 415 280 278 255 205 102
5 5 5 1 100 0.75 6 1025 470 413 272 279 262 212 108
5 5 5 1 100 0.75 6 1026 474 414 275 288 266 216 105
5 5 5 1 100 0.75 6 1027 480 416 274 291 269 219 109
5 5 5 1 100 0.75 6 1028 484 417 274 293 273 223 110
5 5 5 1 100 0.75 6 1029 493 417 268 293 278 228 113
5 5 5 1 100 0.75 6 1030 501 418 271 299 282 232 115
5 5 5 1 100 0.75 6 1031 509 418 264 304 287 237 115
5 5 5 1 100 0.75 6 1032 515 410 263 302 300 250 106
5 5 5 1 100 0.75 6 1033 523 410 255 307 305 255 109
5 5 5 1 100 0.75 6 1034 533 411 242 313 309 259 107
5 5 5 1 100 0.75 6 1035 537 409 246 316 316 266 104
5 5 5 1 100 0.75 6 1036 542 406 235 313 324 274 101
5 5 5 1 100 0.75 6 1037 544 407 241 318 328 278 105
5 5 5 1 100 0.75 6 1038 552 403 233 313 337 287 101
5 5 5 1 100 0.75 6 1039 558 406 254 319 339 289 109
5 5 5 1 100 0.75 6 1040 565 403 248 317 347 297 111
5 5 5 1 100 0.75 6 1041 570 397 233 314 358 308 107
5 5 5 1 100 0.75 6 1042 578 396 227 315 364 314 104
5 5 5 1 100 0.75 6 1043 587 397 237 321 368 318 108
5 5 5 1 100 0.75 6 1044 593 398 226 327 372 322 106
5 5 5 1 100 0.75 6 1045 598 394 223 325 381 331 103
5 5 5 1 100 0.75 6 1046 607 395 215 327 384 335 103
5 5 5 1 100 0.75 6 1047 611 391 210 330 393 344 99
5 5 5 1 100 0.75 6 1048 616 392 220 332 397 348 100
5 5 5 1 100 0.75 6 1049 622 393 209 334 401 352 104
5 5 5 1 100 0.75 6 1050 628 395 211 340 404 355 105
5 5 5 1 100 0.75 6 1050 628 395 395 340 500 355 105
5 5 5 1 100 0.75 6 1080 628 395 395 340 54 355 105
5 5 5 1 100 0.75 7 1081 0 5 5 0 54 0 0
5 5 5 1 100 0.75 7 1082 0 10 10 0 54 0 0
5 5 5 1 100 0.75 7 1083 0 15 15 0 54 0 0
5 5 5 1 100 0.75 7 1084 0 20 20 0 54 0 0
5 5 5 1 100 0.75 7 1085 0 25 25 0 54 0 0
5 5 5 1 100 0.75 7 1086 0 30 30 0 54 0 0
5 5 5 1 100 0.75 7 1087 0 35 35 0 54 0 0
5 5 5 1 100 0.75 7 1088 0 40 39 0 54 0 0
5 5 5 1 100 0.75 7 1089 0 45 45 0 54 0 0
5 5 5 1 100 0.75 7 1090 0 50 49 0 54 0 0
5 5 5 1 100 0.75 7 1091 0 55 55 0 54 0 0
5 5 5 1 100 0.75 7 1092 1 60 58 0 54 0 0
5 5 5 1 100 0.75 7 1093 2 65 62 1 54 0 0
5 5 5 1 100 0.75 7 1094 6 70 64 2 54 0 0
5 5 5 1 100 0.75 7 1095 7 75 68 6 54 0 0
5 5 5 1 100 0.75 7 1096 7 80 72 7 54 0 0
5 5 5 1 100 0.75 7 1097 7 85 78 7 54 0 0
5 5 5 1 100 0.75 7 1098 8 90 82 7 54 0 0
5 5 5 1 100 0.75 7 1099 8 95 86 8 54 0 0
5 5 5 1 100 0.75 7 1100 10 100 90 8 54 0 1
5 5 5 1 100 0.75 7 1101 12 105 95 10 54 0 3
5 5 5 1 100 0.75 7 1102 12 110 102 12 54 0 5
5 5 5 1 100 0.75 7 1103 18 115 101 12 54 0 6
5 5 5 1 100 0.75 7 1104 19 120 107 18 54 0 6
5 5 5 1 100 0.75 7 1105 20 125 113 19 54 0 7
5 5 5 1 100 0.75 7 1106 20 130 116 20 54 0 7
5 5 5 1 100 0.75 7 1107 22 135 119 20 54 0 8
5 5 5 1 100 0.75 7 1108 25 140 124 22 54 0 9
5 5 5 1 100 0.75 7 1109 25 145 128 25 54 0 10
5 5 5 1 100 0.75 7 1110 27 150 135 25 54 0 13
5 5 5 1 100 0.75 7 1111 30 155 139 27 54 0 17
5 5 5 1 100 0.75 7 1112 33 160 144 30 54 0 18
5 5 5 1 100 0.75 7 1113 37 165 139 33 54 0 18
5 5 5 1 100 0.75 7 1114 40 170 147 37 54 0 20
5 5 5 1 100 0.75 7 1115 41 174 153 39 55 1 20
5 5 5 1 100 0.75 7 1116 45 178 153 39 56 2 19
5 5 5 1 100 0.75 7 1117 46 182 156 42 57 3 19
5 5 5 1 100 0.75 7 1118 51 186 160 42 58 4 21
5 5 5 1 100 0.75 7 1119 53 190 162 46 59 5 21
5 5 5 1 100 0.75 7 1120 53 194 167 47 60 6 24
5 5 5 1 100 0.75 7 1121 55 199 173 47 60 6 27
5 5 5 1 100 0.75 7 1122 55 204 182 49 60 6 28
5 5 5 1 100 0.75 7 1123 58 208 185 48 61 7 30
5 5 5 1 100 0.75 7 1124 61 211 187 49 63 9 31
5 5 5 1 100 0.75 7 1125 62 215 192 51 64 10 32
5 5 5 1 100 0.75 7 1126 65 218 198 50 66 12 32
5 5 5 1 100 0.75 7 1127 69 223 197 53 66 12 33
5 5 5 1 100 0.75 7 1128 72 225 198 54 69 15 30
5 5 5 1 100 0.75 7 1129 73 229 200 56 70 16 31
5 5 5 1 100 0.75 7 1130 76 232 203 55 72 18 31
5 5 5 1 100 0.75 7 1131 80 236 206 57 73 19 32
5 5 5 1 100 0.75 7 1132 81 240 210 60 74 20 31
5 5 5 1 100 0.75 7 1133 85 243 209 60 76 22 29
5 5 5 1 100 0.75 7 1134 91 247 213 63 77 23 31
5 5 5 1 100 0.75 7 1135 94 251 217 68 78 24 33
5 5 5 1 100 0.75 7 1136 100 252 212 67 82 28 30
5 5 5 1 100 0.75 7 1137 103 253 210 69 86 32 27
5 5 5 1 100 0.75 7 1138 108 257 218 71 87 33 30
5 5 5 1 100 0.75 7 1139 112 259 218 73 90 36 29
5 5 5 1 100 0.75 7 1140 115 262 216 75 92 38 31
5 5 5 1 100 0.75 7 1141 118 266 221 78 93 39 31
5 5 5 1 100 0.75 7 1142 123 270 221 80 94 40 34
5 5 5 1 100 0.75 7 1143 128 272 220 82 97 43 31
5 5 5 1 100 0.75 7 1144 133 277 229 88 97 43 39
5 5 5 1 100 0.75 7 1145 136 280 231 91 99 45 38
5 5 5 1 100 0.75 7 1146 140 285 236 94 99 45 41
5 5 5 1 100 0.75 7 1147 144 287 236 95 102 48 40
5 5 5 1 100 0.75 7 1148 149 292 240 99 102 48 44
5 5 5 1 100 0.75 7 1149 156 293 233 100 106 52 42
5 5 5 1 100 0.75 7 1150 161 296 240 105 107 54 45
5 5 5 1 100 0.75 7 1151 167 301 244 110 107 54 52
5 5 5 1 100 0.75 7 1152 172 305 242 117 108 55 54
5 5 5 1 100 0.75 7 1153 175 308 249 121 110 57 55
5 5 5 1 100 0.75 7 1154 183 311 246 122 112 59 58
5 5 5 1 100 0.75 7 1155 188 311 245 125 117 64 57
5 5 5 1 100 0.75 7 1156 191 314 247 128 119 66 58
5 5 5 1 100 0.75 7 1157 194 317 257 129 121 68 58
5 5 5 1 100 0.75 7 1158 202 321 252 132 122 69 62
5 5 5 1 100 0.75 7 1159 206 322 262 136 126 73 62
5 5 5 1 100 0.75 7 1160 214 325 258 138 128 75 63
5 5 5 1 100 0.75 7 1161 218 327 262 143 131 78 65
5 5 5 1 100 0.75 7 1162 229 329 261 144 134 81 68
5 5 5 1 100 0.75 7 1163 234 332 258 153 136 83 70
5 5 5 1 100 0.75 7 1164 242 334 255 155 139 86 68
5 5 5 1 100 0.75 7 1165 244 336 264 160 142 89 71
5 5 5 1 100 0.75 7 1166 250 336 258 157 147 94 68
5 5 5 1 100 0.75 7 1167 257 334 258 156 154 101 67
5 5 5 1 100 0.75 7 1168 261 337 256 161 156 103 69
5 5 5 1 100 0.75 7 1169 268 341 263 164 157 104 74
5 5 5 1 100 0.75 7 1170 277 343 261 168 160 107 77
5 5 5 1 100 0.75 7 1171 290 340 252 172 168 115 73
5 5 5 1 100 0.75 7 1172 296 343 252 184 170 117 76
5 5 5 1 100 0.75 7 1173 300 343 250 186 175 122 74
5 5 5 1 100 0.75 7 1174 311 343 245 187 180 127 76
5 5 5 1 100 0.75 7 1175 317 342 240 192 186 133 72
5 5 5 1 100 0.75 7 1176 326 344 239 196 189 136 72
5 5 5 1 100 0.75 7 1177 335 347 246 203 191 138 79
5 5 5 1 100 0.75 7 1178 345 349 246 210 194 141 82
5 5 5 1 100 0.75 7 1179 353 351 245 218 197 144 87
5 5 5 1 100 0.75 7 1180 356 355 257 225 198 145 90
5 5 5 1 100 0.75 7 1181 367 354 246 222 204 151 93
5 5 5 1 100 0.75 7 1182 376 356 240 231 206 154 97
5 5 5 1 100 0.75 7 1183 382 356 248 235 211 159 99
5 5 5 1 100 0.75 7 1184 386 354 237 234 218 166 95
5 5 5 1 100 0.75 7 1185 395 353 248 234 224 172 102
5 5 5 1 100 0.75 7 1186 399 355 242 241 227 175 103
5 5 5 1 100 0.75 7 1187 409 352 232 237 235 183 100
5 5 5 1 100 0.75 7 1188 415 352 231 244 240 188 102
5 5 5 1 100 0.75 7 1189 431 351 222 245 246 194 104
5 5 5 1 100 0.75 7 1190 435 353 225 259 249 197 103
5 5 5 1 100 0.75 7 1191 439 354 224 260 252 201 107
5 5 5 1 100 0.75 7 1192 446 355 220 263 256 205 111
5 5 5 1 100 0.75 7 1193 451 356 226 267 260 209 110
5 5 5 1 100 0.75 7 1194 456 356 220 270 265 214 109
5 5 5 1 100 0.75 7 1195 463 355 223 269 271 220 113
5 5 5 1 100 0.75 7 1196 472 354 214 272 277 226 115
5 5 5 1 100 0.75 7 1197 478 355 215 277 281 230 121
5 5 5 1 100 0.75 7 1198 484 353 211 276 288 237 119
5 5 5 1 100 0.75 7 1199 490 352 212 280 294 243 117
5 5 5 1 100 0.75 7 1200 495 351 201 282 300 249 119
5 5 5 1 100 0.75 7 1201 499 347 213 279 309 258 115
5 5 5 1 100 0.75 7 1202 505 343 200 275 318 267 109
5 5 5 1 100 0.75 7 1203 510 344 198 278 322 271 113
5 5 5 1 100 0.75 7 1204 518 340 186 276 331 280 110
5 5 5 1 100 0.75 7 1205 521 336 186 277 340 289 104
5 5 5 1 100 0.75 7 1206 527 335 198 274 345 295 105
5 5 5 1 100 0.75 7 1207 529 332 178 273 353 303 103
5 5 5 1 100 0.75 7 1208 537 334 178 274 356 306 104
5 5 5 1 100 0.75 7 1209 544 335 180 280 360 310 102
5 5 5 1 100 0.75 7 1210 552 333 189 280 367 317 100
5 5 5 1 100 0.75 7 1211 558 329 168 280 376 326 95
5 5 5 1 100 0.75 7 1212 562 328 177 281 382 332 96
5 5 5 1 100 0.75 7 1213 566 329 163 283 386 336 93
5 5 5 1 100 0.75 7 1214 568 325 162 279 395 345 93
5 5 5 1 100 0.75 7 1215 575 317 139 269 408 358 85
5 5 5 1 100 0.75 7 1216 578 317 151 274 413 363 88
5 5 5 1 100 0.75 7 1217 581 318 145 275 417 367 89
5 5 5 1 100 0.75 7 1218 583 321 163 280 418 369 96
5 5 5 1 100 0.75 7 1219 586 320 150 280 424 375 94
5 5 5 1 100 0.75 7 1220 589 319 154 279 430 381 95
5 5 5 1 100 0.75 7 1221 591 319 152 277 435 386 91
5 5 5 1 100 0.75 7 1222 591 320 156 281 439 390 90
5 5 5 1 100 0.75 7 1223 592 320 149 278 444 395 90
5 5 5 1 100 0.75 7 1224 596 319 141 276 450 401 90
5 5 5 1 100 0.75 7 1225 599 319 153 277 455 406 91
5 5 5 1 100 0.75 7 1226 600 320 158 277 458 410 91
5 5 5 1 100 0.75 7 1227 602 321 144 280 462 414 89
5 5 5 1 100 0.75 7 1228 603 322 156 284 466 418 88
5 5 5 1 100 0.75 7 1229 606 322 140 281 471 423 85
5 5 5 1 100 0.75 7 1230 610 321 149 279 477 429 80
5 5 5 1 100 0.75 7 1230 610 321 321 279 553 429 80
5 5 5 1 100 0.75 7 1260 610 321 321 279 54 429 80
5 5 5 1 100 0.75 8 1261 0 5 5 0 54 0 0
5 5 5 1 100 0.75 8 1262 0 10 10 0 54 0 0
5 5 5 1 100 0.75 8 1263 0 15 15 0 54 0 0
5 5 5 1 100 0.75 8 1264 0 20 20 0 54 0 0
5 5 5 1 100 0.75 8 1265 0 25 25 0 54 0 0
5 5 5 1 100 0.75 8 1266 0 30 30 0 54 0 0
5 5 5 1 100 0.75 8 1267 0 35 35 0 54 0 0
5 5 5 1 100 0.75 8 1268 0 40 40 0 54 0 0
5 5 5 1 100 0.75 8 1269 0 45 45 0 54 0 0
5 5 5 1 100 0.75 8 1270 1 50 49 0 54 0 0
5 5 5 1 100 0.75 8 1271 1 55 54 1 54 0 0
5 5 5 1 100 0.75 8 1272 1 60 59 1 54 0 0
5 5 5 1 100 0.75 8 1273 1 65 63 1 54 0 0
5 5 5 1 100 0.75 8 1274 2 70 68 1 53 0 0
5 5 5 1 100 0.75 8 1275 3 75 71 2 53 0 0
5 5 5 1 100 0.75 8 1276 3 80 75 3 53 0 0
5 5 5 1 100 0.75 8 1277 3 85 81 3 53 0 0
5 5 5 1 100 0.75 8 1278 5 90 85 3 53 0 1
5 5 5 1 100 0.75 8 1279 5 95 89 5 53 0 1
5 5 5 1 100 0.75 8 1280 6 100 94 5 53 0 1
5 5 5 1 100 0.75 8 1281 7 105 97 6 53 0 1
5 5 5 1 100 0.75 8 1282 7 110 105 7 53 0 2
5 5 5 1 100 0.75 8 1283 9 115 107 7 53 0 3
5 5 5 1 100 0.75 8 1284 11 120 110 9 52 0 3
5 5 5 1 100 0.75 8 1285 11 125 118 11 52 0 4
5 5 5 1 100 0.75 8 1286 13 130 120 11 52 0 4
5 5 5 1 100 0.75 8 1287 14 135 126 13 52 0 5
5 5 5 1 100 0.75 8 1288 14 140 133 14 52 0 5
5 5 5 1 100 0.75 8 1289 15 145 136 14 52 0 5
5 5 5 1 100 0.75 8 1290 17 150 139 15 52 0 6
5 5 5 1 100 0.75 8 1291 18 155 146 17 52 0 8
5 5 5 1 100 0.75 8 1292 20 160 147 18 52 0 9
5 5 5 1 100 0.75 8 1293 24 165 150 20 52 0 9
5 5 5 1 100 0.75 8 1294 26 170 156 24 52 0 10
5 5 5 1 100 0.75 8 1295 29 175 157 26 52 0 11
5 5 5 1 100 0.75 8 1296 30 179 161 28 53 1 11
5 5 5 1 100 0.75 8 1297 32 183 164 28 54 2 10
5 5 5 1 100 0.75 8 1298 35 188 168 30 54 2 12
5 5 5 1 100 0.75 8 1299 36 193 171 33 54 2 13
5 5 5 1 100 0.75 8 1300 38 197 176 33 55 3 13
5 5 5 1 100 0.75 8 1301 41 202 180 35 55 3 17
5 5 5 1 100 0.75 8 1302 43 207 186 38 55 3 19
5 5 5 1 100 0.75 8 1303 46 211 191 39 56 4 20
5 5 5 1 100 0.75 8 1304 49 215 194 41 57 5 21
5 5 5 1 100 0.75 8 1305 51 220 199 44 57 5 22
5 5 5 1 100 0.75 8 1306 52 225 201 46 57 5 24
5 5 5 1 100 0.75 8 1307 54 229 203 46 58 6 23
5 5 5 1 100 0.75 8 1308 58 234 209 48 58 6 24
5 5 5 1 100 0.75 8 1309 60 239 212 52 58 6 27
5 5 5 1 100 0.75 8 1310 63 243 219 53 59 7 29
5 5 5 1 100 0.75 8 1311 70 246 215 54 61 9 29
5 5 5 1 100 0.75 8 1312 72 250 225 60 61 10 31
5 5 5 1 100 0.75 8 1313 75 255 225 62 61 10 32
5 5 5 1 100 0.75 8 1314 78 257 225 62 64 13 30
5 5 5 1 100 0.75 8 1315 82 261 227 64 65 14 32
5 5 5 1 100 0.75 8 1316 86 264 232 66 67 16 31
5 5 5 1 100 0.75 8 1317 89 267 230 68 69 18 30
5 5 5 1 100 0.75 8 1318 97 270 233 69 71 20 33
5 5 5 1 100 0.75 8 1319 100 272 235 74 74 23 33
5 5 5 1 100 0.75 8 1320 101 276 240 76 75 24 33
5 5 5 1 100 0.75 8 1321 102 281 249 77 75 24 36
5 5 5 1 100 0.75 8 1322 107 285 247 77 76 25 38
5 5 5 1 100 0.75 8 1323 114 288 250 80 78 27 40
5 5 5 1 100 0.75 8 1324 118 290 247 84 81 30 37
5 5 5 1 100 0.75 8 1325 120 293 251 86 83 32 39
5 5 5 1 100 0.75 8 1326 123 296 260 86 85 34 42
5 5 5 1 100 0.75 8 1327 127 300 257 88 86 35 43
5 5 5 1 100 0.75 8 1328 128 305 261 92 85 35 43
5 5 5 1 100 0.75 8 1329 132 306 262 90 89 39 42
5 5 5 1 100 0.75 8 1330 140 309 260 93 91 41 44
5 5 5 1 100 0.75 8 1331 148 312 265 99 93 43 46
5 5 5 1 100 0.75 8 1332 151 315 264 105 95 45 47
5 5 5 1 100 0.75 8 1333 153 318 269 106 97 47 45
5 5 5 1 100 0.75 8 1334 155 322 269 108 98 48 46
5 5 5 1 100 0.75 8 1335 158 324 276 108 101 51 45
5 5 5 1 100 0.75 8 1336 163 325 269 107 105 55 44
5 5 5 1 100 0.75 8 1337 169 329 277 111 105 56 50
5 5 5 1 100 0.75 8 1338 176 330 272 113 109 60 51
5 5 5 1 100 0.75 8 1339 183 333 279 118 111 62 52
5 5 5 1 100 0.75 8 1340 191 335 277 123 114 65 53
5 5 5 1 100 0.75 8 1341 198 339 279 132 115 66 54
5 5 5 1 100 0.75 8 1342 200 340 270 135 119 70 51
5 5 5 1 100 0.75 8 1343 208 342 275 134 122 73 52
5 5 5 1 100 0.75 8 1344 214 343 273 138 126 77 50
5 5 5 1 100 0.75 8 1345 222 348 275 144 126 77 55
5 5 5 1 100 0.75 8 1346 229 350 276 150 129 80 60
5 5 5 1 100 0.75 8 1347 234 354 287 156 130 81 65
5 5 5 1 100 0.75 8 1348 242 354 282 156 135 86 62
5 5 5 1 100 0.75 8 1349 245 356 286 161 138 89 63
5 5 5 1 100 0.75 8 1350 248 358 287 162 140 92 63
5 5 5 1 100 0.75 8 1351 257 361 289 164 141 94 70
5 5 5 1 100 0.75 8 1352 260 364 296 171 142 96 73
5 5 5 1 100 0.75 8 1353 268 369 290 175 142 96 81
5 5 5 1 100 0.75 8 1354 275 370 295 180 146 100 82
5 5 5 1 100 0.75 8 1355 284 368 290 180 153 107 79
5 5 5 1 100 0.75 8 1356 289 370 295 186 156 110 82
5 5 5 1 100 0.75 8 1357 298 369 291 185 162 116 78
5 5 5 1 100 0.75 8 1358 310 373 281 193 163 117 78
5 5 5 1 100 0.75 8 1359 318 376 280 203 165 119 83
5 5 5 1 100 0.75 8 1360 325 377 281 207 169 123 85
5 5 5 1 100 0.75 8 1361 331 378 281 210 173 127 90
5 5 5 1 100 0.75 8 1362 343 381 285 214 175 129 93
5 5 5 1 100 0.75 8 1363 349 378 275 220 183 137 89
5 5 5 1 100 0.75 8 1364 359 378 275 221 188 142 89
5 5 5 1 100 0.75 8 1365 370 379 269 228 192 146 92
5 5 5 1 100 0.75 8 1366 376 375 263 230 200 155 89
5 5 5 1 100 0.75 8 1367 385 379 266 236 201 156 93
5 5 5 1 100 0.75 8 1368 392 380 266 241 205 160 95
5 5 5 1 100 0.75 8 1369 401 379 267 242 210 166 97
5 5 5 1 100 0.75 8 1370 406 381 273 248 212 169 103
5 5 5 1 100 0.75 8 1371 412 380 272 247 218 175 108
5 5 5 1 100 0.75 8 1372 421 379 263 248 224 181 107
5 5 5 1 100 0.75 8 1373 432 381 269 254 227 184 114
5 5 5 1 100 0.75 8 1374 441 382 264 263 231 188 118
5 5 5 1 100 0.75 8 1375 444 380 264 265 238 195 115
5 5 5 1 100 0.75 8 1376 451 376 246 261 247 204 113
5 5 5 1 100 0.75 8 1377 456 377 262 264 251 208 114
5 5 5 1 100 0.75 8 1378 460 378 258 267 255 212 111
5 5 5 1 100 0.75 8 1379 470 372 244 260 266 223 105
5 5 5 1 100 0.75 8 1380 476 375 241 270 268 225 114
5 5 5 1 100 0.75 8 1381 484 373 249 271 275 232 117
5 5 5 1 100 0.75 8 1382 490 376 248 278 277 234 122
5 5 5 1 100 0.75 8 1383 497 374 240 278 284 241 119
5 5 5 1 100 0.75 8 1384 504 373 237 279 290 247 117
5 5 5 1 100 0.75 8 1385 507 371 233 280 296 254 114
5 5 5 1 100 0.75 8 1386 516 367 226 275 305 263 109
5 5 5 1 100 0.75 8 1387 522 367 237 280 310 268 112
5 5 5 1 100 0.75 8 1388 528 368 230 282 313 272 113
5 5 5 1 100 0.75 8 1389 536 359 219 275 327 286 106
5 5 5 1 100 0.75 8 1390 543 358 220 278 333 292 108
5 5 5 1 100 0.75 8 1391 551 351 200 274 345 304 102
5 5 5 1 100 0.75 8 1392 558 350 207 278 351 310 100
5 5 5 1 100 0.75 8 1393 561 349 205 281 357 316 98
5 5 5 1 100 0.75 8 1394 568 349 194 279 362 321 101
5 5 5 1 100 0.75 8 1395 572 350 199 285 366 325 102
5 5 5 1 100 0.75 8 1396 579 349 194 283 372 331 101
5 5 5 1 100 0.75 8 1397 588 347 189 285 379 338 101
5 5 5 1 100 0.75 8 1398 591 344 186 289 386 346 96
5 5 5 1 100 0.75 8 1399 595 344 180 288 391 351 98
5 5 5 1 100 0.75 8 1400 598 343 183 289 397 357 96
5 5 5 1 100 0.75 8 1401 603 342 182 290 403 363 97
5 5 5 1 100 0.75 8 1402 607 342 175 291 408 368 99
5 5 5 1 100 0.75 8 1403 611 341 180 292 414 374 97
5 5 5 1 100 0.75 8 1404 612 344 185 298 415 376 101
5 5 5 1 100 0.75 8 1405 617 342 182 293 422 383 98
5 5 5 1 100 0.75 8 1406 621 343 179 299 426 387 101
5 5 5 1 100 0.75 8 1407 624 343 173 298 431 392 100
5 5 5 1 100 0.75 8 1408 629 338 170 295 441 402 96
5 5 5 1 100 0.75 8 1409 632 337 161 298 446 408 95
5 5 5 1 100 0.75 8 1410 637 337 172 298 450 413 95
5 5 5 1 100 0.75 8 1410 637 337 337 298 540 413 95
5 5 5 1 100 0.75 8 1440 637 337 337 298 54 413 95
5 5 5 1 100 0.75 9 1441 0 5 5 0 54 0 0
5 5 5 1 100 0.75 9 1442 0 10 10 0 54 0 0
5 5 5 1 100 0.75 9 1443 0 15 15 0 54 0 0
5 5 5 1 100 0.75 9 1444 0 20 20 0 54 0 0
5 5 5 1 100 0.75 9 1445 0 25 25 0 54 0 0
5 5 5 1 100 0.75 9 1446 0 30 30 0 54 0 0
5 5 5 1 100 0.75 9 1447 0 35 35 0 54 0 0
5 5 5 1 100 0.75 9 1448 0 40 40 0 54 0 0
5 5 5 1 100 0.75 9 1449 0 45 45 0 54 0 0
5 5 5 1 100 0.75 9 1450 1 50 49 0 54 0 0
5 5 5 1 100 0.75 9 1451 1 55 54 1 54 0 0
5 5 5 1 100 0.75 9 1452 3 60 57 1 54 0 0
5 5 5 1 100 0.75 9 1453 5 65 60 3 54 0 0
5 5 5 1 100 0.75 9 1454 6 70 64 5 54 0 0
5 5 5 1 100 0.75 9 1455 6 75 69 6 54 0 0
5 5 5 1 100 0.75 9 1456 7 80 73 6 54 0 0
5 5 5 1 100 0.75 9 1457 7 85 78 7 54 0 0
5 5 5 1 100 0.75 9 1458 7 90 84 7 54 0 0
5 5 5 1 100 0.75 9 1459 7 95 88 7 54 0 0
5 5 5 1 100 0.75 9 1460 8 100 97 7 54 0 3
5 5 5 1 100 0.75 9 1461 8 105 99 8 54 0 3
5 5 5 1 100 0.75 9 1462 9 110 105 8 54 0 3
5 5 5 1 100 0.75 9 1463 9 115 112 9 54 0 4
5 5 5 1 100 0.75 9 1464 11 120 113 9 54 0 4
5 5 5 1 100 0.75 9 1465 14 125 115 11 54 0 4
5 5 5 1 100 0.75 9 1466 17 130 117 14 54 0 4
5 5 5 1 100 0.75 9 1467 19 135 121 17 54 0 4
5 5 5 1 100 0.75 9 1468 20 140 126 19 54 0 4
5 5 5 1 100 0.75 9 1469 21 145 132 20 54 0 5
5 5 5 1 100 0.75 9 1470 24 150 133 21 54 0 5
5 5 5 1 100 0.75 9 1471 26 155 136 24 54 0 6
5 5 5 1 100 0.75 9 1472 29 160 143 26 54 0 7
5 5 5 1 100 0.75 9 1473 32 165 149 29 54 0 10
5 5 5 1 100 0.75 9 1474 35 170 150 32 54 0 11
5 5 5 1 100 0.75 9 1475 36 173 155 33 56 2 9
5 5 5 1 100 0.75 9 1476 38 178 159 34 56 2 10
5 5 5 1 100 0.75 9 1477 40 183 162 36 56 2 11
5 5 5 1 100 0.75 9 1478 41 188 169 38 56 2 12
5 5 5 1 100 0.75 9 1479 44 192 171 38 57 3 13
5 5 5 1 100 0.75 9 1480 46 197 176 41 57 3 16
5 5 5 1 100 0.75 9 1481 47 202 186 43 57 3 19
5 5 5 1 100 0.75 9 1482 49 207 192 44 57 3 20
5 5 5 1 100 0.75 9 1483 51 211 188 45 58 4 19
5 5 5 1 100 0.75 9 1484 53 216 197 47 58 4 20
5 5 5 1 100 0.75 9 1485 57 221 200 49 58 4 23
5 5 5 1 100 0.75 9 1486 59 225 203 52 59 5 25
5 5 5 1 100 0.75 9 1487 62 229 203 53 60 6 25
5 5 5 1 100 0.75 9 1488 63 234 213 56 60 6 26
5 5 5 1 100 0.75 9 1489 65 239 215 57 60 6 28
5 5 5 1 100 0.75 9 1490 71 243 215 58 61 7 28
5 5 5 1 100 0.75 9 1491 71 248 220 64 61 7 29
5 5 5 1 100 0.75 9 1492 73 250 222 61 64 10 28
5 5 5 1 100 0.75 9 1493 78 253 224 61 66 12 27
5 5 5 1 100 0.75 9 1494 82 257 229 65 67 13 28
5 5 5 1 100 0.75 9 1495 85 261 234 68 68 14 28
5 5 5 1 100 0.75 9 1496 90 262 229 67 72 18 26
5 5 5 1 100 0.75 9 1497 93 264 228 69 75 21 25
5 5 5 1 100 0.75 9 1498 93 269 237 72 75 21 27
5 5 5 1 100 0.75 9 1499 99 274 234 72 75 21 27
5 5 5 1 100 0.75 9 1500 104 276 237 75 78 24 27
5 5 5 1 100 0.75 9 1501 105 279 239 78 80 26 26
5 5 5 1 100 0.75 9 1502 107 283 247 78 81 27 28
5 5 5 1 100 0.75 9 1503 109 288 253 80 81 27 34
5 5 5 1 100 0.75 9 1504 114 292 259 81 82 28 37
5 5 5 1 100 0.75 9 1505 119 297 256 86 82 28 37
5 5 5 1 100 0.75 9 1506 124 298 261 87 86 32 36
5 5 5 1 100 0.75 9 1507 131 300 255 90 89 35 34
5 5 5 1 100 0.75 9 1508 136 305 262 97 89 35 37
5 5 5 1 100 0.75 9 1509 138 309 260 101 90 36 37
5 5 5 1 100 0.75 9 1510 140 312 261 102 92 38 36
5 5 5 1 100 0.75 9 1511 145 315 266 102 94 40 37
5 5 5 1 100 0.75 9 1512 152 317 264 104 97 43 38
5 5 5 1 100 0.75 9 1513 161 320 262 109 99 45 42
5 5 5 1 100 0.75 9 1514 168 323 264 116 101 47 46
5 5 5 1 100 0.75 9 1515 173 328 267 123 101 47 49
5 5 5 1 100 0.75 9 1516 174 332 276 127 102 48 51
5 5 5 1 100 0.75 9 1517 180 335 273 126 104 50 52
5 5 5 1 100 0.75 9 1518 183 339 282 131 105 51 53
5 5 5 1 100 0.75 9 1519 190 342 283 132 107 53 57
5 5 5 1 100 0.75 9 1520 195 344 279 136 110 56 58
5 5 5 1 100 0.75 9 1521 198 344 287 136 115 61 61
5 5 5 1 100 0.75 9 1522 205 347 284 138 117 63 62
5 5 5 1 100 0.75 9 1523 214 351 283 145 118 64 64
5 5 5 1 100 0.75 9 1524 221 354 284 152 120 66 64
5 5 5 1 100 0.75 9 1525 224 358 290 158 121 67 66
5 5 5 1 100 0.75 9 1526 231 359 288 158 125 71 64
5 5 5 1 100 0.75 9 1527 238 361 286 163 128 74 66
5 5 5 1 100 0.75 9 1528 244 364 283 168 130 76 66
5 5 5 1 100 0.75 9 1529 251 365 288 170 134 80 67
5 5 5 1 100 0.75 9 1530 261 366 286 174 138 84 70
5 5 5 1 100 0.75 9 1531 267 368 283 181 141 87 68
5 5 5 1 100 0.75 9 1532 275 367 278 181 147 93 66
5 5 5 1 100 0.75 9 1533 283 367 281 185 152 98 63
5 5 5 1 100 0.75 9 1534 288 370 288 191 154 100 68
5 5 5 1 100 0.75 9 1535 295 371 282 192 157 104 69
5 5 5 1 100 0.75 9 1536 301 372 287 195 161 108 72
5 5 5 1 100 0.75 9 1537 313 371 276 195 166 114 70
5 5 5 1 100 0.75 9 1538 323 371 278 203 171 119 74
5 5 5 1 100 0.75 9 1539 335 373 271 210 174 122 78
5 5 5 1 100 0.75 9 1540 341 373 272 219 179 127 80
5 5 5 1 100 0.75 9 1541 350 377 267 224 180 128 84
5 5 5 1 100 0.75 9 1542 357 381 272 233 181 129 87
5 5 5 1 100 0.75 9 1543 364 380 263 234 187 135 87
5 5 5 1 100 0.75 9 1544 369 382 276 238 190 138 91
5 5 5 1 100 0.75 9 1545 378 381 267 237 196 144 96
5 5 5 1 100 0.75 9 1546 385 384 280 245 198 146 100
5 5 5 1 100 0.75 9 1547 393 385 268 249 202 150 105
5 5 5 1 100 0.75 9 1548 399 386 283 253 206 154 106
5 5 5 1 100 0.75 9 1549 410 387 278 256 210 158 112
5 5 5 1 100 0.75 9 1550 418 390 268 265 212 160 114
5 5 5 1 100 0.75 9 1551 424 388 266 269 219 167 114
5 5 5 1 100 0.75 9 1552 427 392 275 275 220 168 118
5 5 5 1 100 0.75 9 1553 438 393 273 275 224 172 121
5 5 5 1 100 0.75 9 1554 445 386 262 274 236 184 115
5 5 5 1 100 0.75 9 1555 451 380 254 271 247 195 109
5 5 5 1 100 0.75 9 1556 464 382 253 276 250 198 116
5 5 5 1 100 0.75 9 1557 474 379 252 282 258 206 117
5 5 5 1 100 0.75 9 1558 484 377 245 285 265 213 116
5 5 5 1 100 0.75 9 1559 487 379 240 293 268 216 116
5 5 5 1 100 0.75 9 1560 492 378 244 290 274 222 118
5 5 5 1 100 0.75 9 1561 496 376 234 289 281 229 117
5 5 5 1 100 0.75 9 1562 506 377 250 289 285 233 119
5 5 5 1 100 0.75 9 1563 510 373 230 291 294 242 119
5 5 5 1 100 0.75 9 1564 518 372 243 289 300 248 120
5 5 5 1 100 0.75 9 1565 524 366 240 290 311 259 117
5 5 5 1 100 0.75 9 1566 530 363 225 290 319 267 112
5 5 5 1 100 0.75 9 1567 536 361 216 290 326 274 107
5 5 5 1 100 0.75 9 1568 543 361 215 292 331 279 109
5 5 5 1 100 0.75 9 1569 547 362 211 299 335 283 111
5 5 5 1 100 0.75 9 1570 554 360 210 297 342 290 110
5 5 5 1 100 0.75 9 1571 556 359 210 299 348 296 109
5 5 5 1 100 0.75 9 1572 563 354 205 292 358 306 107
5 5 5 1 100 0.75 9 1573 568 352 207 294 365 313 104
5 5 5 1 100 0.75 9 1574 572 351 189 295 371 319 100
5 5 5 1 100 0.75 9 1575 575 350 202 299 377 325 104
5 5 5 1 100 0.75 9 1576 581 347 180 297 385 333 101
5 5 5 1 100 0.75 9 1577 583 342 196 294 395 343 95
5 5 5 1 100 0.75 9 1578 587 342 191 293 400 348 95
5 5 5 1 100 0.75 9 1579 592 341 182 292 406 354 92
5 5 5 1 100 0.75 9 1580 597 340 189 292 412 360 92
5 5 5 1 100 0.75 9 1581 600 341 176 296 416 364 99
5 5 5 1 100 0.75 9 1582 607 338 180 292 424 372 93
5 5 5 1 100 0.75 9 1583 610 339 179 296 428 376 94
5 5 5 1 100 0.75 9 1584 617 339 171 296 432 381 95
5 5 5 1 100 0.75 9 1585 622 337 173 297 439 388 91
5 5 5 1 100 0.75 9 1586 625 338 167 300 442 392 89
5 5 5 1 100 0.75 9 1587 627 341 168 304 444 394 93
5 5 5 1 100 0.75 9 1588 628 339 167 304 451 401 89
5 5 5 1 100 0.75 9 1589 629 337 165 298 458 408 86
5 5 5 1 100 0.75 9 1590 632 335 164 295 465 415 82
5 5 5 1 100 0.75 9 1590 632 335 335 295 546 415 82
5 5 5 1 100 0.75 9 1620 632 335 335 295 54 415 82
5 5 5 1 100 0.75 10 1621 0 5 5 0 54 0 0
5 5 5 1 100 0.75 10 1622 0 10 10 0 54 0 0
5 5 5 1 100 0.75 10 1623 0 15 15 0 54 0 0
5 5 5 1 100 0.75 10 1624 0 20 20 0 54 0 0
5 5 5 1 100 0.75 10 1625 0 25 25 0 54 0 0
5 5 5 1 100 0.75 10 1626 0 30 30 0 54 0 0
5 5 5 1 100 0.75 10 1627 0 35 35 0 54 0 0
5 5 5 1 100 0.75 10 1628 1 40 39 0 54 0 0
5 5 5 1 100 0.75 10 1629 1 45 44 1 54 0 0
5 5 5 1 100 0.75 10 1630 1 50 49 1 54 0 0
5 5 5 1 100 0.75 10 1631 3 55 52 1 54 0 0
5 5 5 1 100 0.75 10 1632 3 60 57 3 54 0 0
5 5 5 1 100 0.75 10 1633 4 65 60 3 54 0 0
5 5 5 1 100 0.75 10 1634 6 70 64 4 54 0 0
5 5 5 1 100 0.75 10 1635 7 75 67 6 54 0 0
5 5 5 1 100 0.75 10 1636 7 80 73 7 54 0 1
5 5 5 1 100 0.75 10 1637 8 85 76 7 54 0 1
5 5 5 1 100 0.75 10 1638 8 90 84 8 54 0 1
5 5 5 1 100 0.75 10 1639 10 95 87 8 54 0 2
5 5 5 1 100 0.75 10 1640 11 100 92 10 54 0 2
5 5 5 1 100 0.75 10 1641 12 105 93 11 53 0 3
5 5 5 1 100 0.75 10 1642 13 110 101 12 53 0 4
5 5 5 1 100 0.75 10 1643 15 115 104 13 53 0 4
5 5 5 1 100 0.75 10 1644 17 120 107 15 53 0 4
5 5 5 1 100 0.75 10 1645 17 125 113 17 53 0 5
5 5 5 1 100 0.75 10 1646 17 130 119 17 53 0 5
5 5 5 1 100 0.75 10 1647 19 135 123 17 53 0 7
5 5 5 1 100 0.75 10 1648 19 140 127 19 53 0 7
5 5 5 1 100 0.75 10 1649 20 145 133 19 53 0 8
5 5 5 1 100 0.75 10 1650 22 150 139 20 53 0 8
5 5 5 1 100 0.75 10 1651 23 154 145 21 54 1 10
5 5 5 1 100 0.75 10 1652 31 159 141 22 54 1 11
5 5 5 1 100 0.75 10 1653 33 164 145 30 54 1 11
5 5 5 1 100 0.75 10 1654 35 169 150 32 54 1 13
5 5 5 1 100 0.75 10 1655 36 174 153 34 54 1 13
5 5 5 1 100 0.75 10 1656 37 179 160 35 54 1 14
5 5 5 1 100 0.75 10 1657 40 184 162 36 54 1 15
5 5 5 1 100 0.75 10 1658 42 188 164 38 55 2 15
5 5 5 1 100 0.75 10 1659 44 191 171 38 57 4 15
5 5 5 1 100 0.75 10 1660 46 196 177 40 57 4 18
5 5 5 1 100 0.75 10 1661 51 201 183 42 57 4 20
5 5 5 1 100 0.75 10 1662 54 206 183 47 57 4 21
5 5 5 1 100 0.75 10 1663 56 210 187 49 58 5 22
5 5 5 1 100 0.75 10 1664 57 215 190 51 58 5 22
5 5 5 1 100 0.75 10 1665 59 218 194 50 60 7 21
5 5 5 1 100 0.75 10 1666 61 222 199 51 61 8 22
5 5 5 1 100 0.75 10 1667 64 226 201 52 62 9 24
5 5 5 1 100 0.75 10 1668 67 231 205 55 62 9 25
5 5 5 1 100 0.75 10 1669 71 235 210 57 63 10 28
5 5 5 1 100 0.75 10 1670 74 239 210 60 63 11 27
5 5 5 1 100 0.75 10 1671 75 242 214 61 65 13 26
5 5 5 1 100 0.75 10 1672 79 247 221 62 65 13 29
5 5 5 1 100 0.75 10 1673 83 252 220 66 65 13 30
5 5 5 1 100 0.75 10 1674 85 254 222 67 68 16 29
5 5 5 1 100 0.75 10 1675 88 255 221 65 72 20 26
5 5 5 1 100 0.75 10 1676 91 260 230 68 72 20 30
5 5 5 1 100 0.75 10 1677 96 264 230 70 73 21 32
5 5 5 1 100 0.75 10 1678 102 268 229 74 74 22 33
5 5 5 1 100 0.75 10 1679 104 272 236 79 75 23 34
5 5 5 1 100 0.75 10 1680 111 275 236 79 77 25 36
5 5 5 1 100 0.75 10 1681 113 279 238 85 78 26 35
5 5 5 1 100 0.75 10 1682 116 281 242 84 81 29 35
5 5 5 1 100 0.75 10 1683 118 285 243 87 82 30 37
5 5 5 1 100 0.75 10 1684 124 289 244 88 83 31 39
5 5 5 1 100 0.75 10 1685 127 293 250 93 84 32 45
5 5 5 1 100 0.75 10 1686 134 295 250 95 87 35 46
5 5 5 1 100 0.75 10 1687 139 296 253 98 91 39 47
5 5 5 1 100 0.75 10 1688 145 300 252 102 92 40 47
5 5 5 1 100 0.75 10 1689 156 303 249 106 94 42 48
5 5 5 1 100 0.75 10 1690 159 308 250 117 94 42 51
5 5 5 1 100 0.75 10 1691 161 311 257 118 96 44 53
5 5 5 1 100 0.75 10 1692 170 311 254 115 101 49 52
5 5 5 1 100 0.75 10 1693 178 316 260 124 101 49 58
5 5 5 1 100 0.75 10 1694 182 317 254 128 105 53 57
5 5 5 1 100 0.75 10 1695 187 320 259 130 107 55 59
5 5 5 1 100 0.75 10 1696 194 323 259 134 109 57 62
5 5 5 1 100 0.75 10 1697 200 325 262 138 112 60 67
5 5 5 1 100 0.75 10 1698 204 329 262 144 113 61 69
5 5 5 1 100 0.75 10 1699 209 332 266 146 115 63 70
5 5 5 1 100 0.75 10 1700 216 332 265 146 120 68 75
5 5 5 1 100 0.75 10 1701 224 334 268 150 123 71 74
5 5 5 1 100 0.75 10 1702 229 337 264 157 125 73 75
5 5 5 1 100 0.75 10 1703 238 336 270 156 131 79 75
5 5 5 1 100 0.75 10 1704 240 334 262 158 138 86 74
5 5 5 1 100 0.75 10 1705 249 337 268 158 140 88 77
5 5 5 1 100 0.75 10 1706 253 340 269 165 142 90 77
5 5 5 1 100 0.75 10 1707 261 343 266 168 144 92 80
5 5 5 1 100 0.75 10 1708 265 345 273 173 147 95 81
5 5 5 1 100 0.75 10 1709 274 346 271 174 151 99 84
5 5 5 1 100 0.75 10 1710 282 348 266 183 154 102 87
5 5 5 1 100 0.75 10 1711 288 347 262 185 160 108 86
5 5 5 1 100 0.75 10 1712 295 345 263 184 167 115 84
5 5 5 1 100 0.75 10 1713 303 347 256 188 170 118 83
5 5 5 1 100 0.75 10 1714 313 349 255 193 173 121 85
5 5 5 1 100 0.75 10 1715 323 349 255 199 178 126 90
5 5 5 1 100 0.75 10 1716 328 345 252 200 187 135 87
5 5 5 1 100 0.75 10 1717 336 347 243 202 190 138 89
5 5 5 1 100 0.75 10 1718 342 349 250 207 193 141 91
5 5 5 1 100 0.75 10 1719 350 348 238 210 199 147 90
5 5 5 1 100 0.75 10 1720 357 347 247 212 205 153 90
5 5 5 1 100 0.75 10 1721 363 348 245 217 209 157 98
5 5 5 1 100 0.75 10 1722 375 349 244 221 213 161 106
5 5 5 1 100 0.75 10 1723 384 349 242 229 218 166 103
5 5 5 1 100 0.75 10 1724 393 348 237 233 224 172 102
5 5 5 1 100 0.75 10 1725 396 351 241 241 226 174 107
5 5 5 1 100 0.75 10 1726 410 348 225 237 234 182 105
5 5 5 1 100 0.75 10 1727 418 350 236 249 237 185 110
5 5 5 1 100 0.75 10 1728 423 353 230 255 239 187 114
5 5 5 1 100 0.75 10 1729 435 352 225 255 245 193 116
5 5 5 1 100 0.75 10 1730 442 349 225 261 253 201 115
5 5 5 1 100 0.75 10 1731 445 347 217 263 260 208 114
5 5 5 1 100 0.75 10 1732 451 346 222 260 265 214 115
5 5 5 1 100 0.75 10 1733 460 349 224 265 267 216 117
5 5 5 1 100 0.75 10 1734 466 348 227 268 273 222 118
5 5 5 1 100 0.75 10 1735 476 345 208 267 281 230 116
5 5 5 1 100 0.75 10 1736 483 343 208 271 288 237 114
5 5 5 1 100 0.75 10 1737 492 342 206 273 294 243 116
5 5 5 1 100 0.75 10 1738 496 337 199 275 304 253 110
5 5 5 1 100 0.75 10 1739 498 334 197 271 312 261 106
5 5 5 1 100 0.75 10 1740 502 333 209 268 318 267 110
5 5 5 1 100 0.75 10 1741 508 332 190 266 324 273 105
5 5 5 1 100 0.75 10 1742 510 333 201 271 328 277 106
5 5 5 1 100 0.75 10 1743 514 330 190 268 336 285 106
5 5 5 1 100 0.75 10 1744 519 331 200 271 340 289 108
5 5 5 1 100 0.75 10 1745 523 332 194 273 343 293 110
5 5 5 1 100 0.75 10 1746 533 328 186 269 352 302 102
5 5 5 1 100 0.75 10 1747 536 325 179 272 360 310 98
5 5 5 1 100 0.75 10 1748 538 325 177 272 365 315 95
5 5 5 1 100 0.75 10 1749 542 322 176 269 373 323 92
5 5 5 1 100 0.75 10 1750 547 321 173 267 379 329 88
5 5 5 1 100 0.75 10 1751 554 322 169 268 383 333 92
5 5 5 1 100 0.75 10 1752 558 322 171 272 388 338 92
5 5 5 1 100 0.75 10 1753 566 322 174 272 393 343 92
5 5 5 1 100 0.75 10 1754 570 319 154 274 401 351 93
5 5 5 1 100 0.75 10 1755 571 311 153 267 414 364 84
5 5 5 1 100 0.75 10 1756 573 315 165 271 415 365 88
5 5 5 1 100 0.75 10 1757 577 317 169 271 418 368 87
5 5 5 1 100 0.75 10 1758 580 317 164 271 423 373 89
5 5 5 1 100 0.75 10 1759 582 315 164 270 428 380 88
5 5 5 1 100 0.75 10 1760 591 314 156 269 434 386 87
5 5 5 1 100 0.75 10 1761 592 316 160 276 437 389 88
5 5 5 1 100 0.75 10 1762 595 313 155 272 444 397 84
5 5 5 1 100 0.75 10 1763 598 314 159 274 448 401 83
5 5 5 1 100 0.75 10 1764 601 313 149 273 454 407 78
5 5 5 1 100 0.75 10 1765 602 313 153 274 459 412 81
5 5 5 1 100 0.75 10 1766 606 315 151 274 462 415 82
5 5 5 1 100 0.75 10 1767 610 317 153 276 464 418 83
5 5 5 1 100 0.75 10 1768 611 318 155 278 468 422 86
5 5 5 1 100 0.75 10 1769 613 321 152 280 470 424 89
5 5 5 1 100 0.75 10 1770 616 319 148 279 477 431 88
5 5 5 1 100 0.75 10 1770 616 319 319 279 559 431 88
5 5 5 1 100 0.75 10 1800 616 319 319 279 54 431 88
