5 50 1 1 100 0.75 1 1 0 5 5 0 100 0 0
5 50 1 1 100 0.75 1 2 0 10 10 0 100 0 0
5 50 1 1 100 0.75 1 3 0 15 14 0 100 0 0
5 50 1 1 100 0.75 1 4 0 20 19 0 100 0 0
5 50 1 1 100 0.75 1 5 0 25 25 0 100 0 0
5 50 1 1 100 0.75 1 6 0 30 30 0 100 0 0
5 50 1 1 100 0.75 1 7 1 35 32 0 100 0 0
5 50 1 1 100 0.75 1 8 1 40 39 1 100 0 0
5 50 1 1 100 0.75 1 9 2 45 39 1 100 0 0
5 50 1 1 100 0.75 1 10 4 50 43 2 100 0 0
5 50 1 1 100 0.75 1 11 9 55 44 4 100 0 0
5 50 1 1 100 0.75 1 12 12 60 46 9 100 0 0
5 50 1 1 100 0.75 1 13 20 65 41 12 100 0 0
5 50 1 1 100 0.75 1 14 22 70 48 20 100 0 1
5 50 1 1 100 0.75 1 15 28 75 46 22 100 0 1
5 50 1 1 100 0.75 1 16 29 80 51 28 100 0 1
5 50 1 1 100 0.75 1 17 32 85 54 29 100 0 3
5 50 1 1 100 0.75 1 18 36 90 57 32 100 0 5
5 50 1 1 100 0.75 1 19 40 95 60 36 100 0 9
5 50 1 1 100 0.75 1 20 45 100 68 40 100 0 12
5 50 1 1 100 0.75 1 21 51 105 71 45 100 0 17
5 50 1 1 100 0.75 1 22 58 110 71 51 100 0 21
5 50 1 1 100 0.75 1 23 64 115 72 58 100 0 24
5 50 1 1 100 0.75 1 24 68 120 77 64 100 0 26
5 50 1 1 100 0.75 1 25 70 125 83 68 100 0 30
5 50 1 1 100 0.75 1 26 74 130 87 70 100 0 30
5 50 1 1 100 0.75 1 27 76 135 93 74 100 0 32
5 50 1 1 100 0.75 1 28 80 140 99 76 100 0 39
5 50 1 1 100 0.75 1 29 85 145 108 80 100 0 45
5 50 1 1 100 0.75 1 30 92 150 103 85 100 0 48
5 50 1 1 100 0.75 1 31 95 155 115 92 100 0 52
5 50 1 1 100 0.75 1 32 100 158 112 93 102 2 52
5 50 1 1 100 0.75 1 33 106 162 114 97 103 3 53
5 50 1 1 100 0.75 1 34 111 166 118 102 104 4 55
5 50 1 1 100 0.75 1 35 114 170 122 106 105 5 55
5 50 1 1 100 0.75 1 36 119 173 121 107 107 7 58
5 50 1 1 100 0.75 1 37 124 177 125 111 108 8 62
5 50 1 1 100 0.75 1 38 127 179 131 113 111 11 61
5 50 1 1 100 0.75 1 39 132 178 125 110 117 17 59
5 50 1 1 100 0.75 1 40 134 180 128 112 120 20 59
5 50 1 1 100 0.75 1 41 139 179 128 108 126 26 56
5 50 1 1 100 0.75 1 42 146 183 127 112 127 27 57
5 50 1 1 100 0.75 1 43 149 183 130 114 132 32 53
5 50 1 1 100 0.75 1 44 158 185 128 114 135 35 55
5 50 1 1 100 0.75 1 45 161 188 125 121 137 37 56
5 50 1 1 100 0.75 1 46 169 190 127 121 140 40 56
5 50 1 1 100 0.75 1 47 173 191 127 125 144 44 55
5 50 1 1 100 0.75 1 48 179 190 115 123 150 50 52
5 50 1 1 100 0.75 1 49 184 193 115 128 152 52 54
5 50 1 1 100 0.75 1 50 188 196 127 131 154 54 55
5 50 1 1 100 0.75 1 51 196 197 121 132 158 58 56
5 50 1 1 100 0.75 1 52 200 199 125 138 161 61 60
5 50 1 1 100 0.75 1 53 207 199 117 138 166 66 59
5 50 1 1 100 0.75 1 54 212 203 130 145 167 67 63
5 50 1 1 100 0.75 1 55 215 205 126 147 170 70 63
5 50 1 1 100 0.75 1 56 222 204 122 144 176 76 61
5 50 1 1 100 0.75 1 57 224 208 128 150 177 77 65
5 50 1 1 100 0.75 1 58 229 211 138 150 179 79 68
5 50 1 1 100 0.75 1 59 238 212 134 151 183 83 70
5 50 1 1 100 0.75 1 60 241 216 136 160 184 84 71
5 50 1 1 100 0.75 1 61 243 219 146 163 185 86 76
5 50 1 1 100 0.75 1 62 247 218 135 159 191 92 72
5 50 1 1 100 0.75 1 63 253 221 140 162 193 94 73
5 50 1 1 100 0.75 1 64 259 222 139 164 197 98 71
5 50 1 1 100 0.75 1 65 262 223 141 167 201 102 69
5 50 1 1 100 0.75 1 66 266 227 142 170 202 103 70
5 50 1 1 100 0.75 1 67 271 226 151 170 208 109 71
5 50 1 1 100 0.75 1 68 275 226 142 170 213 114 68
5 50 1 1 100 0.75 1 69 282 224 129 169 220 121 64
5 50 1 1 100 0.75 1 70 284 223 130 172 226 127 62
5 50 1 1 100 0.75 1 71 288 223 136 172 231 132 62
5 50 1 1 100 0.75 1 72 291 227 136 176 231 133 64
5 50 1 1 100 0.75 1 73 295 232 139 181 231 133 69
5 50 1 1 100 0.75 1 74 301 234 147 182 234 136 69
5 50 1 1 100 0.75 1 75 307 234 137 183 239 141 67
5 50 1 1 100 0.75 1 76 310 231 140 184 247 149 65
5 50 1 1 100 0.75 1 77 314 233 141 184 250 152 68
5 50 1 1 100 0.75 1 78 315 233 133 184 255 157 66
5 50 1 1 100 0.75 1 79 321 237 138 187 256 158 69
5 50 1 1 100 0.75 1 80 324 240 140 192 258 160 75
5 50 1 1 100 0.75 1 81 329 241 133 193 262 164 72
5 50 1 1 100 0.75 1 82 333 241 136 195 266 169 70
5 50 1 1 100 0.75 1 83 335 241 134 195 271 174 69
5 50 1 1 100 0.75 1 84 338 240 136 194 277 180 67
5 50 1 1 100 0.75 1 85 341 243 141 195 279 182 70
5 50 1 1 100 0.75 1 86 342 245 136 197 282 185 73
5 50 1 1 100 0.75 1 87 350 245 131 197 287 190 74
5 50 1 1 100 0.75 1 88 354 246 133 203 291 194 73
5 50 1 1 100 0.75 1 89 358 248 134 206 294 197 73
5 50 1 1 100 0.75 1 90 359 252 132 209 295 198 73
5 50 1 1 100 0.75 1 91 362 252 146 207 300 203 72
5 50 1 1 100 0.75 1 92 365 252 136 209 305 208 73
5 50 1 1 100 0.75 1 93 368 255 143 215 307 210 75
5 50 1 1 100 0.75 1 94 372 252 138 210 315 218 71
5 50 1 1 100 0.75 1 95 376 253 147 211 319 222 76
5 50 1 1 100 0.75 1 96 382 254 129 213 323 226 74
5 50 1 1 100 0.75 1 97 383 253 136 213 329 232 70
5 50 1 1 100 0.75 1 98 388 254 133 212 333 236 71
5 50 1 1 100 0.75 1 99 392 257 142 218 335 238 74
5 50 1 1 100 0.75 1 100 392 257 144 218 340 243 73
5 50 1 1 100 0.75 1 101 396 261 128 219 341 244 74
5 50 1 1 100 0.75 1 102 400 261 134 222 346 249 73
5 50 1 1 100 0.75 1 103 401 262 138 223 350 253 73
5 50 1 1 100 0.75 1 104 404 260 141 219 356 260 71
5 50 1 1 100 0.75 1 105 405 262 131 221 359 263 70
5 50 1 1 100 0.75 1 106 408 261 128 218 365 269 69
5 50 1 1 100 0.75 1 107 411 262 133 221 369 273 65
5 50 1 1 100 0.75 1 108 412 266 129 227 370 274 68
5 50 1 1 100 0.75 1 109 414 266 127 227 375 279 68
5 50 1 1 100 0.75 1 110 417 265 144 224 381 285 67
5 50 1 1 100 0.75 1 111 421 265 117 224 386 290 64
5 50 1 1 100 0.75 1 112 422 268 134 228 388 292 68
5 50 1 1 100 0.75 1 113 423 269 119 228 392 296 67
5 50 1 1 100 0.75 1 114 425 269 125 226 397 301 66
5 50 1 1 100 0.75 1 115 427 268 122 226 403 307 66
5 50 1 1 100 0.75 1 116 427 271 129 230 405 309 68
5 50 1 1 100 0.75 1 117 431 268 133 226 413 317 64
5 50 1 1 100 0.75 1 118 431 272 134 231 414 318 67
5 50 1 1 100 0.75 1 119 432 274 131 234 417 321 67
5 50 1 1 100 0.75 1 120 434 273 122 231 423 327 64
5 50 1 1 100 0.75 1 121 435 274 131 232 426 331 66
5 50 1 1 100 0.75 1 122 438 278 126 233 427 332 71
5 50 1 1 100 0.75 1 123 439 281 132 239 429 334 72
5 50 1 1 100 0.75 1 124 443 283 123 241 432 337 71
5 50 1 1 100 0.75 1 125 444 285 128 247 435 340 73
5 50 1 1 100 0.75 1 126 446 287 135 248 437 343 74
5 50 1 1 100 0.75 1 127 448 285 121 246 444 350 69
5 50 1 1 100 0.75 1 128 449 284 126 246 450 356 66
5 50 1 1 100 0.75 1 129 451 286 118 246 453 359 66
5 50 1 1 100 0.75 1 130 451 284 125 243 460 366 67
5 50 1 1 100 0.75 1 131 454 288 133 247 461 367 72
5 50 1 1 100 0.75 1 132 455 290 122 251 464 370 72
5 50 1 1 100 0.75 1 133 455 290 134 247 469 375 70
5 50 1 1 100 0.75 1 134 457 292 129 248 472 378 74
5 50 1 1 100 0.75 1 135 459 294 133 249 475 381 71
5 50 1 1 100 0.75 1 136 462 295 132 254 479 385 72
5 50 1 1 100 0.75 1 137 463 298 119 259 481 387 70
5 50 1 1 100 0.75 1 138 463 296 133 258 487 394 70
5 50 1 1 100 0.75 1 139 465 296 123 258 492 399 65
5 50 1 1 100 0.75 1 140 468 298 121 259 494 402 65
5 50 1 1 100 0.75 1 141 469 296 131 259 501 409 62
5 50 1 1 100 0.75 1 142 474 295 112 255 507 415 56
5 50 1 1 100 0.75 1 143 474 298 127 260 509 417 61
5 50 1 1 100 0.75 1 144 475 302 123 264 509 418 65
5 50 1 1 100 0.75 1 145 477 305 127 267 511 420 67
5 50 1 1 100 0.75 1 146 477 303 124 266 518 427 62
5 50 1 1 100 0.75 1 147 478 303 119 266 523 432 60
5 50 1 1 100 0.75 1 148 479 305 125 268 526 435 62
5 50 1 1 100 0.75 1 149 479 304 120 265 532 441 57
5 50 1 1 100 0.75 1 150 481 305 129 264 536 445 57
5 50 1 1 100 0.75 1 150 481 305 305 264 593 445 57
5 50 1 1 100 0.75 1 180 481 305 305 264 454 445 57
5 50 1 1 100 0.75 2 181 0 5 5 0 454 0 0
5 50 1 1 100 0.75 2 182 0 10 10 0 454 0 0
5 50 1 1 100 0.75 2 183 0 15 15 0 454 0 0
5 50 1 1 100 0.75 2 184 0 20 20 0 454 0 0
5 50 1 1 100 0.75 2 185 0 25 25 0 454 0 0
5 50 1 1 100 0.75 2 186 0 30 29 0 454 0 0
5 50 1 1 100 0.75 2 187 0 35 31 0 454 0 0
5 50 1 1 100 0.75 2 188 2 40 32 0 454 0 0
5 50 1 1 100 0.75 2 189 8 45 34 2 454 0 0
5 50 1 1 100 0.75 2 190 15 50 28 8 453 0 0
5 50 1 1 100 0.75 2 191 21 55 31 15 453 0 0
5 50 1 1 100 0.75 2 192 28 60 21 21 453 0 0
5 50 1 1 100 0.75 2 193 32 65 28 28 453 0 0
5 50 1 1 100 0.75 2 194 36 70 26 32 453 0 0
5 50 1 1 100 0.75 2 195 42 75 26 36 453 0 2
5 50 1 1 100 0.75 2 196 46 80 31 42 453 0 3
5 50 1 1 100 0.75 2 197 51 85 35 46 453 0 10
5 50 1 1 100 0.75 2 198 55 90 35 51 453 0 16
5 50 1 1 100 0.75 2 199 59 95 37 55 452 0 21
5 50 1 1 100 0.75 2 200 65 100 42 59 451 0 27
5 50 1 1 100 0.75 2 201 70 105 44 65 451 0 29
5 50 1 1 100 0.75 2 202 75 110 50 70 451 0 30
5 50 1 1 100 0.75 2 203 81 115 47 75 451 0 34
5 50 1 1 100 0.75 2 204 86 120 57 81 451 0 36
5 50 1 1 100 0.75 2 205 93 125 59 86 451 0 39
5 50 1 1 100 0.75 2 206 95 130 54 93 451 0 42
5 50 1 1 100 0.75 2 207 100 135 68 95 451 0 48
5 50 1 1 100 0.75 2 208 104 140 57 100 451 0 53
5 50 1 1 100 0.75 2 209 113 145 68 104 451 0 58
5 50 1 1 100 0.75 2 210 116 150 76 113 451 0 64
5 50 1 1 100 0.75 2 211 122 154 78 115 452 1 66
5 50 1 1 100 0.75 2 212 125 159 83 121 452 1 70
5 50 1 1 100 0.75 2 213 130 160 74 120 456 5 68
5 50 1 1 100 0.75 2 214 134 163 86 123 458 7 70
5 50 1 1 100 0.75 2 215 141 163 83 122 463 12 67
5 50 1 1 100 0.75 2 216 146 164 83 125 467 16 69
5 50 1 1 100 0.75 2 217 152 166 70 127 470 19 67
5 50 1 1 100 0.75 2 218 155 166 82 128 475 24 65
5 50 1 1 100 0.75 2 219 163 165 84 125 481 30 63
5 50 1 1 100 0.75 2 220 167 168 74 131 483 32 61
5 50 1 1 100 0.75 2 221 171 169 80 131 487 36 58
5 50 1 1 100 0.75 2 222 176 169 79 130 492 41 58
5 50 1 1 100 0.75 2 223 180 171 84 132 495 44 60
5 50 1 1 100 0.75 2 224 184 173 88 133 498 47 60
5 50 1 1 100 0.75 2 225 193 176 84 135 500 49 61
5 50 1 1 100 0.75 2 226 197 175 82 138 506 55 60
5 50 1 1 100 0.75 2 227 201 175 76 137 511 60 60
5 50 1 1 100 0.75 2 228 208 176 68 137 515 64 59
5 50 1 1 100 0.75 2 229 208 177 89 141 519 68 58
5 50 1 1 100 0.75 2 230 214 178 90 137 523 72 57
5 50 1 1 100 0.75 2 231 218 177 91 138 529 78 55
5 50 1 1 100 0.75 2 232 224 181 78 142 530 79 57
5 50 1 1 100 0.75 2 233 228 184 85 147 532 81 61
5 50 1 1 100 0.75 2 234 231 184 76 147 537 86 60
5 50 1 1 100 0.75 2 235 237 187 85 148 539 88 63
5 50 1 1 100 0.75 2 236 241 190 85 153 541 90 64
5 50 1 1 100 0.75 2 237 245 194 89 156 542 91 67
5 50 1 1 100 0.75 2 238 248 196 94 158 545 94 70
5 50 1 1 100 0.75 2 239 250 198 91 159 548 97 69
5 50 1 1 100 0.75 2 240 257 197 91 156 554 103 69
5 50 1 1 100 0.75 2 241 258 200 89 163 555 105 69
5 50 1 1 100 0.75 2 242 263 201 92 161 558 109 69
5 50 1 1 100 0.75 2 243 267 203 85 164 561 112 71
5 50 1 1 100 0.75 2 244 268 201 95 163 568 119 68
5 50 1 1 100 0.75 2 245 276 204 80 163 570 121 70
5 50 1 1 100 0.75 2 246 278 204 98 167 575 126 67
5 50 1 1 100 0.75 2 247 282 205 91 166 579 130 66
5 50 1 1 100 0.75 2 248 286 206 84 167 583 134 67
5 50 1 1 100 0.75 2 249 291 209 91 170 584 136 69
5 50 1 1 100 0.75 2 250 295 209 91 171 589 141 69
5 50 1 1 100 0.75 2 251 297 210 87 172 592 145 68
5 50 1 1 100 0.75 2 252 303 213 96 174 594 147 69
5 50 1 1 100 0.75 2 253 307 214 95 177 597 151 71
5 50 1 1 100 0.75 2 254 312 215 99 177 601 155 68
5 50 1 1 100 0.75 2 255 315 213 83 175 608 162 64
5 50 1 1 100 0.75 2 256 319 215 77 177 611 165 67
5 50 1 1 100 0.75 2 257 321 215 91 178 616 170 64
5 50 1 1 100 0.75 2 258 325 219 96 180 617 171 67
5 50 1 1 100 0.75 2 259 328 220 98 182 621 175 70
5 50 1 1 100 0.75 2 260 333 218 85 180 628 182 63
5 50 1 1 100 0.75 2 261 334 221 93 184 630 184 64
5 50 1 1 100 0.75 2 262 337 222 81 184 634 188 64
5 50 1 1 100 0.75 2 263 340 226 98 188 634 189 66
5 50 1 1 100 0.75 2 264 342 226 87 188 639 194 63
5 50 1 1 100 0.75 2 265 344 229 95 191 641 196 66
5 50 1 1 100 0.75 2 266 347 229 79 189 646 201 66
5 50 1 1 100 0.75 2 267 348 231 96 193 648 204 69
5 50 1 1 100 0.75 2 268 352 230 82 189 654 210 65
5 50 1 1 100 0.75 2 269 355 231 91 194 658 214 64
5 50 1 1 100 0.75 2 270 360 233 76 195 661 217 64
5 50 1 1 100 0.75 2 271 364 233 89 195 665 222 61
5 50 1 1 100 0.75 2 272 367 236 90 198 666 224 62
5 50 1 1 100 0.75 2 273 370 240 79 202 667 225 65
5 50 1 1 100 0.75 2 274 371 242 99 204 669 228 67
5 50 1 1 100 0.75 2 275 374 241 97 200 675 234 64
5 50 1 1 100 0.75 2 276 378 240 90 201 681 240 64
5 50 1 1 100 0.75 2 277 380 242 98 205 684 243 66
5 50 1 1 100 0.75 2 278 383 244 90 204 687 246 66
5 50 1 1 100 0.75 2 279 384 247 101 211 689 248 70
5 50 1 1 100 0.75 2 280 386 248 90 210 692 252 68
5 50 1 1 100 0.75 2 281 390 251 96 212 694 254 69
5 50 1 1 100 0.75 2 282 393 252 92 215 698 258 70
5 50 1 1 100 0.75 2 283 396 252 96 214 703 263 72
5 50 1 1 100 0.75 2 284 399 251 83 212 709 269 69
5 50 1 1 100 0.75 2 285 402 253 98 214 711 272 69
5 50 1 1 100 0.75 2 286 406 256 82 218 713 274 74
5 50 1 1 100 0.75 2 287 408 257 94 220 717 278 72
5 50 1 1 100 0.75 2 288 413 259 85 221 720 281 72
5 50 1 1 100 0.75 2 289 414 261 98 224 723 284 75
5 50 1 1 100 0.75 2 290 414 266 89 228 723 284 76
5 50 1 1 100 0.75 2 291 416 267 108 229 727 288 76
5 50 1 1 100 0.75 2 292 418 265 98 226 734 295 72
5 50 1 1 100 0.75 2 293 423 264 101 226 739 301 71
5 50 1 1 100 0.75 2 294 426 265 95 228 743 305 72
5 50 1 1 100 0.75 2 295 426 264 96 229 749 311 70
5 50 1 1 100 0.75 2 296 429 265 86 226 752 315 68
5 50 1 1 100 0.75 2 297 431 263 88 223 759 322 63
5 50 1 1 100 0.75 2 298 433 264 81 224 763 326 63
5 50 1 1 100 0.75 2 299 434 267 85 228 765 328 64
5 50 1 1 100 0.75 2 300 436 268 86 229 769 332 63
5 50 1 1 100 0.75 2 301 439 270 102 233 771 335 69
5 50 1 1 100 0.75 2 302 440 270 88 233 776 340 66
5 50 1 1 100 0.75 2 303 441 271 93 234 780 344 65
5 50 1 1 100 0.75 2 304 446 274 87 235 782 346 66
5 50 1 1 100 0.75 2 305 446 275 102 239 785 350 65
5 50 1 1 100 0.75 2 306 448 273 87 234 792 357 61
5 50 1 1 100 0.75 2 307 450 273 95 235 797 362 60
5 50 1 1 100 0.75 2 308 451 276 86 238 799 364 63
5 50 1 1 100 0.75 2 309 453 275 97 235 804 370 61
5 50 1 1 100 0.75 2 310 455 277 85 238 806 373 59
5 50 1 1 100 0.75 2 311 457 279 101 239 809 376 62
5 50 1 1 100 0.75 2 312 460 281 94 243 811 379 60
5 50 1 1 100 0.75 2 313 462 285 94 247 812 380 61
5 50 1 1 100 0.75 2 314 462 289 90 252 813 381 65
5 50 1 1 100 0.75 2 315 464 288 94 249 819 387 62
5 50 1 1 100 0.75 2 316 465 287 87 250 825 393 60
5 50 1 1 100 0.75 2 317 465 286 81 248 831 399 58
5 50 1 1 100 0.75 2 318 468 289 104 249 833 401 63
5 50 1 1 100 0.75 2 319 470 291 90 253 836 404 62
5 50 1 1 100 0.75 2 320 471 293 94 255 839 407 63
5 50 1 1 100 0.75 2 321 473 294 90 257 842 411 60
5 50 1 1 100 0.75 2 322 475 296 103 258 845 414 58
5 50 1 1 100 0.75 2 323 478 294 88 256 852 421 57
5 50 1 1 100 0.75 2 324 479 295 95 256 856 425 56
5 50 1 1 100 0.75 2 325 479 297 94 260 859 428 59
5 50 1 1 100 0.75 2 326 480 300 94 262 861 430 60
5 50 1 1 100 0.75 2 327 480 303 94 266 863 432 65
5 50 1 1 100 0.75 2 328 482 304 97 264 867 436 65
5 50 1 1 100 0.75 2 329 483 305 90 267 871 440 66
5 50 1 1 100 0.75 2 330 485 308 88 270 873 442 67
5 50 1 1 100 0.75 2 330 485 308 308 270 939 442 67
5 50 1 1 100 0.75 2 360 485 308 308 270 523 442 67
5 50 1 1 100 0.75 3 361 0 5 5 0 523 0 0
5 50 1 1 100 0.75 3 362 0 10 10 0 523 0 0
5 50 1 1 100 0.75 3 363 0 15 15 0 523 0 0
5 50 1 1 100 0.75 3 364 0 20 20 0 523 0 0
5 50 1 1 100 0.75 3 365 0 25 22 0 523 0 0
5 50 1 1 100 0.75 3 366 0 30 27 0 523 0 0
5 50 1 1 100 0.75 3 367 1 35 31 0 523 0 0
5 50 1 1 100 0.75 3 368 4 40 32 1 523 0 0
5 50 1 1 100 0.75 3 369 9 45 29 4 523 0 0
5 50 1 1 100 0.75 3 370 15 50 27 9 523 0 0
5 50 1 1 100 0.75 3 371 22 55 22 15 523 0 0
5 50 1 1 100 0.75 3 372 29 60 21 22 523 0 0
5 50 1 1 100 0.75 3 373 31 65 23 29 523 0 0
5 50 1 1 100 0.75 3 374 38 70 23 31 523 0 0
5 50 1 1 100 0.75 3 375 43 75 26 38 523 0 3
5 50 1 1 100 0.75 3 376 47 80 26 43 523 0 4
5 50 1 1 100 0.75 3 377 49 85 35 47 523 0 8
5 50 1 1 100 0.75 3 378 57 90 37 49 522 0 15
5 50 1 1 100 0.75 3 379 64 95 34 57 522 0 17
5 50 1 1 100 0.75 3 380 67 100 43 64 522 0 25
5 50 1 1 100 0.75 3 381 71 105 36 67 522 0 29
5 50 1 1 100 0.75 3 382 77 110 48 71 522 0 32
5 50 1 1 100 0.75 3 383 82 115 43 77 521 0 34
5 50 1 1 100 0.75 3 384 86 120 48 82 521 0 37
5 50 1 1 100 0.75 3 385 89 125 54 86 521 0 39
5 50 1 1 100 0.75 3 386 99 130 61 89 521 0 48
5 50 1 1 100 0.75 3 387 102 135 53 99 521 0 50
5 50 1 1 100 0.75 3 388 106 140 63 102 521 0 52
5 50 1 1 100 0.75 3 389 114 145 71 106 521 0 55
5 50 1 1 100 0.75 3 390 117 148 66 112 523 2 57
5 50 1 1 100 0.75 3 391 121 153 77 115 523 2 59
5 50 1 1 100 0.75 3 392 126 156 75 117 525 4 58
5 50 1 1 100 0.75 3 393 131 159 74 120 527 6 60
5 50 1 1 100 0.75 3 394 134 164 78 125 527 6 65
5 50 1 1 100 0.75 3 395 142 167 76 126 529 8 66
5 50 1 1 100 0.75 3 396 147 167 78 129 534 13 68
5 50 1 1 100 0.75 3 397 151 167 65 129 538 18 64
5 50 1 1 100 0.75 3 398 155 164 75 125 545 26 58
5 50 1 1 100 0.75 3 399 162 163 71 123 551 32 57
5 50 1 1 100 0.75 3 400 167 165 66 127 554 35 57
5 50 1 1 100 0.75 3 401 173 165 70 127 559 40 56
5 50 1 1 100 0.75 3 402 176 166 73 129 563 44 57
5 50 1 1 100 0.75 3 403 181 165 68 126 569 50 57
5 50 1 1 100 0.75 3 404 185 169 81 130 569 51 60
5 50 1 1 100 0.75 3 405 191 172 69 132 571 53 61
5 50 1 1 100 0.75 3 406 195 176 77 137 571 54 62
5 50 1 1 100 0.75 3 407 201 181 76 141 571 54 66
5 50 1 1 100 0.75 3 408 204 183 88 146 574 57 69
5 50 1 1 100 0.75 3 409 210 183 74 145 578 62 66
5 50 1 1 100 0.75 3 410 213 184 80 147 582 66 66
5 50 1 1 100 0.75 3 411 218 186 74 148 585 69 66
5 50 1 1 100 0.75 3 412 221 190 89 152 586 70 70
5 50 1 1 100 0.75 3 413 225 191 75 151 590 74 69
5 50 1 1 100 0.75 3 414 229 190 87 151 596 80 70
5 50 1 1 100 0.75 3 415 232 190 79 150 601 85 69
5 50 1 1 100 0.75 3 416 238 193 83 152 603 87 70
5 50 1 1 100 0.75 3 417 243 197 96 157 604 88 73
5 50 1 1 100 0.75 3 418 247 195 75 157 611 95 69
5 50 1 1 100 0.75 3 419 252 197 76 159 614 98 70
5 50 1 1 100 0.75 3 420 255 198 91 160 618 102 68
5 50 1 1 100 0.75 3 421 262 200 82 160 621 105 69
5 50 1 1 100 0.75 3 422 267 199 81 162 627 111 66
5 50 1 1 100 0.75 3 423 269 198 82 162 633 117 64
5 50 1 1 100 0.75 3 424 274 200 83 162 636 120 65
5 50 1 1 100 0.75 3 425 277 201 80 164 640 124 65
5 50 1 1 100 0.75 3 426 279 202 87 164 644 128 64
5 50 1 1 100 0.75 3 427 286 203 82 163 648 132 64
5 50 1 1 100 0.75 3 428 288 204 75 167 651 136 62
5 50 1 1 100 0.75 3 429 292 207 75 167 653 138 67
5 50 1 1 100 0.75 3 430 294 207 95 170 657 143 68
5 50 1 1 100 0.75 3 431 298 209 81 170 660 146 67
5 50 1 1 100 0.75 3 432 302 213 86 176 661 147 71
5 50 1 1 100 0.75 3 433 307 211 82 173 668 154 65
5 50 1 1 100 0.75 3 434 308 212 88 175 672 158 65
5 50 1 1 100 0.75 3 435 313 213 80 174 676 162 66
5 50 1 1 100 0.75 3 436 317 213 86 176 681 167 64
5 50 1 1 100 0.75 3 437 319 214 82 177 685 171 64
5 50 1 1 100 0.75 3 438 322 214 88 175 690 176 64
5 50 1 1 100 0.75 3 439 326 219 79 181 690 176 68
5 50 1 1 100 0.75 3 440 328 219 83 181 695 181 69
5 50 1 1 100 0.75 3 441 331 223 84 184 696 182 69
5 50 1 1 100 0.75 3 442 334 225 97 187 698 185 69
5 50 1 1 100 0.75 3 443 335 226 84 190 702 189 70
5 50 1 1 100 0.75 3 444 338 227 89 188 706 193 70
5 50 1 1 100 0.75 3 445 341 224 78 185 712 201 66
5 50 1 1 100 0.75 3 446 348 226 84 188 715 204 69
5 50 1 1 100 0.75 3 447 349 229 79 193 717 206 69
5 50 1 1 100 0.75 3 448 351 230 88 192 721 210 70
5 50 1 1 100 0.75 3 449 354 234 89 195 722 211 72
5 50 1 1 100 0.75 3 450 357 231 84 191 730 219 70
5 50 1 1 100 0.75 3 451 361 230 76 189 736 225 67
5 50 1 1 100 0.75 3 452 366 230 78 193 740 230 64
5 50 1 1 100 0.75 3 453 367 233 72 197 742 232 66
5 50 1 1 100 0.75 3 454 368 238 93 200 741 232 72
5 50 1 1 100 0.75 3 455 371 239 82 201 745 236 70
5 50 1 1 100 0.75 3 456 373 242 84 204 746 238 71
5 50 1 1 100 0.75 3 457 376 240 85 202 753 245 66
5 50 1 1 100 0.75 3 458 379 240 78 202 757 250 67
5 50 1 1 100 0.75 3 459 380 240 87 201 762 255 67
5 50 1 1 100 0.75 3 460 382 243 80 203 764 257 69
5 50 1 1 100 0.75 3 461 385 244 81 206 766 261 66
5 50 1 1 100 0.75 3 462 387 243 77 205 772 267 63
5 50 1 1 100 0.75 3 463 389 247 91 211 773 268 66
5 50 1 1 100 0.75 3 464 392 244 83 206 779 276 63
5 50 1 1 100 0.75 3 465 393 247 90 209 781 278 63
5 50 1 1 100 0.75 3 466 396 249 79 210 784 281 65
5 50 1 1 100 0.75 3 467 397 251 81 212 786 284 65
5 50 1 1 100 0.75 3 468 399 251 77 211 791 289 65
5 50 1 1 100 0.75 3 469 401 253 77 215 794 292 66
5 50 1 1 100 0.75 3 470 403 254 73 215 798 296 65
5 50 1 1 100 0.75 3 471 405 254 92 217 803 301 62
5 50 1 1 100 0.75 3 472 406 256 93 218 806 304 65
5 50 1 1 100 0.75 3 473 409 255 74 216 812 310 61
5 50 1 1 100 0.75 3 474 412 258 77 220 814 312 66
5 50 1 1 100 0.75 3 475 415 261 75 224 816 314 66
5 50 1 1 100 0.75 3 476 416 265 88 228 817 315 69
5 50 1 1 100 0.75 3 477 418 263 76 225 824 322 67
5 50 1 1 100 0.75 3 478 419 265 82 227 826 325 68
5 50 1 1 100 0.75 3 479 420 267 84 229 828 328 67
5 50 1 1 100 0.75 3 480 422 267 87 229 833 333 67
5 50 1 1 100 0.75 3 481 424 269 94 231 836 336 69
5 50 1 1 100 0.75 3 482 426 268 85 230 842 342 69
5 50 1 1 100 0.75 3 483 429 270 84 231 844 345 71
5 50 1 1 100 0.75 3 484 432 272 80 234 847 348 70
5 50 1 1 100 0.75 3 485 433 273 91 237 851 352 69
5 50 1 1 100 0.75 3 486 436 274 77 235 854 356 68
5 50 1 1 100 0.75 3 487 440 276 88 236 856 359 67
5 50 1 1 100 0.75 3 488 442 278 83 241 859 362 68
5 50 1 1 100 0.75 3 489 444 280 98 242 862 365 69
5 50 1 1 100 0.75 3 490 447 279 82 241 868 371 66
5 50 1 1 100 0.75 3 491 448 280 89 242 872 375 71
5 50 1 1 100 0.75 3 492 449 277 84 237 880 383 64
5 50 1 1 100 0.75 3 493 453 280 87 242 882 385 64
5 50 1 1 100 0.75 3 494 456 280 85 242 887 390 67
5 50 1 1 100 0.75 3 495 457 282 83 245 890 393 67
5 50 1 1 100 0.75 3 496 459 286 94 247 891 394 68
5 50 1 1 100 0.75 3 497 461 286 89 246 896 399 66
5 50 1 1 100 0.75 3 498 462 285 80 247 902 405 63
5 50 1 1 100 0.75 3 499 462 284 82 245 908 411 60
5 50 1 1 100 0.75 3 500 464 286 85 249 911 414 61
5 50 1 1 100 0.75 3 501 465 286 76 250 916 419 61
5 50 1 1 100 0.75 3 502 466 289 84 252 918 421 63
5 50 1 1 100 0.75 3 503 467 292 92 254 919 423 64
5 50 1 1 100 0.75 3 504 468 294 84 257 922 426 64
5 50 1 1 100 0.75 3 505 471 295 90 259 926 430 64
5 50 1 1 100 0.75 3 506 471 296 92 260 930 434 64
5 50 1 1 100 0.75 3 507 473 299 73 262 932 436 69
5 50 1 1 100 0.75 3 508 475 297 93 260 939 443 65
5 50 1 1 100 0.75 3 509 478 300 78 264 941 445 67
5 50 1 1 100 0.75 3 510 479 302 93 265 944 448 67
5 50 1 1 100 0.75 3 510 479 302 302 265 1010 448 67
5 50 1 1 100 0.75 3 540 479 302 302 265 514 448 67
5 50 1 1 100 0.75 4 541 0 5 5 0 514 0 0
5 50 1 1 100 0.75 4 542 0 10 10 0 514 0 0
5 50 1 1 100 0.75 4 543 0 15 15 0 514 0 0
5 50 1 1 100 0.75 4 544 0 20 20 0 514 0 0
5 50 1 1 100 0.75 4 545 0 25 24 0 514 0 0
5 50 1 1 100 0.75 4 546 0 30 29 0 514 0 0
5 50 1 1 100 0.75 4 547 0 35 32 0 514 0 0
5 50 1 1 100 0.75 4 548 4 40 31 0 514 0 0
5 50 1 1 100 0.75 4 549 7 45 29 4 514 0 0
5 50 1 1 100 0.75 4 550 14 50 31 7 514 0 0
5 50 1 1 100 0.75 4 551 21 55 25 14 514 0 0
5 50 1 1 100 0.75 4 552 24 60 26 21 514 0 0
5 50 1 1 100 0.75 4 553 33 65 24 24 514 0 0
5 50 1 1 100 0.75 4 554 38 70 23 33 514 0 0
5 50 1 1 100 0.75 4 555 43 75 18 38 514 0 2
5 50 1 1 100 0.75 4 556 47 80 24 43 514 0 3
5 50 1 1 100 0.75 4 557 53 85 25 47 514 0 9
5 50 1 1 100 0.75 4 558 56 90 37 53 514 0 16
5 50 1 1 100 0.75 4 559 61 95 41 56 514 0 20
5 50 1 1 100 0.75 4 560 65 100 46 61 514 0 28
5 50 1 1 100 0.75 4 561 70 105 51 65 514 0 29
5 50 1 1 100 0.75 4 562 76 110 56 70 513 0 33
5 50 1 1 100 0.75 4 563 81 115 51 76 513 0 36
5 50 1 1 100 0.75 4 564 85 120 62 81 513 0 44
5 50 1 1 100 0.75 4 565 90 125 52 85 513 0 44
5 50 1 1 100 0.75 4 566 95 130 63 90 513 0 45
5 50 1 1 100 0.75 4 567 100 135 57 95 513 0 51
5 50 1 1 100 0.75 4 568 107 140 65 100 513 0 54
5 50 1 1 100 0.75 4 569 111 145 62 107 513 0 57
5 50 1 1 100 0.75 4 570 119 150 73 111 512 0 63
5 50 1 1 100 0.75 4 571 122 154 70 118 513 1 65
5 50 1 1 100 0.75 4 572 127 159 79 121 512 1 69
5 50 1 1 100 0.75 4 573 131 162 73 124 513 3 68
5 50 1 1 100 0.75 4 574 136 165 74 126 515 5 68
5 50 1 1 100 0.75 4 575 140 165 80 126 520 10 71
5 50 1 1 100 0.75 4 576 146 166 91 126 524 14 72
5 50 1 1 100 0.75 4 577 151 164 85 125 530 21 69
5 50 1 1 100 0.75 4 578 156 166 88 127 532 24 70
5 50 1 1 100 0.75 4 579 159 164 77 125 539 31 63
5 50 1 1 100 0.75 4 580 165 164 87 123 544 36 59
5 50 1 1 100 0.75 4 581 170 167 69 127 546 38 62
5 50 1 1 100 0.75 4 582 175 168 80 128 550 42 61
5 50 1 1 100 0.75 4 583 179 169 66 129 554 46 60
5 50 1 1 100 0.75 4 584 183 169 75 129 559 51 58
5 50 1 1 100 0.75 4 585 190 171 70 130 562 54 57
5 50 1 1 100 0.75 4 586 195 174 73 135 564 56 61
5 50 1 1 100 0.75 4 587 201 175 65 136 568 60 58
5 50 1 1 100 0.75 4 588 205 178 86 141 570 62 64
5 50 1 1 100 0.75 4 589 210 180 81 142 573 65 65
5 50 1 1 100 0.75 4 590 213 181 81 143 576 69 64
5 50 1 1 100 0.75 4 591 217 177 74 138 585 78 60
5 50 1 1 100 0.75 4 592 223 181 83 141 586 79 61
5 50 1 1 100 0.75 4 593 226 184 85 145 588 81 65
5 50 1 1 100 0.75 4 594 233 185 83 145 592 85 65
5 50 1 1 100 0.75 4 595 236 185 73 147 597 90 64
5 50 1 1 100 0.75 4 596 242 189 87 150 598 91 69
5 50 1 1 100 0.75 4 597 246 191 78 154 600 94 69
5 50 1 1 100 0.75 4 598 249 194 85 157 601 96 69
5 50 1 1 100 0.75 4 599 255 195 76 156 605 100 70
5 50 1 1 100 0.75 4 600 256 197 81 160 608 103 68
5 50 1 1 100 0.75 4 601 261 197 80 157 613 108 67
5 50 1 1 100 0.75 4 602 263 201 86 162 614 109 72
5 50 1 1 100 0.75 4 603 267 202 76 163 618 113 71
5 50 1 1 100 0.75 4 604 273 203 95 165 622 117 70
5 50 1 1 100 0.75 4 605 278 206 85 169 624 119 73
5 50 1 1 100 0.75 4 606 279 203 93 167 632 127 71
5 50 1 1 100 0.75 4 607 284 205 83 166 635 130 70
5 50 1 1 100 0.75 4 608 288 202 83 164 643 138 65
5 50 1 1 100 0.75 4 609 293 206 83 167 644 139 68
5 50 1 1 100 0.75 4 610 298 208 83 169 647 142 72
5 50 1 1 100 0.75 4 611 300 209 87 171 651 146 72
5 50 1 1 100 0.75 4 612 303 210 89 171 655 150 73
5 50 1 1 100 0.75 4 613 310 209 83 170 661 156 69
5 50 1 1 100 0.75 4 614 314 210 92 173 665 160 69
5 50 1 1 100 0.75 4 615 317 212 80 176 668 163 67
5 50 1 1 100 0.75 4 616 320 215 86 177 670 165 69
5 50 1 1 100 0.75 4 617 325 212 85 173 678 173 67
5 50 1 1 100 0.75 4 618 328 213 82 174 682 177 67
5 50 1 1 100 0.75 4 619 330 215 73 175 683 180 67
5 50 1 1 100 0.75 4 620 335 217 92 179 685 183 70
5 50 1 1 100 0.75 4 621 335 218 74 181 689 187 68
5 50 1 1 100 0.75 4 622 340 220 84 182 691 190 69
5 50 1 1 100 0.75 4 623 341 220 77 183 696 195 66
5 50 1 1 100 0.75 4 624 344 223 76 185 698 197 66
5 50 1 1 100 0.75 4 625 348 223 71 185 703 202 64
5 50 1 1 100 0.75 4 626 350 221 71 185 710 209 62
5 50 1 1 100 0.75 4 627 352 222 87 184 714 213 65
5 50 1 1 100 0.75 4 628 354 225 88 186 716 215 64
5 50 1 1 100 0.75 4 629 356 225 77 185 721 220 64
5 50 1 1 100 0.75 4 630 358 228 79 191 723 222 68
5 50 1 1 100 0.75 4 631 364 227 83 187 729 228 65
5 50 1 1 100 0.75 4 632 366 230 88 195 731 230 67
5 50 1 1 100 0.75 4 633 369 232 91 194 734 233 68
5 50 1 1 100 0.75 4 634 370 235 76 199 735 235 71
5 50 1 1 100 0.75 4 635 374 234 80 196 741 241 67
5 50 1 1 100 0.75 4 636 376 233 82 196 746 247 65
5 50 1 1 100 0.75 4 637 379 237 77 200 747 248 69
5 50 1 1 100 0.75 4 638 382 239 78 201 750 251 73
5 50 1 1 100 0.75 4 639 387 241 74 202 753 254 74
5 50 1 1 100 0.75 4 640 389 243 91 205 756 257 74
5 50 1 1 100 0.75 4 641 393 244 73 203 760 261 73
5 50 1 1 100 0.75 4 642 395 243 88 204 766 267 73
5 50 1 1 100 0.75 4 643 396 247 83 208 767 268 74
5 50 1 1 100 0.75 4 644 396 247 79 210 772 273 76
5 50 1 1 100 0.75 4 645 399 249 88 210 775 276 77
5 50 1 1 100 0.75 4 646 404 250 87 211 778 280 73
5 50 1 1 100 0.75 4 647 405 251 88 214 781 284 74
5 50 1 1 100 0.75 4 648 406 249 78 212 788 291 71
5 50 1 1 100 0.75 4 649 408 248 91 210 794 297 68
5 50 1 1 100 0.75 4 650 412 248 79 209 799 302 68
5 50 1 1 100 0.75 4 651 414 251 90 213 801 304 70
5 50 1 1 100 0.75 4 652 417 253 75 213 804 307 68
5 50 1 1 100 0.75 4 653 420 255 96 218 807 310 69
5 50 1 1 100 0.75 4 654 422 258 90 220 809 312 70
5 50 1 1 100 0.75 4 655 426 258 83 218 814 317 68
5 50 1 1 100 0.75 4 656 429 257 76 218 820 323 65
5 50 1 1 100 0.75 4 657 431 254 76 217 828 331 58
5 50 1 1 100 0.75 4 658 433 256 83 218 831 334 58
5 50 1 1 100 0.75 4 659 437 257 76 220 835 338 58
5 50 1 1 100 0.75 4 660 437 258 86 220 839 342 59
5 50 1 1 100 0.75 4 661 440 260 75 222 842 345 59
5 50 1 1 100 0.75 4 662 442 262 88 224 845 348 58
5 50 1 1 100 0.75 4 663 442 261 73 226 851 354 56
5 50 1 1 100 0.75 4 664 443 265 81 228 852 355 61
5 50 1 1 100 0.75 4 665 444 265 77 227 857 360 59
5 50 1 1 100 0.75 4 666 445 264 80 225 863 366 55
5 50 1 1 100 0.75 4 667 448 266 82 228 866 369 53
5 50 1 1 100 0.75 4 668 450 269 85 229 868 371 54
5 50 1 1 100 0.75 4 669 451 272 87 232 869 373 57
5 50 1 1 100 0.75 4 670 452 274 79 234 872 376 58
5 50 1 1 100 0.75 4 671 456 275 79 237 875 380 57
5 50 1 1 100 0.75 4 672 457 279 83 241 876 381 60
5 50 1 1 100 0.75 4 673 458 280 79 242 880 385 59
5 50 1 1 100 0.75 4 674 459 280 74 243 885 390 58
5 50 1 1 100 0.75 4 675 462 284 82 247 886 391 59
5 50 1 1 100 0.75 4 676 463 287 88 251 888 393 60
5 50 1 1 100 0.75 4 677 464 289 84 253 891 396 60
5 50 1 1 100 0.75 4 678 466 287 93 248 898 403 55
5 50 1 1 100 0.75 4 679 469 290 84 251 900 405 59
5 50 1 1 100 0.75 4 680 471 290 79 252 905 410 58
5 50 1 1 100 0.75 4 681 472 292 83 255 907 413 60
5 50 1 1 100 0.75 4 682 473 295 86 257 908 415 64
5 50 1 1 100 0.75 4 683 475 297 98 259 911 418 65
5 50 1 1 100 0.75 4 684 476 299 103 262 913 421 64
5 50 1 1 100 0.75 4 685 477 301 88 265 916 424 63
5 50 1 1 100 0.75 4 686 478 303 95 266 918 427 63
5 50 1 1 100 0.75 4 687 483 302 94 262 923 433 62
5 50 1 1 100 0.75 4 688 484 305 93 269 925 435 62
5 50 1 1 100 0.75 4 689 487 307 92 270 928 438 63
5 50 1 1 100 0.75 4 690 488 309 98 271 930 441 64
5 50 1 1 100 0.75 4 690 488 309 309 271 994 441 64
5 50 1 1 100 0.75 4 720 488 309 309 271 520 441 64
5 50 1 1 100 0.75 5 721 0 5 5 0 520 0 0
5 50 1 1 100 0.75 5 722 0 10 10 0 520 0 0
5 50 1 1 100 0.75 5 723 0 15 15 0 520 0 0
5 50 1 1 100 0.75 5 724 0 20 19 0 520 0 0
5 50 1 1 100 0.75 5 725 0 25 24 0 520 0 0
5 50 1 1 100 0.75 5 726 0 30 28 0 520 0 0
5 50 1 1 100 0.75 5 727 1 35 29 0 520 0 0
5 50 1 1 100 0.75 5 728 6 40 26 1 520 0 0
5 50 1 1 100 0.75 5 729 10 45 29 6 520 0 0
5 50 1 1 100 0.75 5 730 14 50 22 10 520 0 0
5 50 1 1 100 0.75 5 731 20 55 26 14 520 0 0
5 50 1 1 100 0.75 5 732 27 60 19 20 520 0 0
5 50 1 1 100 0.75 5 733 31 65 26 27 520 0 0
5 50 1 1 100 0.75 5 734 35 70 21 31 520 0 0
5 50 1 1 100 0.75 5 735 40 75 26 35 520 0 2
5 50 1 1 100 0.75 5 736 49 80 32 40 519 0 6
5 50 1 1 100 0.75 5 737 53 85 29 49 519 0 9
5 50 1 1 100 0.75 5 738 55 90 36 53 519 0 13
5 50 1 1 100 0.75 5 739 59 95 33 55 519 0 18
5 50 1 1 100 0.75 5 740 67 100 43 59 519 0 24
5 50 1 1 100 0.75 5 741 71 105 45 67 518 0 27
5 50 1 1 100 0.75 5 742 77 110 49 71 518 0 28
5 50 1 1 100 0.75 5 743 82 115 52 77 517 0 35
5 50 1 1 100 0.75 5 744 86 120 50 82 517 0 36
5 50 1 1 100 0.75 5 745 92 125 56 86 517 0 41
5 50 1 1 100 0.75 5 746 96 130 56 92 517 0 43
5 50 1 1 100 0.75 5 747 103 135 57 96 517 0 47
5 50 1 1 100 0.75 5 748 106 140 63 103 517 0 53
5 50 1 1 100 0.75 5 749 112 145 74 106 517 0 59
5 50 1 1 100 0.75 5 750 116 150 61 112 517 0 61
5 50 1 1 100 0.75 5 751 119 153 76 114 519 2 65
5 50 1 1 100 0.75 5 752 125 158 73 117 519 2 67
5 50 1 1 100 0.75 5 753 132 162 83 122 520 3 69
5 50 1 1 100 0.75 5 754 135 164 72 126 523 6 70
5 50 1 1 100 0.75 5 755 142 163 80 123 529 12 70
5 50 1 1 100 0.75 5 756 145 164 80 126 533 16 70
5 50 1 1 100 0.75 5 757 153 164 74 124 538 21 69
5 50 1 1 100 0.75 5 758 157 167 72 130 540 23 69
5 50 1 1 100 0.75 5 759 162 168 81 130 544 27 69
5 50 1 1 100 0.75 5 760 165 170 84 132 547 30 67
5 50 1 1 100 0.75 5 761 170 170 79 130 552 35 67
5 50 1 1 100 0.75 5 762 174 173 86 133 554 37 69
5 50 1 1 100 0.75 5 763 182 173 79 132 559 42 69
5 50 1 1 100 0.75 5 764 186 172 78 134 565 48 67
5 50 1 1 100 0.75 5 765 192 171 74 132 571 54 61
5 50 1 1 100 0.75 5 766 195 172 75 134 575 58 61
5 50 1 1 100 0.75 5 767 200 173 72 133 579 62 60
5 50 1 1 100 0.75 5 768 204 178 85 139 579 62 63
5 50 1 1 100 0.75 5 769 210 180 80 140 581 65 65
5 50 1 1 100 0.75 5 770 215 181 74 142 585 69 63
5 50 1 1 100 0.75 5 771 222 180 83 141 591 75 63
5 50 1 1 100 0.75 5 772 224 182 72 145 594 78 62
5 50 1 1 100 0.75 5 773 225 184 75 146 597 81 61
5 50 1 1 100 0.75 5 774 231 183 68 142 603 87 58
5 50 1 1 100 0.75 5 775 236 183 74 144 608 92 58
5 50 1 1 100 0.75 5 776 240 186 68 147 610 94 60
5 50 1 1 100 0.75 5 777 247 187 85 148 614 98 60
5 50 1 1 100 0.75 5 778 251 190 71 153 616 100 63
5 50 1 1 100 0.75 5 779 255 192 77 155 619 103 65
5 50 1 1 100 0.75 5 780 261 193 78 155 623 107 63
5 50 1 1 100 0.75 5 781 263 193 82 156 628 112 65
5 50 1 1 100 0.75 5 782 265 196 80 158 630 114 65
5 50 1 1 100 0.75 5 783 271 197 80 156 634 118 63
5 50 1 1 100 0.75 5 784 275 197 78 158 639 123 65
5 50 1 1 100 0.75 5 785 279 201 82 162 639 124 66
5 50 1 1 100 0.75 5 786 282 201 79 163 644 129 65
5 50 1 1 100 0.75 5 787 286 205 82 165 643 130 67
5 50 1 1 100 0.75 5 788 290 206 91 166 647 134 64
5 50 1 1 100 0.75 5 789 296 207 81 168 651 138 64
5 50 1 1 100 0.75 5 790 298 208 86 170 655 142 64
5 50 1 1 100 0.75 5 791 301 211 72 172 657 144 67
5 50 1 1 100 0.75 5 792 309 208 72 169 665 152 60
5 50 1 1 100 0.75 5 793 311 212 78 176 666 153 61
5 50 1 1 100 0.75 5 794 317 211 81 172 671 159 60
5 50 1 1 100 0.75 5 795 317 213 71 177 674 162 63
5 50 1 1 100 0.75 5 796 320 213 77 173 679 167 63
5 50 1 1 100 0.75 5 797 323 215 89 177 682 170 64
5 50 1 1 100 0.75 5 798 329 216 78 178 685 174 66
5 50 1 1 100 0.75 5 799 334 216 90 179 690 179 65
5 50 1 1 100 0.75 5 800 335 219 77 182 692 181 69
5 50 1 1 100 0.75 5 801 338 220 75 183 696 185 67
5 50 1 1 100 0.75 5 802 341 221 88 183 700 189 67
5 50 1 1 100 0.75 5 803 343 224 71 186 702 191 69
5 50 1 1 100 0.75 5 804 344 224 82 188 707 196 67
5 50 1 1 100 0.75 5 805 348 227 77 189 709 198 70
5 50 1 1 100 0.75 5 806 352 229 78 191 712 201 69
5 50 1 1 100 0.75 5 807 355 228 86 190 718 207 66
5 50 1 1 100 0.75 5 808 360 232 76 192 718 208 68
5 50 1 1 100 0.75 5 809 362 237 84 199 718 208 76
5 50 1 1 100 0.75 5 810 364 239 82 202 721 211 78
5 50 1 1 100 0.75 5 811 365 240 91 202 725 215 77
5 50 1 1 100 0.75 5 812 371 240 80 201 730 220 74
5 50 1 1 100 0.75 5 813 374 241 88 203 734 224 74
5 50 1 1 100 0.75 5 814 377 237 82 199 743 233 69
5 50 1 1 100 0.75 5 815 379 234 90 196 750 241 66
5 50 1 1 100 0.75 5 816 383 234 79 194 755 246 66
5 50 1 1 100 0.75 5 817 387 236 85 197 758 249 66
5 50 1 1 100 0.75 5 818 390 239 88 200 760 251 66
5 50 1 1 100 0.75 5 819 394 242 88 203 762 253 67
5 50 1 1 100 0.75 5 820 396 242 83 203 767 258 67
5 50 1 1 100 0.75 5 821 397 243 80 203 771 262 67
5 50 1 1 100 0.75 5 822 401 244 77 205 775 266 65
5 50 1 1 100 0.75 5 823 402 244 82 208 780 271 66
5 50 1 1 100 0.75 5 824 404 246 79 208 783 274 65
5 50 1 1 100 0.75 5 825 408 247 83 208 787 278 65
5 50 1 1 100 0.75 5 826 411 248 89 212 791 282 65
5 50 1 1 100 0.75 5 827 412 251 84 214 793 284 67
5 50 1 1 100 0.75 5 828 416 252 80 215 797 288 66
5 50 1 1 100 0.75 5 829 416 252 85 215 802 293 65
5 50 1 1 100 0.75 5 830 418 252 80 215 807 298 64
5 50 1 1 100 0.75 5 831 421 255 78 216 809 300 66
5 50 1 1 100 0.75 5 832 424 255 78 217 813 305 64
5 50 1 1 100 0.75 5 833 426 257 84 218 816 308 66
5 50 1 1 100 0.75 5 834 429 257 93 220 821 313 65
5 50 1 1 100 0.75 5 835 431 259 81 221 824 316 65
5 50 1 1 100 0.75 5 836 435 260 80 221 828 320 64
5 50 1 1 100 0.75 5 837 435 264 89 227 829 321 65
5 50 1 1 100 0.75 5 838 437 262 90 225 836 328 62
5 50 1 1 100 0.75 5 839 437 263 86 224 840 332 64
5 50 1 1 100 0.75 5 840 440 263 86 224 845 337 63
5 50 1 1 100 0.75 5 841 441 265 82 227 847 340 64
5 50 1 1 100 0.75 5 842 444 269 82 230 848 341 66
5 50 1 1 100 0.75 5 843 446 272 85 236 850 343 70
5 50 1 1 100 0.75 5 844 447 273 79 236 854 347 71
5 50 1 1 100 0.75 5 845 447 276 78 241 856 349 71
5 50 1 1 100 0.75 5 846 450 276 94 237 861 354 70
5 50 1 1 100 0.75 5 847 451 278 92 240 864 357 70
5 50 1 1 100 0.75 5 848 453 276 75 236 871 364 67
5 50 1 1 100 0.75 5 849 454 274 88 235 878 371 64
5 50 1 1 100 0.75 5 850 455 275 82 235 882 375 62
5 50 1 1 100 0.75 5 851 459 277 80 239 884 378 63
5 50 1 1 100 0.75 5 852 461 280 81 244 886 380 64
5 50 1 1 100 0.75 5 853 463 283 66 246 888 382 63
5 50 1 1 100 0.75 5 854 464 286 85 250 890 384 66
5 50 1 1 100 0.75 5 855 464 287 83 249 894 388 63
5 50 1 1 100 0.75 5 856 468 290 74 251 896 390 65
5 50 1 1 100 0.75 5 857 469 293 77 255 896 392 69
5 50 1 1 100 0.75 5 858 470 291 84 254 903 399 65
5 50 1 1 100 0.75 5 859 470 290 82 252 909 405 65
5 50 1 1 100 0.75 5 860 472 292 80 253 912 408 64
5 50 1 1 100 0.75 5 861 472 294 87 256 915 411 62
5 50 1 1 100 0.75 5 862 474 293 77 254 921 417 57
5 50 1 1 100 0.75 5 863 474 294 99 258 925 421 57
5 50 1 1 100 0.75 5 864 475 294 79 258 930 426 56
5 50 1 1 100 0.75 5 865 477 299 92 261 930 426 61
5 50 1 1 100 0.75 5 866 478 296 80 260 938 434 57
5 50 1 1 100 0.75 5 867 479 299 83 263 940 436 58
5 50 1 1 100 0.75 5 868 480 303 82 265 941 437 60
5 50 1 1 100 0.75 5 869 482 305 91 269 943 440 60
5 50 1 1 100 0.75 5 870 482 308 83 272 944 442 64
5 50 1 1 100 0.75 5 870 482 308 308 272 1008 442 64
5 50 1 1 100 0.75 5 900 482 308 308 272 530 442 64
5 50 1 1 100 0.75 6 901 0 5 5 0 530 0 0
5 50 1 1 100 0.75 6 902 0 10 10 0 530 0 0
5 50 1 1 100 0.75 6 903 0 15 15 0 530 0 0
5 50 1 1 100 0.75 6 904 0 20 20 0 530 0 0
5 50 1 1 100 0.75 6 905 0 25 23 0 530 0 0
5 50 1 1 100 0.75 6 906 0 30 29 0 530 0 0
5 50 1 1 100 0.75 6 907 0 35 33 0 530 0 0
5 50 1 1 100 0.75 6 908 5 40 29 0 530 0 0
5 50 1 1 100 0.75 6 909 10 45 30 5 530 0 0
5 50 1 1 100 0.75 6 910 15 50 27 10 530 0 0
5 50 1 1 100 0.75 6 911 21 55 24 15 530 0 0
5 50 1 1 100 0.75 6 912 24 60 23 21 530 0 0
5 50 1 1 100 0.75 6 913 32 65 23 24 530 0 0
5 50 1 1 100 0.75 6 914 38 70 17 32 529 0 0
5 50 1 1 100 0.75 6 915 42 75 24 38 528 0 4
5 50 1 1 100 0.75 6 916 46 80 26 42 528 0 7
5 50 1 1 100 0.75 6 917 52 85 34 46 528 0 12
5 50 1 1 100 0.75 6 918 57 90 29 52 528 0 17
5 50 1 1 100 0.75 6 919 61 95 43 57 528 0 21
5 50 1 1 100 0.75 6 920 66 100 42 61 528 0 21
5 50 1 1 100 0.75 6 921 71 105 45 66 528 0 28
5 50 1 1 100 0.75 6 922 77 110 44 71 528 0 34
5 50 1 1 100 0.75 6 923 80 115 48 77 528 0 36
5 50 1 1 100 0.75 6 924 87 120 49 80 528 0 38
5 50 1 1 100 0.75 6 925 92 125 56 87 528 0 45
5 50 1 1 100 0.75 6 926 95 130 50 92 527 0 48
5 50 1 1 100 0.75 6 927 100 135 68 95 526 0 53
5 50 1 1 100 0.75 6 928 106 140 68 100 526 0 54
5 50 1 1 100 0.75 6 929 112 145 70 106 526 0 58
5 50 1 1 100 0.75 6 930 116 149 69 111 527 1 64
5 50 1 1 100 0.75 6 931 121 153 67 114 528 2 65
5 50 1 1 100 0.75 6 932 128 155 72 116 531 5 63
5 50 1 1 100 0.75 6 933 133 159 74 122 532 6 67
5 50 1 1 100 0.75 6 934 140 160 74 123 536 10 67
5 50 1 1 100 0.75 6 935 142 161 77 126 540 14 70
5 50 1 1 100 0.75 6 936 145 161 74 123 545 19 67
5 50 1 1 100 0.75 6 937 154 161 71 121 549 24 65
5 50 1 1 100 0.75 6 938 157 163 74 127 552 27 65
5 50 1 1 100 0.75 6 939 163 166 60 129 554 29 67
5 50 1 1 100 0.75 6 940 167 167 83 131 558 33 65
5 50 1 1 100 0.75 6 941 170 168 75 131 562 37 68
5 50 1 1 100 0.75 6 942 176 169 82 130 566 41 67
5 50 1 1 100 0.75 6 943 179 170 79 132 570 45 65
5 50 1 1 100 0.75 6 944 185 168 81 128 577 52 63
5 50 1 1 100 0.75 6 945 189 169 72 130 581 56 63
5 50 1 1 100 0.75 6 946 192 171 80 131 584 59 65
5 50 1 1 100 0.75 6 947 199 173 70 133 587 62 63
5 50 1 1 100 0.75 6 948 203 177 71 140 588 63 65
5 50 1 1 100 0.75 6 949 211 176 73 138 593 69 63
5 50 1 1 100 0.75 6 950 213 178 78 143 596 72 62
5 50 1 1 100 0.75 6 951 216 175 78 137 604 80 59
5 50 1 1 100 0.75 6 952 221 176 64 137 608 84 56
5 50 1 1 100 0.75 6 953 224 178 66 140 611 87 55
5 50 1 1 100 0.75 6 954 229 180 74 142 614 90 55
5 50 1 1 100 0.75 6 955 234 184 83 147 615 91 60
5 50 1 1 100 0.75 6 956 237 188 74 151 616 92 63
5 50 1 1 100 0.75 6 957 242 188 74 150 621 97 63
5 50 1 1 100 0.75 6 958 245 187 74 151 627 103 58
5 50 1 1 100 0.75 6 959 248 188 75 150 631 107 58
5 50 1 1 100 0.75 6 960 253 190 72 152 634 110 60
5 50 1 1 100 0.75 6 961 256 189 69 153 639 116 61
5 50 1 1 100 0.75 6 962 258 192 76 154 641 118 61
5 50 1 1 100 0.75 6 963 263 194 77 155 644 121 62
5 50 1 1 100 0.75 6 964 266 195 69 157 648 125 63
5 50 1 1 100 0.75 6 965 270 196 77 157 652 129 64
5 50 1 1 100 0.75 6 966 272 198 72 159 655 132 63
5 50 1 1 100 0.75 6 967 275 201 77 160 657 134 65
5 50 1 1 100 0.75 6 968 280 203 71 161 660 137 65
5 50 1 1 100 0.75 6 969 284 205 78 166 663 140 67
5 50 1 1 100 0.75 6 970 289 207 74 169 666 143 68
5 50 1 1 100 0.75 6 971 293 208 85 170 669 147 66
5 50 1 1 100 0.75 6 972 296 212 88 175 670 148 68
5 50 1 1 100 0.75 6 973 301 210 82 172 677 155 64
5 50 1 1 100 0.75 6 974 306 213 80 176 679 157 66
5 50 1 1 100 0.75 6 975 307 216 72 180 681 159 71
5 50 1 1 100 0.75 6 976 312 219 85 181 683 161 70
5 50 1 1 100 0.75 6 977 314 219 84 181 688 166 69
5 50 1 1 100 0.75 6 978 316 222 95 183 690 168 72
5 50 1 1 100 0.75 6 979 320 222 83 182 694 173 69
5 50 1 1 100 0.75 6 980 324 221 89 183 700 179 66
5 50 1 1 100 0.75 6 981 328 222 81 186 704 183 67
5 50 1 1 100 0.75 6 982 329 221 90 185 710 189 65
5 50 1 1 100 0.75 6 983 332 222 78 184 714 193 63
5 50 1 1 100 0.75 6 984 336 223 78 185 718 197 62
5 50 1 1 100 0.75 6 985 339 223 74 185 722 202 61
5 50 1 1 100 0.75 6 986 342 225 87 187 725 205 64
5 50 1 1 100 0.75 6 987 344 228 75 191 726 207 66
5 50 1 1 100 0.75 6 988 348 230 76 193 727 210 68
5 50 1 1 100 0.75 6 989 351 235 88 199 725 210 69
5 50 1 1 100 0.75 6 990 353 236 88 199 729 214 69
5 50 1 1 100 0.75 6 991 356 235 85 197 735 220 64
5 50 1 1 100 0.75 6 992 361 234 81 196 741 226 62
5 50 1 1 100 0.75 6 993 362 233 90 196 747 232 61
5 50 1 1 100 0.75 6 994 366 235 87 196 750 235 61
5 50 1 1 100 0.75 6 995 366 235 89 197 754 240 59
5 50 1 1 100 0.75 6 996 370 239 92 200 754 241 60
5 50 1 1 100 0.75 6 997 373 241 83 202 757 244 61
5 50 1 1 100 0.75 6 998 377 245 85 206 758 245 64
5 50 1 1 100 0.75 6 999 381 248 83 210 760 247 65
5 50 1 1 100 0.75 6 1000 382 247 85 210 766 253 63
5 50 1 1 100 0.75 6 1001 386 245 83 205 772 260 61
5 50 1 1 100 0.75 6 1002 389 247 87 208 775 263 63
5 50 1 1 100 0.75 6 1003 393 249 84 210 778 266 62
5 50 1 1 100 0.75 6 1004 396 250 78 213 782 270 60
5 50 1 1 100 0.75 6 1005 398 252 91 213 785 273 64
5 50 1 1 100 0.75 6 1006 399 253 93 214 789 277 65
5 50 1 1 100 0.75 6 1007 403 256 81 216 790 279 65
5 50 1 1 100 0.75 6 1008 407 254 88 216 796 286 61
5 50 1 1 100 0.75 6 1009 407 252 79 216 803 293 60
5 50 1 1 100 0.75 6 1010 411 256 93 218 804 294 62
5 50 1 1 100 0.75 6 1011 411 261 86 226 803 294 66
5 50 1 1 100 0.75 6 1012 411 263 89 227 805 297 66
5 50 1 1 100 0.75 6 1013 414 266 82 230 807 299 66
5 50 1 1 100 0.75 6 1014 416 264 94 227 814 306 62
5 50 1 1 100 0.75 6 1015 418 267 75 230 816 308 64
5 50 1 1 100 0.75 6 1016 419 269 83 232 819 311 66
5 50 1 1 100 0.75 6 1017 423 269 87 230 824 316 65
5 50 1 1 100 0.75 6 1018 426 273 93 235 825 317 70
5 50 1 1 100 0.75 6 1019 429 276 83 239 827 319 74
5 50 1 1 100 0.75 6 1020 432 277 84 240 831 323 72
5 50 1 1 100 0.75 6 1021 433 279 88 242 834 326 71
5 50 1 1 100 0.75 6 1022 434 277 91 238 841 333 69
5 50 1 1 100 0.75 6 1023 435 280 91 241 843 335 70
5 50 1 1 100 0.75 6 1024 437 276 78 237 852 344 64
5 50 1 1 100 0.75 6 1025 438 277 94 242 856 348 65
5 50 1 1 100 0.75 6 1026 440 279 84 242 859 351 67
5 50 1 1 100 0.75 6 1027 440 281 86 244 862 354 66
5 50 1 1 100 0.75 6 1028 442 283 77 246 865 357 69
5 50 1 1 100 0.75 6 1029 445 284 96 247 869 361 67
5 50 1 1 100 0.75 6 1030 446 288 94 252 870 362 71
5 50 1 1 100 0.75 6 1031 448 286 81 248 877 369 68
5 50 1 1 100 0.75 6 1032 450 286 87 248 882 374 67
5 50 1 1 100 0.75 6 1033 450 287 79 250 886 378 65
5 50 1 1 100 0.75 6 1034 453 291 97 252 887 379 67
5 50 1 1 100 0.75 6 1035 455 292 90 253 890 383 66
5 50 1 1 100 0.75 6 1036 455 292 94 252 895 388 66
5 50 1 1 100 0.75 6 1037 457 289 82 249 903 396 62
5 50 1 1 100 0.75 6 1038 459 293 79 254 904 397 65
5 50 1 1 100 0.75 6 1039 460 296 86 257 905 399 65
5 50 1 1 100 0.75 6 1040 461 299 84 261 907 401 68
5 50 1 1 100 0.75 6 1041 462 299 76 261 912 406 63
5 50 1 1 100 0.75 6 1042 463 300 89 262 916 410 64
5 50 1 1 100 0.75 6 1043 465 299 78 262 922 416 62
5 50 1 1 100 0.75 6 1044 465 302 94 263 924 418 63
5 50 1 1 100 0.75 6 1045 465 303 81 264 928 422 66
5 50 1 1 100 0.75 6 1046 465 302 84 264 934 428 63
5 50 1 1 100 0.75 6 1047 468 304 87 265 937 431 64
5 50 1 1 100 0.75 6 1048 470 306 81 270 939 434 67
5 50 1 1 100 0.75 6 1049 470 306 88 269 944 439 66
5 50 1 1 100 0.75 6 1050 470 307 87 269 948 443 66
5 50 1 1 100 0.75 6 1050 470 307 307 269 1013 443 66
5 50 1 1 100 0.75 6 1080 470 307 307 269 528 443 66
5 50 1 1 100 0.75 7 1081 0 5 5 0 528 0 0
5 50 1 1 100 0.75 7 1082 0 10 10 0 528 0 0
5 50 1 1 100 0.75 7 1083 0 15 15 0 528 0 0
5 50 1 1 100 0.75 7 1084 0 20 20 0 528 0 0
5 50 1 1 100 0.75 7 1085 0 25 24 0 528 0 0
5 50 1 1 100 0.75 7 1086 0 30 28 0 528 0 0
5 50 1 1 100 0.75 7 1087 1 35 32 0 528 0 0
5 50 1 1 100 0.75 7 1088 4 40 32 1 528 0 0
5 50 1 1 100 0.75 7 1089 8 45 32 4 528 0 0
5 50 1 1 100 0.75 7 1090 14 50 28 8 528 0 0
5 50 1 1 100 0.75 7 1091 21 55 26 14 528 0 0
5 50 1 1 100 0.75 7 1092 26 60 21 21 528 0 0
5 50 1 1 100 0.75 7 1093 32 65 25 26 528 0 0
5 50 1 1 100 0.75 7 1094 36 70 21 32 528 0 0
5 50 1 1 100 0.75 7 1095 37 75 22 36 527 0 3
5 50 1 1 100 0.75 7 1096 47 80 30 37 527 0 4
5 50 1 1 100 0.75 7 1097 50 85 27 47 527 0 9
5 50 1 1 100 0.75 7 1098 57 90 33 50 527 0 15
5 50 1 1 100 0.75 7 1099 62 95 36 57 526 0 17
5 50 1 1 100 0.75 7 1100 69 100 42 62 526 0 22
5 50 1 1 100 0.75 7 1101 73 105 46 69 526 0 26
5 50 1 1 100 0.75 7 1102 77 110 42 73 526 0 28
5 50 1 1 100 0.75 7 1103 82 115 51 77 526 0 35
5 50 1 1 100 0.75 7 1104 86 120 51 82 524 0 37
5 50 1 1 100 0.75 7 1105 91 125 57 86 524 0 42
5 50 1 1 100 0.75 7 1106 95 130 61 91 524 0 43
5 50 1 1 100 0.75 7 1107 102 135 60 95 524 0 48
5 50 1 1 100 0.75 7 1108 107 140 55 102 524 0 53
5 50 1 1 100 0.75 7 1109 112 145 66 107 523 0 59
5 50 1 1 100 0.75 7 1110 117 150 71 112 523 0 62
5 50 1 1 100 0.75 7 1111 121 154 70 116 524 1 67
5 50 1 1 100 0.75 7 1112 126 159 81 120 524 1 69
5 50 1 1 100 0.75 7 1113 133 160 71 121 528 5 68
5 50 1 1 100 0.75 7 1114 139 161 65 124 532 9 68
5 50 1 1 100 0.75 7 1115 140 164 69 128 534 11 70
5 50 1 1 100 0.75 7 1116 148 164 68 124 539 16 66
5 50 1 1 100 0.75 7 1117 151 164 68 127 544 21 68
5 50 1 1 100 0.75 7 1118 156 164 70 125 549 26 66
5 50 1 1 100 0.75 7 1119 163 166 69 127 552 29 66
5 50 1 1 100 0.75 7 1120 168 169 68 132 554 31 70
5 50 1 1 100 0.75 7 1121 171 172 73 135 556 33 73
5 50 1 1 100 0.75 7 1122 178 174 75 135 559 36 73
5 50 1 1 100 0.75 7 1123 180 176 79 139 562 39 75
5 50 1 1 100 0.75 7 1124 184 172 74 133 571 48 68
5 50 1 1 100 0.75 7 1125 190 172 71 132 576 53 65
5 50 1 1 100 0.75 7 1126 195 172 67 133 581 58 67
5 50 1 1 100 0.75 7 1127 200 174 68 136 584 61 70
5 50 1 1 100 0.75 7 1128 206 174 68 136 589 66 70
5 50 1 1 100 0.75 7 1129 210 175 67 138 593 70 71
5 50 1 1 100 0.75 7 1130 213 179 67 141 593 71 72
5 50 1 1 100 0.75 7 1131 217 179 74 140 597 76 70
5 50 1 1 100 0.75 7 1132 220 180 76 142 601 80 71
5 50 1 1 100 0.75 7 1133 227 181 79 141 605 84 73
5 50 1 1 100 0.75 7 1134 230 185 76 148 606 85 75
5 50 1 1 100 0.75 7 1135 235 186 72 147 609 89 75
5 50 1 1 100 0.75 7 1136 240 189 73 150 611 91 78
5 50 1 1 100 0.75 7 1137 245 182 76 145 623 103 68
5 50 1 1 100 0.75 7 1138 248 184 68 147 626 106 71
5 50 1 1 100 0.75 7 1139 252 188 73 150 627 107 73
5 50 1 1 100 0.75 7 1140 257 191 82 152 629 109 77
5 50 1 1 100 0.75 7 1141 263 192 82 153 633 113 78
5 50 1 1 100 0.75 7 1142 266 193 71 155 637 117 76
5 50 1 1 100 0.75 7 1143 271 192 67 152 643 123 73
5 50 1 1 100 0.75 7 1144 278 193 71 153 647 127 73
5 50 1 1 100 0.75 7 1145 280 194 71 157 650 131 74
5 50 1 1 100 0.75 7 1146 285 193 76 154 656 137 72
5 50 1 1 100 0.75 7 1147 290 192 67 153 662 143 68
5 50 1 1 100 0.75 7 1148 293 192 69 154 667 148 67
5 50 1 1 100 0.75 7 1149 297 195 67 156 668 150 69
5 50 1 1 100 0.75 7 1150 300 197 73 158 670 153 69
5 50 1 1 100 0.75 7 1151 304 197 76 159 674 158 70
5 50 1 1 100 0.75 7 1152 306 196 71 158 680 164 67
5 50 1 1 100 0.75 7 1153 310 199 70 160 682 166 69
5 50 1 1 100 0.75 7 1154 314 199 72 161 686 171 68
5 50 1 1 100 0.75 7 1155 317 199 69 161 691 176 67
5 50 1 1 100 0.75 7 1156 320 201 77 162 694 179 66
5 50 1 1 100 0.75 7 1157 322 202 80 163 698 183 66
5 50 1 1 100 0.75 7 1158 322 202 75 163 703 188 66
5 50 1 1 100 0.75 7 1159 328 205 77 165 705 190 69
5 50 1 1 100 0.75 7 1160 331 207 76 169 708 193 67
5 50 1 1 100 0.75 7 1161 333 204 65 166 716 201 62
5 50 1 1 100 0.75 7 1162 336 205 73 166 720 205 61
5 50 1 1 100 0.75 7 1163 341 207 69 168 723 208 63
5 50 1 1 100 0.75 7 1164 344 209 68 171 724 211 65
5 50 1 1 100 0.75 7 1165 346 213 74 175 725 212 67
5 50 1 1 100 0.75 7 1166 350 215 68 178 728 215 65
5 50 1 1 100 0.75 7 1167 353 214 67 178 733 221 65
5 50 1 1 100 0.75 7 1168 356 214 66 176 738 226 65
5 50 1 1 100 0.75 7 1169 358 213 68 177 744 232 61
5 50 1 1 100 0.75 7 1170 361 214 70 176 748 236 62
5 50 1 1 100 0.75 7 1171 367 215 78 176 752 240 65
5 50 1 1 100 0.75 7 1172 368 217 82 182 755 243 66
5 50 1 1 100 0.75 7 1173 369 220 67 182 757 245 68
5 50 1 1 100 0.75 7 1174 371 223 79 184 759 247 68
5 50 1 1 100 0.75 7 1175 374 227 84 191 760 248 73
5 50 1 1 100 0.75 7 1176 375 229 75 192 763 251 74
5 50 1 1 100 0.75 7 1177 380 229 77 190 768 256 71
5 50 1 1 100 0.75 7 1178 380 227 79 192 775 263 70
5 50 1 1 100 0.75 7 1179 384 227 71 188 779 268 70
5 50 1 1 100 0.75 7 1180 385 230 89 191 781 270 70
5 50 1 1 100 0.75 7 1181 388 232 74 192 784 273 74
5 50 1 1 100 0.75 7 1182 388 233 80 196 788 277 72
5 50 1 1 100 0.75 7 1183 391 233 73 194 792 282 69
5 50 1 1 100 0.75 7 1184 393 234 72 196 796 286 69
5 50 1 1 100 0.75 7 1185 395 233 77 194 802 292 68
5 50 1 1 100 0.75 7 1186 399 235 77 197 805 295 67
5 50 1 1 100 0.75 7 1187 400 236 81 198 809 299 66
5 50 1 1 100 0.75 7 1188 403 237 85 199 813 303 68
5 50 1 1 100 0.75 7 1189 404 238 73 199 817 307 69
5 50 1 1 100 0.75 7 1190 407 241 81 202 819 309 73
5 50 1 1 100 0.75 7 1191 409 243 76 206 822 312 73
5 50 1 1 100 0.75 7 1192 412 243 81 204 827 317 72
5 50 1 1 100 0.75 7 1193 417 242 83 204 833 323 70
5 50 1 1 100 0.75 7 1194 418 245 82 210 834 325 71
5 50 1 1 100 0.75 7 1195 420 243 75 206 841 332 67
5 50 1 1 100 0.75 7 1196 423 243 83 206 846 337 65
5 50 1 1 100 0.75 7 1197 423 247 86 209 846 338 68
5 50 1 1 100 0.75 7 1198 424 246 77 209 852 344 69
5 50 1 1 100 0.75 7 1199 426 248 62 209 855 347 69
5 50 1 1 100 0.75 7 1200 427 251 81 213 857 349 69
5 50 1 1 100 0.75 7 1201 430 252 73 213 861 353 71
5 50 1 1 100 0.75 7 1202 430 254 86 219 864 356 70
5 50 1 1 100 0.75 7 1203 432 255 87 216 867 360 69
5 50 1 1 100 0.75 7 1204 433 256 75 216 871 364 69
5 50 1 1 100 0.75 7 1205 440 254 78 213 878 371 67
5 50 1 1 100 0.75 7 1206 440 256 82 219 881 374 67
5 50 1 1 100 0.75 7 1207 443 258 78 218 883 377 69
5 50 1 1 100 0.75 7 1208 444 257 85 220 889 383 67
5 50 1 1 100 0.75 7 1209 445 259 74 219 892 386 67
5 50 1 1 100 0.75 7 1210 447 262 82 224 894 388 68
5 50 1 1 100 0.75 7 1211 451 262 74 225 899 393 66
5 50 1 1 100 0.75 7 1212 454 265 70 228 901 395 69
5 50 1 1 100 0.75 7 1213 456 268 81 231 903 397 72
5 50 1 1 100 0.75 7 1214 457 268 78 230 907 402 70
5 50 1 1 100 0.75 7 1215 457 268 67 231 912 407 70
5 50 1 1 100 0.75 7 1216 460 267 62 227 917 413 68
5 50 1 1 100 0.75 7 1217 460 268 73 231 921 417 68
5 50 1 1 100 0.75 7 1218 460 268 79 230 926 422 66
5 50 1 1 100 0.75 7 1219 461 271 74 230 928 424 68
5 50 1 1 100 0.75 7 1220 461 274 73 236 930 426 68
5 50 1 1 100 0.75 7 1221 462 274 73 237 935 431 69
5 50 1 1 100 0.75 7 1222 465 277 74 238 936 433 69
5 50 1 1 100 0.75 7 1223 467 279 75 242 939 436 70
5 50 1 1 100 0.75 7 1224 468 279 81 242 944 441 70
5 50 1 1 100 0.75 7 1225 470 276 69 238 952 449 64
5 50 1 1 100 0.75 7 1226 470 278 79 238 955 452 64
5 50 1 1 100 0.75 7 1227 474 282 79 242 956 453 68
5 50 1 1 100 0.75 7 1228 474 281 72 243 962 459 66
5 50 1 1 100 0.75 7 1229 475 281 77 243 967 464 65
5 50 1 1 100 0.75 7 1230 476 283 71 245 970 467 66
5 50 1 1 100 0.75 7 1230 476 283 283 245 1035 467 66
5 50 1 1 100 0.75 7 1260 476 283 283 245 530 467 66
5 50 1 1 100 0.75 8 1261 0 5 5 0 530 0 0
5 50 1 1 100 0.75 8 1262 0 10 10 0 530 0 0
5 50 1 1 100 0.75 8 1263 0 15 15 0 530 0 0
5 50 1 1 100 0.75 8 1264 0 20 20 0 530 0 0
5 50 1 1 100 0.75 8 1265 0 25 24 0 530 0 0
5 50 1 1 100 0.75 8 1266 0 30 28 0 530 0 0
5 50 1 1 100 0.75 8 1267 1 35 31 0 530 0 0
5 50 1 1 100 0.75 8 1268 3 40 32 1 530 0 0
5 50 1 1 100 0.75 8 1269 6 45 33 3 530 0 0
5 50 1 1 100 0.75 8 1270 14 50 31 6 530 0 0
5 50 1 1 100 0.75 8 1271 21 55 26 14 530 0 0
5 50 1 1 100 0.75 8 1272 27 60 25 21 530 0 0
5 50 1 1 100 0.75 8 1273 30 65 27 27 529 0 0
5 50 1 1 100 0.75 8 1274 37 70 22 30 528 0 1
5 50 1 1 100 0.75 8 1275 41 75 27 37 528 0 1
5 50 1 1 100 0.75 8 1276 44 80 27 41 528 0 4
5 50 1 1 100 0.75 8 1277 51 85 21 44 528 0 9
5 50 1 1 100 0.75 8 1278 59 90 30 51 528 0 18
5 50 1 1 100 0.75 8 1279 61 95 36 59 528 0 23
5 50 1 1 100 0.75 8 1280 66 100 37 61 528 0 28
5 50 1 1 100 0.75 8 1281 72 105 39 66 528 0 33
5 50 1 1 100 0.75 8 1282 74 110 51 72 528 0 36
5 50 1 1 100 0.75 8 1283 83 115 43 74 528 0 37
5 50 1 1 100 0.75 8 1284 86 120 52 83 528 0 40
5 50 1 1 100 0.75 8 1285 94 125 54 86 528 0 50
5 50 1 1 100 0.75 8 1286 97 130 61 94 528 0 52
5 50 1 1 100 0.75 8 1287 102 135 59 97 528 0 56
5 50 1 1 100 0.75 8 1288 105 140 67 102 528 0 60
5 50 1 1 100 0.75 8 1289 112 145 60 105 528 0 60
5 50 1 1 100 0.75 8 1290 116 150 65 112 528 0 65
5 50 1 1 100 0.75 8 1291 123 155 70 116 528 0 72
5 50 1 1 100 0.75 8 1292 128 158 72 121 530 2 71
5 50 1 1 100 0.75 8 1293 132 160 81 123 533 5 74
5 50 1 1 100 0.75 8 1294 136 162 73 124 536 8 73
5 50 1 1 100 0.75 8 1295 139 164 73 125 539 11 71
5 50 1 1 100 0.75 8 1296 148 165 60 124 543 15 73
5 50 1 1 100 0.75 8 1297 154 160 68 123 553 25 68
5 50 1 1 100 0.75 8 1298 159 160 76 124 558 30 68
5 50 1 1 100 0.75 8 1299 163 165 75 129 558 30 73
5 50 1 1 100 0.75 8 1300 165 159 70 122 568 41 66
5 50 1 1 100 0.75 8 1301 173 160 68 120 572 45 65
5 50 1 1 100 0.75 8 1302 177 165 71 128 572 45 67
5 50 1 1 100 0.75 8 1303 182 167 72 129 575 48 69
5 50 1 1 100 0.75 8 1304 187 166 69 129 581 54 69
5 50 1 1 100 0.75 8 1305 191 168 74 131 584 57 71
5 50 1 1 100 0.75 8 1306 197 167 68 129 590 63 67
5 50 1 1 100 0.75 8 1307 198 170 71 134 592 65 68
5 50 1 1 100 0.75 8 1308 202 170 77 131 597 70 64
5 50 1 1 100 0.75 8 1309 206 170 82 132 602 75 66
5 50 1 1 100 0.75 8 1310 210 172 68 133 605 78 66
5 50 1 1 100 0.75 8 1311 215 175 76 137 607 80 66
5 50 1 1 100 0.75 8 1312 218 176 86 138 611 84 67
5 50 1 1 100 0.75 8 1313 222 180 81 141 612 85 69
5 50 1 1 100 0.75 8 1314 226 178 75 139 619 92 65
5 50 1 1 100 0.75 8 1315 228 181 72 143 620 94 67
5 50 1 1 100 0.75 8 1316 236 184 86 143 622 96 67
5 50 1 1 100 0.75 8 1317 238 184 72 146 627 101 66
5 50 1 1 100 0.75 8 1318 244 183 77 142 633 107 65
5 50 1 1 100 0.75 8 1319 248 186 81 146 635 109 66
5 50 1 1 100 0.75 8 1320 251 184 73 146 642 116 62
5 50 1 1 100 0.75 8 1321 256 183 77 144 648 122 60
5 50 1 1 100 0.75 8 1322 262 188 73 149 648 122 63
5 50 1 1 100 0.75 8 1323 264 188 73 151 653 127 62
5 50 1 1 100 0.75 8 1324 268 187 72 148 658 133 59
5 50 1 1 100 0.75 8 1325 270 189 82 151 660 136 59
5 50 1 1 100 0.75 8 1326 273 189 72 150 665 141 59
5 50 1 1 100 0.75 8 1327 275 191 79 151 668 144 60
5 50 1 1 100 0.75 8 1328 280 195 68 156 668 145 62
5 50 1 1 100 0.75 8 1329 282 196 74 159 671 149 65
5 50 1 1 100 0.75 8 1330 287 199 79 159 673 151 66
5 50 1 1 100 0.75 8 1331 290 201 86 162 676 154 68
5 50 1 1 100 0.75 8 1332 294 200 78 163 682 160 66
5 50 1 1 100 0.75 8 1333 296 202 83 165 685 163 65
5 50 1 1 100 0.75 8 1334 297 201 80 162 691 169 62
5 50 1 1 100 0.75 8 1335 304 205 82 165 692 170 65
5 50 1 1 100 0.75 8 1336 306 208 88 170 694 172 67
5 50 1 1 100 0.75 8 1337 313 209 83 170 698 176 65
5 50 1 1 100 0.75 8 1338 314 212 76 176 700 178 68
5 50 1 1 100 0.75 8 1339 319 213 74 174 704 182 68
5 50 1 1 100 0.75 8 1340 322 213 75 175 709 187 66
5 50 1 1 100 0.75 8 1341 326 214 86 175 713 191 63
5 50 1 1 100 0.75 8 1342 329 215 76 177 717 195 62
5 50 1 1 100 0.75 8 1343 330 214 78 177 723 201 60
5 50 1 1 100 0.75 8 1344 335 218 81 180 724 202 64
5 50 1 1 100 0.75 8 1345 336 218 88 180 729 207 64
5 50 1 1 100 0.75 8 1346 338 219 74 179 733 211 64
5 50 1 1 100 0.75 8 1347 341 221 82 183 736 214 65
5 50 1 1 100 0.75 8 1348 343 223 84 184 738 217 64
5 50 1 1 100 0.75 8 1349 348 221 76 182 745 224 62
5 50 1 1 100 0.75 8 1350 349 226 87 188 745 224 66
5 50 1 1 100 0.75 8 1351 353 225 80 188 751 230 63
5 50 1 1 100 0.75 8 1352 354 227 86 190 754 233 62
5 50 1 1 100 0.75 8 1353 357 231 79 192 755 234 65
5 50 1 1 100 0.75 8 1354 360 233 80 195 758 237 65
5 50 1 1 100 0.75 8 1355 361 232 78 196 764 243 63
5 50 1 1 100 0.75 8 1356 364 234 81 195 766 246 65
5 50 1 1 100 0.75 8 1357 367 236 88 197 769 249 68
5 50 1 1 100 0.75 8 1358 367 238 87 200 772 252 67
5 50 1 1 100 0.75 8 1359 368 239 78 200 775 256 67
5 50 1 1 100 0.75 8 1360 369 241 84 204 778 259 68
5 50 1 1 100 0.75 8 1361 374 243 83 202 781 262 71
5 50 1 1 100 0.75 8 1362 376 244 94 205 785 266 69
5 50 1 1 100 0.75 8 1363 377 242 79 202 792 273 64
5 50 1 1 100 0.75 8 1364 379 243 79 204 796 277 65
5 50 1 1 100 0.75 8 1365 383 242 79 202 802 283 65
5 50 1 1 100 0.75 8 1366 385 247 80 209 802 283 69
5 50 1 1 100 0.75 8 1367 386 249 81 211 805 286 67
5 50 1 1 100 0.75 8 1368 388 250 91 213 809 290 65
5 50 1 1 100 0.75 8 1369 391 253 85 215 811 292 72
5 50 1 1 100 0.75 8 1370 392 254 93 218 815 296 71
5 50 1 1 100 0.75 8 1371 394 254 80 215 820 301 69
5 50 1 1 100 0.75 8 1372 397 256 92 218 823 304 69
5 50 1 1 100 0.75 8 1373 400 259 84 223 825 306 71
5 50 1 1 100 0.75 8 1374 403 258 94 221 831 312 72
5 50 1 1 100 0.75 8 1375 404 258 93 221 836 317 68
5 50 1 1 100 0.75 8 1376 407 259 93 222 840 321 68
5 50 1 1 100 0.75 8 1377 409 257 95 219 847 328 64
5 50 1 1 100 0.75 8 1378 410 259 77 222 848 331 64
5 50 1 1 100 0.75 8 1379 413 261 83 222 851 334 67
5 50 1 1 100 0.75 8 1380 416 261 83 223 856 339 65
5 50 1 1 100 0.75 8 1381 419 262 82 224 860 343 64
5 50 1 1 100 0.75 8 1382 421 265 79 227 862 345 66
5 50 1 1 100 0.75 8 1383 424 269 92 231 860 346 71
5 50 1 1 100 0.75 8 1384 425 270 91 234 864 350 72
5 50 1 1 100 0.75 8 1385 426 269 91 233 870 356 70
5 50 1 1 100 0.75 8 1386 431 271 89 232 873 359 71
5 50 1 1 100 0.75 8 1387 433 266 80 229 883 369 66
5 50 1 1 100 0.75 8 1388 434 269 88 232 885 371 68
5 50 1 1 100 0.75 8 1389 438 273 87 235 886 372 71
5 50 1 1 100 0.75 8 1390 440 274 87 237 890 376 72
5 50 1 1 100 0.75 8 1391 440 277 93 238 892 378 75
5 50 1 1 100 0.75 8 1392 441 278 78 242 896 382 74
5 50 1 1 100 0.75 8 1393 441 278 99 239 901 387 72
5 50 1 1 100 0.75 8 1394 443 279 88 240 905 391 73
5 50 1 1 100 0.75 8 1395 446 280 85 239 909 395 71
5 50 1 1 100 0.75 8 1396 448 283 87 245 911 397 73
5 50 1 1 100 0.75 8 1397 452 285 86 246 913 400 73
5 50 1 1 100 0.75 8 1398 453 286 92 250 917 404 70
5 50 1 1 100 0.75 8 1399 456 287 83 247 920 408 71
5 50 1 1 100 0.75 8 1400 459 287 95 248 925 413 68
5 50 1 1 100 0.75 8 1401 459 285 80 246 932 420 65
5 50 1 1 100 0.75 8 1402 461 287 75 249 935 423 64
5 50 1 1 100 0.75 8 1403 464 288 80 249 939 427 64
5 50 1 1 100 0.75 8 1404 464 289 86 253 943 431 66
5 50 1 1 100 0.75 8 1405 465 289 92 252 948 436 63
5 50 1 1 100 0.75 8 1406 467 285 82 246 957 445 59
5 50 1 1 100 0.75 8 1407 468 288 76 251 959 447 58
5 50 1 1 100 0.75 8 1408 468 292 87 254 960 448 62
5 50 1 1 100 0.75 8 1409 469 292 73 253 965 453 61
5 50 1 1 100 0.75 8 1410 470 293 84 257 969 457 63
5 50 1 1 100 0.75 8 1410 470 293 293 257 1032 457 63
5 50 1 1 100 0.75 8 1440 470 293 293 257 526 457 63
5 50 1 1 100 0.75 9 1441 0 5 5 0 526 0 0
5 50 1 1 100 0.75 9 1442 0 10 10 0 526 0 0
5 50 1 1 100 0.75 9 1443 0 15 15 0 526 0 0
5 50 1 1 100 0.75 9 1444 0 20 20 0 526 0 0
5 50 1 1 100 0.75 9 1445 0 25 25 0 526 0 0
5 50 1 1 100 0.75 9 1446 0 30 28 0 526 0 0
5 50 1 1 100 0.75 9 1447 0 35 31 0 526 0 0
5 50 1 1 100 0.75 9 1448 4 40 31 0 526 0 0
5 50 1 1 100 0.75 9 1449 6 45 31 4 526 0 0
5 50 1 1 100 0.75 9 1450 14 50 33 6 526 0 0
5 50 1 1 100 0.75 9 1451 19 55 27 14 526 0 0
5 50 1 1 100 0.75 9 1452 25 60 28 19 526 0 0
5 50 1 1 100 0.75 9 1453 30 65 24 25 526 0 0
5 50 1 1 100 0.75 9 1454 35 70 31 30 526 0 0
5 50 1 1 100 0.75 9 1455 43 75 21 35 526 0 2
5 50 1 1 100 0.75 9 1456 47 80 26 43 526 0 5
5 50 1 1 100 0.75 9 1457 53 85 22 47 526 0 7
5 50 1 1 100 0.75 9 1458 58 90 28 53 526 0 12
5 50 1 1 100 0.75 9 1459 60 95 39 58 526 0 17
5 50 1 1 100 0.75 9 1460 67 100 36 60 526 0 19
5 50 1 1 100 0.75 9 1461 72 105 37 67 526 0 22
5 50 1 1 100 0.75 9 1462 76 110 45 72 526 0 26
5 50 1 1 100 0.75 9 1463 84 115 52 76 526 0 35
5 50 1 1 100 0.75 9 1464 86 120 47 84 526 0 37
5 50 1 1 100 0.75 9 1465 92 125 54 86 526 0 41
5 50 1 1 100 0.75 9 1466 98 130 54 92 526 0 44
5 50 1 1 100 0.75 9 1467 104 135 56 98 526 0 46
5 50 1 1 100 0.75 9 1468 107 140 64 104 526 0 51
5 50 1 1 100 0.75 9 1469 111 145 64 107 526 0 53
5 50 1 1 100 0.75 9 1470 115 150 56 111 525 0 59
5 50 1 1 100 0.75 9 1471 117 155 73 115 525 0 62
5 50 1 1 100 0.75 9 1472 129 157 71 114 528 3 60
5 50 1 1 100 0.75 9 1473 132 161 74 125 528 4 65
5 50 1 1 100 0.75 9 1474 137 161 67 123 533 9 63
5 50 1 1 100 0.75 9 1475 141 165 77 127 534 10 65
5 50 1 1 100 0.75 9 1476 147 169 75 130 535 11 67
5 50 1 1 100 0.75 9 1477 152 169 80 131 540 16 67
5 50 1 1 100 0.75 9 1478 155 167 76 129 547 23 60
5 50 1 1 100 0.75 9 1479 160 167 77 127 552 28 61
5 50 1 1 100 0.75 9 1480 167 170 70 130 554 30 65
5 50 1 1 100 0.75 9 1481 170 172 64 134 557 33 63
5 50 1 1 100 0.75 9 1482 175 172 70 132 562 38 60
5 50 1 1 100 0.75 9 1483 179 171 63 132 568 44 60
5 50 1 1 100 0.75 9 1484 185 175 73 135 569 45 60
5 50 1 1 100 0.75 9 1485 190 178 79 140 571 47 61
5 50 1 1 100 0.75 9 1486 193 181 77 143 573 49 63
5 50 1 1 100 0.75 9 1487 200 180 68 140 579 55 61
5 50 1 1 100 0.75 9 1488 203 183 76 145 581 57 62
5 50 1 1 100 0.75 9 1489 206 186 70 146 583 59 61
5 50 1 1 100 0.75 9 1490 210 184 85 142 590 66 59
5 50 1 1 100 0.75 9 1491 219 186 76 144 593 69 59
5 50 1 1 100 0.75 9 1492 224 187 84 149 597 73 59
5 50 1 1 100 0.75 9 1493 228 190 66 152 599 75 59
5 50 1 1 100 0.75 9 1494 231 191 84 153 603 79 58
5 50 1 1 100 0.75 9 1495 238 190 84 151 609 85 57
5 50 1 1 100 0.75 9 1496 243 190 79 153 614 90 53
5 50 1 1 100 0.75 9 1497 248 194 74 157 615 91 57
5 50 1 1 100 0.75 9 1498 249 194 75 158 619 96 55
5 50 1 1 100 0.75 9 1499 252 195 81 157 623 100 53
5 50 1 1 100 0.75 9 1500 259 196 83 157 627 104 52
5 50 1 1 100 0.75 9 1501 263 200 79 163 628 105 55
5 50 1 1 100 0.75 9 1502 266 203 77 166 630 107 56
5 50 1 1 100 0.75 9 1503 269 208 81 171 630 107 64
5 50 1 1 100 0.75 9 1504 273 208 88 170 635 112 61
5 50 1 1 100 0.75 9 1505 277 209 80 171 639 116 62
5 50 1 1 100 0.75 9 1506 278 211 84 173 641 119 63
5 50 1 1 100 0.75 9 1507 283 212 87 173 645 123 61
5 50 1 1 100 0.75 9 1508 285 211 85 174 651 129 59
5 50 1 1 100 0.75 9 1509 290 212 81 172 655 133 58
5 50 1 1 100 0.75 9 1510 297 213 87 174 659 137 56
5 50 1 1 100 0.75 9 1511 299 218 85 182 659 137 57
5 50 1 1 100 0.75 9 1512 300 217 85 179 665 143 55
5 50 1 1 100 0.75 9 1513 302 220 94 179 667 145 57
5 50 1 1 100 0.75 9 1514 304 224 84 180 668 146 61
5 50 1 1 100 0.75 9 1515 306 228 89 186 669 147 63
5 50 1 1 100 0.75 9 1516 313 231 94 192 670 149 65
5 50 1 1 100 0.75 9 1517 316 231 95 194 675 154 65
5 50 1 1 100 0.75 9 1518 320 230 99 192 681 160 66
5 50 1 1 100 0.75 9 1519 322 233 86 195 683 162 66
5 50 1 1 100 0.75 9 1520 325 232 92 194 689 168 63
5 50 1 1 100 0.75 9 1521 328 234 84 196 692 171 61
5 50 1 1 100 0.75 9 1522 333 236 92 198 695 174 70
5 50 1 1 100 0.75 9 1523 335 236 82 199 700 179 65
5 50 1 1 100 0.75 9 1524 340 236 93 198 705 184 65
5 50 1 1 100 0.75 9 1525 343 238 92 202 707 187 66
5 50 1 1 100 0.75 9 1526 345 239 98 202 711 191 68
5 50 1 1 100 0.75 9 1527 346 243 91 205 712 192 69
5 50 1 1 100 0.75 9 1528 349 244 98 203 716 196 69
5 50 1 1 100 0.75 9 1529 354 248 90 209 717 197 70
5 50 1 1 100 0.75 9 1530 355 250 77 212 720 200 73
5 50 1 1 100 0.75 9 1531 360 249 84 207 726 206 71
5 50 1 1 100 0.75 9 1532 365 251 93 214 729 209 72
5 50 1 1 100 0.75 9 1533 368 247 84 211 738 218 65
5 50 1 1 100 0.75 9 1534 368 249 90 212 740 221 65
5 50 1 1 100 0.75 9 1535 371 252 85 214 741 223 64
5 50 1 1 100 0.75 9 1536 372 252 98 214 746 228 65
5 50 1 1 100 0.75 9 1537 377 255 79 216 747 230 67
5 50 1 1 100 0.75 9 1538 379 255 88 217 751 235 63
5 50 1 1 100 0.75 9 1539 383 257 83 217 754 238 67
5 50 1 1 100 0.75 9 1540 383 259 95 221 756 241 67
5 50 1 1 100 0.75 9 1541 388 259 89 218 761 246 64
5 50 1 1 100 0.75 9 1542 391 260 89 220 765 250 63
5 50 1 1 100 0.75 9 1543 393 260 87 222 770 255 62
5 50 1 1 100 0.75 9 1544 395 264 84 224 771 256 63
5 50 1 1 100 0.75 9 1545 397 261 91 223 778 264 58
5 50 1 1 100 0.75 9 1546 400 263 88 224 781 267 58
5 50 1 1 100 0.75 9 1547 401 267 84 230 782 268 59
5 50 1 1 100 0.75 9 1548 401 267 94 229 787 273 59
5 50 1 1 100 0.75 9 1549 405 267 83 226 792 278 57
5 50 1 1 100 0.75 9 1550 407 270 73 233 794 280 59
5 50 1 1 100 0.75 9 1551 410 273 77 236 796 282 60
5 50 1 1 100 0.75 9 1552 412 275 73 238 799 285 62
5 50 1 1 100 0.75 9 1553 413 277 71 239 802 288 66
5 50 1 1 100 0.75 9 1554 415 280 94 243 803 290 67
5 50 1 1 100 0.75 9 1555 416 280 82 242 808 295 65
5 50 1 1 100 0.75 9 1556 419 278 86 239 815 302 63
5 50 1 1 100 0.75 9 1557 421 280 85 241 818 305 66
5 50 1 1 100 0.75 9 1558 424 284 89 247 819 306 66
5 50 1 1 100 0.75 9 1559 425 281 82 244 827 314 61
5 50 1 1 100 0.75 9 1560 427 285 89 247 828 315 67
5 50 1 1 100 0.75 9 1561 429 287 84 251 830 318 67
5 50 1 1 100 0.75 9 1562 433 288 87 249 834 322 65
5 50 1 1 100 0.75 9 1563 434 292 94 256 835 323 68
5 50 1 1 100 0.75 9 1564 437 294 79 255 838 326 68
5 50 1 1 100 0.75 9 1565 438 295 96 258 842 330 70
5 50 1 1 100 0.75 9 1566 441 299 94 262 843 331 73
5 50 1 1 100 0.75 9 1567 442 300 96 262 847 335 72
5 50 1 1 100 0.75 9 1568 443 297 84 258 855 343 65
5 50 1 1 100 0.75 9 1569 444 297 82 260 860 348 63
5 50 1 1 100 0.75 9 1570 444 299 94 264 863 351 66
5 50 1 1 100 0.75 9 1571 445 300 88 260 866 355 66
5 50 1 1 100 0.75 9 1572 445 302 93 262 869 358 65
5 50 1 1 100 0.75 9 1573 448 303 86 264 873 362 63
5 50 1 1 100 0.75 9 1574 450 303 87 266 876 367 64
5 50 1 1 100 0.75 9 1575 453 303 93 265 881 372 62
5 50 1 1 100 0.75 9 1576 454 305 98 267 884 375 64
5 50 1 1 100 0.75 9 1577 456 307 86 267 887 378 63
5 50 1 1 100 0.75 9 1578 457 306 88 269 891 384 59
5 50 1 1 100 0.75 9 1579 459 309 100 270 893 386 62
5 50 1 1 100 0.75 9 1580 462 310 89 273 897 390 64
5 50 1 1 100 0.75 9 1581 463 311 89 274 901 394 62
5 50 1 1 100 0.75 9 1582 465 313 84 275 904 397 62
5 50 1 1 100 0.75 9 1583 465 315 77 278 907 400 61
5 50 1 1 100 0.75 9 1584 468 316 78 278 910 404 61
5 50 1 1 100 0.75 9 1585 468 315 86 279 916 410 62
5 50 1 1 100 0.75 9 1586 470 318 88 280 918 412 64
5 50 1 1 100 0.75 9 1587 474 320 91 280 921 415 66
5 50 1 1 100 0.75 9 1588 476 321 73 281 925 419 64
5 50 1 1 100 0.75 9 1589 476 322 92 285 929 423 66
5 50 1 1 100 0.75 9 1590 478 325 93 286 931 425 69
5 50 1 1 100 0.75 9 1590 478 325 325 286 1000 425 69
5 50 1 1 100 0.75 9 1620 478 325 325 286 518 425 69
5 50 1 1 100 0.75 10 1621 0 5 5 0 518 0 0
5 50 1 1 100 0.75 10 1622 0 10 10 0 518 0 0
5 50 1 1 100 0.75 10 1623 0 15 15 0 518 0 0
5 50 1 1 100 0.75 10 1624 0 20 20 0 518 0 0
5 50 1 1 100 0.75 10 1625 0 25 25 0 518 0 0
5 50 1 1 100 0.75 10 1626 0 30 29 0 518 0 0
5 50 1 1 100 0.75 10 1627 1 35 29 0 518 0 0
5 50 1 1 100 0.75 10 1628 4 40 31 1 518 0 0
5 50 1 1 100 0.75 10 1629 11 45 25 4 518 0 0
5 50 1 1 100 0.75 10 1630 17 50 26 11 518 0 0
5 50 1 1 100 0.75 10 1631 23 55 23 17 518 0 0
5 50 1 1 100 0.75 10 1632 27 60 20 23 518 0 0
5 50 1 1 100 0.75 10 1633 32 65 25 27 518 0 0
5 50 1 1 100 0.75 10 1634 38 70 20 32 518 0 1
5 50 1 1 100 0.75 10 1635 43 75 19 38 518 0 4
5 50 1 1 100 0.75 10 1636 46 80 27 43 518 0 7
5 50 1 1 100 0.75 10 1637 53 85 30 46 518 0 12
5 50 1 1 100 0.75 10 1638 57 90 33 53 518 0 15
5 50 1 1 100 0.75 10 1639 63 95 36 57 518 0 17
5 50 1 1 100 0.75 10 1640 67 100 41 63 517 0 21
5 50 1 1 100 0.75 10 1641 72 105 42 67 516 0 22
5 50 1 1 100 0.75 10 1642 78 110 50 72 515 0 25
5 50 1 1 100 0.75 10 1643 84 115 44 78 515 0 28
5 50 1 1 100 0.75 10 1644 88 120 49 84 515 0 30
5 50 1 1 100 0.75 10 1645 93 125 48 88 514 0 36
5 50 1 1 100 0.75 10 1646 96 130 53 93 513 0 40
5 50 1 1 100 0.75 10 1647 99 135 68 96 513 0 45
5 50 1 1 100 0.75 10 1648 106 140 63 99 513 0 48
5 50 1 1 100 0.75 10 1649 109 145 60 106 513 0 52
5 50 1 1 100 0.75 10 1650 118 149 65 108 514 1 53
5 50 1 1 100 0.75 10 1651 122 153 64 116 515 2 57
5 50 1 1 100 0.75 10 1652 127 156 70 118 516 4 59
5 50 1 1 100 0.75 10 1653 131 158 73 120 519 7 57
5 50 1 1 100 0.75 10 1654 136 161 73 122 521 9 57
5 50 1 1 100 0.75 10 1655 140 162 75 123 525 13 60
5 50 1 1 100 0.75 10 1656 145 165 71 125 527 15 58
5 50 1 1 100 0.75 10 1657 151 166 72 126 531 19 58
5 50 1 1 100 0.75 10 1658 154 165 68 126 537 25 59
5 50 1 1 100 0.75 10 1659 160 170 73 129 537 25 63
5 50 1 1 100 0.75 10 1660 169 173 85 133 539 27 67
5 50 1 1 100 0.75 10 1661 170 172 80 136 545 33 64
5 50 1 1 100 0.75 10 1662 178 174 78 134 548 36 64
5 50 1 1 100 0.75 10 1663 181 179 77 142 547 36 66
5 50 1 1 100 0.75 10 1664 185 183 85 144 548 37 67
5 50 1 1 100 0.75 10 1665 189 181 75 142 555 44 64
5 50 1 1 100 0.75 10 1666 197 180 82 140 561 50 61
5 50 1 1 100 0.75 10 1667 198 182 73 146 564 53 63
5 50 1 1 100 0.75 10 1668 204 183 75 143 568 57 64
5 50 1 1 100 0.75 10 1669 206 185 84 146 571 60 67
5 50 1 1 100 0.75 10 1670 211 187 78 145 574 63 68
5 50 1 1 100 0.75 10 1671 218 189 78 148 577 66 67
5 50 1 1 100 0.75 10 1672 223 190 76 151 581 70 65
5 50 1 1 100 0.75 10 1673 228 193 89 155 582 72 69
5 50 1 1 100 0.75 10 1674 232 193 85 155 587 77 67
5 50 1 1 100 0.75 10 1675 234 194 83 155 591 81 63
5 50 1 1 100 0.75 10 1676 239 194 85 155 596 86 64
5 50 1 1 100 0.75 10 1677 242 194 73 156 601 91 61
5 50 1 1 100 0.75 10 1678 245 194 78 156 605 96 60
5 50 1 1 100 0.75 10 1679 249 198 87 160 606 97 62
5 50 1 1 100 0.75 10 1680 251 200 75 163 609 100 64
5 50 1 1 100 0.75 10 1681 255 201 77 163 611 104 62
5 50 1 1 100 0.75 10 1682 258 202 83 163 615 108 60
5 50 1 1 100 0.75 10 1683 264 202 86 163 620 113 59
5 50 1 1 100 0.75 10 1684 266 198 67 161 629 122 56
5 50 1 1 100 0.75 10 1685 270 201 81 163 631 124 56
5 50 1 1 100 0.75 10 1686 273 203 81 164 633 127 56
5 50 1 1 100 0.75 10 1687 275 207 81 167 634 128 58
5 50 1 1 100 0.75 10 1688 280 208 82 168 638 132 56
5 50 1 1 100 0.75 10 1689 284 207 85 168 644 138 51
5 50 1 1 100 0.75 10 1690 287 209 83 171 647 141 53
5 50 1 1 100 0.75 10 1691 294 213 75 173 648 142 58
5 50 1 1 100 0.75 10 1692 298 217 91 179 648 143 59
5 50 1 1 100 0.75 10 1693 304 217 78 178 653 148 57
5 50 1 1 100 0.75 10 1694 307 220 88 184 655 150 58
5 50 1 1 100 0.75 10 1695 309 220 87 183 660 155 55
5 50 1 1 100 0.75 10 1696 313 221 81 183 664 159 55
5 50 1 1 100 0.75 10 1697 318 224 87 186 666 161 55
5 50 1 1 100 0.75 10 1698 322 226 87 189 668 164 56
5 50 1 1 100 0.75 10 1699 326 227 80 190 672 168 56
5 50 1 1 100 0.75 10 1700 328 230 94 193 674 170 57
5 50 1 1 100 0.75 10 1701 331 231 85 193 678 174 57
5 50 1 1 100 0.75 10 1702 337 232 82 193 681 178 57
5 50 1 1 100 0.75 10 1703 341 232 83 195 684 183 55
5 50 1 1 100 0.75 10 1704 344 235 90 199 686 185 60
5 50 1 1 100 0.75 10 1705 346 236 94 199 690 189 59
5 50 1 1 100 0.75 10 1706 347 240 82 202 691 190 59
5 50 1 1 100 0.75 10 1707 351 241 87 203 695 194 60
5 50 1 1 100 0.75 10 1708 352 241 98 203 699 199 60
5 50 1 1 100 0.75 10 1709 356 243 93 203 702 202 60
5 50 1 1 100 0.75 10 1710 356 247 97 208 703 203 64
5 50 1 1 100 0.75 10 1711 358 250 96 212 705 205 65
5 50 1 1 100 0.75 10 1712 361 249 89 210 711 211 62
5 50 1 1 100 0.75 10 1713 364 252 85 215 713 213 62
5 50 1 1 100 0.75 10 1714 364 255 100 217 715 215 64
5 50 1 1 100 0.75 10 1715 364 258 97 219 716 217 64
5 50 1 1 100 0.75 10 1716 368 260 108 220 719 220 63
5 50 1 1 100 0.75 10 1717 371 259 103 219 725 226 62
5 50 1 1 100 0.75 10 1718 375 260 98 220 728 230 62
5 50 1 1 100 0.75 10 1719 380 262 108 223 731 233 59
5 50 1 1 100 0.75 10 1720 383 262 100 224 736 238 59
5 50 1 1 100 0.75 10 1721 388 266 99 228 736 239 61
5 50 1 1 100 0.75 10 1722 390 271 93 236 736 239 64
5 50 1 1 100 0.75 10 1723 394 270 92 232 742 245 61
5 50 1 1 100 0.75 10 1724 397 268 101 230 749 252 58
5 50 1 1 100 0.75 10 1725 399 267 93 228 755 258 55
5 50 1 1 100 0.75 10 1726 401 269 96 230 758 261 58
5 50 1 1 100 0.75 10 1727 406 269 93 229 763 266 57
5 50 1 1 100 0.75 10 1728 410 272 88 235 765 268 59
5 50 1 1 100 0.75 10 1729 410 276 104 241 766 269 60
5 50 1 1 100 0.75 10 1730 414 278 88 239 769 272 59
5 50 1 1 100 0.75 10 1731 414 280 89 243 771 275 60
5 50 1 1 100 0.75 10 1732 420 280 81 240 776 280 60
5 50 1 1 100 0.75 10 1733 422 281 96 243 780 284 57
5 50 1 1 100 0.75 10 1734 427 285 98 247 781 285 62
5 50 1 1 100 0.75 10 1735 429 284 88 249 787 291 62
5 50 1 1 100 0.75 10 1736 431 288 90 250 788 292 64
5 50 1 1 100 0.75 10 1737 432 291 100 253 790 294 65
5 50 1 1 100 0.75 10 1738 434 293 96 256 792 297 66
5 50 1 1 100 0.75 10 1739 437 295 98 257 795 300 66
5 50 1 1 100 0.75 10 1740 438 295 100 259 800 305 61
5 50 1 1 100 0.75 10 1741 442 296 91 258 803 309 64
5 50 1 1 100 0.75 10 1742 445 298 97 259 806 312 65
5 50 1 1 100 0.75 10 1743 447 297 100 258 811 318 63
5 50 1 1 100 0.75 10 1744 449 300 93 261 813 320 67
5 50 1 1 100 0.75 10 1745 452 300 97 261 817 325 63
5 50 1 1 100 0.75 10 1746 453 304 101 266 818 326 68
5 50 1 1 100 0.75 10 1747 454 305 103 268 822 330 67
5 50 1 1 100 0.75 10 1748 457 308 107 269 823 332 68
5 50 1 1 100 0.75 10 1749 461 307 101 268 829 338 64
5 50 1 1 100 0.75 10 1750 461 309 106 271 832 341 64
5 50 1 1 100 0.75 10 1751 461 307 103 268 838 348 62
5 50 1 1 100 0.75 10 1752 464 310 99 271 840 350 67
5 50 1 1 100 0.75 10 1753 465 311 91 273 843 354 66
5 50 1 1 100 0.75 10 1754 466 311 92 272 848 359 64
5 50 1 1 100 0.75 10 1755 470 315 100 276 849 360 66
5 50 1 1 100 0.75 10 1756 470 317 89 280 852 363 71
5 50 1 1 100 0.75 10 1757 473 317 89 277 856 368 68
5 50 1 1 100 0.75 10 1758 473 322 96 283 856 368 74
5 50 1 1 100 0.75 10 1759 475 321 91 283 862 374 71
5 50 1 1 100 0.75 10 1760 475 321 107 285 867 379 71
5 50 1 1 100 0.75 10 1761 476 323 85 286 870 382 71
5 50 1 1 100 0.75 10 1762 476 322 94 284 876 388 69
5 50 1 1 100 0.75 10 1763 478 324 92 284 879 391 70
5 50 1 1 100 0.75 10 1764 479 326 104 288 882 394 69
5 50 1 1 100 0.75 10 1765 481 325 88 286 887 400 70
5 50 1 1 100 0.75 10 1766 483 329 109 290 888 401 76
5 50 1 1 100 0.75 10 1767 484 328 83 289 894 407 73
5 50 1 1 100 0.75 10 1768 484 328 95 290 899 412 72
5 50 1 1 100 0.75 10 1769 484 329 97 290 903 416 70
5 50 1 1 100 0.75 10 1770 486 331 85 291 906 419 72
5 50 1 1 100 0.75 10 1770 486 331 331 291 978 419 72
5 50 1 1 100 0.75 10 1800 486 331 331 291 534 419 72
