15 70 5 1 100 0.75 1 1 0 15 15 0 100 0 0
15 70 5 1 100 0.75 1 2 0 30 30 0 100 0 0
15 70 5 1 100 0.75 1 3 0 45 45 0 100 0 0
15 70 5 1 100 0.75 1 4 0 60 60 0 100 0 0
15 70 5 1 100 0.75 1 5 0 75 74 0 100 0 0
15 70 5 1 100 0.75 1 6 0 90 88 0 100 0 0
15 70 5 1 100 0.75 1 7 1 105 102 0 100 0 0
15 70 5 1 100 0.75 1 8 2 120 117 1 100 0 0
15 70 5 1 100 0.75 1 9 5 135 127 2 100 0 0
15 70 5 1 100 0.75 1 10 8 150 138 5 100 0 0
15 70 5 1 100 0.75 1 11 14 165 142 8 100 0 0
15 70 5 1 100 0.75 1 12 25 180 148 14 100 0 0
15 70 5 1 100 0.75 1 13 38 195 155 25 100 0 0
15 70 5 1 100 0.75 1 14 47 210 156 38 100 0 0
15 70 5 1 100 0.75 1 15 55 225 169 47 100 0 2
15 70 5 1 100 0.75 1 16 67 240 176 55 100 0 3
15 70 5 1 100 0.75 1 17 75 255 182 67 100 0 4
15 70 5 1 100 0.75 1 18 82 270 195 75 100 0 8
15 70 5 1 100 0.75 1 19 92 285 207 82 100 0 14
15 70 5 1 100 0.75 1 20 102 300 226 92 100 0 26
15 70 5 1 100 0.75 1 21 111 315 241 102 100 0 30
15 70 5 1 100 0.75 1 22 121 327 248 111 100 0 33
15 70 5 1 100 0.75 1 23 131 327 250 121 100 0 38
15 70 5 1 100 0.75 1 24 147 327 243 131 100 0 44
15 70 5 1 100 0.75 1 25 156 327 247 147 100 0 49
15 70 5 1 100 0.75 1 26 162 327 248 156 100 0 56
15 70 5 1 100 0.75 1 27 168 327 245 162 100 0 59
15 70 5 1 100 0.75 1 28 181 327 247 168 100 0 67
15 70 5 1 100 0.75 1 29 188 327 248 181 100 0 75
15 70 5 1 100 0.75 1 30 196 327 244 188 100 0 82
15 70 5 1 100 0.75 1 31 199 326 249 195 101 1 89
15 70 5 1 100 0.75 1 32 212 327 251 198 101 1 101
15 70 5 1 100 0.75 1 33 217 325 251 209 103 3 108
15 70 5 1 100 0.75 1 34 223 326 250 213 104 4 113
15 70 5 1 100 0.75 1 35 231 325 251 217 106 6 118
15 70 5 1 100 0.75 1 36 239 321 242 219 112 12 120
15 70 5 1 100 0.75 1 37 244 319 245 219 120 20 117
15 70 5 1 100 0.75 1 38 250 321 238 218 126 26 115
15 70 5 1 100 0.75 1 39 252 325 246 222 128 28 116
15 70 5 1 100 0.75 1 40 259 319 243 216 136 36 114
15 70 5 1 100 0.75 1 41 266 322 244 218 141 41 112
15 70 5 1 100 0.75 1 42 271 318 242 216 150 50 111
15 70 5 1 100 0.75 1 43 275 324 240 220 152 53 113
15 70 5 1 100 0.75 1 44 281 318 235 217 161 62 112
15 70 5 1 100 0.75 1 45 288 321 226 219 167 68 109
15 70 5 1 100 0.75 1 46 293 323 227 226 171 72 108
15 70 5 1 100 0.75 1 47 297 322 221 234 176 77 105
15 70 5 1 100 0.75 1 48 300 319 212 235 184 85 104
15 70 5 1 100 0.75 1 49 303 321 205 238 190 91 101
15 70 5 1 100 0.75 1 50 304 319 202 237 198 99 100
15 70 5 1 100 0.75 1 51 309 319 198 241 206 107 96
15 70 5 1 100 0.75 1 52 312 316 202 238 217 118 95
15 70 5 1 100 0.75 1 53 313 318 204 238 226 127 95
15 70 5 1 100 0.75 1 54 314 325 208 243 228 129 99
15 70 5 1 100 0.75 1 55 317 318 204 240 237 138 99
15 70 5 1 100 0.75 1 56 317 323 209 241 241 142 101
15 70 5 1 100 0.75 1 57 320 321 200 244 247 148 103
15 70 5 1 100 0.75 1 58 321 324 199 258 250 151 109
15 70 5 1 100 0.75 1 59 323 321 197 258 255 157 112
15 70 5 1 100 0.75 1 60 325 322 193 265 260 162 109
15 70 5 1 100 0.75 1 61 325 323 184 269 264 166 110
15 70 5 1 100 0.75 1 62 326 320 185 270 271 173 108
15 70 5 1 100 0.75 1 63 326 319 176 268 279 181 110
15 70 5 1 100 0.75 1 64 326 322 189 272 284 186 113
15 70 5 1 100 0.75 1 65 326 321 189 274 290 192 113
15 70 5 1 100 0.75 1 66 327 325 194 278 292 194 116
15 70 5 1 100 0.75 1 67 327 326 200 282 293 195 123
15 70 5 1 100 0.75 1 68 327 324 186 284 296 198 126
15 70 5 1 100 0.75 1 69 327 317 189 279 306 208 119
15 70 5 1 100 0.75 1 70 327 323 192 280 310 212 121
15 70 5 1 100 0.75 1 71 327 319 183 279 318 220 118
15 70 5 1 100 0.75 1 72 327 317 191 275 328 230 114
15 70 5 1 100 0.75 1 73 327 317 185 272 338 240 107
15 70 5 1 100 0.75 1 74 327 317 178 266 348 250 100
15 70 5 1 100 0.75 1 75 327 317 178 260 358 260 94
15 70 5 1 100 0.75 1 76 327 321 176 256 364 266 89
15 70 5 1 100 0.75 1 77 327 319 169 254 372 274 87
15 70 5 1 100 0.75 1 78 327 323 184 253 376 278 90
15 70 5 1 100 0.75 1 79 327 323 180 256 380 282 91
15 70 5 1 100 0.75 1 80 327 326 181 262 381 283 94
15 70 5 1 100 0.75 1 81 327 320 164 270 388 290 91
15 70 5 1 100 0.75 1 82 327 316 159 269 399 301 85
15 70 5 1 100 0.75 1 83 327 322 159 271 404 306 84
15 70 5 1 100 0.75 1 84 327 317 147 270 414 316 75
15 70 5 1 100 0.75 1 85 327 325 150 276 416 318 77
15 70 5 1 100 0.75 1 86 327 322 150 277 421 323 76
15 70 5 1 100 0.75 1 87 327 322 159 275 426 328 77
15 70 5 1 100 0.75 1 88 327 321 167 272 432 334 82
15 70 5 1 100 0.75 1 89 327 322 158 269 437 339 81
15 70 5 1 100 0.75 1 90 327 320 158 274 444 346 81
15 70 5 1 100 0.75 1 91 327 325 149 278 446 348 82
15 70 5 1 100 0.75 1 92 327 324 151 282 449 351 83
15 70 5 1 100 0.75 1 93 327 325 154 288 450 353 84
15 70 5 1 100 0.75 1 94 327 322 159 287 455 358 82
15 70 5 1 100 0.75 1 95 327 320 147 285 462 365 76
15 70 5 1 100 0.75 1 96 327 324 143 288 465 368 77
15 70 5 1 100 0.75 1 97 327 320 150 286 472 375 78
15 70 5 1 100 0.75 1 98 327 323 163 289 476 379 82
15 70 5 1 100 0.75 1 99 327 324 153 292 479 382 82
15 70 5 1 100 0.75 1 100 327 324 160 290 482 385 83
15 70 5 1 100 0.75 1 101 327 324 154 287 485 388 83
15 70 5 1 100 0.75 1 102 327 320 154 287 492 395 81
15 70 5 1 100 0.75 1 103 327 322 152 286 497 400 77
15 70 5 1 100 0.75 1 104 327 321 157 286 503 406 75
15 70 5 1 100 0.75 1 105 327 320 155 281 510 413 74
15 70 5 1 100 0.75 1 106 327 325 150 285 512 415 74
15 70 5 1 100 0.75 1 107 327 322 150 286 517 420 70
15 70 5 1 100 0.75 1 108 327 317 132 280 527 430 63
15 70 5 1 100 0.75 1 109 327 325 147 280 529 432 64
15 70 5 1 100 0.75 1 110 327 324 130 283 532 435 64
15 70 5 1 100 0.75 1 111 327 324 145 283 535 438 64
15 70 5 1 100 0.75 1 112 327 322 133 284 540 443 63
15 70 5 1 100 0.75 1 113 327 322 138 285 544 448 64
15 70 5 1 100 0.75 1 114 327 326 135 290 545 449 70
15 70 5 1 100 0.75 1 115 327 322 133 290 550 454 66
15 70 5 1 100 0.75 1 116 327 323 134 291 554 458 64
15 70 5 1 100 0.75 1 117 327 317 125 288 564 468 58
15 70 5 1 100 0.75 1 118 327 325 133 292 565 470 58
15 70 5 1 100 0.75 1 119 327 324 121 290 568 473 60
15 70 5 1 100 0.75 1 120 327 325 136 291 570 475 65
15 70 5 1 100 0.75 1 121 327 322 133 290 575 480 63
15 70 5 1 100 0.75 1 122 327 323 136 290 579 484 63
15 70 5 1 100 0.75 1 123 327 322 147 288 584 489 60
15 70 5 1 100 0.75 1 124 327 325 125 291 586 491 60
15 70 5 1 100 0.75 1 125 327 325 136 296 588 493 61
15 70 5 1 100 0.75 1 126 327 323 130 297 592 497 59
15 70 5 1 100 0.75 1 127 327 326 136 301 592 498 62
15 70 5 1 100 0.75 1 128 327 322 123 298 597 503 58
15 70 5 1 100 0.75 1 129 327 321 126 295 603 509 53
15 70 5 1 100 0.75 1 130 327 327 129 299 603 509 58
15 70 5 1 100 0.75 1 131 327 324 132 303 606 512 59
15 70 5 1 100 0.75 1 132 327 323 134 301 610 516 60
15 70 5 1 100 0.75 1 133 327 325 123 301 612 518 59
15 70 5 1 100 0.75 1 134 327 318 129 296 621 527 55
15 70 5 1 100 0.75 1 135 327 323 123 293 624 531 53
15 70 5 1 100 0.75 1 136 327 325 134 294 626 533 54
15 70 5 1 100 0.75 1 137 327 323 122 296 630 537 52
15 70 5 1 100 0.75 1 138 327 326 132 298 631 538 57
15 70 5 1 100 0.75 1 139 327 321 118 293 637 544 53
15 70 5 1 100 0.75 1 140 327 323 122 294 641 548 52
15 70 5 1 100 0.75 1 141 327 324 120 293 644 551 50
15 70 5 1 100 0.75 1 142 327 323 117 290 648 555 50
15 70 5 1 100 0.75 1 143 327 327 122 300 648 555 51
15 70 5 1 100 0.75 1 144 327 325 118 301 649 557 54
15 70 5 1 100 0.75 1 145 327 325 129 303 651 559 53
15 70 5 1 100 0.75 1 146 327 323 123 300 655 563 52
15 70 5 1 100 0.75 1 147 327 325 118 302 657 565 54
15 70 5 1 100 0.75 1 148 327 324 118 304 660 568 52
15 70 5 1 100 0.75 1 149 327 322 105 303 665 573 49
15 70 5 1 100 0.75 1 150 327 323 120 304 669 577 51
15 70 5 1 100 0.75 1 150 327 323 323 304 720 577 51
15 70 5 1 100 0.75 1 180 327 323 323 304 634 577 51
15 70 5 1 100 0.75 2 181 0 15 15 0 634 0 0
15 70 5 1 100 0.75 2 182 0 30 30 0 634 0 0
15 70 5 1 100 0.75 2 183 0 45 45 0 634 0 0
15 70 5 1 100 0.75 2 184 0 60 59 0 634 0 0
15 70 5 1 100 0.75 2 185 0 75 71 0 634 0 0
15 70 5 1 100 0.75 2 186 0 90 82 0 634 0 0
15 70 5 1 100 0.75 2 187 4 105 94 0 634 0 0
15 70 5 1 100 0.75 2 188 14 120 91 4 634 0 0
15 70 5 1 100 0.75 2 189 32 135 83 14 634 0 0
15 70 5 1 100 0.75 2 190 45 150 73 32 634 0 0
15 70 5 1 100 0.75 2 191 62 165 63 45 634 0 0
15 70 5 1 100 0.75 2 192 77 180 67 62 634 0 0
15 70 5 1 100 0.75 2 193 94 195 63 77 634 0 0
15 70 5 1 100 0.75 2 194 107 210 71 94 633 0 2
15 70 5 1 100 0.75 2 195 124 225 71 107 633 0 8
15 70 5 1 100 0.75 2 196 139 240 76 124 633 0 23
15 70 5 1 100 0.75 2 197 155 255 87 139 632 0 30
15 70 5 1 100 0.75 2 198 168 270 99 155 632 0 38
15 70 5 1 100 0.75 2 199 186 285 115 168 632 0 52
15 70 5 1 100 0.75 2 200 199 300 114 186 631 0 61
15 70 5 1 100 0.75 2 201 216 315 117 199 631 0 73
15 70 5 1 100 0.75 2 202 232 327 127 216 631 0 84
15 70 5 1 100 0.75 2 203 246 327 137 232 631 0 100
15 70 5 1 100 0.75 2 204 259 327 111 246 631 0 110
15 70 5 1 100 0.75 2 205 276 327 125 259 631 0 124
15 70 5 1 100 0.75 2 206 289 327 119 276 631 0 133
15 70 5 1 100 0.75 2 207 304 327 120 289 631 0 146
15 70 5 1 100 0.75 2 208 319 327 130 304 631 0 155
15 70 5 1 100 0.75 2 209 326 325 126 317 633 2 163
15 70 5 1 100 0.75 2 210 327 325 120 322 635 4 170
15 70 5 1 100 0.75 2 211 327 323 137 319 639 8 180
15 70 5 1 100 0.75 2 212 327 323 142 315 643 12 188
15 70 5 1 100 0.75 2 213 327 323 152 311 647 16 193
15 70 5 1 100 0.75 2 214 327 322 144 306 652 21 199
15 70 5 1 100 0.75 2 215 327 317 155 296 662 31 203
15 70 5 1 100 0.75 2 216 327 313 155 282 676 45 197
15 70 5 1 100 0.75 2 217 327 318 151 274 685 54 190
15 70 5 1 100 0.75 2 218 327 315 128 265 697 66 178
15 70 5 1 100 0.75 2 219 327 312 132 252 712 81 163
15 70 5 1 100 0.75 2 220 327 308 144 238 730 100 144
15 70 5 1 100 0.75 2 221 327 312 141 229 741 111 133
15 70 5 1 100 0.75 2 222 327 321 134 226 747 117 127
15 70 5 1 100 0.75 2 223 327 316 138 224 758 128 117
15 70 5 1 100 0.75 2 224 327 316 122 225 769 139 108
15 70 5 1 100 0.75 2 225 327 317 124 229 779 149 99
15 70 5 1 100 0.75 2 226 327 314 110 225 792 162 89
15 70 5 1 100 0.75 2 227 327 314 112 225 805 175 78
15 70 5 1 100 0.75 2 228 327 316 106 230 816 186 68
15 70 5 1 100 0.75 2 229 327 321 92 239 822 192 66
15 70 5 1 100 0.75 2 230 327 317 108 238 832 202 62
15 70 5 1 100 0.75 2 231 327 308 89 231 851 221 58
15 70 5 1 100 0.75 2 232 327 314 91 231 860 230 58
15 70 5 1 100 0.75 2 233 327 318 94 232 869 239 57
15 70 5 1 100 0.75 2 234 327 325 110 243 871 241 64
15 70 5 1 100 0.75 2 235 327 326 103 256 872 242 77
15 70 5 1 100 0.75 2 236 327 326 107 265 873 243 83
15 70 5 1 100 0.75 2 237 327 326 105 272 874 244 90
15 70 5 1 100 0.75 2 238 327 327 102 279 874 244 97
15 70 5 1 100 0.75 2 239 327 327 104 291 873 244 105
15 70 5 1 100 0.75 2 240 327 327 100 304 872 244 115
15 70 5 1 100 0.75 2 241 327 325 91 316 874 246 125
15 70 5 1 100 0.75 2 242 327 326 97 321 875 247 132
15 70 5 1 100 0.75 2 243 327 324 99 319 878 250 137
15 70 5 1 100 0.75 2 244 327 324 97 317 881 253 140
15 70 5 1 100 0.75 2 245 327 327 113 317 881 253 145
15 70 5 1 100 0.75 2 246 327 320 109 311 888 260 152
15 70 5 1 100 0.75 2 247 327 320 125 304 895 267 154
15 70 5 1 100 0.75 2 248 327 321 122 298 901 273 154
15 70 5 1 100 0.75 2 249 327 318 117 291 910 282 146
15 70 5 1 100 0.75 2 250 327 317 118 281 919 292 136
15 70 5 1 100 0.75 2 251 327 314 105 270 932 305 124
15 70 5 1 100 0.75 2 252 327 321 106 266 938 311 118
15 70 5 1 100 0.75 2 253 327 320 105 262 944 318 111
15 70 5 1 100 0.75 2 254 327 317 104 255 953 328 101
15 70 5 1 100 0.75 2 255 327 314 110 249 966 341 90
15 70 5 1 100 0.75 2 256 327 320 103 248 973 348 83
15 70 5 1 100 0.75 2 257 327 318 101 250 982 357 75
15 70 5 1 100 0.75 2 258 327 320 90 249 989 364 69
15 70 5 1 100 0.75 2 259 327 318 82 251 998 373 61
15 70 5 1 100 0.75 2 260 327 321 81 258 1004 379 58
15 70 5 1 100 0.75 2 261 327 318 73 253 1013 388 50
15 70 5 1 100 0.75 2 262 327 316 79 250 1024 399 43
15 70 5 1 100 0.75 2 263 327 320 83 255 1031 406 47
15 70 5 1 100 0.75 2 264 327 318 80 254 1040 415 42
15 70 5 1 100 0.75 2 265 327 324 71 262 1042 418 45
15 70 5 1 100 0.75 2 266 327 324 69 267 1044 421 52
15 70 5 1 100 0.75 2 267 327 320 83 269 1050 428 49
15 70 5 1 100 0.75 2 268 327 327 76 275 1050 428 52
15 70 5 1 100 0.75 2 269 327 327 88 284 1049 428 61
15 70 5 1 100 0.75 2 270 327 326 79 292 1050 429 66
15 70 5 1 100 0.75 2 271 327 327 87 299 1050 429 76
15 70 5 1 100 0.75 2 272 327 326 82 305 1051 430 81
15 70 5 1 100 0.75 2 273 327 327 85 312 1051 430 91
15 70 5 1 100 0.75 2 274 327 326 78 316 1052 431 92
15 70 5 1 100 0.75 2 275 327 325 88 317 1054 433 99
15 70 5 1 100 0.75 2 276 327 327 93 322 1054 433 105
15 70 5 1 100 0.75 2 277 327 321 73 316 1060 439 107
15 70 5 1 100 0.75 2 278 327 325 88 315 1062 441 112
15 70 5 1 100 0.75 2 279 327 324 87 312 1064 444 113
15 70 5 1 100 0.75 2 280 327 324 87 310 1065 447 112
15 70 5 1 100 0.75 2 281 327 321 100 304 1071 453 109
15 70 5 1 100 0.75 2 282 327 316 83 293 1081 464 100
15 70 5 1 100 0.75 2 283 327 322 92 291 1086 469 95
15 70 5 1 100 0.75 2 284 327 319 94 283 1093 477 88
15 70 5 1 100 0.75 2 285 327 324 95 282 1096 480 85
15 70 5 1 100 0.75 2 286 327 321 90 281 1101 486 79
15 70 5 1 100 0.75 2 287 327 323 80 279 1105 490 76
15 70 5 1 100 0.75 2 288 327 325 71 281 1107 492 74
15 70 5 1 100 0.75 2 289 327 321 86 278 1113 498 69
15 70 5 1 100 0.75 2 290 327 312 80 274 1128 513 56
15 70 5 1 100 0.75 2 291 327 319 71 271 1136 521 50
15 70 5 1 100 0.75 2 292 327 320 70 270 1143 528 44
15 70 5 1 100 0.75 2 293 327 319 77 269 1151 536 40
15 70 5 1 100 0.75 2 294 327 319 74 266 1159 544 34
15 70 5 1 100 0.75 2 295 327 318 62 263 1166 553 28
15 70 5 1 100 0.75 2 296 327 325 76 262 1168 555 28
15 70 5 1 100 0.75 2 297 327 323 68 263 1172 559 31
15 70 5 1 100 0.75 2 298 327 326 68 272 1173 560 34
15 70 5 1 100 0.75 2 299 327 327 68 284 1173 560 38
15 70 5 1 100 0.75 2 300 327 324 63 287 1176 563 39
15 70 5 1 100 0.75 2 301 327 326 69 296 1176 564 43
15 70 5 1 100 0.75 2 302 327 327 76 301 1176 564 46
15 70 5 1 100 0.75 2 303 327 327 62 312 1176 564 49
15 70 5 1 100 0.75 2 304 327 326 58 316 1177 565 51
15 70 5 1 100 0.75 2 305 327 327 71 319 1177 565 60
15 70 5 1 100 0.75 2 306 327 326 65 320 1178 566 66
15 70 5 1 100 0.75 2 307 327 327 81 321 1177 566 69
15 70 5 1 100 0.75 2 308 327 327 71 322 1176 566 75
15 70 5 1 100 0.75 2 309 327 322 70 318 1181 571 76
15 70 5 1 100 0.75 2 310 327 323 74 316 1184 575 82
15 70 5 1 100 0.75 2 311 327 324 85 313 1187 578 82
15 70 5 1 100 0.75 2 312 327 324 86 310 1190 581 80
15 70 5 1 100 0.75 2 313 327 324 74 308 1193 584 78
15 70 5 1 100 0.75 2 314 327 325 69 307 1194 586 76
15 70 5 1 100 0.75 2 315 327 322 65 302 1199 591 72
15 70 5 1 100 0.75 2 316 327 322 73 297 1204 596 67
15 70 5 1 100 0.75 2 317 327 322 60 295 1209 601 63
15 70 5 1 100 0.75 2 318 327 324 70 296 1212 604 60
15 70 5 1 100 0.75 2 319 327 327 68 298 1212 604 60
15 70 5 1 100 0.75 2 320 327 322 73 298 1217 609 56
15 70 5 1 100 0.75 2 321 327 320 69 292 1224 616 50
15 70 5 1 100 0.75 2 322 327 321 62 290 1230 622 44
15 70 5 1 100 0.75 2 323 327 324 66 292 1233 625 41
15 70 5 1 100 0.75 2 324 327 322 55 290 1238 630 39
15 70 5 1 100 0.75 2 325 327 321 58 288 1244 636 33
15 70 5 1 100 0.75 2 326 327 321 69 287 1250 642 31
15 70 5 1 100 0.75 2 327 327 321 56 283 1256 648 28
15 70 5 1 100 0.75 2 328 327 320 66 279 1263 655 23
15 70 5 1 100 0.75 2 329 327 322 64 281 1268 660 21
15 70 5 1 100 0.75 2 330 327 325 64 285 1270 662 21
15 70 5 1 100 0.75 2 330 327 325 325 285 1291 662 21
15 70 5 1 100 0.75 2 360 327 325 325 285 762 662 21
15 70 5 1 100 0.75 3 361 0 15 15 0 762 0 0
15 70 5 1 100 0.75 3 362 0 30 30 0 762 0 0
15 70 5 1 100 0.75 3 363 0 45 45 0 762 0 0
15 70 5 1 100 0.75 3 364 0 60 59 0 762 0 0
15 70 5 1 100 0.75 3 365 0 75 70 0 762 0 0
15 70 5 1 100 0.75 3 366 0 90 80 0 762 0 0
15 70 5 1 100 0.75 3 367 5 105 89 0 762 0 0
15 70 5 1 100 0.75 3 368 17 120 82 5 762 0 0
15 70 5 1 100 0.75 3 369 34 135 80 17 762 0 0
15 70 5 1 100 0.75 3 370 49 150 69 34 762 0 0
15 70 5 1 100 0.75 3 371 65 165 66 49 762 0 0
15 70 5 1 100 0.75 3 372 80 180 63 65 762 0 0
15 70 5 1 100 0.75 3 373 90 195 63 80 762 0 0
15 70 5 1 100 0.75 3 374 108 210 64 90 762 0 3
15 70 5 1 100 0.75 3 375 123 225 71 108 762 0 8
15 70 5 1 100 0.75 3 376 143 240 71 123 761 0 18
15 70 5 1 100 0.75 3 377 151 255 80 143 761 0 35
15 70 5 1 100 0.75 3 378 169 270 93 151 761 0 46
15 70 5 1 100 0.75 3 379 183 285 103 169 761 0 56
15 70 5 1 100 0.75 3 380 201 300 97 183 761 0 69
15 70 5 1 100 0.75 3 381 217 315 96 201 761 0 76
15 70 5 1 100 0.75 3 382 233 327 127 217 760 0 90
15 70 5 1 100 0.75 3 383 245 327 118 233 760 0 101
15 70 5 1 100 0.75 3 384 261 327 109 245 760 0 111
15 70 5 1 100 0.75 3 385 275 327 107 261 760 0 126
15 70 5 1 100 0.75 3 386 291 327 118 275 760 0 134
15 70 5 1 100 0.75 3 387 305 327 100 291 760 0 145
15 70 5 1 100 0.75 3 388 318 327 114 305 760 0 155
15 70 5 1 100 0.75 3 389 327 327 124 318 760 0 166
15 70 5 1 100 0.75 3 390 327 325 118 325 762 2 173
15 70 5 1 100 0.75 3 391 327 325 125 323 764 4 184
15 70 5 1 100 0.75 3 392 327 320 128 316 770 11 187
15 70 5 1 100 0.75 3 393 327 320 140 309 777 18 191
15 70 5 1 100 0.75 3 394 327 315 145 297 789 30 193
15 70 5 1 100 0.75 3 395 327 319 135 289 797 38 195
15 70 5 1 100 0.75 3 396 327 320 136 282 804 45 196
15 70 5 1 100 0.75 3 397 327 319 150 274 812 53 189
15 70 5 1 100 0.75 3 398 327 318 139 266 821 62 180
15 70 5 1 100 0.75 3 399 327 308 126 250 840 81 161
15 70 5 1 100 0.75 3 400 327 312 130 241 850 92 150
15 70 5 1 100 0.75 3 401 327 313 138 235 864 106 136
15 70 5 1 100 0.75 3 402 327 311 106 228 880 122 120
15 70 5 1 100 0.75 3 403 327 317 125 229 889 131 111
15 70 5 1 100 0.75 3 404 327 320 116 231 895 138 105
15 70 5 1 100 0.75 3 405 327 318 126 230 904 147 96
15 70 5 1 100 0.75 3 406 327 316 92 226 915 158 88
15 70 5 1 100 0.75 3 407 327 315 91 225 927 170 81
15 70 5 1 100 0.75 3 408 327 319 100 234 935 178 81
15 70 5 1 100 0.75 3 409 327 314 105 237 948 191 74
15 70 5 1 100 0.75 3 410 327 311 94 230 963 207 65
15 70 5 1 100 0.75 3 411 327 318 89 237 971 215 63
15 70 5 1 100 0.75 3 412 327 321 96 238 977 221 64
15 70 5 1 100 0.75 3 413 327 320 84 240 984 228 60
15 70 5 1 100 0.75 3 414 327 318 83 241 993 237 64
15 70 5 1 100 0.75 3 415 327 324 91 248 996 240 75
15 70 5 1 100 0.75 3 416 327 325 83 261 997 242 81
15 70 5 1 100 0.75 3 417 327 327 90 271 997 242 93
15 70 5 1 100 0.75 3 418 327 327 79 282 997 242 97
15 70 5 1 100 0.75 3 419 327 326 86 293 998 243 103
15 70 5 1 100 0.75 3 420 327 327 83 303 998 243 111
15 70 5 1 100 0.75 3 421 327 327 79 306 998 243 120
15 70 5 1 100 0.75 3 422 327 323 86 313 1001 247 125
15 70 5 1 100 0.75 3 423 327 324 97 314 1003 250 134
15 70 5 1 100 0.75 3 424 327 324 85 314 1006 253 140
15 70 5 1 100 0.75 3 425 327 321 103 310 1012 259 143
15 70 5 1 100 0.75 3 426 327 324 99 307 1015 262 147
15 70 5 1 100 0.75 3 427 327 321 114 302 1021 268 144
15 70 5 1 100 0.75 3 428 327 319 122 294 1029 276 142
15 70 5 1 100 0.75 3 429 327 321 105 288 1035 282 144
15 70 5 1 100 0.75 3 430 327 325 117 287 1037 284 143
15 70 5 1 100 0.75 3 431 327 318 111 283 1046 293 136
15 70 5 1 100 0.75 3 432 327 312 108 270 1060 308 122
15 70 5 1 100 0.75 3 433 327 318 91 267 1069 317 113
15 70 5 1 100 0.75 3 434 327 319 96 262 1077 325 105
15 70 5 1 100 0.75 3 435 327 319 86 260 1085 333 97
15 70 5 1 100 0.75 3 436 327 319 76 259 1093 341 89
15 70 5 1 100 0.75 3 437 327 317 101 254 1103 351 82
15 70 5 1 100 0.75 3 438 327 321 81 253 1109 357 79
15 70 5 1 100 0.75 3 439 327 318 101 247 1118 366 74
15 70 5 1 100 0.75 3 440 327 316 66 250 1129 377 65
15 70 5 1 100 0.75 3 441 327 317 78 253 1139 387 57
15 70 5 1 100 0.75 3 442 327 318 64 251 1147 396 52
15 70 5 1 100 0.75 3 443 327 318 77 250 1156 405 49
15 70 5 1 100 0.75 3 444 327 320 72 252 1163 412 46
15 70 5 1 100 0.75 3 445 327 324 75 256 1166 415 45
15 70 5 1 100 0.75 3 446 327 323 66 262 1170 419 52
15 70 5 1 100 0.75 3 447 327 324 78 264 1173 422 58
15 70 5 1 100 0.75 3 448 327 322 69 270 1178 427 59
15 70 5 1 100 0.75 3 449 327 324 60 281 1180 430 61
15 70 5 1 100 0.75 3 450 327 327 76 288 1180 430 70
15 70 5 1 100 0.75 3 451 327 327 74 299 1180 430 75
15 70 5 1 100 0.75 3 452 327 327 70 306 1180 430 82
15 70 5 1 100 0.75 3 453 327 326 73 310 1180 431 87
15 70 5 1 100 0.75 3 454 327 325 82 310 1182 433 93
15 70 5 1 100 0.75 3 455 327 326 69 313 1183 434 102
15 70 5 1 100 0.75 3 456 327 325 81 316 1185 436 108
15 70 5 1 100 0.75 3 457 327 323 70 315 1188 440 112
15 70 5 1 100 0.75 3 458 327 322 83 311 1193 445 113
15 70 5 1 100 0.75 3 459 327 323 88 308 1197 449 114
15 70 5 1 100 0.75 3 460 327 325 86 306 1199 451 113
15 70 5 1 100 0.75 3 461 327 317 60 296 1208 461 105
15 70 5 1 100 0.75 3 462 327 323 88 295 1212 465 108
15 70 5 1 100 0.75 3 463 327 320 66 288 1219 472 103
15 70 5 1 100 0.75 3 464 327 321 84 285 1225 478 99
15 70 5 1 100 0.75 3 465 327 322 81 281 1230 483 94
15 70 5 1 100 0.75 3 466 327 320 75 279 1236 490 87
15 70 5 1 100 0.75 3 467 327 320 68 276 1242 497 80
15 70 5 1 100 0.75 3 468 327 317 59 271 1252 507 71
15 70 5 1 100 0.75 3 469 327 323 78 271 1256 511 68
15 70 5 1 100 0.75 3 470 327 319 84 272 1262 519 62
15 70 5 1 100 0.75 3 471 327 322 61 271 1267 524 58
15 70 5 1 100 0.75 3 472 327 319 72 269 1275 532 52
15 70 5 1 100 0.75 3 473 327 319 68 265 1283 540 46
15 70 5 1 100 0.75 3 474 327 323 70 270 1287 544 46
15 70 5 1 100 0.75 3 475 327 319 54 270 1295 552 40
15 70 5 1 100 0.75 3 476 327 322 55 271 1299 557 39
15 70 5 1 100 0.75 3 477 327 324 71 275 1302 560 42
15 70 5 1 100 0.75 3 478 327 324 58 280 1304 563 41
15 70 5 1 100 0.75 3 479 327 321 58 281 1310 569 40
15 70 5 1 100 0.75 3 480 327 327 60 284 1309 569 43
15 70 5 1 100 0.75 3 481 327 323 52 288 1312 573 44
15 70 5 1 100 0.75 3 482 327 325 60 294 1313 575 48
15 70 5 1 100 0.75 3 483 327 326 61 297 1314 576 50
15 70 5 1 100 0.75 3 484 327 326 51 303 1315 577 55
15 70 5 1 100 0.75 3 485 327 327 53 309 1314 577 60
15 70 5 1 100 0.75 3 486 327 326 55 312 1315 578 62
15 70 5 1 100 0.75 3 487 327 326 70 315 1315 579 66
15 70 5 1 100 0.75 3 488 327 326 71 316 1316 580 72
15 70 5 1 100 0.75 3 489 327 326 69 316 1316 581 75
15 70 5 1 100 0.75 3 490 327 324 62 318 1318 584 73
15 70 5 1 100 0.75 3 491 327 322 68 313 1323 589 71
15 70 5 1 100 0.75 3 492 327 324 61 312 1326 592 70
15 70 5 1 100 0.75 3 493 327 323 65 308 1329 596 67
15 70 5 1 100 0.75 3 494 327 323 62 305 1333 600 67
15 70 5 1 100 0.75 3 495 327 324 67 302 1336 603 65
15 70 5 1 100 0.75 3 496 327 325 70 302 1338 605 65
15 70 5 1 100 0.75 3 497 327 325 68 300 1340 607 65
15 70 5 1 100 0.75 3 498 327 319 60 294 1348 615 57
15 70 5 1 100 0.75 3 499 327 321 60 293 1354 621 53
15 70 5 1 100 0.75 3 500 327 322 56 290 1359 626 48
15 70 5 1 100 0.75 3 501 327 324 64 291 1362 629 45
15 70 5 1 100 0.75 3 502 327 319 65 286 1370 637 38
15 70 5 1 100 0.75 3 503 327 324 60 288 1373 640 35
15 70 5 1 100 0.75 3 504 327 323 55 288 1377 644 32
15 70 5 1 100 0.75 3 505 327 323 61 284 1381 648 31
15 70 5 1 100 0.75 3 506 327 323 53 287 1384 652 29
15 70 5 1 100 0.75 3 507 327 323 54 291 1387 656 27
15 70 5 1 100 0.75 3 508 327 324 63 292 1390 659 26
15 70 5 1 100 0.75 3 509 327 324 71 294 1393 662 25
15 70 5 1 100 0.75 3 510 327 324 47 294 1396 665 26
15 70 5 1 100 0.75 3 510 327 324 324 294 1421 665 26
15 70 5 1 100 0.75 3 540 327 324 324 294 762 665 26
15 70 5 1 100 0.75 4 541 0 15 15 0 762 0 0
15 70 5 1 100 0.75 4 542 0 30 29 0 762 0 0
15 70 5 1 100 0.75 4 543 0 45 44 0 762 0 0
15 70 5 1 100 0.75 4 544 0 60 59 0 762 0 0
15 70 5 1 100 0.75 4 545 0 75 73 0 762 0 0
15 70 5 1 100 0.75 4 546 0 90 76 0 762 0 0
15 70 5 1 100 0.75 4 547 3 105 84 0 762 0 0
15 70 5 1 100 0.75 4 548 17 120 78 3 762 0 0
15 70 5 1 100 0.75 4 549 31 135 84 17 762 0 0
15 70 5 1 100 0.75 4 550 49 150 60 31 762 0 0
15 70 5 1 100 0.75 4 551 66 165 64 49 762 0 0
15 70 5 1 100 0.75 4 552 81 180 64 66 762 0 0
15 70 5 1 100 0.75 4 553 97 195 62 81 762 0 0
15 70 5 1 100 0.75 4 554 111 210 62 97 762 0 2
15 70 5 1 100 0.75 4 555 127 225 68 111 762 0 8
15 70 5 1 100 0.75 4 556 141 240 73 127 762 0 18
15 70 5 1 100 0.75 4 557 156 255 71 141 761 0 31
15 70 5 1 100 0.75 4 558 167 270 87 156 761 0 42
15 70 5 1 100 0.75 4 559 188 285 93 167 760 0 54
15 70 5 1 100 0.75 4 560 200 300 104 188 760 0 63
15 70 5 1 100 0.75 4 561 216 315 104 200 760 0 72
15 70 5 1 100 0.75 4 562 230 327 121 216 760 0 82
15 70 5 1 100 0.75 4 563 244 327 109 230 760 0 98
15 70 5 1 100 0.75 4 564 264 327 115 244 760 0 103
15 70 5 1 100 0.75 4 565 277 327 106 264 760 0 111
15 70 5 1 100 0.75 4 566 291 327 121 277 760 0 127
15 70 5 1 100 0.75 4 567 304 327 114 291 760 0 138
15 70 5 1 100 0.75 4 568 319 327 119 304 760 0 150
15 70 5 1 100 0.75 4 569 325 326 117 318 761 1 161
15 70 5 1 100 0.75 4 570 326 326 120 323 762 2 166
15 70 5 1 100 0.75 4 571 327 324 127 321 765 5 177
15 70 5 1 100 0.75 4 572 327 323 131 318 769 9 193
15 70 5 1 100 0.75 4 573 327 315 129 306 781 21 190
15 70 5 1 100 0.75 4 574 327 324 145 303 784 24 196
15 70 5 1 100 0.75 4 575 327 315 128 291 796 36 195
15 70 5 1 100 0.75 4 576 327 319 141 283 804 44 192
15 70 5 1 100 0.75 4 577 327 315 121 271 816 56 183
15 70 5 1 100 0.75 4 578 327 316 137 261 827 67 172
15 70 5 1 100 0.75 4 579 327 315 140 251 839 79 161
15 70 5 1 100 0.75 4 580 327 319 139 249 847 87 153
15 70 5 1 100 0.75 4 581 327 316 109 245 857 98 142
15 70 5 1 100 0.75 4 582 327 318 126 243 866 107 133
15 70 5 1 100 0.75 4 583 327 314 109 235 877 120 120
15 70 5 1 100 0.75 4 584 327 308 102 228 895 139 101
15 70 5 1 100 0.75 4 585 327 311 93 225 907 151 91
15 70 5 1 100 0.75 4 586 327 322 105 230 911 155 89
15 70 5 1 100 0.75 4 587 327 311 113 227 926 171 77
15 70 5 1 100 0.75 4 588 327 316 105 230 935 181 75
15 70 5 1 100 0.75 4 589 327 313 102 227 949 195 64
15 70 5 1 100 0.75 4 590 327 316 87 221 960 206 59
15 70 5 1 100 0.75 4 591 327 316 102 225 970 217 54
15 70 5 1 100 0.75 4 592 327 317 97 226 979 227 50
15 70 5 1 100 0.75 4 593 327 321 87 231 983 233 55
15 70 5 1 100 0.75 4 594 327 325 92 244 983 235 65
15 70 5 1 100 0.75 4 595 327 324 86 250 986 238 72
15 70 5 1 100 0.75 4 596 327 326 81 263 987 239 77
15 70 5 1 100 0.75 4 597 327 326 80 275 987 240 84
15 70 5 1 100 0.75 4 598 327 327 97 288 987 240 97
15 70 5 1 100 0.75 4 599 327 327 91 298 987 240 100
15 70 5 1 100 0.75 4 600 327 327 90 310 987 240 109
15 70 5 1 100 0.75 4 601 327 325 73 313 988 242 118
15 70 5 1 100 0.75 4 602 327 326 94 318 989 243 129
15 70 5 1 100 0.75 4 603 327 327 96 320 988 243 140
15 70 5 1 100 0.75 4 604 327 322 109 317 993 248 144
15 70 5 1 100 0.75 4 605 327 322 93 313 998 253 149
15 70 5 1 100 0.75 4 606 327 320 101 307 1005 260 150
15 70 5 1 100 0.75 4 607 327 323 106 303 1007 264 155
15 70 5 1 100 0.75 4 608 327 316 92 292 1018 275 147
15 70 5 1 100 0.75 4 609 327 323 111 290 1022 279 147
15 70 5 1 100 0.75 4 610 327 317 101 280 1032 289 138
15 70 5 1 100 0.75 4 611 327 319 109 273 1039 297 132
15 70 5 1 100 0.75 4 612 327 315 101 263 1050 309 121
15 70 5 1 100 0.75 4 613 327 319 86 259 1057 317 113
15 70 5 1 100 0.75 4 614 327 322 106 262 1062 322 108
15 70 5 1 100 0.75 4 615 327 322 91 262 1067 327 103
15 70 5 1 100 0.75 4 616 327 318 102 262 1075 336 96
15 70 5 1 100 0.75 4 617 327 318 74 259 1083 345 88
15 70 5 1 100 0.75 4 618 327 318 86 253 1092 354 80
15 70 5 1 100 0.75 4 619 327 322 83 259 1097 359 77
15 70 5 1 100 0.75 4 620 327 321 88 263 1103 365 76
15 70 5 1 100 0.75 4 621 327 311 76 258 1119 381 66
15 70 5 1 100 0.75 4 622 327 311 79 250 1134 396 55
15 70 5 1 100 0.75 4 623 327 319 71 248 1141 403 53
15 70 5 1 100 0.75 4 624 327 321 66 248 1147 409 50
15 70 5 1 100 0.75 4 625 327 320 67 255 1153 416 50
15 70 5 1 100 0.75 4 626 327 322 76 255 1158 421 52
15 70 5 1 100 0.75 4 627 327 322 70 257 1163 426 56
15 70 5 1 100 0.75 4 628 327 325 68 260 1165 428 59
15 70 5 1 100 0.75 4 629 327 327 74 271 1165 428 62
15 70 5 1 100 0.75 4 630 327 326 66 285 1166 429 66
15 70 5 1 100 0.75 4 631 327 327 56 297 1166 429 73
15 70 5 1 100 0.75 4 632 327 326 77 303 1166 430 81
15 70 5 1 100 0.75 4 633 327 327 66 307 1165 430 85
15 70 5 1 100 0.75 4 634 327 326 83 314 1166 431 89
15 70 5 1 100 0.75 4 635 327 324 60 316 1169 434 90
15 70 5 1 100 0.75 4 636 327 322 75 315 1173 439 96
15 70 5 1 100 0.75 4 637 327 327 75 316 1172 439 105
15 70 5 1 100 0.75 4 638 327 324 85 314 1175 442 113
15 70 5 1 100 0.75 4 639 327 323 76 310 1179 446 112
15 70 5 1 100 0.75 4 640 327 322 79 305 1183 451 113
15 70 5 1 100 0.75 4 641 327 318 74 297 1192 460 106
15 70 5 1 100 0.75 4 642 327 322 82 292 1197 465 105
15 70 5 1 100 0.75 4 643 327 323 83 290 1201 469 103
15 70 5 1 100 0.75 4 644 327 324 80 292 1204 472 100
15 70 5 1 100 0.75 4 645 327 319 87 286 1212 480 93
15 70 5 1 100 0.75 4 646 327 320 73 281 1219 487 86
15 70 5 1 100 0.75 4 647 327 320 70 278 1226 494 80
15 70 5 1 100 0.75 4 648 327 323 66 278 1230 498 76
15 70 5 1 100 0.75 4 649 327 323 78 277 1234 502 73
15 70 5 1 100 0.75 4 650 327 324 80 284 1237 505 74
15 70 5 1 100 0.75 4 651 327 318 73 280 1246 514 67
15 70 5 1 100 0.75 4 652 327 320 82 277 1253 521 62
15 70 5 1 100 0.75 4 653 327 318 64 273 1262 530 57
15 70 5 1 100 0.75 4 654 327 319 68 274 1270 538 51
15 70 5 1 100 0.75 4 655 327 322 67 276 1274 543 49
15 70 5 1 100 0.75 4 656 327 317 59 269 1282 553 46
15 70 5 1 100 0.75 4 657 327 317 53 264 1292 563 43
15 70 5 1 100 0.75 4 658 327 324 58 265 1295 566 43
15 70 5 1 100 0.75 4 659 327 324 64 266 1297 569 45
15 70 5 1 100 0.75 4 660 327 325 51 273 1296 571 45
15 70 5 1 100 0.75 4 661 327 326 64 279 1297 572 53
15 70 5 1 100 0.75 4 662 327 325 57 287 1299 574 55
15 70 5 1 100 0.75 4 663 327 327 62 295 1299 574 59
15 70 5 1 100 0.75 4 664 327 327 48 301 1299 574 61
15 70 5 1 100 0.75 4 665 327 325 46 309 1301 576 63
15 70 5 1 100 0.75 4 666 327 326 54 315 1302 577 67
15 70 5 1 100 0.75 4 667 327 324 49 316 1305 580 72
15 70 5 1 100 0.75 4 668 327 326 52 316 1306 581 78
15 70 5 1 100 0.75 4 669 327 326 56 317 1306 582 86
15 70 5 1 100 0.75 4 670 327 326 59 316 1307 583 88
15 70 5 1 100 0.75 4 671 327 323 62 314 1310 587 91
15 70 5 1 100 0.75 4 672 327 319 68 306 1318 595 89
15 70 5 1 100 0.75 4 673 327 324 59 303 1321 598 93
15 70 5 1 100 0.75 4 674 327 319 52 298 1329 606 86
15 70 5 1 100 0.75 4 675 327 324 62 296 1332 609 84
15 70 5 1 100 0.75 4 676 327 318 67 289 1341 618 76
15 70 5 1 100 0.75 4 677 327 325 67 288 1343 620 76
15 70 5 1 100 0.75 4 678 327 323 52 285 1347 624 72
15 70 5 1 100 0.75 4 679 327 323 58 286 1351 628 68
15 70 5 1 100 0.75 4 680 327 322 57 283 1356 633 64
15 70 5 1 100 0.75 4 681 327 323 59 285 1360 637 61
15 70 5 1 100 0.75 4 682 327 324 50 290 1363 640 59
15 70 5 1 100 0.75 4 683 327 325 53 293 1364 642 59
15 70 5 1 100 0.75 4 684 327 321 51 290 1370 648 54
15 70 5 1 100 0.75 4 685 327 324 56 294 1372 651 52
15 70 5 1 100 0.75 4 686 327 321 43 290 1378 657 48
15 70 5 1 100 0.75 4 687 327 315 49 284 1390 669 38
15 70 5 1 100 0.75 4 688 327 321 47 282 1395 675 34
15 70 5 1 100 0.75 4 689 327 322 62 281 1400 680 31
15 70 5 1 100 0.75 4 690 327 324 46 282 1403 683 31
15 70 5 1 100 0.75 4 690 327 324 324 282 1433 683 31
15 70 5 1 100 0.75 4 720 327 324 324 282 762 683 31
15 70 5 1 100 0.75 5 721 0 15 15 0 762 0 0
15 70 5 1 100 0.75 5 722 0 30 30 0 762 0 0
15 70 5 1 100 0.75 5 723 0 45 45 0 762 0 0
15 70 5 1 100 0.75 5 724 0 60 60 0 762 0 0
15 70 5 1 100 0.75 5 725 0 75 71 0 762 0 0
15 70 5 1 100 0.75 5 726 0 90 86 0 762 0 0
15 70 5 1 100 0.75 5 727 3 105 87 0 762 0 0
15 70 5 1 100 0.75 5 728 10 120 96 3 762 0 0
15 70 5 1 100 0.75 5 729 33 135 75 10 762 0 0
15 70 5 1 100 0.75 5 730 46 150 79 33 762 0 0
15 70 5 1 100 0.75 5 731 65 165 73 46 762 0 0
15 70 5 1 100 0.75 5 732 82 180 59 65 762 0 0
15 70 5 1 100 0.75 5 733 94 195 66 82 762 0 0
15 70 5 1 100 0.75 5 734 107 210 69 94 762 0 0
15 70 5 1 100 0.75 5 735 126 225 61 107 761 0 4
15 70 5 1 100 0.75 5 736 140 240 68 126 760 0 15
15 70 5 1 100 0.75 5 737 155 255 75 140 760 0 26
15 70 5 1 100 0.75 5 738 170 270 84 155 760 0 36
15 70 5 1 100 0.75 5 739 187 285 91 170 760 0 55
15 70 5 1 100 0.75 5 740 198 300 103 187 760 0 65
15 70 5 1 100 0.75 5 741 212 315 100 198 760 0 72
15 70 5 1 100 0.75 5 742 225 327 117 212 760 0 85
15 70 5 1 100 0.75 5 743 247 327 122 225 760 0 99
15 70 5 1 100 0.75 5 744 260 327 108 247 760 0 107
15 70 5 1 100 0.75 5 745 278 327 133 260 760 0 119
15 70 5 1 100 0.75 5 746 290 327 119 278 760 0 131
15 70 5 1 100 0.75 5 747 304 327 110 290 760 0 145
15 70 5 1 100 0.75 5 748 317 327 100 304 760 0 151
15 70 5 1 100 0.75 5 749 326 327 112 317 759 0 161
15 70 5 1 100 0.75 5 750 326 327 126 326 759 0 174
15 70 5 1 100 0.75 5 751 326 325 124 324 761 2 185
15 70 5 1 100 0.75 5 752 327 320 124 317 768 9 192
15 70 5 1 100 0.75 5 753 327 321 144 312 774 15 199
15 70 5 1 100 0.75 5 754 327 317 133 302 784 25 197
15 70 5 1 100 0.75 5 755 327 319 128 294 792 33 203
15 70 5 1 100 0.75 5 756 327 315 135 282 804 45 197
15 70 5 1 100 0.75 5 757 327 319 138 274 811 53 193
15 70 5 1 100 0.75 5 758 327 313 134 260 825 67 179
15 70 5 1 100 0.75 5 759 327 313 124 247 839 81 166
15 70 5 1 100 0.75 5 760 327 314 139 238 852 94 153
15 70 5 1 100 0.75 5 761 327 322 110 241 857 99 148
15 70 5 1 100 0.75 5 762 327 314 129 234 870 112 135
15 70 5 1 100 0.75 5 763 327 315 106 230 881 124 123
15 70 5 1 100 0.75 5 764 327 316 113 230 892 135 112
15 70 5 1 100 0.75 5 765 327 314 107 227 905 148 99
15 70 5 1 100 0.75 5 766 327 316 105 229 916 159 90
15 70 5 1 100 0.75 5 767 327 312 97 225 931 174 80
15 70 5 1 100 0.75 5 768 327 319 87 233 938 182 75
15 70 5 1 100 0.75 5 769 327 316 87 229 949 193 71
15 70 5 1 100 0.75 5 770 327 313 85 224 963 207 67
15 70 5 1 100 0.75 5 771 327 317 81 227 973 217 67
15 70 5 1 100 0.75 5 772 327 322 86 234 978 222 74
15 70 5 1 100 0.75 5 773 327 317 96 237 988 232 73
15 70 5 1 100 0.75 5 774 327 318 69 237 996 241 75
15 70 5 1 100 0.75 5 775 327 322 80 248 1001 246 76
15 70 5 1 100 0.75 5 776 327 327 80 257 1001 246 81
15 70 5 1 100 0.75 5 777 327 326 94 264 1001 247 90
15 70 5 1 100 0.75 5 778 327 327 86 280 1001 247 98
15 70 5 1 100 0.75 5 779 327 327 93 292 1001 247 111
15 70 5 1 100 0.75 5 780 327 327 90 299 1001 247 118
15 70 5 1 100 0.75 5 781 327 327 95 306 999 247 129
15 70 5 1 100 0.75 5 782 327 326 99 313 1000 248 133
15 70 5 1 100 0.75 5 783 327 325 75 322 1002 250 137
15 70 5 1 100 0.75 5 784 327 325 103 321 1004 252 145
15 70 5 1 100 0.75 5 785 327 322 106 317 1009 257 152
15 70 5 1 100 0.75 5 786 327 318 90 308 1018 266 146
15 70 5 1 100 0.75 5 787 327 321 90 302 1024 272 145
15 70 5 1 100 0.75 5 788 327 319 102 294 1032 280 141
15 70 5 1 100 0.75 5 789 327 319 105 286 1040 288 140
15 70 5 1 100 0.75 5 790 327 314 106 273 1051 301 130
15 70 5 1 100 0.75 5 791 327 318 103 265 1060 310 122
15 70 5 1 100 0.75 5 792 327 321 113 262 1065 316 116
15 70 5 1 100 0.75 5 793 327 316 95 256 1076 327 105
15 70 5 1 100 0.75 5 794 327 317 90 253 1085 337 95
15 70 5 1 100 0.75 5 795 327 322 98 254 1090 342 90
15 70 5 1 100 0.75 5 796 327 313 80 246 1104 356 76
15 70 5 1 100 0.75 5 797 327 317 78 243 1114 366 67
15 70 5 1 100 0.75 5 798 327 322 90 251 1119 371 62
15 70 5 1 100 0.75 5 799 327 318 69 252 1128 380 58
15 70 5 1 100 0.75 5 800 327 317 79 249 1138 390 52
15 70 5 1 100 0.75 5 801 327 320 66 252 1145 397 48
15 70 5 1 100 0.75 5 802 327 323 66 259 1149 401 49
15 70 5 1 100 0.75 5 803 327 321 61 260 1155 407 49
15 70 5 1 100 0.75 5 804 327 323 84 264 1159 411 52
15 70 5 1 100 0.75 5 805 327 320 77 268 1165 418 54
15 70 5 1 100 0.75 5 806 327 322 72 274 1170 423 60
15 70 5 1 100 0.75 5 807 327 326 77 279 1171 424 66
15 70 5 1 100 0.75 5 808 327 323 72 287 1175 428 71
15 70 5 1 100 0.75 5 809 327 325 83 292 1177 430 75
15 70 5 1 100 0.75 5 810 327 325 73 293 1179 432 77
15 70 5 1 100 0.75 5 811 327 327 67 299 1179 432 86
15 70 5 1 100 0.75 5 812 327 326 75 302 1180 433 90
15 70 5 1 100 0.75 5 813 327 327 68 305 1180 433 99
15 70 5 1 100 0.75 5 814 327 324 80 311 1182 436 103
15 70 5 1 100 0.75 5 815 327 325 78 312 1184 438 108
15 70 5 1 100 0.75 5 816 327 326 67 312 1184 439 112
15 70 5 1 100 0.75 5 817 327 325 74 314 1186 441 113
15 70 5 1 100 0.75 5 818 327 325 76 314 1188 443 113
15 70 5 1 100 0.75 5 819 327 321 82 310 1194 449 110
15 70 5 1 100 0.75 5 820 327 321 64 304 1199 455 106
15 70 5 1 100 0.75 5 821 327 322 83 300 1204 460 105
15 70 5 1 100 0.75 5 822 327 324 78 300 1207 463 104
15 70 5 1 100 0.75 5 823 327 315 67 289 1219 475 92
15 70 5 1 100 0.75 5 824 327 317 78 281 1228 485 84
15 70 5 1 100 0.75 5 825 327 317 65 272 1238 495 77
15 70 5 1 100 0.75 5 826 327 316 54 263 1249 506 66
15 70 5 1 100 0.75 5 827 327 323 64 265 1252 510 63
15 70 5 1 100 0.75 5 828 327 320 76 263 1259 517 57
15 70 5 1 100 0.75 5 829 327 325 67 264 1261 519 58
15 70 5 1 100 0.75 5 830 327 317 66 258 1271 529 48
15 70 5 1 100 0.75 5 831 327 320 54 261 1278 536 44
15 70 5 1 100 0.75 5 832 327 322 67 263 1283 541 40
15 70 5 1 100 0.75 5 833 327 322 62 268 1288 546 39
15 70 5 1 100 0.75 5 834 327 321 57 278 1294 552 37
15 70 5 1 100 0.75 5 835 327 325 59 282 1296 554 37
15 70 5 1 100 0.75 5 836 327 327 53 287 1296 554 38
15 70 5 1 100 0.75 5 837 327 324 53 288 1299 557 43
15 70 5 1 100 0.75 5 838 327 324 59 292 1302 560 45
15 70 5 1 100 0.75 5 839 327 322 61 295 1307 565 43
15 70 5 1 100 0.75 5 840 327 324 64 299 1310 568 53
15 70 5 1 100 0.75 5 841 327 325 59 302 1312 570 57
15 70 5 1 100 0.75 5 842 327 325 61 305 1314 572 58
15 70 5 1 100 0.75 5 843 327 327 61 308 1314 572 63
15 70 5 1 100 0.75 5 844 327 326 62 308 1315 573 67
15 70 5 1 100 0.75 5 845 327 326 61 307 1316 574 68
15 70 5 1 100 0.75 5 846 327 324 68 309 1319 577 71
15 70 5 1 100 0.75 5 847 327 326 63 313 1320 578 74
15 70 5 1 100 0.75 5 848 327 327 58 315 1319 578 79
15 70 5 1 100 0.75 5 849 327 326 56 317 1320 579 79
15 70 5 1 100 0.75 5 850 327 323 52 315 1324 583 78
15 70 5 1 100 0.75 5 851 327 325 71 314 1326 585 77
15 70 5 1 100 0.75 5 852 327 323 61 311 1329 589 76
15 70 5 1 100 0.75 5 853 327 325 67 309 1331 591 75
15 70 5 1 100 0.75 5 854 327 324 70 308 1333 594 77
15 70 5 1 100 0.75 5 855 327 319 66 303 1340 602 70
15 70 5 1 100 0.75 5 856 327 323 50 299 1344 606 67
15 70 5 1 100 0.75 5 857 327 319 60 291 1352 614 61
15 70 5 1 100 0.75 5 858 327 322 65 287 1356 619 56
15 70 5 1 100 0.75 5 859 327 319 64 284 1364 627 49
15 70 5 1 100 0.75 5 860 327 322 67 283 1369 632 45
15 70 5 1 100 0.75 5 861 327 323 59 282 1373 636 43
15 70 5 1 100 0.75 5 862 327 323 69 279 1377 640 40
15 70 5 1 100 0.75 5 863 327 320 56 277 1383 647 33
15 70 5 1 100 0.75 5 864 327 325 51 282 1385 649 31
15 70 5 1 100 0.75 5 865 327 322 61 285 1390 654 27
15 70 5 1 100 0.75 5 866 327 325 61 290 1392 656 30
15 70 5 1 100 0.75 5 867 327 323 61 291 1396 660 30
15 70 5 1 100 0.75 5 868 327 325 57 294 1398 662 29
15 70 5 1 100 0.75 5 869 327 326 62 300 1399 663 30
15 70 5 1 100 0.75 5 870 327 324 49 300 1401 666 34
15 70 5 1 100 0.75 5 870 327 324 324 300 1435 666 34
15 70 5 1 100 0.75 5 900 327 324 324 300 762 666 34
15 70 5 1 100 0.75 6 901 0 15 15 0 762 0 0
15 70 5 1 100 0.75 6 902 0 30 30 0 762 0 0
15 70 5 1 100 0.75 6 903 0 45 45 0 762 0 0
15 70 5 1 100 0.75 6 904 0 60 60 0 762 0 0
15 70 5 1 100 0.75 6 905 0 75 74 0 762 0 0
15 70 5 1 100 0.75 6 906 0 90 82 0 762 0 0
15 70 5 1 100 0.75 6 907 3 105 89 0 762 0 0
15 70 5 1 100 0.75 6 908 15 120 83 3 762 0 0
15 70 5 1 100 0.75 6 909 28 135 93 15 762 0 0
15 70 5 1 100 0.75 6 910 44 150 74 28 762 0 0
15 70 5 1 100 0.75 6 911 63 165 72 44 762 0 0
15 70 5 1 100 0.75 6 912 81 180 56 63 762 0 0
15 70 5 1 100 0.75 6 913 97 195 63 81 762 0 0
15 70 5 1 100 0.75 6 914 113 210 61 97 762 0 1
15 70 5 1 100 0.75 6 915 124 225 52 113 762 0 8
15 70 5 1 100 0.75 6 916 142 240 71 124 762 0 18
15 70 5 1 100 0.75 6 917 152 255 78 142 762 0 32
15 70 5 1 100 0.75 6 918 169 270 82 152 762 0 45
15 70 5 1 100 0.75 6 919 185 285 87 169 762 0 55
15 70 5 1 100 0.75 6 920 200 300 108 185 761 0 69
15 70 5 1 100 0.75 6 921 216 315 119 200 761 0 85
15 70 5 1 100 0.75 6 922 234 327 108 216 761 0 93
15 70 5 1 100 0.75 6 923 243 327 127 234 761 0 104
15 70 5 1 100 0.75 6 924 260 327 116 243 761 0 110
15 70 5 1 100 0.75 6 925 279 327 119 260 761 0 121
15 70 5 1 100 0.75 6 926 290 327 114 279 761 0 131
15 70 5 1 100 0.75 6 927 307 327 119 290 760 0 145
15 70 5 1 100 0.75 6 928 319 327 124 307 759 0 154
15 70 5 1 100 0.75 6 929 326 327 115 319 759 0 168
15 70 5 1 100 0.75 6 930 327 326 118 325 760 1 174
15 70 5 1 100 0.75 6 931 327 326 114 325 761 2 182
15 70 5 1 100 0.75 6 932 327 322 127 320 766 7 188
15 70 5 1 100 0.75 6 933 327 323 149 316 770 11 201
15 70 5 1 100 0.75 6 934 327 318 138 307 779 20 201
15 70 5 1 100 0.75 6 935 327 315 130 295 791 32 201
15 70 5 1 100 0.75 6 936 327 315 128 283 803 44 196
15 70 5 1 100 0.75 6 937 327 310 127 266 820 61 181
15 70 5 1 100 0.75 6 938 327 309 128 251 836 77 165
15 70 5 1 100 0.75 6 939 327 314 125 241 846 87 155
15 70 5 1 100 0.75 6 940 327 321 124 239 852 93 149
15 70 5 1 100 0.75 6 941 327 311 115 229 867 109 133
15 70 5 1 100 0.75 6 942 327 316 123 222 877 119 123
15 70 5 1 100 0.75 6 943 327 316 113 221 887 130 112
15 70 5 1 100 0.75 6 944 327 319 106 225 895 138 104
15 70 5 1 100 0.75 6 945 327 318 104 230 904 147 95
15 70 5 1 100 0.75 6 946 327 318 87 238 913 156 86
15 70 5 1 100 0.75 6 947 327 317 84 241 923 166 79
15 70 5 1 100 0.75 6 948 327 312 89 237 938 181 66
15 70 5 1 100 0.75 6 949 327 315 81 234 950 193 62
15 70 5 1 100 0.75 6 950 327 317 91 237 960 203 61
15 70 5 1 100 0.75 6 951 327 321 94 238 966 209 64
15 70 5 1 100 0.75 6 952 327 311 98 234 982 225 64
15 70 5 1 100 0.75 6 953 327 320 87 235 988 231 69
15 70 5 1 100 0.75 6 954 327 324 90 245 991 234 73
15 70 5 1 100 0.75 6 955 327 321 95 246 997 240 76
15 70 5 1 100 0.75 6 956 327 325 87 256 998 242 79
15 70 5 1 100 0.75 6 957 327 327 99 270 998 242 86
15 70 5 1 100 0.75 6 958 327 327 84 281 998 242 92
15 70 5 1 100 0.75 6 959 327 327 86 290 998 242 102
15 70 5 1 100 0.75 6 960 327 327 100 301 998 242 107
15 70 5 1 100 0.75 6 961 327 327 95 314 998 242 117
15 70 5 1 100 0.75 6 962 327 327 88 317 997 242 121
15 70 5 1 100 0.75 6 963 327 326 98 321 998 243 133
15 70 5 1 100 0.75 6 964 327 324 84 323 1001 246 140
15 70 5 1 100 0.75 6 965 327 325 92 321 1002 248 144
15 70 5 1 100 0.75 6 966 327 319 93 313 1010 256 146
15 70 5 1 100 0.75 6 967 327 322 108 308 1015 261 148
15 70 5 1 100 0.75 6 968 327 314 95 295 1028 274 142
15 70 5 1 100 0.75 6 969 327 319 95 287 1036 282 135
15 70 5 1 100 0.75 6 970 327 322 104 282 1041 287 136
15 70 5 1 100 0.75 6 971 327 317 95 272 1051 297 126
15 70 5 1 100 0.75 6 972 327 317 103 266 1061 307 116
15 70 5 1 100 0.75 6 973 327 315 89 255 1073 319 104
15 70 5 1 100 0.75 6 974 327 323 95 255 1077 323 100
15 70 5 1 100 0.75 6 975 327 320 83 256 1084 330 93
15 70 5 1 100 0.75 6 976 327 317 82 255 1092 340 83
15 70 5 1 100 0.75 6 977 327 321 77 258 1098 346 77
15 70 5 1 100 0.75 6 978 327 316 68 254 1108 357 68
15 70 5 1 100 0.75 6 979 327 321 82 257 1114 363 62
15 70 5 1 100 0.75 6 980 327 317 59 254 1122 373 53
15 70 5 1 100 0.75 6 981 327 319 74 256 1130 381 52
15 70 5 1 100 0.75 6 982 327 319 64 259 1138 389 50
15 70 5 1 100 0.75 6 983 327 317 75 257 1148 399 47
15 70 5 1 100 0.75 6 984 327 323 79 257 1151 403 47
15 70 5 1 100 0.75 6 985 327 318 66 258 1160 412 46
15 70 5 1 100 0.75 6 986 327 321 71 261 1166 418 48
15 70 5 1 100 0.75 6 987 327 327 76 269 1166 418 57
15 70 5 1 100 0.75 6 988 327 326 67 278 1166 419 66
15 70 5 1 100 0.75 6 989 327 325 82 280 1166 421 70
15 70 5 1 100 0.75 6 990 327 325 70 288 1168 423 72
15 70 5 1 100 0.75 6 991 327 327 66 297 1168 423 72
15 70 5 1 100 0.75 6 992 327 327 71 303 1168 423 81
15 70 5 1 100 0.75 6 993 327 327 66 313 1168 423 89
15 70 5 1 100 0.75 6 994 327 327 74 320 1167 423 96
15 70 5 1 100 0.75 6 995 327 326 72 321 1168 424 101
15 70 5 1 100 0.75 6 996 327 324 75 318 1171 427 106
15 70 5 1 100 0.75 6 997 327 325 72 318 1173 429 108
15 70 5 1 100 0.75 6 998 327 325 84 319 1174 431 111
15 70 5 1 100 0.75 6 999 327 325 70 317 1173 433 114
15 70 5 1 100 0.75 6 1000 327 325 80 315 1175 435 121
15 70 5 1 100 0.75 6 1001 327 319 73 307 1182 443 117
15 70 5 1 100 0.75 6 1002 327 317 74 297 1192 453 108
15 70 5 1 100 0.75 6 1003 327 315 77 285 1203 465 96
15 70 5 1 100 0.75 6 1004 327 314 77 275 1216 478 85
15 70 5 1 100 0.75 6 1005 327 322 77 272 1221 483 81
15 70 5 1 100 0.75 6 1006 327 325 70 272 1222 485 79
15 70 5 1 100 0.75 6 1007 327 320 69 267 1229 492 72
15 70 5 1 100 0.75 6 1008 327 320 73 262 1235 499 65
15 70 5 1 100 0.75 6 1009 327 324 73 261 1238 502 62
15 70 5 1 100 0.75 6 1010 327 319 66 265 1246 510 56
15 70 5 1 100 0.75 6 1011 327 320 65 267 1253 517 51
15 70 5 1 100 0.75 6 1012 327 319 60 273 1261 525 44
15 70 5 1 100 0.75 6 1013 327 322 67 277 1266 530 40
15 70 5 1 100 0.75 6 1014 327 320 60 275 1273 537 35
15 70 5 1 100 0.75 6 1015 327 324 54 275 1276 540 34
15 70 5 1 100 0.75 6 1016 327 317 58 272 1286 550 27
15 70 5 1 100 0.75 6 1017 327 324 59 274 1288 553 31
15 70 5 1 100 0.75 6 1018 327 324 58 276 1291 556 39
15 70 5 1 100 0.75 6 1019 327 325 63 281 1293 558 46
15 70 5 1 100 0.75 6 1020 327 324 65 287 1296 561 46
15 70 5 1 100 0.75 6 1021 327 325 69 291 1297 563 48
15 70 5 1 100 0.75 6 1022 327 327 66 300 1296 563 52
15 70 5 1 100 0.75 6 1023 327 326 62 300 1297 564 56
15 70 5 1 100 0.75 6 1024 327 327 62 308 1296 564 61
15 70 5 1 100 0.75 6 1025 327 327 61 314 1296 564 65
15 70 5 1 100 0.75 6 1026 327 327 60 317 1296 564 74
15 70 5 1 100 0.75 6 1027 327 326 55 318 1297 565 79
15 70 5 1 100 0.75 6 1028 327 326 60 322 1298 566 82
15 70 5 1 100 0.75 6 1029 327 324 60 320 1301 569 84
15 70 5 1 100 0.75 6 1030 327 327 63 321 1301 569 85
15 70 5 1 100 0.75 6 1031 327 325 70 319 1303 571 91
15 70 5 1 100 0.75 6 1032 327 322 67 315 1308 576 90
15 70 5 1 100 0.75 6 1033 327 323 63 311 1312 580 86
15 70 5 1 100 0.75 6 1034 327 325 68 309 1313 582 87
15 70 5 1 100 0.75 6 1035 327 322 81 304 1318 587 85
15 70 5 1 100 0.75 6 1036 327 318 63 297 1327 596 76
15 70 5 1 100 0.75 6 1037 327 323 74 295 1331 600 73
15 70 5 1 100 0.75 6 1038 327 321 58 290 1337 606 68
15 70 5 1 100 0.75 6 1039 327 321 67 285 1343 612 62
15 70 5 1 100 0.75 6 1040 327 325 61 287 1345 614 60
15 70 5 1 100 0.75 6 1041 327 320 57 284 1351 621 53
15 70 5 1 100 0.75 6 1042 327 321 64 281 1355 627 48
15 70 5 1 100 0.75 6 1043 327 321 57 278 1360 633 43
15 70 5 1 100 0.75 6 1044 327 323 50 282 1363 637 40
15 70 5 1 100 0.75 6 1045 327 325 52 285 1365 639 39
15 70 5 1 100 0.75 6 1046 327 319 53 281 1373 647 33
15 70 5 1 100 0.75 6 1047 327 318 53 280 1382 656 29
15 70 5 1 100 0.75 6 1048 327 322 55 279 1387 661 27
15 70 5 1 100 0.75 6 1049 327 325 57 281 1389 663 26
15 70 5 1 100 0.75 6 1050 327 323 53 283 1392 667 27
15 70 5 1 100 0.75 6 1050 327 323 323 283 1419 667 27
15 70 5 1 100 0.75 6 1080 327 323 323 283 762 667 27
15 70 5 1 100 0.75 7 1081 0 15 15 0 762 0 0
15 70 5 1 100 0.75 7 1082 0 30 30 0 762 0 0
15 70 5 1 100 0.75 7 1083 0 45 45 0 762 0 0
15 70 5 1 100 0.75 7 1084 0 60 58 0 762 0 0
15 70 5 1 100 0.75 7 1085 0 75 72 0 762 0 0
15 70 5 1 100 0.75 7 1086 0 90 84 0 762 0 0
15 70 5 1 100 0.75 7 1087 4 105 89 0 762 0 0
15 70 5 1 100 0.75 7 1088 13 120 89 4 762 0 0
15 70 5 1 100 0.75 7 1089 30 135 81 13 762 0 0
15 70 5 1 100 0.75 7 1090 46 150 73 30 762 0 0
15 70 5 1 100 0.75 7 1091 67 165 60 46 762 0 0
15 70 5 1 100 0.75 7 1092 82 180 65 67 762 0 0
15 70 5 1 100 0.75 7 1093 97 195 60 82 762 0 0
15 70 5 1 100 0.75 7 1094 109 210 64 97 761 0 2
15 70 5 1 100 0.75 7 1095 122 225 58 109 761 0 6
15 70 5 1 100 0.75 7 1096 141 240 65 122 761 0 15
15 70 5 1 100 0.75 7 1097 155 255 76 141 761 0 30
15 70 5 1 100 0.75 7 1098 173 270 82 155 761 0 46
15 70 5 1 100 0.75 7 1099 187 285 92 173 761 0 61
15 70 5 1 100 0.75 7 1100 201 300 99 187 761 0 77
15 70 5 1 100 0.75 7 1101 213 315 101 201 761 0 87
15 70 5 1 100 0.75 7 1102 231 327 113 213 761 0 99
15 70 5 1 100 0.75 7 1103 243 327 110 231 761 0 113
15 70 5 1 100 0.75 7 1104 260 327 120 243 760 0 119
15 70 5 1 100 0.75 7 1105 277 327 104 260 760 0 137
15 70 5 1 100 0.75 7 1106 291 327 117 277 760 0 145
15 70 5 1 100 0.75 7 1107 303 327 117 291 760 0 157
15 70 5 1 100 0.75 7 1108 320 327 107 303 760 0 167
15 70 5 1 100 0.75 7 1109 327 326 115 319 761 1 177
15 70 5 1 100 0.75 7 1110 327 326 112 325 762 2 187
15 70 5 1 100 0.75 7 1111 327 324 123 322 765 5 195
15 70 5 1 100 0.75 7 1112 327 326 130 321 766 6 211
15 70 5 1 100 0.75 7 1113 327 319 133 313 774 14 210
15 70 5 1 100 0.75 7 1114 327 319 121 305 782 22 208
15 70 5 1 100 0.75 7 1115 327 317 135 295 792 32 208
15 70 5 1 100 0.75 7 1116 327 307 132 275 811 52 201
15 70 5 1 100 0.75 7 1117 327 307 121 261 825 67 187
15 70 5 1 100 0.75 7 1118 327 313 142 252 834 76 178
15 70 5 1 100 0.75 7 1119 327 317 131 245 844 86 168
15 70 5 1 100 0.75 7 1120 327 312 127 232 859 101 153
15 70 5 1 100 0.75 7 1121 327 318 132 229 868 110 144
15 70 5 1 100 0.75 7 1122 327 316 122 224 879 121 133
15 70 5 1 100 0.75 7 1123 327 318 122 223 887 130 124
15 70 5 1 100 0.75 7 1124 327 307 93 217 907 150 105
15 70 5 1 100 0.75 7 1125 327 305 98 214 924 167 89
15 70 5 1 100 0.75 7 1126 327 314 94 220 930 173 86
15 70 5 1 100 0.75 7 1127 327 318 100 227 939 182 77
15 70 5 1 100 0.75 7 1128 327 313 82 223 953 196 71
15 70 5 1 100 0.75 7 1129 327 317 91 226 963 206 64
15 70 5 1 100 0.75 7 1130 327 321 87 231 967 212 67
15 70 5 1 100 0.75 7 1131 327 309 89 223 985 230 53
15 70 5 1 100 0.75 7 1132 327 313 82 219 996 241 55
15 70 5 1 100 0.75 7 1133 327 323 77 232 1000 245 59
15 70 5 1 100 0.75 7 1134 327 322 92 243 1005 250 68
15 70 5 1 100 0.75 7 1135 327 325 84 256 1006 252 73
15 70 5 1 100 0.75 7 1136 327 325 94 260 1008 254 81
15 70 5 1 100 0.75 7 1137 327 327 85 273 1008 254 91
15 70 5 1 100 0.75 7 1138 327 327 91 282 1008 254 98
15 70 5 1 100 0.75 7 1139 327 327 82 293 1008 254 108
15 70 5 1 100 0.75 7 1140 327 327 74 305 1008 254 115
15 70 5 1 100 0.75 7 1141 327 327 86 317 1008 254 128
15 70 5 1 100 0.75 7 1142 327 326 92 319 1009 255 136
15 70 5 1 100 0.75 7 1143 327 322 96 318 1014 260 137
15 70 5 1 100 0.75 7 1144 327 325 91 319 1015 262 143
15 70 5 1 100 0.75 7 1145 327 326 86 318 1016 263 150
15 70 5 1 100 0.75 7 1146 327 320 89 311 1023 270 152
15 70 5 1 100 0.75 7 1147 327 320 99 304 1030 277 151
15 70 5 1 100 0.75 7 1148 327 323 103 300 1034 281 152
15 70 5 1 100 0.75 7 1149 327 318 103 291 1043 290 146
15 70 5 1 100 0.75 7 1150 327 319 93 284 1051 298 140
15 70 5 1 100 0.75 7 1151 327 324 98 283 1053 301 139
15 70 5 1 100 0.75 7 1152 327 310 88 271 1070 318 122
15 70 5 1 100 0.75 7 1153 327 314 107 260 1080 329 111
15 70 5 1 100 0.75 7 1154 327 313 92 253 1094 343 97
15 70 5 1 100 0.75 7 1155 327 320 98 253 1101 350 90
15 70 5 1 100 0.75 7 1156 327 316 72 243 1112 361 80
15 70 5 1 100 0.75 7 1157 327 318 77 242 1121 370 71
15 70 5 1 100 0.75 7 1158 327 318 78 245 1130 379 65
15 70 5 1 100 0.75 7 1159 327 323 72 244 1134 383 65
15 70 5 1 100 0.75 7 1160 327 316 76 240 1145 394 58
15 70 5 1 100 0.75 7 1161 327 321 75 249 1150 400 56
15 70 5 1 100 0.75 7 1162 327 318 78 252 1157 409 51
15 70 5 1 100 0.75 7 1163 327 321 70 259 1162 415 47
15 70 5 1 100 0.75 7 1164 327 320 65 261 1169 422 45
15 70 5 1 100 0.75 7 1165 327 322 59 264 1173 427 48
15 70 5 1 100 0.75 7 1166 327 322 59 272 1178 432 45
15 70 5 1 100 0.75 7 1167 327 323 66 272 1182 436 50
15 70 5 1 100 0.75 7 1168 327 326 63 278 1182 437 59
15 70 5 1 100 0.75 7 1169 327 325 75 286 1184 439 68
15 70 5 1 100 0.75 7 1170 327 326 66 292 1185 440 75
15 70 5 1 100 0.75 7 1171 327 327 77 297 1185 440 83
15 70 5 1 100 0.75 7 1172 327 327 75 306 1185 440 89
15 70 5 1 100 0.75 7 1173 327 327 73 312 1185 440 94
15 70 5 1 100 0.75 7 1174 327 324 67 316 1188 443 97
15 70 5 1 100 0.75 7 1175 327 326 72 318 1189 444 103
15 70 5 1 100 0.75 7 1176 327 325 73 317 1191 446 106
15 70 5 1 100 0.75 7 1177 327 322 69 315 1196 451 108
15 70 5 1 100 0.75 7 1178 327 324 75 312 1199 454 111
15 70 5 1 100 0.75 7 1179 327 321 69 307 1205 460 109
15 70 5 1 100 0.75 7 1180 327 325 70 305 1207 462 112
15 70 5 1 100 0.75 7 1181 327 321 83 299 1213 468 110
15 70 5 1 100 0.75 7 1182 327 326 80 300 1213 469 109
15 70 5 1 100 0.75 7 1183 327 317 77 291 1223 479 103
15 70 5 1 100 0.75 7 1184 327 323 74 289 1227 483 99
15 70 5 1 100 0.75 7 1185 327 316 81 282 1238 494 88
15 70 5 1 100 0.75 7 1186 327 313 59 270 1252 508 74
15 70 5 1 100 0.75 7 1187 327 318 70 267 1261 517 65
15 70 5 1 100 0.75 7 1188 327 324 66 267 1264 520 63
15 70 5 1 100 0.75 7 1189 327 322 71 267 1269 525 60
15 70 5 1 100 0.75 7 1190 327 322 58 266 1273 530 56
15 70 5 1 100 0.75 7 1191 327 320 72 263 1280 537 51
15 70 5 1 100 0.75 7 1192 327 318 60 263 1289 546 43
15 70 5 1 100 0.75 7 1193 327 322 65 265 1294 551 40
15 70 5 1 100 0.75 7 1194 327 323 57 270 1298 555 40
15 70 5 1 100 0.75 7 1195 327 319 62 277 1306 563 35
15 70 5 1 100 0.75 7 1196 327 321 57 275 1312 569 31
15 70 5 1 100 0.75 7 1197 327 326 62 280 1313 570 33
15 70 5 1 100 0.75 7 1198 327 322 56 282 1318 575 32
15 70 5 1 100 0.75 7 1199 327 324 64 283 1321 578 37
15 70 5 1 100 0.75 7 1200 327 325 58 287 1323 580 42
15 70 5 1 100 0.75 7 1201 327 325 54 292 1324 582 47
15 70 5 1 100 0.75 7 1202 327 327 44 299 1324 582 53
15 70 5 1 100 0.75 7 1203 327 327 60 303 1323 582 58
15 70 5 1 100 0.75 7 1204 327 326 55 308 1324 583 62
15 70 5 1 100 0.75 7 1205 327 326 58 313 1324 584 66
15 70 5 1 100 0.75 7 1206 327 324 55 311 1327 587 64
15 70 5 1 100 0.75 7 1207 327 327 54 316 1326 587 70
15 70 5 1 100 0.75 7 1208 327 325 63 318 1328 589 75
15 70 5 1 100 0.75 7 1209 327 326 57 318 1329 590 79
15 70 5 1 100 0.75 7 1210 327 325 66 317 1331 592 80
15 70 5 1 100 0.75 7 1211 327 324 63 314 1334 595 84
15 70 5 1 100 0.75 7 1212 327 325 59 312 1336 597 85
15 70 5 1 100 0.75 7 1213 327 323 57 308 1340 601 82
15 70 5 1 100 0.75 7 1214 327 322 59 307 1345 606 83
15 70 5 1 100 0.75 7 1215 327 324 64 305 1347 609 82
15 70 5 1 100 0.75 7 1216 327 323 65 302 1351 613 79
15 70 5 1 100 0.75 7 1217 327 322 63 299 1355 618 74
15 70 5 1 100 0.75 7 1218 327 323 49 296 1359 622 70
15 70 5 1 100 0.75 7 1219 327 318 57 290 1367 631 61
15 70 5 1 100 0.75 7 1220 327 323 56 289 1371 635 60
15 70 5 1 100 0.75 7 1221 327 320 58 283 1376 642 53
15 70 5 1 100 0.75 7 1222 327 322 49 285 1381 647 49
15 70 5 1 100 0.75 7 1223 327 321 59 282 1386 653 43
15 70 5 1 100 0.75 7 1224 327 322 53 278 1391 658 40
15 70 5 1 100 0.75 7 1225 327 326 63 282 1392 659 40
15 70 5 1 100 0.75 7 1226 327 323 47 285 1396 663 38
15 70 5 1 100 0.75 7 1227 327 324 65 285 1399 666 38
15 70 5 1 100 0.75 7 1228 327 321 49 288 1405 672 33
15 70 5 1 100 0.75 7 1229 327 321 60 287 1410 678 33
15 70 5 1 100 0.75 7 1230 327 320 46 286 1417 685 29
15 70 5 1 100 0.75 7 1230 327 320 320 286 1446 685 29
15 70 5 1 100 0.75 7 1260 327 320 320 286 762 685 29
15 70 5 1 100 0.75 8 1261 0 15 15 0 762 0 0
15 70 5 1 100 0.75 8 1262 0 30 30 0 762 0 0
15 70 5 1 100 0.75 8 1263 0 45 45 0 762 0 0
15 70 5 1 100 0.75 8 1264 0 60 59 0 762 0 0
15 70 5 1 100 0.75 8 1265 0 75 74 0 762 0 0
15 70 5 1 100 0.75 8 1266 0 90 87 0 762 0 0
15 70 5 1 100 0.75 8 1267 3 105 93 0 762 0 0
15 70 5 1 100 0.75 8 1268 14 120 85 3 762 0 0
15 70 5 1 100 0.75 8 1269 29 135 83 14 762 0 0
15 70 5 1 100 0.75 8 1270 48 150 76 29 762 0 0
15 70 5 1 100 0.75 8 1271 69 165 66 48 762 0 0
15 70 5 1 100 0.75 8 1272 80 180 67 69 762 0 0
15 70 5 1 100 0.75 8 1273 96 195 64 80 761 0 0
15 70 5 1 100 0.75 8 1274 113 210 58 96 761 0 1
15 70 5 1 100 0.75 8 1275 127 225 68 113 761 0 9
15 70 5 1 100 0.75 8 1276 141 240 70 127 761 0 21
15 70 5 1 100 0.75 8 1277 157 255 78 141 761 0 35
15 70 5 1 100 0.75 8 1278 168 270 94 157 761 0 49
15 70 5 1 100 0.75 8 1279 188 285 98 168 760 0 60
15 70 5 1 100 0.75 8 1280 204 300 113 188 759 0 67
15 70 5 1 100 0.75 8 1281 215 315 108 204 759 0 80
15 70 5 1 100 0.75 8 1282 223 327 126 215 759 0 90
15 70 5 1 100 0.75 8 1283 242 327 118 223 759 0 103
15 70 5 1 100 0.75 8 1284 263 327 121 242 759 0 115
15 70 5 1 100 0.75 8 1285 277 327 107 263 759 0 124
15 70 5 1 100 0.75 8 1286 291 327 110 277 758 0 134
15 70 5 1 100 0.75 8 1287 306 327 122 291 758 0 142
15 70 5 1 100 0.75 8 1288 319 327 123 306 758 0 157
15 70 5 1 100 0.75 8 1289 327 327 102 319 758 0 163
15 70 5 1 100 0.75 8 1290 327 325 116 325 760 2 172
15 70 5 1 100 0.75 8 1291 327 325 118 323 762 4 186
15 70 5 1 100 0.75 8 1292 327 324 128 320 763 7 195
15 70 5 1 100 0.75 8 1293 327 321 128 314 768 13 199
15 70 5 1 100 0.75 8 1294 327 317 133 304 778 23 202
15 70 5 1 100 0.75 8 1295 327 314 146 291 790 36 194
15 70 5 1 100 0.75 8 1296 327 317 140 281 800 46 192
15 70 5 1 100 0.75 8 1297 327 310 126 264 817 63 178
15 70 5 1 100 0.75 8 1298 327 311 140 250 831 77 164
15 70 5 1 100 0.75 8 1299 327 317 137 244 839 86 155
15 70 5 1 100 0.75 8 1300 327 319 138 239 847 94 147
15 70 5 1 100 0.75 8 1301 327 311 119 224 863 110 131
15 70 5 1 100 0.75 8 1302 327 315 137 224 874 121 120
15 70 5 1 100 0.75 8 1303 327 321 125 231 880 127 114
15 70 5 1 100 0.75 8 1304 327 318 110 232 889 136 105
15 70 5 1 100 0.75 8 1305 327 316 112 230 900 147 97
15 70 5 1 100 0.75 8 1306 327 314 92 232 913 160 85
15 70 5 1 100 0.75 8 1307 327 315 95 236 924 172 76
15 70 5 1 100 0.75 8 1308 327 316 99 236 935 183 70
15 70 5 1 100 0.75 8 1309 327 319 89 237 943 191 69
15 70 5 1 100 0.75 8 1310 327 313 90 236 957 205 66
15 70 5 1 100 0.75 8 1311 327 319 90 237 965 213 69
15 70 5 1 100 0.75 8 1312 327 319 84 237 973 221 68
15 70 5 1 100 0.75 8 1313 327 320 92 245 980 228 71
15 70 5 1 100 0.75 8 1314 327 321 96 247 986 234 76
15 70 5 1 100 0.75 8 1315 327 324 92 256 989 237 84
15 70 5 1 100 0.75 8 1316 327 323 93 263 993 241 89
15 70 5 1 100 0.75 8 1317 327 327 94 273 993 241 92
15 70 5 1 100 0.75 8 1318 327 327 89 281 991 241 99
15 70 5 1 100 0.75 8 1319 327 327 89 294 991 241 112
15 70 5 1 100 0.75 8 1320 327 325 94 299 993 243 118
15 70 5 1 100 0.75 8 1321 327 327 97 307 993 243 126
15 70 5 1 100 0.75 8 1322 327 326 96 315 994 244 132
15 70 5 1 100 0.75 8 1323 327 324 114 315 997 247 134
15 70 5 1 100 0.75 8 1324 327 325 105 317 999 249 141
15 70 5 1 100 0.75 8 1325 327 321 88 313 1005 255 145
15 70 5 1 100 0.75 8 1326 327 320 96 306 1012 262 141
15 70 5 1 100 0.75 8 1327 327 320 94 299 1019 269 144
15 70 5 1 100 0.75 8 1328 327 319 88 292 1027 277 142
15 70 5 1 100 0.75 8 1329 327 319 107 285 1035 285 139
15 70 5 1 100 0.75 8 1330 327 314 100 272 1048 298 128
15 70 5 1 100 0.75 8 1331 327 321 108 269 1054 304 123
15 70 5 1 100 0.75 8 1332 327 315 106 259 1066 316 113
15 70 5 1 100 0.75 8 1333 327 318 97 254 1075 325 104
15 70 5 1 100 0.75 8 1334 327 319 100 254 1083 333 96
15 70 5 1 100 0.75 8 1335 327 319 76 254 1091 341 88
15 70 5 1 100 0.75 8 1336 327 321 104 254 1096 347 83
15 70 5 1 100 0.75 8 1337 327 319 70 254 1103 355 76
15 70 5 1 100 0.75 8 1338 327 318 90 256 1112 364 68
15 70 5 1 100 0.75 8 1339 327 317 78 254 1121 374 61
15 70 5 1 100 0.75 8 1340 327 317 70 255 1131 384 54
15 70 5 1 100 0.75 8 1341 327 324 73 262 1134 387 58
15 70 5 1 100 0.75 8 1342 327 320 70 260 1141 394 56
15 70 5 1 100 0.75 8 1343 327 321 69 261 1147 400 55
15 70 5 1 100 0.75 8 1344 327 315 73 259 1159 412 51
15 70 5 1 100 0.75 8 1345 327 322 72 260 1164 417 53
15 70 5 1 100 0.75 8 1346 327 322 77 266 1169 422 54
15 70 5 1 100 0.75 8 1347 327 326 66 271 1170 423 57
15 70 5 1 100 0.75 8 1348 327 324 70 279 1173 426 61
15 70 5 1 100 0.75 8 1349 327 325 75 284 1174 428 65
15 70 5 1 100 0.75 8 1350 327 327 63 291 1174 428 71
15 70 5 1 100 0.75 8 1351 327 326 74 293 1175 429 74
15 70 5 1 100 0.75 8 1352 327 327 66 304 1175 429 82
15 70 5 1 100 0.75 8 1353 327 327 81 313 1175 429 88
15 70 5 1 100 0.75 8 1354 327 326 69 317 1176 430 92
15 70 5 1 100 0.75 8 1355 327 323 80 316 1180 434 96
15 70 5 1 100 0.75 8 1356 327 326 86 316 1181 435 102
15 70 5 1 100 0.75 8 1357 327 326 86 318 1182 436 104
15 70 5 1 100 0.75 8 1358 327 322 78 314 1187 441 104
15 70 5 1 100 0.75 8 1359 327 321 72 309 1193 447 104
15 70 5 1 100 0.75 8 1360 327 320 73 302 1200 454 104
15 70 5 1 100 0.75 8 1361 327 321 86 296 1206 460 100
15 70 5 1 100 0.75 8 1362 327 322 78 292 1211 465 96
15 70 5 1 100 0.75 8 1363 327 322 72 287 1216 470 93
15 70 5 1 100 0.75 8 1364 327 320 58 285 1223 477 87
15 70 5 1 100 0.75 8 1365 327 316 57 275 1234 488 76
15 70 5 1 100 0.75 8 1366 327 320 76 270 1241 495 69
15 70 5 1 100 0.75 8 1367 327 324 87 272 1244 498 66
15 70 5 1 100 0.75 8 1368 327 324 69 275 1247 501 63
15 70 5 1 100 0.75 8 1369 327 321 67 275 1253 507 58
15 70 5 1 100 0.75 8 1370 327 323 67 279 1257 511 55
15 70 5 1 100 0.75 8 1371 327 321 63 280 1263 517 51
15 70 5 1 100 0.75 8 1372 327 319 77 277 1271 525 45
15 70 5 1 100 0.75 8 1373 327 321 66 279 1277 531 41
15 70 5 1 100 0.75 8 1374 327 322 55 283 1282 536 43
15 70 5 1 100 0.75 8 1375 327 321 65 281 1286 542 39
15 70 5 1 100 0.75 8 1376 327 322 53 278 1291 547 39
15 70 5 1 100 0.75 8 1377 327 324 71 284 1294 550 43
15 70 5 1 100 0.75 8 1378 327 320 58 280 1300 557 39
15 70 5 1 100 0.75 8 1379 327 326 74 284 1301 558 44
15 70 5 1 100 0.75 8 1380 327 323 67 286 1304 562 44
15 70 5 1 100 0.75 8 1381 327 327 57 292 1304 562 48
15 70 5 1 100 0.75 8 1382 327 327 69 300 1304 562 50
15 70 5 1 100 0.75 8 1383 327 326 72 302 1305 563 54
15 70 5 1 100 0.75 8 1384 327 326 55 309 1306 564 56
15 70 5 1 100 0.75 8 1385 327 327 59 311 1306 564 61
15 70 5 1 100 0.75 8 1386 327 326 60 319 1307 565 64
15 70 5 1 100 0.75 8 1387 327 327 56 320 1307 565 69
15 70 5 1 100 0.75 8 1388 327 325 72 321 1309 567 73
15 70 5 1 100 0.75 8 1389 327 325 61 320 1311 569 73
15 70 5 1 100 0.75 8 1390 327 324 69 317 1314 572 76
15 70 5 1 100 0.75 8 1391 327 321 64 311 1320 578 74
15 70 5 1 100 0.75 8 1392 327 323 71 308 1324 582 75
15 70 5 1 100 0.75 8 1393 327 323 63 305 1328 586 74
15 70 5 1 100 0.75 8 1394 327 324 69 302 1331 589 72
15 70 5 1 100 0.75 8 1395 327 323 73 299 1335 593 70
15 70 5 1 100 0.75 8 1396 327 324 74 296 1338 596 68
15 70 5 1 100 0.75 8 1397 327 324 61 297 1341 599 65
15 70 5 1 100 0.75 8 1398 327 322 68 294 1346 604 61
15 70 5 1 100 0.75 8 1399 327 323 60 291 1350 608 58
15 70 5 1 100 0.75 8 1400 327 320 57 293 1356 615 51
15 70 5 1 100 0.75 8 1401 327 322 60 291 1361 620 47
15 70 5 1 100 0.75 8 1402 327 325 68 292 1362 622 45
15 70 5 1 100 0.75 8 1403 327 323 65 292 1366 626 42
15 70 5 1 100 0.75 8 1404 327 322 57 291 1371 631 41
15 70 5 1 100 0.75 8 1405 327 322 56 288 1375 636 36
15 70 5 1 100 0.75 8 1406 327 323 68 289 1379 640 36
15 70 5 1 100 0.75 8 1407 327 322 59 287 1383 645 35
15 70 5 1 100 0.75 8 1408 327 326 63 293 1384 646 38
15 70 5 1 100 0.75 8 1409 327 319 49 292 1392 654 31
15 70 5 1 100 0.75 8 1410 327 322 57 288 1397 659 29
15 70 5 1 100 0.75 8 1410 327 322 322 288 1426 659 29
15 70 5 1 100 0.75 8 1440 327 322 322 288 762 659 29
15 70 5 1 100 0.75 9 1441 0 15 15 0 762 0 0
15 70 5 1 100 0.75 9 1442 0 30 30 0 762 0 0
15 70 5 1 100 0.75 9 1443 0 45 44 0 762 0 0
15 70 5 1 100 0.75 9 1444 0 60 58 0 762 0 0
15 70 5 1 100 0.75 9 1445 0 75 72 0 762 0 0
15 70 5 1 100 0.75 9 1446 0 90 81 0 762 0 0
15 70 5 1 100 0.75 9 1447 4 105 85 0 762 0 0
15 70 5 1 100 0.75 9 1448 12 120 87 4 762 0 0
15 70 5 1 100 0.75 9 1449 31 135 79 12 762 0 0
15 70 5 1 100 0.75 9 1450 50 150 72 31 762 0 0
15 70 5 1 100 0.75 9 1451 64 165 63 50 762 0 0
15 70 5 1 100 0.75 9 1452 83 180 57 64 762 0 0
15 70 5 1 100 0.75 9 1453 96 195 60 83 762 0 0
15 70 5 1 100 0.75 9 1454 112 210 53 96 762 0 2
15 70 5 1 100 0.75 9 1455 129 225 62 112 761 0 7
15 70 5 1 100 0.75 9 1456 140 240 71 129 761 0 17
15 70 5 1 100 0.75 9 1457 155 255 82 140 761 0 31
15 70 5 1 100 0.75 9 1458 172 270 82 155 761 0 41
15 70 5 1 100 0.75 9 1459 183 285 96 172 758 0 54
15 70 5 1 100 0.75 9 1460 200 300 106 183 758 0 67
15 70 5 1 100 0.75 9 1461 214 315 104 200 758 0 77
15 70 5 1 100 0.75 9 1462 230 327 120 214 758 0 86
15 70 5 1 100 0.75 9 1463 245 327 118 230 758 0 97
15 70 5 1 100 0.75 9 1464 259 327 111 245 758 0 105
15 70 5 1 100 0.75 9 1465 273 327 125 259 758 0 117
15 70 5 1 100 0.75 9 1466 291 327 106 273 758 0 127
15 70 5 1 100 0.75 9 1467 304 327 119 291 758 0 139
15 70 5 1 100 0.75 9 1468 317 327 115 304 758 0 151
15 70 5 1 100 0.75 9 1469 325 327 109 317 758 0 157
15 70 5 1 100 0.75 9 1470 326 325 112 323 760 2 168
15 70 5 1 100 0.75 9 1471 326 323 121 320 764 6 173
15 70 5 1 100 0.75 9 1472 327 322 131 315 769 11 180
15 70 5 1 100 0.75 9 1473 327 318 142 307 778 20 190
15 70 5 1 100 0.75 9 1474 327 314 124 294 791 33 189
15 70 5 1 100 0.75 9 1475 327 321 133 288 797 39 194
15 70 5 1 100 0.75 9 1476 327 317 133 278 806 49 191
15 70 5 1 100 0.75 9 1477 327 319 136 270 814 57 186
15 70 5 1 100 0.75 9 1478 327 316 150 260 824 68 175
15 70 5 1 100 0.75 9 1479 327 313 133 249 836 82 161
15 70 5 1 100 0.75 9 1480 327 316 122 242 847 93 151
15 70 5 1 100 0.75 9 1481 327 320 122 241 854 100 144
15 70 5 1 100 0.75 9 1482 327 315 136 239 866 112 132
15 70 5 1 100 0.75 9 1483 327 315 114 239 878 124 120
15 70 5 1 100 0.75 9 1484 327 318 120 236 887 133 112
15 70 5 1 100 0.75 9 1485 327 318 106 238 896 142 104
15 70 5 1 100 0.75 9 1486 327 316 102 235 907 153 96
15 70 5 1 100 0.75 9 1487 327 315 95 234 919 165 89
15 70 5 1 100 0.75 9 1488 327 318 94 241 928 174 89
15 70 5 1 100 0.75 9 1489 327 313 95 234 942 188 83
15 70 5 1 100 0.75 9 1490 327 316 97 232 953 199 80
15 70 5 1 100 0.75 9 1491 327 313 76 232 967 213 73
15 70 5 1 100 0.75 9 1492 327 320 92 237 974 220 73
15 70 5 1 100 0.75 9 1493 327 318 80 237 983 229 72
15 70 5 1 100 0.75 9 1494 327 320 94 236 989 236 74
15 70 5 1 100 0.75 9 1495 327 323 87 244 993 240 79
15 70 5 1 100 0.75 9 1496 327 325 89 256 995 242 85
15 70 5 1 100 0.75 9 1497 327 325 98 262 997 244 91
15 70 5 1 100 0.75 9 1498 327 327 90 277 997 244 103
15 70 5 1 100 0.75 9 1499 327 327 89 286 997 244 111
15 70 5 1 100 0.75 9 1500 327 326 82 297 998 245 114
15 70 5 1 100 0.75 9 1501 327 327 85 304 998 245 124
15 70 5 1 100 0.75 9 1502 327 325 92 314 999 247 131
15 70 5 1 100 0.75 9 1503 327 323 91 312 1003 251 139
15 70 5 1 100 0.75 9 1504 327 319 89 309 1011 259 138
15 70 5 1 100 0.75 9 1505 327 322 96 307 1016 264 142
15 70 5 1 100 0.75 9 1506 327 320 83 300 1023 271 141
15 70 5 1 100 0.75 9 1507 327 324 95 297 1026 274 144
15 70 5 1 100 0.75 9 1508 327 318 101 289 1035 283 142
15 70 5 1 100 0.75 9 1509 327 319 105 281 1043 291 140
15 70 5 1 100 0.75 9 1510 327 319 109 273 1051 299 133
15 70 5 1 100 0.75 9 1511 327 315 94 265 1063 311 125
15 70 5 1 100 0.75 9 1512 327 323 109 267 1067 315 122
15 70 5 1 100 0.75 9 1513 327 320 91 267 1074 322 115
15 70 5 1 100 0.75 9 1514 327 315 102 259 1086 334 103
15 70 5 1 100 0.75 9 1515 327 317 92 255 1096 344 93
15 70 5 1 100 0.75 9 1516 327 321 90 255 1100 350 87
15 70 5 1 100 0.75 9 1517 327 319 76 258 1108 358 80
15 70 5 1 100 0.75 9 1518 327 321 84 256 1114 364 79
15 70 5 1 100 0.75 9 1519 327 317 68 257 1123 374 72
15 70 5 1 100 0.75 9 1520 327 322 89 262 1128 379 74
15 70 5 1 100 0.75 9 1521 327 313 98 250 1141 393 63
15 70 5 1 100 0.75 9 1522 327 322 80 257 1146 398 62
15 70 5 1 100 0.75 9 1523 327 315 68 256 1158 410 56
15 70 5 1 100 0.75 9 1524 327 324 69 260 1161 413 56
15 70 5 1 100 0.75 9 1525 327 322 69 264 1165 418 56
15 70 5 1 100 0.75 9 1526 327 322 70 264 1170 423 58
15 70 5 1 100 0.75 9 1527 327 323 77 273 1174 427 58
15 70 5 1 100 0.75 9 1528 327 324 76 273 1176 430 60
15 70 5 1 100 0.75 9 1529 327 323 72 279 1180 434 64
15 70 5 1 100 0.75 9 1530 327 326 69 288 1180 435 72
15 70 5 1 100 0.75 9 1531 327 326 78 294 1181 436 83
15 70 5 1 100 0.75 9 1532 327 326 81 301 1181 437 84
15 70 5 1 100 0.75 9 1533 327 324 77 302 1183 440 86
15 70 5 1 100 0.75 9 1534 327 326 77 306 1183 441 93
15 70 5 1 100 0.75 9 1535 327 327 83 312 1183 441 96
15 70 5 1 100 0.75 9 1536 327 326 83 314 1184 442 102
15 70 5 1 100 0.75 9 1537 327 323 67 312 1187 446 105
15 70 5 1 100 0.75 9 1538 327 322 80 310 1192 451 107
15 70 5 1 100 0.75 9 1539 327 320 81 305 1198 458 103
15 70 5 1 100 0.75 9 1540 327 322 77 300 1203 463 101
15 70 5 1 100 0.75 9 1541 327 320 84 296 1210 470 99
15 70 5 1 100 0.75 9 1542 327 323 83 294 1214 474 100
15 70 5 1 100 0.75 9 1543 327 321 77 288 1220 480 96
15 70 5 1 100 0.75 9 1544 327 325 82 286 1222 482 95
15 70 5 1 100 0.75 9 1545 327 323 75 283 1226 486 94
15 70 5 1 100 0.75 9 1546 327 324 79 286 1229 489 91
15 70 5 1 100 0.75 9 1547 327 321 83 287 1235 495 86
15 70 5 1 100 0.75 9 1548 327 318 68 283 1244 504 78
15 70 5 1 100 0.75 9 1549 327 316 70 280 1255 515 69
15 70 5 1 100 0.75 9 1550 327 319 75 275 1263 523 61
15 70 5 1 100 0.75 9 1551 327 321 67 276 1269 529 55
15 70 5 1 100 0.75 9 1552 327 319 59 270 1276 537 49
15 70 5 1 100 0.75 9 1553 327 322 74 269 1281 542 48
15 70 5 1 100 0.75 9 1554 327 321 72 267 1287 548 47
15 70 5 1 100 0.75 9 1555 327 319 72 263 1294 556 43
15 70 5 1 100 0.75 9 1556 327 320 65 263 1301 563 43
15 70 5 1 100 0.75 9 1557 327 324 74 268 1304 566 45
15 70 5 1 100 0.75 9 1558 327 327 63 279 1303 566 47
15 70 5 1 100 0.75 9 1559 327 323 56 283 1307 570 47
15 70 5 1 100 0.75 9 1560 327 324 61 288 1310 573 46
15 70 5 1 100 0.75 9 1561 327 324 44 289 1313 576 46
15 70 5 1 100 0.75 9 1562 327 325 57 293 1315 578 48
15 70 5 1 100 0.75 9 1563 327 325 60 300 1317 580 51
15 70 5 1 100 0.75 9 1564 327 327 61 306 1317 580 60
15 70 5 1 100 0.75 9 1565 327 326 64 310 1318 581 63
15 70 5 1 100 0.75 9 1566 327 325 67 310 1319 583 69
15 70 5 1 100 0.75 9 1567 327 326 51 313 1320 584 75
15 70 5 1 100 0.75 9 1568 327 326 64 313 1320 585 77
15 70 5 1 100 0.75 9 1569 327 326 63 316 1320 586 80
15 70 5 1 100 0.75 9 1570 327 322 59 313 1325 591 82
15 70 5 1 100 0.75 9 1571 327 325 62 313 1327 593 83
15 70 5 1 100 0.75 9 1572 327 322 70 309 1332 598 82
15 70 5 1 100 0.75 9 1573 327 324 58 307 1335 601 81
15 70 5 1 100 0.75 9 1574 327 321 83 303 1341 607 77
15 70 5 1 100 0.75 9 1575 327 322 76 299 1346 612 75
15 70 5 1 100 0.75 9 1576 327 322 61 294 1351 617 72
15 70 5 1 100 0.75 9 1577 327 326 59 295 1352 618 72
15 70 5 1 100 0.75 9 1578 327 324 74 295 1354 621 70
15 70 5 1 100 0.75 9 1579 327 325 70 296 1356 623 68
15 70 5 1 100 0.75 9 1580 327 322 55 294 1361 628 65
15 70 5 1 100 0.75 9 1581 327 321 59 293 1367 634 60
15 70 5 1 100 0.75 9 1582 327 319 61 289 1374 642 52
15 70 5 1 100 0.75 9 1583 327 318 53 285 1382 651 44
15 70 5 1 100 0.75 9 1584 327 321 51 284 1388 657 39
15 70 5 1 100 0.75 9 1585 327 324 50 284 1391 660 37
15 70 5 1 100 0.75 9 1586 327 326 58 286 1392 661 39
15 70 5 1 100 0.75 9 1587 327 322 65 283 1397 666 38
15 70 5 1 100 0.75 9 1588 327 321 58 281 1403 672 36
15 70 5 1 100 0.75 9 1589 327 326 55 284 1404 673 40
15 70 5 1 100 0.75 9 1590 327 323 50 289 1408 677 39
15 70 5 1 100 0.75 9 1590 327 323 323 289 1447 677 39
15 70 5 1 100 0.75 9 1620 327 323 323 289 762 677 39
15 70 5 1 100 0.75 10 1621 0 15 15 0 762 0 0
15 70 5 1 100 0.75 10 1622 0 30 30 0 762 0 0
15 70 5 1 100 0.75 10 1623 0 45 45 0 762 0 0
15 70 5 1 100 0.75 10 1624 0 60 59 0 762 0 0
15 70 5 1 100 0.75 10 1625 0 75 70 0 762 0 0
15 70 5 1 100 0.75 10 1626 0 90 83 0 762 0 0
15 70 5 1 100 0.75 10 1627 3 105 83 0 762 0 0
15 70 5 1 100 0.75 10 1628 17 120 89 3 762 0 0
15 70 5 1 100 0.75 10 1629 33 135 73 17 762 0 0
15 70 5 1 100 0.75 10 1630 48 150 64 33 762 0 0
15 70 5 1 100 0.75 10 1631 65 165 47 48 762 0 0
15 70 5 1 100 0.75 10 1632 85 180 64 65 761 0 0
15 70 5 1 100 0.75 10 1633 95 195 54 85 761 0 0
15 70 5 1 100 0.75 10 1634 107 210 72 95 761 0 2
15 70 5 1 100 0.75 10 1635 123 225 66 107 761 0 7
15 70 5 1 100 0.75 10 1636 138 240 60 123 761 0 15
15 70 5 1 100 0.75 10 1637 154 255 82 138 761 0 29
15 70 5 1 100 0.75 10 1638 170 270 78 154 761 0 36
15 70 5 1 100 0.75 10 1639 183 285 89 170 761 0 54
15 70 5 1 100 0.75 10 1640 200 300 100 183 761 0 66
15 70 5 1 100 0.75 10 1641 217 315 104 200 761 0 75
15 70 5 1 100 0.75 10 1642 233 327 115 217 761 0 84
15 70 5 1 100 0.75 10 1643 248 327 105 233 761 0 97
15 70 5 1 100 0.75 10 1644 261 327 104 248 761 0 109
15 70 5 1 100 0.75 10 1645 277 327 114 261 761 0 121
15 70 5 1 100 0.75 10 1646 294 327 113 277 760 0 132
15 70 5 1 100 0.75 10 1647 307 327 114 294 759 0 142
15 70 5 1 100 0.75 10 1648 321 327 113 307 759 0 155
15 70 5 1 100 0.75 10 1649 325 326 120 320 760 1 163
15 70 5 1 100 0.75 10 1650 327 326 115 323 761 2 169
15 70 5 1 100 0.75 10 1651 327 325 119 323 763 4 177
15 70 5 1 100 0.75 10 1652 327 319 114 315 771 12 182
15 70 5 1 100 0.75 10 1653 327 322 134 310 775 17 189
15 70 5 1 100 0.75 10 1654 327 315 133 298 787 29 189
15 70 5 1 100 0.75 10 1655 327 318 132 289 796 38 190
15 70 5 1 100 0.75 10 1656 327 319 133 281 803 46 191
15 70 5 1 100 0.75 10 1657 327 312 127 266 818 61 178
15 70 5 1 100 0.75 10 1658 327 321 133 261 824 67 172
15 70 5 1 100 0.75 10 1659 327 314 121 250 837 80 159
15 70 5 1 100 0.75 10 1660 327 317 133 245 847 90 149
15 70 5 1 100 0.75 10 1661 327 315 116 239 859 102 137
15 70 5 1 100 0.75 10 1662 327 316 115 237 870 113 126
15 70 5 1 100 0.75 10 1663 327 310 101 232 887 130 109
15 70 5 1 100 0.75 10 1664 327 312 101 226 900 143 96
15 70 5 1 100 0.75 10 1665 327 317 107 223 909 153 87
15 70 5 1 100 0.75 10 1666 327 319 99 227 917 161 83
15 70 5 1 100 0.75 10 1667 327 318 93 229 926 170 79
15 70 5 1 100 0.75 10 1668 327 312 92 225 941 185 70
15 70 5 1 100 0.75 10 1669 327 320 103 230 948 192 73
15 70 5 1 100 0.75 10 1670 327 317 87 229 958 202 68
15 70 5 1 100 0.75 10 1671 327 320 88 240 965 209 65
15 70 5 1 100 0.75 10 1672 327 317 91 240 975 219 63
15 70 5 1 100 0.75 10 1673 327 320 81 245 982 226 63
15 70 5 1 100 0.75 10 1674 327 319 84 252 989 234 60
15 70 5 1 100 0.75 10 1675 327 324 102 255 992 237 70
15 70 5 1 100 0.75 10 1676 327 325 74 263 994 239 75
15 70 5 1 100 0.75 10 1677 327 327 91 277 994 239 86
15 70 5 1 100 0.75 10 1678 327 327 93 286 994 239 96
15 70 5 1 100 0.75 10 1679 327 327 91 295 994 239 102
15 70 5 1 100 0.75 10 1680 327 327 97 301 994 239 111
15 70 5 1 100 0.75 10 1681 327 324 93 306 997 242 115
15 70 5 1 100 0.75 10 1682 327 326 75 313 998 243 124
15 70 5 1 100 0.75 10 1683 327 325 102 318 1000 245 128
15 70 5 1 100 0.75 10 1684 327 325 98 317 1002 247 133
15 70 5 1 100 0.75 10 1685 327 320 85 312 1009 254 135
15 70 5 1 100 0.75 10 1686 327 319 91 304 1017 262 130
15 70 5 1 100 0.75 10 1687 327 320 83 297 1024 269 129
15 70 5 1 100 0.75 10 1688 327 324 79 294 1027 272 130
15 70 5 1 100 0.75 10 1689 327 323 104 292 1030 276 131
15 70 5 1 100 0.75 10 1690 327 320 108 286 1037 283 129
15 70 5 1 100 0.75 10 1691 327 320 100 282 1044 290 122
15 70 5 1 100 0.75 10 1692 327 321 91 276 1050 296 117
15 70 5 1 100 0.75 10 1693 327 317 83 270 1060 306 107
15 70 5 1 100 0.75 10 1694 327 317 84 269 1070 316 97
15 70 5 1 100 0.75 10 1695 327 319 83 266 1078 324 89
15 70 5 1 100 0.75 10 1696 327 316 78 264 1089 335 80
15 70 5 1 100 0.75 10 1697 327 320 75 260 1096 342 76
15 70 5 1 100 0.75 10 1698 327 317 82 255 1106 352 66
15 70 5 1 100 0.75 10 1699 327 316 62 253 1116 363 57
15 70 5 1 100 0.75 10 1700 327 322 73 252 1121 368 56
15 70 5 1 100 0.75 10 1701 327 316 73 249 1132 379 50
15 70 5 1 100 0.75 10 1702 327 318 78 250 1141 388 47
15 70 5 1 100 0.75 10 1703 327 322 70 257 1146 393 46
15 70 5 1 100 0.75 10 1704 327 322 69 258 1151 398 44
15 70 5 1 100 0.75 10 1705 327 324 64 265 1154 401 47
15 70 5 1 100 0.75 10 1706 327 325 64 269 1156 403 50
15 70 5 1 100 0.75 10 1707 327 325 70 280 1158 405 51
15 70 5 1 100 0.75 10 1708 327 322 64 280 1163 410 50
15 70 5 1 100 0.75 10 1709 327 325 74 285 1164 412 58
15 70 5 1 100 0.75 10 1710 327 326 66 295 1165 413 63
15 70 5 1 100 0.75 10 1711 327 327 75 304 1165 413 70
15 70 5 1 100 0.75 10 1712 327 327 51 310 1165 413 77
15 70 5 1 100 0.75 10 1713 327 326 73 311 1166 414 80
15 70 5 1 100 0.75 10 1714 327 326 83 315 1167 415 87
15 70 5 1 100 0.75 10 1715 327 324 68 313 1170 418 90
15 70 5 1 100 0.75 10 1716 327 325 80 313 1172 420 96
15 70 5 1 100 0.75 10 1717 327 325 70 316 1173 422 102
15 70 5 1 100 0.75 10 1718 327 323 73 313 1177 426 103
15 70 5 1 100 0.75 10 1719 327 323 70 310 1181 430 105
15 70 5 1 100 0.75 10 1720 327 323 78 306 1185 434 103
15 70 5 1 100 0.75 10 1721 327 322 75 302 1190 439 100
15 70 5 1 100 0.75 10 1722 327 322 88 297 1195 444 97
15 70 5 1 100 0.75 10 1723 327 321 81 293 1201 450 93
15 70 5 1 100 0.75 10 1724 327 323 71 291 1205 454 92
15 70 5 1 100 0.75 10 1725 327 323 77 290 1209 458 90
15 70 5 1 100 0.75 10 1726 327 321 79 286 1215 464 84
15 70 5 1 100 0.75 10 1727 327 319 71 283 1223 472 77
15 70 5 1 100 0.75 10 1728 327 320 60 280 1230 479 70
15 70 5 1 100 0.75 10 1729 327 324 71 283 1233 482 68
15 70 5 1 100 0.75 10 1730 327 319 56 278 1241 490 61
15 70 5 1 100 0.75 10 1731 327 317 72 272 1250 500 52
15 70 5 1 100 0.75 10 1732 327 322 60 274 1255 505 49
15 70 5 1 100 0.75 10 1733 327 322 58 271 1259 510 47
15 70 5 1 100 0.75 10 1734 327 319 63 270 1267 518 43
15 70 5 1 100 0.75 10 1735 327 323 60 273 1271 522 43
15 70 5 1 100 0.75 10 1736 327 320 56 271 1278 529 38
15 70 5 1 100 0.75 10 1737 327 320 56 272 1284 536 34
15 70 5 1 100 0.75 10 1738 327 323 55 274 1288 540 37
15 70 5 1 100 0.75 10 1739 327 326 57 281 1288 541 39
15 70 5 1 100 0.75 10 1740 327 324 59 283 1291 544 38
15 70 5 1 100 0.75 10 1741 327 326 59 292 1292 545 43
15 70 5 1 100 0.75 10 1742 327 326 55 295 1293 546 47
15 70 5 1 100 0.75 10 1743 327 326 52 299 1293 547 50
15 70 5 1 100 0.75 10 1744 327 327 59 308 1293 547 56
15 70 5 1 100 0.75 10 1745 327 324 55 310 1296 550 59
15 70 5 1 100 0.75 10 1746 327 327 56 316 1295 550 62
15 70 5 1 100 0.75 10 1747 327 326 62 316 1296 551 65
15 70 5 1 100 0.75 10 1748 327 327 54 317 1295 551 71
15 70 5 1 100 0.75 10 1749 327 325 57 319 1297 553 71
15 70 5 1 100 0.75 10 1750 327 324 66 316 1300 556 73
15 70 5 1 100 0.75 10 1751 327 323 59 314 1304 560 77
15 70 5 1 100 0.75 10 1752 327 322 57 309 1308 565 73
15 70 5 1 100 0.75 10 1753 327 321 57 306 1312 571 71
15 70 5 1 100 0.75 10 1754 327 325 53 304 1313 573 70
15 70 5 1 100 0.75 10 1755 327 324 61 302 1316 576 68
15 70 5 1 100 0.75 10 1756 327 323 59 298 1320 580 66
15 70 5 1 100 0.75 10 1757 327 326 50 298 1321 581 65
15 70 5 1 100 0.75 10 1758 327 322 62 295 1326 586 61
15 70 5 1 100 0.75 10 1759 327 323 59 294 1329 590 58
15 70 5 1 100 0.75 10 1760 327 320 57 292 1336 597 51
15 70 5 1 100 0.75 10 1761 327 320 50 291 1342 604 44
15 70 5 1 100 0.75 10 1762 327 325 57 292 1343 606 42
15 70 5 1 100 0.75 10 1763 327 321 59 289 1348 612 36
15 70 5 1 100 0.75 10 1764 327 323 51 289 1352 616 33
15 70 5 1 100 0.75 10 1765 327 321 57 286 1358 622 27
15 70 5 1 100 0.75 10 1766 327 322 58 282 1362 627 27
15 70 5 1 100 0.75 10 1767 327 325 61 285 1364 629 30
15 70 5 1 100 0.75 10 1768 327 322 57 287 1369 634 29
15 70 5 1 100 0.75 10 1769 327 324 47 288 1372 637 28
15 70 5 1 100 0.75 10 1770 327 325 47 294 1374 639 27
15 70 5 1 100 0.75 10 1770 327 325 325 294 1400 639 27
15 70 5 1 100 0.75 10 1800 327 325 325 294 762 639 27
