1 3 5 1 100 0.75 1 1 0 1 1 0 100 0 0
1 3 5 1 100 0.75 1 2 0 2 2 0 100 0 0
1 3 5 1 100 0.75 1 3 0 3 3 0 100 0 0
1 3 5 1 100 0.75 1 4 0 4 4 0 100 0 0
1 3 5 1 100 0.75 1 5 0 5 4 0 100 0 0
1 3 5 1 100 0.75 1 6 0 6 6 0 100 0 0
1 3 5 1 100 0.75 1 7 0 7 6 0 100 0 0
1 3 5 1 100 0.75 1 8 0 8 8 0 100 0 0
1 3 5 1 100 0.75 1 9 1 9 8 0 100 0 0
1 3 5 1 100 0.75 1 10 1 10 9 1 100 0 0
1 3 5 1 100 0.75 1 11 1 11 10 1 100 0 0
1 3 5 1 100 0.75 1 12 1 12 10 1 100 0 0
1 3 5 1 100 0.75 1 13 1 13 11 1 100 0 0
1 3 5 1 100 0.75 1 14 2 14 11 1 100 0 0
1 3 5 1 100 0.75 1 15 2 15 13 2 100 0 0
1 3 5 1 100 0.75 1 16 3 16 12 2 100 0 0
1 3 5 1 100 0.75 1 17 5 17 13 3 100 0 1
1 3 5 1 100 0.75 1 18 5 18 14 5 100 0 1
1 3 5 1 100 0.75 1 19 5 19 15 5 100 0 1
1 3 5 1 100 0.75 1 20 5 20 15 5 100 0 1
1 3 5 1 100 0.75 1 21 5 21 17 5 100 0 2
1 3 5 1 100 0.75 1 22 5 22 18 5 100 0 2
1 3 5 1 100 0.75 1 23 5 23 20 5 100 0 3
1 3 5 1 100 0.75 1 24 5 24 19 5 100 0 3
1 3 5 1 100 0.75 1 25 5 25 24 5 100 0 4
1 3 5 1 100 0.75 1 26 6 26 22 5 100 0 4
1 3 5 1 100 0.75 1 27 6 27 26 6 100 0 4
1 3 5 1 100 0.75 1 28 6 28 26 6 100 0 4
1 3 5 1 100 0.75 1 29 8 29 24 6 100 0 4
1 3 5 1 100 0.75 1 30 9 30 24 8 100 0 4
1 3 5 1 100 0.75 1 31 12 31 23 9 100 0 4
1 3 5 1 100 0.75 1 32 12 31 23 11 101 1 3
1 3 5 1 100 0.75 1 33 12 32 24 11 101 1 3
1 3 5 1 100 0.75 1 34 12 33 25 11 101 1 4
1 3 5 1 100 0.75 1 35 13 34 26 11 101 1 4
1 3 5 1 100 0.75 1 36 13 35 27 12 101 1 4
1 3 5 1 100 0.75 1 37 13 35 29 11 102 2 5
1 3 5 1 100 0.75 1 38 14 35 27 10 103 3 5
1 3 5 1 100 0.75 1 39 14 36 32 11 103 3 7
1 3 5 1 100 0.75 1 40 15 37 29 11 103 3 7
1 3 5 1 100 0.75 1 41 15 37 32 11 104 4 6
1 3 5 1 100 0.75 1 42 16 38 31 11 104 4 6
1 3 5 1 100 0.75 1 43 17 39 33 12 104 4 7
1 3 5 1 100 0.75 1 44 18 40 30 13 104 4 7
1 3 5 1 100 0.75 1 45 19 41 34 14 104 4 7
1 3 5 1 100 0.75 1 46 21 42 31 15 104 4 8
1 3 5 1 100 0.75 1 47 21 43 34 17 104 4 9
1 3 5 1 100 0.75 1 48 21 44 33 17 104 4 9
1 3 5 1 100 0.75 1 49 21 45 37 17 104 4 9
1 3 5 1 100 0.75 1 50 21 45 38 16 105 5 9
1 3 5 1 100 0.75 1 51 22 46 38 16 105 5 10
1 3 5 1 100 0.75 1 52 23 45 35 15 107 7 8
1 3 5 1 100 0.75 1 53 23 45 40 15 108 8 9
1 3 5 1 100 0.75 1 54 23 46 38 15 108 8 9
1 3 5 1 100 0.75 1 55 24 47 40 15 108 8 9
1 3 5 1 100 0.75 1 56 25 48 36 16 108 8 9
1 3 5 1 100 0.75 1 57 26 49 41 17 108 8 9
1 3 5 1 100 0.75 1 58 27 48 39 16 110 10 7
1 3 5 1 100 0.75 1 59 29 49 39 17 110 10 7
1 3 5 1 100 0.75 1 60 30 50 36 19 110 10 8
1 3 5 1 100 0.75 1 61 31 51 37 20 110 10 8
1 3 5 1 100 0.75 1 62 32 52 38 21 110 10 9
1 3 5 1 100 0.75 1 63 32 52 40 21 111 11 8
1 3 5 1 100 0.75 1 64 33 52 39 20 112 12 8
1 3 5 1 100 0.75 1 65 34 52 39 20 113 13 9
1 3 5 1 100 0.75 1 66 35 53 37 21 113 13 9
1 3 5 1 100 0.75 1 67 36 53 44 21 114 14 10
1 3 5 1 100 0.75 1 68 38 54 39 22 114 14 11
1 3 5 1 100 0.75 1 69 38 54 40 23 115 15 10
1 3 5 1 100 0.75 1 70 38 54 42 22 116 16 9
1 3 5 1 100 0.75 1 71 38 55 44 22 116 16 9
1 3 5 1 100 0.75 1 72 39 55 43 21 117 17 9
1 3 5 1 100 0.75 1 73 41 56 43 22 117 17 11
1 3 5 1 100 0.75 1 74 42 57 45 24 117 17 12
1 3 5 1 100 0.75 1 75 43 58 45 25 117 17 12
1 3 5 1 100 0.75 1 76 45 59 44 26 117 17 14
1 3 5 1 100 0.75 1 77 47 60 44 28 117 17 14
1 3 5 1 100 0.75 1 78 48 61 45 30 117 17 14
1 3 5 1 100 0.75 1 79 48 61 45 30 117 18 13
1 3 5 1 100 0.75 1 80 49 61 43 29 118 19 14
1 3 5 1 100 0.75 1 81 51 61 46 29 119 20 14
1 3 5 1 100 0.75 1 82 53 62 45 31 119 20 15
1 3 5 1 100 0.75 1 83 54 62 48 32 120 21 17
1 3 5 1 100 0.75 1 84 57 60 41 30 123 24 15
1 3 5 1 100 0.75 1 85 57 60 45 32 124 25 15
1 3 5 1 100 0.75 1 86 58 61 44 32 124 25 15
1 3 5 1 100 0.75 1 87 59 61 45 32 125 26 14
1 3 5 1 100 0.75 1 88 60 62 44 33 125 26 14
1 3 5 1 100 0.75 1 89 63 62 44 33 126 27 16
1 3 5 1 100 0.75 1 90 64 62 45 35 127 28 15
1 3 5 1 100 0.75 1 91 64 63 44 36 127 28 16
1 3 5 1 100 0.75 1 92 64 63 47 35 128 29 16
1 3 5 1 100 0.75 1 93 66 62 47 33 130 31 15
1 3 5 1 100 0.75 1 94 68 63 46 35 130 31 16
1 3 5 1 100 0.75 1 95 70 64 42 37 130 31 16
1 3 5 1 100 0.75 1 96 72 65 44 39 130 31 19
1 3 5 1 100 0.75 1 97 72 64 46 39 132 33 18
1 3 5 1 100 0.75 1 98 76 62 42 36 135 36 16
1 3 5 1 100 0.75 1 99 79 63 38 40 135 36 16
1 3 5 1 100 0.75 1 100 80 62 37 41 137 38 14
1 3 5 1 100 0.75 1 101 80 62 36 41 138 39 15
1 3 5 1 100 0.75 1 102 82 62 36 40 139 40 15
1 3 5 1 100 0.75 1 103 84 63 38 42 139 40 16
1 3 5 1 100 0.75 1 104 84 64 41 44 139 40 17
1 3 5 1 100 0.75 1 105 85 64 40 43 140 41 17
1 3 5 1 100 0.75 1 106 87 62 40 41 143 44 17
1 3 5 1 100 0.75 1 107 88 63 43 43 143 44 18
1 3 5 1 100 0.75 1 108 90 64 40 44 143 44 19
1 3 5 1 100 0.75 1 109 91 65 43 46 143 44 20
1 3 5 1 100 0.75 1 110 93 64 42 45 145 46 20
1 3 5 1 100 0.75 1 111 94 64 43 46 146 47 19
1 3 5 1 100 0.75 1 112 95 65 43 47 146 47 19
1 3 5 1 100 0.75 1 113 96 65 41 47 147 48 19
1 3 5 1 100 0.75 1 114 98 65 46 47 148 49 20
1 3 5 1 100 0.75 1 115 99 63 41 46 151 52 17
1 3 5 1 100 0.75 1 116 100 64 39 47 151 52 19
1 3 5 1 100 0.75 1 117 100 64 41 47 151 53 19
1 3 5 1 100 0.75 1 118 100 65 44 47 151 53 21
1 3 5 1 100 0.75 1 119 101 63 42 44 154 56 19
1 3 5 1 100 0.75 1 120 102 63 42 45 155 57 20
1 3 5 1 100 0.75 1 121 103 64 43 46 155 57 21
1 3 5 1 100 0.75 1 122 104 61 39 43 159 61 18
1 3 5 1 100 0.75 1 123 107 62 38 44 159 61 18
1 3 5 1 100 0.75 1 124 108 63 37 47 159 61 18
1 3 5 1 100 0.75 1 125 108 62 39 46 161 63 16
1 3 5 1 100 0.75 1 126 111 62 40 45 161 64 16
1 3 5 1 100 0.75 1 127 114 63 35 48 161 64 16
1 3 5 1 100 0.75 1 128 115 64 38 51 161 64 16
1 3 5 1 100 0.75 1 129 115 62 37 49 164 67 14
1 3 5 1 100 0.75 1 130 116 62 38 48 165 68 15
1 3 5 1 100 0.75 1 131 117 63 37 49 165 68 15
1 3 5 1 100 0.75 1 132 119 63 35 49 166 69 15
1 3 5 1 100 0.75 1 133 120 61 34 48 169 72 14
1 3 5 1 100 0.75 1 134 121 61 34 48 170 73 14
1 3 5 1 100 0.75 1 135 123 62 35 49 170 73 15
1 3 5 1 100 0.75 1 136 124 60 32 48 173 76 12
1 3 5 1 100 0.75 1 137 125 60 31 48 174 77 12
1 3 5 1 100 0.75 1 138 127 61 32 49 174 77 13
1 3 5 1 100 0.75 1 139 127 61 32 50 174 78 12
1 3 5 1 100 0.75 1 140 127 61 30 49 175 79 12
1 3 5 1 100 0.75 1 141 129 61 34 48 176 80 12
1 3 5 1 100 0.75 1 142 129 62 33 50 175 80 15
1 3 5 1 100 0.75 1 143 131 63 37 50 175 80 16
1 3 5 1 100 0.75 1 144 132 64 35 52 175 80 17
1 3 5 1 100 0.75 1 145 132 64 35 52 176 81 17
1 3 5 1 100 0.75 1 146 133 65 35 52 176 81 18
1 3 5 1 100 0.75 1 147 134 65 36 52 176 82 17
1 3 5 1 100 0.75 1 148 135 65 35 52 177 83 16
1 3 5 1 100 0.75 1 149 138 66 37 53 177 83 17
1 3 5 1 100 0.75 1 150 138 66 38 55 178 84 17
1 3 5 1 100 0.75 1 150 138 66 66 55 194 84 17
1 3 5 1 100 0.75 1 180 138 66 66 55 33 84 17
1 3 5 1 100 0.75 2 181 0 1 1 0 33 0 0
1 3 5 1 100 0.75 2 182 0 2 2 0 33 0 0
1 3 5 1 100 0.75 2 183 0 3 3 0 33 0 0
1 3 5 1 100 0.75 2 184 0 4 4 0 33 0 0
1 3 5 1 100 0.75 2 185 0 5 5 0 33 0 0
1 3 5 1 100 0.75 2 186 0 6 6 0 33 0 0
1 3 5 1 100 0.75 2 187 0 7 7 0 33 0 0
1 3 5 1 100 0.75 2 188 0 8 8 0 33 0 0
1 3 5 1 100 0.75 2 189 0 9 9 0 33 0 0
1 3 5 1 100 0.75 2 190 0 10 10 0 33 0 0
1 3 5 1 100 0.75 2 191 1 11 10 0 33 0 0
1 3 5 1 100 0.75 2 192 1 12 11 1 33 0 0
1 3 5 1 100 0.75 2 193 1 13 12 1 33 0 0
1 3 5 1 100 0.75 2 194 1 14 13 1 33 0 0
1 3 5 1 100 0.75 2 195 2 15 13 1 33 0 0
1 3 5 1 100 0.75 2 196 2 16 14 2 33 0 0
1 3 5 1 100 0.75 2 197 2 17 15 2 33 0 0
1 3 5 1 100 0.75 2 198 2 18 16 2 33 0 0
1 3 5 1 100 0.75 2 199 2 19 18 2 33 0 0
1 3 5 1 100 0.75 2 200 2 20 17 2 33 0 0
1 3 5 1 100 0.75 2 201 2 21 19 2 33 0 0
1 3 5 1 100 0.75 2 202 2 22 20 2 33 0 0
1 3 5 1 100 0.75 2 203 2 23 23 2 33 0 1
1 3 5 1 100 0.75 2 204 2 24 22 2 33 0 1
1 3 5 1 100 0.75 2 205 3 25 24 2 33 0 1
1 3 5 1 100 0.75 2 206 4 26 24 3 33 0 1
1 3 5 1 100 0.75 2 207 4 27 25 4 33 0 1
1 3 5 1 100 0.75 2 208 5 28 25 4 33 0 1
1 3 5 1 100 0.75 2 209 5 29 26 5 33 0 1
1 3 5 1 100 0.75 2 210 6 30 26 5 33 0 1
1 3 5 1 100 0.75 2 211 6 31 26 6 33 0 1
1 3 5 1 100 0.75 2 212 6 32 28 6 33 0 1
1 3 5 1 100 0.75 2 213 6 33 30 6 33 0 2
1 3 5 1 100 0.75 2 214 6 34 31 6 33 0 3
1 3 5 1 100 0.75 2 215 6 35 33 6 33 0 4
1 3 5 1 100 0.75 2 216 6 36 35 6 33 0 4
1 3 5 1 100 0.75 2 217 6 37 35 6 33 0 4
1 3 5 1 100 0.75 2 218 7 37 36 5 34 1 3
1 3 5 1 100 0.75 2 219 8 38 36 6 34 1 3
1 3 5 1 100 0.75 2 220 8 39 37 7 34 1 3
1 3 5 1 100 0.75 2 221 8 40 37 7 34 1 3
1 3 5 1 100 0.75 2 222 8 41 38 7 34 1 3
1 3 5 1 100 0.75 2 223 9 42 39 7 34 1 3
1 3 5 1 100 0.75 2 224 9 43 40 8 34 1 3
1 3 5 1 100 0.75 2 225 9 44 40 8 34 1 3
1 3 5 1 100 0.75 2 226 9 45 42 8 34 1 4
1 3 5 1 100 0.75 2 227 10 46 44 8 34 1 4
1 3 5 1 100 0.75 2 228 11 47 44 9 34 1 4
1 3 5 1 100 0.75 2 229 11 48 44 10 34 1 4
1 3 5 1 100 0.75 2 230 12 49 43 10 34 1 4
1 3 5 1 100 0.75 2 231 13 50 45 11 34 1 5
1 3 5 1 100 0.75 2 232 13 50 45 11 35 2 4
1 3 5 1 100 0.75 2 233 13 50 46 10 36 3 3
1 3 5 1 100 0.75 2 234 13 50 45 9 37 4 2
1 3 5 1 100 0.75 2 235 14 51 48 9 37 4 2
1 3 5 1 100 0.75 2 236 15 52 48 10 37 4 2
1 3 5 1 100 0.75 2 237 15 53 50 11 37 4 2
1 3 5 1 100 0.75 2 238 16 54 50 11 37 4 3
1 3 5 1 100 0.75 2 239 16 55 50 12 37 4 3
1 3 5 1 100 0.75 2 240 16 56 52 12 37 4 3
1 3 5 1 100 0.75 2 241 17 57 50 12 37 4 3
1 3 5 1 100 0.75 2 242 18 58 52 13 37 4 3
1 3 5 1 100 0.75 2 243 19 58 52 13 38 5 4
1 3 5 1 100 0.75 2 244 19 59 53 14 38 5 4
1 3 5 1 100 0.75 2 245 19 60 53 14 38 5 4
1 3 5 1 100 0.75 2 246 19 60 54 13 39 6 4
1 3 5 1 100 0.75 2 247 21 61 54 13 39 6 4
1 3 5 1 100 0.75 2 248 21 62 54 15 39 6 5
1 3 5 1 100 0.75 2 249 21 63 56 15 39 6 5
1 3 5 1 100 0.75 2 250 23 64 57 15 39 6 6
1 3 5 1 100 0.75 2 251 23 65 57 17 39 6 7
1 3 5 1 100 0.75 2 252 24 66 59 17 39 6 7
1 3 5 1 100 0.75 2 253 24 67 59 18 39 6 7
1 3 5 1 100 0.75 2 254 25 68 61 18 39 6 8
1 3 5 1 100 0.75 2 255 25 69 63 19 39 6 8
1 3 5 1 100 0.75 2 256 25 70 62 19 39 6 8
1 3 5 1 100 0.75 2 257 27 71 62 19 39 6 8
1 3 5 1 100 0.75 2 258 27 71 64 20 40 7 9
1 3 5 1 100 0.75 2 259 28 71 62 19 41 8 8
1 3 5 1 100 0.75 2 260 30 72 61 20 41 8 9
1 3 5 1 100 0.75 2 261 32 72 60 21 41 9 8
1 3 5 1 100 0.75 2 262 32 73 63 23 41 9 9
1 3 5 1 100 0.75 2 263 34 74 62 23 41 9 9
1 3 5 1 100 0.75 2 264 35 75 65 25 41 9 11
1 3 5 1 100 0.75 2 265 35 75 64 25 42 10 10
1 3 5 1 100 0.75 2 266 37 76 63 25 42 10 10
1 3 5 1 100 0.75 2 267 38 76 63 26 43 11 11
1 3 5 1 100 0.75 2 268 39 76 66 26 44 12 13
1 3 5 1 100 0.75 2 269 40 77 65 27 44 12 13
1 3 5 1 100 0.75 2 270 41 78 67 28 44 12 14
1 3 5 1 100 0.75 2 271 42 78 66 28 45 13 14
1 3 5 1 100 0.75 2 272 43 78 67 28 46 14 14
1 3 5 1 100 0.75 2 273 44 78 64 28 47 15 13
1 3 5 1 100 0.75 2 274 44 79 69 29 46 15 15
1 3 5 1 100 0.75 2 275 45 80 70 29 45 15 16
1 3 5 1 100 0.75 2 276 47 80 67 29 46 16 15
1 3 5 1 100 0.75 2 277 49 80 67 30 47 17 16
1 3 5 1 100 0.75 2 278 50 81 68 32 47 17 17
1 3 5 1 100 0.75 2 279 51 81 69 32 48 18 17
1 3 5 1 100 0.75 2 280 52 82 68 33 48 18 17
1 3 5 1 100 0.75 2 281 52 83 72 34 48 18 18
1 3 5 1 100 0.75 2 282 52 81 67 31 51 21 15
1 3 5 1 100 0.75 2 283 53 81 68 30 52 22 15
1 3 5 1 100 0.75 2 284 56 82 70 31 52 22 17
1 3 5 1 100 0.75 2 285 56 81 70 32 54 24 15
1 3 5 1 100 0.75 2 286 58 82 69 32 54 24 16
1 3 5 1 100 0.75 2 287 60 82 67 33 55 25 15
1 3 5 1 100 0.75 2 288 60 82 67 34 56 26 15
1 3 5 1 100 0.75 2 289 62 82 67 33 57 27 14
1 3 5 1 100 0.75 2 290 63 82 68 34 57 28 14
1 3 5 1 100 0.75 2 291 63 83 71 35 57 28 15
1 3 5 1 100 0.75 2 292 64 82 70 33 59 30 14
1 3 5 1 100 0.75 2 293 68 82 64 33 60 31 14
1 3 5 1 100 0.75 2 294 70 81 65 35 62 33 14
1 3 5 1 100 0.75 2 295 71 82 64 37 62 33 14
1 3 5 1 100 0.75 2 296 71 82 66 37 63 34 13
1 3 5 1 100 0.75 2 297 74 83 65 38 63 34 15
1 3 5 1 100 0.75 2 298 75 82 59 39 65 36 13
1 3 5 1 100 0.75 2 299 76 81 61 38 67 38 11
1 3 5 1 100 0.75 2 300 76 82 64 39 67 38 11
1 3 5 1 100 0.75 2 301 78 83 64 39 66 38 14
1 3 5 1 100 0.75 2 302 79 84 66 41 66 38 15
1 3 5 1 100 0.75 2 303 80 84 65 41 67 39 15
1 3 5 1 100 0.75 2 304 81 84 64 41 68 40 14
1 3 5 1 100 0.75 2 305 81 85 67 42 68 40 14
1 3 5 1 100 0.75 2 306 83 86 66 42 68 40 14
1 3 5 1 100 0.75 2 307 87 85 60 42 70 42 12
1 3 5 1 100 0.75 2 308 89 83 58 43 73 45 10
1 3 5 1 100 0.75 2 309 90 83 59 44 74 46 9
1 3 5 1 100 0.75 2 310 90 84 63 45 74 46 11
1 3 5 1 100 0.75 2 311 90 85 61 45 74 46 11
1 3 5 1 100 0.75 2 312 90 86 64 45 74 46 12
1 3 5 1 100 0.75 2 313 93 87 63 45 74 46 14
1 3 5 1 100 0.75 2 314 95 87 64 47 75 47 14
1 3 5 1 100 0.75 2 315 95 88 67 49 75 47 17
1 3 5 1 100 0.75 2 316 100 87 62 47 77 49 17
1 3 5 1 100 0.75 2 317 102 86 60 50 79 51 16
1 3 5 1 100 0.75 2 318 103 87 61 52 79 51 16
1 3 5 1 100 0.75 2 319 105 87 58 52 80 52 15
1 3 5 1 100 0.75 2 320 108 87 56 53 81 53 14
1 3 5 1 100 0.75 2 321 108 87 60 55 82 54 16
1 3 5 1 100 0.75 2 322 108 88 61 55 82 54 17
1 3 5 1 100 0.75 2 323 111 88 63 55 83 55 19
1 3 5 1 100 0.75 2 324 111 89 62 58 83 55 20
1 3 5 1 100 0.75 2 325 111 90 65 58 82 55 20
1 3 5 1 100 0.75 2 326 111 90 68 57 83 56 20
1 3 5 1 100 0.75 2 327 112 90 71 56 84 57 20
1 3 5 1 100 0.75 2 328 112 90 73 56 85 58 21
1 3 5 1 100 0.75 2 329 113 91 72 56 85 58 21
1 3 5 1 100 0.75 2 330 114 91 74 56 86 59 23
1 3 5 1 100 0.75 2 330 114 91 91 56 108 59 23
1 3 5 1 100 0.75 2 360 114 91 91 56 33 59 23
1 3 5 1 100 0.75 3 361 0 1 1 0 33 0 0
1 3 5 1 100 0.75 3 362 0 2 2 0 33 0 0
1 3 5 1 100 0.75 3 363 0 3 3 0 33 0 0
1 3 5 1 100 0.75 3 364 0 4 4 0 33 0 0
1 3 5 1 100 0.75 3 365 0 5 5 0 33 0 0
1 3 5 1 100 0.75 3 366 0 6 6 0 33 0 0
1 3 5 1 100 0.75 3 367 0 7 7 0 33 0 0
1 3 5 1 100 0.75 3 368 0 8 8 0 33 0 0
1 3 5 1 100 0.75 3 369 0 9 9 0 33 0 0
1 3 5 1 100 0.75 3 370 0 10 10 0 33 0 0
1 3 5 1 100 0.75 3 371 0 11 11 0 33 0 0
1 3 5 1 100 0.75 3 372 0 12 12 0 33 0 0
1 3 5 1 100 0.75 3 373 0 13 13 0 33 0 0
1 3 5 1 100 0.75 3 374 0 14 14 0 33 0 0
1 3 5 1 100 0.75 3 375 0 15 15 0 33 0 0
1 3 5 1 100 0.75 3 376 0 16 16 0 33 0 0
1 3 5 1 100 0.75 3 377 0 17 17 0 33 0 0
1 3 5 1 100 0.75 3 378 0 18 18 0 33 0 0
1 3 5 1 100 0.75 3 379 0 19 19 0 33 0 0
1 3 5 1 100 0.75 3 380 0 20 20 0 33 0 0
1 3 5 1 100 0.75 3 381 0 21 21 0 33 0 0
1 3 5 1 100 0.75 3 382 0 22 22 0 33 0 0
1 3 5 1 100 0.75 3 383 1 23 22 0 33 0 0
1 3 5 1 100 0.75 3 384 1 24 23 1 33 0 0
1 3 5 1 100 0.75 3 385 3 25 22 1 33 0 0
1 3 5 1 100 0.75 3 386 3 26 23 3 33 0 0
1 3 5 1 100 0.75 3 387 3 27 24 3 33 0 0
1 3 5 1 100 0.75 3 388 3 28 25 3 33 0 0
1 3 5 1 100 0.75 3 389 4 29 25 3 33 0 0
1 3 5 1 100 0.75 3 390 5 30 26 4 33 0 0
1 3 5 1 100 0.75 3 391 5 31 27 5 33 0 0
1 3 5 1 100 0.75 3 392 5 32 29 5 33 0 0
1 3 5 1 100 0.75 3 393 6 33 30 5 33 0 1
1 3 5 1 100 0.75 3 394 7 34 28 6 33 0 1
1 3 5 1 100 0.75 3 395 7 35 31 7 33 0 1
1 3 5 1 100 0.75 3 396 7 36 32 7 33 0 1
1 3 5 1 100 0.75 3 397 8 37 33 7 33 0 2
1 3 5 1 100 0.75 3 398 9 38 32 8 33 0 2
1 3 5 1 100 0.75 3 399 9 39 35 9 33 0 2
1 3 5 1 100 0.75 3 400 11 40 34 9 33 0 3
1 3 5 1 100 0.75 3 401 12 41 35 11 33 0 3
1 3 5 1 100 0.75 3 402 13 42 34 12 33 0 3
1 3 5 1 100 0.75 3 403 13 43 34 13 33 0 3
1 3 5 1 100 0.75 3 404 15 44 35 13 33 0 3
1 3 5 1 100 0.75 3 405 15 45 37 15 33 0 5
1 3 5 1 100 0.75 3 406 16 46 38 15 33 0 5
1 3 5 1 100 0.75 3 407 16 47 40 16 33 0 6
1 3 5 1 100 0.75 3 408 18 48 41 16 33 0 6
1 3 5 1 100 0.75 3 409 18 49 42 18 33 0 7
1 3 5 1 100 0.75 3 410 18 49 41 17 34 1 6
1 3 5 1 100 0.75 3 411 18 50 43 17 34 1 7
1 3 5 1 100 0.75 3 412 19 51 44 17 34 1 8
1 3 5 1 100 0.75 3 413 20 52 44 18 34 1 8
1 3 5 1 100 0.75 3 414 20 53 46 19 34 1 9
1 3 5 1 100 0.75 3 415 20 54 49 19 34 1 10
1 3 5 1 100 0.75 3 416 20 54 50 18 35 2 9
1 3 5 1 100 0.75 3 417 20 54 49 17 36 3 8
1 3 5 1 100 0.75 3 418 20 55 50 17 36 3 8
1 3 5 1 100 0.75 3 419 22 56 50 17 36 3 8
1 3 5 1 100 0.75 3 420 22 57 51 19 36 3 9
1 3 5 1 100 0.75 3 421 24 58 50 19 36 3 10
1 3 5 1 100 0.75 3 422 24 58 51 20 37 4 9
1 3 5 1 100 0.75 3 423 24 59 51 20 37 4 9
1 3 5 1 100 0.75 3 424 24 59 52 19 38 5 8
1 3 5 1 100 0.75 3 425 25 60 51 19 38 5 8
1 3 5 1 100 0.75 3 426 26 61 54 20 38 5 10
1 3 5 1 100 0.75 3 427 26 60 52 19 40 7 8
1 3 5 1 100 0.75 3 428 28 60 53 18 41 8 9
1 3 5 1 100 0.75 3 429 28 60 53 19 42 9 8
1 3 5 1 100 0.75 3 430 28 61 55 19 42 9 8
1 3 5 1 100 0.75 3 431 28 62 53 19 42 9 8
1 3 5 1 100 0.75 3 432 30 62 55 18 43 10 8
1 3 5 1 100 0.75 3 433 32 63 55 20 43 10 9
1 3 5 1 100 0.75 3 434 33 63 52 21 44 11 8
1 3 5 1 100 0.75 3 435 34 64 54 22 44 11 9
1 3 5 1 100 0.75 3 436 34 65 55 23 44 11 10
1 3 5 1 100 0.75 3 437 35 65 55 22 45 12 9
1 3 5 1 100 0.75 3 438 38 65 53 22 46 13 8
1 3 5 1 100 0.75 3 439 38 66 54 25 46 13 8
1 3 5 1 100 0.75 3 440 38 67 58 25 46 13 10
1 3 5 1 100 0.75 3 441 41 67 55 24 47 14 10
1 3 5 1 100 0.75 3 442 42 68 56 27 47 14 10
1 3 5 1 100 0.75 3 443 44 67 54 26 49 16 9
1 3 5 1 100 0.75 3 444 45 68 53 28 49 16 9
1 3 5 1 100 0.75 3 445 45 68 56 28 50 17 9
1 3 5 1 100 0.75 3 446 45 69 56 28 50 17 10
1 3 5 1 100 0.75 3 447 45 70 57 28 50 17 10
1 3 5 1 100 0.75 3 448 46 70 59 27 51 18 11
1 3 5 1 100 0.75 3 449 46 71 60 28 51 18 11
1 3 5 1 100 0.75 3 450 47 71 59 27 52 19 11
1 3 5 1 100 0.75 3 451 51 70 55 26 54 21 10
1 3 5 1 100 0.75 3 452 53 71 55 30 54 21 10
1 3 5 1 100 0.75 3 453 55 72 54 32 54 21 10
1 3 5 1 100 0.75 3 454 57 73 53 34 54 21 10
1 3 5 1 100 0.75 3 455 58 74 53 36 54 21 10
1 3 5 1 100 0.75 3 456 58 75 53 37 54 21 11
1 3 5 1 100 0.75 3 457 58 73 54 34 57 24 8
1 3 5 1 100 0.75 3 458 61 74 55 34 57 24 11
1 3 5 1 100 0.75 3 459 62 75 55 37 57 24 12
1 3 5 1 100 0.75 3 460 63 76 59 38 57 24 13
1 3 5 1 100 0.75 3 461 64 77 62 39 57 24 13
1 3 5 1 100 0.75 3 462 65 77 60 39 58 25 13
1 3 5 1 100 0.75 3 463 66 77 61 39 59 26 12
1 3 5 1 100 0.75 3 464 66 77 57 39 60 27 11
1 3 5 1 100 0.75 3 465 67 76 57 37 62 29 9
1 3 5 1 100 0.75 3 466 68 77 59 38 62 29 12
1 3 5 1 100 0.75 3 467 69 77 61 38 63 30 12
1 3 5 1 100 0.75 3 468 69 77 60 38 64 31 12
1 3 5 1 100 0.75 3 469 71 78 61 38 64 31 12
1 3 5 1 100 0.75 3 470 72 79 62 40 64 31 12
1 3 5 1 100 0.75 3 471 74 80 59 41 64 31 12
1 3 5 1 100 0.75 3 472 75 81 61 43 64 31 12
1 3 5 1 100 0.75 3 473 76 82 60 44 64 31 12
1 3 5 1 100 0.75 3 474 78 82 59 44 65 32 11
1 3 5 1 100 0.75 3 475 80 81 55 44 67 34 10
1 3 5 1 100 0.75 3 476 80 82 60 46 67 34 11
1 3 5 1 100 0.75 3 477 82 83 57 46 67 34 11
1 3 5 1 100 0.75 3 478 82 82 55 46 69 36 10
1 3 5 1 100 0.75 3 479 84 82 58 45 70 37 11
1 3 5 1 100 0.75 3 480 84 82 56 46 71 38 11
1 3 5 1 100 0.75 3 481 86 82 57 45 72 39 10
1 3 5 1 100 0.75 3 482 86 83 59 47 72 39 12
1 3 5 1 100 0.75 3 483 89 83 57 46 73 40 11
1 3 5 1 100 0.75 3 484 89 84 58 49 73 40 12
1 3 5 1 100 0.75 3 485 90 83 59 47 75 42 11
1 3 5 1 100 0.75 3 486 92 83 57 47 76 43 10
1 3 5 1 100 0.75 3 487 93 84 58 49 76 43 10
1 3 5 1 100 0.75 3 488 94 85 57 50 76 43 11
1 3 5 1 100 0.75 3 489 97 86 58 51 75 43 12
1 3 5 1 100 0.75 3 490 98 86 57 53 76 44 11
1 3 5 1 100 0.75 3 491 101 87 57 54 76 44 12
1 3 5 1 100 0.75 3 492 102 88 56 57 76 44 12
1 3 5 1 100 0.75 3 493 103 89 58 58 76 44 14
1 3 5 1 100 0.75 3 494 105 90 57 59 76 44 15
1 3 5 1 100 0.75 3 495 106 90 58 60 77 45 15
1 3 5 1 100 0.75 3 496 107 90 57 60 78 46 15
1 3 5 1 100 0.75 3 497 107 89 60 59 80 48 16
1 3 5 1 100 0.75 3 498 109 90 59 59 80 48 19
1 3 5 1 100 0.75 3 499 112 90 61 60 81 49 20
1 3 5 1 100 0.75 3 500 113 90 60 62 82 50 20
1 3 5 1 100 0.75 3 501 114 89 60 61 84 52 20
1 3 5 1 100 0.75 3 502 115 89 60 61 85 53 20
1 3 5 1 100 0.75 3 503 115 89 60 61 86 54 19
1 3 5 1 100 0.75 3 504 116 90 58 61 86 54 19
1 3 5 1 100 0.75 3 505 117 90 59 61 87 55 19
1 3 5 1 100 0.75 3 506 119 91 63 62 87 55 22
1 3 5 1 100 0.75 3 507 121 92 59 64 87 55 22
1 3 5 1 100 0.75 3 508 123 92 59 65 88 56 23
1 3 5 1 100 0.75 3 509 125 93 62 67 88 56 24
1 3 5 1 100 0.75 3 510 127 94 62 69 88 56 24
1 3 5 1 100 0.75 3 510 127 94 94 69 110 56 24
1 3 5 1 100 0.75 3 540 127 94 94 69 33 56 24
1 3 5 1 100 0.75 4 541 0 1 1 0 33 0 0
1 3 5 1 100 0.75 4 542 0 2 2 0 33 0 0
1 3 5 1 100 0.75 4 543 0 3 3 0 33 0 0
1 3 5 1 100 0.75 4 544 0 4 4 0 33 0 0
1 3 5 1 100 0.75 4 545 0 5 5 0 33 0 0
1 3 5 1 100 0.75 4 546 0 6 6 0 33 0 0
1 3 5 1 100 0.75 4 547 0 7 7 0 33 0 0
1 3 5 1 100 0.75 4 548 0 8 8 0 33 0 0
1 3 5 1 100 0.75 4 549 0 9 9 0 33 0 0
1 3 5 1 100 0.75 4 550 0 10 10 0 33 0 0
1 3 5 1 100 0.75 4 551 0 11 11 0 33 0 0
1 3 5 1 100 0.75 4 552 0 12 11 0 33 0 0
1 3 5 1 100 0.75 4 553 0 13 13 0 33 0 0
1 3 5 1 100 0.75 4 554 0 14 14 0 33 0 0
1 3 5 1 100 0.75 4 555 0 15 15 0 33 0 0
1 3 5 1 100 0.75 4 556 0 16 15 0 33 0 0
1 3 5 1 100 0.75 4 557 0 17 17 0 33 0 0
1 3 5 1 100 0.75 4 558 1 18 16 0 33 0 0
1 3 5 1 100 0.75 4 559 2 19 17 1 33 0 0
1 3 5 1 100 0.75 4 560 2 20 18 2 33 0 0
1 3 5 1 100 0.75 4 561 2 21 19 2 33 0 0
1 3 5 1 100 0.75 4 562 3 22 19 2 33 0 0
1 3 5 1 100 0.75 4 563 3 23 20 3 33 0 0
1 3 5 1 100 0.75 4 564 4 24 20 3 33 0 0
1 3 5 1 100 0.75 4 565 4 25 21 4 33 0 1
1 3 5 1 100 0.75 4 566 4 26 23 4 33 0 1
1 3 5 1 100 0.75 4 567 4 27 25 4 33 0 2
1 3 5 1 100 0.75 4 568 4 28 26 4 33 0 2
1 3 5 1 100 0.75 4 569 4 29 26 4 33 0 2
1 3 5 1 100 0.75 4 570 4 30 28 4 33 0 3
1 3 5 1 100 0.75 4 571 4 31 29 4 33 0 3
1 3 5 1 100 0.75 4 572 6 32 30 4 33 0 3
1 3 5 1 100 0.75 4 573 6 33 30 6 33 0 3
1 3 5 1 100 0.75 4 574 6 34 32 6 33 0 3
1 3 5 1 100 0.75 4 575 6 35 32 6 33 0 3
1 3 5 1 100 0.75 4 576 6 36 34 6 33 0 3
1 3 5 1 100 0.75 4 577 6 37 34 6 33 0 3
1 3 5 1 100 0.75 4 578 7 38 35 6 33 0 3
1 3 5 1 100 0.75 4 579 7 39 35 7 33 0 3
1 3 5 1 100 0.75 4 580 7 40 36 7 33 0 3
1 3 5 1 100 0.75 4 581 8 41 35 7 33 0 3
1 3 5 1 100 0.75 4 582 8 41 36 7 34 1 2
1 3 5 1 100 0.75 4 583 9 41 37 6 35 2 1
1 3 5 1 100 0.75 4 584 9 42 38 7 35 2 1
1 3 5 1 100 0.75 4 585 10 43 38 7 35 2 1
1 3 5 1 100 0.75 4 586 10 44 40 8 35 2 2
1 3 5 1 100 0.75 4 587 10 45 40 8 35 2 2
1 3 5 1 100 0.75 4 588 11 46 42 8 35 2 3
1 3 5 1 100 0.75 4 589 12 47 41 9 35 2 3
1 3 5 1 100 0.75 4 590 12 47 42 9 36 3 2
1 3 5 1 100 0.75 4 591 12 48 43 9 36 3 3
1 3 5 1 100 0.75 4 592 12 49 45 9 36 3 4
1 3 5 1 100 0.75 4 593 13 50 44 9 36 3 4
1 3 5 1 100 0.75 4 594 13 51 46 10 36 3 4
1 3 5 1 100 0.75 4 595 13 52 47 10 36 3 4
1 3 5 1 100 0.75 4 596 13 53 49 10 36 3 6
1 3 5 1 100 0.75 4 597 13 54 50 10 36 3 6
1 3 5 1 100 0.75 4 598 15 55 50 10 36 3 6
1 3 5 1 100 0.75 4 599 16 56 50 12 36 3 6
1 3 5 1 100 0.75 4 600 16 57 51 13 36 3 6
1 3 5 1 100 0.75 4 601 17 58 51 13 36 3 7
1 3 5 1 100 0.75 4 602 18 59 52 14 36 3 7
1 3 5 1 100 0.75 4 603 19 60 51 15 36 3 7
1 3 5 1 100 0.75 4 604 19 60 52 15 37 4 6
1 3 5 1 100 0.75 4 605 19 61 55 15 37 4 8
1 3 5 1 100 0.75 4 606 19 62 56 15 37 4 8
1 3 5 1 100 0.75 4 607 20 63 57 15 37 4 9
1 3 5 1 100 0.75 4 608 20 62 56 14 39 6 8
1 3 5 1 100 0.75 4 609 21 63 57 14 39 6 8
1 3 5 1 100 0.75 4 610 21 64 59 15 39 6 9
1 3 5 1 100 0.75 4 611 22 64 59 14 40 7 8
1 3 5 1 100 0.75 4 612 23 64 57 14 41 8 7
1 3 5 1 100 0.75 4 613 24 65 56 15 41 8 7
1 3 5 1 100 0.75 4 614 24 65 58 15 42 9 6
1 3 5 1 100 0.75 4 615 24 66 58 15 42 9 7
1 3 5 1 100 0.75 4 616 24 67 61 15 42 9 8
1 3 5 1 100 0.75 4 617 25 68 60 15 42 9 8
1 3 5 1 100 0.75 4 618 25 69 64 16 42 9 8
1 3 5 1 100 0.75 4 619 25 70 64 16 42 9 8
1 3 5 1 100 0.75 4 620 26 70 64 15 43 10 7
1 3 5 1 100 0.75 4 621 26 71 66 16 43 10 7
1 3 5 1 100 0.75 4 622 28 71 62 15 44 11 6
1 3 5 1 100 0.75 4 623 29 71 62 16 45 12 5
1 3 5 1 100 0.75 4 624 29 72 64 17 45 12 5
1 3 5 1 100 0.75 4 625 29 71 64 15 47 14 4
1 3 5 1 100 0.75 4 626 29 71 65 14 48 15 3
1 3 5 1 100 0.75 4 627 30 72 64 14 48 15 3
1 3 5 1 100 0.75 4 628 32 73 65 15 48 15 4
1 3 5 1 100 0.75 4 629 36 74 63 17 48 15 5
1 3 5 1 100 0.75 4 630 36 75 63 21 48 15 6
1 3 5 1 100 0.75 4 631 36 76 65 21 48 15 6
1 3 5 1 100 0.75 4 632 36 76 63 20 49 16 5
1 3 5 1 100 0.75 4 633 36 77 67 20 49 16 5
1 3 5 1 100 0.75 4 634 36 78 65 20 49 16 5
1 3 5 1 100 0.75 4 635 36 78 67 19 50 17 6
1 3 5 1 100 0.75 4 636 39 79 67 19 50 17 8
1 3 5 1 100 0.75 4 637 41 80 71 22 50 17 10
1 3 5 1 100 0.75 4 638 41 81 71 24 50 17 10
1 3 5 1 100 0.75 4 639 41 82 73 24 50 17 10
1 3 5 1 100 0.75 4 640 42 83 73 24 50 17 10
1 3 5 1 100 0.75 4 641 42 84 74 25 50 17 10
1 3 5 1 100 0.75 4 642 43 85 75 25 50 17 10
1 3 5 1 100 0.75 4 643 44 85 74 25 51 18 9
1 3 5 1 100 0.75 4 644 45 86 77 26 51 18 12
1 3 5 1 100 0.75 4 645 46 87 76 27 51 18 12
1 3 5 1 100 0.75 4 646 48 87 74 27 52 19 11
1 3 5 1 100 0.75 4 647 48 86 74 27 54 21 9
1 3 5 1 100 0.75 4 648 48 87 74 27 54 21 10
1 3 5 1 100 0.75 4 649 48 88 74 27 54 21 10
1 3 5 1 100 0.75 4 650 49 89 77 27 54 21 12
1 3 5 1 100 0.75 4 651 50 89 73 28 55 22 11
1 3 5 1 100 0.75 4 652 52 89 76 28 56 23 11
1 3 5 1 100 0.75 4 653 56 88 70 28 58 25 10
1 3 5 1 100 0.75 4 654 59 89 72 32 58 25 11
1 3 5 1 100 0.75 4 655 60 90 70 35 58 25 11
1 3 5 1 100 0.75 4 656 62 90 69 35 59 26 10
1 3 5 1 100 0.75 4 657 64 90 69 36 60 27 10
1 3 5 1 100 0.75 4 658 64 91 69 38 60 27 10
1 3 5 1 100 0.75 4 659 64 90 69 36 62 29 9
1 3 5 1 100 0.75 4 660 65 90 68 36 63 30 11
1 3 5 1 100 0.75 4 661 67 91 72 37 63 30 14
1 3 5 1 100 0.75 4 662 69 92 72 39 63 30 14
1 3 5 1 100 0.75 4 663 70 93 73 41 63 30 16
1 3 5 1 100 0.75 4 664 70 94 76 42 63 30 16
1 3 5 1 100 0.75 4 665 70 94 75 41 64 31 15
1 3 5 1 100 0.75 4 666 72 94 75 40 64 32 14
1 3 5 1 100 0.75 4 667 73 94 75 41 65 33 15
1 3 5 1 100 0.75 4 668 75 95 73 42 65 33 15
1 3 5 1 100 0.75 4 669 77 96 77 44 65 33 18
1 3 5 1 100 0.75 4 670 79 97 76 46 65 33 19
1 3 5 1 100 0.75 4 671 79 97 77 47 66 34 18
1 3 5 1 100 0.75 4 672 81 97 75 46 67 35 17
1 3 5 1 100 0.75 4 673 83 97 73 47 68 36 16
1 3 5 1 100 0.75 4 674 84 97 75 48 69 37 18
1 3 5 1 100 0.75 4 675 85 98 76 49 69 37 18
1 3 5 1 100 0.75 4 676 87 96 74 47 72 40 16
1 3 5 1 100 0.75 4 677 88 94 71 46 75 43 14
1 3 5 1 100 0.75 4 678 89 95 72 47 75 43 14
1 3 5 1 100 0.75 4 679 91 96 69 48 75 43 14
1 3 5 1 100 0.75 4 680 93 94 70 47 78 46 13
1 3 5 1 100 0.75 4 681 93 95 71 49 78 46 14
1 3 5 1 100 0.75 4 682 94 96 74 49 78 46 14
1 3 5 1 100 0.75 4 683 95 97 68 50 78 46 16
1 3 5 1 100 0.75 4 684 95 97 75 50 79 47 17
1 3 5 1 100 0.75 4 685 98 98 70 50 79 47 17
1 3 5 1 100 0.75 4 686 99 97 73 51 81 49 16
1 3 5 1 100 0.75 4 687 99 96 71 50 83 51 14
1 3 5 1 100 0.75 4 688 102 96 71 49 84 52 14
1 3 5 1 100 0.75 4 689 107 97 65 52 84 52 14
1 3 5 1 100 0.75 4 690 107 98 71 57 84 52 15
1 3 5 1 100 0.75 4 690 107 98 98 57 97 52 15
1 3 5 1 100 0.75 4 720 107 98 98 57 33 52 15
1 3 5 1 100 0.75 5 721 0 1 1 0 33 0 0
1 3 5 1 100 0.75 5 722 0 2 2 0 33 0 0
1 3 5 1 100 0.75 5 723 0 3 3 0 33 0 0
1 3 5 1 100 0.75 5 724 0 4 4 0 33 0 0
1 3 5 1 100 0.75 5 725 0 5 5 0 33 0 0
1 3 5 1 100 0.75 5 726 0 6 6 0 33 0 0
1 3 5 1 100 0.75 5 727 0 7 7 0 33 0 0
1 3 5 1 100 0.75 5 728 0 8 8 0 33 0 0
1 3 5 1 100 0.75 5 729 0 9 9 0 33 0 0
1 3 5 1 100 0.75 5 730 0 10 10 0 33 0 0
1 3 5 1 100 0.75 5 731 0 11 11 0 33 0 0
1 3 5 1 100 0.75 5 732 0 12 12 0 33 0 0
1 3 5 1 100 0.75 5 733 0 13 13 0 33 0 0
1 3 5 1 100 0.75 5 734 0 14 13 0 33 0 0
1 3 5 1 100 0.75 5 735 0 15 15 0 33 0 0
1 3 5 1 100 0.75 5 736 0 16 15 0 33 0 0
1 3 5 1 100 0.75 5 737 0 17 17 0 33 0 0
1 3 5 1 100 0.75 5 738 1 18 17 0 33 0 0
1 3 5 1 100 0.75 5 739 1 19 18 1 33 0 0
1 3 5 1 100 0.75 5 740 2 20 18 1 33 0 0
1 3 5 1 100 0.75 5 741 2 21 19 2 33 0 0
1 3 5 1 100 0.75 5 742 3 22 19 2 33 0 0
1 3 5 1 100 0.75 5 743 3 23 20 3 33 0 0
1 3 5 1 100 0.75 5 744 3 24 21 3 33 0 0
1 3 5 1 100 0.75 5 745 3 25 22 3 33 0 1
1 3 5 1 100 0.75 5 746 3 26 23 3 33 0 1
1 3 5 1 100 0.75 5 747 4 27 25 3 33 0 2
1 3 5 1 100 0.75 5 748 4 28 25 4 33 0 2
1 3 5 1 100 0.75 5 749 4 29 27 4 33 0 2
1 3 5 1 100 0.75 5 750 4 30 28 4 33 0 3
1 3 5 1 100 0.75 5 751 4 31 30 4 33 0 3
1 3 5 1 100 0.75 5 752 4 32 30 4 33 0 3
1 3 5 1 100 0.75 5 753 4 33 32 4 33 0 3
1 3 5 1 100 0.75 5 754 4 34 32 4 33 0 3
1 3 5 1 100 0.75 5 755 4 35 35 4 33 0 3
1 3 5 1 100 0.75 5 756 6 36 34 4 33 0 3
1 3 5 1 100 0.75 5 757 7 37 34 6 33 0 3
1 3 5 1 100 0.75 5 758 7 38 35 7 33 0 3
1 3 5 1 100 0.75 5 759 8 39 34 7 33 0 3
1 3 5 1 100 0.75 5 760 9 40 33 8 33 0 3
1 3 5 1 100 0.75 5 761 11 41 34 9 33 0 3
1 3 5 1 100 0.75 5 762 11 42 35 11 33 0 3
1 3 5 1 100 0.75 5 763 12 42 35 10 34 1 3
1 3 5 1 100 0.75 5 764 13 43 37 11 34 1 5
1 3 5 1 100 0.75 5 765 14 44 36 12 34 1 5
1 3 5 1 100 0.75 5 766 14 45 37 13 34 1 6
1 3 5 1 100 0.75 5 767 14 44 36 11 36 3 5
1 3 5 1 100 0.75 5 768 14 45 42 11 36 3 7
1 3 5 1 100 0.75 5 769 16 46 40 11 36 3 7
1 3 5 1 100 0.75 5 770 17 47 41 13 36 3 7
1 3 5 1 100 0.75 5 771 17 48 42 14 36 3 8
1 3 5 1 100 0.75 5 772 17 49 45 14 36 3 9
1 3 5 1 100 0.75 5 773 18 50 44 14 36 3 10
1 3 5 1 100 0.75 5 774 18 51 45 15 36 3 10
1 3 5 1 100 0.75 5 775 18 52 48 15 36 3 10
1 3 5 1 100 0.75 5 776 19 53 49 15 36 3 12
1 3 5 1 100 0.75 5 777 19 54 49 16 36 3 12
1 3 5 1 100 0.75 5 778 19 55 52 16 36 3 12
1 3 5 1 100 0.75 5 779 20 55 50 15 37 4 11
1 3 5 1 100 0.75 5 780 20 54 51 14 39 6 9
1 3 5 1 100 0.75 5 781 21 54 50 13 40 7 9
1 3 5 1 100 0.75 5 782 21 55 51 14 40 7 9
1 3 5 1 100 0.75 5 783 22 55 51 13 41 8 8
1 3 5 1 100 0.75 5 784 23 56 51 14 41 8 8
1 3 5 1 100 0.75 5 785 25 57 49 15 41 8 8
1 3 5 1 100 0.75 5 786 27 58 51 17 41 8 9
1 3 5 1 100 0.75 5 787 28 56 47 16 44 11 6
1 3 5 1 100 0.75 5 788 28 56 48 16 45 12 5
1 3 5 1 100 0.75 5 789 28 57 50 16 45 12 5
1 3 5 1 100 0.75 5 790 29 58 51 16 45 12 6
1 3 5 1 100 0.75 5 791 31 58 47 16 46 13 5
1 3 5 1 100 0.75 5 792 33 59 49 18 46 13 7
1 3 5 1 100 0.75 5 793 34 58 48 18 48 15 7
1 3 5 1 100 0.75 5 794 36 59 50 19 48 15 8
1 3 5 1 100 0.75 5 795 37 60 48 21 48 15 8
1 3 5 1 100 0.75 5 796 37 61 51 22 48 15 8
1 3 5 1 100 0.75 5 797 37 62 52 22 48 15 8
1 3 5 1 100 0.75 5 798 38 62 52 21 49 16 10
1 3 5 1 100 0.75 5 799 39 63 52 22 49 16 10
1 3 5 1 100 0.75 5 800 41 64 56 23 49 16 11
1 3 5 1 100 0.75 5 801 43 64 53 24 50 17 10
1 3 5 1 100 0.75 5 802 44 65 56 26 50 17 12
1 3 5 1 100 0.75 5 803 45 66 55 27 50 17 13
1 3 5 1 100 0.75 5 804 46 67 56 28 50 17 13
1 3 5 1 100 0.75 5 805 46 68 57 29 50 17 13
1 3 5 1 100 0.75 5 806 47 69 57 29 50 17 14
1 3 5 1 100 0.75 5 807 48 68 55 28 52 19 13
1 3 5 1 100 0.75 5 808 48 69 55 29 52 19 14
1 3 5 1 100 0.75 5 809 48 70 58 29 52 19 16
1 3 5 1 100 0.75 5 810 48 70 59 28 53 20 17
1 3 5 1 100 0.75 5 811 51 70 56 27 54 21 16
1 3 5 1 100 0.75 5 812 51 71 58 30 54 21 17
1 3 5 1 100 0.75 5 813 53 71 57 29 55 22 17
1 3 5 1 100 0.75 5 814 53 71 59 30 56 23 17
1 3 5 1 100 0.75 5 815 55 72 58 30 56 23 17
1 3 5 1 100 0.75 5 816 57 70 51 29 59 26 14
1 3 5 1 100 0.75 5 817 57 71 54 31 59 26 14
1 3 5 1 100 0.75 5 818 58 71 57 30 60 27 14
1 3 5 1 100 0.75 5 819 58 71 57 30 61 28 14
1 3 5 1 100 0.75 5 820 60 71 54 29 62 29 14
1 3 5 1 100 0.75 5 821 61 72 58 31 62 29 15
1 3 5 1 100 0.75 5 822 63 72 57 31 63 30 15
1 3 5 1 100 0.75 5 823 64 73 57 33 63 30 17
1 3 5 1 100 0.75 5 824 65 72 55 32 65 32 16
1 3 5 1 100 0.75 5 825 67 72 56 32 66 33 15
1 3 5 1 100 0.75 5 826 71 72 54 33 67 34 15
1 3 5 1 100 0.75 5 827 72 70 47 34 70 37 12
1 3 5 1 100 0.75 5 828 73 71 50 35 70 37 13
1 3 5 1 100 0.75 5 829 73 70 53 34 72 39 12
1 3 5 1 100 0.75 5 830 75 71 51 34 72 39 14
1 3 5 1 100 0.75 5 831 76 72 52 36 72 39 14
1 3 5 1 100 0.75 5 832 79 73 50 37 72 39 14
1 3 5 1 100 0.75 5 833 83 73 51 39 73 40 16
1 3 5 1 100 0.75 5 834 86 74 49 43 73 40 18
1 3 5 1 100 0.75 5 835 86 74 55 45 74 41 18
1 3 5 1 100 0.75 5 836 86 75 52 45 74 41 18
1 3 5 1 100 0.75 5 837 86 75 56 44 75 42 17
1 3 5 1 100 0.75 5 838 87 75 55 43 76 43 17
1 3 5 1 100 0.75 5 839 87 74 56 42 78 45 15
1 3 5 1 100 0.75 5 840 87 75 60 42 78 45 19
1 3 5 1 100 0.75 5 841 88 75 62 41 79 46 20
1 3 5 1 100 0.75 5 842 88 74 62 40 81 48 19
1 3 5 1 100 0.75 5 843 91 74 61 39 82 49 18
1 3 5 1 100 0.75 5 844 92 75 58 42 82 49 18
1 3 5 1 100 0.75 5 845 94 76 58 43 82 49 18
1 3 5 1 100 0.75 5 846 94 77 61 45 82 49 18
1 3 5 1 100 0.75 5 847 96 77 57 44 83 50 17
1 3 5 1 100 0.75 5 848 98 76 55 44 85 52 15
1 3 5 1 100 0.75 5 849 99 76 53 45 86 53 15
1 3 5 1 100 0.75 5 850 101 76 53 45 87 54 15
1 3 5 1 100 0.75 5 851 104 75 53 45 89 56 15
1 3 5 1 100 0.75 5 852 105 74 47 46 90 58 14
1 3 5 1 100 0.75 5 853 105 74 53 46 91 59 15
1 3 5 1 100 0.75 5 854 106 75 54 46 91 59 15
1 3 5 1 100 0.75 5 855 106 75 54 46 92 60 15
1 3 5 1 100 0.75 5 856 107 75 55 45 93 61 16
1 3 5 1 100 0.75 5 857 110 75 54 45 94 62 16
1 3 5 1 100 0.75 5 858 111 75 54 47 95 63 16
1 3 5 1 100 0.75 5 859 113 75 54 47 96 64 17
1 3 5 1 100 0.75 5 860 115 75 52 48 97 65 17
1 3 5 1 100 0.75 5 861 117 74 50 48 99 67 15
1 3 5 1 100 0.75 5 862 119 75 48 50 99 67 16
1 3 5 1 100 0.75 5 863 119 76 52 52 99 67 16
1 3 5 1 100 0.75 5 864 121 76 50 51 100 68 18
1 3 5 1 100 0.75 5 865 122 77 55 53 100 68 19
1 3 5 1 100 0.75 5 866 123 77 52 53 101 69 20
1 3 5 1 100 0.75 5 867 124 78 54 54 101 69 21
1 3 5 1 100 0.75 5 868 124 78 57 55 102 70 22
1 3 5 1 100 0.75 5 869 127 79 58 55 102 70 25
1 3 5 1 100 0.75 5 870 128 77 50 56 105 73 22
1 3 5 1 100 0.75 5 870 128 77 77 56 126 73 22
1 3 5 1 100 0.75 5 900 128 77 77 56 33 73 22
1 3 5 1 100 0.75 6 901 0 1 1 0 33 0 0
1 3 5 1 100 0.75 6 902 0 2 2 0 33 0 0
1 3 5 1 100 0.75 6 903 0 3 3 0 33 0 0
1 3 5 1 100 0.75 6 904 0 4 4 0 33 0 0
1 3 5 1 100 0.75 6 905 0 5 5 0 33 0 0
1 3 5 1 100 0.75 6 906 0 6 6 0 33 0 0
1 3 5 1 100 0.75 6 907 0 7 7 0 33 0 0
1 3 5 1 100 0.75 6 908 0 8 8 0 33 0 0
1 3 5 1 100 0.75 6 909 0 9 9 0 33 0 0
1 3 5 1 100 0.75 6 910 0 10 10 0 33 0 0
1 3 5 1 100 0.75 6 911 0 11 11 0 33 0 0
1 3 5 1 100 0.75 6 912 0 12 12 0 33 0 0
1 3 5 1 100 0.75 6 913 0 13 13 0 33 0 0
1 3 5 1 100 0.75 6 914 0 14 14 0 33 0 0
1 3 5 1 100 0.75 6 915 0 15 15 0 33 0 0
1 3 5 1 100 0.75 6 916 0 16 16 0 33 0 0
1 3 5 1 100 0.75 6 917 0 17 17 0 33 0 0
1 3 5 1 100 0.75 6 918 0 18 18 0 33 0 0
1 3 5 1 100 0.75 6 919 0 19 19 0 33 0 0
1 3 5 1 100 0.75 6 920 0 20 20 0 33 0 0
1 3 5 1 100 0.75 6 921 0 21 20 0 33 0 0
1 3 5 1 100 0.75 6 922 0 22 21 0 33 0 0
1 3 5 1 100 0.75 6 923 0 23 23 0 33 0 0
1 3 5 1 100 0.75 6 924 0 24 23 0 33 0 0
1 3 5 1 100 0.75 6 925 0 25 25 0 33 0 0
1 3 5 1 100 0.75 6 926 1 26 24 0 33 0 0
1 3 5 1 100 0.75 6 927 2 27 25 1 33 0 0
1 3 5 1 100 0.75 6 928 4 28 24 2 33 0 0
1 3 5 1 100 0.75 6 929 4 29 25 4 33 0 0
1 3 5 1 100 0.75 6 930 4 30 26 4 33 0 0
1 3 5 1 100 0.75 6 931 4 31 27 4 33 0 0
1 3 5 1 100 0.75 6 932 4 32 28 4 33 0 0
1 3 5 1 100 0.75 6 933 4 33 30 4 33 0 1
1 3 5 1 100 0.75 6 934 4 34 31 4 33 0 1
1 3 5 1 100 0.75 6 935 5 35 33 4 33 0 3
1 3 5 1 100 0.75 6 936 5 36 35 5 33 0 4
1 3 5 1 100 0.75 6 937 6 37 34 5 33 0 4
1 3 5 1 100 0.75 6 938 6 38 35 6 33 0 4
1 3 5 1 100 0.75 6 939 6 39 37 6 33 0 4
1 3 5 1 100 0.75 6 940 6 40 37 6 33 0 4
1 3 5 1 100 0.75 6 941 6 41 38 6 33 0 4
1 3 5 1 100 0.75 6 942 6 42 39 6 33 0 5
1 3 5 1 100 0.75 6 943 6 43 41 6 33 0 5
1 3 5 1 100 0.75 6 944 6 44 43 6 33 0 5
1 3 5 1 100 0.75 6 945 7 45 43 6 33 0 6
1 3 5 1 100 0.75 6 946 8 46 44 7 33 0 6
1 3 5 1 100 0.75 6 947 9 47 43 8 33 0 6
1 3 5 1 100 0.75 6 948 9 48 44 9 33 0 6
1 3 5 1 100 0.75 6 949 10 48 44 8 34 1 5
1 3 5 1 100 0.75 6 950 10 49 45 9 34 1 5
1 3 5 1 100 0.75 6 951 10 50 46 9 34 1 5
1 3 5 1 100 0.75 6 952 10 50 46 8 35 2 5
1 3 5 1 100 0.75 6 953 11 50 46 7 36 3 4
1 3 5 1 100 0.75 6 954 11 50 48 7 37 4 4
1 3 5 1 100 0.75 6 955 11 51 49 7 37 4 4
1 3 5 1 100 0.75 6 956 11 52 50 7 37 4 5
1 3 5 1 100 0.75 6 957 11 53 51 7 37 4 5
1 3 5 1 100 0.75 6 958 11 53 51 6 38 5 4
1 3 5 1 100 0.75 6 959 12 54 51 6 38 5 4
1 3 5 1 100 0.75 6 960 13 55 50 7 38 5 5
1 3 5 1 100 0.75 6 961 14 56 52 8 38 5 5
1 3 5 1 100 0.75 6 962 14 57 52 9 38 5 5
1 3 5 1 100 0.75 6 963 14 57 53 8 39 6 4
1 3 5 1 100 0.75 6 964 14 58 53 8 39 6 4
1 3 5 1 100 0.75 6 965 14 59 54 8 39 6 4
1 3 5 1 100 0.75 6 966 14 60 56 8 39 6 4
1 3 5 1 100 0.75 6 967 14 61 57 8 39 6 4
1 3 5 1 100 0.75 6 968 15 62 60 8 39 6 6
1 3 5 1 100 0.75 6 969 17 62 56 8 40 7 5
1 3 5 1 100 0.75 6 970 17 62 57 9 41 8 4
1 3 5 1 100 0.75 6 971 17 63 58 9 41 8 4
1 3 5 1 100 0.75 6 972 17 64 59 9 41 8 4
1 3 5 1 100 0.75 6 973 19 64 57 8 42 9 3
1 3 5 1 100 0.75 6 974 20 65 57 10 42 9 3
1 3 5 1 100 0.75 6 975 20 65 58 10 43 10 3
1 3 5 1 100 0.75 6 976 20 66 60 10 43 10 4
1 3 5 1 100 0.75 6 977 20 67 62 10 43 10 4
1 3 5 1 100 0.75 6 978 21 68 62 10 43 10 4
1 3 5 1 100 0.75 6 979 21 69 62 11 43 10 4
1 3 5 1 100 0.75 6 980 21 70 63 11 43 10 4
1 3 5 1 100 0.75 6 981 22 71 66 11 43 10 7
1 3 5 1 100 0.75 6 982 23 72 65 12 43 10 7
1 3 5 1 100 0.75 6 983 23 73 67 13 43 10 7
1 3 5 1 100 0.75 6 984 23 74 68 13 43 10 7
1 3 5 1 100 0.75 6 985 24 74 69 12 44 11 6
1 3 5 1 100 0.75 6 986 25 74 65 12 45 12 5
1 3 5 1 100 0.75 6 987 25 75 67 13 45 12 5
1 3 5 1 100 0.75 6 988 26 76 68 13 45 12 6
1 3 5 1 100 0.75 6 989 27 77 68 14 45 12 6
1 3 5 1 100 0.75 6 990 28 78 69 15 45 12 7
1 3 5 1 100 0.75 6 991 30 78 68 15 46 13 6
1 3 5 1 100 0.75 6 992 30 78 68 16 47 14 6
1 3 5 1 100 0.75 6 993 30 79 71 16 47 14 7
1 3 5 1 100 0.75 6 994 30 80 73 16 47 14 7
1 3 5 1 100 0.75 6 995 31 81 73 16 47 14 7
1 3 5 1 100 0.75 6 996 33 81 71 17 48 15 6
1 3 5 1 100 0.75 6 997 34 82 73 19 48 15 6
1 3 5 1 100 0.75 6 998 35 83 73 20 48 15 8
1 3 5 1 100 0.75 6 999 35 84 73 21 48 15 8
1 3 5 1 100 0.75 6 1000 35 83 73 19 50 17 6
1 3 5 1 100 0.75 6 1001 36 84 74 19 50 17 6
1 3 5 1 100 0.75 6 1002 36 85 78 20 50 17 6
1 3 5 1 100 0.75 6 1003 36 86 79 20 50 17 7
1 3 5 1 100 0.75 6 1004 37 87 82 20 50 17 9
1 3 5 1 100 0.75 6 1005 38 87 81 20 51 18 8
1 3 5 1 100 0.75 6 1006 38 87 82 20 52 19 8
1 3 5 1 100 0.75 6 1007 38 87 80 19 53 20 7
1 3 5 1 100 0.75 6 1008 39 88 81 19 53 20 8
1 3 5 1 100 0.75 6 1009 42 89 77 20 53 20 8
1 3 5 1 100 0.75 6 1010 43 90 80 23 53 20 8
1 3 5 1 100 0.75 6 1011 46 90 77 23 54 21 8
1 3 5 1 100 0.75 6 1012 47 91 78 27 54 21 8
1 3 5 1 100 0.75 6 1013 48 91 76 27 55 22 8
1 3 5 1 100 0.75 6 1014 49 92 77 28 55 22 8
1 3 5 1 100 0.75 6 1015 51 93 77 29 55 22 9
1 3 5 1 100 0.75 6 1016 51 93 76 30 56 23 8
1 3 5 1 100 0.75 6 1017 52 94 81 30 56 23 12
1 3 5 1 100 0.75 6 1018 53 95 82 31 56 23 14
1 3 5 1 100 0.75 6 1019 54 94 82 30 58 25 13
1 3 5 1 100 0.75 6 1020 56 94 82 30 59 26 14
1 3 5 1 100 0.75 6 1021 58 95 81 32 59 26 15
1 3 5 1 100 0.75 6 1022 60 96 82 34 59 26 17
1 3 5 1 100 0.75 6 1023 62 96 81 35 60 27 16
1 3 5 1 100 0.75 6 1024 62 96 82 36 61 28 15
1 3 5 1 100 0.75 6 1025 62 97 83 36 61 28 15
1 3 5 1 100 0.75 6 1026 65 98 81 36 61 28 16
1 3 5 1 100 0.75 6 1027 65 99 83 39 61 28 17
1 3 5 1 100 0.75 6 1028 69 100 83 39 61 28 19
1 3 5 1 100 0.75 6 1029 69 101 84 43 61 28 21
1 3 5 1 100 0.75 6 1030 73 101 85 42 62 29 21
1 3 5 1 100 0.75 6 1031 74 101 83 45 63 30 20
1 3 5 1 100 0.75 6 1032 77 101 82 45 64 31 19
1 3 5 1 100 0.75 6 1033 77 102 81 48 64 31 19
1 3 5 1 100 0.75 6 1034 77 101 81 46 66 33 18
1 3 5 1 100 0.75 6 1035 77 101 86 46 67 34 19
1 3 5 1 100 0.75 6 1036 80 100 82 44 69 36 19
1 3 5 1 100 0.75 6 1037 81 97 80 43 73 40 17
1 3 5 1 100 0.75 6 1038 85 96 78 42 75 42 18
1 3 5 1 100 0.75 6 1039 86 97 80 46 75 42 19
1 3 5 1 100 0.75 6 1040 88 98 78 47 75 42 20
1 3 5 1 100 0.75 6 1041 89 98 78 49 76 43 19
1 3 5 1 100 0.75 6 1042 91 99 78 50 76 43 20
1 3 5 1 100 0.75 6 1043 92 100 78 52 76 43 22
1 3 5 1 100 0.75 6 1044 93 100 78 52 77 44 22
1 3 5 1 100 0.75 6 1045 94 100 78 52 78 45 22
1 3 5 1 100 0.75 6 1046 95 98 78 50 81 48 21
1 3 5 1 100 0.75 6 1047 97 97 75 49 82 50 21
1 3 5 1 100 0.75 6 1048 97 98 80 51 82 50 22
1 3 5 1 100 0.75 6 1049 100 99 79 51 82 50 23
1 3 5 1 100 0.75 6 1050 100 100 82 54 82 50 24
1 3 5 1 100 0.75 6 1050 100 100 100 54 104 50 24
1 3 5 1 100 0.75 6 1080 100 100 100 54 33 50 24
1 3 5 1 100 0.75 7 1081 0 1 1 0 33 0 0
1 3 5 1 100 0.75 7 1082 0 2 2 0 33 0 0
1 3 5 1 100 0.75 7 1083 0 3 3 0 33 0 0
1 3 5 1 100 0.75 7 1084 0 4 4 0 33 0 0
1 3 5 1 100 0.75 7 1085 0 5 5 0 33 0 0
1 3 5 1 100 0.75 7 1086 0 6 6 0 33 0 0
1 3 5 1 100 0.75 7 1087 0 7 7 0 33 0 0
1 3 5 1 100 0.75 7 1088 0 8 8 0 33 0 0
1 3 5 1 100 0.75 7 1089 0 9 9 0 33 0 0
1 3 5 1 100 0.75 7 1090 0 10 10 0 33 0 0
1 3 5 1 100 0.75 7 1091 0 11 11 0 33 0 0
1 3 5 1 100 0.75 7 1092 0 12 12 0 33 0 0
1 3 5 1 100 0.75 7 1093 0 13 13 0 33 0 0
1 3 5 1 100 0.75 7 1094 0 14 14 0 33 0 0
1 3 5 1 100 0.75 7 1095 0 15 15 0 33 0 0
1 3 5 1 100 0.75 7 1096 1 16 15 0 33 0 0
1 3 5 1 100 0.75 7 1097 1 17 16 1 33 0 0
1 3 5 1 100 0.75 7 1098 1 18 17 1 33 0 0
1 3 5 1 100 0.75 7 1099 1 19 18 1 33 0 0
1 3 5 1 100 0.75 7 1100 1 20 19 1 33 0 0
1 3 5 1 100 0.75 7 1101 1 21 20 1 33 0 0
1 3 5 1 100 0.75 7 1102 1 22 21 1 33 0 0
1 3 5 1 100 0.75 7 1103 2 23 22 1 33 0 1
1 3 5 1 100 0.75 7 1104 2 24 23 2 33 0 1
1 3 5 1 100 0.75 7 1105 2 25 24 2 33 0 1
1 3 5 1 100 0.75 7 1106 2 26 25 2 33 0 1
1 3 5 1 100 0.75 7 1107 2 27 26 2 33 0 1
1 3 5 1 100 0.75 7 1108 2 28 26 2 33 0 1
1 3 5 1 100 0.75 7 1109 2 29 28 2 33 0 1
1 3 5 1 100 0.75 7 1110 2 30 29 2 33 0 1
1 3 5 1 100 0.75 7 1111 2 31 31 2 33 0 2
1 3 5 1 100 0.75 7 1112 2 32 30 2 33 0 2
1 3 5 1 100 0.75 7 1113 2 33 32 2 33 0 2
1 3 5 1 100 0.75 7 1114 2 34 34 2 33 0 2
1 3 5 1 100 0.75 7 1115 2 35 35 2 33 0 2
1 3 5 1 100 0.75 7 1116 2 36 35 2 33 0 2
1 3 5 1 100 0.75 7 1117 2 37 37 2 33 0 2
1 3 5 1 100 0.75 7 1118 4 38 36 2 33 0 2
1 3 5 1 100 0.75 7 1119 4 39 37 4 33 0 2
1 3 5 1 100 0.75 7 1120 6 40 35 4 33 0 2
1 3 5 1 100 0.75 7 1121 7 41 36 6 33 0 2
1 3 5 1 100 0.75 7 1122 7 41 36 6 34 1 1
1 3 5 1 100 0.75 7 1123 7 42 37 6 34 1 1
1 3 5 1 100 0.75 7 1124 8 43 37 6 34 1 1
1 3 5 1 100 0.75 7 1125 8 44 39 7 34 1 2
1 3 5 1 100 0.75 7 1126 9 44 39 6 35 2 2
1 3 5 1 100 0.75 7 1127 9 45 41 7 35 2 3
1 3 5 1 100 0.75 7 1128 9 46 43 7 35 2 4
1 3 5 1 100 0.75 7 1129 9 47 44 7 35 2 5
1 3 5 1 100 0.75 7 1130 10 48 44 7 35 2 5
1 3 5 1 100 0.75 7 1131 10 49 45 8 35 2 5
1 3 5 1 100 0.75 7 1132 10 50 48 8 35 2 6
1 3 5 1 100 0.75 7 1133 11 51 47 8 35 2 6
1 3 5 1 100 0.75 7 1134 11 52 50 9 35 2 7
1 3 5 1 100 0.75 7 1135 13 53 48 9 35 2 7
1 3 5 1 100 0.75 7 1136 13 54 50 11 35 2 7
1 3 5 1 100 0.75 7 1137 13 55 51 11 35 2 7
1 3 5 1 100 0.75 7 1138 14 56 51 11 35 2 7
1 3 5 1 100 0.75 7 1139 14 57 53 12 35 2 7
1 3 5 1 100 0.75 7 1140 14 58 55 12 35 2 8
1 3 5 1 100 0.75 7 1141 14 59 54 12 35 2 8
1 3 5 1 100 0.75 7 1142 15 59 55 11 36 3 7
1 3 5 1 100 0.75 7 1143 15 60 55 12 36 3 7
1 3 5 1 100 0.75 7 1144 15 60 57 11 37 4 6
1 3 5 1 100 0.75 7 1145 18 61 55 11 37 4 7
1 3 5 1 100 0.75 7 1146 19 62 55 14 37 4 7
1 3 5 1 100 0.75 7 1147 21 60 52 12 40 7 4
1 3 5 1 100 0.75 7 1148 22 61 52 14 40 7 4
1 3 5 1 100 0.75 7 1149 23 61 52 14 41 8 4
1 3 5 1 100 0.75 7 1150 23 62 51 15 41 8 4
1 3 5 1 100 0.75 7 1151 24 63 53 15 41 8 4
1 3 5 1 100 0.75 7 1152 27 64 53 16 41 8 5
1 3 5 1 100 0.75 7 1153 28 64 53 18 42 9 5
1 3 5 1 100 0.75 7 1154 28 65 56 19 42 9 6
1 3 5 1 100 0.75 7 1155 29 66 56 19 42 9 8
1 3 5 1 100 0.75 7 1156 29 67 59 20 42 9 9
1 3 5 1 100 0.75 7 1157 30 68 59 20 42 9 9
1 3 5 1 100 0.75 7 1158 31 69 61 21 42 9 10
1 3 5 1 100 0.75 7 1159 34 69 59 21 43 10 10
1 3 5 1 100 0.75 7 1160 34 70 61 24 43 10 12
1 3 5 1 100 0.75 7 1161 34 71 63 24 43 10 13
1 3 5 1 100 0.75 7 1162 34 72 63 24 43 10 13
1 3 5 1 100 0.75 7 1163 34 73 64 24 43 10 14
1 3 5 1 100 0.75 7 1164 34 74 64 24 43 10 14
1 3 5 1 100 0.75 7 1165 34 74 68 23 44 11 14
1 3 5 1 100 0.75 7 1166 34 74 70 22 45 12 16
1 3 5 1 100 0.75 7 1167 34 74 70 21 46 13 16
1 3 5 1 100 0.75 7 1168 35 75 71 21 46 13 16
1 3 5 1 100 0.75 7 1169 36 75 70 21 47 14 15
1 3 5 1 100 0.75 7 1170 37 74 68 20 49 16 13
1 3 5 1 100 0.75 7 1171 37 73 67 19 51 18 11
1 3 5 1 100 0.75 7 1172 41 74 64 19 51 18 11
1 3 5 1 100 0.75 7 1173 41 74 62 22 52 19 10
1 3 5 1 100 0.75 7 1174 41 75 65 22 52 19 10
1 3 5 1 100 0.75 7 1175 42 76 65 22 52 19 10
1 3 5 1 100 0.75 7 1176 44 76 65 22 53 20 10
1 3 5 1 100 0.75 7 1177 44 75 64 22 55 22 9
1 3 5 1 100 0.75 7 1178 46 76 64 22 55 22 10
1 3 5 1 100 0.75 7 1179 46 77 66 24 55 22 12
1 3 5 1 100 0.75 7 1180 46 77 68 23 56 23 12
1 3 5 1 100 0.75 7 1181 46 76 67 21 58 25 10
1 3 5 1 100 0.75 7 1182 47 77 70 21 58 25 11
1 3 5 1 100 0.75 7 1183 48 77 67 21 59 26 10
1 3 5 1 100 0.75 7 1184 50 75 66 19 62 29 9
1 3 5 1 100 0.75 7 1185 51 76 67 21 62 29 9
1 3 5 1 100 0.75 7 1186 53 77 68 22 62 29 11
1 3 5 1 100 0.75 7 1187 53 78 68 24 62 29 11
1 3 5 1 100 0.75 7 1188 55 79 67 24 62 29 11
1 3 5 1 100 0.75 7 1189 55 80 67 26 62 29 12
1 3 5 1 100 0.75 7 1190 55 81 68 26 62 29 12
1 3 5 1 100 0.75 7 1191 56 82 69 26 62 29 13
1 3 5 1 100 0.75 7 1192 58 83 70 27 62 29 15
1 3 5 1 100 0.75 7 1193 60 84 71 29 62 29 17
1 3 5 1 100 0.75 7 1194 62 83 71 29 64 31 15
1 3 5 1 100 0.75 7 1195 63 82 68 29 65 33 14
1 3 5 1 100 0.75 7 1196 68 82 65 29 66 34 14
1 3 5 1 100 0.75 7 1197 69 83 65 34 66 34 14
1 3 5 1 100 0.75 7 1198 69 83 66 34 67 35 13
1 3 5 1 100 0.75 7 1199 70 84 68 34 67 35 14
1 3 5 1 100 0.75 7 1200 72 85 70 35 67 35 17
1 3 5 1 100 0.75 7 1201 72 86 70 37 67 35 18
1 3 5 1 100 0.75 7 1202 73 85 70 35 69 37 16
1 3 5 1 100 0.75 7 1203 73 85 72 35 69 38 17
1 3 5 1 100 0.75 7 1204 75 84 73 33 71 40 18
1 3 5 1 100 0.75 7 1205 76 85 72 35 71 40 19
1 3 5 1 100 0.75 7 1206 77 85 72 35 72 41 18
1 3 5 1 100 0.75 7 1207 77 86 74 36 72 41 21
1 3 5 1 100 0.75 7 1208 78 85 72 34 74 43 19
1 3 5 1 100 0.75 7 1209 80 86 73 35 74 43 20
1 3 5 1 100 0.75 7 1210 81 85 71 35 76 45 18
1 3 5 1 100 0.75 7 1211 86 86 68 36 76 45 19
1 3 5 1 100 0.75 7 1212 87 85 68 39 78 47 18
1 3 5 1 100 0.75 7 1213 88 85 69 39 79 48 17
1 3 5 1 100 0.75 7 1214 89 86 68 40 79 48 17
1 3 5 1 100 0.75 7 1215 91 86 68 40 80 49 16
1 3 5 1 100 0.75 7 1216 95 86 62 41 81 50 17
1 3 5 1 100 0.75 7 1217 95 87 63 45 81 50 17
1 3 5 1 100 0.75 7 1218 96 86 65 43 83 52 15
1 3 5 1 100 0.75 7 1219 99 85 63 42 85 54 17
1 3 5 1 100 0.75 7 1220 100 84 62 43 87 56 16
1 3 5 1 100 0.75 7 1221 102 83 60 42 89 58 14
1 3 5 1 100 0.75 7 1222 102 83 61 43 90 59 13
1 3 5 1 100 0.75 7 1223 103 83 65 42 91 60 16
1 3 5 1 100 0.75 7 1224 109 83 57 42 92 61 16
1 3 5 1 100 0.75 7 1225 112 82 57 46 94 63 15
1 3 5 1 100 0.75 7 1226 115 83 56 49 94 63 17
1 3 5 1 100 0.75 7 1227 116 84 57 52 93 63 18
1 3 5 1 100 0.75 7 1228 116 83 57 51 95 65 17
1 3 5 1 100 0.75 7 1229 117 84 56 51 95 65 18
1 3 5 1 100 0.75 7 1230 118 85 57 52 95 65 18
1 3 5 1 100 0.75 7 1230 118 85 85 52 112 65 18
1 3 5 1 100 0.75 7 1260 118 85 85 52 33 65 18
1 3 5 1 100 0.75 8 1261 0 1 1 0 33 0 0
1 3 5 1 100 0.75 8 1262 0 2 2 0 33 0 0
1 3 5 1 100 0.75 8 1263 0 3 3 0 33 0 0
1 3 5 1 100 0.75 8 1264 0 4 4 0 33 0 0
1 3 5 1 100 0.75 8 1265 0 5 5 0 33 0 0
1 3 5 1 100 0.75 8 1266 0 6 6 0 33 0 0
1 3 5 1 100 0.75 8 1267 0 7 7 0 33 0 0
1 3 5 1 100 0.75 8 1268 0 8 7 0 33 0 0
1 3 5 1 100 0.75 8 1269 0 9 9 0 33 0 0
1 3 5 1 100 0.75 8 1270 0 10 9 0 33 0 0
1 3 5 1 100 0.75 8 1271 0 11 11 0 33 0 0
1 3 5 1 100 0.75 8 1272 0 12 11 0 33 0 0
1 3 5 1 100 0.75 8 1273 0 13 13 0 33 0 0
1 3 5 1 100 0.75 8 1274 1 14 13 0 33 0 0
1 3 5 1 100 0.75 8 1275 1 15 14 1 33 0 0
1 3 5 1 100 0.75 8 1276 1 16 15 1 33 0 0
1 3 5 1 100 0.75 8 1277 1 17 16 1 33 0 0
1 3 5 1 100 0.75 8 1278 1 18 17 1 33 0 0
1 3 5 1 100 0.75 8 1279 1 19 18 1 33 0 0
1 3 5 1 100 0.75 8 1280 1 20 19 1 33 0 0
1 3 5 1 100 0.75 8 1281 1 21 20 1 33 0 0
1 3 5 1 100 0.75 8 1282 1 22 22 1 33 0 1
1 3 5 1 100 0.75 8 1283 1 23 23 1 33 0 1
1 3 5 1 100 0.75 8 1284 2 24 23 1 33 0 1
1 3 5 1 100 0.75 8 1285 2 25 24 2 33 0 1
1 3 5 1 100 0.75 8 1286 2 26 25 2 33 0 1
1 3 5 1 100 0.75 8 1287 2 27 25 2 33 0 1
1 3 5 1 100 0.75 8 1288 2 28 27 2 33 0 1
1 3 5 1 100 0.75 8 1289 2 29 27 2 33 0 1
1 3 5 1 100 0.75 8 1290 2 30 29 2 33 0 1
1 3 5 1 100 0.75 8 1291 2 31 30 2 33 0 2
1 3 5 1 100 0.75 8 1292 3 32 30 2 33 0 2
1 3 5 1 100 0.75 8 1293 4 33 31 3 33 0 2
1 3 5 1 100 0.75 8 1294 4 34 31 4 33 0 2
1 3 5 1 100 0.75 8 1295 5 35 32 4 33 0 2
1 3 5 1 100 0.75 8 1296 5 36 33 5 33 0 2
1 3 5 1 100 0.75 8 1297 5 37 34 5 33 0 2
1 3 5 1 100 0.75 8 1298 5 38 33 5 33 0 2
1 3 5 1 100 0.75 8 1299 6 38 35 4 34 1 1
1 3 5 1 100 0.75 8 1300 7 39 35 5 34 1 1
1 3 5 1 100 0.75 8 1301 7 40 37 6 34 1 2
1 3 5 1 100 0.75 8 1302 7 41 38 6 34 1 2
1 3 5 1 100 0.75 8 1303 7 42 40 6 34 1 3
1 3 5 1 100 0.75 8 1304 7 43 40 6 34 1 3
1 3 5 1 100 0.75 8 1305 8 44 41 6 34 1 3
1 3 5 1 100 0.75 8 1306 9 45 42 7 34 1 4
1 3 5 1 100 0.75 8 1307 9 46 43 8 34 1 4
1 3 5 1 100 0.75 8 1308 9 47 45 8 34 1 5
1 3 5 1 100 0.75 8 1309 9 48 46 8 34 1 5
1 3 5 1 100 0.75 8 1310 9 48 44 7 35 2 4
1 3 5 1 100 0.75 8 1311 9 49 46 7 35 2 4
1 3 5 1 100 0.75 8 1312 10 50 46 7 35 2 4
1 3 5 1 100 0.75 8 1313 11 51 48 8 35 2 6
1 3 5 1 100 0.75 8 1314 13 52 46 9 35 2 6
1 3 5 1 100 0.75 8 1315 14 53 47 11 35 2 6
1 3 5 1 100 0.75 8 1316 15 54 47 12 35 2 6
1 3 5 1 100 0.75 8 1317 15 55 47 13 35 2 6
1 3 5 1 100 0.75 8 1318 15 56 49 13 35 2 6
1 3 5 1 100 0.75 8 1319 16 56 50 12 36 3 6
1 3 5 1 100 0.75 8 1320 16 56 50 12 37 4 5
1 3 5 1 100 0.75 8 1321 16 57 53 12 37 4 6
1 3 5 1 100 0.75 8 1322 16 58 55 12 37 4 7
1 3 5 1 100 0.75 8 1323 16 59 57 12 37 4 8
1 3 5 1 100 0.75 8 1324 18 60 55 12 37 4 9
1 3 5 1 100 0.75 8 1325 21 60 54 13 38 5 8
1 3 5 1 100 0.75 8 1326 21 60 55 15 39 6 8
1 3 5 1 100 0.75 8 1327 23 61 54 15 39 6 8
1 3 5 1 100 0.75 8 1328 23 62 54 17 39 6 8
1 3 5 1 100 0.75 8 1329 24 63 55 17 39 6 8
1 3 5 1 100 0.75 8 1330 24 64 55 18 39 6 8
1 3 5 1 100 0.75 8 1331 24 64 56 17 40 7 7
1 3 5 1 100 0.75 8 1332 24 65 59 17 40 7 9
1 3 5 1 100 0.75 8 1333 25 65 61 16 41 8 9
1 3 5 1 100 0.75 8 1334 25 65 60 16 42 9 9
1 3 5 1 100 0.75 8 1335 27 66 62 16 42 9 10
1 3 5 1 100 0.75 8 1336 27 67 63 18 42 9 11
1 3 5 1 100 0.75 8 1337 27 66 63 16 44 11 9
1 3 5 1 100 0.75 8 1338 29 67 60 16 44 11 9
1 3 5 1 100 0.75 8 1339 30 68 60 18 44 11 9
1 3 5 1 100 0.75 8 1340 30 69 63 19 44 11 10
1 3 5 1 100 0.75 8 1341 31 69 62 18 45 12 9
1 3 5 1 100 0.75 8 1342 32 70 63 19 45 12 10
1 3 5 1 100 0.75 8 1343 35 70 62 19 46 13 9
1 3 5 1 100 0.75 8 1344 37 70 60 21 47 14 8
1 3 5 1 100 0.75 8 1345 38 71 59 23 47 14 8
1 3 5 1 100 0.75 8 1346 38 72 64 24 47 14 10
1 3 5 1 100 0.75 8 1347 39 73 62 24 47 14 10
1 3 5 1 100 0.75 8 1348 39 74 63 25 47 14 10
1 3 5 1 100 0.75 8 1349 42 73 62 23 49 16 9
1 3 5 1 100 0.75 8 1350 44 72 62 24 51 18 10
1 3 5 1 100 0.75 8 1351 47 73 60 26 51 18 11
1 3 5 1 100 0.75 8 1352 48 73 62 28 52 19 12
1 3 5 1 100 0.75 8 1353 50 74 59 29 52 19 12
1 3 5 1 100 0.75 8 1354 51 74 61 30 53 20 12
1 3 5 1 100 0.75 8 1355 52 75 61 31 53 20 12
1 3 5 1 100 0.75 8 1356 52 76 64 32 53 20 13
1 3 5 1 100 0.75 8 1357 54 77 63 32 53 20 14
1 3 5 1 100 0.75 8 1358 54 77 66 33 54 21 16
1 3 5 1 100 0.75 8 1359 54 77 62 32 55 22 16
1 3 5 1 100 0.75 8 1360 56 78 67 32 55 22 18
1 3 5 1 100 0.75 8 1361 58 78 65 33 56 23 17
1 3 5 1 100 0.75 8 1362 59 79 66 35 56 23 19
1 3 5 1 100 0.75 8 1363 62 79 65 35 57 24 18
1 3 5 1 100 0.75 8 1364 65 79 62 37 58 25 17
1 3 5 1 100 0.75 8 1365 65 80 65 40 58 25 19
1 3 5 1 100 0.75 8 1366 66 81 63 40 58 25 19
1 3 5 1 100 0.75 8 1367 68 79 63 38 61 28 18
1 3 5 1 100 0.75 8 1368 68 79 64 39 62 29 18
1 3 5 1 100 0.75 8 1369 69 80 63 39 62 29 18
1 3 5 1 100 0.75 8 1370 73 80 64 39 63 30 20
1 3 5 1 100 0.75 8 1371 75 80 59 42 64 31 19
1 3 5 1 100 0.75 8 1372 77 79 62 42 66 33 18
1 3 5 1 100 0.75 8 1373 80 79 58 43 67 34 17
1 3 5 1 100 0.75 8 1374 81 79 59 45 68 35 16
1 3 5 1 100 0.75 8 1375 83 79 60 45 69 36 16
1 3 5 1 100 0.75 8 1376 88 77 51 45 72 39 13
1 3 5 1 100 0.75 8 1377 89 78 54 50 72 39 15
1 3 5 1 100 0.75 8 1378 90 78 55 50 73 40 17
1 3 5 1 100 0.75 8 1379 90 79 57 51 73 40 19
1 3 5 1 100 0.75 8 1380 91 78 60 49 75 42 19
1 3 5 1 100 0.75 8 1381 93 78 59 49 76 43 18
1 3 5 1 100 0.75 8 1382 94 79 60 51 76 43 19
1 3 5 1 100 0.75 8 1383 96 79 59 51 77 44 19
1 3 5 1 100 0.75 8 1384 97 80 62 53 77 44 22
1 3 5 1 100 0.75 8 1385 100 80 63 53 78 45 21
1 3 5 1 100 0.75 8 1386 100 81 64 56 77 45 22
1 3 5 1 100 0.75 8 1387 101 79 56 53 80 48 19
1 3 5 1 100 0.75 8 1388 102 80 62 54 80 48 22
1 3 5 1 100 0.75 8 1389 105 78 57 52 83 51 20
1 3 5 1 100 0.75 8 1390 106 79 58 55 83 51 21
1 3 5 1 100 0.75 8 1391 108 80 58 57 83 51 22
1 3 5 1 100 0.75 8 1392 110 81 61 59 83 51 25
1 3 5 1 100 0.75 8 1393 111 81 58 60 84 52 24
1 3 5 1 100 0.75 8 1394 112 79 56 58 87 55 21
1 3 5 1 100 0.75 8 1395 114 79 55 58 88 56 21
1 3 5 1 100 0.75 8 1396 114 80 58 60 88 56 24
1 3 5 1 100 0.75 8 1397 117 78 54 57 91 59 23
1 3 5 1 100 0.75 8 1398 120 78 51 59 92 60 23
1 3 5 1 100 0.75 8 1399 120 76 54 59 95 63 21
1 3 5 1 100 0.75 8 1400 120 76 58 58 96 64 21
1 3 5 1 100 0.75 8 1401 121 76 52 57 97 65 21
1 3 5 1 100 0.75 8 1402 122 77 54 59 97 65 22
1 3 5 1 100 0.75 8 1403 123 77 55 59 98 66 22
1 3 5 1 100 0.75 8 1404 123 77 51 59 99 67 21
1 3 5 1 100 0.75 8 1405 123 76 57 57 101 69 22
1 3 5 1 100 0.75 8 1406 125 77 54 57 101 69 23
1 3 5 1 100 0.75 8 1407 127 76 57 57 103 71 21
1 3 5 1 100 0.75 8 1408 128 76 48 58 104 72 21
1 3 5 1 100 0.75 8 1409 129 75 56 57 106 74 20
1 3 5 1 100 0.75 8 1410 129 75 54 57 107 75 20
1 3 5 1 100 0.75 8 1410 129 75 75 57 125 75 20
1 3 5 1 100 0.75 8 1440 129 75 75 57 33 75 20
1 3 5 1 100 0.75 9 1441 0 1 1 0 33 0 0
1 3 5 1 100 0.75 9 1442 0 2 2 0 33 0 0
1 3 5 1 100 0.75 9 1443 0 3 3 0 33 0 0
1 3 5 1 100 0.75 9 1444 0 4 4 0 33 0 0
1 3 5 1 100 0.75 9 1445 0 5 5 0 33 0 0
1 3 5 1 100 0.75 9 1446 0 6 6 0 33 0 0
1 3 5 1 100 0.75 9 1447 0 7 7 0 33 0 0
1 3 5 1 100 0.75 9 1448 0 8 8 0 33 0 0
1 3 5 1 100 0.75 9 1449 0 9 9 0 33 0 0
1 3 5 1 100 0.75 9 1450 0 10 10 0 33 0 0
1 3 5 1 100 0.75 9 1451 0 11 11 0 33 0 0
1 3 5 1 100 0.75 9 1452 0 12 12 0 33 0 0
1 3 5 1 100 0.75 9 1453 0 13 13 0 33 0 0
1 3 5 1 100 0.75 9 1454 0 14 14 0 33 0 0
1 3 5 1 100 0.75 9 1455 1 15 14 0 33 0 0
1 3 5 1 100 0.75 9 1456 1 16 15 1 33 0 0
1 3 5 1 100 0.75 9 1457 1 17 16 1 33 0 0
1 3 5 1 100 0.75 9 1458 2 18 15 1 33 0 0
1 3 5 1 100 0.75 9 1459 2 19 17 2 33 0 0
1 3 5 1 100 0.75 9 1460 2 20 17 2 33 0 0
1 3 5 1 100 0.75 9 1461 3 21 17 2 33 0 0
1 3 5 1 100 0.75 9 1462 3 22 20 3 33 0 1
1 3 5 1 100 0.75 9 1463 5 23 19 3 33 0 1
1 3 5 1 100 0.75 9 1464 5 24 19 5 33 0 1
1 3 5 1 100 0.75 9 1465 6 25 20 5 33 0 2
1 3 5 1 100 0.75 9 1466 7 26 21 6 33 0 2
1 3 5 1 100 0.75 9 1467 8 27 21 7 33 0 2
1 3 5 1 100 0.75 9 1468 9 28 21 8 33 0 2
1 3 5 1 100 0.75 9 1469 9 29 23 9 33 0 3
1 3 5 1 100 0.75 9 1470 11 30 22 9 33 0 4
1 3 5 1 100 0.75 9 1471 12 31 24 11 33 0 4
1 3 5 1 100 0.75 9 1472 12 32 25 12 33 0 4
1 3 5 1 100 0.75 9 1473 13 33 26 12 33 0 6
1 3 5 1 100 0.75 9 1474 13 34 26 13 33 0 7
1 3 5 1 100 0.75 9 1475 13 35 29 13 33 0 7
1 3 5 1 100 0.75 9 1476 13 36 31 13 33 0 7
1 3 5 1 100 0.75 9 1477 13 37 33 13 33 0 8
1 3 5 1 100 0.75 9 1478 13 37 34 12 34 1 8
1 3 5 1 100 0.75 9 1479 13 38 35 12 34 1 8
1 3 5 1 100 0.75 9 1480 13 38 35 11 35 2 8
1 3 5 1 100 0.75 9 1481 13 39 37 11 35 2 8
1 3 5 1 100 0.75 9 1482 13 40 39 11 35 2 8
1 3 5 1 100 0.75 9 1483 13 41 39 11 35 2 8
1 3 5 1 100 0.75 9 1484 13 41 39 10 36 3 7
1 3 5 1 100 0.75 9 1485 13 42 40 10 36 3 7
1 3 5 1 100 0.75 9 1486 14 43 41 10 36 3 7
1 3 5 1 100 0.75 9 1487 14 44 41 11 36 3 7
1 3 5 1 100 0.75 9 1488 15 42 38 8 39 6 4
1 3 5 1 100 0.75 9 1489 15 43 39 9 39 6 4
1 3 5 1 100 0.75 9 1490 15 43 38 8 40 7 3
1 3 5 1 100 0.75 9 1491 16 44 39 8 40 7 3
1 3 5 1 100 0.75 9 1492 17 45 40 9 40 7 3
1 3 5 1 100 0.75 9 1493 17 45 40 9 41 8 3
1 3 5 1 100 0.75 9 1494 18 46 39 9 41 8 3
1 3 5 1 100 0.75 9 1495 20 46 38 9 42 9 2
1 3 5 1 100 0.75 9 1496 21 46 38 10 43 10 1
1 3 5 1 100 0.75 9 1497 22 47 37 11 43 10 1
1 3 5 1 100 0.75 9 1498 22 48 39 12 43 10 1
1 3 5 1 100 0.75 9 1499 23 49 39 12 43 10 2
1 3 5 1 100 0.75 9 1500 23 50 40 13 43 10 2
1 3 5 1 100 0.75 9 1501 24 51 40 13 43 10 2
1 3 5 1 100 0.75 9 1502 24 52 43 14 43 10 4
1 3 5 1 100 0.75 9 1503 25 53 43 14 43 10 4
1 3 5 1 100 0.75 9 1504 25 54 45 15 43 10 4
1 3 5 1 100 0.75 9 1505 25 55 47 15 43 10 4
1 3 5 1 100 0.75 9 1506 25 56 47 15 43 10 5
1 3 5 1 100 0.75 9 1507 26 57 49 15 43 10 5
1 3 5 1 100 0.75 9 1508 26 58 51 16 43 10 6
1 3 5 1 100 0.75 9 1509 27 58 49 15 44 11 5
1 3 5 1 100 0.75 9 1510 28 59 50 16 44 11 5
1 3 5 1 100 0.75 9 1511 29 60 52 17 44 11 6
1 3 5 1 100 0.75 9 1512 29 61 52 18 44 11 6
1 3 5 1 100 0.75 9 1513 30 62 52 18 44 11 6
1 3 5 1 100 0.75 9 1514 30 63 54 19 44 11 7
1 3 5 1 100 0.75 9 1515 31 64 54 19 44 11 7
1 3 5 1 100 0.75 9 1516 31 65 54 20 44 11 7
1 3 5 1 100 0.75 9 1517 33 65 55 19 45 12 8
1 3 5 1 100 0.75 9 1518 33 66 57 21 45 12 9
1 3 5 1 100 0.75 9 1519 34 66 55 20 46 13 8
1 3 5 1 100 0.75 9 1520 35 66 56 20 47 14 7
1 3 5 1 100 0.75 9 1521 36 67 55 21 47 14 8
1 3 5 1 100 0.75 9 1522 36 68 56 22 47 14 8
1 3 5 1 100 0.75 9 1523 38 69 56 22 47 14 8
1 3 5 1 100 0.75 9 1524 40 70 57 24 47 14 9
1 3 5 1 100 0.75 9 1525 42 70 56 25 48 15 9
1 3 5 1 100 0.75 9 1526 44 70 55 26 49 16 9
1 3 5 1 100 0.75 9 1527 46 71 53 28 49 16 9
1 3 5 1 100 0.75 9 1528 46 71 54 29 50 17 9
1 3 5 1 100 0.75 9 1529 47 72 56 29 50 17 9
1 3 5 1 100 0.75 9 1530 49 73 55 30 50 17 10
1 3 5 1 100 0.75 9 1531 50 74 57 32 50 17 12
1 3 5 1 100 0.75 9 1532 50 75 58 33 50 17 13
1 3 5 1 100 0.75 9 1533 51 74 60 31 52 19 15
1 3 5 1 100 0.75 9 1534 55 74 59 31 53 20 15
1 3 5 1 100 0.75 9 1535 56 74 58 34 54 21 14
1 3 5 1 100 0.75 9 1536 56 75 58 35 54 21 14
1 3 5 1 100 0.75 9 1537 57 76 59 35 54 21 14
1 3 5 1 100 0.75 9 1538 58 77 61 36 54 21 16
1 3 5 1 100 0.75 9 1539 58 78 62 38 54 21 16
1 3 5 1 100 0.75 9 1540 58 79 64 38 53 21 16
1 3 5 1 100 0.75 9 1541 59 79 65 37 54 22 18
1 3 5 1 100 0.75 9 1542 60 79 64 37 55 23 17
1 3 5 1 100 0.75 9 1543 61 80 67 38 55 23 18
1 3 5 1 100 0.75 9 1544 61 78 63 36 58 26 15
1 3 5 1 100 0.75 9 1545 63 79 67 36 58 26 17
1 3 5 1 100 0.75 9 1546 64 80 67 38 58 26 17
1 3 5 1 100 0.75 9 1547 65 80 66 38 59 27 16
1 3 5 1 100 0.75 9 1548 66 81 66 39 59 27 17
1 3 5 1 100 0.75 9 1549 68 81 63 39 60 28 17
1 3 5 1 100 0.75 9 1550 69 80 64 39 62 30 15
1 3 5 1 100 0.75 9 1551 72 79 61 38 64 32 13
1 3 5 1 100 0.75 9 1552 74 79 57 40 65 33 13
1 3 5 1 100 0.75 9 1553 74 79 58 41 66 34 12
1 3 5 1 100 0.75 9 1554 75 79 61 40 67 35 12
1 3 5 1 100 0.75 9 1555 76 80 64 41 67 35 13
1 3 5 1 100 0.75 9 1556 78 80 58 41 68 36 12
1 3 5 1 100 0.75 9 1557 79 80 62 42 69 37 14
1 3 5 1 100 0.75 9 1558 81 77 59 39 73 41 11
1 3 5 1 100 0.75 9 1559 83 78 58 41 73 41 12
1 3 5 1 100 0.75 9 1560 83 79 60 43 73 41 14
1 3 5 1 100 0.75 9 1561 84 80 61 43 73 41 15
1 3 5 1 100 0.75 9 1562 85 80 63 43 74 42 15
1 3 5 1 100 0.75 9 1563 87 81 61 44 74 42 16
1 3 5 1 100 0.75 9 1564 87 82 62 47 74 42 16
1 3 5 1 100 0.75 9 1565 89 81 62 46 75 44 17
1 3 5 1 100 0.75 9 1566 90 82 62 48 75 44 17
1 3 5 1 100 0.75 9 1567 94 83 58 49 75 44 18
1 3 5 1 100 0.75 9 1568 94 83 60 52 76 45 17
1 3 5 1 100 0.75 9 1569 95 83 60 51 77 46 17
1 3 5 1 100 0.75 9 1570 98 83 59 51 78 47 19
1 3 5 1 100 0.75 9 1571 98 83 60 53 79 48 19
1 3 5 1 100 0.75 9 1572 98 84 63 53 79 48 20
1 3 5 1 100 0.75 9 1573 98 84 59 52 80 49 19
1 3 5 1 100 0.75 9 1574 100 84 65 51 81 50 20
1 3 5 1 100 0.75 9 1575 100 83 65 51 83 52 20
1 3 5 1 100 0.75 9 1576 101 84 64 51 83 52 21
1 3 5 1 100 0.75 9 1577 103 84 63 51 84 53 22
1 3 5 1 100 0.75 9 1578 103 84 67 52 85 54 22
1 3 5 1 100 0.75 9 1579 105 82 60 49 88 57 19
1 3 5 1 100 0.75 9 1580 105 83 63 51 88 57 19
1 3 5 1 100 0.75 9 1581 106 82 60 49 90 59 17
1 3 5 1 100 0.75 9 1582 106 82 63 49 91 60 17
1 3 5 1 100 0.75 9 1583 107 82 60 48 92 61 16
1 3 5 1 100 0.75 9 1584 107 82 65 48 93 62 16
1 3 5 1 100 0.75 9 1585 108 83 66 48 93 62 17
1 3 5 1 100 0.75 9 1586 111 83 61 48 94 63 16
1 3 5 1 100 0.75 9 1587 112 82 58 49 96 65 15
1 3 5 1 100 0.75 9 1588 113 82 60 49 97 66 14
1 3 5 1 100 0.75 9 1589 115 82 60 49 98 67 13
1 3 5 1 100 0.75 9 1590 115 81 60 49 100 69 11
1 3 5 1 100 0.75 9 1590 115 81 81 49 110 69 11
1 3 5 1 100 0.75 9 1620 115 81 81 49 33 69 11
1 3 5 1 100 0.75 10 1621 0 1 1 0 33 0 0
1 3 5 1 100 0.75 10 1622 0 2 2 0 33 0 0
1 3 5 1 100 0.75 10 1623 0 3 3 0 33 0 0
1 3 5 1 100 0.75 10 1624 0 4 4 0 33 0 0
1 3 5 1 100 0.75 10 1625 0 5 5 0 33 0 0
1 3 5 1 100 0.75 10 1626 0 6 6 0 33 0 0
1 3 5 1 100 0.75 10 1627 0 7 7 0 33 0 0
1 3 5 1 100 0.75 10 1628 0 8 8 0 33 0 0
1 3 5 1 100 0.75 10 1629 0 9 9 0 33 0 0
1 3 5 1 100 0.75 10 1630 0 10 10 0 33 0 0
1 3 5 1 100 0.75 10 1631 0 11 11 0 33 0 0
1 3 5 1 100 0.75 10 1632 0 12 12 0 33 0 0
1 3 5 1 100 0.75 10 1633 0 13 13 0 33 0 0
1 3 5 1 100 0.75 10 1634 0 14 14 0 33 0 0
1 3 5 1 100 0.75 10 1635 1 15 14 0 32 0 0
1 3 5 1 100 0.75 10 1636 1 16 14 1 32 0 0
1 3 5 1 100 0.75 10 1637 1 17 16 1 32 0 0
1 3 5 1 100 0.75 10 1638 2 18 16 1 32 0 0
1 3 5 1 100 0.75 10 1639 2 19 17 2 32 0 0
1 3 5 1 100 0.75 10 1640 3 20 17 2 32 0 0
1 3 5 1 100 0.75 10 1641 3 21 18 3 32 0 0
1 3 5 1 100 0.75 10 1642 3 22 19 3 32 0 0
1 3 5 1 100 0.75 10 1643 3 23 21 3 32 0 1
1 3 5 1 100 0.75 10 1644 3 24 22 3 32 0 1
1 3 5 1 100 0.75 10 1645 3 25 22 3 32 0 2
1 3 5 1 100 0.75 10 1646 3 26 24 3 32 0 2
1 3 5 1 100 0.75 10 1647 3 27 25 3 32 0 2
1 3 5 1 100 0.75 10 1648 5 28 26 3 32 0 3
1 3 5 1 100 0.75 10 1649 6 29 25 5 32 0 3
1 3 5 1 100 0.75 10 1650 6 30 26 6 32 0 3
1 3 5 1 100 0.75 10 1651 6 31 28 6 32 0 3
1 3 5 1 100 0.75 10 1652 6 32 29 6 31 0 3
1 3 5 1 100 0.75 10 1653 7 33 29 6 31 0 3
1 3 5 1 100 0.75 10 1654 7 34 30 7 31 0 3
1 3 5 1 100 0.75 10 1655 7 35 31 7 31 0 4
1 3 5 1 100 0.75 10 1656 8 36 34 7 31 0 6
1 3 5 1 100 0.75 10 1657 9 37 31 8 31 0 6
1 3 5 1 100 0.75 10 1658 9 38 35 9 31 0 6
1 3 5 1 100 0.75 10 1659 9 39 35 9 31 0 6
1 3 5 1 100 0.75 10 1660 9 40 37 9 31 0 6
1 3 5 1 100 0.75 10 1661 9 41 37 9 31 0 6
1 3 5 1 100 0.75 10 1662 9 41 38 8 32 1 5
1 3 5 1 100 0.75 10 1663 11 41 35 7 33 2 4
1 3 5 1 100 0.75 10 1664 11 42 38 9 33 2 4
1 3 5 1 100 0.75 10 1665 11 43 40 9 33 2 5
1 3 5 1 100 0.75 10 1666 11 44 40 9 33 2 5
1 3 5 1 100 0.75 10 1667 12 45 42 9 33 2 5
1 3 5 1 100 0.75 10 1668 12 45 42 9 34 3 4
1 3 5 1 100 0.75 10 1669 12 46 43 9 34 3 4
1 3 5 1 100 0.75 10 1670 13 47 44 9 34 3 5
1 3 5 1 100 0.75 10 1671 15 48 41 10 34 3 5
1 3 5 1 100 0.75 10 1672 15 48 43 11 35 4 4
1 3 5 1 100 0.75 10 1673 15 49 43 11 35 4 4
1 3 5 1 100 0.75 10 1674 15 50 46 11 35 4 5
1 3 5 1 100 0.75 10 1675 16 49 44 9 37 6 3
1 3 5 1 100 0.75 10 1676 17 50 44 10 36 6 3
1 3 5 1 100 0.75 10 1677 17 51 45 11 36 6 4
1 3 5 1 100 0.75 10 1678 18 52 46 11 36 6 4
1 3 5 1 100 0.75 10 1679 20 53 45 12 36 6 5
1 3 5 1 100 0.75 10 1680 20 54 46 14 36 6 5
1 3 5 1 100 0.75 10 1681 20 54 46 13 37 7 4
1 3 5 1 100 0.75 10 1682 20 55 49 13 37 7 5
1 3 5 1 100 0.75 10 1683 20 56 50 13 37 7 5
1 3 5 1 100 0.75 10 1684 20 57 50 13 37 7 5
1 3 5 1 100 0.75 10 1685 21 58 51 13 37 7 5
1 3 5 1 100 0.75 10 1686 22 59 53 14 37 7 6
1 3 5 1 100 0.75 10 1687 23 60 53 15 37 7 8
1 3 5 1 100 0.75 10 1688 25 61 53 16 37 7 8
1 3 5 1 100 0.75 10 1689 25 62 54 18 37 7 8
1 3 5 1 100 0.75 10 1690 25 61 53 16 39 9 6
1 3 5 1 100 0.75 10 1691 26 62 54 16 39 9 6
1 3 5 1 100 0.75 10 1692 27 62 52 16 40 10 5
1 3 5 1 100 0.75 10 1693 27 63 54 17 40 10 6
1 3 5 1 100 0.75 10 1694 27 64 57 17 40 10 7
1 3 5 1 100 0.75 10 1695 28 65 57 17 40 10 8
1 3 5 1 100 0.75 10 1696 29 65 56 17 41 11 7
1 3 5 1 100 0.75 10 1697 30 66 58 18 41 11 7
1 3 5 1 100 0.75 10 1698 30 67 59 19 41 11 7
1 3 5 1 100 0.75 10 1699 31 67 60 18 42 12 8
1 3 5 1 100 0.75 10 1700 32 68 58 19 42 12 8
1 3 5 1 100 0.75 10 1701 32 69 59 20 42 12 8
1 3 5 1 100 0.75 10 1702 33 69 59 19 43 13 7
1 3 5 1 100 0.75 10 1703 35 70 60 20 43 13 9
1 3 5 1 100 0.75 10 1704 35 69 60 20 45 15 7
1 3 5 1 100 0.75 10 1705 35 70 59 20 45 15 7
1 3 5 1 100 0.75 10 1706 35 71 63 20 45 15 8
1 3 5 1 100 0.75 10 1707 35 72 63 20 45 15 8
1 3 5 1 100 0.75 10 1708 37 73 64 20 45 15 8
1 3 5 1 100 0.75 10 1709 38 73 61 21 45 16 7
1 3 5 1 100 0.75 10 1710 38 73 63 21 46 17 8
1 3 5 1 100 0.75 10 1711 39 74 65 21 46 17 9
1 3 5 1 100 0.75 10 1712 41 75 64 22 46 17 9
1 3 5 1 100 0.75 10 1713 43 76 62 24 46 17 9
1 3 5 1 100 0.75 10 1714 44 76 63 25 47 18 8
1 3 5 1 100 0.75 10 1715 46 76 61 25 48 19 9
1 3 5 1 100 0.75 10 1716 46 77 65 27 48 19 10
1 3 5 1 100 0.75 10 1717 46 78 64 27 48 19 10
1 3 5 1 100 0.75 10 1718 46 79 67 27 48 19 10
1 3 5 1 100 0.75 10 1719 47 79 67 26 49 20 9
1 3 5 1 100 0.75 10 1720 49 80 66 27 49 20 10
1 3 5 1 100 0.75 10 1721 49 79 65 27 51 22 9
1 3 5 1 100 0.75 10 1722 50 80 68 27 51 22 12
1 3 5 1 100 0.75 10 1723 50 81 66 28 50 22 12
1 3 5 1 100 0.75 10 1724 51 82 68 28 50 22 12
1 3 5 1 100 0.75 10 1725 51 82 67 28 51 23 11
1 3 5 1 100 0.75 10 1726 52 82 68 27 52 24 11
1 3 5 1 100 0.75 10 1727 52 82 70 27 53 25 11
1 3 5 1 100 0.75 10 1728 54 83 70 27 53 25 12
1 3 5 1 100 0.75 10 1729 54 84 73 29 53 25 13
1 3 5 1 100 0.75 10 1730 55 84 71 28 54 26 12
1 3 5 1 100 0.75 10 1731 55 84 71 28 55 27 11
1 3 5 1 100 0.75 10 1732 57 85 71 28 55 27 12
1 3 5 1 100 0.75 10 1733 57 86 71 30 55 27 12
1 3 5 1 100 0.75 10 1734 58 85 70 29 57 29 10
1 3 5 1 100 0.75 10 1735 58 86 71 30 57 29 10
1 3 5 1 100 0.75 10 1736 59 86 70 29 58 30 10
1 3 5 1 100 0.75 10 1737 61 87 71 30 58 30 11
1 3 5 1 100 0.75 10 1738 65 86 66 30 60 32 9
1 3 5 1 100 0.75 10 1739 65 87 69 34 60 32 10
1 3 5 1 100 0.75 10 1740 65 87 69 33 61 33 9
1 3 5 1 100 0.75 10 1741 67 87 67 32 62 34 9
1 3 5 1 100 0.75 10 1742 67 88 69 34 62 34 9
1 3 5 1 100 0.75 10 1743 67 87 68 32 64 36 7
1 3 5 1 100 0.75 10 1744 69 87 64 31 65 37 7
1 3 5 1 100 0.75 10 1745 73 88 68 33 65 37 11
1 3 5 1 100 0.75 10 1746 74 89 66 37 65 37 13
1 3 5 1 100 0.75 10 1747 76 89 67 37 66 38 12
1 3 5 1 100 0.75 10 1748 77 90 67 39 66 38 13
1 3 5 1 100 0.75 10 1749 79 90 67 39 67 39 13
1 3 5 1 100 0.75 10 1750 81 91 66 41 67 39 13
1 3 5 1 100 0.75 10 1751 81 92 67 43 67 39 14
1 3 5 1 100 0.75 10 1752 81 93 72 43 67 39 17
1 3 5 1 100 0.75 10 1753 82 93 70 42 68 40 17
1 3 5 1 100 0.75 10 1754 83 93 72 42 69 41 18
1 3 5 1 100 0.75 10 1755 86 94 72 43 69 41 19
1 3 5 1 100 0.75 10 1756 89 93 73 44 71 43 19
1 3 5 1 100 0.75 10 1757 90 94 69 47 71 43 20
1 3 5 1 100 0.75 10 1758 90 95 75 48 71 43 21
1 3 5 1 100 0.75 10 1759 92 95 72 47 72 44 20
1 3 5 1 100 0.75 10 1760 93 96 73 49 72 44 20
1 3 5 1 100 0.75 10 1761 94 95 71 48 74 46 18
1 3 5 1 100 0.75 10 1762 96 95 70 48 75 47 18
1 3 5 1 100 0.75 10 1763 97 96 73 50 75 47 19
1 3 5 1 100 0.75 10 1764 99 94 68 49 78 50 18
1 3 5 1 100 0.75 10 1765 99 94 70 50 79 51 18
1 3 5 1 100 0.75 10 1766 100 94 71 49 80 52 18
1 3 5 1 100 0.75 10 1767 103 95 71 50 80 52 19
1 3 5 1 100 0.75 10 1768 105 96 69 53 80 52 19
1 3 5 1 100 0.75 10 1769 106 95 71 53 82 54 20
1 3 5 1 100 0.75 10 1770 106 95 72 53 83 55 20
1 3 5 1 100 0.75 10 1770 106 95 95 53 99 55 20
1 3 5 1 100 0.75 10 1800 106 95 95 53 33 55 20
