4 1 1 1 100 0.75 1 1 0 4 4 0 100 0 0
4 1 1 1 100 0.75 1 2 0 8 8 0 100 0 0
4 1 1 1 100 0.75 1 3 0 12 12 0 100 0 0
4 1 1 1 100 0.75 1 4 0 16 16 0 100 0 0
4 1 1 1 100 0.75 1 5 0 20 20 0 100 0 0
4 1 1 1 100 0.75 1 6 0 24 24 0 100 0 0
4 1 1 1 100 0.75 1 7 0 28 28 0 100 0 0
4 1 1 1 100 0.75 1 8 0 32 32 0 100 0 0
4 1 1 1 100 0.75 1 9 1 36 35 0 100 0 0
4 1 1 1 100 0.75 1 10 2 40 38 1 100 0 0
4 1 1 1 100 0.75 1 11 2 44 41 2 100 0 0
4 1 1 1 100 0.75 1 12 3 48 44 2 100 0 0
4 1 1 1 100 0.75 1 13 4 52 48 3 100 0 0
4 1 1 1 100 0.75 1 14 7 56 48 4 100 0 0
4 1 1 1 100 0.75 1 15 8 60 51 7 100 0 0
4 1 1 1 100 0.75 1 16 9 64 56 8 100 0 0
4 1 1 1 100 0.75 1 17 10 68 58 9 100 0 1
4 1 1 1 100 0.75 1 18 13 72 59 10 100 0 1
4 1 1 1 100 0.75 1 19 13 76 63 13 100 0 1
4 1 1 1 100 0.75 1 20 13 80 68 13 100 0 3
4 1 1 1 100 0.75 1 21 18 84 67 13 100 0 5
4 1 1 1 100 0.75 1 22 20 88 71 18 100 0 6
4 1 1 1 100 0.75 1 23 23 92 76 20 100 0 8
4 1 1 1 100 0.75 1 24 26 96 73 23 100 0 8
4 1 1 1 100 0.75 1 25 29 100 79 26 100 0 11
4 1 1 1 100 0.75 1 26 33 104 81 29 100 0 12
4 1 1 1 100 0.75 1 27 35 108 85 33 100 0 12
4 1 1 1 100 0.75 1 28 36 112 83 35 100 0 14
4 1 1 1 100 0.75 1 29 38 116 94 36 100 0 18
4 1 1 1 100 0.75 1 30 39 120 98 38 100 0 19
4 1 1 1 100 0.75 1 31 42 124 105 39 100 0 22
4 1 1 1 100 0.75 1 32 43 128 109 42 100 0 25
4 1 1 1 100 0.75 1 33 46 132 110 43 99 0 27
4 1 1 1 100 0.75 1 34 49 135 116 45 100 1 28
4 1 1 1 100 0.75 1 35 53 138 116 47 101 2 28
4 1 1 1 100 0.75 1 36 58 142 115 51 101 2 31
4 1 1 1 100 0.75 1 37 61 146 120 56 101 2 32
4 1 1 1 100 0.75 1 38 64 150 124 59 101 2 33
4 1 1 1 100 0.75 1 39 67 153 122 61 102 3 33
4 1 1 1 100 0.75 1 40 68 157 126 64 102 3 36
4 1 1 1 100 0.75 1 41 70 159 130 63 104 5 36
4 1 1 1 100 0.75 1 42 72 161 136 63 106 7 37
4 1 1 1 100 0.75 1 43 76 162 134 62 109 10 38
4 1 1 1 100 0.75 1 44 77 165 138 65 110 11 41
4 1 1 1 100 0.75 1 45 80 167 138 64 112 13 42
4 1 1 1 100 0.75 1 46 84 169 143 65 114 15 43
4 1 1 1 100 0.75 1 47 89 173 143 69 114 15 45
4 1 1 1 100 0.75 1 48 93 172 138 69 119 20 40
4 1 1 1 100 0.75 1 49 97 172 136 69 123 24 37
4 1 1 1 100 0.75 1 50 100 174 138 71 125 26 37
4 1 1 1 100 0.75 1 51 103 175 140 71 128 29 37
4 1 1 1 100 0.75 1 52 107 179 136 75 128 29 37
4 1 1 1 100 0.75 1 53 110 180 140 76 131 32 35
4 1 1 1 100 0.75 1 54 112 184 143 79 131 32 40
4 1 1 1 100 0.75 1 55 119 185 146 78 134 35 41
4 1 1 1 100 0.75 1 56 126 187 142 83 136 37 43
4 1 1 1 100 0.75 1 57 129 191 147 90 136 37 43
4 1 1 1 100 0.75 1 58 132 192 145 90 139 40 42
4 1 1 1 100 0.75 1 59 135 193 147 92 142 43 41
4 1 1 1 100 0.75 1 60 142 192 144 91 147 48 39
4 1 1 1 100 0.75 1 61 146 191 139 93 152 53 35
4 1 1 1 100 0.75 1 62 146 193 141 95 153 55 36
4 1 1 1 100 0.75 1 63 152 197 147 95 153 55 40
4 1 1 1 100 0.75 1 64 156 200 146 100 154 56 44
4 1 1 1 100 0.75 1 65 160 202 154 102 156 58 48
4 1 1 1 100 0.75 1 66 165 203 146 103 158 61 46
4 1 1 1 100 0.75 1 67 168 205 155 106 160 63 50
4 1 1 1 100 0.75 1 68 175 208 156 108 161 64 55
4 1 1 1 100 0.75 1 69 179 212 159 115 161 64 56
4 1 1 1 100 0.75 1 70 184 213 153 116 164 67 57
4 1 1 1 100 0.75 1 71 189 215 159 120 166 69 58
4 1 1 1 100 0.75 1 72 197 214 150 121 171 74 56
4 1 1 1 100 0.75 1 73 204 215 151 126 174 77 58
4 1 1 1 100 0.75 1 74 207 218 151 132 175 78 58
4 1 1 1 100 0.75 1 75 215 218 152 131 179 82 58
4 1 1 1 100 0.75 1 76 218 218 148 136 183 86 60
4 1 1 1 100 0.75 1 77 224 220 151 137 185 88 63
4 1 1 1 100 0.75 1 78 228 224 151 143 185 88 68
4 1 1 1 100 0.75 1 79 234 224 153 143 189 92 71
4 1 1 1 100 0.75 1 80 236 226 155 148 191 94 73
4 1 1 1 100 0.75 1 81 244 225 156 145 196 99 70
4 1 1 1 100 0.75 1 82 247 224 152 148 200 104 66
4 1 1 1 100 0.75 1 83 251 226 157 149 202 106 70
4 1 1 1 100 0.75 1 84 255 224 155 147 208 112 70
4 1 1 1 100 0.75 1 85 260 220 149 143 216 120 65
4 1 1 1 100 0.75 1 86 266 224 151 149 216 120 69
4 1 1 1 100 0.75 1 87 269 225 149 152 219 123 71
4 1 1 1 100 0.75 1 88 275 227 153 154 221 125 72
4 1 1 1 100 0.75 1 89 280 229 147 158 223 127 73
4 1 1 1 100 0.75 1 90 286 227 147 158 228 133 71
4 1 1 1 100 0.75 1 91 291 229 139 162 230 135 72
4 1 1 1 100 0.75 1 92 296 230 151 164 233 138 75
4 1 1 1 100 0.75 1 93 303 231 140 166 236 141 76
4 1 1 1 100 0.75 1 94 310 231 141 169 240 145 76
4 1 1 1 100 0.75 1 95 314 224 138 165 250 156 69
4 1 1 1 100 0.75 1 96 319 224 134 166 254 160 66
4 1 1 1 100 0.75 1 97 323 226 142 170 256 162 71
4 1 1 1 100 0.75 1 98 330 225 126 170 261 167 70
4 1 1 1 100 0.75 1 99 336 223 124 172 267 173 69
4 1 1 1 100 0.75 1 100 339 224 129 175 270 176 72
4 1 1 1 100 0.75 1 101 344 227 137 177 269 177 77
4 1 1 1 100 0.75 1 102 347 226 133 177 274 182 78
4 1 1 1 100 0.75 1 103 352 227 135 177 277 185 78
4 1 1 1 100 0.75 1 104 357 227 133 178 280 189 76
4 1 1 1 100 0.75 1 105 363 227 131 179 284 193 77
4 1 1 1 100 0.75 1 106 367 229 145 183 286 195 83
4 1 1 1 100 0.75 1 107 371 226 124 180 293 202 80
4 1 1 1 100 0.75 1 108 377 224 130 179 299 208 79
4 1 1 1 100 0.75 1 109 383 221 119 178 306 215 73
4 1 1 1 100 0.75 1 110 386 222 121 182 309 218 72
4 1 1 1 100 0.75 1 111 391 225 121 186 310 219 74
4 1 1 1 100 0.75 1 112 396 227 130 189 312 221 79
4 1 1 1 100 0.75 1 113 398 225 114 188 318 227 76
4 1 1 1 100 0.75 1 114 404 226 122 188 321 230 76
4 1 1 1 100 0.75 1 115 408 228 118 193 323 232 78
4 1 1 1 100 0.75 1 116 410 225 116 190 330 239 74
4 1 1 1 100 0.75 1 117 413 225 121 188 334 243 76
4 1 1 1 100 0.75 1 118 414 220 119 185 343 252 69
4 1 1 1 100 0.75 1 119 420 222 114 185 345 254 74
4 1 1 1 100 0.75 1 120 422 223 124 190 348 257 74
4 1 1 1 100 0.75 1 121 426 221 117 188 354 263 70
4 1 1 1 100 0.75 1 122 431 216 106 184 363 272 65
4 1 1 1 100 0.75 1 123 434 216 106 186 367 276 65
4 1 1 1 100 0.75 1 124 437 218 99 187 369 278 66
4 1 1 1 100 0.75 1 125 438 219 109 188 371 281 66
4 1 1 1 100 0.75 1 126 441 218 93 184 376 286 64
4 1 1 1 100 0.75 1 127 445 219 111 185 379 289 64
4 1 1 1 100 0.75 1 128 449 219 110 186 383 293 65
4 1 1 1 100 0.75 1 129 451 221 114 191 385 295 68
4 1 1 1 100 0.75 1 130 456 222 110 191 388 298 70
4 1 1 1 100 0.75 1 131 457 222 114 192 391 302 69
4 1 1 1 100 0.75 1 132 461 222 107 191 395 306 65
4 1 1 1 100 0.75 1 133 463 220 110 190 401 312 62
4 1 1 1 100 0.75 1 134 468 216 95 185 408 320 56
4 1 1 1 100 0.75 1 135 471 219 100 189 407 321 61
4 1 1 1 100 0.75 1 136 476 219 115 188 411 325 58
4 1 1 1 100 0.75 1 137 476 221 120 192 413 327 59
4 1 1 1 100 0.75 1 138 480 222 109 190 416 330 59
4 1 1 1 100 0.75 1 139 481 222 115 192 420 334 57
4 1 1 1 100 0.75 1 140 482 219 107 188 427 341 54
4 1 1 1 100 0.75 1 141 486 220 103 189 430 344 54
4 1 1 1 100 0.75 1 142 487 223 103 192 431 345 56
4 1 1 1 100 0.75 1 143 488 221 107 188 437 351 53
4 1 1 1 100 0.75 1 144 493 225 97 190 437 351 56
4 1 1 1 100 0.75 1 145 497 224 112 190 442 356 53
4 1 1 1 100 0.75 1 146 504 226 101 192 444 358 54
4 1 1 1 100 0.75 1 147 507 226 104 195 448 362 51
4 1 1 1 100 0.75 1 148 509 226 103 194 451 366 52
4 1 1 1 100 0.75 1 149 513 227 98 194 454 369 51
4 1 1 1 100 0.75 1 150 517 227 89 195 458 373 49
4 1 1 1 100 0.75 1 150 517 227 227 195 505 373 49
4 1 1 1 100 0.75 1 180 517 227 227 195 11 373 49
4 1 1 1 100 0.75 2 181 0 4 4 0 11 0 0
4 1 1 1 100 0.75 2 182 0 8 8 0 11 0 0
4 1 1 1 100 0.75 2 183 0 12 12 0 11 0 0
4 1 1 1 100 0.75 2 184 0 16 16 0 11 0 0
4 1 1 1 100 0.75 2 185 0 20 20 0 11 0 0
4 1 1 1 100 0.75 2 186 0 24 24 0 11 0 0
4 1 1 1 100 0.75 2 187 0 28 27 0 11 0 0
4 1 1 1 100 0.75 2 188 0 32 32 0 11 0 0
4 1 1 1 100 0.75 2 189 0 36 36 0 11 0 0
4 1 1 1 100 0.75 2 190 0 40 40 0 11 0 0
4 1 1 1 100 0.75 2 191 0 44 44 0 11 0 0
4 1 1 1 100 0.75 2 192 1 48 47 0 11 0 0
4 1 1 1 100 0.75 2 193 1 52 51 1 11 0 0
4 1 1 1 100 0.75 2 194 1 56 55 1 11 0 0
4 1 1 1 100 0.75 2 195 2 60 58 1 11 0 0
4 1 1 1 100 0.75 2 196 3 64 59 2 11 0 0
4 1 1 1 100 0.75 2 197 5 68 63 3 11 0 0
4 1 1 1 100 0.75 2 198 5 72 67 5 11 0 0
4 1 1 1 100 0.75 2 199 6 76 69 5 11 0 0
4 1 1 1 100 0.75 2 200 7 80 74 6 11 0 1
4 1 1 1 100 0.75 2 201 9 84 76 7 11 0 1
4 1 1 1 100 0.75 2 202 10 88 80 9 11 0 1
4 1 1 1 100 0.75 2 203 10 92 83 10 11 0 1
4 1 1 1 100 0.75 2 204 12 96 86 10 11 0 3
4 1 1 1 100 0.75 2 205 12 100 91 12 11 0 3
4 1 1 1 100 0.75 2 206 13 104 95 12 11 0 3
4 1 1 1 100 0.75 2 207 13 108 101 13 11 0 5
4 1 1 1 100 0.75 2 208 13 112 105 13 11 0 6
4 1 1 1 100 0.75 2 209 14 116 110 13 11 0 6
4 1 1 1 100 0.75 2 210 14 120 114 14 11 0 6
4 1 1 1 100 0.75 2 211 14 124 119 14 11 0 7
4 1 1 1 100 0.75 2 212 14 128 123 14 11 0 8
4 1 1 1 100 0.75 2 213 16 132 127 14 11 0 9
4 1 1 1 100 0.75 2 214 16 136 131 16 11 0 9
4 1 1 1 100 0.75 2 215 17 140 134 16 11 0 9
4 1 1 1 100 0.75 2 216 17 144 139 17 11 0 10
4 1 1 1 100 0.75 2 217 19 148 141 17 11 0 10
4 1 1 1 100 0.75 2 218 21 152 143 19 11 0 10
4 1 1 1 100 0.75 2 219 21 156 147 21 11 0 10
4 1 1 1 100 0.75 2 220 22 158 149 19 13 2 8
4 1 1 1 100 0.75 2 221 24 161 151 19 14 3 8
4 1 1 1 100 0.75 2 222 24 165 156 21 14 3 8
4 1 1 1 100 0.75 2 223 24 169 160 21 14 3 8
4 1 1 1 100 0.75 2 224 24 173 163 21 14 3 8
4 1 1 1 100 0.75 2 225 25 177 170 21 14 3 10
4 1 1 1 100 0.75 2 226 25 181 175 22 14 3 11
4 1 1 1 100 0.75 2 227 26 181 175 18 18 7 8
4 1 1 1 100 0.75 2 228 28 185 177 19 18 7 8
4 1 1 1 100 0.75 2 229 29 189 180 21 18 7 9
4 1 1 1 100 0.75 2 230 30 192 183 21 19 8 8
4 1 1 1 100 0.75 2 231 31 196 185 22 19 8 8
4 1 1 1 100 0.75 2 232 32 199 188 22 20 9 7
4 1 1 1 100 0.75 2 233 33 202 190 22 21 10 7
4 1 1 1 100 0.75 2 234 36 206 193 23 21 10 8
4 1 1 1 100 0.75 2 235 37 210 199 26 21 10 10
4 1 1 1 100 0.75 2 236 39 214 200 27 21 10 10
4 1 1 1 100 0.75 2 237 42 218 203 29 21 10 11
4 1 1 1 100 0.75 2 238 43 221 206 31 22 11 11
4 1 1 1 100 0.75 2 239 45 225 209 32 22 11 12
4 1 1 1 100 0.75 2 240 46 229 213 34 22 11 14
4 1 1 1 100 0.75 2 241 48 233 217 35 22 11 15
4 1 1 1 100 0.75 2 242 49 237 221 37 22 11 17
4 1 1 1 100 0.75 2 243 51 241 224 38 22 11 18
4 1 1 1 100 0.75 2 244 52 242 230 37 25 14 19
4 1 1 1 100 0.75 2 245 56 245 228 37 26 15 19
4 1 1 1 100 0.75 2 246 57 248 231 40 27 16 18
4 1 1 1 100 0.75 2 247 58 252 234 41 27 16 21
4 1 1 1 100 0.75 2 248 61 256 237 42 27 16 22
4 1 1 1 100 0.75 2 249 62 260 241 45 27 16 22
4 1 1 1 100 0.75 2 250 66 262 239 44 29 18 21
4 1 1 1 100 0.75 2 251 68 266 245 48 29 18 23
4 1 1 1 100 0.75 2 252 69 269 248 49 30 19 23
4 1 1 1 100 0.75 2 253 71 272 252 49 31 20 25
4 1 1 1 100 0.75 2 254 72 275 256 50 32 21 25
4 1 1 1 100 0.75 2 255 75 277 256 49 34 23 24
4 1 1 1 100 0.75 2 256 78 281 257 52 34 23 26
4 1 1 1 100 0.75 2 257 81 285 264 55 34 23 28
4 1 1 1 100 0.75 2 258 82 285 263 54 38 27 24
4 1 1 1 100 0.75 2 259 86 287 264 53 40 29 24
4 1 1 1 100 0.75 2 260 87 289 266 55 42 31 23
4 1 1 1 100 0.75 2 261 90 292 266 55 43 32 23
4 1 1 1 100 0.75 2 262 96 294 267 57 45 34 24
4 1 1 1 100 0.75 2 263 101 298 264 63 45 34 25
4 1 1 1 100 0.75 2 264 103 301 269 67 46 35 28
4 1 1 1 100 0.75 2 265 106 303 270 67 48 37 28
4 1 1 1 100 0.75 2 266 108 306 275 69 49 38 30
4 1 1 1 100 0.75 2 267 110 309 276 70 50 39 31
4 1 1 1 100 0.75 2 268 113 312 280 71 51 40 31
4 1 1 1 100 0.75 2 269 118 313 280 71 54 43 30
4 1 1 1 100 0.75 2 270 121 316 283 75 55 44 33
4 1 1 1 100 0.75 2 271 127 319 286 78 56 45 36
4 1 1 1 100 0.75 2 272 131 322 284 83 57 46 36
4 1 1 1 100 0.75 2 273 133 324 289 85 59 48 36
4 1 1 1 100 0.75 2 274 136 325 288 84 62 51 36
4 1 1 1 100 0.75 2 275 141 329 289 87 62 51 38
4 1 1 1 100 0.75 2 276 150 332 287 91 63 52 39
4 1 1 1 100 0.75 2 277 153 335 292 99 64 53 43
4 1 1 1 100 0.75 2 278 158 339 293 102 64 53 47
4 1 1 1 100 0.75 2 279 162 339 295 103 68 57 47
4 1 1 1 100 0.75 2 280 166 340 295 104 71 60 46
4 1 1 1 100 0.75 2 281 168 343 300 108 72 61 48
4 1 1 1 100 0.75 2 282 170 345 300 108 74 63 49
4 1 1 1 100 0.75 2 283 174 347 308 108 76 65 55
4 1 1 1 100 0.75 2 284 182 348 300 109 79 68 56
4 1 1 1 100 0.75 2 285 194 350 301 115 81 70 56
4 1 1 1 100 0.75 2 286 201 352 297 125 83 72 57
4 1 1 1 100 0.75 2 287 204 351 298 127 88 77 55
4 1 1 1 100 0.75 2 288 211 352 292 127 91 80 55
4 1 1 1 100 0.75 2 289 216 354 295 132 92 82 54
4 1 1 1 100 0.75 2 290 220 357 294 136 93 83 56
4 1 1 1 100 0.75 2 291 226 356 292 136 98 88 56
4 1 1 1 100 0.75 2 292 237 359 291 142 99 89 64
4 1 1 1 100 0.75 2 293 244 361 296 152 101 91 68
4 1 1 1 100 0.75 2 294 248 361 290 158 105 95 66
4 1 1 1 100 0.75 2 295 253 363 297 160 107 97 70
4 1 1 1 100 0.75 2 296 263 364 290 162 110 100 72
4 1 1 1 100 0.75 2 297 266 362 288 166 116 106 70
4 1 1 1 100 0.75 2 298 274 365 287 168 117 107 72
4 1 1 1 100 0.75 2 299 283 363 286 170 123 113 72
4 1 1 1 100 0.75 2 300 292 365 291 177 125 115 80
4 1 1 1 100 0.75 2 301 298 366 287 183 128 118 79
4 1 1 1 100 0.75 2 302 302 366 290 186 132 122 81
4 1 1 1 100 0.75 2 303 311 366 279 188 136 126 82
4 1 1 1 100 0.75 2 304 318 366 282 194 140 130 85
4 1 1 1 100 0.75 2 305 324 368 280 201 142 132 87
4 1 1 1 100 0.75 2 306 334 367 278 202 147 137 89
4 1 1 1 100 0.75 2 307 343 366 271 207 152 142 90
4 1 1 1 100 0.75 2 308 349 368 276 214 154 144 94
4 1 1 1 100 0.75 2 309 358 366 264 215 160 150 90
4 1 1 1 100 0.75 2 310 365 366 267 221 164 154 94
4 1 1 1 100 0.75 2 311 368 362 263 221 172 162 89
4 1 1 1 100 0.75 2 312 379 361 261 220 177 167 93
4 1 1 1 100 0.75 2 313 384 363 276 230 179 169 99
4 1 1 1 100 0.75 2 314 392 364 271 233 182 172 103
4 1 1 1 100 0.75 2 315 406 361 259 235 189 179 99
4 1 1 1 100 0.75 2 316 420 355 237 240 199 189 98
4 1 1 1 100 0.75 2 317 427 357 254 253 201 191 102
4 1 1 1 100 0.75 2 318 431 355 232 254 207 197 99
4 1 1 1 100 0.75 2 319 437 355 242 254 211 201 101
4 1 1 1 100 0.75 2 320 443 354 242 256 216 206 102
4 1 1 1 100 0.75 2 321 452 353 232 257 221 211 102
4 1 1 1 100 0.75 2 322 461 352 227 261 226 216 109
4 1 1 1 100 0.75 2 323 466 351 247 266 231 221 112
4 1 1 1 100 0.75 2 324 475 349 234 266 237 227 117
4 1 1 1 100 0.75 2 325 481 347 230 271 243 233 113
4 1 1 1 100 0.75 2 326 489 340 218 269 254 244 109
4 1 1 1 100 0.75 2 327 495 343 223 277 254 245 111
4 1 1 1 100 0.75 2 328 501 341 213 280 260 251 112
4 1 1 1 100 0.75 2 329 506 337 221 278 268 259 108
4 1 1 1 100 0.75 2 330 509 335 217 277 274 265 107
4 1 1 1 100 0.75 2 330 509 335 335 277 375 265 107
4 1 1 1 100 0.75 2 360 509 335 335 277 11 265 107
4 1 1 1 100 0.75 3 361 0 4 4 0 11 0 0
4 1 1 1 100 0.75 3 362 0 8 8 0 11 0 0
4 1 1 1 100 0.75 3 363 0 12 12 0 11 0 0
4 1 1 1 100 0.75 3 364 0 16 16 0 11 0 0
4 1 1 1 100 0.75 3 365 0 20 20 0 11 0 0
4 1 1 1 100 0.75 3 366 0 24 24 0 11 0 0
4 1 1 1 100 0.75 3 367 0 28 28 0 11 0 0
4 1 1 1 100 0.75 3 368 0 32 32 0 11 0 0
4 1 1 1 100 0.75 3 369 0 36 35 0 11 0 0
4 1 1 1 100 0.75 3 370 0 40 40 0 11 0 0
4 1 1 1 100 0.75 3 371 2 44 42 0 11 0 0
4 1 1 1 100 0.75 3 372 2 48 46 2 11 0 0
4 1 1 1 100 0.75 3 373 2 52 49 2 11 0 0
4 1 1 1 100 0.75 3 374 3 56 52 2 11 0 0
4 1 1 1 100 0.75 3 375 4 60 56 3 11 0 0
4 1 1 1 100 0.75 3 376 4 64 59 4 11 0 0
4 1 1 1 100 0.75 3 377 4 68 64 4 11 0 0
4 1 1 1 100 0.75 3 378 5 72 68 4 11 0 0
4 1 1 1 100 0.75 3 379 5 76 73 5 11 0 1
4 1 1 1 100 0.75 3 380 6 80 75 5 11 0 1
4 1 1 1 100 0.75 3 381 7 84 79 6 11 0 2
4 1 1 1 100 0.75 3 382 7 88 84 7 11 0 2
4 1 1 1 100 0.75 3 383 7 92 87 7 11 0 2
4 1 1 1 100 0.75 3 384 7 96 91 7 11 0 2
4 1 1 1 100 0.75 3 385 7 100 97 7 11 0 2
4 1 1 1 100 0.75 3 386 7 104 101 7 11 0 3
4 1 1 1 100 0.75 3 387 8 108 103 7 11 0 3
4 1 1 1 100 0.75 3 388 9 112 108 8 11 0 4
4 1 1 1 100 0.75 3 389 11 116 110 9 11 0 4
4 1 1 1 100 0.75 3 390 11 120 114 11 11 0 4
4 1 1 1 100 0.75 3 391 12 124 119 11 11 0 4
4 1 1 1 100 0.75 3 392 16 128 119 12 11 0 4
4 1 1 1 100 0.75 3 393 16 132 123 16 11 0 4
4 1 1 1 100 0.75 3 394 16 136 128 16 11 0 5
4 1 1 1 100 0.75 3 395 16 140 132 16 11 0 5
4 1 1 1 100 0.75 3 396 17 143 135 15 12 1 4
4 1 1 1 100 0.75 3 397 18 147 140 16 12 1 6
4 1 1 1 100 0.75 3 398 18 150 143 16 13 2 5
4 1 1 1 100 0.75 3 399 20 154 148 16 13 2 9
4 1 1 1 100 0.75 3 400 22 158 150 18 13 2 10
4 1 1 1 100 0.75 3 401 23 162 155 20 13 2 10
4 1 1 1 100 0.75 3 402 23 165 157 20 14 3 9
4 1 1 1 100 0.75 3 403 23 169 162 20 14 3 9
4 1 1 1 100 0.75 3 404 24 173 166 20 14 3 9
4 1 1 1 100 0.75 3 405 24 177 170 21 14 3 10
4 1 1 1 100 0.75 3 406 24 181 175 21 14 3 10
4 1 1 1 100 0.75 3 407 27 185 177 21 14 3 11
4 1 1 1 100 0.75 3 408 28 188 181 23 15 4 12
4 1 1 1 100 0.75 3 409 28 192 186 24 15 4 12
4 1 1 1 100 0.75 3 410 28 196 187 24 15 4 12
4 1 1 1 100 0.75 3 411 28 200 193 24 15 4 12
4 1 1 1 100 0.75 3 412 29 204 196 24 15 4 13
4 1 1 1 100 0.75 3 413 29 206 199 23 17 6 11
4 1 1 1 100 0.75 3 414 31 210 202 23 17 6 11
4 1 1 1 100 0.75 3 415 33 212 204 23 19 8 10
4 1 1 1 100 0.75 3 416 36 216 205 25 19 8 11
4 1 1 1 100 0.75 3 417 37 219 208 27 20 9 10
4 1 1 1 100 0.75 3 418 39 222 209 27 21 10 9
4 1 1 1 100 0.75 3 419 41 225 210 28 22 11 8
4 1 1 1 100 0.75 3 420 41 228 214 29 23 12 7
4 1 1 1 100 0.75 3 421 41 232 219 29 23 12 7
4 1 1 1 100 0.75 3 422 43 235 220 28 24 13 7
4 1 1 1 100 0.75 3 423 48 237 219 28 26 15 6
4 1 1 1 100 0.75 3 424 49 240 222 32 27 16 6
4 1 1 1 100 0.75 3 425 50 244 227 33 27 16 6
4 1 1 1 100 0.75 3 426 54 248 229 34 27 16 7
4 1 1 1 100 0.75 3 427 55 251 233 37 28 17 7
4 1 1 1 100 0.75 3 428 56 255 236 38 28 17 7
4 1 1 1 100 0.75 3 429 58 259 238 39 28 17 9
4 1 1 1 100 0.75 3 430 59 263 242 41 28 17 12
4 1 1 1 100 0.75 3 431 61 266 246 41 29 18 12
4 1 1 1 100 0.75 3 432 65 269 249 42 30 19 13
4 1 1 1 100 0.75 3 433 69 273 249 46 30 19 14
4 1 1 1 100 0.75 3 434 69 277 257 50 30 19 16
4 1 1 1 100 0.75 3 435 71 281 260 50 30 19 17
4 1 1 1 100 0.75 3 436 73 285 264 52 30 19 17
4 1 1 1 100 0.75 3 437 75 289 266 54 30 19 17
4 1 1 1 100 0.75 3 438 76 292 269 55 31 20 18
4 1 1 1 100 0.75 3 439 78 296 274 56 31 20 19
4 1 1 1 100 0.75 3 440 81 299 277 57 32 21 20
4 1 1 1 100 0.75 3 441 85 302 275 59 33 22 22
4 1 1 1 100 0.75 3 442 89 304 277 61 35 24 21
4 1 1 1 100 0.75 3 443 93 308 280 65 35 24 22
4 1 1 1 100 0.75 3 444 93 312 287 69 35 24 23
4 1 1 1 100 0.75 3 445 97 314 283 67 37 26 23
4 1 1 1 100 0.75 3 446 98 318 291 71 37 26 25
4 1 1 1 100 0.75 3 447 102 320 290 70 39 28 25
4 1 1 1 100 0.75 3 448 103 323 295 73 40 29 28
4 1 1 1 100 0.75 3 449 106 326 298 73 41 30 30
4 1 1 1 100 0.75 3 450 112 328 300 74 43 32 29
4 1 1 1 100 0.75 3 451 115 330 298 78 45 34 28
4 1 1 1 100 0.75 3 452 120 333 299 80 46 35 29
4 1 1 1 100 0.75 3 453 125 336 300 84 47 36 29
4 1 1 1 100 0.75 3 454 127 340 306 89 47 36 34
4 1 1 1 100 0.75 3 455 129 343 307 91 48 37 33
4 1 1 1 100 0.75 3 456 129 346 310 92 49 38 33
4 1 1 1 100 0.75 3 457 130 348 316 90 51 40 36
4 1 1 1 100 0.75 3 458 136 351 316 90 52 41 40
4 1 1 1 100 0.75 3 459 140 353 317 94 54 43 39
4 1 1 1 100 0.75 3 460 145 355 320 96 56 45 40
4 1 1 1 100 0.75 3 461 150 356 319 98 59 48 40
4 1 1 1 100 0.75 3 462 154 359 317 102 60 49 40
4 1 1 1 100 0.75 3 463 161 361 318 104 62 51 39
4 1 1 1 100 0.75 3 464 163 364 316 110 63 52 39
4 1 1 1 100 0.75 3 465 166 367 319 111 64 53 39
4 1 1 1 100 0.75 3 466 169 370 326 113 65 54 45
4 1 1 1 100 0.75 3 467 173 370 324 112 69 58 45
4 1 1 1 100 0.75 3 468 174 369 320 111 74 63 42
4 1 1 1 100 0.75 3 469 179 371 323 111 76 65 41
4 1 1 1 100 0.75 3 470 183 374 327 116 77 66 44
4 1 1 1 100 0.75 3 471 189 376 331 119 79 68 48
4 1 1 1 100 0.75 3 472 197 377 325 122 82 71 47
4 1 1 1 100 0.75 3 473 201 378 325 127 85 74 46
4 1 1 1 100 0.75 3 474 207 380 321 129 87 76 46
4 1 1 1 100 0.75 3 475 210 381 323 132 90 79 47
4 1 1 1 100 0.75 3 476 214 382 326 132 93 82 46
4 1 1 1 100 0.75 3 477 220 384 321 135 95 84 48
4 1 1 1 100 0.75 3 478 224 387 331 142 96 85 55
4 1 1 1 100 0.75 3 479 230 391 329 146 96 85 58
4 1 1 1 100 0.75 3 480 238 393 331 151 98 87 61
4 1 1 1 100 0.75 3 481 244 392 325 154 103 92 60
4 1 1 1 100 0.75 3 482 250 395 325 159 104 93 62
4 1 1 1 100 0.75 3 483 253 395 330 161 108 97 61
4 1 1 1 100 0.75 3 484 262 396 326 161 111 100 64
4 1 1 1 100 0.75 3 485 269 398 327 168 113 102 67
4 1 1 1 100 0.75 3 486 271 400 335 173 115 104 67
4 1 1 1 100 0.75 3 487 275 400 329 171 119 108 64
4 1 1 1 100 0.75 3 488 283 404 331 175 119 108 71
4 1 1 1 100 0.75 3 489 296 404 327 179 123 112 73
4 1 1 1 100 0.75 3 490 303 402 318 186 129 118 72
4 1 1 1 100 0.75 3 491 310 400 315 187 134 124 68
4 1 1 1 100 0.75 3 492 318 402 317 192 136 126 74
4 1 1 1 100 0.75 3 493 323 403 313 199 139 129 73
4 1 1 1 100 0.75 3 494 327 404 314 201 142 132 73
4 1 1 1 100 0.75 3 495 334 404 314 202 146 136 74
4 1 1 1 100 0.75 3 496 340 407 317 208 147 137 80
4 1 1 1 100 0.75 3 497 347 404 314 207 154 144 78
4 1 1 1 100 0.75 3 498 353 403 308 210 159 149 81
4 1 1 1 100 0.75 3 499 358 404 314 213 162 152 83
4 1 1 1 100 0.75 3 500 368 403 308 213 167 157 85
4 1 1 1 100 0.75 3 501 372 404 311 222 170 160 85
4 1 1 1 100 0.75 3 502 377 406 312 224 172 162 91
4 1 1 1 100 0.75 3 503 384 404 303 225 177 168 90
4 1 1 1 100 0.75 3 504 392 405 306 230 180 171 91
4 1 1 1 100 0.75 3 505 400 404 293 234 185 176 90
4 1 1 1 100 0.75 3 506 406 404 294 239 189 180 91
4 1 1 1 100 0.75 3 507 417 403 294 241 194 185 92
4 1 1 1 100 0.75 3 508 420 401 293 248 200 191 90
4 1 1 1 100 0.75 3 509 426 400 284 247 204 196 92
4 1 1 1 100 0.75 3 510 433 402 285 251 205 198 94
4 1 1 1 100 0.75 3 510 433 402 402 251 298 198 94
4 1 1 1 100 0.75 3 540 433 402 402 251 11 198 94
4 1 1 1 100 0.75 4 541 0 4 4 0 11 0 0
4 1 1 1 100 0.75 4 542 0 8 8 0 11 0 0
4 1 1 1 100 0.75 4 543 0 12 12 0 11 0 0
4 1 1 1 100 0.75 4 544 0 16 16 0 11 0 0
4 1 1 1 100 0.75 4 545 0 20 20 0 11 0 0
4 1 1 1 100 0.75 4 546 0 24 24 0 11 0 0
4 1 1 1 100 0.75 4 547 0 28 28 0 11 0 0
4 1 1 1 100 0.75 4 548 0 32 32 0 11 0 0
4 1 1 1 100 0.75 4 549 1 36 35 0 11 0 0
4 1 1 1 100 0.75 4 550 1 40 39 1 11 0 0
4 1 1 1 100 0.75 4 551 1 44 43 1 11 0 0
4 1 1 1 100 0.75 4 552 1 48 47 1 11 0 0
4 1 1 1 100 0.75 4 553 2 52 50 1 11 0 0
4 1 1 1 100 0.75 4 554 2 56 54 2 11 0 0
4 1 1 1 100 0.75 4 555 4 60 56 2 11 0 0
4 1 1 1 100 0.75 4 556 4 64 59 4 11 0 0
4 1 1 1 100 0.75 4 557 5 68 63 4 11 0 1
4 1 1 1 100 0.75 4 558 5 72 67 5 11 0 1
4 1 1 1 100 0.75 4 559 6 76 71 5 11 0 1
4 1 1 1 100 0.75 4 560 7 80 74 6 11 0 1
4 1 1 1 100 0.75 4 561 7 84 79 7 11 0 2
4 1 1 1 100 0.75 4 562 7 88 84 7 11 0 2
4 1 1 1 100 0.75 4 563 7 92 89 7 11 0 3
4 1 1 1 100 0.75 4 564 9 96 92 7 11 0 4
4 1 1 1 100 0.75 4 565 9 100 96 9 11 0 4
4 1 1 1 100 0.75 4 566 9 104 98 9 11 0 4
4 1 1 1 100 0.75 4 567 9 108 106 9 11 0 4
4 1 1 1 100 0.75 4 568 10 112 109 9 11 0 4
4 1 1 1 100 0.75 4 569 10 116 113 10 11 0 4
4 1 1 1 100 0.75 4 570 10 120 117 10 11 0 4
4 1 1 1 100 0.75 4 571 11 124 121 10 11 0 6
4 1 1 1 100 0.75 4 572 11 128 126 11 11 0 6
4 1 1 1 100 0.75 4 573 12 132 128 11 11 0 6
4 1 1 1 100 0.75 4 574 12 135 131 11 12 1 5
4 1 1 1 100 0.75 4 575 14 139 133 11 12 1 6
4 1 1 1 100 0.75 4 576 14 143 138 13 12 1 6
4 1 1 1 100 0.75 4 577 15 146 140 12 13 2 5
4 1 1 1 100 0.75 4 578 16 150 143 13 13 2 6
4 1 1 1 100 0.75 4 579 16 153 145 13 14 3 5
4 1 1 1 100 0.75 4 580 18 157 149 13 14 3 5
4 1 1 1 100 0.75 4 581 18 160 153 14 15 4 5
4 1 1 1 100 0.75 4 582 18 164 156 14 15 4 5
4 1 1 1 100 0.75 4 583 18 168 162 14 15 4 6
4 1 1 1 100 0.75 4 584 20 172 165 14 15 4 6
4 1 1 1 100 0.75 4 585 21 176 170 16 15 4 8
4 1 1 1 100 0.75 4 586 21 178 170 15 16 6 6
4 1 1 1 100 0.75 4 587 23 182 175 15 16 6 7
4 1 1 1 100 0.75 4 588 23 186 180 17 16 6 7
4 1 1 1 100 0.75 4 589 25 190 182 17 16 6 7
4 1 1 1 100 0.75 4 590 25 194 185 19 16 6 7
4 1 1 1 100 0.75 4 591 26 198 189 19 16 6 8
4 1 1 1 100 0.75 4 592 28 202 193 20 16 6 9
4 1 1 1 100 0.75 4 593 30 205 194 21 17 7 9
4 1 1 1 100 0.75 4 594 32 209 199 23 17 7 11
4 1 1 1 100 0.75 4 595 32 212 202 24 18 8 10
4 1 1 1 100 0.75 4 596 36 216 203 24 18 8 10
4 1 1 1 100 0.75 4 597 37 220 207 28 18 8 10
4 1 1 1 100 0.75 4 598 39 223 208 28 19 9 10
4 1 1 1 100 0.75 4 599 39 227 213 30 19 9 10
4 1 1 1 100 0.75 4 600 42 230 216 29 20 10 12
4 1 1 1 100 0.75 4 601 45 233 218 31 21 11 11
4 1 1 1 100 0.75 4 602 46 237 222 34 21 11 12
4 1 1 1 100 0.75 4 603 48 241 226 35 21 11 14
4 1 1 1 100 0.75 4 604 49 244 229 36 22 12 14
4 1 1 1 100 0.75 4 605 49 248 233 37 22 12 14
4 1 1 1 100 0.75 4 606 52 252 235 37 22 12 15
4 1 1 1 100 0.75 4 607 54 255 238 39 22 13 14
4 1 1 1 100 0.75 4 608 57 259 242 42 22 13 16
4 1 1 1 100 0.75 4 609 59 263 245 45 22 13 17
4 1 1 1 100 0.75 4 610 60 267 248 47 22 13 18
4 1 1 1 100 0.75 4 611 61 267 249 44 26 17 16
4 1 1 1 100 0.75 4 612 62 270 252 44 27 18 15
4 1 1 1 100 0.75 4 613 64 274 250 45 27 18 15
4 1 1 1 100 0.75 4 614 68 278 255 47 27 18 17
4 1 1 1 100 0.75 4 615 71 282 262 51 27 18 21
4 1 1 1 100 0.75 4 616 75 285 262 53 28 19 21
4 1 1 1 100 0.75 4 617 79 287 263 55 30 21 21
4 1 1 1 100 0.75 4 618 80 290 264 58 31 22 20
4 1 1 1 100 0.75 4 619 81 293 269 58 32 23 20
4 1 1 1 100 0.75 4 620 84 297 269 59 32 23 20
4 1 1 1 100 0.75 4 621 86 300 273 61 33 24 21
4 1 1 1 100 0.75 4 622 89 303 276 62 34 25 23
4 1 1 1 100 0.75 4 623 93 306 278 64 35 26 26
4 1 1 1 100 0.75 4 624 96 309 286 67 36 27 29
4 1 1 1 100 0.75 4 625 101 313 284 70 36 27 29
4 1 1 1 100 0.75 4 626 103 314 284 72 39 30 27
4 1 1 1 100 0.75 4 627 108 316 283 73 41 32 26
4 1 1 1 100 0.75 4 628 111 319 284 77 42 33 26
4 1 1 1 100 0.75 4 629 115 323 288 80 42 33 29
4 1 1 1 100 0.75 4 630 116 325 292 82 44 35 28
4 1 1 1 100 0.75 4 631 118 327 293 81 46 37 29
4 1 1 1 100 0.75 4 632 123 328 294 80 49 40 29
4 1 1 1 100 0.75 4 633 125 331 296 84 50 41 32
4 1 1 1 100 0.75 4 634 130 335 301 86 50 41 34
4 1 1 1 100 0.75 4 635 137 338 299 90 51 42 37
4 1 1 1 100 0.75 4 636 139 342 303 97 51 42 37
4 1 1 1 100 0.75 4 637 142 343 304 96 54 45 38
4 1 1 1 100 0.75 4 638 147 347 303 99 54 45 39
4 1 1 1 100 0.75 4 639 152 348 305 101 57 48 38
4 1 1 1 100 0.75 4 640 156 350 305 104 59 50 40
4 1 1 1 100 0.75 4 641 157 353 308 108 60 51 39
4 1 1 1 100 0.75 4 642 159 353 309 105 64 55 40
4 1 1 1 100 0.75 4 643 166 356 312 106 65 56 44
4 1 1 1 100 0.75 4 644 168 358 314 111 67 58 43
4 1 1 1 100 0.75 4 645 170 362 316 114 67 58 45
4 1 1 1 100 0.75 4 646 174 365 318 115 68 59 48
4 1 1 1 100 0.75 4 647 177 367 324 117 70 61 51
4 1 1 1 100 0.75 4 648 182 367 324 116 74 65 47
4 1 1 1 100 0.75 4 649 185 368 322 118 77 68 45
4 1 1 1 100 0.75 4 650 190 368 316 117 81 72 43
4 1 1 1 100 0.75 4 651 195 369 319 119 84 75 46
4 1 1 1 100 0.75 4 652 205 373 317 124 84 75 49
4 1 1 1 100 0.75 4 653 214 373 311 130 88 79 49
4 1 1 1 100 0.75 4 654 218 374 313 137 91 82 49
4 1 1 1 100 0.75 4 655 225 377 310 140 92 83 52
4 1 1 1 100 0.75 4 656 232 378 310 145 95 86 53
4 1 1 1 100 0.75 4 657 236 381 311 151 96 87 55
4 1 1 1 100 0.75 4 658 242 381 311 151 100 91 56
4 1 1 1 100 0.75 4 659 252 382 309 154 103 94 62
4 1 1 1 100 0.75 4 660 258 382 312 160 107 98 64
4 1 1 1 100 0.75 4 661 266 384 310 164 109 100 67
4 1 1 1 100 0.75 4 662 272 385 309 169 112 103 69
4 1 1 1 100 0.75 4 663 280 386 309 172 115 106 72
4 1 1 1 100 0.75 4 664 286 386 301 176 119 110 72
4 1 1 1 100 0.75 4 665 291 390 312 183 119 110 78
4 1 1 1 100 0.75 4 666 303 390 307 184 123 114 81
4 1 1 1 100 0.75 4 667 315 391 305 193 126 117 85
4 1 1 1 100 0.75 4 668 320 394 306 204 127 118 87
4 1 1 1 100 0.75 4 669 327 393 304 205 132 123 86
4 1 1 1 100 0.75 4 670 336 392 299 208 137 128 90
4 1 1 1 100 0.75 4 671 340 393 298 214 140 131 93
4 1 1 1 100 0.75 4 672 347 396 296 218 141 132 97
4 1 1 1 100 0.75 4 673 355 395 292 220 146 137 94
4 1 1 1 100 0.75 4 674 367 394 294 223 151 142 98
4 1 1 1 100 0.75 4 675 373 393 297 231 156 147 99
4 1 1 1 100 0.75 4 676 376 395 293 235 158 149 104
4 1 1 1 100 0.75 4 677 383 391 291 230 166 157 100
4 1 1 1 100 0.75 4 678 390 387 287 229 174 165 98
4 1 1 1 100 0.75 4 679 404 384 279 229 181 172 97
4 1 1 1 100 0.75 4 680 412 385 273 241 184 175 98
4 1 1 1 100 0.75 4 681 416 386 280 247 187 178 99
4 1 1 1 100 0.75 4 682 421 383 267 244 193 185 100
4 1 1 1 100 0.75 4 683 429 383 269 247 197 189 100
4 1 1 1 100 0.75 4 684 435 382 264 252 202 194 97
4 1 1 1 100 0.75 4 685 440 380 265 253 208 200 101
4 1 1 1 100 0.75 4 686 447 377 266 251 215 207 99
4 1 1 1 100 0.75 4 687 458 375 249 252 221 213 101
4 1 1 1 100 0.75 4 688 471 374 242 261 226 218 103
4 1 1 1 100 0.75 4 689 479 376 250 273 228 220 106
4 1 1 1 100 0.75 4 690 483 368 234 269 240 232 99
4 1 1 1 100 0.75 4 690 483 368 368 269 336 232 99
4 1 1 1 100 0.75 4 720 483 368 368 269 11 232 99
4 1 1 1 100 0.75 5 721 0 4 4 0 11 0 0
4 1 1 1 100 0.75 5 722 0 8 8 0 11 0 0
4 1 1 1 100 0.75 5 723 0 12 12 0 11 0 0
4 1 1 1 100 0.75 5 724 0 16 16 0 11 0 0
4 1 1 1 100 0.75 5 725 0 20 20 0 11 0 0
4 1 1 1 100 0.75 5 726 0 24 24 0 11 0 0
4 1 1 1 100 0.75 5 727 0 28 28 0 11 0 0
4 1 1 1 100 0.75 5 728 0 32 32 0 11 0 0
4 1 1 1 100 0.75 5 729 0 36 35 0 11 0 0
4 1 1 1 100 0.75 5 730 0 40 40 0 11 0 0
4 1 1 1 100 0.75 5 731 1 44 43 0 11 0 0
4 1 1 1 100 0.75 5 732 1 48 47 1 11 0 0
4 1 1 1 100 0.75 5 733 1 52 51 1 11 0 0
4 1 1 1 100 0.75 5 734 1 56 55 1 11 0 0
4 1 1 1 100 0.75 5 735 1 60 59 1 11 0 0
4 1 1 1 100 0.75 5 736 1 64 63 1 11 0 0
4 1 1 1 100 0.75 5 737 2 68 66 1 11 0 0
4 1 1 1 100 0.75 5 738 2 72 71 2 11 0 1
4 1 1 1 100 0.75 5 739 5 76 72 2 11 0 1
4 1 1 1 100 0.75 5 740 5 80 76 5 11 0 1
4 1 1 1 100 0.75 5 741 5 84 80 5 11 0 1
4 1 1 1 100 0.75 5 742 5 88 84 5 11 0 1
4 1 1 1 100 0.75 5 743 5 92 88 5 11 0 1
4 1 1 1 100 0.75 5 744 5 96 92 5 11 0 1
4 1 1 1 100 0.75 5 745 5 100 97 5 11 0 2
4 1 1 1 100 0.75 5 746 6 104 101 5 11 0 2
4 1 1 1 100 0.75 5 747 7 108 106 6 11 0 4
4 1 1 1 100 0.75 5 748 7 112 109 7 11 0 4
4 1 1 1 100 0.75 5 749 8 116 113 7 11 0 4
4 1 1 1 100 0.75 5 750 9 120 115 8 11 0 4
4 1 1 1 100 0.75 5 751 9 124 120 9 11 0 4
4 1 1 1 100 0.75 5 752 9 128 124 9 11 0 4
4 1 1 1 100 0.75 5 753 9 132 128 9 11 0 4
4 1 1 1 100 0.75 5 754 10 136 133 9 11 0 6
4 1 1 1 100 0.75 5 755 11 140 136 10 11 0 6
4 1 1 1 100 0.75 5 756 12 144 140 11 11 0 6
4 1 1 1 100 0.75 5 757 13 148 143 12 11 0 6
4 1 1 1 100 0.75 5 758 16 151 144 12 12 1 6
4 1 1 1 100 0.75 5 759 17 155 147 15 12 1 6
4 1 1 1 100 0.75 5 760 18 159 150 16 12 1 6
4 1 1 1 100 0.75 5 761 18 163 155 17 12 1 7
4 1 1 1 100 0.75 5 762 18 166 157 16 13 2 6
4 1 1 1 100 0.75 5 763 19 169 161 15 14 3 6
4 1 1 1 100 0.75 5 764 20 173 164 16 14 3 7
4 1 1 1 100 0.75 5 765 21 177 172 17 14 3 9
4 1 1 1 100 0.75 5 766 21 181 176 18 14 3 10
4 1 1 1 100 0.75 5 767 22 184 179 17 15 4 10
4 1 1 1 100 0.75 5 768 22 188 183 18 15 4 10
4 1 1 1 100 0.75 5 769 25 191 184 17 16 5 9
4 1 1 1 100 0.75 5 770 25 195 186 20 16 5 9
4 1 1 1 100 0.75 5 771 26 199 192 20 16 5 9
4 1 1 1 100 0.75 5 772 27 203 196 21 16 5 9
4 1 1 1 100 0.75 5 773 30 206 195 21 17 6 8
4 1 1 1 100 0.75 5 774 32 210 198 24 17 6 8
4 1 1 1 100 0.75 5 775 32 214 203 26 17 6 9
4 1 1 1 100 0.75 5 776 33 217 206 25 18 7 9
4 1 1 1 100 0.75 5 777 33 220 209 25 19 8 10
4 1 1 1 100 0.75 5 778 33 224 214 25 19 8 10
4 1 1 1 100 0.75 5 779 37 228 216 25 19 8 12
4 1 1 1 100 0.75 5 780 40 230 214 27 21 10 11
4 1 1 1 100 0.75 5 781 41 233 220 29 22 11 11
4 1 1 1 100 0.75 5 782 45 237 220 30 22 11 13
4 1 1 1 100 0.75 5 783 48 241 224 34 22 11 14
4 1 1 1 100 0.75 5 784 48 244 226 36 23 12 13
4 1 1 1 100 0.75 5 785 49 248 230 36 23 12 13
4 1 1 1 100 0.75 5 786 53 251 232 36 24 13 15
4 1 1 1 100 0.75 5 787 55 254 234 39 25 14 16
4 1 1 1 100 0.75 5 788 58 258 237 41 25 14 18
4 1 1 1 100 0.75 5 789 58 262 243 44 25 14 20
4 1 1 1 100 0.75 5 790 59 266 250 44 25 14 21
4 1 1 1 100 0.75 5 791 62 269 250 44 26 15 22
4 1 1 1 100 0.75 5 792 63 273 255 47 26 15 23
4 1 1 1 100 0.75 5 793 63 276 259 47 27 16 24
4 1 1 1 100 0.75 5 794 68 279 261 46 28 17 25
4 1 1 1 100 0.75 5 795 73 282 261 51 29 18 25
4 1 1 1 100 0.75 5 796 76 285 263 55 30 19 24
4 1 1 1 100 0.75 5 797 77 288 264 57 31 20 23
4 1 1 1 100 0.75 5 798 80 291 267 57 32 21 24
4 1 1 1 100 0.75 5 799 84 294 267 59 33 22 26
4 1 1 1 100 0.75 5 800 86 296 268 61 35 24 24
4 1 1 1 100 0.75 5 801 87 300 271 63 35 24 26
4 1 1 1 100 0.75 5 802 88 303 278 63 36 25 30
4 1 1 1 100 0.75 5 803 91 306 280 63 37 26 31
4 1 1 1 100 0.75 5 804 95 309 283 67 38 27 33
4 1 1 1 100 0.75 5 805 95 311 281 69 40 29 32
4 1 1 1 100 0.75 5 806 101 311 283 65 44 33 32
4 1 1 1 100 0.75 5 807 104 312 282 68 47 36 29
4 1 1 1 100 0.75 5 808 110 314 278 69 49 38 30
4 1 1 1 100 0.75 5 809 112 318 284 75 49 38 31
4 1 1 1 100 0.75 5 810 117 320 280 75 51 40 32
4 1 1 1 100 0.75 5 811 121 323 284 79 52 41 34
4 1 1 1 100 0.75 5 812 125 327 288 83 52 41 36
4 1 1 1 100 0.75 5 813 129 330 288 86 53 42 38
4 1 1 1 100 0.75 5 814 132 332 291 88 55 44 40
4 1 1 1 100 0.75 5 815 138 334 292 90 57 46 43
4 1 1 1 100 0.75 5 816 142 335 291 93 60 49 43
4 1 1 1 100 0.75 5 817 144 337 297 95 62 51 46
4 1 1 1 100 0.75 5 818 149 341 294 98 62 51 47
4 1 1 1 100 0.75 5 819 155 343 294 102 64 53 51
4 1 1 1 100 0.75 5 820 163 344 291 105 67 56 51
4 1 1 1 100 0.75 5 821 168 347 294 112 68 57 54
4 1 1 1 100 0.75 5 822 171 347 295 113 72 61 53
4 1 1 1 100 0.75 5 823 174 348 296 113 75 64 53
4 1 1 1 100 0.75 5 824 186 349 289 113 78 67 52
4 1 1 1 100 0.75 5 825 190 352 292 124 79 68 55
4 1 1 1 100 0.75 5 826 194 355 300 127 80 69 59
4 1 1 1 100 0.75 5 827 203 359 301 131 80 69 63
4 1 1 1 100 0.75 5 828 206 359 299 136 84 73 62
4 1 1 1 100 0.75 5 829 215 358 294 134 89 78 61
4 1 1 1 100 0.75 5 830 218 361 295 142 90 79 63
4 1 1 1 100 0.75 5 831 224 363 302 143 92 81 67
4 1 1 1 100 0.75 5 832 229 361 297 143 98 87 65
4 1 1 1 100 0.75 5 833 239 361 293 144 102 91 62
4 1 1 1 100 0.75 5 834 243 362 296 151 105 94 63
4 1 1 1 100 0.75 5 835 246 363 297 152 107 97 64
4 1 1 1 100 0.75 5 836 251 363 304 151 110 101 66
4 1 1 1 100 0.75 5 837 263 362 289 151 115 106 64
4 1 1 1 100 0.75 5 838 266 363 292 161 118 109 64
4 1 1 1 100 0.75 5 839 277 362 282 160 123 114 63
4 1 1 1 100 0.75 5 840 284 364 285 170 125 116 64
4 1 1 1 100 0.75 5 841 289 365 289 174 128 119 68
4 1 1 1 100 0.75 5 842 296 363 285 173 134 125 65
4 1 1 1 100 0.75 5 843 300 365 283 179 136 127 64
4 1 1 1 100 0.75 5 844 307 365 287 179 140 131 65
4 1 1 1 100 0.75 5 845 315 366 283 183 143 134 71
4 1 1 1 100 0.75 5 846 317 363 285 185 150 141 69
4 1 1 1 100 0.75 5 847 333 365 277 185 152 143 77
4 1 1 1 100 0.75 5 848 342 368 277 200 153 144 82
4 1 1 1 100 0.75 5 849 350 369 276 207 156 147 82
4 1 1 1 100 0.75 5 850 356 369 276 211 159 151 87
4 1 1 1 100 0.75 5 851 362 367 274 211 165 157 86
4 1 1 1 100 0.75 5 852 366 366 273 212 170 162 84
4 1 1 1 100 0.75 5 853 374 367 271 214 173 165 86
4 1 1 1 100 0.75 5 854 383 367 271 220 177 169 90
4 1 1 1 100 0.75 5 855 393 367 268 225 181 173 95
4 1 1 1 100 0.75 5 856 403 364 259 228 188 180 95
4 1 1 1 100 0.75 5 857 411 365 262 237 191 183 100
4 1 1 1 100 0.75 5 858 419 366 260 243 194 186 99
4 1 1 1 100 0.75 5 859 428 367 251 248 197 189 100
4 1 1 1 100 0.75 5 860 437 366 260 253 202 194 101
4 1 1 1 100 0.75 5 861 445 366 249 258 206 198 100
4 1 1 1 100 0.75 5 862 451 366 247 264 210 202 103
4 1 1 1 100 0.75 5 863 458 365 244 266 215 207 109
4 1 1 1 100 0.75 5 864 467 363 248 268 221 213 111
4 1 1 1 100 0.75 5 865 475 361 233 272 227 219 110
4 1 1 1 100 0.75 5 866 480 355 235 271 237 229 111
4 1 1 1 100 0.75 5 867 487 355 230 272 241 233 112
4 1 1 1 100 0.75 5 868 495 353 231 275 247 239 113
4 1 1 1 100 0.75 5 869 504 354 234 280 250 242 118
4 1 1 1 100 0.75 5 870 508 352 224 284 256 248 116
4 1 1 1 100 0.75 5 870 508 352 352 284 366 248 116
4 1 1 1 100 0.75 5 900 508 352 352 284 11 248 116
4 1 1 1 100 0.75 6 901 0 4 4 0 11 0 0
4 1 1 1 100 0.75 6 902 0 8 8 0 11 0 0
4 1 1 1 100 0.75 6 903 0 12 12 0 11 0 0
4 1 1 1 100 0.75 6 904 0 16 16 0 11 0 0
4 1 1 1 100 0.75 6 905 0 20 20 0 11 0 0
4 1 1 1 100 0.75 6 906 0 24 24 0 11 0 0
4 1 1 1 100 0.75 6 907 0 28 28 0 11 0 0
4 1 1 1 100 0.75 6 908 0 32 32 0 11 0 0
4 1 1 1 100 0.75 6 909 0 36 36 0 11 0 0
4 1 1 1 100 0.75 6 910 1 40 39 0 11 0 0
4 1 1 1 100 0.75 6 911 1 44 43 1 11 0 0
4 1 1 1 100 0.75 6 912 2 48 46 1 11 0 0
4 1 1 1 100 0.75 6 913 4 52 48 2 11 0 0
4 1 1 1 100 0.75 6 914 4 56 52 4 11 0 0
4 1 1 1 100 0.75 6 915 4 60 55 4 11 0 0
4 1 1 1 100 0.75 6 916 4 64 59 4 11 0 0
4 1 1 1 100 0.75 6 917 6 68 62 4 11 0 0
4 1 1 1 100 0.75 6 918 6 72 67 6 11 0 1
4 1 1 1 100 0.75 6 919 7 76 70 6 11 0 2
4 1 1 1 100 0.75 6 920 7 80 76 7 11 0 3
4 1 1 1 100 0.75 6 921 9 84 78 7 11 0 4
4 1 1 1 100 0.75 6 922 9 88 82 9 11 0 4
4 1 1 1 100 0.75 6 923 9 92 87 9 11 0 4
4 1 1 1 100 0.75 6 924 10 96 91 9 11 0 6
4 1 1 1 100 0.75 6 925 10 100 96 10 11 0 6
4 1 1 1 100 0.75 6 926 10 104 101 10 11 0 7
4 1 1 1 100 0.75 6 927 10 108 102 10 11 0 7
4 1 1 1 100 0.75 6 928 11 112 109 10 11 0 8
4 1 1 1 100 0.75 6 929 14 116 110 11 11 0 8
4 1 1 1 100 0.75 6 930 15 120 114 14 11 0 8
4 1 1 1 100 0.75 6 931 15 124 118 15 11 0 9
4 1 1 1 100 0.75 6 932 16 128 122 15 11 0 9
4 1 1 1 100 0.75 6 933 16 132 126 16 11 0 9
4 1 1 1 100 0.75 6 934 18 136 128 16 11 0 9
4 1 1 1 100 0.75 6 935 18 140 132 18 11 0 9
4 1 1 1 100 0.75 6 936 19 144 136 18 11 0 10
4 1 1 1 100 0.75 6 937 19 147 142 18 12 1 11
4 1 1 1 100 0.75 6 938 19 150 145 17 13 2 11
4 1 1 1 100 0.75 6 939 24 152 143 15 15 4 10
4 1 1 1 100 0.75 6 940 26 156 146 20 15 4 10
4 1 1 1 100 0.75 6 941 28 158 147 20 17 6 10
4 1 1 1 100 0.75 6 942 29 162 151 22 17 6 10
4 1 1 1 100 0.75 6 943 29 166 154 23 17 6 10
4 1 1 1 100 0.75 6 944 30 169 157 22 18 7 10
4 1 1 1 100 0.75 6 945 31 173 161 23 18 7 10
4 1 1 1 100 0.75 6 946 31 176 166 23 19 8 12
4 1 1 1 100 0.75 6 947 33 180 172 23 19 8 15
4 1 1 1 100 0.75 6 948 38 184 171 25 19 8 16
4 1 1 1 100 0.75 6 949 40 188 175 30 19 8 18
4 1 1 1 100 0.75 6 950 41 191 178 31 20 9 17
4 1 1 1 100 0.75 6 951 43 195 180 32 20 9 17
4 1 1 1 100 0.75 6 952 44 199 185 34 20 9 18
4 1 1 1 100 0.75 6 953 45 203 189 35 20 9 19
4 1 1 1 100 0.75 6 954 45 207 193 36 20 9 20
4 1 1 1 100 0.75 6 955 46 208 194 33 23 12 18
4 1 1 1 100 0.75 6 956 49 211 200 33 24 13 21
4 1 1 1 100 0.75 6 957 50 214 200 35 25 14 21
4 1 1 1 100 0.75 6 958 51 217 204 35 26 15 21
4 1 1 1 100 0.75 6 959 55 220 207 35 27 16 21
4 1 1 1 100 0.75 6 960 58 224 206 39 27 16 21
4 1 1 1 100 0.75 6 961 60 228 212 42 27 16 22
4 1 1 1 100 0.75 6 962 61 231 212 43 28 17 22
4 1 1 1 100 0.75 6 963 64 233 216 42 30 19 23
4 1 1 1 100 0.75 6 964 67 235 214 43 32 21 21
4 1 1 1 100 0.75 6 965 68 239 219 46 32 21 21
4 1 1 1 100 0.75 6 966 71 242 222 46 33 22 21
4 1 1 1 100 0.75 6 967 74 244 222 47 35 24 21
4 1 1 1 100 0.75 6 968 77 247 227 49 36 25 23
4 1 1 1 100 0.75 6 969 80 249 224 50 38 27 21
4 1 1 1 100 0.75 6 970 81 253 233 53 38 27 25
4 1 1 1 100 0.75 6 971 84 256 236 53 39 28 26
4 1 1 1 100 0.75 6 972 87 258 236 54 41 30 26
4 1 1 1 100 0.75 6 973 89 261 240 56 42 31 27
4 1 1 1 100 0.75 6 974 91 262 238 55 45 34 27
4 1 1 1 100 0.75 6 975 93 264 241 55 47 36 26
4 1 1 1 100 0.75 6 976 98 267 240 56 48 37 26
4 1 1 1 100 0.75 6 977 105 271 238 61 48 37 28
4 1 1 1 100 0.75 6 978 107 275 242 68 48 37 30
4 1 1 1 100 0.75 6 979 109 279 251 70 48 37 33
4 1 1 1 100 0.75 6 980 113 282 250 71 49 38 34
4 1 1 1 100 0.75 6 981 118 283 247 72 52 41 34
4 1 1 1 100 0.75 6 982 122 285 249 75 54 43 33
4 1 1 1 100 0.75 6 983 125 288 252 78 55 44 35
4 1 1 1 100 0.75 6 984 130 291 254 80 56 45 41
4 1 1 1 100 0.75 6 985 133 291 255 81 60 49 42
4 1 1 1 100 0.75 6 986 137 293 256 82 62 51 41
4 1 1 1 100 0.75 6 987 139 297 259 86 62 51 43
4 1 1 1 100 0.75 6 988 140 297 256 84 66 55 42
4 1 1 1 100 0.75 6 989 148 299 256 85 68 57 45
4 1 1 1 100 0.75 6 990 153 302 258 93 69 58 48
4 1 1 1 100 0.75 6 991 155 306 260 99 69 58 51
4 1 1 1 100 0.75 6 992 159 308 264 99 71 60 53
4 1 1 1 100 0.75 6 993 167 310 264 101 73 62 55
4 1 1 1 100 0.75 6 994 168 314 266 109 73 62 55
4 1 1 1 100 0.75 6 995 173 316 270 108 75 64 55
4 1 1 1 100 0.75 6 996 179 315 260 108 80 69 54
4 1 1 1 100 0.75 6 997 186 317 265 113 82 71 59
4 1 1 1 100 0.75 6 998 191 320 271 119 83 72 61
4 1 1 1 100 0.75 6 999 194 318 264 118 89 78 57
4 1 1 1 100 0.75 6 1000 204 319 261 118 92 81 55
4 1 1 1 100 0.75 6 1001 208 318 262 123 97 86 55
4 1 1 1 100 0.75 6 1002 213 321 262 126 98 87 59
4 1 1 1 100 0.75 6 1003 218 322 263 128 101 90 59
4 1 1 1 100 0.75 6 1004 224 322 260 130 105 94 59
4 1 1 1 100 0.75 6 1005 229 324 259 134 107 96 64
4 1 1 1 100 0.75 6 1006 236 327 257 138 108 97 66
4 1 1 1 100 0.75 6 1007 238 326 265 140 113 102 65
4 1 1 1 100 0.75 6 1008 242 325 261 137 118 107 67
4 1 1 1 100 0.75 6 1009 255 323 251 135 124 113 62
4 1 1 1 100 0.75 6 1010 259 326 261 148 125 114 66
4 1 1 1 100 0.75 6 1011 270 329 251 152 126 115 68
4 1 1 1 100 0.75 6 1012 278 329 255 160 130 119 68
4 1 1 1 100 0.75 6 1013 287 331 246 166 132 121 70
4 1 1 1 100 0.75 6 1014 291 332 253 172 135 124 67
4 1 1 1 100 0.75 6 1015 296 332 250 172 139 128 65
4 1 1 1 100 0.75 6 1016 305 332 248 173 143 132 71
4 1 1 1 100 0.75 6 1017 313 333 251 179 145 135 74
4 1 1 1 100 0.75 6 1018 318 335 252 185 147 137 77
4 1 1 1 100 0.75 6 1019 323 339 262 191 147 137 83
4 1 1 1 100 0.75 6 1020 335 337 242 191 153 143 83
4 1 1 1 100 0.75 6 1021 338 331 245 193 162 153 79
4 1 1 1 100 0.75 6 1022 343 331 244 192 166 157 78
4 1 1 1 100 0.75 6 1023 352 331 241 194 170 161 81
4 1 1 1 100 0.75 6 1024 357 330 232 199 175 166 82
4 1 1 1 100 0.75 6 1025 364 330 238 202 179 170 84
4 1 1 1 100 0.75 6 1026 373 333 232 209 180 171 89
4 1 1 1 100 0.75 6 1027 382 334 229 216 183 174 91
4 1 1 1 100 0.75 6 1028 388 333 222 221 188 179 93
4 1 1 1 100 0.75 6 1029 395 334 228 225 191 182 94
4 1 1 1 100 0.75 6 1030 402 331 224 227 198 189 93
4 1 1 1 100 0.75 6 1031 405 332 219 233 201 192 96
4 1 1 1 100 0.75 6 1032 409 333 228 233 204 195 101
4 1 1 1 100 0.75 6 1033 417 330 210 231 210 202 101
4 1 1 1 100 0.75 6 1034 425 327 221 233 217 209 103
4 1 1 1 100 0.75 6 1035 431 324 208 234 224 216 104
4 1 1 1 100 0.75 6 1036 435 321 219 233 231 223 104
4 1 1 1 100 0.75 6 1037 441 320 211 234 235 228 108
4 1 1 1 100 0.75 6 1038 445 321 212 237 238 231 110
4 1 1 1 100 0.75 6 1039 450 320 218 236 243 236 108
4 1 1 1 100 0.75 6 1040 455 320 203 238 247 240 109
4 1 1 1 100 0.75 6 1041 460 319 207 239 252 245 113
4 1 1 1 100 0.75 6 1042 466 319 207 240 256 249 113
4 1 1 1 100 0.75 6 1043 468 317 207 244 262 255 112
4 1 1 1 100 0.75 6 1044 477 312 199 238 271 264 109
4 1 1 1 100 0.75 6 1045 482 311 201 242 276 269 107
4 1 1 1 100 0.75 6 1046 487 309 191 243 282 275 104
4 1 1 1 100 0.75 6 1047 490 308 186 244 287 280 102
4 1 1 1 100 0.75 6 1048 496 306 189 241 293 286 99
4 1 1 1 100 0.75 6 1049 501 305 190 242 298 291 104
4 1 1 1 100 0.75 6 1050 511 301 183 239 305 299 100
4 1 1 1 100 0.75 6 1050 511 301 301 239 396 299 100
4 1 1 1 100 0.75 6 1080 511 301 301 239 11 299 100
4 1 1 1 100 0.75 7 1081 0 4 4 0 11 0 0
4 1 1 1 100 0.75 7 1082 0 8 8 0 11 0 0
4 1 1 1 100 0.75 7 1083 0 12 12 0 11 0 0
4 1 1 1 100 0.75 7 1084 0 16 16 0 11 0 0
4 1 1 1 100 0.75 7 1085 0 20 20 0 11 0 0
4 1 1 1 100 0.75 7 1086 0 24 24 0 11 0 0
4 1 1 1 100 0.75 7 1087 0 28 28 0 11 0 0
4 1 1 1 100 0.75 7 1088 0 32 32 0 11 0 0
4 1 1 1 100 0.75 7 1089 0 36 36 0 11 0 0
4 1 1 1 100 0.75 7 1090 0 40 40 0 11 0 0
4 1 1 1 100 0.75 7 1091 0 44 44 0 11 0 0
4 1 1 1 100 0.75 7 1092 1 48 47 0 11 0 0
4 1 1 1 100 0.75 7 1093 1 52 51 1 11 0 0
4 1 1 1 100 0.75 7 1094 2 56 53 1 11 0 0
4 1 1 1 100 0.75 7 1095 2 60 57 2 11 0 0
4 1 1 1 100 0.75 7 1096 2 64 62 2 11 0 0
4 1 1 1 100 0.75 7 1097 3 68 65 2 11 0 0
4 1 1 1 100 0.75 7 1098 3 72 69 3 11 0 0
4 1 1 1 100 0.75 7 1099 3 76 72 3 11 0 0
4 1 1 1 100 0.75 7 1100 3 80 78 3 11 0 1
4 1 1 1 100 0.75 7 1101 4 84 81 3 11 0 1
4 1 1 1 100 0.75 7 1102 5 88 85 4 11 0 2
4 1 1 1 100 0.75 7 1103 5 92 89 5 11 0 2
4 1 1 1 100 0.75 7 1104 7 96 92 5 11 0 3
4 1 1 1 100 0.75 7 1105 7 100 96 7 11 0 3
4 1 1 1 100 0.75 7 1106 8 104 99 7 11 0 3
4 1 1 1 100 0.75 7 1107 8 108 103 8 11 0 3
4 1 1 1 100 0.75 7 1108 8 112 107 8 11 0 3
4 1 1 1 100 0.75 7 1109 8 116 112 8 11 0 5
4 1 1 1 100 0.75 7 1110 8 120 117 8 11 0 5
4 1 1 1 100 0.75 7 1111 12 124 117 8 11 0 6
4 1 1 1 100 0.75 7 1112 12 128 122 12 11 0 6
4 1 1 1 100 0.75 7 1113 14 132 126 12 11 0 6
4 1 1 1 100 0.75 7 1114 15 136 129 14 11 0 6
4 1 1 1 100 0.75 7 1115 15 140 133 15 11 0 6
4 1 1 1 100 0.75 7 1116 15 144 137 15 11 0 6
4 1 1 1 100 0.75 7 1117 16 147 139 14 12 1 5
4 1 1 1 100 0.75 7 1118 16 151 144 15 12 1 5
4 1 1 1 100 0.75 7 1119 16 155 151 15 12 1 8
4 1 1 1 100 0.75 7 1120 18 158 152 14 13 2 7
4 1 1 1 100 0.75 7 1121 18 162 158 16 13 2 7
4 1 1 1 100 0.75 7 1122 22 166 159 16 13 2 7
4 1 1 1 100 0.75 7 1123 24 170 161 20 13 2 7
4 1 1 1 100 0.75 7 1124 24 173 164 21 14 3 7
4 1 1 1 100 0.75 7 1125 24 177 169 21 14 3 7
4 1 1 1 100 0.75 7 1126 24 180 172 20 15 4 6
4 1 1 1 100 0.75 7 1127 28 183 173 19 16 5 6
4 1 1 1 100 0.75 7 1128 29 186 175 22 17 6 5
4 1 1 1 100 0.75 7 1129 30 190 178 23 17 6 6
4 1 1 1 100 0.75 7 1130 31 194 186 24 17 6 10
4 1 1 1 100 0.75 7 1131 31 198 188 25 17 6 10
4 1 1 1 100 0.75 7 1132 31 202 193 25 17 6 10
4 1 1 1 100 0.75 7 1133 32 206 195 25 17 6 10
4 1 1 1 100 0.75 7 1134 33 209 200 25 18 7 12
4 1 1 1 100 0.75 7 1135 35 212 201 25 19 8 11
4 1 1 1 100 0.75 7 1136 35 215 204 26 20 9 11
4 1 1 1 100 0.75 7 1137 36 219 209 26 20 9 11
4 1 1 1 100 0.75 7 1138 36 223 213 27 20 9 11
4 1 1 1 100 0.75 7 1139 36 227 218 27 20 9 11
4 1 1 1 100 0.75 7 1140 40 230 217 26 21 10 10
4 1 1 1 100 0.75 7 1141 42 234 221 30 21 10 11
4 1 1 1 100 0.75 7 1142 43 238 226 32 21 10 13
4 1 1 1 100 0.75 7 1143 44 242 229 33 21 10 13
4 1 1 1 100 0.75 7 1144 45 246 233 34 21 10 14
4 1 1 1 100 0.75 7 1145 47 249 233 34 22 11 13
4 1 1 1 100 0.75 7 1146 47 253 238 36 22 11 13
4 1 1 1 100 0.75 7 1147 49 256 241 35 23 12 14
4 1 1 1 100 0.75 7 1148 52 257 240 34 26 15 13
4 1 1 1 100 0.75 7 1149 56 260 240 37 27 16 13
4 1 1 1 100 0.75 7 1150 58 263 243 40 28 17 13
4 1 1 1 100 0.75 7 1151 60 267 245 42 28 17 13
4 1 1 1 100 0.75 7 1152 62 269 246 42 30 19 12
4 1 1 1 100 0.75 7 1153 63 272 249 43 31 20 11
4 1 1 1 100 0.75 7 1154 64 276 253 44 31 20 12
4 1 1 1 100 0.75 7 1155 64 280 259 45 30 20 14
4 1 1 1 100 0.75 7 1156 67 284 261 45 30 20 16
4 1 1 1 100 0.75 7 1157 71 288 265 48 30 20 19
4 1 1 1 100 0.75 7 1158 72 291 269 51 31 21 20
4 1 1 1 100 0.75 7 1159 76 295 272 52 31 21 21
4 1 1 1 100 0.75 7 1160 81 298 273 55 32 22 23
4 1 1 1 100 0.75 7 1161 82 301 275 59 33 23 22
4 1 1 1 100 0.75 7 1162 83 305 277 60 33 23 23
4 1 1 1 100 0.75 7 1163 85 308 280 60 34 24 23
4 1 1 1 100 0.75 7 1164 87 312 287 62 34 24 26
4 1 1 1 100 0.75 7 1165 88 315 290 63 35 25 26
4 1 1 1 100 0.75 7 1166 91 316 292 61 38 28 24
4 1 1 1 100 0.75 7 1167 95 318 293 62 40 30 26
4 1 1 1 100 0.75 7 1168 99 322 296 66 40 30 27
4 1 1 1 100 0.75 7 1169 101 325 299 69 41 31 27
4 1 1 1 100 0.75 7 1170 103 329 297 71 41 31 27
4 1 1 1 100 0.75 7 1171 107 332 303 72 42 32 29
4 1 1 1 100 0.75 7 1172 109 335 305 75 43 33 29
4 1 1 1 100 0.75 7 1173 109 338 306 77 44 34 28
4 1 1 1 100 0.75 7 1174 110 339 309 74 47 37 27
4 1 1 1 100 0.75 7 1175 114 340 310 72 49 40 30
4 1 1 1 100 0.75 7 1176 120 343 312 76 50 41 32
4 1 1 1 100 0.75 7 1177 125 344 306 79 53 44 30
4 1 1 1 100 0.75 7 1178 128 348 313 84 53 44 32
4 1 1 1 100 0.75 7 1179 133 350 308 85 55 46 32
4 1 1 1 100 0.75 7 1180 135 354 315 91 55 46 32
4 1 1 1 100 0.75 7 1181 140 356 314 91 57 48 31
4 1 1 1 100 0.75 7 1182 143 358 313 94 59 50 30
4 1 1 1 100 0.75 7 1183 145 359 314 94 62 53 32
4 1 1 1 100 0.75 7 1184 152 362 316 95 63 54 36
4 1 1 1 100 0.75 7 1185 153 365 323 101 64 55 38
4 1 1 1 100 0.75 7 1186 162 368 321 101 65 56 41
4 1 1 1 100 0.75 7 1187 164 370 324 108 67 58 40
4 1 1 1 100 0.75 7 1188 172 372 322 108 69 60 41
4 1 1 1 100 0.75 7 1189 181 376 321 117 69 60 46
4 1 1 1 100 0.75 7 1190 182 378 325 124 71 62 45
4 1 1 1 100 0.75 7 1191 188 380 323 123 73 64 46
4 1 1 1 100 0.75 7 1192 191 379 322 124 78 69 44
4 1 1 1 100 0.75 7 1193 202 382 323 126 79 70 48
4 1 1 1 100 0.75 7 1194 206 384 323 135 81 72 50
4 1 1 1 100 0.75 7 1195 213 386 325 138 83 74 51
4 1 1 1 100 0.75 7 1196 217 390 328 145 83 74 54
4 1 1 1 100 0.75 7 1197 222 392 328 148 85 76 57
4 1 1 1 100 0.75 7 1198 225 394 333 151 87 78 59
4 1 1 1 100 0.75 7 1199 231 395 335 151 90 81 60
4 1 1 1 100 0.75 7 1200 241 398 335 156 91 82 68
4 1 1 1 100 0.75 7 1201 244 396 331 161 97 88 65
4 1 1 1 100 0.75 7 1202 249 396 331 160 101 92 64
4 1 1 1 100 0.75 7 1203 255 396 329 162 105 96 66
4 1 1 1 100 0.75 7 1204 264 397 329 165 108 99 67
4 1 1 1 100 0.75 7 1205 270 398 323 171 111 102 67
4 1 1 1 100 0.75 7 1206 276 399 320 175 114 105 65
4 1 1 1 100 0.75 7 1207 286 401 327 179 116 107 71
4 1 1 1 100 0.75 7 1208 295 402 315 186 119 110 70
4 1 1 1 100 0.75 7 1209 299 401 317 191 124 115 70
4 1 1 1 100 0.75 7 1210 303 402 321 192 127 118 69
4 1 1 1 100 0.75 7 1211 312 402 319 192 131 122 73
4 1 1 1 100 0.75 7 1212 320 404 324 200 133 124 80
4 1 1 1 100 0.75 7 1213 326 404 320 204 137 128 79
4 1 1 1 100 0.75 7 1214 333 405 318 207 140 131 83
4 1 1 1 100 0.75 7 1215 339 408 318 214 141 132 86
4 1 1 1 100 0.75 7 1216 346 407 314 215 146 137 87
4 1 1 1 100 0.75 7 1217 357 405 306 216 152 143 85
4 1 1 1 100 0.75 7 1218 363 405 302 223 156 147 83
4 1 1 1 100 0.75 7 1219 372 401 303 222 164 155 86
4 1 1 1 100 0.75 7 1220 384 401 297 227 168 159 86
4 1 1 1 100 0.75 7 1221 394 402 290 238 171 162 86
4 1 1 1 100 0.75 7 1222 404 400 289 244 177 168 85
4 1 1 1 100 0.75 7 1223 408 401 288 251 180 171 88
4 1 1 1 100 0.75 7 1224 424 401 283 251 184 175 90
4 1 1 1 100 0.75 7 1225 431 404 278 268 185 176 91
4 1 1 1 100 0.75 7 1226 435 405 286 272 188 179 95
4 1 1 1 100 0.75 7 1227 442 401 285 268 196 187 94
4 1 1 1 100 0.75 7 1228 452 402 284 272 198 190 103
4 1 1 1 100 0.75 7 1229 463 401 281 278 203 195 106
4 1 1 1 100 0.75 7 1230 473 400 276 284 208 200 111
4 1 1 1 100 0.75 7 1230 473 400 400 284 316 200 111
4 1 1 1 100 0.75 7 1260 473 400 400 284 11 200 111
4 1 1 1 100 0.75 8 1261 0 4 4 0 11 0 0
4 1 1 1 100 0.75 8 1262 0 8 8 0 11 0 0
4 1 1 1 100 0.75 8 1263 0 12 12 0 11 0 0
4 1 1 1 100 0.75 8 1264 0 16 16 0 11 0 0
4 1 1 1 100 0.75 8 1265 0 20 20 0 11 0 0
4 1 1 1 100 0.75 8 1266 0 24 24 0 11 0 0
4 1 1 1 100 0.75 8 1267 0 28 28 0 11 0 0
4 1 1 1 100 0.75 8 1268 0 32 31 0 11 0 0
4 1 1 1 100 0.75 8 1269 0 36 36 0 11 0 0
4 1 1 1 100 0.75 8 1270 1 40 39 0 11 0 0
4 1 1 1 100 0.75 8 1271 1 44 43 1 11 0 0
4 1 1 1 100 0.75 8 1272 1 48 47 1 11 0 0
4 1 1 1 100 0.75 8 1273 1 52 51 1 11 0 0
4 1 1 1 100 0.75 8 1274 2 56 54 1 11 0 0
4 1 1 1 100 0.75 8 1275 3 60 57 2 11 0 0
4 1 1 1 100 0.75 8 1276 3 64 61 3 11 0 0
4 1 1 1 100 0.75 8 1277 3 68 65 3 11 0 0
4 1 1 1 100 0.75 8 1278 3 72 70 3 11 0 1
4 1 1 1 100 0.75 8 1279 3 76 73 3 11 0 1
4 1 1 1 100 0.75 8 1280 4 80 77 3 11 0 1
4 1 1 1 100 0.75 8 1281 4 84 81 4 11 0 1
4 1 1 1 100 0.75 8 1282 5 88 85 4 11 0 1
4 1 1 1 100 0.75 8 1283 5 92 89 5 11 0 2
4 1 1 1 100 0.75 8 1284 5 96 93 5 11 0 2
4 1 1 1 100 0.75 8 1285 6 100 96 5 11 0 2
4 1 1 1 100 0.75 8 1286 8 104 98 6 11 0 2
4 1 1 1 100 0.75 8 1287 10 108 100 8 11 0 3
4 1 1 1 100 0.75 8 1288 10 112 106 10 11 0 3
4 1 1 1 100 0.75 8 1289 12 116 109 10 11 0 4
4 1 1 1 100 0.75 8 1290 13 120 112 12 11 0 4
4 1 1 1 100 0.75 8 1291 13 124 116 13 11 0 4
4 1 1 1 100 0.75 8 1292 13 128 121 13 11 0 4
4 1 1 1 100 0.75 8 1293 14 132 124 13 11 0 4
4 1 1 1 100 0.75 8 1294 15 135 128 13 12 1 5
4 1 1 1 100 0.75 8 1295 16 139 133 14 12 1 7
4 1 1 1 100 0.75 8 1296 17 143 138 15 12 1 8
4 1 1 1 100 0.75 8 1297 17 147 143 16 12 1 9
4 1 1 1 100 0.75 8 1298 18 151 146 16 12 1 9
4 1 1 1 100 0.75 8 1299 18 155 150 17 12 1 9
4 1 1 1 100 0.75 8 1300 19 159 153 17 12 1 10
4 1 1 1 100 0.75 8 1301 21 162 155 17 13 2 10
4 1 1 1 100 0.75 8 1302 22 166 159 19 13 2 10
4 1 1 1 100 0.75 8 1303 23 170 163 20 13 2 10
4 1 1 1 100 0.75 8 1304 25 174 165 21 13 2 10
4 1 1 1 100 0.75 8 1305 27 177 168 22 14 3 9
4 1 1 1 100 0.75 8 1306 29 180 169 23 15 4 8
4 1 1 1 100 0.75 8 1307 30 184 173 25 15 4 9
4 1 1 1 100 0.75 8 1308 30 188 176 26 15 4 9
4 1 1 1 100 0.75 8 1309 31 192 183 26 15 4 12
4 1 1 1 100 0.75 8 1310 32 196 187 27 15 4 13
4 1 1 1 100 0.75 8 1311 33 197 187 25 18 7 11
4 1 1 1 100 0.75 8 1312 33 199 192 24 20 9 10
4 1 1 1 100 0.75 8 1313 35 202 195 23 21 10 11
4 1 1 1 100 0.75 8 1314 36 206 199 25 21 10 11
4 1 1 1 100 0.75 8 1315 41 210 199 26 21 10 11
4 1 1 1 100 0.75 8 1316 41 214 203 31 21 10 11
4 1 1 1 100 0.75 8 1317 44 218 204 31 21 10 12
4 1 1 1 100 0.75 8 1318 46 221 206 33 22 11 12
4 1 1 1 100 0.75 8 1319 48 225 209 35 22 11 13
4 1 1 1 100 0.75 8 1320 48 229 214 37 22 11 14
4 1 1 1 100 0.75 8 1321 50 232 216 36 23 12 14
4 1 1 1 100 0.75 8 1322 53 236 220 38 23 12 16
4 1 1 1 100 0.75 8 1323 58 239 221 40 24 13 17
4 1 1 1 100 0.75 8 1324 61 243 224 45 24 13 18
4 1 1 1 100 0.75 8 1325 63 247 227 48 24 13 19
4 1 1 1 100 0.75 8 1326 65 248 227 47 27 16 17
4 1 1 1 100 0.75 8 1327 66 252 228 49 27 16 19
4 1 1 1 100 0.75 8 1328 67 256 237 50 27 16 20
4 1 1 1 100 0.75 8 1329 71 258 235 49 29 18 18
4 1 1 1 100 0.75 8 1330 74 262 241 53 29 18 23
4 1 1 1 100 0.75 8 1331 74 264 243 54 31 20 22
4 1 1 1 100 0.75 8 1332 77 267 249 53 32 21 23
4 1 1 1 100 0.75 8 1333 79 269 245 54 34 23 22
4 1 1 1 100 0.75 8 1334 80 273 253 56 34 23 25
4 1 1 1 100 0.75 8 1335 83 277 256 57 34 23 26
4 1 1 1 100 0.75 8 1336 84 281 258 60 34 23 26
4 1 1 1 100 0.75 8 1337 89 283 262 59 36 25 27
4 1 1 1 100 0.75 8 1338 92 286 262 63 37 26 27
4 1 1 1 100 0.75 8 1339 95 289 264 65 38 27 27
4 1 1 1 100 0.75 8 1340 100 289 260 64 42 31 27
4 1 1 1 100 0.75 8 1341 105 293 259 71 42 31 27
4 1 1 1 100 0.75 8 1342 111 297 261 76 42 31 28
4 1 1 1 100 0.75 8 1343 116 299 262 80 44 33 29
4 1 1 1 100 0.75 8 1344 117 302 265 84 45 34 29
4 1 1 1 100 0.75 8 1345 120 301 265 80 50 39 27
4 1 1 1 100 0.75 8 1346 125 304 264 82 51 40 27
4 1 1 1 100 0.75 8 1347 127 307 271 86 52 41 32
4 1 1 1 100 0.75 8 1348 132 309 272 86 54 43 32
4 1 1 1 100 0.75 8 1349 137 312 278 90 55 44 36
4 1 1 1 100 0.75 8 1350 141 315 282 94 56 45 39
4 1 1 1 100 0.75 8 1351 143 316 278 95 59 48 39
4 1 1 1 100 0.75 8 1352 151 320 282 97 59 48 42
4 1 1 1 100 0.75 8 1353 154 324 288 105 59 48 46
4 1 1 1 100 0.75 8 1354 159 326 282 106 61 50 46
4 1 1 1 100 0.75 8 1355 166 328 285 110 63 52 46
4 1 1 1 100 0.75 8 1356 171 329 283 114 66 55 46
4 1 1 1 100 0.75 8 1357 176 332 285 118 67 56 49
4 1 1 1 100 0.75 8 1358 179 336 287 123 67 56 52
4 1 1 1 100 0.75 8 1359 185 338 290 124 69 58 54
4 1 1 1 100 0.75 8 1360 190 339 287 127 72 61 55
4 1 1 1 100 0.75 8 1361 195 342 292 131 73 62 57
4 1 1 1 100 0.75 8 1362 204 342 289 132 77 66 58
4 1 1 1 100 0.75 8 1363 207 343 295 138 80 69 61
4 1 1 1 100 0.75 8 1364 208 343 295 138 84 73 59
4 1 1 1 100 0.75 8 1365 215 345 294 137 86 75 60
4 1 1 1 100 0.75 8 1366 225 345 287 140 90 79 61
4 1 1 1 100 0.75 8 1367 231 346 288 149 93 82 61
4 1 1 1 100 0.75 8 1368 237 346 291 151 97 86 63
4 1 1 1 100 0.75 8 1369 242 345 281 153 102 91 61
4 1 1 1 100 0.75 8 1370 247 348 292 157 103 92 67
4 1 1 1 100 0.75 8 1371 249 349 284 159 106 95 65
4 1 1 1 100 0.75 8 1372 250 348 285 157 111 100 64
4 1 1 1 100 0.75 8 1373 255 351 291 157 112 101 70
4 1 1 1 100 0.75 8 1374 260 352 295 159 115 104 72
4 1 1 1 100 0.75 8 1375 264 352 295 160 119 108 71
4 1 1 1 100 0.75 8 1376 271 354 296 162 121 110 73
4 1 1 1 100 0.75 8 1377 277 353 290 164 126 115 70
4 1 1 1 100 0.75 8 1378 280 353 297 166 130 119 70
4 1 1 1 100 0.75 8 1379 285 355 292 167 132 121 70
4 1 1 1 100 0.75 8 1380 291 352 291 165 139 128 65
4 1 1 1 100 0.75 8 1381 296 356 281 171 139 128 69
4 1 1 1 100 0.75 8 1382 301 355 281 173 144 133 66
4 1 1 1 100 0.75 8 1383 310 354 278 174 149 138 68
4 1 1 1 100 0.75 8 1384 313 355 281 180 152 141 66
4 1 1 1 100 0.75 8 1385 317 355 278 180 156 145 66
4 1 1 1 100 0.75 8 1386 320 356 277 181 159 148 65
4 1 1 1 100 0.75 8 1387 323 354 272 180 165 154 64
4 1 1 1 100 0.75 8 1388 331 353 274 179 170 159 62
4 1 1 1 100 0.75 8 1389 336 354 269 184 173 162 62
4 1 1 1 100 0.75 8 1390 342 352 271 183 178 168 61
4 1 1 1 100 0.75 8 1391 347 351 271 186 183 173 63
4 1 1 1 100 0.75 8 1392 359 352 262 190 186 176 64
4 1 1 1 100 0.75 8 1393 362 353 264 200 189 179 64
4 1 1 1 100 0.75 8 1394 366 354 262 200 192 182 62
4 1 1 1 100 0.75 8 1395 371 354 265 200 196 186 61
4 1 1 1 100 0.75 8 1396 376 354 259 201 198 190 63
4 1 1 1 100 0.75 8 1397 380 354 260 203 202 194 63
4 1 1 1 100 0.75 8 1398 384 354 258 204 206 198 66
4 1 1 1 100 0.75 8 1399 389 356 266 206 208 200 67
4 1 1 1 100 0.75 8 1400 396 360 273 212 208 200 71
4 1 1 1 100 0.75 8 1401 403 358 265 213 214 206 67
4 1 1 1 100 0.75 8 1402 406 357 260 215 219 211 65
4 1 1 1 100 0.75 8 1403 415 359 255 218 219 213 69
4 1 1 1 100 0.75 8 1404 421 361 263 225 221 215 69
4 1 1 1 100 0.75 8 1405 429 362 253 229 224 218 71
4 1 1 1 100 0.75 8 1406 431 362 253 233 227 222 71
4 1 1 1 100 0.75 8 1407 435 358 246 228 235 230 68
4 1 1 1 100 0.75 8 1408 441 361 248 236 236 231 74
4 1 1 1 100 0.75 8 1409 451 361 242 238 240 235 74
4 1 1 1 100 0.75 8 1410 455 362 241 246 243 238 75
4 1 1 1 100 0.75 8 1410 455 362 362 246 317 238 75
4 1 1 1 100 0.75 8 1440 455 362 362 246 11 238 75
4 1 1 1 100 0.75 9 1441 0 4 4 0 11 0 0
4 1 1 1 100 0.75 9 1442 0 8 8 0 11 0 0
4 1 1 1 100 0.75 9 1443 0 12 12 0 11 0 0
4 1 1 1 100 0.75 9 1444 0 16 16 0 11 0 0
4 1 1 1 100 0.75 9 1445 0 20 20 0 11 0 0
4 1 1 1 100 0.75 9 1446 0 24 24 0 11 0 0
4 1 1 1 100 0.75 9 1447 0 28 28 0 11 0 0
4 1 1 1 100 0.75 9 1448 0 32 32 0 11 0 0
4 1 1 1 100 0.75 9 1449 0 36 36 0 11 0 0
4 1 1 1 100 0.75 9 1450 1 40 39 0 11 0 0
4 1 1 1 100 0.75 9 1451 1 44 43 1 11 0 0
4 1 1 1 100 0.75 9 1452 1 48 47 1 11 0 0
4 1 1 1 100 0.75 9 1453 1 52 51 1 11 0 0
4 1 1 1 100 0.75 9 1454 1 56 55 1 11 0 0
4 1 1 1 100 0.75 9 1455 1 60 59 1 11 0 0
4 1 1 1 100 0.75 9 1456 1 64 63 1 11 0 0
4 1 1 1 100 0.75 9 1457 3 68 65 1 11 0 0
4 1 1 1 100 0.75 9 1458 5 72 68 3 11 0 0
4 1 1 1 100 0.75 9 1459 5 76 72 5 11 0 0
4 1 1 1 100 0.75 9 1460 5 80 76 5 11 0 0
4 1 1 1 100 0.75 9 1461 5 84 79 5 11 0 0
4 1 1 1 100 0.75 9 1462 6 88 83 5 11 0 0
4 1 1 1 100 0.75 9 1463 7 92 85 6 11 0 0
4 1 1 1 100 0.75 9 1464 8 96 91 7 11 0 1
4 1 1 1 100 0.75 9 1465 10 100 95 8 11 0 2
4 1 1 1 100 0.75 9 1466 10 104 98 10 11 0 2
4 1 1 1 100 0.75 9 1467 10 108 103 10 11 0 2
4 1 1 1 100 0.75 9 1468 11 112 106 10 11 0 2
4 1 1 1 100 0.75 9 1469 11 116 110 11 11 0 3
4 1 1 1 100 0.75 9 1470 11 120 116 11 11 0 3
4 1 1 1 100 0.75 9 1471 11 124 118 11 11 0 3
4 1 1 1 100 0.75 9 1472 12 128 123 11 11 0 5
4 1 1 1 100 0.75 9 1473 13 132 124 12 11 0 5
4 1 1 1 100 0.75 9 1474 13 136 129 13 11 0 5
4 1 1 1 100 0.75 9 1475 15 140 132 13 11 0 6
4 1 1 1 100 0.75 9 1476 16 144 135 15 11 0 6
4 1 1 1 100 0.75 9 1477 16 148 139 16 11 0 6
4 1 1 1 100 0.75 9 1478 16 152 143 16 11 0 6
4 1 1 1 100 0.75 9 1479 17 156 147 16 11 0 7
4 1 1 1 100 0.75 9 1480 17 159 151 16 12 1 7
4 1 1 1 100 0.75 9 1481 18 162 153 15 13 2 6
4 1 1 1 100 0.75 9 1482 19 166 156 16 13 2 7
4 1 1 1 100 0.75 9 1483 20 170 162 17 13 2 9
4 1 1 1 100 0.75 9 1484 21 174 164 18 13 2 9
4 1 1 1 100 0.75 9 1485 21 178 169 19 13 2 9
4 1 1 1 100 0.75 9 1486 21 182 174 19 13 2 10
4 1 1 1 100 0.75 9 1487 22 185 175 18 14 3 9
4 1 1 1 100 0.75 9 1488 24 188 177 18 15 4 8
4 1 1 1 100 0.75 9 1489 25 192 182 20 15 4 10
4 1 1 1 100 0.75 9 1490 27 196 183 21 15 4 10
4 1 1 1 100 0.75 9 1491 28 199 187 22 16 5 10
4 1 1 1 100 0.75 9 1492 29 202 190 22 17 6 10
4 1 1 1 100 0.75 9 1493 29 206 194 23 17 6 10
4 1 1 1 100 0.75 9 1494 30 210 197 23 17 6 10
4 1 1 1 100 0.75 9 1495 34 212 197 22 19 8 9
4 1 1 1 100 0.75 9 1496 37 216 198 26 19 8 10
4 1 1 1 100 0.75 9 1497 39 219 203 28 20 9 11
4 1 1 1 100 0.75 9 1498 41 223 205 30 20 9 11
4 1 1 1 100 0.75 9 1499 42 225 206 30 22 11 9
4 1 1 1 100 0.75 9 1500 43 229 209 31 22 11 9
4 1 1 1 100 0.75 9 1501 43 233 214 33 22 11 10
4 1 1 1 100 0.75 9 1502 43 237 218 33 22 11 11
4 1 1 1 100 0.75 9 1503 45 241 224 33 22 11 13
4 1 1 1 100 0.75 9 1504 49 245 228 35 22 11 15
4 1 1 1 100 0.75 9 1505 50 249 231 39 22 11 15
4 1 1 1 100 0.75 9 1506 54 251 232 38 24 13 13
4 1 1 1 100 0.75 9 1507 54 255 234 42 24 13 13
4 1 1 1 100 0.75 9 1508 56 259 238 42 24 13 15
4 1 1 1 100 0.75 9 1509 57 262 240 43 25 14 14
4 1 1 1 100 0.75 9 1510 57 265 242 43 26 15 13
4 1 1 1 100 0.75 9 1511 58 267 247 41 28 17 14
4 1 1 1 100 0.75 9 1512 62 270 249 41 29 18 15
4 1 1 1 100 0.75 9 1513 69 274 249 45 29 18 18
4 1 1 1 100 0.75 9 1514 69 277 254 51 30 19 17
4 1 1 1 100 0.75 9 1515 71 281 257 51 30 19 19
4 1 1 1 100 0.75 9 1516 72 285 262 53 30 19 20
4 1 1 1 100 0.75 9 1517 73 288 263 53 31 20 19
4 1 1 1 100 0.75 9 1518 75 291 263 53 32 21 19
4 1 1 1 100 0.75 9 1519 75 295 270 55 32 21 20
4 1 1 1 100 0.75 9 1520 78 298 273 54 33 22 24
4 1 1 1 100 0.75 9 1521 84 301 276 57 34 23 25
4 1 1 1 100 0.75 9 1522 86 304 279 62 35 24 25
4 1 1 1 100 0.75 9 1523 88 307 282 63 36 25 25
4 1 1 1 100 0.75 9 1524 92 308 277 62 39 28 22
4 1 1 1 100 0.75 9 1525 96 312 280 66 39 28 24
4 1 1 1 100 0.75 9 1526 98 316 284 70 39 28 24
4 1 1 1 100 0.75 9 1527 101 319 285 71 40 29 25
4 1 1 1 100 0.75 9 1528 105 321 287 72 42 31 25
4 1 1 1 100 0.75 9 1529 110 324 289 75 43 32 30
4 1 1 1 100 0.75 9 1530 112 328 291 80 43 32 31
4 1 1 1 100 0.75 9 1531 116 329 293 79 46 35 31
4 1 1 1 100 0.75 9 1532 121 332 295 82 47 36 33
4 1 1 1 100 0.75 9 1533 126 335 296 86 48 37 33
4 1 1 1 100 0.75 9 1534 127 339 301 91 47 37 34
4 1 1 1 100 0.75 9 1535 129 340 303 89 50 40 33
4 1 1 1 100 0.75 9 1536 133 342 304 89 52 42 34
4 1 1 1 100 0.75 9 1537 137 345 305 92 53 43 36
4 1 1 1 100 0.75 9 1538 141 346 304 93 56 46 37
4 1 1 1 100 0.75 9 1539 148 349 306 97 57 47 39
4 1 1 1 100 0.75 9 1540 150 351 307 102 59 49 41
4 1 1 1 100 0.75 9 1541 159 353 307 102 61 51 43
4 1 1 1 100 0.75 9 1542 162 356 305 110 62 52 42
4 1 1 1 100 0.75 9 1543 164 360 313 113 62 52 44
4 1 1 1 100 0.75 9 1544 168 362 310 113 64 54 43
4 1 1 1 100 0.75 9 1545 175 363 310 114 67 57 43
4 1 1 1 100 0.75 9 1546 182 364 308 118 70 60 42
4 1 1 1 100 0.75 9 1547 184 364 309 122 74 64 42
4 1 1 1 100 0.75 9 1548 186 367 309 123 75 65 47
4 1 1 1 100 0.75 9 1549 193 369 321 123 77 67 52
4 1 1 1 100 0.75 9 1550 198 371 317 128 79 69 51
4 1 1 1 100 0.75 9 1551 206 373 316 131 81 71 50
4 1 1 1 100 0.75 9 1552 214 376 314 138 82 72 54
4 1 1 1 100 0.75 9 1553 218 380 317 146 82 72 60
4 1 1 1 100 0.75 9 1554 220 380 323 146 86 76 61
4 1 1 1 100 0.75 9 1555 223 380 319 144 90 80 59
4 1 1 1 100 0.75 9 1556 227 381 321 144 93 83 60
4 1 1 1 100 0.75 9 1557 236 382 318 145 96 86 61
4 1 1 1 100 0.75 9 1558 244 382 317 150 100 90 63
4 1 1 1 100 0.75 9 1559 256 384 315 156 102 92 68
4 1 1 1 100 0.75 9 1560 260 384 311 166 106 96 67
4 1 1 1 100 0.75 9 1561 264 386 314 169 108 98 68
4 1 1 1 100 0.75 9 1562 266 390 313 173 108 98 70
4 1 1 1 100 0.75 9 1563 273 391 317 172 111 101 72
4 1 1 1 100 0.75 9 1564 282 391 312 175 115 105 74
4 1 1 1 100 0.75 9 1565 290 385 305 174 125 115 70
4 1 1 1 100 0.75 9 1566 304 385 301 178 129 119 76
4 1 1 1 100 0.75 9 1567 311 386 308 189 132 122 82
4 1 1 1 100 0.75 9 1568 314 390 308 196 132 122 84
4 1 1 1 100 0.75 9 1569 320 389 307 194 137 127 79
4 1 1 1 100 0.75 9 1570 324 388 303 196 142 132 77
4 1 1 1 100 0.75 9 1571 328 390 306 198 144 134 81
4 1 1 1 100 0.75 9 1572 333 388 309 196 150 140 78
4 1 1 1 100 0.75 9 1573 341 392 306 202 150 140 87
4 1 1 1 100 0.75 9 1574 345 388 295 204 158 148 83
4 1 1 1 100 0.75 9 1575 355 389 298 207 161 151 84
4 1 1 1 100 0.75 9 1576 362 389 290 213 165 155 86
4 1 1 1 100 0.75 9 1577 366 390 302 217 168 158 87
4 1 1 1 100 0.75 9 1578 373 388 295 215 174 164 86
4 1 1 1 100 0.75 9 1579 378 389 294 220 177 167 87
4 1 1 1 100 0.75 9 1580 388 389 289 221 181 171 92
4 1 1 1 100 0.75 9 1581 393 387 289 225 187 177 93
4 1 1 1 100 0.75 9 1582 398 385 285 224 193 183 90
4 1 1 1 100 0.75 9 1583 408 382 274 222 200 190 88
4 1 1 1 100 0.75 9 1584 413 381 279 227 205 195 89
4 1 1 1 100 0.75 9 1585 419 384 275 231 206 196 95
4 1 1 1 100 0.75 9 1586 428 381 272 230 213 203 91
4 1 1 1 100 0.75 9 1587 436 376 267 231 222 212 92
4 1 1 1 100 0.75 9 1588 442 375 263 234 227 217 91
4 1 1 1 100 0.75 9 1589 447 375 264 238 231 221 91
4 1 1 1 100 0.75 9 1590 457 376 260 240 234 224 96
4 1 1 1 100 0.75 9 1590 457 376 376 240 328 224 96
4 1 1 1 100 0.75 9 1620 457 376 376 240 11 224 96
4 1 1 1 100 0.75 10 1621 0 4 4 0 11 0 0
4 1 1 1 100 0.75 10 1622 0 8 8 0 11 0 0
4 1 1 1 100 0.75 10 1623 0 12 12 0 11 0 0
4 1 1 1 100 0.75 10 1624 0 16 16 0 11 0 0
4 1 1 1 100 0.75 10 1625 0 20 20 0 11 0 0
4 1 1 1 100 0.75 10 1626 0 24 23 0 11 0 0
4 1 1 1 100 0.75 10 1627 0 28 28 0 11 0 0
4 1 1 1 100 0.75 10 1628 1 32 31 0 11 0 0
4 1 1 1 100 0.75 10 1629 1 36 35 1 11 0 0
4 1 1 1 100 0.75 10 1630 1 40 39 1 11 0 0
4 1 1 1 100 0.75 10 1631 1 44 43 1 11 0 0
4 1 1 1 100 0.75 10 1632 1 48 47 1 11 0 0
4 1 1 1 100 0.75 10 1633 2 52 50 1 11 0 0
4 1 1 1 100 0.75 10 1634 2 56 54 2 11 0 0
4 1 1 1 100 0.75 10 1635 2 60 59 2 11 0 1
4 1 1 1 100 0.75 10 1636 2 64 62 2 11 0 1
4 1 1 1 100 0.75 10 1637 2 68 67 2 11 0 1
4 1 1 1 100 0.75 10 1638 2 72 71 2 11 0 1
4 1 1 1 100 0.75 10 1639 2 76 75 2 11 0 1
4 1 1 1 100 0.75 10 1640 3 80 77 2 11 0 1
4 1 1 1 100 0.75 10 1641 3 84 83 3 11 0 2
4 1 1 1 100 0.75 10 1642 4 88 84 3 11 0 2
4 1 1 1 100 0.75 10 1643 4 92 90 4 11 0 2
4 1 1 1 100 0.75 10 1644 6 96 91 4 11 0 2
4 1 1 1 100 0.75 10 1645 6 100 96 6 11 0 2
4 1 1 1 100 0.75 10 1646 7 104 99 6 11 0 2
4 1 1 1 100 0.75 10 1647 7 108 104 7 11 0 3
4 1 1 1 100 0.75 10 1648 8 112 107 7 11 0 3
4 1 1 1 100 0.75 10 1649 8 116 112 8 11 0 4
4 1 1 1 100 0.75 10 1650 9 120 115 8 11 0 4
4 1 1 1 100 0.75 10 1651 11 124 118 9 11 0 4
4 1 1 1 100 0.75 10 1652 11 128 123 11 11 0 5
4 1 1 1 100 0.75 10 1653 11 132 127 11 11 0 6
4 1 1 1 100 0.75 10 1654 12 136 131 11 11 0 6
4 1 1 1 100 0.75 10 1655 13 139 133 11 12 1 5
4 1 1 1 100 0.75 10 1656 13 143 138 12 12 1 6
4 1 1 1 100 0.75 10 1657 14 147 141 12 12 1 6
4 1 1 1 100 0.75 10 1658 14 151 147 13 12 1 8
4 1 1 1 100 0.75 10 1659 15 155 151 13 12 1 9
4 1 1 1 100 0.75 10 1660 18 158 151 13 13 2 8
4 1 1 1 100 0.75 10 1661 18 162 155 16 13 2 9
4 1 1 1 100 0.75 10 1662 18 166 161 16 13 2 10
4 1 1 1 100 0.75 10 1663 20 170 162 16 13 2 10
4 1 1 1 100 0.75 10 1664 21 173 166 17 14 3 10
4 1 1 1 100 0.75 10 1665 23 177 167 18 14 3 10
4 1 1 1 100 0.75 10 1666 26 180 168 19 15 4 9
4 1 1 1 100 0.75 10 1667 28 184 172 22 15 4 11
4 1 1 1 100 0.75 10 1668 28 188 177 24 15 4 11
4 1 1 1 100 0.75 10 1669 30 192 180 24 15 4 11
4 1 1 1 100 0.75 10 1670 31 194 181 24 17 6 10
4 1 1 1 100 0.75 10 1671 31 198 187 25 17 6 11
4 1 1 1 100 0.75 10 1672 32 202 191 25 17 6 13
4 1 1 1 100 0.75 10 1673 33 206 195 26 17 6 15
4 1 1 1 100 0.75 10 1674 34 208 199 25 19 8 15
4 1 1 1 100 0.75 10 1675 36 212 201 26 19 8 16
4 1 1 1 100 0.75 10 1676 37 215 205 27 20 9 16
4 1 1 1 100 0.75 10 1677 39 219 207 28 20 9 17
4 1 1 1 100 0.75 10 1678 41 223 210 30 20 9 17
4 1 1 1 100 0.75 10 1679 42 225 213 30 22 11 15
4 1 1 1 100 0.75 10 1680 45 228 212 30 23 12 15
4 1 1 1 100 0.75 10 1681 46 232 216 33 23 12 15
4 1 1 1 100 0.75 10 1682 48 235 218 33 24 13 16
4 1 1 1 100 0.75 10 1683 49 238 223 34 25 14 16
4 1 1 1 100 0.75 10 1684 51 241 225 34 26 15 15
4 1 1 1 100 0.75 10 1685 53 245 228 36 26 15 16
4 1 1 1 100 0.75 10 1686 55 249 230 38 26 15 18
4 1 1 1 100 0.75 10 1687 57 253 238 40 26 15 21
4 1 1 1 100 0.75 10 1688 61 256 237 41 27 16 20
4 1 1 1 100 0.75 10 1689 64 260 238 45 27 16 20
4 1 1 1 100 0.75 10 1690 67 263 241 47 28 17 21
4 1 1 1 100 0.75 10 1691 67 263 242 46 32 21 18
4 1 1 1 100 0.75 10 1692 71 265 242 44 34 23 17
4 1 1 1 100 0.75 10 1693 71 269 247 48 34 23 18
4 1 1 1 100 0.75 10 1694 74 271 248 46 36 25 17
4 1 1 1 100 0.75 10 1695 80 275 248 49 36 25 21
4 1 1 1 100 0.75 10 1696 81 278 257 54 37 26 24
4 1 1 1 100 0.75 10 1697 87 280 254 53 39 28 23
4 1 1 1 100 0.75 10 1698 91 284 256 59 39 28 24
4 1 1 1 100 0.75 10 1699 92 287 257 62 40 29 25
4 1 1 1 100 0.75 10 1700 94 291 262 63 40 29 27
4 1 1 1 100 0.75 10 1701 97 294 262 64 41 30 27
4 1 1 1 100 0.75 10 1702 100 296 269 65 43 32 30
4 1 1 1 100 0.75 10 1703 100 300 273 68 43 32 31
4 1 1 1 100 0.75 10 1704 103 303 277 67 43 33 33
4 1 1 1 100 0.75 10 1705 105 305 279 68 45 35 35
4 1 1 1 100 0.75 10 1706 109 308 282 69 46 36 38
4 1 1 1 100 0.75 10 1707 114 311 284 72 47 37 38
4 1 1 1 100 0.75 10 1708 119 314 283 76 48 38 37
4 1 1 1 100 0.75 10 1709 124 316 283 79 50 40 41
4 1 1 1 100 0.75 10 1710 130 318 281 82 52 42 39
4 1 1 1 100 0.75 10 1711 131 320 280 86 54 44 37
4 1 1 1 100 0.75 10 1712 136 321 284 84 57 47 38
4 1 1 1 100 0.75 10 1713 143 325 283 89 57 47 41
4 1 1 1 100 0.75 10 1714 147 328 289 95 58 48 43
4 1 1 1 100 0.75 10 1715 153 330 285 97 60 50 43
4 1 1 1 100 0.75 10 1716 157 332 291 101 62 52 45
4 1 1 1 100 0.75 10 1717 161 333 288 102 65 55 44
4 1 1 1 100 0.75 10 1718 170 335 284 105 67 57 45
4 1 1 1 100 0.75 10 1719 173 337 285 112 69 59 44
4 1 1 1 100 0.75 10 1720 178 337 287 112 73 63 47
4 1 1 1 100 0.75 10 1721 182 338 288 115 76 66 47
4 1 1 1 100 0.75 10 1722 186 340 291 118 78 68 53
4 1 1 1 100 0.75 10 1723 192 342 284 120 80 70 52
4 1 1 1 100 0.75 10 1724 199 339 283 119 87 77 50
4 1 1 1 100 0.75 10 1725 204 343 284 127 87 77 53
4 1 1 1 100 0.75 10 1726 212 345 287 130 89 79 59
4 1 1 1 100 0.75 10 1727 216 348 291 137 90 80 59
4 1 1 1 100 0.75 10 1728 221 350 297 139 92 82 63
4 1 1 1 100 0.75 10 1729 231 351 289 141 95 85 65
4 1 1 1 100 0.75 10 1730 234 354 291 150 96 86 70
4 1 1 1 100 0.75 10 1731 243 355 292 150 99 89 72
4 1 1 1 100 0.75 10 1732 249 355 291 155 103 93 74
4 1 1 1 100 0.75 10 1733 254 355 291 157 107 97 76
4 1 1 1 100 0.75 10 1734 259 357 295 161 108 99 79
4 1 1 1 100 0.75 10 1735 268 360 291 165 109 100 81
4 1 1 1 100 0.75 10 1736 275 363 291 173 110 101 84
4 1 1 1 100 0.75 10 1737 286 362 287 175 114 106 88
4 1 1 1 100 0.75 10 1738 292 361 288 181 119 111 87
4 1 1 1 100 0.75 10 1739 301 362 287 184 122 114 90
4 1 1 1 100 0.75 10 1740 307 361 282 189 127 119 88
4 1 1 1 100 0.75 10 1741 310 359 285 190 132 125 88
4 1 1 1 100 0.75 10 1742 316 355 277 185 140 133 82
4 1 1 1 100 0.75 10 1743 323 354 280 186 145 138 81
4 1 1 1 100 0.75 10 1744 329 355 280 191 148 141 86
4 1 1 1 100 0.75 10 1745 340 358 279 197 149 142 92
4 1 1 1 100 0.75 10 1746 347 358 278 206 153 146 91
4 1 1 1 100 0.75 10 1747 355 357 273 209 158 151 92
4 1 1 1 100 0.75 10 1748 362 349 260 205 170 163 84
4 1 1 1 100 0.75 10 1749 370 350 260 209 173 166 86
4 1 1 1 100 0.75 10 1750 374 350 265 213 177 170 85
4 1 1 1 100 0.75 10 1751 381 350 255 214 181 174 84
4 1 1 1 100 0.75 10 1752 389 348 250 215 187 180 84
4 1 1 1 100 0.75 10 1753 398 348 245 219 191 184 89
4 1 1 1 100 0.75 10 1754 403 346 249 222 197 190 91
4 1 1 1 100 0.75 10 1755 409 342 242 219 205 198 86
4 1 1 1 100 0.75 10 1756 412 340 242 219 211 204 85
4 1 1 1 100 0.75 10 1757 419 341 244 219 214 207 87
4 1 1 1 100 0.75 10 1758 423 343 253 226 216 209 87
4 1 1 1 100 0.75 10 1759 432 343 248 226 220 213 90
4 1 1 1 100 0.75 10 1760 440 340 242 229 227 220 88
4 1 1 1 100 0.75 10 1761 443 341 241 235 230 223 91
4 1 1 1 100 0.75 10 1762 450 339 230 235 235 229 87
4 1 1 1 100 0.75 10 1763 459 339 229 239 239 233 87
4 1 1 1 100 0.75 10 1764 464 339 225 244 243 237 88
4 1 1 1 100 0.75 10 1765 467 335 222 242 251 245 85
4 1 1 1 100 0.75 10 1766 477 333 209 239 257 251 85
4 1 1 1 100 0.75 10 1767 480 336 226 249 258 252 90
4 1 1 1 100 0.75 10 1768 488 336 219 248 262 256 93
4 1 1 1 100 0.75 10 1769 494 334 211 251 267 262 93
4 1 1 1 100 0.75 10 1770 498 333 218 254 272 267 95
4 1 1 1 100 0.75 10 1770 498 333 333 254 364 267 95
4 1 1 1 100 0.75 10 1800 498 333 333 254 11 267 95
