2 5 1 1 100 0.75 1 1 0 2 2 0 100 0 0
2 5 1 1 100 0.75 1 2 0 4 4 0 100 0 0
2 5 1 1 100 0.75 1 3 0 6 6 0 100 0 0
2 5 1 1 100 0.75 1 4 0 8 8 0 100 0 0
2 5 1 1 100 0.75 1 5 0 10 10 0 100 0 0
2 5 1 1 100 0.75 1 6 0 12 12 0 100 0 0
2 5 1 1 100 0.75 1 7 0 14 14 0 100 0 0
2 5 1 1 100 0.75 1 8 0 16 15 0 100 0 0
2 5 1 1 100 0.75 1 9 0 18 17 0 100 0 0
2 5 1 1 100 0.75 1 10 2 20 18 0 100 0 0
2 5 1 1 100 0.75 1 11 3 22 18 2 100 0 0
2 5 1 1 100 0.75 1 12 5 24 19 3 100 0 0
2 5 1 1 100 0.75 1 13 6 26 18 5 100 0 0
2 5 1 1 100 0.75 1 14 6 28 22 6 100 0 0
2 5 1 1 100 0.75 1 15 7 30 19 6 100 0 0
2 5 1 1 100 0.75 1 16 7 32 25 7 100 0 0
2 5 1 1 100 0.75 1 17 10 34 23 7 100 0 1
2 5 1 1 100 0.75 1 18 11 36 28 10 100 0 3
2 5 1 1 100 0.75 1 19 12 38 26 11 100 0 4
2 5 1 1 100 0.75 1 20 14 40 28 12 100 0 4
2 5 1 1 100 0.75 1 21 15 42 28 14 99 0 4
2 5 1 1 100 0.75 1 22 18 44 30 15 99 0 4
2 5 1 1 100 0.75 1 23 19 46 31 18 99 0 4
2 5 1 1 100 0.75 1 24 22 48 30 19 99 0 5
2 5 1 1 100 0.75 1 25 22 50 36 22 99 0 6
2 5 1 1 100 0.75 1 26 23 52 37 22 99 0 7
2 5 1 1 100 0.75 1 27 27 54 35 23 99 0 9
2 5 1 1 100 0.75 1 28 30 56 35 27 99 0 9
2 5 1 1 100 0.75 1 29 31 58 38 30 99 0 11
2 5 1 1 100 0.75 1 30 32 60 41 31 99 0 12
2 5 1 1 100 0.75 1 31 35 62 44 32 99 0 13
2 5 1 1 100 0.75 1 32 37 64 43 35 99 0 14
2 5 1 1 100 0.75 1 33 38 66 43 37 99 0 15
2 5 1 1 100 0.75 1 34 42 68 43 38 99 0 16
2 5 1 1 100 0.75 1 35 42 69 50 41 100 1 17
2 5 1 1 100 0.75 1 36 45 70 47 40 101 2 17
2 5 1 1 100 0.75 1 37 47 72 48 43 101 2 17
2 5 1 1 100 0.75 1 38 48 72 47 43 103 4 17
2 5 1 1 100 0.75 1 39 53 74 48 44 103 4 19
2 5 1 1 100 0.75 1 40 54 75 49 48 104 5 20
2 5 1 1 100 0.75 1 41 54 77 53 49 104 5 21
2 5 1 1 100 0.75 1 42 57 79 52 49 104 5 24
2 5 1 1 100 0.75 1 43 59 81 53 52 104 5 24
2 5 1 1 100 0.75 1 44 61 83 57 54 104 5 25
2 5 1 1 100 0.75 1 45 63 84 55 55 105 6 25
2 5 1 1 100 0.75 1 46 67 82 56 53 109 10 23
2 5 1 1 100 0.75 1 47 71 82 51 55 111 12 24
2 5 1 1 100 0.75 1 48 73 84 56 59 111 12 25
2 5 1 1 100 0.75 1 49 74 85 60 60 112 13 26
2 5 1 1 100 0.75 1 50 76 87 58 61 112 13 27
2 5 1 1 100 0.75 1 51 77 88 58 62 113 14 28
2 5 1 1 100 0.75 1 52 78 88 60 61 115 16 27
2 5 1 1 100 0.75 1 53 80 88 61 60 117 18 28
2 5 1 1 100 0.75 1 54 83 88 61 60 119 20 30
2 5 1 1 100 0.75 1 55 87 87 60 60 122 23 30
2 5 1 1 100 0.75 1 56 88 88 60 63 123 24 30
2 5 1 1 100 0.75 1 57 89 89 61 63 124 25 31
2 5 1 1 100 0.75 1 58 91 89 65 62 126 27 31
2 5 1 1 100 0.75 1 59 93 89 59 62 128 29 29
2 5 1 1 100 0.75 1 60 95 91 63 64 128 29 29
2 5 1 1 100 0.75 1 61 98 92 65 65 129 30 31
2 5 1 1 100 0.75 1 62 101 91 61 65 132 33 32
2 5 1 1 100 0.75 1 63 102 92 62 67 133 34 33
2 5 1 1 100 0.75 1 64 106 93 61 67 134 35 32
2 5 1 1 100 0.75 1 65 109 94 65 70 135 36 33
2 5 1 1 100 0.75 1 66 111 95 58 72 136 37 33
2 5 1 1 100 0.75 1 67 112 95 67 72 138 39 32
2 5 1 1 100 0.75 1 68 114 97 64 73 138 39 35
2 5 1 1 100 0.75 1 69 116 97 65 73 140 41 34
2 5 1 1 100 0.75 1 70 121 95 58 71 144 45 32
2 5 1 1 100 0.75 1 71 123 95 61 74 146 47 32
2 5 1 1 100 0.75 1 72 123 95 61 74 148 49 34
2 5 1 1 100 0.75 1 73 124 94 64 71 151 52 32
2 5 1 1 100 0.75 1 74 128 91 56 67 156 57 29
2 5 1 1 100 0.75 1 75 128 93 58 71 156 57 29
2 5 1 1 100 0.75 1 76 130 95 60 71 156 57 32
2 5 1 1 100 0.75 1 77 132 95 66 71 158 59 33
2 5 1 1 100 0.75 1 78 135 96 60 72 159 60 33
2 5 1 1 100 0.75 1 79 137 94 60 72 163 64 30
2 5 1 1 100 0.75 1 80 140 96 64 74 163 64 30
2 5 1 1 100 0.75 1 81 141 95 62 74 166 67 28
2 5 1 1 100 0.75 1 82 145 97 57 76 166 67 30
2 5 1 1 100 0.75 1 83 148 98 62 79 167 68 30
2 5 1 1 100 0.75 1 84 148 100 54 82 167 68 30
2 5 1 1 100 0.75 1 85 151 99 60 79 170 71 29
2 5 1 1 100 0.75 1 86 154 101 57 82 170 71 31
2 5 1 1 100 0.75 1 87 156 98 58 81 175 76 27
2 5 1 1 100 0.75 1 88 159 97 51 80 178 79 25
2 5 1 1 100 0.75 1 89 159 99 57 83 178 79 27
2 5 1 1 100 0.75 1 90 160 98 56 80 181 82 27
2 5 1 1 100 0.75 1 91 162 96 56 78 184 86 24
2 5 1 1 100 0.75 1 92 163 94 47 76 188 90 21
2 5 1 1 100 0.75 1 93 165 96 55 77 188 90 23
2 5 1 1 100 0.75 1 94 167 97 58 78 189 91 26
2 5 1 1 100 0.75 1 95 167 99 59 80 189 91 27
2 5 1 1 100 0.75 1 96 170 99 59 78 191 93 27
2 5 1 1 100 0.75 1 97 172 99 55 79 193 95 25
2 5 1 1 100 0.75 1 98 174 100 58 80 194 96 25
2 5 1 1 100 0.75 1 99 177 101 50 81 195 97 24
2 5 1 1 100 0.75 1 100 180 101 53 82 196 99 22
2 5 1 1 100 0.75 1 101 181 103 56 85 196 99 25
2 5 1 1 100 0.75 1 102 183 103 59 84 198 101 24
2 5 1 1 100 0.75 1 103 185 104 57 85 199 102 24
2 5 1 1 100 0.75 1 104 187 104 53 85 201 104 24
2 5 1 1 100 0.75 1 105 189 104 60 85 203 106 24
2 5 1 1 100 0.75 1 106 190 106 59 88 203 106 25
2 5 1 1 100 0.75 1 107 193 108 62 89 203 106 30
2 5 1 1 100 0.75 1 108 197 109 57 91 204 107 30
2 5 1 1 100 0.75 1 109 199 107 58 91 208 111 26
2 5 1 1 100 0.75 1 110 200 107 56 91 210 113 27
2 5 1 1 100 0.75 1 111 202 107 54 90 212 115 26
2 5 1 1 100 0.75 1 112 204 108 58 92 213 116 27
2 5 1 1 100 0.75 1 113 205 108 61 92 215 118 27
2 5 1 1 100 0.75 1 114 208 109 58 93 216 119 29
2 5 1 1 100 0.75 1 115 209 111 62 96 216 119 31
2 5 1 1 100 0.75 1 116 210 112 57 96 217 120 33
2 5 1 1 100 0.75 1 117 212 111 59 94 220 123 30
2 5 1 1 100 0.75 1 118 214 112 60 95 221 124 30
2 5 1 1 100 0.75 1 119 215 112 63 95 222 126 28
2 5 1 1 100 0.75 1 120 217 113 64 95 223 127 29
2 5 1 1 100 0.75 1 121 219 114 65 96 224 128 30
2 5 1 1 100 0.75 1 122 221 114 63 96 226 130 28
2 5 1 1 100 0.75 1 123 222 114 69 96 228 132 27
2 5 1 1 100 0.75 1 124 224 114 68 95 230 134 26
2 5 1 1 100 0.75 1 125 225 114 62 95 232 136 26
2 5 1 1 100 0.75 1 126 225 113 64 93 235 139 24
2 5 1 1 100 0.75 1 127 228 115 62 93 235 139 24
2 5 1 1 100 0.75 1 128 231 114 63 93 238 142 23
2 5 1 1 100 0.75 1 129 233 114 62 94 240 144 22
2 5 1 1 100 0.75 1 130 234 114 60 94 242 146 20
2 5 1 1 100 0.75 1 131 238 112 61 91 245 150 16
2 5 1 1 100 0.75 1 132 241 112 59 93 247 152 15
2 5 1 1 100 0.75 1 133 242 114 62 96 247 152 16
2 5 1 1 100 0.75 1 134 242 116 62 97 247 152 17
2 5 1 1 100 0.75 1 135 246 117 64 96 247 153 20
2 5 1 1 100 0.75 1 136 250 118 64 99 248 154 19
2 5 1 1 100 0.75 1 137 253 118 62 101 250 156 19
2 5 1 1 100 0.75 1 138 254 120 61 104 250 156 19
2 5 1 1 100 0.75 1 139 255 121 64 104 251 157 22
2 5 1 1 100 0.75 1 140 257 122 61 105 252 158 24
2 5 1 1 100 0.75 1 141 257 121 63 104 255 161 21
2 5 1 1 100 0.75 1 142 259 123 66 104 255 161 22
2 5 1 1 100 0.75 1 143 262 123 64 104 257 163 23
2 5 1 1 100 0.75 1 144 263 124 65 106 258 164 26
2 5 1 1 100 0.75 1 145 264 125 63 107 259 165 26
2 5 1 1 100 0.75 1 146 265 126 67 107 259 166 27
2 5 1 1 100 0.75 1 147 269 128 71 108 257 166 29
2 5 1 1 100 0.75 1 148 270 130 68 113 257 166 30
2 5 1 1 100 0.75 1 149 272 131 68 114 258 167 30
2 5 1 1 100 0.75 1 150 272 131 73 114 260 169 29
2 5 1 1 100 0.75 1 150 272 131 131 114 289 169 29
2 5 1 1 100 0.75 1 180 272 131 131 114 54 169 29
2 5 1 1 100 0.75 2 181 0 2 2 0 54 0 0
2 5 1 1 100 0.75 2 182 0 4 4 0 54 0 0
2 5 1 1 100 0.75 2 183 0 6 6 0 54 0 0
2 5 1 1 100 0.75 2 184 0 8 8 0 54 0 0
2 5 1 1 100 0.75 2 185 0 10 10 0 54 0 0
2 5 1 1 100 0.75 2 186 0 12 12 0 54 0 0
2 5 1 1 100 0.75 2 187 1 14 13 0 54 0 0
2 5 1 1 100 0.75 2 188 1 16 15 1 54 0 0
2 5 1 1 100 0.75 2 189 1 18 17 1 54 0 0
2 5 1 1 100 0.75 2 190 1 20 19 1 54 0 0
2 5 1 1 100 0.75 2 191 1 22 21 1 54 0 0
2 5 1 1 100 0.75 2 192 1 24 22 1 54 0 0
2 5 1 1 100 0.75 2 193 1 26 25 1 54 0 0
2 5 1 1 100 0.75 2 194 2 28 26 1 54 0 0
2 5 1 1 100 0.75 2 195 3 30 28 2 54 0 1
2 5 1 1 100 0.75 2 196 3 32 28 3 54 0 1
2 5 1 1 100 0.75 2 197 4 34 30 3 54 0 1
2 5 1 1 100 0.75 2 198 6 36 31 4 54 0 1
2 5 1 1 100 0.75 2 199 6 38 32 6 54 0 1
2 5 1 1 100 0.75 2 200 9 40 32 6 54 0 1
2 5 1 1 100 0.75 2 201 10 42 34 9 54 0 2
2 5 1 1 100 0.75 2 202 12 44 34 10 54 0 2
2 5 1 1 100 0.75 2 203 12 46 37 12 54 0 3
2 5 1 1 100 0.75 2 204 13 48 37 12 54 0 3
2 5 1 1 100 0.75 2 205 13 50 43 13 54 0 5
2 5 1 1 100 0.75 2 206 14 52 43 13 54 0 5
2 5 1 1 100 0.75 2 207 16 54 42 14 54 0 5
2 5 1 1 100 0.75 2 208 17 56 45 16 54 0 7
2 5 1 1 100 0.75 2 209 19 58 49 17 53 0 8
2 5 1 1 100 0.75 2 210 20 60 51 19 52 0 9
2 5 1 1 100 0.75 2 211 20 62 52 20 52 0 9
2 5 1 1 100 0.75 2 212 20 64 55 20 52 0 10
2 5 1 1 100 0.75 2 213 24 66 52 20 52 0 11
2 5 1 1 100 0.75 2 214 25 68 56 24 52 0 12
2 5 1 1 100 0.75 2 215 28 69 53 24 53 1 12
2 5 1 1 100 0.75 2 216 30 71 57 27 53 1 13
2 5 1 1 100 0.75 2 217 34 73 56 29 53 1 14
2 5 1 1 100 0.75 2 218 35 75 57 33 53 1 14
2 5 1 1 100 0.75 2 219 39 77 54 34 53 1 14
2 5 1 1 100 0.75 2 220 40 78 58 37 54 2 15
2 5 1 1 100 0.75 2 221 42 79 60 37 55 3 16
2 5 1 1 100 0.75 2 222 43 81 63 39 55 3 17
2 5 1 1 100 0.75 2 223 45 82 63 39 56 4 18
2 5 1 1 100 0.75 2 224 47 83 64 40 57 5 21
2 5 1 1 100 0.75 2 225 50 83 64 40 59 7 20
2 5 1 1 100 0.75 2 226 52 84 65 42 60 8 20
2 5 1 1 100 0.75 2 227 53 84 69 42 62 10 21
2 5 1 1 100 0.75 2 228 56 86 69 43 62 10 23
2 5 1 1 100 0.75 2 229 58 87 66 45 63 11 22
2 5 1 1 100 0.75 2 230 62 89 68 47 63 11 24
2 5 1 1 100 0.75 2 231 65 89 65 49 65 13 23
2 5 1 1 100 0.75 2 232 66 90 66 51 66 14 23
2 5 1 1 100 0.75 2 233 69 92 69 52 66 14 25
2 5 1 1 100 0.75 2 234 71 93 69 54 67 15 25
2 5 1 1 100 0.75 2 235 73 95 72 56 67 15 27
2 5 1 1 100 0.75 2 236 76 95 70 56 69 17 28
2 5 1 1 100 0.75 2 237 78 95 67 57 71 19 27
2 5 1 1 100 0.75 2 238 80 96 70 58 72 20 29
2 5 1 1 100 0.75 2 239 82 95 70 57 75 23 27
2 5 1 1 100 0.75 2 240 85 96 68 58 76 24 27
2 5 1 1 100 0.75 2 241 88 96 69 59 78 26 28
2 5 1 1 100 0.75 2 242 90 97 69 61 79 27 29
2 5 1 1 100 0.75 2 243 91 99 72 63 79 27 30
2 5 1 1 100 0.75 2 244 98 100 70 63 80 28 30
2 5 1 1 100 0.75 2 245 101 100 68 68 82 30 31
2 5 1 1 100 0.75 2 246 103 102 70 71 82 30 31
2 5 1 1 100 0.75 2 247 106 103 69 72 83 31 34
2 5 1 1 100 0.75 2 248 108 103 68 73 85 33 33
2 5 1 1 100 0.75 2 249 110 102 67 72 88 36 30
2 5 1 1 100 0.75 2 250 110 102 69 72 90 38 29
2 5 1 1 100 0.75 2 251 110 103 74 71 91 39 31
2 5 1 1 100 0.75 2 252 112 101 73 67 95 43 32
2 5 1 1 100 0.75 2 253 113 100 70 66 98 46 31
2 5 1 1 100 0.75 2 254 113 101 73 66 99 47 32
2 5 1 1 100 0.75 2 255 117 103 71 66 99 47 34
2 5 1 1 100 0.75 2 256 120 104 76 69 100 48 35
2 5 1 1 100 0.75 2 257 122 104 68 70 101 50 33
2 5 1 1 100 0.75 2 258 124 104 72 70 103 52 31
2 5 1 1 100 0.75 2 259 128 106 70 72 103 52 32
2 5 1 1 100 0.75 2 260 130 105 68 73 106 55 31
2 5 1 1 100 0.75 2 261 132 105 62 73 108 57 29
2 5 1 1 100 0.75 2 262 133 105 69 74 110 59 30
2 5 1 1 100 0.75 2 263 137 104 66 72 113 62 30
2 5 1 1 100 0.75 2 264 138 105 64 75 114 63 30
2 5 1 1 100 0.75 2 265 141 106 67 75 115 64 32
2 5 1 1 100 0.75 2 266 142 106 64 76 117 66 32
2 5 1 1 100 0.75 2 267 146 104 63 73 121 70 31
2 5 1 1 100 0.75 2 268 148 103 63 74 124 73 28
2 5 1 1 100 0.75 2 269 150 105 68 77 123 73 31
2 5 1 1 100 0.75 2 270 151 104 64 76 126 76 28
2 5 1 1 100 0.75 2 271 152 105 70 76 127 77 31
2 5 1 1 100 0.75 2 272 154 104 64 74 130 80 30
2 5 1 1 100 0.75 2 273 158 105 66 75 131 81 32
2 5 1 1 100 0.75 2 274 163 106 62 78 132 82 32
2 5 1 1 100 0.75 2 275 166 107 68 82 133 83 35
2 5 1 1 100 0.75 2 276 166 107 71 83 135 85 33
2 5 1 1 100 0.75 2 277 166 106 68 80 138 88 32
2 5 1 1 100 0.75 2 278 168 108 64 80 138 88 32
2 5 1 1 100 0.75 2 279 169 110 67 82 138 88 34
2 5 1 1 100 0.75 2 280 174 109 62 80 141 91 33
2 5 1 1 100 0.75 2 281 177 108 65 82 144 94 34
2 5 1 1 100 0.75 2 282 181 107 62 82 147 97 34
2 5 1 1 100 0.75 2 283 183 108 68 85 148 98 34
2 5 1 1 100 0.75 2 284 187 109 63 86 149 99 33
2 5 1 1 100 0.75 2 285 187 110 57 90 150 100 32
2 5 1 1 100 0.75 2 286 187 111 65 90 151 101 31
2 5 1 1 100 0.75 2 287 187 108 64 85 156 106 27
2 5 1 1 100 0.75 2 288 190 108 59 83 158 108 26
2 5 1 1 100 0.75 2 289 192 109 60 85 159 109 27
2 5 1 1 100 0.75 2 290 195 108 63 84 161 112 27
2 5 1 1 100 0.75 2 291 196 108 61 85 163 114 26
2 5 1 1 100 0.75 2 292 198 109 63 85 164 115 27
2 5 1 1 100 0.75 2 293 199 111 63 87 164 115 28
2 5 1 1 100 0.75 2 294 200 110 65 85 167 118 25
2 5 1 1 100 0.75 2 295 201 110 63 84 169 120 23
2 5 1 1 100 0.75 2 296 202 111 65 84 170 121 25
2 5 1 1 100 0.75 2 297 206 110 65 82 173 124 27
2 5 1 1 100 0.75 2 298 209 110 59 84 175 126 26
2 5 1 1 100 0.75 2 299 210 112 62 88 175 126 27
2 5 1 1 100 0.75 2 300 211 109 58 84 180 131 23
2 5 1 1 100 0.75 2 301 212 111 63 85 180 131 24
2 5 1 1 100 0.75 2 302 215 112 56 85 181 132 24
2 5 1 1 100 0.75 2 303 217 114 62 88 180 132 25
2 5 1 1 100 0.75 2 304 220 114 53 88 181 134 24
2 5 1 1 100 0.75 2 305 221 114 55 90 183 136 25
2 5 1 1 100 0.75 2 306 222 115 64 90 184 137 27
2 5 1 1 100 0.75 2 307 226 115 61 90 185 139 25
2 5 1 1 100 0.75 2 308 229 116 63 93 186 140 25
2 5 1 1 100 0.75 2 309 229 117 64 95 187 141 26
2 5 1 1 100 0.75 2 310 232 118 58 95 188 142 27
2 5 1 1 100 0.75 2 311 234 117 58 95 191 145 27
2 5 1 1 100 0.75 2 312 237 119 62 97 191 145 30
2 5 1 1 100 0.75 2 313 238 120 64 100 192 146 31
2 5 1 1 100 0.75 2 314 243 121 62 100 193 147 31
2 5 1 1 100 0.75 2 315 243 120 64 104 196 150 30
2 5 1 1 100 0.75 2 316 244 120 56 102 198 152 31
2 5 1 1 100 0.75 2 317 244 120 61 101 200 154 31
2 5 1 1 100 0.75 2 318 244 122 67 101 200 154 32
2 5 1 1 100 0.75 2 319 245 123 69 101 200 155 34
2 5 1 1 100 0.75 2 320 248 124 67 102 201 156 35
2 5 1 1 100 0.75 2 321 249 123 70 103 204 159 35
2 5 1 1 100 0.75 2 322 251 124 68 105 205 160 38
2 5 1 1 100 0.75 2 323 253 124 68 105 207 162 36
2 5 1 1 100 0.75 2 324 253 126 69 107 207 162 36
2 5 1 1 100 0.75 2 325 253 126 64 107 209 164 34
2 5 1 1 100 0.75 2 326 257 125 61 105 212 167 32
2 5 1 1 100 0.75 2 327 257 126 70 108 213 168 35
2 5 1 1 100 0.75 2 328 260 126 71 107 214 170 36
2 5 1 1 100 0.75 2 329 262 124 65 106 218 174 33
2 5 1 1 100 0.75 2 330 263 123 64 105 221 177 32
2 5 1 1 100 0.75 2 330 263 123 123 105 253 177 32
2 5 1 1 100 0.75 2 360 263 123 123 105 54 177 32
2 5 1 1 100 0.75 3 361 0 2 2 0 54 0 0
2 5 1 1 100 0.75 3 362 0 4 4 0 54 0 0
2 5 1 1 100 0.75 3 363 0 6 6 0 54 0 0
2 5 1 1 100 0.75 3 364 0 8 8 0 54 0 0
2 5 1 1 100 0.75 3 365 0 10 10 0 54 0 0
2 5 1 1 100 0.75 3 366 0 12 12 0 54 0 0
2 5 1 1 100 0.75 3 367 0 14 14 0 54 0 0
2 5 1 1 100 0.75 3 368 0 16 16 0 54 0 0
2 5 1 1 100 0.75 3 369 1 18 17 0 54 0 0
2 5 1 1 100 0.75 3 370 2 20 18 1 54 0 0
2 5 1 1 100 0.75 3 371 2 22 20 2 54 0 0
2 5 1 1 100 0.75 3 372 2 24 20 2 54 0 0
2 5 1 1 100 0.75 3 373 2 26 23 2 54 0 0
2 5 1 1 100 0.75 3 374 3 28 25 2 54 0 0
2 5 1 1 100 0.75 3 375 4 30 26 3 54 0 0
2 5 1 1 100 0.75 3 376 5 32 27 4 54 0 0
2 5 1 1 100 0.75 3 377 6 34 28 5 54 0 1
2 5 1 1 100 0.75 3 378 7 36 30 6 54 0 2
2 5 1 1 100 0.75 3 379 7 38 30 7 54 0 2
2 5 1 1 100 0.75 3 380 9 40 33 7 54 0 2
2 5 1 1 100 0.75 3 381 11 42 32 9 54 0 2
2 5 1 1 100 0.75 3 382 14 44 33 11 54 0 3
2 5 1 1 100 0.75 3 383 16 46 35 14 54 0 4
2 5 1 1 100 0.75 3 384 17 48 36 16 54 0 4
2 5 1 1 100 0.75 3 385 17 50 40 17 54 0 6
2 5 1 1 100 0.75 3 386 18 52 41 17 54 0 6
2 5 1 1 100 0.75 3 387 19 54 44 18 54 0 8
2 5 1 1 100 0.75 3 388 24 56 41 19 54 0 10
2 5 1 1 100 0.75 3 389 24 58 46 24 53 0 11
2 5 1 1 100 0.75 3 390 26 60 45 24 53 0 14
2 5 1 1 100 0.75 3 391 29 62 48 26 53 0 16
2 5 1 1 100 0.75 3 392 32 64 49 29 53 0 16
2 5 1 1 100 0.75 3 393 33 66 49 32 53 0 17
2 5 1 1 100 0.75 3 394 34 68 50 33 53 0 17
2 5 1 1 100 0.75 3 395 37 69 51 33 54 1 17
2 5 1 1 100 0.75 3 396 38 70 55 35 55 2 17
2 5 1 1 100 0.75 3 397 38 72 56 36 55 2 18
2 5 1 1 100 0.75 3 398 42 73 58 35 55 3 18
2 5 1 1 100 0.75 3 399 44 75 59 39 55 3 20
2 5 1 1 100 0.75 3 400 46 77 60 41 54 3 21
2 5 1 1 100 0.75 3 401 47 79 63 43 54 3 21
2 5 1 1 100 0.75 3 402 48 79 65 42 56 5 20
2 5 1 1 100 0.75 3 403 49 81 64 43 56 5 21
2 5 1 1 100 0.75 3 404 49 82 67 43 57 6 21
2 5 1 1 100 0.75 3 405 49 82 70 41 59 8 21
2 5 1 1 100 0.75 3 406 54 83 68 40 60 9 22
2 5 1 1 100 0.75 3 407 55 83 70 43 62 11 22
2 5 1 1 100 0.75 3 408 58 84 67 43 63 12 21
2 5 1 1 100 0.75 3 409 61 84 62 44 65 14 19
2 5 1 1 100 0.75 3 410 62 84 64 45 67 16 18
2 5 1 1 100 0.75 3 411 63 86 64 46 67 16 19
2 5 1 1 100 0.75 3 412 64 88 66 47 67 16 19
2 5 1 1 100 0.75 3 413 66 87 62 45 70 19 17
2 5 1 1 100 0.75 3 414 68 87 65 45 72 21 20
2 5 1 1 100 0.75 3 415 70 89 64 47 71 21 20
2 5 1 1 100 0.75 3 416 72 90 68 48 72 22 21
2 5 1 1 100 0.75 3 417 74 90 72 48 74 24 20
2 5 1 1 100 0.75 3 418 76 92 73 50 74 24 20
2 5 1 1 100 0.75 3 419 77 93 71 51 75 25 20
2 5 1 1 100 0.75 3 420 77 94 75 51 76 26 20
2 5 1 1 100 0.75 3 421 79 93 70 48 79 29 17
2 5 1 1 100 0.75 3 422 81 95 76 50 79 29 19
2 5 1 1 100 0.75 3 423 83 96 72 51 80 30 19
2 5 1 1 100 0.75 3 424 88 98 70 54 80 30 20
2 5 1 1 100 0.75 3 425 88 99 73 58 81 31 21
2 5 1 1 100 0.75 3 426 92 99 71 56 83 33 21
2 5 1 1 100 0.75 3 427 93 100 71 59 84 34 20
2 5 1 1 100 0.75 3 428 93 101 75 59 85 35 20
2 5 1 1 100 0.75 3 429 94 101 68 57 87 37 20
2 5 1 1 100 0.75 3 430 95 101 75 56 88 39 22
2 5 1 1 100 0.75 3 431 96 102 79 56 89 40 25
2 5 1 1 100 0.75 3 432 101 103 75 56 90 41 24
2 5 1 1 100 0.75 3 433 103 104 76 60 91 42 24
2 5 1 1 100 0.75 3 434 104 105 82 61 92 43 25
2 5 1 1 100 0.75 3 435 106 105 77 61 94 45 24
2 5 1 1 100 0.75 3 436 108 107 74 63 94 45 24
2 5 1 1 100 0.75 3 437 110 109 79 65 94 45 25
2 5 1 1 100 0.75 3 438 110 109 78 65 96 47 24
2 5 1 1 100 0.75 3 439 111 110 82 64 97 48 27
2 5 1 1 100 0.75 3 440 115 110 81 63 98 50 27
2 5 1 1 100 0.75 3 441 115 111 86 66 99 51 28
2 5 1 1 100 0.75 3 442 119 113 87 66 99 51 31
2 5 1 1 100 0.75 3 443 121 113 84 68 101 53 29
2 5 1 1 100 0.75 3 444 122 114 88 69 102 54 30
2 5 1 1 100 0.75 3 445 124 114 80 68 104 56 29
2 5 1 1 100 0.75 3 446 127 116 81 70 104 56 29
2 5 1 1 100 0.75 3 447 129 115 82 70 107 59 27
2 5 1 1 100 0.75 3 448 134 115 77 70 109 61 28
2 5 1 1 100 0.75 3 449 137 113 74 71 113 65 26
2 5 1 1 100 0.75 3 450 139 114 75 73 114 66 27
2 5 1 1 100 0.75 3 451 143 115 76 75 115 67 28
2 5 1 1 100 0.75 3 452 144 115 79 77 117 69 28
2 5 1 1 100 0.75 3 453 145 117 83 78 117 69 30
2 5 1 1 100 0.75 3 454 146 119 80 79 117 69 32
2 5 1 1 100 0.75 3 455 150 118 80 77 120 72 32
2 5 1 1 100 0.75 3 456 153 118 81 79 122 74 33
2 5 1 1 100 0.75 3 457 153 119 85 81 123 75 34
2 5 1 1 100 0.75 3 458 156 120 87 80 124 76 35
2 5 1 1 100 0.75 3 459 156 119 87 80 126 79 35
2 5 1 1 100 0.75 3 460 159 119 85 78 128 81 33
2 5 1 1 100 0.75 3 461 160 118 85 79 131 84 32
2 5 1 1 100 0.75 3 462 162 119 85 79 132 85 33
2 5 1 1 100 0.75 3 463 165 121 85 81 132 85 33
2 5 1 1 100 0.75 3 464 167 123 83 84 132 85 34
2 5 1 1 100 0.75 3 465 170 124 85 85 133 86 34
2 5 1 1 100 0.75 3 466 171 122 87 85 137 90 32
2 5 1 1 100 0.75 3 467 174 122 80 85 138 92 32
2 5 1 1 100 0.75 3 468 175 121 83 85 141 95 30
2 5 1 1 100 0.75 3 469 178 123 74 87 141 95 32
2 5 1 1 100 0.75 3 470 180 122 81 88 144 98 30
2 5 1 1 100 0.75 3 471 182 120 78 86 148 102 28
2 5 1 1 100 0.75 3 472 184 120 76 86 150 104 28
2 5 1 1 100 0.75 3 473 189 120 78 86 152 106 28
2 5 1 1 100 0.75 3 474 192 120 72 90 154 108 30
2 5 1 1 100 0.75 3 475 195 121 75 92 155 109 29
2 5 1 1 100 0.75 3 476 199 121 75 93 157 111 29
2 5 1 1 100 0.75 3 477 202 121 74 95 159 113 27
2 5 1 1 100 0.75 3 478 204 122 77 97 160 114 30
2 5 1 1 100 0.75 3 479 205 122 77 97 162 116 29
2 5 1 1 100 0.75 3 480 205 123 78 97 163 117 32
2 5 1 1 100 0.75 3 481 210 123 80 95 165 119 33
2 5 1 1 100 0.75 3 482 212 122 73 98 168 122 34
2 5 1 1 100 0.75 3 483 214 124 79 100 168 122 35
2 5 1 1 100 0.75 3 484 215 125 81 101 168 123 38
2 5 1 1 100 0.75 3 485 216 127 82 102 167 123 40
2 5 1 1 100 0.75 3 486 217 129 84 103 166 123 42
2 5 1 1 100 0.75 3 487 221 128 80 102 169 126 39
2 5 1 1 100 0.75 3 488 223 128 81 104 171 128 37
2 5 1 1 100 0.75 3 489 225 126 81 102 175 132 38
2 5 1 1 100 0.75 3 490 225 127 77 105 176 133 38
2 5 1 1 100 0.75 3 491 226 126 83 103 179 136 37
2 5 1 1 100 0.75 3 492 226 128 88 104 179 136 38
2 5 1 1 100 0.75 3 493 230 125 77 99 184 141 33
2 5 1 1 100 0.75 3 494 231 125 72 101 186 143 34
2 5 1 1 100 0.75 3 495 234 126 76 104 187 144 38
2 5 1 1 100 0.75 3 496 236 125 71 104 190 147 35
2 5 1 1 100 0.75 3 497 241 125 73 104 191 149 38
2 5 1 1 100 0.75 3 498 241 126 74 108 192 150 38
2 5 1 1 100 0.75 3 499 244 126 71 107 194 152 36
2 5 1 1 100 0.75 3 500 246 124 70 106 198 156 35
2 5 1 1 100 0.75 3 501 248 122 74 104 202 160 33
2 5 1 1 100 0.75 3 502 248 121 72 103 205 163 31
2 5 1 1 100 0.75 3 503 250 123 73 104 205 163 35
2 5 1 1 100 0.75 3 504 250 122 77 103 208 166 35
2 5 1 1 100 0.75 3 505 251 121 79 100 211 169 32
2 5 1 1 100 0.75 3 506 251 122 78 101 212 170 32
2 5 1 1 100 0.75 3 507 256 124 76 101 211 170 35
2 5 1 1 100 0.75 3 508 259 126 82 107 211 170 36
2 5 1 1 100 0.75 3 509 262 127 82 109 212 171 37
2 5 1 1 100 0.75 3 510 264 128 75 112 213 172 36
2 5 1 1 100 0.75 3 510 264 128 128 112 247 172 36
2 5 1 1 100 0.75 3 540 264 128 128 112 53 172 36
2 5 1 1 100 0.75 4 541 0 2 2 0 53 0 0
2 5 1 1 100 0.75 4 542 0 4 4 0 53 0 0
2 5 1 1 100 0.75 4 543 0 6 6 0 53 0 0
2 5 1 1 100 0.75 4 544 0 8 8 0 53 0 0
2 5 1 1 100 0.75 4 545 0 10 10 0 53 0 0
2 5 1 1 100 0.75 4 546 0 12 12 0 53 0 0
2 5 1 1 100 0.75 4 547 0 14 14 0 53 0 0
2 5 1 1 100 0.75 4 548 0 16 16 0 53 0 0
2 5 1 1 100 0.75 4 549 1 18 17 0 53 0 0
2 5 1 1 100 0.75 4 550 1 20 19 1 53 0 0
2 5 1 1 100 0.75 4 551 1 22 21 1 53 0 0
2 5 1 1 100 0.75 4 552 2 24 21 1 52 0 0
2 5 1 1 100 0.75 4 553 3 26 23 2 52 0 0
2 5 1 1 100 0.75 4 554 5 28 23 3 52 0 0
2 5 1 1 100 0.75 4 555 6 30 23 5 52 0 0
2 5 1 1 100 0.75 4 556 9 32 24 6 52 0 1
2 5 1 1 100 0.75 4 557 10 34 24 9 52 0 1
2 5 1 1 100 0.75 4 558 12 36 24 10 52 0 1
2 5 1 1 100 0.75 4 559 13 38 25 12 52 0 1
2 5 1 1 100 0.75 4 560 14 40 28 13 52 0 3
2 5 1 1 100 0.75 4 561 15 42 32 14 52 0 5
2 5 1 1 100 0.75 4 562 15 44 33 15 52 0 5
2 5 1 1 100 0.75 4 563 16 46 38 15 52 0 7
2 5 1 1 100 0.75 4 564 17 48 40 16 52 0 8
2 5 1 1 100 0.75 4 565 18 50 42 17 52 0 9
2 5 1 1 100 0.75 4 566 20 52 40 18 52 0 10
2 5 1 1 100 0.75 4 567 24 54 42 20 52 0 10
2 5 1 1 100 0.75 4 568 24 56 42 24 52 0 11
2 5 1 1 100 0.75 4 569 27 58 44 24 52 0 11
2 5 1 1 100 0.75 4 570 29 60 42 27 52 0 12
2 5 1 1 100 0.75 4 571 31 62 43 29 52 0 12
2 5 1 1 100 0.75 4 572 33 64 43 31 52 0 12
2 5 1 1 100 0.75 4 573 36 66 47 33 52 0 13
2 5 1 1 100 0.75 4 574 38 68 48 36 52 0 15
2 5 1 1 100 0.75 4 575 38 70 53 38 52 0 17
2 5 1 1 100 0.75 4 576 39 71 51 37 53 1 16
2 5 1 1 100 0.75 4 577 40 73 55 38 53 1 19
2 5 1 1 100 0.75 4 578 43 73 52 37 55 3 18
2 5 1 1 100 0.75 4 579 44 73 56 38 57 5 18
2 5 1 1 100 0.75 4 580 47 75 57 39 57 5 21
2 5 1 1 100 0.75 4 581 48 75 57 40 59 7 20
2 5 1 1 100 0.75 4 582 49 77 60 41 59 7 21
2 5 1 1 100 0.75 4 583 52 76 56 39 62 10 18
2 5 1 1 100 0.75 4 584 53 78 59 42 62 10 20
2 5 1 1 100 0.75 4 585 54 80 62 43 62 10 21
2 5 1 1 100 0.75 4 586 55 81 63 43 63 11 22
2 5 1 1 100 0.75 4 587 59 82 61 43 64 12 22
2 5 1 1 100 0.75 4 588 61 84 61 47 64 12 24
2 5 1 1 100 0.75 4 589 62 85 64 48 65 13 23
2 5 1 1 100 0.75 4 590 63 87 63 49 65 13 24
2 5 1 1 100 0.75 4 591 65 87 66 48 67 15 25
2 5 1 1 100 0.75 4 592 67 86 63 47 70 18 23
2 5 1 1 100 0.75 4 593 69 88 61 49 70 18 23
2 5 1 1 100 0.75 4 594 72 90 65 51 70 18 25
2 5 1 1 100 0.75 4 595 73 91 67 53 71 19 25
2 5 1 1 100 0.75 4 596 73 93 70 54 71 19 25
2 5 1 1 100 0.75 4 597 74 91 69 50 75 23 22
2 5 1 1 100 0.75 4 598 76 92 71 50 76 24 23
2 5 1 1 100 0.75 4 599 79 92 68 50 78 26 23
2 5 1 1 100 0.75 4 600 84 91 61 50 81 29 20
2 5 1 1 100 0.75 4 601 85 92 66 54 82 30 22
2 5 1 1 100 0.75 4 602 87 92 62 53 84 32 20
2 5 1 1 100 0.75 4 603 87 93 65 54 85 33 19
2 5 1 1 100 0.75 4 604 88 94 67 53 86 34 18
2 5 1 1 100 0.75 4 605 92 95 64 53 87 35 19
2 5 1 1 100 0.75 4 606 95 96 64 56 88 36 18
2 5 1 1 100 0.75 4 607 99 95 59 56 91 39 17
2 5 1 1 100 0.75 4 608 104 96 57 59 92 40 20
2 5 1 1 100 0.75 4 609 105 98 63 64 92 40 22
2 5 1 1 100 0.75 4 610 106 98 63 63 94 42 21
2 5 1 1 100 0.75 4 611 108 99 66 63 95 43 20
2 5 1 1 100 0.75 4 612 111 100 64 64 96 44 21
2 5 1 1 100 0.75 4 613 114 101 66 66 97 45 22
2 5 1 1 100 0.75 4 614 114 102 70 68 98 46 25
2 5 1 1 100 0.75 4 615 114 103 69 67 99 47 24
2 5 1 1 100 0.75 4 616 117 104 72 66 100 48 27
2 5 1 1 100 0.75 4 617 120 104 71 67 102 50 26
2 5 1 1 100 0.75 4 618 124 105 66 69 103 51 26
2 5 1 1 100 0.75 4 619 126 106 66 72 104 52 27
2 5 1 1 100 0.75 4 620 129 108 69 74 103 52 29
2 5 1 1 100 0.75 4 621 130 110 72 77 103 52 31
2 5 1 1 100 0.75 4 622 133 110 69 76 105 54 29
2 5 1 1 100 0.75 4 623 135 111 72 78 106 55 30
2 5 1 1 100 0.75 4 624 140 111 70 78 108 57 30
2 5 1 1 100 0.75 4 625 142 112 70 82 109 58 30
2 5 1 1 100 0.75 4 626 146 113 68 83 110 59 33
2 5 1 1 100 0.75 4 627 151 113 67 85 112 61 32
2 5 1 1 100 0.75 4 628 152 113 70 88 114 63 32
2 5 1 1 100 0.75 4 629 153 112 69 86 117 66 32
2 5 1 1 100 0.75 4 630 153 114 74 87 117 66 33
2 5 1 1 100 0.75 4 631 155 115 68 86 118 67 34
2 5 1 1 100 0.75 4 632 157 115 74 86 120 69 36
2 5 1 1 100 0.75 4 633 160 114 67 87 123 72 35
2 5 1 1 100 0.75 4 634 162 115 72 89 124 73 37
2 5 1 1 100 0.75 4 635 162 114 71 89 127 76 37
2 5 1 1 100 0.75 4 636 163 115 78 88 128 77 37
2 5 1 1 100 0.75 4 637 164 111 71 83 134 83 32
2 5 1 1 100 0.75 4 638 167 112 72 83 135 84 31
2 5 1 1 100 0.75 4 639 168 113 73 85 136 85 33
2 5 1 1 100 0.75 4 640 172 115 77 86 136 85 37
2 5 1 1 100 0.75 4 641 172 117 77 90 136 85 38
2 5 1 1 100 0.75 4 642 175 115 78 86 140 89 36
2 5 1 1 100 0.75 4 643 179 116 70 88 141 90 35
2 5 1 1 100 0.75 4 644 180 116 75 90 143 92 35
2 5 1 1 100 0.75 4 645 182 116 71 89 145 94 35
2 5 1 1 100 0.75 4 646 183 116 71 89 147 96 34
2 5 1 1 100 0.75 4 647 184 116 72 88 149 98 34
2 5 1 1 100 0.75 4 648 188 116 68 87 150 100 34
2 5 1 1 100 0.75 4 649 191 113 68 86 155 105 31
2 5 1 1 100 0.75 4 650 191 114 69 89 156 106 33
2 5 1 1 100 0.75 4 651 193 113 75 87 159 109 32
2 5 1 1 100 0.75 4 652 196 114 70 88 160 110 33
2 5 1 1 100 0.75 4 653 199 114 69 89 162 112 32
2 5 1 1 100 0.75 4 654 201 113 62 89 165 115 29
2 5 1 1 100 0.75 4 655 203 115 66 92 165 115 32
2 5 1 1 100 0.75 4 656 206 116 72 93 166 116 34
2 5 1 1 100 0.75 4 657 209 115 68 93 169 119 33
2 5 1 1 100 0.75 4 658 211 117 64 96 168 119 33
2 5 1 1 100 0.75 4 659 212 115 64 94 172 123 30
2 5 1 1 100 0.75 4 660 213 114 67 92 175 126 31
2 5 1 1 100 0.75 4 661 217 115 68 92 176 127 32
2 5 1 1 100 0.75 4 662 219 114 68 93 179 130 31
2 5 1 1 100 0.75 4 663 223 116 68 95 179 130 32
2 5 1 1 100 0.75 4 664 227 117 67 98 180 131 33
2 5 1 1 100 0.75 4 665 227 118 69 101 181 132 34
2 5 1 1 100 0.75 4 666 229 116 66 97 185 136 31
2 5 1 1 100 0.75 4 667 230 115 71 96 188 139 29
2 5 1 1 100 0.75 4 668 231 115 67 95 190 141 27
2 5 1 1 100 0.75 4 669 232 117 71 97 190 141 30
2 5 1 1 100 0.75 4 670 235 118 69 97 190 142 32
2 5 1 1 100 0.75 4 671 236 117 77 97 193 145 35
2 5 1 1 100 0.75 4 672 240 119 67 98 193 145 35
2 5 1 1 100 0.75 4 673 240 119 69 101 195 147 34
2 5 1 1 100 0.75 4 674 241 120 66 100 196 148 33
2 5 1 1 100 0.75 4 675 245 117 68 96 201 153 29
2 5 1 1 100 0.75 4 676 247 117 61 98 203 155 29
2 5 1 1 100 0.75 4 677 248 117 67 99 205 157 28
2 5 1 1 100 0.75 4 678 248 118 63 99 205 158 29
2 5 1 1 100 0.75 4 679 248 118 67 98 207 160 29
2 5 1 1 100 0.75 4 680 251 117 64 95 210 163 28
2 5 1 1 100 0.75 4 681 253 117 66 97 212 165 27
2 5 1 1 100 0.75 4 682 257 118 59 99 212 166 27
2 5 1 1 100 0.75 4 683 258 120 73 103 212 166 30
2 5 1 1 100 0.75 4 684 261 122 58 104 212 166 30
2 5 1 1 100 0.75 4 685 261 122 71 105 214 168 30
2 5 1 1 100 0.75 4 686 264 120 55 102 218 172 26
2 5 1 1 100 0.75 4 687 264 118 64 101 222 176 25
2 5 1 1 100 0.75 4 688 266 119 58 100 223 177 27
2 5 1 1 100 0.75 4 689 269 119 62 100 225 179 28
2 5 1 1 100 0.75 4 690 270 121 68 104 225 179 28
2 5 1 1 100 0.75 4 690 270 121 121 104 253 179 28
2 5 1 1 100 0.75 4 720 270 121 121 104 53 179 28
2 5 1 1 100 0.75 5 721 0 2 2 0 53 0 0
2 5 1 1 100 0.75 5 722 0 4 4 0 53 0 0
2 5 1 1 100 0.75 5 723 0 6 6 0 53 0 0
2 5 1 1 100 0.75 5 724 0 8 8 0 53 0 0
2 5 1 1 100 0.75 5 725 0 10 10 0 53 0 0
2 5 1 1 100 0.75 5 726 0 12 12 0 53 0 0
2 5 1 1 100 0.75 5 727 0 14 14 0 53 0 0
2 5 1 1 100 0.75 5 728 1 16 15 0 53 0 0
2 5 1 1 100 0.75 5 729 1 18 17 1 53 0 0
2 5 1 1 100 0.75 5 730 1 20 19 1 53 0 0
2 5 1 1 100 0.75 5 731 2 22 18 1 53 0 0
2 5 1 1 100 0.75 5 732 2 24 20 2 53 0 0
2 5 1 1 100 0.75 5 733 3 26 23 2 53 0 0
2 5 1 1 100 0.75 5 734 4 28 24 3 53 0 0
2 5 1 1 100 0.75 5 735 4 30 26 4 53 0 1
2 5 1 1 100 0.75 5 736 5 32 27 4 53 0 1
2 5 1 1 100 0.75 5 737 8 34 26 5 53 0 1
2 5 1 1 100 0.75 5 738 10 36 28 8 53 0 2
2 5 1 1 100 0.75 5 739 11 38 27 10 53 0 2
2 5 1 1 100 0.75 5 740 13 40 27 11 53 0 2
2 5 1 1 100 0.75 5 741 16 42 28 13 53 0 3
2 5 1 1 100 0.75 5 742 18 44 30 16 53 0 4
2 5 1 1 100 0.75 5 743 19 46 31 18 53 0 5
2 5 1 1 100 0.75 5 744 20 48 34 19 53 0 7
2 5 1 1 100 0.75 5 745 20 50 34 20 53 0 9
2 5 1 1 100 0.75 5 746 22 52 36 20 53 0 10
2 5 1 1 100 0.75 5 747 23 54 42 22 53 0 10
2 5 1 1 100 0.75 5 748 23 56 46 23 53 0 13
2 5 1 1 100 0.75 5 749 23 58 51 23 53 0 14
2 5 1 1 100 0.75 5 750 24 59 51 22 54 1 15
2 5 1 1 100 0.75 5 751 24 61 50 23 54 1 15
2 5 1 1 100 0.75 5 752 26 63 53 23 54 1 16
2 5 1 1 100 0.75 5 753 31 65 47 25 54 1 17
2 5 1 1 100 0.75 5 754 32 67 54 30 54 1 19
2 5 1 1 100 0.75 5 755 33 69 52 31 54 1 19
2 5 1 1 100 0.75 5 756 35 71 55 32 54 1 19
2 5 1 1 100 0.75 5 757 37 73 54 34 54 1 19
2 5 1 1 100 0.75 5 758 38 73 55 34 56 3 18
2 5 1 1 100 0.75 5 759 43 74 52 34 57 4 17
2 5 1 1 100 0.75 5 760 43 75 57 38 58 5 18
2 5 1 1 100 0.75 5 761 45 75 59 36 60 7 18
2 5 1 1 100 0.75 5 762 45 75 55 36 62 9 18
2 5 1 1 100 0.75 5 763 47 77 57 36 62 9 19
2 5 1 1 100 0.75 5 764 47 77 59 36 64 11 18
2 5 1 1 100 0.75 5 765 49 78 60 35 65 12 18
2 5 1 1 100 0.75 5 766 53 79 63 36 66 13 21
2 5 1 1 100 0.75 5 767 57 79 57 38 68 15 19
2 5 1 1 100 0.75 5 768 58 80 60 41 69 16 18
2 5 1 1 100 0.75 5 769 59 82 62 42 69 16 18
2 5 1 1 100 0.75 5 770 63 83 61 42 70 17 19
2 5 1 1 100 0.75 5 771 64 84 59 45 71 18 18
2 5 1 1 100 0.75 5 772 67 86 61 46 71 18 18
2 5 1 1 100 0.75 5 773 67 87 61 48 72 19 19
2 5 1 1 100 0.75 5 774 69 87 66 46 74 21 20
2 5 1 1 100 0.75 5 775 73 89 62 48 74 21 22
2 5 1 1 100 0.75 5 776 76 91 67 52 74 21 23
2 5 1 1 100 0.75 5 777 79 93 69 55 74 21 26
2 5 1 1 100 0.75 5 778 81 92 65 55 77 24 25
2 5 1 1 100 0.75 5 779 81 91 68 54 80 27 23
2 5 1 1 100 0.75 5 780 84 93 67 54 80 27 25
2 5 1 1 100 0.75 5 781 85 94 71 56 81 28 25
2 5 1 1 100 0.75 5 782 86 95 71 56 82 29 26
2 5 1 1 100 0.75 5 783 87 96 73 56 83 30 27
2 5 1 1 100 0.75 5 784 90 97 70 56 84 31 28
2 5 1 1 100 0.75 5 785 95 97 72 57 85 33 28
2 5 1 1 100 0.75 5 786 96 98 65 61 86 34 28
2 5 1 1 100 0.75 5 787 97 100 74 62 86 34 28
2 5 1 1 100 0.75 5 788 98 100 72 61 88 36 29
2 5 1 1 100 0.75 5 789 101 101 71 61 89 37 29
2 5 1 1 100 0.75 5 790 104 102 69 63 90 38 30
2 5 1 1 100 0.75 5 791 106 103 70 65 91 39 31
2 5 1 1 100 0.75 5 792 112 100 65 62 96 44 30
2 5 1 1 100 0.75 5 793 113 99 68 65 99 47 29
2 5 1 1 100 0.75 5 794 116 101 65 66 99 47 29
2 5 1 1 100 0.75 5 795 117 102 70 68 100 48 30
2 5 1 1 100 0.75 5 796 120 103 68 68 101 49 31
2 5 1 1 100 0.75 5 797 120 103 72 69 103 51 31
2 5 1 1 100 0.75 5 798 122 102 70 66 106 54 30
2 5 1 1 100 0.75 5 799 122 102 69 66 108 56 31
2 5 1 1 100 0.75 5 800 126 104 77 66 108 56 34
2 5 1 1 100 0.75 5 801 130 105 71 69 109 57 34
2 5 1 1 100 0.75 5 802 131 103 71 69 113 61 32
2 5 1 1 100 0.75 5 803 133 104 71 69 114 62 32
2 5 1 1 100 0.75 5 804 137 106 69 71 114 62 33
2 5 1 1 100 0.75 5 805 137 107 73 74 115 63 33
2 5 1 1 100 0.75 5 806 139 109 72 74 115 63 33
2 5 1 1 100 0.75 5 807 142 108 71 73 118 66 32
2 5 1 1 100 0.75 5 808 144 108 73 75 120 68 32
2 5 1 1 100 0.75 5 809 145 109 73 76 120 69 33
2 5 1 1 100 0.75 5 810 151 107 69 73 124 73 29
2 5 1 1 100 0.75 5 811 153 108 64 78 125 74 29
2 5 1 1 100 0.75 5 812 158 108 67 78 127 76 29
2 5 1 1 100 0.75 5 813 159 108 61 81 129 78 28
2 5 1 1 100 0.75 5 814 161 109 70 81 130 79 30
2 5 1 1 100 0.75 5 815 163 109 66 81 131 81 30
2 5 1 1 100 0.75 5 816 165 107 63 79 135 85 26
2 5 1 1 100 0.75 5 817 167 108 65 80 136 86 28
2 5 1 1 100 0.75 5 818 169 107 70 79 139 89 31
2 5 1 1 100 0.75 5 819 171 107 70 79 140 91 31
2 5 1 1 100 0.75 5 820 172 107 70 79 142 93 30
2 5 1 1 100 0.75 5 821 174 108 73 79 143 94 31
2 5 1 1 100 0.75 5 822 178 108 70 79 145 96 30
2 5 1 1 100 0.75 5 823 181 110 63 83 145 96 33
2 5 1 1 100 0.75 5 824 182 110 70 84 147 98 33
2 5 1 1 100 0.75 5 825 185 110 64 83 149 100 33
2 5 1 1 100 0.75 5 826 188 111 65 86 150 101 34
2 5 1 1 100 0.75 5 827 191 113 67 90 150 101 35
2 5 1 1 100 0.75 5 828 193 113 65 91 152 103 35
2 5 1 1 100 0.75 5 829 194 113 68 92 154 105 35
2 5 1 1 100 0.75 5 830 197 114 66 92 155 106 37
2 5 1 1 100 0.75 5 831 197 113 65 93 158 109 37
2 5 1 1 100 0.75 5 832 197 115 68 93 158 109 39
2 5 1 1 100 0.75 5 833 200 115 72 91 159 111 40
2 5 1 1 100 0.75 5 834 202 115 71 92 161 113 40
2 5 1 1 100 0.75 5 835 204 113 67 90 165 117 38
2 5 1 1 100 0.75 5 836 208 111 65 89 169 121 35
2 5 1 1 100 0.75 5 837 208 109 70 89 173 125 34
2 5 1 1 100 0.75 5 838 210 111 65 89 173 125 35
2 5 1 1 100 0.75 5 839 211 113 70 91 173 125 35
2 5 1 1 100 0.75 5 840 214 114 70 91 174 126 34
2 5 1 1 100 0.75 5 841 214 112 62 90 178 130 32
2 5 1 1 100 0.75 5 842 219 114 67 90 178 130 36
2 5 1 1 100 0.75 5 843 221 113 68 92 181 133 36
2 5 1 1 100 0.75 5 844 222 113 65 92 183 135 34
2 5 1 1 100 0.75 5 845 224 114 61 93 184 136 34
2 5 1 1 100 0.75 5 846 226 113 60 93 187 139 33
2 5 1 1 100 0.75 5 847 228 114 62 95 188 140 32
2 5 1 1 100 0.75 5 848 231 115 61 96 189 141 32
2 5 1 1 100 0.75 5 849 233 112 64 94 194 146 32
2 5 1 1 100 0.75 5 850 233 110 59 92 198 150 28
2 5 1 1 100 0.75 5 851 236 110 52 90 200 152 27
2 5 1 1 100 0.75 5 852 238 111 58 92 201 153 31
2 5 1 1 100 0.75 5 853 239 109 63 90 205 157 29
2 5 1 1 100 0.75 5 854 239 110 60 91 206 158 29
2 5 1 1 100 0.75 5 855 243 111 60 90 206 159 30
2 5 1 1 100 0.75 5 856 244 112 64 93 207 160 30
2 5 1 1 100 0.75 5 857 246 113 62 94 208 161 30
2 5 1 1 100 0.75 5 858 248 112 57 93 211 164 29
2 5 1 1 100 0.75 5 859 250 112 54 93 213 166 27
2 5 1 1 100 0.75 5 860 250 112 60 94 215 168 26
2 5 1 1 100 0.75 5 861 251 114 60 94 215 168 28
2 5 1 1 100 0.75 5 862 253 114 65 93 217 170 28
2 5 1 1 100 0.75 5 863 255 116 62 95 217 170 29
2 5 1 1 100 0.75 5 864 261 117 62 96 218 171 31
2 5 1 1 100 0.75 5 865 262 118 63 101 219 172 30
2 5 1 1 100 0.75 5 866 264 118 63 100 221 174 29
2 5 1 1 100 0.75 5 867 265 118 64 100 223 176 28
2 5 1 1 100 0.75 5 868 267 115 59 96 228 181 24
2 5 1 1 100 0.75 5 869 270 116 57 98 229 182 23
2 5 1 1 100 0.75 5 870 271 116 62 99 231 184 23
2 5 1 1 100 0.75 5 870 271 116 116 99 254 184 23
2 5 1 1 100 0.75 5 900 271 116 116 99 54 184 23
2 5 1 1 100 0.75 6 901 0 2 2 0 54 0 0
2 5 1 1 100 0.75 6 902 0 4 4 0 54 0 0
2 5 1 1 100 0.75 6 903 0 6 6 0 54 0 0
2 5 1 1 100 0.75 6 904 0 8 8 0 54 0 0
2 5 1 1 100 0.75 6 905 0 10 10 0 54 0 0
2 5 1 1 100 0.75 6 906 0 12 12 0 54 0 0
2 5 1 1 100 0.75 6 907 0 14 14 0 54 0 0
2 5 1 1 100 0.75 6 908 0 16 16 0 54 0 0
2 5 1 1 100 0.75 6 909 1 18 17 0 54 0 0
2 5 1 1 100 0.75 6 910 2 20 17 1 54 0 0
2 5 1 1 100 0.75 6 911 3 22 19 2 54 0 0
2 5 1 1 100 0.75 6 912 3 24 21 3 54 0 0
2 5 1 1 100 0.75 6 913 4 26 21 3 54 0 0
2 5 1 1 100 0.75 6 914 7 28 21 4 54 0 0
2 5 1 1 100 0.75 6 915 8 30 21 7 54 0 0
2 5 1 1 100 0.75 6 916 9 32 23 8 54 0 0
2 5 1 1 100 0.75 6 917 13 34 23 9 54 0 1
2 5 1 1 100 0.75 6 918 14 36 25 13 54 0 1
2 5 1 1 100 0.75 6 919 16 38 25 14 54 0 1
2 5 1 1 100 0.75 6 920 18 40 26 16 54 0 1
2 5 1 1 100 0.75 6 921 20 42 27 18 54 0 3
2 5 1 1 100 0.75 6 922 20 44 31 20 54 0 5
2 5 1 1 100 0.75 6 923 20 46 31 20 54 0 5
2 5 1 1 100 0.75 6 924 22 48 35 20 54 0 9
2 5 1 1 100 0.75 6 925 24 50 37 22 54 0 9
2 5 1 1 100 0.75 6 926 26 52 38 24 54 0 9
2 5 1 1 100 0.75 6 927 27 54 40 26 54 0 10
2 5 1 1 100 0.75 6 928 29 56 41 27 54 0 12
2 5 1 1 100 0.75 6 929 31 58 43 29 54 0 13
2 5 1 1 100 0.75 6 930 31 60 47 31 54 0 13
2 5 1 1 100 0.75 6 931 32 62 47 31 54 0 14
2 5 1 1 100 0.75 6 932 33 64 52 32 54 0 16
2 5 1 1 100 0.75 6 933 35 66 50 33 54 0 16
2 5 1 1 100 0.75 6 934 36 68 53 35 54 0 18
2 5 1 1 100 0.75 6 935 37 69 53 35 55 1 18
2 5 1 1 100 0.75 6 936 38 71 57 36 55 1 19
2 5 1 1 100 0.75 6 937 39 73 56 37 55 1 21
2 5 1 1 100 0.75 6 938 39 74 60 37 56 2 21
2 5 1 1 100 0.75 6 939 40 73 57 34 59 5 18
2 5 1 1 100 0.75 6 940 42 74 58 34 60 6 17
2 5 1 1 100 0.75 6 941 42 75 60 35 61 7 17
2 5 1 1 100 0.75 6 942 45 76 59 34 61 8 16
2 5 1 1 100 0.75 6 943 49 76 57 35 63 10 14
2 5 1 1 100 0.75 6 944 51 78 58 39 63 10 14
2 5 1 1 100 0.75 6 945 53 77 55 38 66 13 12
2 5 1 1 100 0.75 6 946 53 79 56 40 66 13 13
2 5 1 1 100 0.75 6 947 56 80 59 39 67 14 13
2 5 1 1 100 0.75 6 948 60 82 54 42 67 14 13
2 5 1 1 100 0.75 6 949 62 82 57 44 69 16 11
2 5 1 1 100 0.75 6 950 64 82 57 44 71 18 12
2 5 1 1 100 0.75 6 951 66 83 54 45 72 19 12
2 5 1 1 100 0.75 6 952 69 85 56 48 72 19 14
2 5 1 1 100 0.75 6 953 70 87 60 51 72 19 14
2 5 1 1 100 0.75 6 954 73 87 57 50 74 21 14
2 5 1 1 100 0.75 6 955 75 87 59 51 76 23 15
2 5 1 1 100 0.75 6 956 77 89 60 53 76 23 16
2 5 1 1 100 0.75 6 957 78 91 63 55 76 23 20
2 5 1 1 100 0.75 6 958 81 93 64 56 76 23 20
2 5 1 1 100 0.75 6 959 82 95 69 59 76 23 24
2 5 1 1 100 0.75 6 960 83 96 68 59 77 24 24
2 5 1 1 100 0.75 6 961 83 98 75 60 77 24 26
2 5 1 1 100 0.75 6 962 85 99 73 59 78 25 25
2 5 1 1 100 0.75 6 963 88 100 73 60 79 26 25
2 5 1 1 100 0.75 6 964 88 101 72 62 79 27 26
2 5 1 1 100 0.75 6 965 90 102 77 61 79 28 26
2 5 1 1 100 0.75 6 966 92 104 76 63 79 28 28
2 5 1 1 100 0.75 6 967 94 102 73 61 83 32 25
2 5 1 1 100 0.75 6 968 94 103 70 62 84 33 24
2 5 1 1 100 0.75 6 969 97 105 79 62 84 33 25
2 5 1 1 100 0.75 6 970 97 105 76 63 86 35 24
2 5 1 1 100 0.75 6 971 98 106 80 62 87 36 24
2 5 1 1 100 0.75 6 972 104 108 74 63 87 36 24
2 5 1 1 100 0.75 6 973 106 108 76 67 89 38 24
2 5 1 1 100 0.75 6 974 108 106 66 65 93 42 21
2 5 1 1 100 0.75 6 975 110 107 72 66 94 43 22
2 5 1 1 100 0.75 6 976 112 106 68 65 97 46 19
2 5 1 1 100 0.75 6 977 113 107 70 66 98 47 20
2 5 1 1 100 0.75 6 978 113 108 69 66 99 48 19
2 5 1 1 100 0.75 6 979 117 109 72 65 100 49 21
2 5 1 1 100 0.75 6 980 119 110 70 68 101 50 23
2 5 1 1 100 0.75 6 981 122 111 72 69 102 51 24
2 5 1 1 100 0.75 6 982 125 110 67 69 105 54 21
2 5 1 1 100 0.75 6 983 126 112 74 72 105 54 22
2 5 1 1 100 0.75 6 984 129 112 65 71 107 56 20
2 5 1 1 100 0.75 6 985 131 112 74 72 108 58 19
2 5 1 1 100 0.75 6 986 133 114 73 74 108 58 22
2 5 1 1 100 0.75 6 987 134 116 77 76 108 58 24
2 5 1 1 100 0.75 6 988 135 117 77 76 109 59 24
2 5 1 1 100 0.75 6 989 137 117 76 75 111 61 24
2 5 1 1 100 0.75 6 990 144 117 73 75 113 63 24
2 5 1 1 100 0.75 6 991 148 119 72 82 113 63 26
2 5 1 1 100 0.75 6 992 150 120 76 85 114 64 27
2 5 1 1 100 0.75 6 993 152 122 77 87 114 64 28
2 5 1 1 100 0.75 6 994 154 123 74 88 115 65 28
2 5 1 1 100 0.75 6 995 158 123 76 88 117 67 27
2 5 1 1 100 0.75 6 996 158 124 74 92 118 68 27
2 5 1 1 100 0.75 6 997 161 122 73 88 122 72 26
2 5 1 1 100 0.75 6 998 164 123 77 90 123 73 32
2 5 1 1 100 0.75 6 999 164 123 75 91 125 75 32
2 5 1 1 100 0.75 6 1000 164 124 77 92 126 76 31
2 5 1 1 100 0.75 6 1001 167 126 79 92 126 76 34
2 5 1 1 100 0.75 6 1002 170 126 80 93 128 78 35
2 5 1 1 100 0.75 6 1003 174 128 81 96 128 78 36
2 5 1 1 100 0.75 6 1004 177 126 74 96 132 82 33
2 5 1 1 100 0.75 6 1005 178 127 81 98 133 83 34
2 5 1 1 100 0.75 6 1006 182 129 78 99 133 83 37
2 5 1 1 100 0.75 6 1007 182 130 80 102 134 84 38
2 5 1 1 100 0.75 6 1008 184 128 77 98 138 88 34
2 5 1 1 100 0.75 6 1009 186 129 78 100 139 89 36
2 5 1 1 100 0.75 6 1010 190 128 74 99 142 92 37
2 5 1 1 100 0.75 6 1011 191 129 77 102 142 93 37
2 5 1 1 100 0.75 6 1012 193 130 82 102 143 94 39
2 5 1 1 100 0.75 6 1013 196 131 81 103 144 95 39
2 5 1 1 100 0.75 6 1014 198 128 78 101 148 100 37
2 5 1 1 100 0.75 6 1015 200 128 76 101 150 102 37
2 5 1 1 100 0.75 6 1016 203 127 78 100 153 105 36
2 5 1 1 100 0.75 6 1017 205 127 76 102 155 107 36
2 5 1 1 100 0.75 6 1018 209 128 75 103 156 108 36
2 5 1 1 100 0.75 6 1019 209 126 75 103 160 112 34
2 5 1 1 100 0.75 6 1020 210 128 75 103 160 112 35
2 5 1 1 100 0.75 6 1021 213 129 81 103 161 113 36
2 5 1 1 100 0.75 6 1022 215 128 73 103 164 116 34
2 5 1 1 100 0.75 6 1023 218 130 76 106 164 116 35
2 5 1 1 100 0.75 6 1024 219 126 70 103 170 122 30
2 5 1 1 100 0.75 6 1025 219 125 73 102 173 125 27
2 5 1 1 100 0.75 6 1026 222 127 68 102 173 125 30
2 5 1 1 100 0.75 6 1027 225 126 68 102 176 128 27
2 5 1 1 100 0.75 6 1028 227 126 64 104 178 130 27
2 5 1 1 100 0.75 6 1029 229 126 72 105 180 132 28
2 5 1 1 100 0.75 6 1030 231 128 71 107 180 132 30
2 5 1 1 100 0.75 6 1031 232 127 73 107 183 135 29
2 5 1 1 100 0.75 6 1032 233 128 65 107 184 136 29
2 5 1 1 100 0.75 6 1033 235 129 70 107 185 137 29
2 5 1 1 100 0.75 6 1034 238 127 67 106 189 141 26
2 5 1 1 100 0.75 6 1035 240 129 72 109 189 141 30
2 5 1 1 100 0.75 6 1036 243 126 63 107 194 146 27
2 5 1 1 100 0.75 6 1037 244 125 68 107 197 149 25
2 5 1 1 100 0.75 6 1038 245 127 66 108 197 149 27
2 5 1 1 100 0.75 6 1039 249 129 66 109 197 149 27
2 5 1 1 100 0.75 6 1040 252 131 70 114 197 149 30
2 5 1 1 100 0.75 6 1041 255 132 69 116 198 150 30
2 5 1 1 100 0.75 6 1042 255 132 68 117 200 152 29
2 5 1 1 100 0.75 6 1043 258 132 67 115 202 154 30
2 5 1 1 100 0.75 6 1044 259 133 65 117 203 155 30
2 5 1 1 100 0.75 6 1045 260 135 75 118 203 155 32
2 5 1 1 100 0.75 6 1046 263 132 63 114 208 160 30
2 5 1 1 100 0.75 6 1047 264 133 66 118 209 161 31
2 5 1 1 100 0.75 6 1048 266 133 67 117 211 163 34
2 5 1 1 100 0.75 6 1049 268 134 69 118 212 164 33
2 5 1 1 100 0.75 6 1050 268 134 67 118 214 166 31
2 5 1 1 100 0.75 6 1050 268 134 134 118 243 166 31
2 5 1 1 100 0.75 6 1080 268 134 134 118 52 166 31
2 5 1 1 100 0.75 7 1081 0 2 2 0 52 0 0
2 5 1 1 100 0.75 7 1082 0 4 4 0 52 0 0
2 5 1 1 100 0.75 7 1083 0 6 6 0 52 0 0
2 5 1 1 100 0.75 7 1084 0 8 8 0 52 0 0
2 5 1 1 100 0.75 7 1085 0 10 10 0 52 0 0
2 5 1 1 100 0.75 7 1086 0 12 12 0 52 0 0
2 5 1 1 100 0.75 7 1087 0 14 14 0 52 0 0
2 5 1 1 100 0.75 7 1088 0 16 16 0 52 0 0
2 5 1 1 100 0.75 7 1089 2 18 16 0 52 0 0
2 5 1 1 100 0.75 7 1090 2 20 18 2 52 0 0
2 5 1 1 100 0.75 7 1091 2 22 20 2 52 0 0
2 5 1 1 100 0.75 7 1092 2 24 21 2 52 0 0
2 5 1 1 100 0.75 7 1093 3 26 23 2 52 0 0
2 5 1 1 100 0.75 7 1094 6 28 22 3 52 0 0
2 5 1 1 100 0.75 7 1095 6 30 23 6 52 0 0
2 5 1 1 100 0.75 7 1096 6 32 27 6 52 0 1
2 5 1 1 100 0.75 7 1097 9 34 26 6 52 0 1
2 5 1 1 100 0.75 7 1098 9 36 29 9 52 0 1
2 5 1 1 100 0.75 7 1099 10 38 28 9 52 0 1
2 5 1 1 100 0.75 7 1100 11 40 31 10 52 0 1
2 5 1 1 100 0.75 7 1101 12 42 35 11 52 0 4
2 5 1 1 100 0.75 7 1102 12 44 37 12 52 0 4
2 5 1 1 100 0.75 7 1103 15 46 36 12 52 0 4
2 5 1 1 100 0.75 7 1104 19 48 36 15 52 0 5
2 5 1 1 100 0.75 7 1105 21 50 35 19 52 0 7
2 5 1 1 100 0.75 7 1106 23 52 37 21 52 0 7
2 5 1 1 100 0.75 7 1107 24 54 40 23 52 0 8
2 5 1 1 100 0.75 7 1108 25 56 41 24 52 0 9
2 5 1 1 100 0.75 7 1109 29 58 37 25 52 0 10
2 5 1 1 100 0.75 7 1110 29 60 43 29 52 0 11
2 5 1 1 100 0.75 7 1111 32 62 48 29 52 0 15
2 5 1 1 100 0.75 7 1112 32 64 50 32 52 0 16
2 5 1 1 100 0.75 7 1113 34 65 53 31 53 1 17
2 5 1 1 100 0.75 7 1114 36 67 53 33 53 1 18
2 5 1 1 100 0.75 7 1115 37 69 55 35 53 1 19
2 5 1 1 100 0.75 7 1116 38 71 53 36 53 1 19
2 5 1 1 100 0.75 7 1117 41 71 58 35 55 3 20
2 5 1 1 100 0.75 7 1118 43 73 57 38 55 3 20
2 5 1 1 100 0.75 7 1119 46 75 59 40 54 3 22
2 5 1 1 100 0.75 7 1120 47 74 55 40 57 6 19
2 5 1 1 100 0.75 7 1121 48 76 59 41 57 6 20
2 5 1 1 100 0.75 7 1122 50 77 59 41 58 7 20
2 5 1 1 100 0.75 7 1123 50 79 63 43 58 7 20
2 5 1 1 100 0.75 7 1124 53 79 56 41 60 9 19
2 5 1 1 100 0.75 7 1125 54 81 67 44 60 9 22
2 5 1 1 100 0.75 7 1126 55 81 66 43 62 11 21
2 5 1 1 100 0.75 7 1127 57 82 67 43 63 12 21
2 5 1 1 100 0.75 7 1128 59 82 65 43 65 14 19
2 5 1 1 100 0.75 7 1129 61 82 67 43 67 16 18
2 5 1 1 100 0.75 7 1130 64 83 66 44 68 17 18
2 5 1 1 100 0.75 7 1131 65 84 66 46 69 18 19
2 5 1 1 100 0.75 7 1132 68 85 64 46 70 19 19
2 5 1 1 100 0.75 7 1133 69 85 66 47 71 21 17
2 5 1 1 100 0.75 7 1134 70 85 65 46 73 23 16
2 5 1 1 100 0.75 7 1135 73 87 64 47 73 23 19
2 5 1 1 100 0.75 7 1136 75 89 69 50 73 23 20
2 5 1 1 100 0.75 7 1137 79 89 68 50 75 25 19
2 5 1 1 100 0.75 7 1138 81 91 69 54 75 25 20
2 5 1 1 100 0.75 7 1139 84 92 67 55 76 26 20
2 5 1 1 100 0.75 7 1140 84 90 68 54 80 30 18
2 5 1 1 100 0.75 7 1141 85 92 68 54 80 30 18
2 5 1 1 100 0.75 7 1142 89 93 69 54 80 31 19
2 5 1 1 100 0.75 7 1143 91 95 70 58 80 31 20
2 5 1 1 100 0.75 7 1144 93 96 70 59 81 32 21
2 5 1 1 100 0.75 7 1145 95 97 72 60 82 33 23
2 5 1 1 100 0.75 7 1146 98 99 71 62 82 33 26
2 5 1 1 100 0.75 7 1147 100 100 69 64 83 34 26
2 5 1 1 100 0.75 7 1148 101 102 72 66 83 34 26
2 5 1 1 100 0.75 7 1149 102 101 76 64 86 37 27
2 5 1 1 100 0.75 7 1150 103 102 76 64 87 38 27
2 5 1 1 100 0.75 7 1151 105 103 79 64 88 39 28
2 5 1 1 100 0.75 7 1152 108 103 79 64 89 41 27
2 5 1 1 100 0.75 7 1153 109 103 81 65 91 43 27
2 5 1 1 100 0.75 7 1154 113 105 78 66 91 43 29
2 5 1 1 100 0.75 7 1155 113 106 78 69 92 44 29
2 5 1 1 100 0.75 7 1156 116 108 82 69 92 44 29
2 5 1 1 100 0.75 7 1157 119 108 75 70 94 46 27
2 5 1 1 100 0.75 7 1158 122 107 77 70 97 49 26
2 5 1 1 100 0.75 7 1159 125 108 72 72 98 50 27
2 5 1 1 100 0.75 7 1160 127 108 77 73 100 52 28
2 5 1 1 100 0.75 7 1161 128 109 74 74 101 53 28
2 5 1 1 100 0.75 7 1162 130 110 78 74 102 54 28
2 5 1 1 100 0.75 7 1163 133 111 75 75 103 55 27
2 5 1 1 100 0.75 7 1164 136 110 76 75 106 58 25
2 5 1 1 100 0.75 7 1165 139 110 75 76 108 60 26
2 5 1 1 100 0.75 7 1166 140 109 76 76 111 63 25
2 5 1 1 100 0.75 7 1167 142 108 74 74 114 66 24
2 5 1 1 100 0.75 7 1168 146 109 72 76 115 67 25
2 5 1 1 100 0.75 7 1169 148 111 73 80 115 67 27
2 5 1 1 100 0.75 7 1170 149 112 75 81 116 68 27
2 5 1 1 100 0.75 7 1171 151 113 79 81 116 69 29
2 5 1 1 100 0.75 7 1172 151 112 77 80 119 72 28
2 5 1 1 100 0.75 7 1173 153 113 79 80 120 73 28
2 5 1 1 100 0.75 7 1174 158 115 77 82 120 73 28
2 5 1 1 100 0.75 7 1175 161 115 77 85 122 75 28
2 5 1 1 100 0.75 7 1176 162 116 76 87 123 76 28
2 5 1 1 100 0.75 7 1177 163 116 77 86 125 78 28
2 5 1 1 100 0.75 7 1178 166 117 82 86 126 79 28
2 5 1 1 100 0.75 7 1179 171 119 75 89 126 79 31
2 5 1 1 100 0.75 7 1180 172 118 75 91 129 82 28
2 5 1 1 100 0.75 7 1181 176 118 77 90 131 84 31
2 5 1 1 100 0.75 7 1182 177 120 76 94 131 84 33
2 5 1 1 100 0.75 7 1183 180 122 81 95 131 84 35
2 5 1 1 100 0.75 7 1184 183 119 78 93 136 89 30
2 5 1 1 100 0.75 7 1185 184 119 76 94 138 91 29
2 5 1 1 100 0.75 7 1186 185 118 78 92 141 94 29
2 5 1 1 100 0.75 7 1187 188 119 78 92 142 95 29
2 5 1 1 100 0.75 7 1188 190 120 78 94 143 96 31
2 5 1 1 100 0.75 7 1189 195 119 73 93 146 99 29
2 5 1 1 100 0.75 7 1190 196 119 75 96 148 101 29
2 5 1 1 100 0.75 7 1191 197 120 77 96 149 102 30
2 5 1 1 100 0.75 7 1192 197 121 81 96 150 103 31
2 5 1 1 100 0.75 7 1193 199 122 76 95 151 104 32
2 5 1 1 100 0.75 7 1194 201 124 84 97 151 104 35
2 5 1 1 100 0.75 7 1195 204 124 77 97 152 106 34
2 5 1 1 100 0.75 7 1196 207 126 80 101 152 106 38
2 5 1 1 100 0.75 7 1197 211 123 69 99 157 111 35
2 5 1 1 100 0.75 7 1198 212 124 78 102 158 112 35
2 5 1 1 100 0.75 7 1199 213 122 71 99 162 116 31
2 5 1 1 100 0.75 7 1200 214 123 78 100 163 117 32
2 5 1 1 100 0.75 7 1201 215 123 75 99 164 119 30
2 5 1 1 100 0.75 7 1202 216 125 81 100 164 119 34
2 5 1 1 100 0.75 7 1203 220 127 84 101 164 119 36
2 5 1 1 100 0.75 7 1204 223 125 78 102 168 123 34
2 5 1 1 100 0.75 7 1205 223 124 79 102 171 126 32
2 5 1 1 100 0.75 7 1206 225 124 77 100 173 128 32
2 5 1 1 100 0.75 7 1207 226 124 77 101 175 130 31
2 5 1 1 100 0.75 7 1208 227 125 77 103 176 131 31
2 5 1 1 100 0.75 7 1209 230 125 72 102 178 133 29
2 5 1 1 100 0.75 7 1210 231 125 73 103 180 135 30
2 5 1 1 100 0.75 7 1211 232 125 74 102 182 137 31
2 5 1 1 100 0.75 7 1212 233 125 79 102 184 139 31
2 5 1 1 100 0.75 7 1213 235 125 74 101 186 141 31
2 5 1 1 100 0.75 7 1214 236 125 79 101 186 143 30
2 5 1 1 100 0.75 7 1215 238 127 79 102 186 143 33
2 5 1 1 100 0.75 7 1216 240 126 79 101 189 146 32
2 5 1 1 100 0.75 7 1217 242 127 80 102 190 147 32
2 5 1 1 100 0.75 7 1218 243 127 80 102 192 149 31
2 5 1 1 100 0.75 7 1219 245 126 76 101 194 152 30
2 5 1 1 100 0.75 7 1220 249 125 68 100 197 155 28
2 5 1 1 100 0.75 7 1221 251 125 73 102 199 157 27
2 5 1 1 100 0.75 7 1222 253 125 79 102 201 159 27
2 5 1 1 100 0.75 7 1223 254 127 75 104 200 159 27
2 5 1 1 100 0.75 7 1224 258 127 68 103 202 161 26
2 5 1 1 100 0.75 7 1225 260 128 79 106 203 162 26
2 5 1 1 100 0.75 7 1226 261 129 79 108 204 163 27
2 5 1 1 100 0.75 7 1227 261 129 75 107 206 165 26
2 5 1 1 100 0.75 7 1228 263 129 81 105 208 167 29
2 5 1 1 100 0.75 7 1229 267 128 72 106 210 170 26
2 5 1 1 100 0.75 7 1230 267 127 73 107 213 173 25
2 5 1 1 100 0.75 7 1230 267 127 127 107 238 173 25
2 5 1 1 100 0.75 7 1260 267 127 127 107 53 173 25
2 5 1 1 100 0.75 8 1261 0 2 2 0 53 0 0
2 5 1 1 100 0.75 8 1262 0 4 4 0 53 0 0
2 5 1 1 100 0.75 8 1263 0 6 6 0 53 0 0
2 5 1 1 100 0.75 8 1264 0 8 8 0 53 0 0
2 5 1 1 100 0.75 8 1265 0 10 10 0 53 0 0
2 5 1 1 100 0.75 8 1266 0 12 12 0 53 0 0
2 5 1 1 100 0.75 8 1267 0 14 14 0 53 0 0
2 5 1 1 100 0.75 8 1268 0 16 16 0 53 0 0
2 5 1 1 100 0.75 8 1269 0 18 18 0 53 0 0
2 5 1 1 100 0.75 8 1270 0 20 20 0 53 0 0
2 5 1 1 100 0.75 8 1271 3 22 19 0 53 0 0
2 5 1 1 100 0.75 8 1272 3 24 21 3 53 0 0
2 5 1 1 100 0.75 8 1273 4 26 22 3 53 0 0
2 5 1 1 100 0.75 8 1274 5 28 23 4 53 0 0
2 5 1 1 100 0.75 8 1275 5 30 24 5 53 0 0
2 5 1 1 100 0.75 8 1276 6 32 25 5 53 0 0
2 5 1 1 100 0.75 8 1277 8 34 24 6 53 0 0
2 5 1 1 100 0.75 8 1278 10 36 25 8 53 0 0
2 5 1 1 100 0.75 8 1279 14 38 24 10 53 0 3
2 5 1 1 100 0.75 8 1280 16 40 24 14 53 0 4
2 5 1 1 100 0.75 8 1281 16 42 30 16 53 0 5
2 5 1 1 100 0.75 8 1282 17 44 30 16 53 0 5
2 5 1 1 100 0.75 8 1283 18 46 33 17 53 0 5
2 5 1 1 100 0.75 8 1284 19 48 33 18 53 0 7
2 5 1 1 100 0.75 8 1285 20 50 39 19 53 0 9
2 5 1 1 100 0.75 8 1286 20 52 43 20 53 0 14
2 5 1 1 100 0.75 8 1287 21 54 48 20 53 0 15
2 5 1 1 100 0.75 8 1288 23 56 45 21 53 0 15
2 5 1 1 100 0.75 8 1289 24 58 50 23 53 0 15
2 5 1 1 100 0.75 8 1290 25 60 52 24 53 0 15
2 5 1 1 100 0.75 8 1291 25 62 55 25 53 0 16
2 5 1 1 100 0.75 8 1292 29 64 52 25 53 0 17
2 5 1 1 100 0.75 8 1293 32 66 53 29 53 0 17
2 5 1 1 100 0.75 8 1294 33 67 51 31 54 1 16
2 5 1 1 100 0.75 8 1295 35 69 55 32 54 1 18
2 5 1 1 100 0.75 8 1296 37 71 55 34 54 1 19
2 5 1 1 100 0.75 8 1297 38 71 54 34 56 3 18
2 5 1 1 100 0.75 8 1298 39 73 55 35 56 3 19
2 5 1 1 100 0.75 8 1299 40 72 56 33 59 6 16
2 5 1 1 100 0.75 8 1300 44 73 59 33 60 7 21
2 5 1 1 100 0.75 8 1301 49 74 53 36 60 8 20
2 5 1 1 100 0.75 8 1302 50 76 58 41 60 8 20
2 5 1 1 100 0.75 8 1303 53 77 59 41 61 9 23
2 5 1 1 100 0.75 8 1304 54 78 58 43 62 10 22
2 5 1 1 100 0.75 8 1305 55 77 56 41 65 13 21
2 5 1 1 100 0.75 8 1306 58 77 56 40 67 15 20
2 5 1 1 100 0.75 8 1307 60 79 58 43 67 15 21
2 5 1 1 100 0.75 8 1308 61 79 62 43 69 17 21
2 5 1 1 100 0.75 8 1309 63 81 66 44 69 17 24
2 5 1 1 100 0.75 8 1310 63 83 64 46 69 17 25
2 5 1 1 100 0.75 8 1311 65 85 66 46 69 17 27
2 5 1 1 100 0.75 8 1312 69 86 63 47 70 18 26
2 5 1 1 100 0.75 8 1313 73 87 66 50 71 19 28
2 5 1 1 100 0.75 8 1314 78 87 63 52 73 21 27
2 5 1 1 100 0.75 8 1315 81 89 61 57 72 21 27
2 5 1 1 100 0.75 8 1316 83 89 59 58 74 23 27
2 5 1 1 100 0.75 8 1317 84 88 61 57 77 26 24
2 5 1 1 100 0.75 8 1318 85 87 58 55 80 29 21
2 5 1 1 100 0.75 8 1319 89 89 60 56 80 29 22
2 5 1 1 100 0.75 8 1320 92 91 67 60 80 29 27
2 5 1 1 100 0.75 8 1321 92 91 68 61 82 31 27
2 5 1 1 100 0.75 8 1322 92 91 71 59 84 33 29
2 5 1 1 100 0.75 8 1323 94 91 68 57 85 35 28
2 5 1 1 100 0.75 8 1324 95 91 73 57 87 37 28
2 5 1 1 100 0.75 8 1325 99 93 67 58 87 37 28
2 5 1 1 100 0.75 8 1326 103 92 69 59 90 40 28
2 5 1 1 100 0.75 8 1327 103 94 74 63 90 40 30
2 5 1 1 100 0.75 8 1328 104 93 75 60 93 43 28
2 5 1 1 100 0.75 8 1329 107 95 72 61 93 43 28
2 5 1 1 100 0.75 8 1330 107 94 69 61 96 46 26
2 5 1 1 100 0.75 8 1331 109 95 68 60 97 47 26
2 5 1 1 100 0.75 8 1332 113 97 69 62 97 47 27
2 5 1 1 100 0.75 8 1333 117 99 72 66 97 47 30
2 5 1 1 100 0.75 8 1334 118 100 78 69 98 48 32
2 5 1 1 100 0.75 8 1335 120 100 76 68 100 50 30
2 5 1 1 100 0.75 8 1336 122 100 76 68 102 52 31
2 5 1 1 100 0.75 8 1337 125 101 67 69 103 53 31
2 5 1 1 100 0.75 8 1338 127 101 70 70 105 55 29
2 5 1 1 100 0.75 8 1339 130 100 70 69 107 58 32
2 5 1 1 100 0.75 8 1340 132 99 70 69 110 61 29
2 5 1 1 100 0.75 8 1341 135 99 69 69 112 63 30
2 5 1 1 100 0.75 8 1342 138 97 65 68 116 67 28
2 5 1 1 100 0.75 8 1343 140 99 65 71 116 67 28
2 5 1 1 100 0.75 8 1344 143 100 67 72 117 68 29
2 5 1 1 100 0.75 8 1345 148 100 65 73 119 70 30
2 5 1 1 100 0.75 8 1346 149 101 64 77 120 71 31
2 5 1 1 100 0.75 8 1347 152 102 65 77 121 72 31
2 5 1 1 100 0.75 8 1348 154 104 72 80 120 72 35
2 5 1 1 100 0.75 8 1349 155 104 68 80 122 74 34
2 5 1 1 100 0.75 8 1350 156 104 72 79 124 76 33
2 5 1 1 100 0.75 8 1351 160 104 67 79 126 78 34
2 5 1 1 100 0.75 8 1352 163 104 72 81 128 80 36
2 5 1 1 100 0.75 8 1353 165 104 65 82 130 82 35
2 5 1 1 100 0.75 8 1354 168 103 65 81 133 85 33
2 5 1 1 100 0.75 8 1355 171 103 64 82 135 87 34
2 5 1 1 100 0.75 8 1356 171 104 66 84 136 88 35
2 5 1 1 100 0.75 8 1357 171 105 69 83 137 89 35
2 5 1 1 100 0.75 8 1358 172 107 72 83 137 89 37
2 5 1 1 100 0.75 8 1359 175 107 69 82 139 91 35
2 5 1 1 100 0.75 8 1360 177 108 76 84 140 92 39
2 5 1 1 100 0.75 8 1361 179 107 72 83 142 95 37
2 5 1 1 100 0.75 8 1362 181 106 73 82 145 98 36
2 5 1 1 100 0.75 8 1363 183 106 70 82 147 100 34
2 5 1 1 100 0.75 8 1364 183 104 68 80 151 104 30
2 5 1 1 100 0.75 8 1365 185 105 67 79 152 105 30
2 5 1 1 100 0.75 8 1366 187 105 67 79 154 107 28
2 5 1 1 100 0.75 8 1367 190 105 68 79 156 109 29
2 5 1 1 100 0.75 8 1368 191 105 66 80 158 111 28
2 5 1 1 100 0.75 8 1369 194 104 64 78 161 114 26
2 5 1 1 100 0.75 8 1370 196 105 64 80 162 115 26
2 5 1 1 100 0.75 8 1371 199 102 59 77 167 120 22
2 5 1 1 100 0.75 8 1372 202 101 55 77 169 123 20
2 5 1 1 100 0.75 8 1373 204 102 52 79 170 124 20
2 5 1 1 100 0.75 8 1374 204 104 61 81 170 124 21
2 5 1 1 100 0.75 8 1375 207 104 57 79 172 126 22
2 5 1 1 100 0.75 8 1376 211 105 52 82 173 127 23
2 5 1 1 100 0.75 8 1377 213 106 60 85 174 128 25
2 5 1 1 100 0.75 8 1378 214 105 58 84 177 131 23
2 5 1 1 100 0.75 8 1379 215 107 60 85 177 131 26
2 5 1 1 100 0.75 8 1380 216 108 62 86 178 132 27
2 5 1 1 100 0.75 8 1381 219 109 60 86 179 133 26
2 5 1 1 100 0.75 8 1382 221 109 62 87 181 135 25
2 5 1 1 100 0.75 8 1383 221 111 60 89 181 135 26
2 5 1 1 100 0.75 8 1384 223 113 70 89 181 135 30
2 5 1 1 100 0.75 8 1385 226 114 64 90 182 136 29
2 5 1 1 100 0.75 8 1386 227 115 67 94 183 137 31
2 5 1 1 100 0.75 8 1387 229 115 61 93 185 139 29
2 5 1 1 100 0.75 8 1388 234 113 61 91 189 143 27
2 5 1 1 100 0.75 8 1389 237 115 61 96 189 143 28
2 5 1 1 100 0.75 8 1390 241 117 59 99 189 143 29
2 5 1 1 100 0.75 8 1391 242 119 62 103 189 143 31
2 5 1 1 100 0.75 8 1392 243 116 59 99 194 148 29
2 5 1 1 100 0.75 8 1393 243 116 67 98 196 150 28
2 5 1 1 100 0.75 8 1394 244 117 63 97 197 151 28
2 5 1 1 100 0.75 8 1395 246 117 70 96 199 153 27
2 5 1 1 100 0.75 8 1396 248 117 69 96 201 155 31
2 5 1 1 100 0.75 8 1397 249 116 65 96 204 158 30
2 5 1 1 100 0.75 8 1398 250 118 65 97 204 158 31
2 5 1 1 100 0.75 8 1399 252 117 65 96 207 161 28
2 5 1 1 100 0.75 8 1400 254 116 66 95 209 164 26
2 5 1 1 100 0.75 8 1401 260 117 61 97 210 165 25
2 5 1 1 100 0.75 8 1402 261 117 58 101 212 167 24
2 5 1 1 100 0.75 8 1403 261 119 65 103 212 167 28
2 5 1 1 100 0.75 8 1404 262 121 61 103 212 167 29
2 5 1 1 100 0.75 8 1405 264 121 69 102 214 169 28
2 5 1 1 100 0.75 8 1406 265 120 58 101 217 172 25
2 5 1 1 100 0.75 8 1407 267 119 60 100 220 175 23
2 5 1 1 100 0.75 8 1408 269 120 67 102 221 176 26
2 5 1 1 100 0.75 8 1409 271 122 61 104 221 176 30
2 5 1 1 100 0.75 8 1410 272 124 60 106 220 176 30
2 5 1 1 100 0.75 8 1410 272 124 124 106 250 176 30
2 5 1 1 100 0.75 8 1440 272 124 124 106 54 176 30
2 5 1 1 100 0.75 9 1441 0 2 2 0 54 0 0
2 5 1 1 100 0.75 9 1442 0 4 4 0 54 0 0
2 5 1 1 100 0.75 9 1443 0 6 6 0 54 0 0
2 5 1 1 100 0.75 9 1444 0 8 8 0 54 0 0
2 5 1 1 100 0.75 9 1445 0 10 10 0 54 0 0
2 5 1 1 100 0.75 9 1446 0 12 12 0 54 0 0
2 5 1 1 100 0.75 9 1447 0 14 14 0 54 0 0
2 5 1 1 100 0.75 9 1448 1 16 15 0 54 0 0
2 5 1 1 100 0.75 9 1449 1 18 17 1 54 0 0
2 5 1 1 100 0.75 9 1450 1 20 19 1 54 0 0
2 5 1 1 100 0.75 9 1451 2 22 19 1 54 0 0
2 5 1 1 100 0.75 9 1452 3 24 21 2 54 0 0
2 5 1 1 100 0.75 9 1453 4 26 22 3 54 0 0
2 5 1 1 100 0.75 9 1454 4 28 23 4 54 0 0
2 5 1 1 100 0.75 9 1455 4 30 26 4 54 0 0
2 5 1 1 100 0.75 9 1456 5 32 27 4 54 0 1
2 5 1 1 100 0.75 9 1457 6 34 29 5 54 0 1
2 5 1 1 100 0.75 9 1458 8 36 28 6 54 0 1
2 5 1 1 100 0.75 9 1459 8 38 31 8 54 0 2
2 5 1 1 100 0.75 9 1460 8 40 33 8 54 0 3
2 5 1 1 100 0.75 9 1461 11 42 34 8 54 0 4
2 5 1 1 100 0.75 9 1462 13 44 34 11 54 0 4
2 5 1 1 100 0.75 9 1463 13 46 35 13 54 0 4
2 5 1 1 100 0.75 9 1464 15 48 36 13 54 0 6
2 5 1 1 100 0.75 9 1465 19 50 36 15 54 0 7
2 5 1 1 100 0.75 9 1466 19 52 39 19 53 0 8
2 5 1 1 100 0.75 9 1467 20 54 42 19 53 0 8
2 5 1 1 100 0.75 9 1468 22 56 42 20 53 0 9
2 5 1 1 100 0.75 9 1469 24 58 45 22 53 0 9
2 5 1 1 100 0.75 9 1470 25 60 47 24 53 0 9
2 5 1 1 100 0.75 9 1471 28 62 46 25 53 0 10
2 5 1 1 100 0.75 9 1472 30 64 48 28 52 0 13
2 5 1 1 100 0.75 9 1473 32 66 50 30 52 0 14
2 5 1 1 100 0.75 9 1474 33 67 51 31 53 1 13
2 5 1 1 100 0.75 9 1475 34 69 54 32 53 1 14
2 5 1 1 100 0.75 9 1476 37 69 52 31 55 3 14
2 5 1 1 100 0.75 9 1477 38 71 54 34 55 3 14
2 5 1 1 100 0.75 9 1478 39 73 53 35 55 3 14
2 5 1 1 100 0.75 9 1479 41 75 59 36 55 3 18
2 5 1 1 100 0.75 9 1480 42 75 55 36 57 5 17
2 5 1 1 100 0.75 9 1481 43 76 57 36 58 6 17
2 5 1 1 100 0.75 9 1482 43 78 62 37 57 6 19
2 5 1 1 100 0.75 9 1483 46 80 64 37 57 6 19
2 5 1 1 100 0.75 9 1484 47 80 65 38 59 8 20
2 5 1 1 100 0.75 9 1485 48 82 65 39 59 8 20
2 5 1 1 100 0.75 9 1486 49 82 67 38 61 10 19
2 5 1 1 100 0.75 9 1487 52 83 62 38 62 11 18
2 5 1 1 100 0.75 9 1488 53 85 68 41 62 11 19
2 5 1 1 100 0.75 9 1489 56 85 63 40 64 13 17
2 5 1 1 100 0.75 9 1490 57 87 69 43 64 13 19
2 5 1 1 100 0.75 9 1491 58 89 66 44 64 13 19
2 5 1 1 100 0.75 9 1492 59 91 71 45 64 13 20
2 5 1 1 100 0.75 9 1493 60 91 66 44 66 15 18
2 5 1 1 100 0.75 9 1494 62 92 70 44 67 16 19
2 5 1 1 100 0.75 9 1495 64 94 72 46 67 16 20
2 5 1 1 100 0.75 9 1496 69 95 70 47 68 17 20
2 5 1 1 100 0.75 9 1497 70 97 70 52 68 17 21
2 5 1 1 100 0.75 9 1498 72 96 69 50 71 20 19
2 5 1 1 100 0.75 9 1499 73 94 69 48 75 24 17
2 5 1 1 100 0.75 9 1500 78 94 62 47 77 26 16
2 5 1 1 100 0.75 9 1501 79 96 66 52 77 26 18
2 5 1 1 100 0.75 9 1502 79 98 67 53 77 26 20
2 5 1 1 100 0.75 9 1503 82 99 72 52 78 27 21
2 5 1 1 100 0.75 9 1504 82 100 74 54 79 28 21
2 5 1 1 100 0.75 9 1505 86 101 74 53 80 29 22
2 5 1 1 100 0.75 9 1506 90 102 70 56 81 30 22
2 5 1 1 100 0.75 9 1507 92 103 72 59 82 31 23
2 5 1 1 100 0.75 9 1508 93 105 76 61 82 31 27
2 5 1 1 100 0.75 9 1509 95 105 74 60 83 33 25
2 5 1 1 100 0.75 9 1510 95 106 76 62 84 34 24
2 5 1 1 100 0.75 9 1511 97 107 78 61 85 35 26
2 5 1 1 100 0.75 9 1512 98 106 77 60 88 38 24
2 5 1 1 100 0.75 9 1513 103 108 76 61 88 38 26
2 5 1 1 100 0.75 9 1514 105 109 77 65 89 39 28
2 5 1 1 100 0.75 9 1515 109 111 79 67 89 39 29
2 5 1 1 100 0.75 9 1516 109 113 80 71 89 39 29
2 5 1 1 100 0.75 9 1517 110 113 83 69 91 41 28
2 5 1 1 100 0.75 9 1518 113 113 78 68 93 43 27
2 5 1 1 100 0.75 9 1519 117 111 72 67 97 47 25
2 5 1 1 100 0.75 9 1520 117 112 76 70 98 48 26
2 5 1 1 100 0.75 9 1521 119 114 77 70 98 48 28
2 5 1 1 100 0.75 9 1522 120 114 81 70 100 50 28
2 5 1 1 100 0.75 9 1523 125 115 80 70 101 51 29
2 5 1 1 100 0.75 9 1524 127 115 75 73 103 53 27
2 5 1 1 100 0.75 9 1525 130 115 76 74 105 55 27
2 5 1 1 100 0.75 9 1526 132 115 76 75 107 57 28
2 5 1 1 100 0.75 9 1527 135 115 74 75 109 59 27
2 5 1 1 100 0.75 9 1528 138 115 75 76 111 61 25
2 5 1 1 100 0.75 9 1529 140 117 77 79 111 61 27
2 5 1 1 100 0.75 9 1530 141 119 80 81 111 61 30
2 5 1 1 100 0.75 9 1531 142 120 80 81 112 62 31
2 5 1 1 100 0.75 9 1532 145 121 81 81 113 63 30
2 5 1 1 100 0.75 9 1533 149 118 78 79 118 68 28
2 5 1 1 100 0.75 9 1534 152 117 72 80 120 71 25
2 5 1 1 100 0.75 9 1535 156 118 74 82 121 72 25
2 5 1 1 100 0.75 9 1536 157 119 76 85 121 73 27
2 5 1 1 100 0.75 9 1537 161 119 71 84 123 75 25
2 5 1 1 100 0.75 9 1538 162 120 73 87 123 76 24
2 5 1 1 100 0.75 9 1539 165 120 66 86 125 78 24
2 5 1 1 100 0.75 9 1540 168 122 77 89 124 78 28
2 5 1 1 100 0.75 9 1541 172 120 69 88 128 82 27
2 5 1 1 100 0.75 9 1542 173 121 73 91 129 83 29
2 5 1 1 100 0.75 9 1543 175 122 76 91 130 84 29
2 5 1 1 100 0.75 9 1544 176 122 78 91 132 86 28
2 5 1 1 100 0.75 9 1545 179 124 79 93 132 86 31
2 5 1 1 100 0.75 9 1546 181 124 75 94 134 88 30
2 5 1 1 100 0.75 9 1547 186 126 72 97 134 88 33
2 5 1 1 100 0.75 9 1548 188 127 79 101 135 89 34
2 5 1 1 100 0.75 9 1549 190 127 79 101 137 91 37
2 5 1 1 100 0.75 9 1550 191 126 79 100 140 94 35
2 5 1 1 100 0.75 9 1551 193 126 73 99 142 96 34
2 5 1 1 100 0.75 9 1552 196 127 74 100 143 97 35
2 5 1 1 100 0.75 9 1553 197 128 78 102 144 98 35
2 5 1 1 100 0.75 9 1554 199 130 78 104 144 98 40
2 5 1 1 100 0.75 9 1555 202 127 79 101 149 103 37
2 5 1 1 100 0.75 9 1556 203 127 76 102 151 105 38
2 5 1 1 100 0.75 9 1557 207 128 77 102 152 106 38
2 5 1 1 100 0.75 9 1558 208 130 73 106 152 106 38
2 5 1 1 100 0.75 9 1559 208 132 83 108 152 106 41
2 5 1 1 100 0.75 9 1560 211 131 84 105 155 109 38
2 5 1 1 100 0.75 9 1561 214 127 77 102 161 115 34
2 5 1 1 100 0.75 9 1562 216 128 81 104 162 116 34
2 5 1 1 100 0.75 9 1563 217 129 81 105 163 117 35
2 5 1 1 100 0.75 9 1564 219 127 79 102 167 121 32
2 5 1 1 100 0.75 9 1565 222 129 79 104 167 121 36
2 5 1 1 100 0.75 9 1566 222 128 77 105 169 124 33
2 5 1 1 100 0.75 9 1567 223 129 82 104 170 125 34
2 5 1 1 100 0.75 9 1568 227 126 75 100 174 130 31
2 5 1 1 100 0.75 9 1569 229 125 74 102 177 133 29
2 5 1 1 100 0.75 9 1570 229 126 78 104 178 134 29
2 5 1 1 100 0.75 9 1571 232 127 73 103 179 135 29
2 5 1 1 100 0.75 9 1572 234 127 71 105 181 137 29
2 5 1 1 100 0.75 9 1573 234 127 72 105 183 139 27
2 5 1 1 100 0.75 9 1574 237 127 65 103 185 141 26
2 5 1 1 100 0.75 9 1575 240 127 74 104 186 143 28
2 5 1 1 100 0.75 9 1576 241 127 71 105 187 145 28
2 5 1 1 100 0.75 9 1577 243 128 73 105 188 146 27
2 5 1 1 100 0.75 9 1578 245 128 66 105 190 148 25
2 5 1 1 100 0.75 9 1579 246 130 73 109 190 148 27
2 5 1 1 100 0.75 9 1580 249 132 73 110 190 148 28
2 5 1 1 100 0.75 9 1581 250 132 71 111 192 150 27
2 5 1 1 100 0.75 9 1582 251 131 74 112 195 153 26
2 5 1 1 100 0.75 9 1583 253 130 70 110 198 156 24
2 5 1 1 100 0.75 9 1584 254 130 75 110 200 158 24
2 5 1 1 100 0.75 9 1585 255 131 75 110 201 159 25
2 5 1 1 100 0.75 9 1586 257 132 78 111 202 160 25
2 5 1 1 100 0.75 9 1587 260 132 74 111 204 162 23
2 5 1 1 100 0.75 9 1588 262 132 72 112 206 164 24
2 5 1 1 100 0.75 9 1589 264 133 74 114 207 165 24
2 5 1 1 100 0.75 9 1590 265 134 78 115 208 166 24
2 5 1 1 100 0.75 9 1590 265 134 134 115 232 166 24
2 5 1 1 100 0.75 9 1620 265 134 134 115 53 166 24
2 5 1 1 100 0.75 10 1621 0 2 2 0 53 0 0
2 5 1 1 100 0.75 10 1622 0 4 4 0 53 0 0
2 5 1 1 100 0.75 10 1623 0 6 6 0 53 0 0
2 5 1 1 100 0.75 10 1624 0 8 8 0 53 0 0
2 5 1 1 100 0.75 10 1625 0 10 10 0 53 0 0
2 5 1 1 100 0.75 10 1626 0 12 12 0 53 0 0
2 5 1 1 100 0.75 10 1627 0 14 14 0 53 0 0
2 5 1 1 100 0.75 10 1628 0 16 16 0 53 0 0
2 5 1 1 100 0.75 10 1629 2 18 15 0 53 0 0
2 5 1 1 100 0.75 10 1630 2 20 18 2 53 0 0
2 5 1 1 100 0.75 10 1631 3 22 19 2 53 0 0
2 5 1 1 100 0.75 10 1632 4 24 19 3 53 0 0
2 5 1 1 100 0.75 10 1633 6 26 20 4 53 0 0
2 5 1 1 100 0.75 10 1634 6 28 22 6 53 0 0
2 5 1 1 100 0.75 10 1635 7 30 23 6 53 0 0
2 5 1 1 100 0.75 10 1636 7 32 26 7 53 0 0
2 5 1 1 100 0.75 10 1637 8 34 28 7 53 0 1
2 5 1 1 100 0.75 10 1638 9 36 27 8 53 0 2
2 5 1 1 100 0.75 10 1639 10 38 30 9 53 0 3
2 5 1 1 100 0.75 10 1640 12 40 32 10 53 0 4
2 5 1 1 100 0.75 10 1641 14 42 33 12 53 0 4
2 5 1 1 100 0.75 10 1642 16 44 31 14 53 0 4
2 5 1 1 100 0.75 10 1643 17 46 36 16 53 0 5
2 5 1 1 100 0.75 10 1644 17 48 36 17 53 0 6
2 5 1 1 100 0.75 10 1645 19 50 37 17 53 0 6
2 5 1 1 100 0.75 10 1646 20 52 41 19 53 0 8
2 5 1 1 100 0.75 10 1647 25 54 38 20 53 0 9
2 5 1 1 100 0.75 10 1648 26 56 43 25 53 0 11
2 5 1 1 100 0.75 10 1649 30 58 42 26 53 0 12
2 5 1 1 100 0.75 10 1650 30 60 45 30 53 0 13
2 5 1 1 100 0.75 10 1651 30 62 49 30 53 0 13
2 5 1 1 100 0.75 10 1652 31 64 52 30 53 0 14
2 5 1 1 100 0.75 10 1653 33 66 53 31 53 0 15
2 5 1 1 100 0.75 10 1654 33 67 56 32 54 1 16
2 5 1 1 100 0.75 10 1655 34 69 57 32 54 1 19
2 5 1 1 100 0.75 10 1656 35 70 60 32 55 2 19
2 5 1 1 100 0.75 10 1657 36 72 61 33 55 2 21
2 5 1 1 100 0.75 10 1658 38 73 59 33 56 3 20
2 5 1 1 100 0.75 10 1659 40 75 61 35 56 3 21
2 5 1 1 100 0.75 10 1660 42 76 60 36 57 4 20
2 5 1 1 100 0.75 10 1661 44 75 60 35 60 7 18
2 5 1 1 100 0.75 10 1662 47 76 55 36 61 8 17
2 5 1 1 100 0.75 10 1663 49 78 60 39 61 8 19
2 5 1 1 100 0.75 10 1664 50 79 60 40 62 9 19
2 5 1 1 100 0.75 10 1665 55 80 59 40 63 10 20
2 5 1 1 100 0.75 10 1666 55 81 59 44 64 11 20
2 5 1 1 100 0.75 10 1667 55 83 64 44 64 11 22
2 5 1 1 100 0.75 10 1668 57 84 65 43 65 12 22
2 5 1 1 100 0.75 10 1669 59 84 65 43 67 14 22
2 5 1 1 100 0.75 10 1670 62 83 61 42 70 17 21
2 5 1 1 100 0.75 10 1671 63 83 62 43 72 19 20
2 5 1 1 100 0.75 10 1672 69 85 63 44 72 19 22
2 5 1 1 100 0.75 10 1673 69 85 58 48 74 21 22
2 5 1 1 100 0.75 10 1674 69 85 63 46 76 23 20
2 5 1 1 100 0.75 10 1675 71 87 61 46 76 23 22
2 5 1 1 100 0.75 10 1676 74 89 61 48 76 23 23
2 5 1 1 100 0.75 10 1677 75 90 64 50 77 24 23
2 5 1 1 100 0.75 10 1678 77 91 65 50 78 25 24
2 5 1 1 100 0.75 10 1679 77 92 68 51 79 26 27
2 5 1 1 100 0.75 10 1680 79 91 72 48 82 29 25
2 5 1 1 100 0.75 10 1681 82 93 68 50 82 29 25
2 5 1 1 100 0.75 10 1682 84 95 71 54 81 29 25
2 5 1 1 100 0.75 10 1683 86 97 72 56 81 29 28
2 5 1 1 100 0.75 10 1684 89 96 68 55 83 32 27
2 5 1 1 100 0.75 10 1685 89 98 74 58 83 32 28
2 5 1 1 100 0.75 10 1686 90 97 68 55 86 35 26
2 5 1 1 100 0.75 10 1687 92 97 71 54 88 37 24
2 5 1 1 100 0.75 10 1688 93 96 67 53 91 40 23
2 5 1 1 100 0.75 10 1689 93 98 76 54 91 40 27
2 5 1 1 100 0.75 10 1690 96 99 76 53 92 41 29
2 5 1 1 100 0.75 10 1691 98 100 74 55 93 42 28
2 5 1 1 100 0.75 10 1692 101 98 73 53 97 46 26
2 5 1 1 100 0.75 10 1693 103 99 72 55 98 47 25
2 5 1 1 100 0.75 10 1694 105 101 70 57 98 47 26
2 5 1 1 100 0.75 10 1695 108 101 73 57 100 49 26
2 5 1 1 100 0.75 10 1696 109 102 74 60 101 50 25
2 5 1 1 100 0.75 10 1697 111 101 72 58 104 53 23
2 5 1 1 100 0.75 10 1698 113 103 71 60 104 53 25
2 5 1 1 100 0.75 10 1699 113 104 72 61 105 54 26
2 5 1 1 100 0.75 10 1700 114 105 74 60 106 55 28
2 5 1 1 100 0.75 10 1701 119 105 75 59 108 57 28
2 5 1 1 100 0.75 10 1702 124 104 67 61 111 60 28
2 5 1 1 100 0.75 10 1703 127 105 71 65 111 61 27
2 5 1 1 100 0.75 10 1704 132 106 67 67 112 62 28
2 5 1 1 100 0.75 10 1705 133 105 66 69 115 65 28
2 5 1 1 100 0.75 10 1706 134 107 71 70 115 65 28
2 5 1 1 100 0.75 10 1707 135 106 68 68 118 68 25
2 5 1 1 100 0.75 10 1708 135 107 70 68 119 69 26
2 5 1 1 100 0.75 10 1709 139 107 69 66 121 71 28
2 5 1 1 100 0.75 10 1710 142 107 71 68 123 73 29
2 5 1 1 100 0.75 10 1711 147 108 65 70 124 74 31
2 5 1 1 100 0.75 10 1712 149 109 72 74 124 75 33
2 5 1 1 100 0.75 10 1713 152 110 68 75 125 76 33
2 5 1 1 100 0.75 10 1714 155 112 70 78 125 76 33
2 5 1 1 100 0.75 10 1715 156 114 69 81 125 76 33
2 5 1 1 100 0.75 10 1716 158 115 71 83 126 77 34
2 5 1 1 100 0.75 10 1717 158 114 69 82 129 80 32
2 5 1 1 100 0.75 10 1718 162 113 70 79 132 83 32
2 5 1 1 100 0.75 10 1719 166 114 75 82 133 84 33
2 5 1 1 100 0.75 10 1720 168 114 67 84 135 86 33
2 5 1 1 100 0.75 10 1721 171 112 72 83 139 90 31
2 5 1 1 100 0.75 10 1722 173 112 70 84 141 92 31
2 5 1 1 100 0.75 10 1723 176 114 71 86 141 92 32
2 5 1 1 100 0.75 10 1724 177 115 66 88 142 93 33
2 5 1 1 100 0.75 10 1725 178 114 75 86 145 96 31
2 5 1 1 100 0.75 10 1726 180 113 65 84 148 99 30
2 5 1 1 100 0.75 10 1727 185 111 64 82 152 103 32
2 5 1 1 100 0.75 10 1728 189 112 66 87 153 104 35
2 5 1 1 100 0.75 10 1729 192 112 62 89 155 106 33
2 5 1 1 100 0.75 10 1730 194 112 63 90 156 108 34
2 5 1 1 100 0.75 10 1731 194 113 68 91 156 109 34
2 5 1 1 100 0.75 10 1732 195 113 69 89 158 111 34
2 5 1 1 100 0.75 10 1733 198 115 71 90 158 111 35
2 5 1 1 100 0.75 10 1734 201 115 66 91 160 113 35
2 5 1 1 100 0.75 10 1735 204 117 74 94 160 113 40
2 5 1 1 100 0.75 10 1736 206 117 67 95 162 115 41
2 5 1 1 100 0.75 10 1737 208 117 77 95 164 117 41
2 5 1 1 100 0.75 10 1738 208 117 69 95 165 119 40
2 5 1 1 100 0.75 10 1739 208 115 70 91 169 123 36
2 5 1 1 100 0.75 10 1740 209 115 68 90 171 125 35
2 5 1 1 100 0.75 10 1741 210 115 73 89 173 127 36
2 5 1 1 100 0.75 10 1742 215 116 69 89 174 128 37
2 5 1 1 100 0.75 10 1743 215 115 67 91 177 131 37
2 5 1 1 100 0.75 10 1744 217 115 72 91 179 133 36
2 5 1 1 100 0.75 10 1745 219 115 69 92 181 135 34
2 5 1 1 100 0.75 10 1746 221 113 66 90 185 139 31
2 5 1 1 100 0.75 10 1747 225 113 68 90 187 141 30
2 5 1 1 100 0.75 10 1748 228 113 60 92 189 143 28
2 5 1 1 100 0.75 10 1749 230 115 69 95 189 143 31
2 5 1 1 100 0.75 10 1750 231 114 63 94 192 146 30
2 5 1 1 100 0.75 10 1751 234 115 69 94 193 147 31
2 5 1 1 100 0.75 10 1752 234 112 66 92 198 152 27
2 5 1 1 100 0.75 10 1753 234 113 69 92 199 153 29
2 5 1 1 100 0.75 10 1754 235 114 65 92 200 154 31
2 5 1 1 100 0.75 10 1755 239 115 66 93 201 155 30
2 5 1 1 100 0.75 10 1756 243 112 61 93 205 160 29
2 5 1 1 100 0.75 10 1757 244 112 66 95 207 162 28
2 5 1 1 100 0.75 10 1758 245 113 60 96 208 163 29
2 5 1 1 100 0.75 10 1759 246 114 61 96 209 164 30
2 5 1 1 100 0.75 10 1760 249 113 63 94 212 167 29
2 5 1 1 100 0.75 10 1761 251 114 65 96 213 168 28
2 5 1 1 100 0.75 10 1762 252 115 64 97 214 169 29
2 5 1 1 100 0.75 10 1763 254 116 74 97 215 170 33
2 5 1 1 100 0.75 10 1764 257 116 62 97 216 172 33
2 5 1 1 100 0.75 10 1765 258 115 68 98 219 175 31
2 5 1 1 100 0.75 10 1766 259 117 67 99 219 175 31
2 5 1 1 100 0.75 10 1767 261 118 73 99 220 176 31
2 5 1 1 100 0.75 10 1768 262 119 69 100 220 177 32
2 5 1 1 100 0.75 10 1769 265 119 68 99 222 179 32
2 5 1 1 100 0.75 10 1770 267 118 68 100 225 182 30
2 5 1 1 100 0.75 10 1770 267 118 118 100 253 182 30
2 5 1 1 100 0.75 10 1800 267 118 118 100 51 182 30
