9 1 1 1 100 0.75 1 1 0 9 9 0 100 0 0
9 1 1 1 100 0.75 1 2 0 18 18 0 100 0 0
9 1 1 1 100 0.75 1 3 0 27 27 0 100 0 0
9 1 1 1 100 0.75 1 4 0 36 36 0 100 0 0
9 1 1 1 100 0.75 1 5 0 45 45 0 100 0 0
9 1 1 1 100 0.75 1 6 0 54 54 0 100 0 0
9 1 1 1 100 0.75 1 7 0 63 62 0 99 0 0
9 1 1 1 100 0.75 1 8 1 72 70 0 99 0 0
9 1 1 1 100 0.75 1 9 1 81 78 1 99 0 0
9 1 1 1 100 0.75 1 10 3 90 84 1 99 0 0
9 1 1 1 100 0.75 1 11 5 99 93 3 99 0 0
9 1 1 1 100 0.75 1 12 6 108 99 5 99 0 0
9 1 1 1 100 0.75 1 13 12 117 103 6 99 0 0
9 1 1 1 100 0.75 1 14 14 126 110 12 99 0 0
9 1 1 1 100 0.75 1 15 16 135 119 14 99 0 1
9 1 1 1 100 0.75 1 16 17 144 124 16 99 0 1
9 1 1 1 100 0.75 1 17 19 153 135 17 99 0 1
9 1 1 1 100 0.75 1 18 22 162 142 19 99 0 3
9 1 1 1 100 0.75 1 19 24 171 147 22 99 0 4
9 1 1 1 100 0.75 1 20 27 180 156 24 99 0 7
9 1 1 1 100 0.75 1 21 29 189 164 27 99 0 7
9 1 1 1 100 0.75 1 22 32 198 172 29 99 0 10
9 1 1 1 100 0.75 1 23 34 207 178 32 99 0 11
9 1 1 1 100 0.75 1 24 37 216 184 34 99 0 11
9 1 1 1 100 0.75 1 25 45 225 194 37 99 0 14
9 1 1 1 100 0.75 1 26 50 234 192 45 99 0 15
9 1 1 1 100 0.75 1 27 51 243 206 50 99 0 18
9 1 1 1 100 0.75 1 28 56 252 211 51 99 0 20
9 1 1 1 100 0.75 1 29 65 261 215 56 99 0 22
9 1 1 1 100 0.75 1 30 70 269 220 64 100 1 21
9 1 1 1 100 0.75 1 31 73 278 230 69 100 1 23
9 1 1 1 100 0.75 1 32 83 287 235 72 100 1 29
9 1 1 1 100 0.75 1 33 86 296 247 82 100 1 37
9 1 1 1 100 0.75 1 34 90 304 257 84 101 2 36
9 1 1 1 100 0.75 1 35 93 312 259 87 102 3 39
9 1 1 1 100 0.75 1 36 102 321 268 90 102 3 42
9 1 1 1 100 0.75 1 37 108 328 274 97 104 5 43
9 1 1 1 100 0.75 1 38 112 336 280 102 105 6 43
9 1 1 1 100 0.75 1 39 119 345 297 106 105 6 50
9 1 1 1 100 0.75 1 40 125 351 300 110 108 9 51
9 1 1 1 100 0.75 1 41 129 357 302 113 111 12 50
9 1 1 1 100 0.75 1 42 134 363 306 114 114 15 48
9 1 1 1 100 0.75 1 43 140 372 317 119 114 15 52
9 1 1 1 100 0.75 1 44 146 376 321 120 119 20 55
9 1 1 1 100 0.75 1 45 152 383 323 124 121 22 57
9 1 1 1 100 0.75 1 46 164 390 316 128 123 24 60
9 1 1 1 100 0.75 1 47 173 397 326 138 125 26 64
9 1 1 1 100 0.75 1 48 182 403 328 144 128 29 63
9 1 1 1 100 0.75 1 49 191 409 329 150 131 32 64
9 1 1 1 100 0.75 1 50 199 415 332 156 134 35 62
9 1 1 1 100 0.75 1 51 208 422 335 162 136 37 64
9 1 1 1 100 0.75 1 52 216 427 335 167 140 41 64
9 1 1 1 100 0.75 1 53 220 434 342 173 142 43 68
9 1 1 1 100 0.75 1 54 228 442 356 176 143 44 74
9 1 1 1 100 0.75 1 55 241 447 360 180 147 48 80
9 1 1 1 100 0.75 1 56 253 451 360 188 152 53 83
9 1 1 1 100 0.75 1 57 262 458 358 198 154 55 83
9 1 1 1 100 0.75 1 58 274 465 367 206 156 57 87
9 1 1 1 100 0.75 1 59 286 468 359 214 162 63 85
9 1 1 1 100 0.75 1 60 291 470 361 220 169 70 85
9 1 1 1 100 0.75 1 61 301 474 358 220 174 75 82
9 1 1 1 100 0.75 1 62 312 478 362 225 179 80 85
9 1 1 1 100 0.75 1 63 323 485 368 234 181 82 94
9 1 1 1 100 0.75 1 64 333 488 373 241 187 88 95
9 1 1 1 100 0.75 1 65 341 496 371 250 188 89 100
9 1 1 1 100 0.75 1 66 354 502 385 255 191 92 111
9 1 1 1 100 0.75 1 67 365 508 375 265 194 95 111
9 1 1 1 100 0.75 1 68 374 511 375 273 200 101 109
9 1 1 1 100 0.75 1 69 382 517 378 279 203 104 115
9 1 1 1 100 0.75 1 70 395 520 384 281 209 110 116
9 1 1 1 100 0.75 1 71 400 523 383 288 215 116 119
9 1 1 1 100 0.75 1 72 417 526 386 288 221 122 118
9 1 1 1 100 0.75 1 73 428 529 380 302 227 128 117
9 1 1 1 100 0.75 1 74 443 532 379 307 233 134 120
9 1 1 1 100 0.75 1 75 450 538 389 321 236 137 130
9 1 1 1 100 0.75 1 76 465 540 384 322 243 144 132
9 1 1 1 100 0.75 1 77 480 542 370 333 249 151 134
9 1 1 1 100 0.75 1 78 488 544 372 343 256 158 133
9 1 1 1 100 0.75 1 79 499 547 375 345 262 164 136
9 1 1 1 100 0.75 1 80 510 549 377 350 269 171 138
9 1 1 1 100 0.75 1 81 521 556 380 361 271 173 149
9 1 1 1 100 0.75 1 82 527 558 393 367 278 180 147
9 1 1 1 100 0.75 1 83 533 556 374 365 289 191 143
9 1 1 1 100 0.75 1 84 549 556 380 363 298 200 152
9 1 1 1 100 0.75 1 85 552 556 375 373 307 209 149
9 1 1 1 100 0.75 1 86 567 555 372 371 316 219 153
9 1 1 1 100 0.75 1 87 579 561 383 384 319 222 158
9 1 1 1 100 0.75 1 88 583 561 373 388 328 231 156
9 1 1 1 100 0.75 1 89 597 567 377 391 331 234 160
9 1 1 1 100 0.75 1 90 607 567 367 397 340 243 158
9 1 1 1 100 0.75 1 91 619 569 366 404 347 250 159
9 1 1 1 100 0.75 1 92 629 569 360 410 356 259 161
9 1 1 1 100 0.75 1 93 640 570 350 416 364 267 162
9 1 1 1 100 0.75 1 94 649 573 365 423 370 273 169
9 1 1 1 100 0.75 1 95 660 570 351 423 382 285 164
9 1 1 1 100 0.75 1 96 673 568 343 424 393 296 163
9 1 1 1 100 0.75 1 97 682 570 348 434 400 303 166
9 1 1 1 100 0.75 1 98 693 568 338 435 411 314 167
9 1 1 1 100 0.75 1 99 703 562 333 434 426 329 163
9 1 1 1 100 0.75 1 100 712 565 323 441 432 335 169
9 1 1 1 100 0.75 1 101 720 563 312 442 443 346 169
9 1 1 1 100 0.75 1 102 727 563 311 442 452 355 167
9 1 1 1 100 0.75 1 103 734 561 306 445 463 366 171
9 1 1 1 100 0.75 1 104 748 562 305 446 470 374 170
9 1 1 1 100 0.75 1 105 758 562 296 460 479 383 169
9 1 1 1 100 0.75 1 106 772 563 295 466 486 391 169
9 1 1 1 100 0.75 1 107 776 563 295 474 494 400 169
9 1 1 1 100 0.75 1 108 780 564 289 475 502 408 165
9 1 1 1 100 0.75 1 109 786 565 292 475 510 416 165
9 1 1 1 100 0.75 1 110 789 562 296 473 521 428 159
9 1 1 1 100 0.75 1 111 797 564 275 477 528 435 170
9 1 1 1 100 0.75 1 112 803 562 276 478 539 446 174
9 1 1 1 100 0.75 1 113 809 560 288 477 550 457 177
9 1 1 1 100 0.75 1 114 816 558 284 480 561 468 175
9 1 1 1 100 0.75 1 115 818 553 264 479 574 482 167
9 1 1 1 100 0.75 1 116 821 553 286 476 583 491 167
9 1 1 1 100 0.75 1 117 830 556 269 478 589 497 167
9 1 1 1 100 0.75 1 118 837 558 282 485 596 504 166
9 1 1 1 100 0.75 1 119 841 553 255 481 610 518 158
9 1 1 1 100 0.75 1 120 846 548 260 477 622 532 154
9 1 1 1 100 0.75 1 121 849 550 255 479 628 539 162
9 1 1 1 100 0.75 1 122 853 549 252 478 637 549 161
9 1 1 1 100 0.75 1 123 855 552 247 481 643 555 159
9 1 1 1 100 0.75 1 124 859 550 247 477 654 566 158
9 1 1 1 100 0.75 1 125 861 552 236 481 661 573 157
9 1 1 1 100 0.75 1 126 866 557 263 484 665 577 157
9 1 1 1 100 0.75 1 127 871 555 238 485 676 588 153
9 1 1 1 100 0.75 1 128 872 552 225 484 688 600 148
9 1 1 1 100 0.75 1 129 876 552 239 485 697 609 148
9 1 1 1 100 0.75 1 130 879 551 237 483 707 619 141
9 1 1 1 100 0.75 1 131 881 548 228 479 719 631 136
9 1 1 1 100 0.75 1 132 884 544 241 474 732 644 131
9 1 1 1 100 0.75 1 133 888 543 219 473 742 654 133
9 1 1 1 100 0.75 1 134 888 548 218 480 746 658 133
9 1 1 1 100 0.75 1 135 893 550 214 480 753 665 133
9 1 1 1 100 0.75 1 136 894 553 217 485 758 671 134
9 1 1 1 100 0.75 1 137 900 552 206 483 768 681 131
9 1 1 1 100 0.75 1 138 904 550 212 482 779 692 128
9 1 1 1 100 0.75 1 139 904 550 203 482 788 701 126
9 1 1 1 100 0.75 1 140 907 545 201 475 801 715 121
9 1 1 1 100 0.75 1 141 907 548 191 481 807 721 120
9 1 1 1 100 0.75 1 142 911 554 203 483 810 724 123
9 1 1 1 100 0.75 1 143 916 559 191 492 813 728 130
9 1 1 1 100 0.75 1 144 917 561 205 492 819 735 130
9 1 1 1 100 0.75 1 145 919 562 192 494 827 743 126
9 1 1 1 100 0.75 1 146 921 565 203 496 833 749 125
9 1 1 1 100 0.75 1 147 923 566 189 497 841 757 121
9 1 1 1 100 0.75 1 148 923 570 197 502 845 762 124
9 1 1 1 100 0.75 1 149 928 570 183 500 854 771 121
9 1 1 1 100 0.75 1 150 930 569 194 500 864 781 119
9 1 1 1 100 0.75 1 150 930 569 569 500 971 781 119
9 1 1 1 100 0.75 1 180 930 569 569 500 10 781 119
9 1 1 1 100 0.75 2 181 0 9 9 0 10 0 0
9 1 1 1 100 0.75 2 182 0 18 18 0 10 0 0
9 1 1 1 100 0.75 2 183 0 27 27 0 10 0 0
9 1 1 1 100 0.75 2 184 0 36 36 0 10 0 0
9 1 1 1 100 0.75 2 185 0 45 45 0 10 0 0
9 1 1 1 100 0.75 2 186 0 54 54 0 10 0 0
9 1 1 1 100 0.75 2 187 0 63 63 0 10 0 0
9 1 1 1 100 0.75 2 188 0 72 71 0 10 0 0
9 1 1 1 100 0.75 2 189 0 81 81 0 10 0 0
9 1 1 1 100 0.75 2 190 0 90 90 0 10 0 0
9 1 1 1 100 0.75 2 191 2 99 97 0 10 0 0
9 1 1 1 100 0.75 2 192 2 108 105 2 10 0 0
9 1 1 1 100 0.75 2 193 3 117 114 2 10 0 0
9 1 1 1 100 0.75 2 194 4 126 122 3 10 0 0
9 1 1 1 100 0.75 2 195 5 135 130 4 10 0 0
9 1 1 1 100 0.75 2 196 5 144 139 5 10 0 0
9 1 1 1 100 0.75 2 197 5 153 148 5 10 0 0
9 1 1 1 100 0.75 2 198 7 162 155 5 10 0 0
9 1 1 1 100 0.75 2 199 8 171 165 7 10 0 2
9 1 1 1 100 0.75 2 200 9 180 173 8 10 0 2
9 1 1 1 100 0.75 2 201 9 189 183 9 10 0 2
9 1 1 1 100 0.75 2 202 10 198 192 9 10 0 2
9 1 1 1 100 0.75 2 203 11 207 201 10 10 0 3
9 1 1 1 100 0.75 2 204 12 216 209 11 10 0 3
9 1 1 1 100 0.75 2 205 13 225 217 12 10 0 4
9 1 1 1 100 0.75 2 206 14 234 227 13 10 0 5
9 1 1 1 100 0.75 2 207 15 243 236 14 10 0 6
9 1 1 1 100 0.75 2 208 17 252 242 15 10 0 6
9 1 1 1 100 0.75 2 209 17 261 253 17 10 0 7
9 1 1 1 100 0.75 2 210 18 270 260 17 10 0 7
9 1 1 1 100 0.75 2 211 18 279 271 18 10 0 8
9 1 1 1 100 0.75 2 212 18 288 280 18 10 0 9
9 1 1 1 100 0.75 2 213 20 297 289 18 10 0 10
9 1 1 1 100 0.75 2 214 24 306 296 20 10 0 12
9 1 1 1 100 0.75 2 215 25 314 303 23 11 1 11
9 1 1 1 100 0.75 2 216 25 323 313 24 11 1 13
9 1 1 1 100 0.75 2 217 25 331 322 23 12 2 12
9 1 1 1 100 0.75 2 218 26 340 331 23 12 2 13
9 1 1 1 100 0.75 2 219 28 348 337 23 13 3 12
9 1 1 1 100 0.75 2 220 29 357 347 25 13 3 13
9 1 1 1 100 0.75 2 221 33 366 355 26 13 3 15
9 1 1 1 100 0.75 2 222 34 375 364 30 13 3 16
9 1 1 1 100 0.75 2 223 36 383 371 30 14 4 15
9 1 1 1 100 0.75 2 224 36 392 380 32 14 4 15
9 1 1 1 100 0.75 2 225 37 400 388 31 15 5 15
9 1 1 1 100 0.75 2 226 38 408 396 31 16 6 15
9 1 1 1 100 0.75 2 227 41 416 401 31 17 7 15
9 1 1 1 100 0.75 2 228 43 425 411 34 17 7 15
9 1 1 1 100 0.75 2 229 46 433 418 35 18 8 15
9 1 1 1 100 0.75 2 230 48 441 424 37 19 9 15
9 1 1 1 100 0.75 2 231 50 450 432 39 19 9 17
9 1 1 1 100 0.75 2 232 53 456 437 38 22 12 14
9 1 1 1 100 0.75 2 233 53 464 446 40 23 13 13
9 1 1 1 100 0.75 2 234 54 472 455 39 24 14 14
9 1 1 1 100 0.75 2 235 59 481 461 41 24 14 14
9 1 1 1 100 0.75 2 236 64 489 466 45 25 15 14
9 1 1 1 100 0.75 2 237 65 497 475 49 26 16 14
9 1 1 1 100 0.75 2 238 68 504 481 48 28 18 14
9 1 1 1 100 0.75 2 239 72 512 484 50 29 19 14
9 1 1 1 100 0.75 2 240 73 521 497 54 29 19 16
9 1 1 1 100 0.75 2 241 75 529 504 54 30 20 16
9 1 1 1 100 0.75 2 242 80 538 510 56 30 20 17
9 1 1 1 100 0.75 2 243 84 547 520 61 30 20 22
9 1 1 1 100 0.75 2 244 85 555 530 64 31 21 23
9 1 1 1 100 0.75 2 245 90 562 532 63 33 23 23
9 1 1 1 100 0.75 2 246 94 571 541 69 33 23 25
9 1 1 1 100 0.75 2 247 96 579 548 73 34 24 26
9 1 1 1 100 0.75 2 248 99 587 554 75 35 25 27
9 1 1 1 100 0.75 2 249 100 596 565 78 35 25 29
9 1 1 1 100 0.75 2 250 102 604 573 78 36 26 30
9 1 1 1 100 0.75 2 251 110 612 578 79 37 27 32
9 1 1 1 100 0.75 2 252 112 620 585 86 38 28 31
9 1 1 1 100 0.75 2 253 117 627 593 86 40 30 35
9 1 1 1 100 0.75 2 254 121 636 598 92 40 30 39
9 1 1 1 100 0.75 2 255 124 644 607 95 41 31 38
9 1 1 1 100 0.75 2 256 127 652 614 97 42 32 39
9 1 1 1 100 0.75 2 257 129 661 622 100 41 32 40
9 1 1 1 100 0.75 2 258 133 670 632 102 41 32 44
9 1 1 1 100 0.75 2 259 136 676 640 103 44 35 44
9 1 1 1 100 0.75 2 260 142 683 643 105 46 37 47
9 1 1 1 100 0.75 2 261 144 690 651 109 48 39 47
9 1 1 1 100 0.75 2 262 152 695 649 107 52 43 49
9 1 1 1 100 0.75 2 263 157 700 651 111 56 47 46
9 1 1 1 100 0.75 2 264 164 706 656 113 59 50 45
9 1 1 1 100 0.75 2 265 167 713 662 118 61 52 44
9 1 1 1 100 0.75 2 266 172 721 669 121 61 53 47
9 1 1 1 100 0.75 2 267 178 728 672 124 63 55 47
9 1 1 1 100 0.75 2 268 182 733 678 126 67 59 48
9 1 1 1 100 0.75 2 269 191 739 677 127 69 62 50
9 1 1 1 100 0.75 2 270 199 745 683 134 72 65 51
9 1 1 1 100 0.75 2 271 205 753 689 142 73 66 55
9 1 1 1 100 0.75 2 272 211 759 694 145 76 69 56
9 1 1 1 100 0.75 2 273 214 767 697 152 77 70 58
9 1 1 1 100 0.75 2 274 223 772 703 151 81 74 59
9 1 1 1 100 0.75 2 275 229 778 707 157 84 77 58
9 1 1 1 100 0.75 2 276 238 786 711 162 85 78 60
9 1 1 1 100 0.75 2 277 244 793 718 170 87 80 64
9 1 1 1 100 0.75 2 278 255 799 725 174 90 83 67
9 1 1 1 100 0.75 2 279 264 803 717 181 95 88 66
9 1 1 1 100 0.75 2 280 274 808 721 186 99 92 70
9 1 1 1 100 0.75 2 281 281 815 725 195 101 94 69
9 1 1 1 100 0.75 2 282 294 820 727 199 105 98 72
9 1 1 1 100 0.75 2 283 304 828 731 212 106 99 79
9 1 1 1 100 0.75 2 284 314 831 728 218 112 105 76
9 1 1 1 100 0.75 2 285 326 837 733 226 115 108 82
9 1 1 1 100 0.75 2 286 338 843 736 236 118 111 87
9 1 1 1 100 0.75 2 287 347 849 734 249 121 114 87
9 1 1 1 100 0.75 2 288 356 855 741 257 124 117 95
9 1 1 1 100 0.75 2 289 369 856 737 260 132 125 96
9 1 1 1 100 0.75 2 290 383 862 741 272 135 128 99
9 1 1 1 100 0.75 2 291 395 866 733 281 140 133 105
9 1 1 1 100 0.75 2 292 404 874 744 296 141 134 114
9 1 1 1 100 0.75 2 293 417 880 752 303 144 137 123
9 1 1 1 100 0.75 2 294 431 885 752 315 148 141 129
9 1 1 1 100 0.75 2 295 443 891 759 326 151 144 138
9 1 1 1 100 0.75 2 296 454 894 755 334 157 150 140
9 1 1 1 100 0.75 2 297 467 898 758 342 162 155 151
9 1 1 1 100 0.75 2 298 481 901 758 352 168 161 155
9 1 1 1 100 0.75 2 299 492 902 752 360 176 169 157
9 1 1 1 100 0.75 2 300 508 907 747 373 180 173 164
9 1 1 1 100 0.75 2 301 526 906 738 382 190 183 163
9 1 1 1 100 0.75 2 302 537 910 737 397 195 188 168
9 1 1 1 100 0.75 2 303 547 916 739 412 198 191 170
9 1 1 1 100 0.75 2 304 559 919 738 419 204 197 174
9 1 1 1 100 0.75 2 305 578 917 730 423 215 208 178
9 1 1 1 100 0.75 2 306 590 920 737 438 221 214 181
9 1 1 1 100 0.75 2 307 605 922 731 448 228 221 185
9 1 1 1 100 0.75 2 308 623 914 702 449 245 238 185
9 1 1 1 100 0.75 2 309 641 914 705 462 254 247 194
9 1 1 1 100 0.75 2 310 656 914 700 474 263 256 194
9 1 1 1 100 0.75 2 311 667 913 689 484 273 266 191
9 1 1 1 100 0.75 2 312 682 912 683 490 283 276 194
9 1 1 1 100 0.75 2 313 698 912 675 503 292 285 201
9 1 1 1 100 0.75 2 314 713 908 661 514 305 298 203
9 1 1 1 100 0.75 2 315 724 903 659 519 319 312 202
9 1 1 1 100 0.75 2 316 744 903 645 526 328 321 213
9 1 1 1 100 0.75 2 317 760 897 632 536 343 336 210
9 1 1 1 100 0.75 2 318 774 900 621 558 349 342 223
9 1 1 1 100 0.75 2 319 779 905 625 575 353 346 231
9 1 1 1 100 0.75 2 320 794 902 630 577 365 358 231
9 1 1 1 100 0.75 2 321 805 898 619 582 377 371 232
9 1 1 1 100 0.75 2 322 819 899 608 595 385 379 235
9 1 1 1 100 0.75 2 323 835 895 602 601 398 392 233
9 1 1 1 100 0.75 2 324 851 886 587 605 415 410 240
9 1 1 1 100 0.75 2 325 858 885 571 619 424 420 248
9 1 1 1 100 0.75 2 326 868 882 572 621 436 432 250
9 1 1 1 100 0.75 2 327 877 882 569 629 444 441 249
9 1 1 1 100 0.75 2 328 885 881 551 636 454 451 254
9 1 1 1 100 0.75 2 329 892 880 561 641 464 461 255
9 1 1 1 100 0.75 2 330 903 874 531 642 479 476 261
9 1 1 1 100 0.75 2 330 903 874 874 642 727 476 261
9 1 1 1 100 0.75 2 360 903 874 874 642 11 476 261
9 1 1 1 100 0.75 3 361 0 9 9 0 11 0 0
9 1 1 1 100 0.75 3 362 0 18 18 0 11 0 0
9 1 1 1 100 0.75 3 363 0 27 27 0 11 0 0
9 1 1 1 100 0.75 3 364 0 36 36 0 11 0 0
9 1 1 1 100 0.75 3 365 0 45 45 0 11 0 0
9 1 1 1 100 0.75 3 366 0 54 54 0 11 0 0
9 1 1 1 100 0.75 3 367 0 63 63 0 11 0 0
9 1 1 1 100 0.75 3 368 0 72 71 0 11 0 0
9 1 1 1 100 0.75 3 369 0 81 81 0 11 0 0
9 1 1 1 100 0.75 3 370 0 90 89 0 11 0 0
9 1 1 1 100 0.75 3 371 0 99 99 0 11 0 0
9 1 1 1 100 0.75 3 372 1 108 106 0 11 0 0
9 1 1 1 100 0.75 3 373 3 117 114 1 11 0 0
9 1 1 1 100 0.75 3 374 5 126 121 3 11 0 0
9 1 1 1 100 0.75 3 375 6 135 129 5 11 0 0
9 1 1 1 100 0.75 3 376 6 144 138 6 11 0 0
9 1 1 1 100 0.75 3 377 6 153 147 6 11 0 0
9 1 1 1 100 0.75 3 378 6 162 156 6 11 0 0
9 1 1 1 100 0.75 3 379 6 171 166 6 11 0 0
9 1 1 1 100 0.75 3 380 8 180 174 6 11 0 1
9 1 1 1 100 0.75 3 381 11 189 180 8 11 0 2
9 1 1 1 100 0.75 3 382 14 198 189 11 11 0 3
9 1 1 1 100 0.75 3 383 16 207 196 14 11 0 3
9 1 1 1 100 0.75 3 384 16 216 205 16 11 0 3
9 1 1 1 100 0.75 3 385 16 225 214 16 11 0 3
9 1 1 1 100 0.75 3 386 16 234 223 16 11 0 3
9 1 1 1 100 0.75 3 387 17 243 232 16 11 0 4
9 1 1 1 100 0.75 3 388 18 252 241 17 11 0 4
9 1 1 1 100 0.75 3 389 21 261 252 18 11 0 8
9 1 1 1 100 0.75 3 390 24 270 261 21 11 0 11
9 1 1 1 100 0.75 3 391 24 279 268 24 11 0 11
9 1 1 1 100 0.75 3 392 24 288 278 24 11 0 11
9 1 1 1 100 0.75 3 393 25 297 286 24 11 0 11
9 1 1 1 100 0.75 3 394 25 306 297 25 11 0 12
9 1 1 1 100 0.75 3 395 26 314 305 24 12 1 12
9 1 1 1 100 0.75 3 396 28 322 311 24 13 2 11
9 1 1 1 100 0.75 3 397 30 331 322 26 13 2 13
9 1 1 1 100 0.75 3 398 34 340 329 28 13 2 15
9 1 1 1 100 0.75 3 399 35 348 335 31 14 3 14
9 1 1 1 100 0.75 3 400 37 357 343 32 14 3 14
9 1 1 1 100 0.75 3 401 37 366 353 34 14 3 14
9 1 1 1 100 0.75 3 402 37 375 361 34 14 3 15
9 1 1 1 100 0.75 3 403 38 384 371 34 14 3 17
9 1 1 1 100 0.75 3 404 41 392 380 34 15 4 18
9 1 1 1 100 0.75 3 405 43 401 388 37 15 4 18
9 1 1 1 100 0.75 3 406 45 407 395 36 18 7 18
9 1 1 1 100 0.75 3 407 46 415 402 37 19 8 17
9 1 1 1 100 0.75 3 408 48 424 410 38 19 8 18
9 1 1 1 100 0.75 3 409 51 431 412 38 21 10 16
9 1 1 1 100 0.75 3 410 54 438 421 39 23 12 15
9 1 1 1 100 0.75 3 411 55 447 429 42 23 12 17
9 1 1 1 100 0.75 3 412 58 456 438 43 23 12 17
9 1 1 1 100 0.75 3 413 61 464 442 45 24 13 17
9 1 1 1 100 0.75 3 414 63 472 449 47 25 14 17
9 1 1 1 100 0.75 3 415 67 480 459 48 26 15 19
9 1 1 1 100 0.75 3 416 71 488 464 51 27 16 20
9 1 1 1 100 0.75 3 417 74 497 473 55 27 16 23
9 1 1 1 100 0.75 3 418 76 505 480 57 28 17 22
9 1 1 1 100 0.75 3 419 78 514 489 59 28 17 25
9 1 1 1 100 0.75 3 420 81 521 497 59 30 19 25
9 1 1 1 100 0.75 3 421 85 529 503 61 31 20 27
9 1 1 1 100 0.75 3 422 87 538 510 65 31 20 29
9 1 1 1 100 0.75 3 423 90 545 516 65 33 22 30
9 1 1 1 100 0.75 3 424 94 553 524 67 34 23 35
9 1 1 1 100 0.75 3 425 97 561 532 70 35 24 35
9 1 1 1 100 0.75 3 426 101 568 538 71 37 26 35
9 1 1 1 100 0.75 3 427 105 576 545 74 38 27 35
9 1 1 1 100 0.75 3 428 110 585 553 78 38 27 38
9 1 1 1 100 0.75 3 429 112 592 558 81 40 29 38
9 1 1 1 100 0.75 3 430 119 598 562 80 43 32 37
9 1 1 1 100 0.75 3 431 125 606 566 86 44 33 39
9 1 1 1 100 0.75 3 432 129 613 572 92 46 35 41
9 1 1 1 100 0.75 3 433 133 621 579 95 47 36 43
9 1 1 1 100 0.75 3 434 134 629 587 99 48 37 44
9 1 1 1 100 0.75 3 435 142 635 591 98 51 40 44
9 1 1 1 100 0.75 3 436 147 641 596 103 54 43 44
9 1 1 1 100 0.75 3 437 152 648 597 106 56 45 46
9 1 1 1 100 0.75 3 438 159 656 607 110 57 46 52
9 1 1 1 100 0.75 3 439 168 659 606 111 63 52 51
9 1 1 1 100 0.75 3 440 171 667 614 119 64 53 52
9 1 1 1 100 0.75 3 441 174 674 618 120 66 55 54
9 1 1 1 100 0.75 3 442 182 680 622 120 69 58 57
9 1 1 1 100 0.75 3 443 186 689 634 128 69 58 60
9 1 1 1 100 0.75 3 444 198 694 632 129 73 62 56
9 1 1 1 100 0.75 3 445 207 701 634 142 75 64 60
9 1 1 1 100 0.75 3 446 214 706 640 148 79 68 61
9 1 1 1 100 0.75 3 447 222 714 644 154 80 69 63
9 1 1 1 100 0.75 3 448 226 721 650 160 82 71 62
9 1 1 1 100 0.75 3 449 233 727 650 163 85 74 63
9 1 1 1 100 0.75 3 450 238 734 660 170 87 76 66
9 1 1 1 100 0.75 3 451 252 741 658 175 89 78 72
9 1 1 1 100 0.75 3 452 262 745 659 185 94 83 77
9 1 1 1 100 0.75 3 453 274 748 664 189 100 89 76
9 1 1 1 100 0.75 3 454 281 757 668 202 100 89 80
9 1 1 1 100 0.75 3 455 287 759 667 204 107 96 79
9 1 1 1 100 0.75 3 456 295 767 675 210 108 97 87
9 1 1 1 100 0.75 3 457 301 773 678 217 111 100 89
9 1 1 1 100 0.75 3 458 312 774 679 216 119 108 88
9 1 1 1 100 0.75 3 459 322 782 686 228 120 109 98
9 1 1 1 100 0.75 3 460 339 788 689 237 123 112 103
9 1 1 1 100 0.75 3 461 347 794 687 253 126 115 109
9 1 1 1 100 0.75 3 462 355 800 696 259 129 118 109
9 1 1 1 100 0.75 3 463 364 804 693 263 134 123 113
9 1 1 1 100 0.75 3 464 383 806 686 266 141 130 116
9 1 1 1 100 0.75 3 465 393 812 694 283 144 133 118
9 1 1 1 100 0.75 3 466 402 815 690 288 150 139 119
9 1 1 1 100 0.75 3 467 416 820 692 295 154 143 127
9 1 1 1 100 0.75 3 468 431 826 695 307 157 146 134
9 1 1 1 100 0.75 3 469 438 828 693 317 164 153 133
9 1 1 1 100 0.75 3 470 449 831 688 319 170 159 133
9 1 1 1 100 0.75 3 471 471 833 680 326 177 166 139
9 1 1 1 100 0.75 3 472 480 839 680 346 180 169 147
9 1 1 1 100 0.75 3 473 486 841 686 353 187 176 141
9 1 1 1 100 0.75 3 474 506 838 679 351 199 188 143
9 1 1 1 100 0.75 3 475 523 837 668 362 209 198 142
9 1 1 1 100 0.75 3 476 537 836 658 373 219 208 142
9 1 1 1 100 0.75 3 477 547 840 658 386 224 213 146
9 1 1 1 100 0.75 3 478 563 843 661 393 230 219 159
9 1 1 1 100 0.75 3 479 573 845 660 403 237 226 165
9 1 1 1 100 0.75 3 480 585 844 653 406 247 236 167
9 1 1 1 100 0.75 3 481 602 850 659 417 250 239 176
9 1 1 1 100 0.75 3 482 618 850 649 430 259 248 181
9 1 1 1 100 0.75 3 483 625 850 647 442 268 257 181
9 1 1 1 100 0.75 3 484 642 852 642 448 275 264 187
9 1 1 1 100 0.75 3 485 659 853 636 462 283 272 186
9 1 1 1 100 0.75 3 486 671 850 632 470 295 284 183
9 1 1 1 100 0.75 3 487 685 846 604 474 308 297 181
9 1 1 1 100 0.75 3 488 701 850 612 488 313 302 190
9 1 1 1 100 0.75 3 489 721 853 609 502 319 308 200
9 1 1 1 100 0.75 3 490 732 851 596 517 330 319 201
9 1 1 1 100 0.75 3 491 749 853 600 521 337 326 210
9 1 1 1 100 0.75 3 492 757 852 600 533 347 336 214
9 1 1 1 100 0.75 3 493 774 848 586 534 360 349 221
9 1 1 1 100 0.75 3 494 784 843 570 543 374 363 217
9 1 1 1 100 0.75 3 495 792 842 572 551 384 373 217
9 1 1 1 100 0.75 3 496 811 844 564 564 391 380 228
9 1 1 1 100 0.75 3 497 823 838 552 572 406 395 231
9 1 1 1 100 0.75 3 498 834 834 539 579 419 408 226
9 1 1 1 100 0.75 3 499 845 830 537 582 432 421 223
9 1 1 1 100 0.75 3 500 860 823 514 581 448 437 219
9 1 1 1 100 0.75 3 501 875 823 517 592 457 446 232
9 1 1 1 100 0.75 3 502 885 824 508 607 465 454 239
9 1 1 1 100 0.75 3 503 894 822 509 617 476 465 243
9 1 1 1 100 0.75 3 504 905 820 500 624 487 476 251
9 1 1 1 100 0.75 3 505 918 821 498 633 495 484 258
9 1 1 1 100 0.75 3 506 929 818 492 637 507 496 257
9 1 1 1 100 0.75 3 507 941 804 466 633 529 519 247
9 1 1 1 100 0.75 3 508 960 798 451 638 544 534 247
9 1 1 1 100 0.75 3 509 970 787 433 643 564 554 244
9 1 1 1 100 0.75 3 510 980 785 429 651 575 565 247
9 1 1 1 100 0.75 3 510 980 785 785 651 808 565 247
9 1 1 1 100 0.75 3 540 980 785 785 651 10 565 247
9 1 1 1 100 0.75 4 541 0 9 9 0 10 0 0
9 1 1 1 100 0.75 4 542 0 18 18 0 10 0 0
9 1 1 1 100 0.75 4 543 0 27 27 0 10 0 0
9 1 1 1 100 0.75 4 544 0 36 36 0 10 0 0
9 1 1 1 100 0.75 4 545 0 45 45 0 10 0 0
9 1 1 1 100 0.75 4 546 0 54 54 0 10 0 0
9 1 1 1 100 0.75 4 547 0 63 63 0 10 0 0
9 1 1 1 100 0.75 4 548 0 72 72 0 10 0 0
9 1 1 1 100 0.75 4 549 1 81 80 0 10 0 0
9 1 1 1 100 0.75 4 550 1 90 89 1 10 0 0
9 1 1 1 100 0.75 4 551 1 99 98 1 10 0 0
9 1 1 1 100 0.75 4 552 1 108 106 1 10 0 0
9 1 1 1 100 0.75 4 553 3 117 114 1 10 0 0
9 1 1 1 100 0.75 4 554 4 126 122 3 10 0 0
9 1 1 1 100 0.75 4 555 4 135 131 4 10 0 0
9 1 1 1 100 0.75 4 556 4 144 140 4 10 0 0
9 1 1 1 100 0.75 4 557 5 153 149 4 10 0 0
9 1 1 1 100 0.75 4 558 6 162 157 5 10 0 0
9 1 1 1 100 0.75 4 559 7 171 165 6 10 0 0
9 1 1 1 100 0.75 4 560 10 180 173 7 10 0 2
9 1 1 1 100 0.75 4 561 10 189 181 10 10 0 2
9 1 1 1 100 0.75 4 562 12 198 190 10 10 0 2
9 1 1 1 100 0.75 4 563 14 207 197 12 10 0 2
9 1 1 1 100 0.75 4 564 14 216 207 14 10 0 3
9 1 1 1 100 0.75 4 565 15 225 216 14 10 0 4
9 1 1 1 100 0.75 4 566 16 234 225 15 10 0 5
9 1 1 1 100 0.75 4 567 17 243 234 16 10 0 6
9 1 1 1 100 0.75 4 568 18 252 244 17 10 0 7
9 1 1 1 100 0.75 4 569 21 261 251 18 10 0 7
9 1 1 1 100 0.75 4 570 21 270 263 21 10 0 8
9 1 1 1 100 0.75 4 571 21 279 272 21 10 0 8
9 1 1 1 100 0.75 4 572 24 288 279 21 10 0 8
9 1 1 1 100 0.75 4 573 24 297 288 24 10 0 8
9 1 1 1 100 0.75 4 574 24 306 298 24 10 0 8
9 1 1 1 100 0.75 4 575 28 315 305 24 10 0 9
9 1 1 1 100 0.75 4 576 28 323 313 27 11 1 8
9 1 1 1 100 0.75 4 577 31 332 322 27 11 1 9
9 1 1 1 100 0.75 4 578 32 340 329 29 12 2 8
9 1 1 1 100 0.75 4 579 32 349 339 30 12 2 9
9 1 1 1 100 0.75 4 580 35 357 345 29 13 3 10
9 1 1 1 100 0.75 4 581 36 366 354 32 13 3 10
9 1 1 1 100 0.75 4 582 39 375 363 33 13 3 13
9 1 1 1 100 0.75 4 583 39 384 373 36 13 3 14
9 1 1 1 100 0.75 4 584 42 392 380 35 14 4 15
9 1 1 1 100 0.75 4 585 44 399 386 36 16 6 14
9 1 1 1 100 0.75 4 586 46 408 394 38 16 6 15
9 1 1 1 100 0.75 4 587 47 417 405 40 16 6 17
9 1 1 1 100 0.75 4 588 48 424 412 39 18 8 15
9 1 1 1 100 0.75 4 589 51 433 417 40 18 8 16
9 1 1 1 100 0.75 4 590 53 442 427 43 18 8 16
9 1 1 1 100 0.75 4 591 56 451 435 45 18 8 19
9 1 1 1 100 0.75 4 592 57 459 443 47 19 9 19
9 1 1 1 100 0.75 4 593 57 468 451 49 19 9 20
9 1 1 1 100 0.75 4 594 61 476 460 48 20 10 21
9 1 1 1 100 0.75 4 595 63 484 465 51 21 11 21
9 1 1 1 100 0.75 4 596 65 493 475 53 21 11 22
9 1 1 1 100 0.75 4 597 69 500 479 53 23 13 22
9 1 1 1 100 0.75 4 598 73 508 487 56 24 14 22
9 1 1 1 100 0.75 4 599 76 515 492 58 26 16 22
9 1 1 1 100 0.75 4 600 79 522 498 59 28 18 22
9 1 1 1 100 0.75 4 601 80 530 507 61 29 19 23
9 1 1 1 100 0.75 4 602 86 538 513 61 30 20 25
9 1 1 1 100 0.75 4 603 89 546 516 66 31 21 25
9 1 1 1 100 0.75 4 604 91 553 526 67 33 23 25
9 1 1 1 100 0.75 4 605 97 561 531 68 34 24 26
9 1 1 1 100 0.75 4 606 103 570 539 74 34 24 31
9 1 1 1 100 0.75 4 607 105 579 548 80 34 24 33
9 1 1 1 100 0.75 4 608 109 587 554 81 35 25 32
9 1 1 1 100 0.75 4 609 112 594 561 83 37 27 33
9 1 1 1 100 0.75 4 610 116 601 566 84 39 29 33
9 1 1 1 100 0.75 4 611 121 609 573 88 40 30 35
9 1 1 1 100 0.75 4 612 125 617 581 92 41 31 36
9 1 1 1 100 0.75 4 613 133 623 585 94 44 34 38
9 1 1 1 100 0.75 4 614 140 631 592 101 45 35 40
9 1 1 1 100 0.75 4 615 143 639 596 107 46 36 40
9 1 1 1 100 0.75 4 616 147 646 603 108 48 38 40
9 1 1 1 100 0.75 4 617 150 653 611 110 50 40 41
9 1 1 1 100 0.75 4 618 155 660 615 111 52 42 44
9 1 1 1 100 0.75 4 619 161 665 617 112 56 46 41
9 1 1 1 100 0.75 4 620 171 674 625 119 56 46 47
9 1 1 1 100 0.75 4 621 182 680 626 126 59 49 49
9 1 1 1 100 0.75 4 622 196 683 622 131 65 55 47
9 1 1 1 100 0.75 4 623 200 691 629 144 66 56 49
9 1 1 1 100 0.75 4 624 202 697 637 145 69 59 48
9 1 1 1 100 0.75 4 625 204 706 643 147 69 59 49
9 1 1 1 100 0.75 4 626 210 714 655 149 70 60 53
9 1 1 1 100 0.75 4 627 218 721 661 153 72 62 59
9 1 1 1 100 0.75 4 628 227 729 669 160 73 63 64
9 1 1 1 100 0.75 4 629 237 734 671 165 77 67 69
9 1 1 1 100 0.75 4 630 249 741 678 173 79 69 74
9 1 1 1 100 0.75 4 631 259 749 680 184 80 70 76
9 1 1 1 100 0.75 4 632 262 755 683 193 83 73 75
9 1 1 1 100 0.75 4 633 265 761 687 193 86 76 74
9 1 1 1 100 0.75 4 634 275 766 690 193 90 80 74
9 1 1 1 100 0.75 4 635 284 772 692 200 93 83 75
9 1 1 1 100 0.75 4 636 298 779 694 210 95 85 81
9 1 1 1 100 0.75 4 637 308 785 695 221 98 88 84
9 1 1 1 100 0.75 4 638 320 786 699 223 106 96 87
9 1 1 1 100 0.75 4 639 328 795 701 235 106 96 92
9 1 1 1 100 0.75 4 640 332 800 700 242 110 100 90
9 1 1 1 100 0.75 4 641 342 804 705 242 115 105 90
9 1 1 1 100 0.75 4 642 352 810 709 249 118 108 95
9 1 1 1 100 0.75 4 643 364 815 709 256 122 112 100
9 1 1 1 100 0.75 4 644 376 818 710 265 128 118 104
9 1 1 1 100 0.75 4 645 385 821 708 274 134 124 106
9 1 1 1 100 0.75 4 646 401 820 704 273 144 134 106
9 1 1 1 100 0.75 4 647 416 827 704 288 146 136 110
9 1 1 1 100 0.75 4 648 422 833 706 300 149 139 112
9 1 1 1 100 0.75 4 649 434 835 709 300 156 146 112
9 1 1 1 100 0.75 4 650 445 839 710 310 161 151 118
9 1 1 1 100 0.75 4 651 460 845 712 318 164 154 125
9 1 1 1 100 0.75 4 652 467 849 708 330 169 159 130
9 1 1 1 100 0.75 4 653 481 855 708 339 172 162 137
9 1 1 1 100 0.75 4 654 492 851 701 346 185 175 135
9 1 1 1 100 0.75 4 655 504 856 701 358 189 179 140
9 1 1 1 100 0.75 4 656 510 864 713 371 190 180 151
9 1 1 1 100 0.75 4 657 523 866 711 374 197 187 152
9 1 1 1 100 0.75 4 658 536 867 704 381 205 195 153
9 1 1 1 100 0.75 4 659 548 871 708 392 210 200 156
9 1 1 1 100 0.75 4 660 561 871 696 401 219 209 159
9 1 1 1 100 0.75 4 661 575 865 682 402 234 224 157
9 1 1 1 100 0.75 4 662 585 867 685 413 241 231 162
9 1 1 1 100 0.75 4 663 597 871 678 424 246 236 167
9 1 1 1 100 0.75 4 664 605 875 678 435 250 241 169
9 1 1 1 100 0.75 4 665 619 877 683 443 257 248 180
9 1 1 1 100 0.75 4 666 632 878 675 452 265 256 179
9 1 1 1 100 0.75 4 667 646 881 669 465 270 262 190
9 1 1 1 100 0.75 4 668 657 881 671 474 279 271 191
9 1 1 1 100 0.75 4 669 672 876 649 476 293 285 194
9 1 1 1 100 0.75 4 670 684 876 647 485 302 294 196
9 1 1 1 100 0.75 4 671 696 874 634 492 313 305 199
9 1 1 1 100 0.75 4 672 715 873 636 502 323 315 206
9 1 1 1 100 0.75 4 673 729 869 617 515 336 328 207
9 1 1 1 100 0.75 4 674 745 873 615 526 340 333 214
9 1 1 1 100 0.75 4 675 758 875 617 545 347 340 221
9 1 1 1 100 0.75 4 676 773 879 616 557 352 345 227
9 1 1 1 100 0.75 4 677 786 877 614 565 363 356 225
9 1 1 1 100 0.75 4 678 801 864 573 563 385 378 220
9 1 1 1 100 0.75 4 679 812 864 586 574 394 387 227
9 1 1 1 100 0.75 4 680 822 856 571 574 411 404 229
9 1 1 1 100 0.75 4 681 835 858 560 582 418 411 236
9 1 1 1 100 0.75 4 682 852 854 553 591 431 424 238
9 1 1 1 100 0.75 4 683 865 847 532 604 447 440 240
9 1 1 1 100 0.75 4 684 872 849 529 616 454 447 247
9 1 1 1 100 0.75 4 685 888 845 526 616 467 460 255
9 1 1 1 100 0.75 4 686 898 841 503 630 480 473 257
9 1 1 1 100 0.75 4 687 902 841 518 638 488 482 257
9 1 1 1 100 0.75 4 688 910 832 490 629 506 500 254
9 1 1 1 100 0.75 4 689 920 827 486 632 520 514 264
9 1 1 1 100 0.75 4 690 929 823 479 637 533 527 269
9 1 1 1 100 0.75 4 690 929 823 823 637 789 527 269
9 1 1 1 100 0.75 4 720 929 823 823 637 10 527 269
9 1 1 1 100 0.75 5 721 0 9 9 0 10 0 0
9 1 1 1 100 0.75 5 722 0 18 18 0 10 0 0
9 1 1 1 100 0.75 5 723 0 27 27 0 10 0 0
9 1 1 1 100 0.75 5 724 0 36 36 0 10 0 0
9 1 1 1 100 0.75 5 725 0 45 45 0 10 0 0
9 1 1 1 100 0.75 5 726 0 54 54 0 10 0 0
9 1 1 1 100 0.75 5 727 0 63 63 0 10 0 0
9 1 1 1 100 0.75 5 728 0 72 72 0 10 0 0
9 1 1 1 100 0.75 5 729 0 81 80 0 10 0 0
9 1 1 1 100 0.75 5 730 0 90 90 0 10 0 0
9 1 1 1 100 0.75 5 731 2 99 96 0 10 0 0
9 1 1 1 100 0.75 5 732 2 108 106 2 10 0 0
9 1 1 1 100 0.75 5 733 3 117 113 2 10 0 0
9 1 1 1 100 0.75 5 734 3 126 122 3 10 0 0
9 1 1 1 100 0.75 5 735 4 135 131 3 10 0 0
9 1 1 1 100 0.75 5 736 6 144 138 4 10 0 0
9 1 1 1 100 0.75 5 737 6 153 147 6 10 0 0
9 1 1 1 100 0.75 5 738 7 162 156 6 10 0 1
9 1 1 1 100 0.75 5 739 7 171 166 7 10 0 1
9 1 1 1 100 0.75 5 740 8 180 175 7 10 0 2
9 1 1 1 100 0.75 5 741 9 189 182 8 10 0 2
9 1 1 1 100 0.75 5 742 10 198 192 9 10 0 3
9 1 1 1 100 0.75 5 743 10 207 200 10 10 0 3
9 1 1 1 100 0.75 5 744 11 216 211 10 10 0 5
9 1 1 1 100 0.75 5 745 11 225 220 11 10 0 6
9 1 1 1 100 0.75 5 746 11 234 229 11 10 0 6
9 1 1 1 100 0.75 5 747 13 243 238 11 10 0 7
9 1 1 1 100 0.75 5 748 14 252 246 13 10 0 7
9 1 1 1 100 0.75 5 749 15 261 255 14 10 0 8
9 1 1 1 100 0.75 5 750 17 270 263 15 10 0 8
9 1 1 1 100 0.75 5 751 18 279 271 17 10 0 9
9 1 1 1 100 0.75 5 752 18 288 281 18 10 0 9
9 1 1 1 100 0.75 5 753 19 296 287 17 11 1 8
9 1 1 1 100 0.75 5 754 20 305 296 18 11 1 8
9 1 1 1 100 0.75 5 755 23 314 304 19 11 1 11
9 1 1 1 100 0.75 5 756 23 323 314 22 11 1 11
9 1 1 1 100 0.75 5 757 25 331 320 21 12 2 11
9 1 1 1 100 0.75 5 758 27 339 328 22 13 3 12
9 1 1 1 100 0.75 5 759 30 348 336 24 13 3 13
9 1 1 1 100 0.75 5 760 30 356 344 26 14 4 12
9 1 1 1 100 0.75 5 761 30 365 354 26 14 4 13
9 1 1 1 100 0.75 5 762 31 372 361 24 16 6 12
9 1 1 1 100 0.75 5 763 33 381 370 25 16 6 13
9 1 1 1 100 0.75 5 764 36 390 377 27 16 6 14
9 1 1 1 100 0.75 5 765 39 398 382 29 17 7 14
9 1 1 1 100 0.75 5 766 42 407 392 32 17 7 17
9 1 1 1 100 0.75 5 767 46 415 397 34 18 8 17
9 1 1 1 100 0.75 5 768 46 423 406 37 19 9 16
9 1 1 1 100 0.75 5 769 47 432 415 37 19 9 16
9 1 1 1 100 0.75 5 770 49 440 422 37 20 10 18
9 1 1 1 100 0.75 5 771 51 449 432 39 20 10 18
9 1 1 1 100 0.75 5 772 53 457 439 40 21 11 19
9 1 1 1 100 0.75 5 773 58 465 447 41 22 12 22
9 1 1 1 100 0.75 5 774 62 473 455 45 23 13 23
9 1 1 1 100 0.75 5 775 69 481 457 48 24 14 23
9 1 1 1 100 0.75 5 776 69 489 464 54 25 15 23
9 1 1 1 100 0.75 5 777 71 498 474 55 25 15 23
9 1 1 1 100 0.75 5 778 73 506 481 56 26 16 22
9 1 1 1 100 0.75 5 779 74 512 488 55 29 19 20
9 1 1 1 100 0.75 5 780 79 521 496 56 29 19 22
9 1 1 1 100 0.75 5 781 85 529 502 60 30 20 25
9 1 1 1 100 0.75 5 782 90 537 510 65 31 21 28
9 1 1 1 100 0.75 5 783 96 544 513 69 33 23 28
9 1 1 1 100 0.75 5 784 99 553 523 75 33 23 30
9 1 1 1 100 0.75 5 785 103 561 528 77 34 24 31
9 1 1 1 100 0.75 5 786 104 567 533 79 37 27 29
9 1 1 1 100 0.75 5 787 105 576 542 80 37 27 30
9 1 1 1 100 0.75 5 788 112 584 550 80 38 28 34
9 1 1 1 100 0.75 5 789 118 591 557 85 40 30 37
9 1 1 1 100 0.75 5 790 126 597 559 89 43 33 36
9 1 1 1 100 0.75 5 791 131 606 566 97 43 33 41
9 1 1 1 100 0.75 5 792 135 614 577 101 44 34 45
9 1 1 1 100 0.75 5 793 141 621 578 103 46 36 45
9 1 1 1 100 0.75 5 794 143 628 582 109 48 38 44
9 1 1 1 100 0.75 5 795 147 636 590 110 49 39 46
9 1 1 1 100 0.75 5 796 151 644 599 113 50 40 49
9 1 1 1 100 0.75 5 797 162 651 605 115 52 42 55
9 1 1 1 100 0.75 5 798 166 658 608 124 54 44 54
9 1 1 1 100 0.75 5 799 178 665 615 126 56 46 59
9 1 1 1 100 0.75 5 800 180 673 618 138 57 47 59
9 1 1 1 100 0.75 5 801 186 681 631 140 58 48 67
9 1 1 1 100 0.75 5 802 190 686 628 142 62 52 64
9 1 1 1 100 0.75 5 803 198 692 628 145 65 55 64
9 1 1 1 100 0.75 5 804 206 700 640 152 66 56 70
9 1 1 1 100 0.75 5 805 213 705 640 156 70 60 68
9 1 1 1 100 0.75 5 806 220 711 647 162 73 63 73
9 1 1 1 100 0.75 5 807 229 715 650 164 78 68 73
9 1 1 1 100 0.75 5 808 236 721 649 171 81 71 74
9 1 1 1 100 0.75 5 809 248 727 651 176 84 74 76
9 1 1 1 100 0.75 5 810 250 732 657 185 88 78 77
9 1 1 1 100 0.75 5 811 261 735 654 184 94 84 77
9 1 1 1 100 0.75 5 812 274 744 656 195 94 84 84
9 1 1 1 100 0.75 5 813 280 749 664 205 98 88 85
9 1 1 1 100 0.75 5 814 296 752 660 205 104 94 89
9 1 1 1 100 0.75 5 815 304 757 663 217 108 98 88
9 1 1 1 100 0.75 5 816 314 763 666 222 111 101 90
9 1 1 1 100 0.75 5 817 327 769 671 229 114 104 95
9 1 1 1 100 0.75 5 818 337 776 669 241 116 106 99
9 1 1 1 100 0.75 5 819 353 779 671 246 122 112 103
9 1 1 1 100 0.75 5 820 364 783 673 259 127 117 105
9 1 1 1 100 0.75 5 821 372 784 668 264 135 125 101
9 1 1 1 100 0.75 5 822 395 787 664 268 141 131 111
9 1 1 1 100 0.75 5 823 406 792 666 290 145 135 111
9 1 1 1 100 0.75 5 824 413 795 667 296 151 141 114
9 1 1 1 100 0.75 5 825 424 801 675 301 154 144 119
9 1 1 1 100 0.75 5 826 439 805 671 308 159 149 127
9 1 1 1 100 0.75 5 827 453 810 676 319 163 153 137
9 1 1 1 100 0.75 5 828 466 816 671 335 166 156 142
9 1 1 1 100 0.75 5 829 481 817 674 342 174 164 148
9 1 1 1 100 0.75 5 830 496 820 675 353 180 170 155
9 1 1 1 100 0.75 5 831 512 823 669 365 186 176 158
9 1 1 1 100 0.75 5 832 525 825 664 377 193 183 158
9 1 1 1 100 0.75 5 833 536 825 664 382 202 192 157
9 1 1 1 100 0.75 5 834 560 825 650 385 211 201 164
9 1 1 1 100 0.75 5 835 571 831 655 408 214 204 173
9 1 1 1 100 0.75 5 836 590 835 655 422 219 209 184
9 1 1 1 100 0.75 5 837 604 834 645 435 229 219 184
9 1 1 1 100 0.75 5 838 615 842 659 449 230 220 198
9 1 1 1 100 0.75 5 839 634 842 655 453 239 229 204
9 1 1 1 100 0.75 5 840 648 842 645 466 248 238 201
9 1 1 1 100 0.75 5 841 663 838 640 468 261 251 200
9 1 1 1 100 0.75 5 842 681 838 628 478 270 260 209
9 1 1 1 100 0.75 5 843 690 836 624 490 281 271 210
9 1 1 1 100 0.75 5 844 704 837 616 496 289 279 217
9 1 1 1 100 0.75 5 845 723 834 619 507 301 291 215
9 1 1 1 100 0.75 5 846 736 828 591 513 316 306 214
9 1 1 1 100 0.75 5 847 746 828 595 523 325 315 221
9 1 1 1 100 0.75 5 848 759 827 581 531 335 325 227
9 1 1 1 100 0.75 5 849 770 823 568 535 348 338 228
9 1 1 1 100 0.75 5 850 782 821 563 541 359 349 234
9 1 1 1 100 0.75 5 851 801 819 550 545 370 360 237
9 1 1 1 100 0.75 5 852 815 821 553 562 377 367 247
9 1 1 1 100 0.75 5 853 826 815 544 566 392 382 246
9 1 1 1 100 0.75 5 854 835 809 541 569 407 397 247
9 1 1 1 100 0.75 5 855 847 804 512 572 421 411 249
9 1 1 1 100 0.75 5 856 855 805 524 581 429 419 255
9 1 1 1 100 0.75 5 857 864 801 514 582 441 432 252
9 1 1 1 100 0.75 5 858 878 795 485 586 456 447 251
9 1 1 1 100 0.75 5 859 888 795 487 594 464 456 258
9 1 1 1 100 0.75 5 860 899 793 495 598 475 467 260
9 1 1 1 100 0.75 5 861 904 787 478 599 490 482 254
9 1 1 1 100 0.75 5 862 914 776 465 590 510 502 257
9 1 1 1 100 0.75 5 863 926 774 462 601 521 513 258
9 1 1 1 100 0.75 5 864 935 770 447 607 534 526 260
9 1 1 1 100 0.75 5 865 943 762 435 609 549 543 255
9 1 1 1 100 0.75 5 866 949 756 416 605 564 558 251
9 1 1 1 100 0.75 5 867 955 750 407 608 579 573 250
9 1 1 1 100 0.75 5 868 961 741 408 605 597 591 240
9 1 1 1 100 0.75 5 869 972 730 383 594 616 611 230
9 1 1 1 100 0.75 5 870 977 724 373 599 630 626 230
9 1 1 1 100 0.75 5 870 977 724 724 599 846 626 230
9 1 1 1 100 0.75 5 900 977 724 724 599 10 626 230
9 1 1 1 100 0.75 6 901 0 9 9 0 10 0 0
9 1 1 1 100 0.75 6 902 0 18 18 0 10 0 0
9 1 1 1 100 0.75 6 903 0 27 27 0 10 0 0
9 1 1 1 100 0.75 6 904 0 36 36 0 10 0 0
9 1 1 1 100 0.75 6 905 0 45 45 0 10 0 0
9 1 1 1 100 0.75 6 906 0 54 54 0 10 0 0
9 1 1 1 100 0.75 6 907 0 63 62 0 10 0 0
9 1 1 1 100 0.75 6 908 0 72 71 0 10 0 0
9 1 1 1 100 0.75 6 909 1 81 80 0 10 0 0
9 1 1 1 100 0.75 6 910 2 90 87 1 10 0 0
9 1 1 1 100 0.75 6 911 3 99 96 2 10 0 0
9 1 1 1 100 0.75 6 912 4 108 104 3 10 0 0
9 1 1 1 100 0.75 6 913 4 117 113 4 10 0 0
9 1 1 1 100 0.75 6 914 4 126 122 4 10 0 0
9 1 1 1 100 0.75 6 915 4 135 131 4 10 0 0
9 1 1 1 100 0.75 6 916 4 144 140 4 10 0 0
9 1 1 1 100 0.75 6 917 6 153 149 4 10 0 1
9 1 1 1 100 0.75 6 918 8 162 155 6 10 0 1
9 1 1 1 100 0.75 6 919 8 171 166 8 10 0 2
9 1 1 1 100 0.75 6 920 9 180 175 8 10 0 2
9 1 1 1 100 0.75 6 921 9 189 181 9 10 0 2
9 1 1 1 100 0.75 6 922 9 198 193 9 10 0 2
9 1 1 1 100 0.75 6 923 10 207 200 9 10 0 2
9 1 1 1 100 0.75 6 924 11 216 209 10 10 0 2
9 1 1 1 100 0.75 6 925 13 225 218 11 10 0 5
9 1 1 1 100 0.75 6 926 13 234 229 13 10 0 6
9 1 1 1 100 0.75 6 927 16 243 235 13 10 0 6
9 1 1 1 100 0.75 6 928 17 252 244 16 10 0 7
9 1 1 1 100 0.75 6 929 17 261 253 17 10 0 7
9 1 1 1 100 0.75 6 930 17 270 263 17 10 0 8
9 1 1 1 100 0.75 6 931 18 279 272 17 10 0 8
9 1 1 1 100 0.75 6 932 18 288 281 18 10 0 9
9 1 1 1 100 0.75 6 933 19 297 291 18 10 0 10
9 1 1 1 100 0.75 6 934 21 304 298 17 12 2 10
9 1 1 1 100 0.75 6 935 23 313 304 19 12 2 11
9 1 1 1 100 0.75 6 936 24 322 313 21 12 2 12
9 1 1 1 100 0.75 6 937 27 331 320 22 12 2 12
9 1 1 1 100 0.75 6 938 27 340 328 25 12 2 13
9 1 1 1 100 0.75 6 939 27 349 337 25 12 2 13
9 1 1 1 100 0.75 6 940 28 358 347 25 12 2 14
9 1 1 1 100 0.75 6 941 29 367 356 26 12 2 15
9 1 1 1 100 0.75 6 942 30 375 366 26 13 3 17
9 1 1 1 100 0.75 6 943 34 384 372 27 13 3 17
9 1 1 1 100 0.75 6 944 35 392 379 30 14 4 17
9 1 1 1 100 0.75 6 945 37 399 387 29 16 6 17
9 1 1 1 100 0.75 6 946 40 407 392 30 17 7 16
9 1 1 1 100 0.75 6 947 42 415 399 32 18 8 16
9 1 1 1 100 0.75 6 948 42 424 408 34 18 8 16
9 1 1 1 100 0.75 6 949 44 432 416 33 19 9 17
9 1 1 1 100 0.75 6 950 46 441 423 35 19 9 17
9 1 1 1 100 0.75 6 951 52 448 429 35 21 11 17
9 1 1 1 100 0.75 6 952 54 456 435 40 22 12 17
9 1 1 1 100 0.75 6 953 56 465 445 42 22 12 18
9 1 1 1 100 0.75 6 954 58 473 454 43 23 13 20
9 1 1 1 100 0.75 6 955 62 482 460 45 23 13 20
9 1 1 1 100 0.75 6 956 63 489 465 47 25 15 18
9 1 1 1 100 0.75 6 957 67 495 469 45 28 18 18
9 1 1 1 100 0.75 6 958 69 504 483 49 28 18 22
9 1 1 1 100 0.75 6 959 72 512 489 50 29 19 22
9 1 1 1 100 0.75 6 960 79 520 493 52 30 20 23
9 1 1 1 100 0.75 6 961 81 529 502 59 30 20 26
9 1 1 1 100 0.75 6 962 87 535 506 58 33 23 26
9 1 1 1 100 0.75 6 963 91 544 512 64 33 23 28
9 1 1 1 100 0.75 6 964 93 553 522 68 33 23 29
9 1 1 1 100 0.75 6 965 101 561 527 69 34 24 31
9 1 1 1 100 0.75 6 966 102 570 536 77 34 24 31
9 1 1 1 100 0.75 6 967 109 578 544 77 35 25 36
9 1 1 1 100 0.75 6 968 113 584 547 81 38 28 34
9 1 1 1 100 0.75 6 969 117 591 554 83 40 30 35
9 1 1 1 100 0.75 6 970 121 599 558 86 41 31 37
9 1 1 1 100 0.75 6 971 123 608 571 90 41 31 39
9 1 1 1 100 0.75 6 972 127 617 579 93 41 31 42
9 1 1 1 100 0.75 6 973 135 622 581 93 45 35 42
9 1 1 1 100 0.75 6 974 137 629 585 99 47 37 40
9 1 1 1 100 0.75 6 975 145 637 594 100 48 38 42
9 1 1 1 100 0.75 6 976 153 643 597 105 51 41 42
9 1 1 1 100 0.75 6 977 159 651 604 112 52 42 44
9 1 1 1 100 0.75 6 978 162 659 610 118 53 43 44
9 1 1 1 100 0.75 6 979 167 665 612 118 56 46 42
9 1 1 1 100 0.75 6 980 174 672 617 122 58 48 46
9 1 1 1 100 0.75 6 981 177 679 626 127 60 50 48
9 1 1 1 100 0.75 6 982 186 684 624 126 64 54 46
9 1 1 1 100 0.75 6 983 196 688 625 130 69 59 49
9 1 1 1 100 0.75 6 984 207 695 632 138 71 61 54
9 1 1 1 100 0.75 6 985 213 703 634 149 72 62 54
9 1 1 1 100 0.75 6 986 219 711 643 154 73 63 57
9 1 1 1 100 0.75 6 987 223 717 643 158 76 66 57
9 1 1 1 100 0.75 6 988 234 723 650 159 79 69 61
9 1 1 1 100 0.75 6 989 242 728 652 167 83 73 62
9 1 1 1 100 0.75 6 990 251 733 655 171 87 77 64
9 1 1 1 100 0.75 6 991 264 742 662 180 87 77 70
9 1 1 1 100 0.75 6 992 273 749 667 191 89 79 76
9 1 1 1 100 0.75 6 993 284 754 668 198 93 83 76
9 1 1 1 100 0.75 6 994 291 763 673 210 93 83 82
9 1 1 1 100 0.75 6 995 295 768 679 214 97 87 84
9 1 1 1 100 0.75 6 996 308 772 680 213 102 92 87
9 1 1 1 100 0.75 6 997 323 779 683 225 104 94 90
9 1 1 1 100 0.75 6 998 335 785 685 237 107 97 94
9 1 1 1 100 0.75 6 999 349 792 689 247 109 99 103
9 1 1 1 100 0.75 6 1000 361 797 690 258 113 103 106
9 1 1 1 100 0.75 6 1001 373 801 691 265 118 108 107
9 1 1 1 100 0.75 6 1002 382 805 690 276 123 113 108
9 1 1 1 100 0.75 6 1003 391 807 687 278 130 120 104
9 1 1 1 100 0.75 6 1004 406 812 695 284 134 124 114
9 1 1 1 100 0.75 6 1005 420 817 695 296 138 128 119
9 1 1 1 100 0.75 6 1006 435 822 697 307 142 132 126
9 1 1 1 100 0.75 6 1007 447 829 698 321 144 134 133
9 1 1 1 100 0.75 6 1008 467 827 689 322 155 145 139
9 1 1 1 100 0.75 6 1009 480 832 692 342 159 149 144
9 1 1 1 100 0.75 6 1010 492 834 688 351 165 156 142
9 1 1 1 100 0.75 6 1011 502 837 681 360 171 162 145
9 1 1 1 100 0.75 6 1012 516 839 679 367 178 169 147
9 1 1 1 100 0.75 6 1013 533 840 677 377 186 177 151
9 1 1 1 100 0.75 6 1014 547 847 680 396 188 179 158
9 1 1 1 100 0.75 6 1015 565 850 679 408 194 185 169
9 1 1 1 100 0.75 6 1016 579 853 673 425 200 191 171
9 1 1 1 100 0.75 6 1017 596 851 665 430 211 202 178
9 1 1 1 100 0.75 6 1018 614 854 665 446 217 208 185
9 1 1 1 100 0.75 6 1019 620 854 661 460 226 217 184
9 1 1 1 100 0.75 6 1020 640 856 656 463 233 224 194
9 1 1 1 100 0.75 6 1021 657 859 659 480 239 230 202
9 1 1 1 100 0.75 6 1022 675 858 638 490 249 240 209
9 1 1 1 100 0.75 6 1023 689 855 638 499 261 252 210
9 1 1 1 100 0.75 6 1024 707 853 640 508 272 263 215
9 1 1 1 100 0.75 6 1025 724 855 641 522 279 270 224
9 1 1 1 100 0.75 6 1026 737 852 614 532 291 282 224
9 1 1 1 100 0.75 6 1027 752 852 613 539 300 291 232
9 1 1 1 100 0.75 6 1028 761 851 618 548 310 301 240
9 1 1 1 100 0.75 6 1029 777 853 613 556 317 308 250
9 1 1 1 100 0.75 6 1030 795 850 592 564 328 320 251
9 1 1 1 100 0.75 6 1031 806 846 587 574 341 333 251
9 1 1 1 100 0.75 6 1032 819 839 581 576 357 349 250
9 1 1 1 100 0.75 6 1033 837 826 554 570 379 371 241
9 1 1 1 100 0.75 6 1034 846 831 556 588 383 375 253
9 1 1 1 100 0.75 6 1035 854 830 551 594 393 385 253
9 1 1 1 100 0.75 6 1036 865 822 535 594 410 402 251
9 1 1 1 100 0.75 6 1037 885 819 520 598 422 414 257
9 1 1 1 100 0.75 6 1038 893 815 529 610 434 427 255
9 1 1 1 100 0.75 6 1039 902 805 502 604 452 446 255
9 1 1 1 100 0.75 6 1040 917 803 486 607 463 457 258
9 1 1 1 100 0.75 6 1041 927 801 488 622 474 468 259
9 1 1 1 100 0.75 6 1042 936 791 480 617 493 487 251
9 1 1 1 100 0.75 6 1043 951 783 462 618 510 504 249
9 1 1 1 100 0.75 6 1044 961 775 446 625 526 521 242
9 1 1 1 100 0.75 6 1045 970 769 447 628 541 536 239
9 1 1 1 100 0.75 6 1046 977 760 412 627 559 554 232
9 1 1 1 100 0.75 6 1047 986 755 410 626 570 568 227
9 1 1 1 100 0.75 6 1048 995 750 410 632 583 582 229
9 1 1 1 100 0.75 6 1049 1001 748 406 639 594 593 232
9 1 1 1 100 0.75 6 1050 1006 743 400 645 608 607 233
9 1 1 1 100 0.75 6 1050 1006 743 743 645 827 607 233
9 1 1 1 100 0.75 6 1080 1006 743 743 645 11 607 233
9 1 1 1 100 0.75 7 1081 0 9 9 0 11 0 0
9 1 1 1 100 0.75 7 1082 0 18 18 0 11 0 0
9 1 1 1 100 0.75 7 1083 0 27 27 0 11 0 0
9 1 1 1 100 0.75 7 1084 0 36 36 0 11 0 0
9 1 1 1 100 0.75 7 1085 0 45 45 0 11 0 0
9 1 1 1 100 0.75 7 1086 0 54 53 0 11 0 0
9 1 1 1 100 0.75 7 1087 0 63 62 0 11 0 0
9 1 1 1 100 0.75 7 1088 0 72 71 0 11 0 0
9 1 1 1 100 0.75 7 1089 0 81 81 0 11 0 0
9 1 1 1 100 0.75 7 1090 2 90 88 0 11 0 0
9 1 1 1 100 0.75 7 1091 2 99 97 2 11 0 0
9 1 1 1 100 0.75 7 1092 6 108 102 2 11 0 0
9 1 1 1 100 0.75 7 1093 6 117 111 6 11 0 0
9 1 1 1 100 0.75 7 1094 7 126 119 6 11 0 0
9 1 1 1 100 0.75 7 1095 7 135 128 7 11 0 0
9 1 1 1 100 0.75 7 1096 8 144 136 7 11 0 0
9 1 1 1 100 0.75 7 1097 9 153 145 8 11 0 1
9 1 1 1 100 0.75 7 1098 10 162 153 9 11 0 2
9 1 1 1 100 0.75 7 1099 10 171 165 10 11 0 3
9 1 1 1 100 0.75 7 1100 11 180 172 10 11 0 5
9 1 1 1 100 0.75 7 1101 12 189 183 11 11 0 5
9 1 1 1 100 0.75 7 1102 13 198 189 12 11 0 5
9 1 1 1 100 0.75 7 1103 15 207 200 13 11 0 6
9 1 1 1 100 0.75 7 1104 17 216 207 15 11 0 7
9 1 1 1 100 0.75 7 1105 19 225 216 17 11 0 7
9 1 1 1 100 0.75 7 1106 21 234 223 19 11 0 7
9 1 1 1 100 0.75 7 1107 21 243 233 21 11 0 7
9 1 1 1 100 0.75 7 1108 21 252 243 21 11 0 7
9 1 1 1 100 0.75 7 1109 21 261 252 21 11 0 7
9 1 1 1 100 0.75 7 1110 21 270 262 21 11 0 7
9 1 1 1 100 0.75 7 1111 24 279 270 21 11 0 8
9 1 1 1 100 0.75 7 1112 27 287 277 23 12 1 10
9 1 1 1 100 0.75 7 1113 28 296 287 26 12 1 12
9 1 1 1 100 0.75 7 1114 30 305 296 27 12 1 13
9 1 1 1 100 0.75 7 1115 30 312 302 27 14 3 11
9 1 1 1 100 0.75 7 1116 31 321 311 27 14 3 11
9 1 1 1 100 0.75 7 1117 33 330 317 28 14 3 11
9 1 1 1 100 0.75 7 1118 34 338 327 29 15 4 12
9 1 1 1 100 0.75 7 1119 35 346 335 29 16 5 12
9 1 1 1 100 0.75 7 1120 37 355 346 30 16 5 13
9 1 1 1 100 0.75 7 1121 40 364 353 32 16 5 15
9 1 1 1 100 0.75 7 1122 45 373 358 35 16 5 15
9 1 1 1 100 0.75 7 1123 46 380 365 38 18 7 14
9 1 1 1 100 0.75 7 1124 49 389 373 39 18 7 16
9 1 1 1 100 0.75 7 1125 50 398 382 42 18 7 17
9 1 1 1 100 0.75 7 1126 51 407 391 43 18 7 18
9 1 1 1 100 0.75 7 1127 53 415 398 43 19 8 18
9 1 1 1 100 0.75 7 1128 54 423 407 44 20 9 19
9 1 1 1 100 0.75 7 1129 59 431 413 44 21 10 21
9 1 1 1 100 0.75 7 1130 60 439 424 48 22 11 23
9 1 1 1 100 0.75 7 1131 62 446 428 47 24 13 22
9 1 1 1 100 0.75 7 1132 67 454 433 48 25 14 23
9 1 1 1 100 0.75 7 1133 70 462 441 52 26 15 24
9 1 1 1 100 0.75 7 1134 74 471 448 55 26 15 25
9 1 1 1 100 0.75 7 1135 74 480 456 59 26 15 25
9 1 1 1 100 0.75 7 1136 77 489 467 59 26 15 28
9 1 1 1 100 0.75 7 1137 79 496 473 60 28 17 27
9 1 1 1 100 0.75 7 1138 81 505 482 62 28 17 29
9 1 1 1 100 0.75 7 1139 85 513 491 64 29 18 32
9 1 1 1 100 0.75 7 1140 87 520 498 66 31 20 33
9 1 1 1 100 0.75 7 1141 93 526 500 65 34 23 30
9 1 1 1 100 0.75 7 1142 100 535 507 71 34 23 32
9 1 1 1 100 0.75 7 1143 104 544 512 78 34 23 33
9 1 1 1 100 0.75 7 1144 106 552 521 81 35 24 34
9 1 1 1 100 0.75 7 1145 108 560 527 82 36 25 33
9 1 1 1 100 0.75 7 1146 115 565 531 80 40 29 36
9 1 1 1 100 0.75 7 1147 118 570 534 83 44 33 32
9 1 1 1 100 0.75 7 1148 122 577 538 84 46 35 33
9 1 1 1 100 0.75 7 1149 129 586 547 88 46 35 41
9 1 1 1 100 0.75 7 1150 135 594 553 94 47 36 45
9 1 1 1 100 0.75 7 1151 143 601 558 98 49 38 46
9 1 1 1 100 0.75 7 1152 146 608 565 105 51 40 45
9 1 1 1 100 0.75 7 1153 149 616 572 107 52 41 46
9 1 1 1 100 0.75 7 1154 155 625 580 110 52 41 52
9 1 1 1 100 0.75 7 1155 163 630 579 112 56 45 50
9 1 1 1 100 0.75 7 1156 170 636 581 119 59 48 51
9 1 1 1 100 0.75 7 1157 175 645 592 128 59 48 56
9 1 1 1 100 0.75 7 1158 180 649 594 128 64 53 56
9 1 1 1 100 0.75 7 1159 193 656 597 131 66 55 59
9 1 1 1 100 0.75 7 1160 197 665 605 145 66 55 61
9 1 1 1 100 0.75 7 1161 202 669 605 144 71 60 59
9 1 1 1 100 0.75 7 1162 209 678 614 149 71 60 66
9 1 1 1 100 0.75 7 1163 214 685 620 154 73 62 71
9 1 1 1 100 0.75 7 1164 224 693 629 159 74 63 73
9 1 1 1 100 0.75 7 1165 229 700 633 167 76 65 73
9 1 1 1 100 0.75 7 1166 245 703 628 166 82 71 74
9 1 1 1 100 0.75 7 1167 251 709 638 179 85 74 78
9 1 1 1 100 0.75 7 1168 261 713 634 180 90 79 78
9 1 1 1 100 0.75 7 1169 267 719 639 188 93 82 79
9 1 1 1 100 0.75 7 1170 277 722 639 189 99 88 77
9 1 1 1 100 0.75 7 1171 289 729 643 200 101 90 85
9 1 1 1 100 0.75 7 1172 297 737 647 212 101 91 87
9 1 1 1 100 0.75 7 1173 306 740 645 214 107 97 88
9 1 1 1 100 0.75 7 1174 321 743 648 218 113 103 90
9 1 1 1 100 0.75 7 1175 332 745 643 227 120 110 88
9 1 1 1 100 0.75 7 1176 344 748 640 232 126 116 89
9 1 1 1 100 0.75 7 1177 358 755 644 242 128 118 93
9 1 1 1 100 0.75 7 1178 366 762 647 256 130 120 98
9 1 1 1 100 0.75 7 1179 377 768 652 263 133 123 103
9 1 1 1 100 0.75 7 1180 388 769 644 269 141 131 101
9 1 1 1 100 0.75 7 1181 404 774 645 276 145 135 105
9 1 1 1 100 0.75 7 1182 414 778 652 290 150 140 114
9 1 1 1 100 0.75 7 1183 427 782 646 299 155 145 118
9 1 1 1 100 0.75 7 1184 438 788 653 311 158 148 127
9 1 1 1 100 0.75 7 1185 453 792 656 321 163 153 130
9 1 1 1 100 0.75 7 1186 463 794 652 331 170 160 130
9 1 1 1 100 0.75 7 1187 472 799 654 338 174 164 134
9 1 1 1 100 0.75 7 1188 491 802 651 344 180 170 144
9 1 1 1 100 0.75 7 1189 501 804 644 360 187 177 146
9 1 1 1 100 0.75 7 1190 517 805 645 363 195 185 149
9 1 1 1 100 0.75 7 1191 527 809 639 376 199 190 151
9 1 1 1 100 0.75 7 1192 542 812 648 381 205 196 162
9 1 1 1 100 0.75 7 1193 553 813 647 392 213 204 166
9 1 1 1 100 0.75 7 1194 561 817 642 403 218 209 168
9 1 1 1 100 0.75 7 1195 576 822 647 410 222 213 178
9 1 1 1 100 0.75 7 1196 583 823 638 420 230 221 182
9 1 1 1 100 0.75 7 1197 598 823 637 421 239 230 189
9 1 1 1 100 0.75 7 1198 611 823 637 428 248 239 187
9 1 1 1 100 0.75 7 1199 622 822 626 436 258 249 194
9 1 1 1 100 0.75 7 1200 631 824 641 445 265 256 199
9 1 1 1 100 0.75 7 1201 642 825 626 447 272 264 202
9 1 1 1 100 0.75 7 1202 654 821 624 450 285 277 200
9 1 1 1 100 0.75 7 1203 662 818 602 454 297 289 195
9 1 1 1 100 0.75 7 1204 669 824 616 462 300 292 203
9 1 1 1 100 0.75 7 1205 679 819 588 458 314 306 197
9 1 1 1 100 0.75 7 1206 696 818 598 465 324 316 199
9 1 1 1 100 0.75 7 1207 703 818 588 478 333 325 200
9 1 1 1 100 0.75 7 1208 714 813 580 478 347 339 192
9 1 1 1 100 0.75 7 1209 724 811 574 484 358 350 194
9 1 1 1 100 0.75 7 1210 737 809 561 491 369 361 195
9 1 1 1 100 0.75 7 1211 745 804 555 495 383 375 187
9 1 1 1 100 0.75 7 1212 757 798 535 492 398 390 183
9 1 1 1 100 0.75 7 1213 767 796 534 497 409 401 187
9 1 1 1 100 0.75 7 1214 782 796 524 510 418 410 193
9 1 1 1 100 0.75 7 1215 794 795 516 520 428 420 196
9 1 1 1 100 0.75 7 1216 805 788 501 521 443 436 192
9 1 1 1 100 0.75 7 1217 816 784 501 527 456 449 190
9 1 1 1 100 0.75 7 1218 830 779 482 530 470 463 189
9 1 1 1 100 0.75 7 1219 840 779 483 539 478 472 190
9 1 1 1 100 0.75 7 1220 849 779 483 547 487 481 196
9 1 1 1 100 0.75 7 1221 857 779 470 553 496 490 207
9 1 1 1 100 0.75 7 1222 871 781 471 563 503 497 212
9 1 1 1 100 0.75 7 1223 883 778 463 572 515 509 216
9 1 1 1 100 0.75 7 1224 894 776 462 582 526 520 218
9 1 1 1 100 0.75 7 1225 901 775 445 587 536 530 220
9 1 1 1 100 0.75 7 1226 908 774 451 591 546 540 226
9 1 1 1 100 0.75 7 1227 916 773 458 593 556 550 228
9 1 1 1 100 0.75 7 1228 924 774 451 600 564 558 232
9 1 1 1 100 0.75 7 1229 934 771 436 604 576 570 239
9 1 1 1 100 0.75 7 1230 941 769 433 613 587 581 242
9 1 1 1 100 0.75 7 1230 941 769 769 613 812 581 242
9 1 1 1 100 0.75 7 1260 941 769 769 613 10 581 242
9 1 1 1 100 0.75 8 1261 0 9 9 0 10 0 0
9 1 1 1 100 0.75 8 1262 0 18 18 0 10 0 0
9 1 1 1 100 0.75 8 1263 0 27 27 0 10 0 0
9 1 1 1 100 0.75 8 1264 0 36 36 0 10 0 0
9 1 1 1 100 0.75 8 1265 0 45 45 0 10 0 0
9 1 1 1 100 0.75 8 1266 0 54 54 0 10 0 0
9 1 1 1 100 0.75 8 1267 0 63 63 0 10 0 0
9 1 1 1 100 0.75 8 1268 0 72 71 0 10 0 0
9 1 1 1 100 0.75 8 1269 0 81 81 0 10 0 0
9 1 1 1 100 0.75 8 1270 1 90 88 0 10 0 0
9 1 1 1 100 0.75 8 1271 2 99 97 1 10 0 0
9 1 1 1 100 0.75 8 1272 2 108 105 2 10 0 0
9 1 1 1 100 0.75 8 1273 2 117 115 2 10 0 0
9 1 1 1 100 0.75 8 1274 3 126 123 2 10 0 0
9 1 1 1 100 0.75 8 1275 6 135 129 3 10 0 0
9 1 1 1 100 0.75 8 1276 6 144 138 6 10 0 0
9 1 1 1 100 0.75 8 1277 6 153 148 6 10 0 1
9 1 1 1 100 0.75 8 1278 7 162 157 6 10 0 2
9 1 1 1 100 0.75 8 1279 8 171 165 7 10 0 2
9 1 1 1 100 0.75 8 1280 8 180 174 8 10 0 2
9 1 1 1 100 0.75 8 1281 10 189 182 8 10 0 3
9 1 1 1 100 0.75 8 1282 11 198 190 10 10 0 4
9 1 1 1 100 0.75 8 1283 13 207 199 11 10 0 6
9 1 1 1 100 0.75 8 1284 13 216 208 13 10 0 6
9 1 1 1 100 0.75 8 1285 13 225 218 13 10 0 6
9 1 1 1 100 0.75 8 1286 13 234 228 13 10 0 7
9 1 1 1 100 0.75 8 1287 13 243 237 13 10 0 7
9 1 1 1 100 0.75 8 1288 16 252 244 13 10 0 7
9 1 1 1 100 0.75 8 1289 20 261 252 16 10 0 8
9 1 1 1 100 0.75 8 1290 21 270 261 20 10 0 9
9 1 1 1 100 0.75 8 1291 22 279 270 21 10 0 10
9 1 1 1 100 0.75 8 1292 22 288 279 22 10 0 10
9 1 1 1 100 0.75 8 1293 22 297 288 22 10 0 10
9 1 1 1 100 0.75 8 1294 22 306 297 22 10 0 10
9 1 1 1 100 0.75 8 1295 22 315 307 22 10 0 11
9 1 1 1 100 0.75 8 1296 23 323 317 21 11 1 16
9 1 1 1 100 0.75 8 1297 25 331 325 21 12 2 15
9 1 1 1 100 0.75 8 1298 28 340 334 23 12 2 16
9 1 1 1 100 0.75 8 1299 32 347 337 24 14 4 14
9 1 1 1 100 0.75 8 1300 34 354 341 26 16 6 12
9 1 1 1 100 0.75 8 1301 35 363 349 28 16 6 12
9 1 1 1 100 0.75 8 1302 37 371 356 28 17 7 11
9 1 1 1 100 0.75 8 1303 37 380 364 30 17 7 11
9 1 1 1 100 0.75 8 1304 38 389 375 30 17 7 13
9 1 1 1 100 0.75 8 1305 38 398 383 31 17 7 13
9 1 1 1 100 0.75 8 1306 43 407 395 31 17 7 17
9 1 1 1 100 0.75 8 1307 46 415 398 35 18 8 16
9 1 1 1 100 0.75 8 1308 48 422 407 36 20 10 17
9 1 1 1 100 0.75 8 1309 51 431 413 38 20 10 17
9 1 1 1 100 0.75 8 1310 53 440 423 41 20 10 19
9 1 1 1 100 0.75 8 1311 53 449 431 43 20 10 20
9 1 1 1 100 0.75 8 1312 56 456 436 41 22 12 18
9 1 1 1 100 0.75 8 1313 59 462 440 41 25 15 16
9 1 1 1 100 0.75 8 1314 65 471 450 44 25 15 21
9 1 1 1 100 0.75 8 1315 67 478 455 48 27 17 21
9 1 1 1 100 0.75 8 1316 68 486 464 49 28 18 21
9 1 1 1 100 0.75 8 1317 71 495 472 50 28 18 23
9 1 1 1 100 0.75 8 1318 74 504 479 53 28 18 25
9 1 1 1 100 0.75 8 1319 77 513 487 56 28 18 26
9 1 1 1 100 0.75 8 1320 80 522 497 59 28 18 28
9 1 1 1 100 0.75 8 1321 85 530 503 61 29 19 31
9 1 1 1 100 0.75 8 1322 89 538 512 65 30 20 34
9 1 1 1 100 0.75 8 1323 92 546 518 68 31 21 35
9 1 1 1 100 0.75 8 1324 96 552 521 68 34 24 32
9 1 1 1 100 0.75 8 1325 101 557 523 68 38 28 30
9 1 1 1 100 0.75 8 1326 104 566 530 74 38 28 33
9 1 1 1 100 0.75 8 1327 107 575 542 77 38 28 36
9 1 1 1 100 0.75 8 1328 114 584 547 81 38 28 39
9 1 1 1 100 0.75 8 1329 118 591 554 86 40 30 39
9 1 1 1 100 0.75 8 1330 121 597 559 87 43 33 39
9 1 1 1 100 0.75 8 1331 126 604 564 88 45 35 40
9 1 1 1 100 0.75 8 1332 133 611 569 92 47 37 44
9 1 1 1 100 0.75 8 1333 141 618 575 97 49 39 45
9 1 1 1 100 0.75 8 1334 144 627 582 105 49 39 46
9 1 1 1 100 0.75 8 1335 153 633 585 105 52 42 47
9 1 1 1 100 0.75 8 1336 159 640 588 112 54 44 51
9 1 1 1 100 0.75 8 1337 169 645 592 115 58 48 49
9 1 1 1 100 0.75 8 1338 174 651 595 122 61 51 49
9 1 1 1 100 0.75 8 1339 181 656 598 123 65 55 48
9 1 1 1 100 0.75 8 1340 188 664 605 129 66 56 51
9 1 1 1 100 0.75 8 1341 194 672 615 136 67 57 53
9 1 1 1 100 0.75 8 1342 206 680 617 141 68 58 59
9 1 1 1 100 0.75 8 1343 212 686 623 151 71 61 62
9 1 1 1 100 0.75 8 1344 220 695 630 158 71 61 68
9 1 1 1 100 0.75 8 1345 222 703 638 166 72 62 71
9 1 1 1 100 0.75 8 1346 232 706 637 162 78 68 73
9 1 1 1 100 0.75 8 1347 241 709 638 166 84 74 73
9 1 1 1 100 0.75 8 1348 254 717 640 174 85 75 79
9 1 1 1 100 0.75 8 1349 264 724 644 187 87 77 83
9 1 1 1 100 0.75 8 1350 277 727 640 193 93 83 82
9 1 1 1 100 0.75 8 1351 288 732 642 202 97 87 85
9 1 1 1 100 0.75 8 1352 293 738 645 212 100 90 83
9 1 1 1 100 0.75 8 1353 299 746 654 217 101 91 85
9 1 1 1 100 0.75 8 1354 307 753 658 224 103 93 91
9 1 1 1 100 0.75 8 1355 322 757 660 228 108 98 96
9 1 1 1 100 0.75 8 1356 331 764 664 243 110 100 106
9 1 1 1 100 0.75 8 1357 347 771 667 252 112 102 116
9 1 1 1 100 0.75 8 1358 359 773 665 263 119 109 114
9 1 1 1 100 0.75 8 1359 370 777 669 272 124 114 116
9 1 1 1 100 0.75 8 1360 377 785 669 283 125 115 119
9 1 1 1 100 0.75 8 1361 390 785 667 281 134 124 120
9 1 1 1 100 0.75 8 1362 401 788 663 289 140 130 125
9 1 1 1 100 0.75 8 1363 423 792 663 295 145 135 135
9 1 1 1 100 0.75 8 1364 434 793 660 310 153 143 137
9 1 1 1 100 0.75 8 1365 445 798 670 318 157 147 143
9 1 1 1 100 0.75 8 1366 463 798 655 322 166 156 143
9 1 1 1 100 0.75 8 1367 475 800 654 335 173 163 143
9 1 1 1 100 0.75 8 1368 484 804 657 344 178 168 148
9 1 1 1 100 0.75 8 1369 495 807 660 349 184 174 155
9 1 1 1 100 0.75 8 1370 513 812 659 359 188 178 164
9 1 1 1 100 0.75 8 1371 526 815 659 372 194 184 170
9 1 1 1 100 0.75 8 1372 543 818 654 381 200 190 175
9 1 1 1 100 0.75 8 1373 557 817 645 390 210 200 180
9 1 1 1 100 0.75 8 1374 574 815 639 399 221 211 184
9 1 1 1 100 0.75 8 1375 586 815 633 408 230 220 180
9 1 1 1 100 0.75 8 1376 598 814 634 414 240 230 181
9 1 1 1 100 0.75 8 1377 613 819 629 427 244 234 192
9 1 1 1 100 0.75 8 1378 625 820 627 435 252 242 193
9 1 1 1 100 0.75 8 1379 640 821 620 442 260 250 199
9 1 1 1 100 0.75 8 1380 653 818 609 452 272 262 200
9 1 1 1 100 0.75 8 1381 667 814 608 454 285 275 201
9 1 1 1 100 0.75 8 1382 680 811 594 462 297 287 199
9 1 1 1 100 0.75 8 1383 694 812 588 474 305 295 206
9 1 1 1 100 0.75 8 1384 710 812 580 482 314 304 209
9 1 1 1 100 0.75 8 1385 721 809 576 489 326 316 207
9 1 1 1 100 0.75 8 1386 733 810 570 500 333 324 214
9 1 1 1 100 0.75 8 1387 747 809 562 505 343 334 218
9 1 1 1 100 0.75 8 1388 765 804 552 512 357 348 223
9 1 1 1 100 0.75 8 1389 779 796 540 518 374 365 215
9 1 1 1 100 0.75 8 1390 789 795 526 524 384 375 227
9 1 1 1 100 0.75 8 1391 798 795 519 530 393 384 231
9 1 1 1 100 0.75 8 1392 808 793 520 536 404 395 236
9 1 1 1 100 0.75 8 1393 816 790 513 541 416 407 240
9 1 1 1 100 0.75 8 1394 825 791 516 547 424 415 246
9 1 1 1 100 0.75 8 1395 834 790 513 552 434 425 243
9 1 1 1 100 0.75 8 1396 842 784 512 554 449 440 248
9 1 1 1 100 0.75 8 1397 851 773 485 548 468 460 239
9 1 1 1 100 0.75 8 1398 860 772 484 556 478 470 242
9 1 1 1 100 0.75 8 1399 869 772 479 560 486 479 243
9 1 1 1 100 0.75 8 1400 877 766 471 559 501 494 238
9 1 1 1 100 0.75 8 1401 885 764 467 563 511 505 237
9 1 1 1 100 0.75 8 1402 895 763 450 568 521 515 243
9 1 1 1 100 0.75 8 1403 903 756 440 572 537 531 236
9 1 1 1 100 0.75 8 1404 912 751 434 574 551 545 230
9 1 1 1 100 0.75 8 1405 922 745 412 573 566 560 227
9 1 1 1 100 0.75 8 1406 929 741 421 577 578 573 227
9 1 1 1 100 0.75 8 1407 938 728 398 567 599 595 217
9 1 1 1 100 0.75 8 1408 944 722 387 567 614 610 210
9 1 1 1 100 0.75 8 1409 950 715 370 563 630 626 203
9 1 1 1 100 0.75 8 1410 960 712 373 566 642 638 204
9 1 1 1 100 0.75 8 1410 960 712 712 566 831 638 204
9 1 1 1 100 0.75 8 1440 960 712 712 566 11 638 204
9 1 1 1 100 0.75 9 1441 0 9 9 0 11 0 0
9 1 1 1 100 0.75 9 1442 0 18 18 0 11 0 0
9 1 1 1 100 0.75 9 1443 0 27 27 0 11 0 0
9 1 1 1 100 0.75 9 1444 0 36 36 0 11 0 0
9 1 1 1 100 0.75 9 1445 0 45 45 0 11 0 0
9 1 1 1 100 0.75 9 1446 0 54 54 0 11 0 0
9 1 1 1 100 0.75 9 1447 0 63 63 0 11 0 0
9 1 1 1 100 0.75 9 1448 0 72 72 0 11 0 0
9 1 1 1 100 0.75 9 1449 0 81 80 0 11 0 0
9 1 1 1 100 0.75 9 1450 0 90 90 0 11 0 0
9 1 1 1 100 0.75 9 1451 1 99 97 0 11 0 0
9 1 1 1 100 0.75 9 1452 2 108 106 1 11 0 0
9 1 1 1 100 0.75 9 1453 4 117 113 2 11 0 0
9 1 1 1 100 0.75 9 1454 5 126 121 4 11 0 0
9 1 1 1 100 0.75 9 1455 5 135 129 5 11 0 0
9 1 1 1 100 0.75 9 1456 5 144 139 5 11 0 0
9 1 1 1 100 0.75 9 1457 6 153 146 5 11 0 0
9 1 1 1 100 0.75 9 1458 7 162 156 6 11 0 1
9 1 1 1 100 0.75 9 1459 9 171 164 7 11 0 2
9 1 1 1 100 0.75 9 1460 12 180 171 9 11 0 4
9 1 1 1 100 0.75 9 1461 14 189 180 12 11 0 5
9 1 1 1 100 0.75 9 1462 14 198 189 14 11 0 5
9 1 1 1 100 0.75 9 1463 14 207 198 14 11 0 5
9 1 1 1 100 0.75 9 1464 15 216 207 14 11 0 6
9 1 1 1 100 0.75 9 1465 16 225 215 15 11 0 7
9 1 1 1 100 0.75 9 1466 16 234 225 16 11 0 8
9 1 1 1 100 0.75 9 1467 16 243 235 16 11 0 10
9 1 1 1 100 0.75 9 1468 17 252 246 16 11 0 11
9 1 1 1 100 0.75 9 1469 19 261 254 17 10 0 13
9 1 1 1 100 0.75 9 1470 19 270 265 19 10 0 13
9 1 1 1 100 0.75 9 1471 20 279 273 19 10 0 13
9 1 1 1 100 0.75 9 1472 20 288 284 20 10 0 15
9 1 1 1 100 0.75 9 1473 22 297 289 20 10 0 15
9 1 1 1 100 0.75 9 1474 25 305 295 21 11 1 14
9 1 1 1 100 0.75 9 1475 26 314 304 24 11 1 14
9 1 1 1 100 0.75 9 1476 28 322 312 24 12 2 16
9 1 1 1 100 0.75 9 1477 30 329 317 24 14 4 14
9 1 1 1 100 0.75 9 1478 32 338 324 26 14 4 14
9 1 1 1 100 0.75 9 1479 34 345 330 26 16 6 12
9 1 1 1 100 0.75 9 1480 35 354 339 28 16 6 12
9 1 1 1 100 0.75 9 1481 37 363 350 29 16 6 16
9 1 1 1 100 0.75 9 1482 41 372 356 31 16 6 17
9 1 1 1 100 0.75 9 1483 42 379 362 33 18 8 15
9 1 1 1 100 0.75 9 1484 46 385 367 31 21 11 15
9 1 1 1 100 0.75 9 1485 48 394 376 35 21 11 17
9 1 1 1 100 0.75 9 1486 50 401 382 35 23 13 15
9 1 1 1 100 0.75 9 1487 52 410 392 37 23 13 18
9 1 1 1 100 0.75 9 1488 55 419 400 39 23 13 20
9 1 1 1 100 0.75 9 1489 55 428 410 42 23 13 22
9 1 1 1 100 0.75 9 1490 57 436 418 41 24 14 23
9 1 1 1 100 0.75 9 1491 65 442 419 40 27 17 24
9 1 1 1 100 0.75 9 1492 66 451 427 48 27 17 25
9 1 1 1 100 0.75 9 1493 71 460 435 49 27 17 27
9 1 1 1 100 0.75 9 1494 73 468 443 53 28 18 28
9 1 1 1 100 0.75 9 1495 76 477 454 55 28 18 31
9 1 1 1 100 0.75 9 1496 78 486 460 58 27 18 32
9 1 1 1 100 0.75 9 1497 82 491 463 56 31 22 29
9 1 1 1 100 0.75 9 1498 88 500 471 60 31 22 34
9 1 1 1 100 0.75 9 1499 92 508 480 65 32 23 35
9 1 1 1 100 0.75 9 1500 93 517 488 69 32 23 35
9 1 1 1 100 0.75 9 1501 96 524 497 68 34 25 35
9 1 1 1 100 0.75 9 1502 104 530 500 68 37 28 35
9 1 1 1 100 0.75 9 1503 108 539 506 76 37 28 36
9 1 1 1 100 0.75 9 1504 112 546 511 78 39 30 36
9 1 1 1 100 0.75 9 1505 117 554 519 81 40 31 38
9 1 1 1 100 0.75 9 1506 122 561 526 84 42 33 39
9 1 1 1 100 0.75 9 1507 129 566 525 85 46 37 38
9 1 1 1 100 0.75 9 1508 132 575 533 92 46 37 39
9 1 1 1 100 0.75 9 1509 139 581 537 92 49 40 42
9 1 1 1 100 0.75 9 1510 144 588 544 98 51 42 45
9 1 1 1 100 0.75 9 1511 145 595 550 102 53 44 44
9 1 1 1 100 0.75 9 1512 155 602 552 101 55 46 48
9 1 1 1 100 0.75 9 1513 159 607 554 108 59 50 46
9 1 1 1 100 0.75 9 1514 163 615 564 111 60 51 48
9 1 1 1 100 0.75 9 1515 172 622 572 113 62 53 52
9 1 1 1 100 0.75 9 1516 177 627 571 118 66 57 50
9 1 1 1 100 0.75 9 1517 185 635 578 123 67 58 55
9 1 1 1 100 0.75 9 1518 192 642 582 130 69 60 57
9 1 1 1 100 0.75 9 1519 201 650 585 137 69 61 59
9 1 1 1 100 0.75 9 1520 206 658 598 145 70 62 66
9 1 1 1 100 0.75 9 1521 213 667 602 150 70 62 68
9 1 1 1 100 0.75 9 1522 222 671 603 152 75 67 68
9 1 1 1 100 0.75 9 1523 230 674 604 156 81 73 68
9 1 1 1 100 0.75 9 1524 235 681 610 162 82 75 70
9 1 1 1 100 0.75 9 1525 241 689 616 166 83 76 78
9 1 1 1 100 0.75 9 1526 252 694 619 168 87 80 83
9 1 1 1 100 0.75 9 1527 261 701 622 178 89 82 84
9 1 1 1 100 0.75 9 1528 269 709 631 187 90 83 86
9 1 1 1 100 0.75 9 1529 279 709 628 186 99 92 84
9 1 1 1 100 0.75 9 1530 293 716 629 195 101 94 85
9 1 1 1 100 0.75 9 1531 299 723 631 209 103 96 86
9 1 1 1 100 0.75 9 1532 310 729 634 213 106 99 86
9 1 1 1 100 0.75 9 1533 321 733 632 219 111 104 88
9 1 1 1 100 0.75 9 1534 328 737 635 226 116 109 92
9 1 1 1 100 0.75 9 1535 336 740 637 229 122 115 92
9 1 1 1 100 0.75 9 1536 352 743 637 231 128 121 94
9 1 1 1 100 0.75 9 1537 366 748 635 244 132 125 101
9 1 1 1 100 0.75 9 1538 375 753 642 256 136 129 106
9 1 1 1 100 0.75 9 1539 380 758 644 264 140 133 105
9 1 1 1 100 0.75 9 1540 390 763 644 266 144 137 111
9 1 1 1 100 0.75 9 1541 395 766 651 273 150 143 115
9 1 1 1 100 0.75 9 1542 402 768 640 272 157 150 115
9 1 1 1 100 0.75 9 1543 413 771 642 278 163 156 119
9 1 1 1 100 0.75 9 1544 427 774 643 285 169 162 128
9 1 1 1 100 0.75 9 1545 444 776 644 293 176 169 130
9 1 1 1 100 0.75 9 1546 453 777 634 303 183 177 130
9 1 1 1 100 0.75 9 1547 460 783 641 312 186 180 135
9 1 1 1 100 0.75 9 1548 469 790 646 320 188 182 141
9 1 1 1 100 0.75 9 1549 475 796 641 329 191 185 143
9 1 1 1 100 0.75 9 1550 488 798 643 334 198 192 143
9 1 1 1 100 0.75 9 1551 505 800 633 342 205 199 148
9 1 1 1 100 0.75 9 1552 516 802 638 353 212 206 153
9 1 1 1 100 0.75 9 1553 526 806 629 361 217 211 159
9 1 1 1 100 0.75 9 1554 537 805 629 368 227 221 160
9 1 1 1 100 0.75 9 1555 549 803 623 372 238 232 157
9 1 1 1 100 0.75 9 1556 559 805 610 378 245 239 162
9 1 1 1 100 0.75 9 1557 566 807 624 384 252 246 166
9 1 1 1 100 0.75 9 1558 572 809 610 388 259 253 171
9 1 1 1 100 0.75 9 1559 584 810 624 393 267 261 175
9 1 1 1 100 0.75 9 1560 603 807 607 396 279 273 172
9 1 1 1 100 0.75 9 1561 614 809 606 412 286 280 180
9 1 1 1 100 0.75 9 1562 624 811 612 422 293 287 187
9 1 1 1 100 0.75 9 1563 631 805 590 417 308 302 177
9 1 1 1 100 0.75 9 1564 641 806 592 417 316 310 179
9 1 1 1 100 0.75 9 1565 647 805 579 426 326 320 179
9 1 1 1 100 0.75 9 1566 665 807 576 429 333 327 185
9 1 1 1 100 0.75 9 1567 676 812 584 446 337 331 192
9 1 1 1 100 0.75 9 1568 689 806 566 451 352 346 191
9 1 1 1 100 0.75 9 1569 700 805 564 457 362 356 190
9 1 1 1 100 0.75 9 1570 708 810 565 468 366 360 190
9 1 1 1 100 0.75 9 1571 719 808 562 473 377 371 192
9 1 1 1 100 0.75 9 1572 725 803 540 474 391 385 186
9 1 1 1 100 0.75 9 1573 740 800 538 475 403 397 183
9 1 1 1 100 0.75 9 1574 752 804 540 491 408 402 193
9 1 1 1 100 0.75 9 1575 763 802 527 497 419 413 195
9 1 1 1 100 0.75 9 1576 773 802 534 504 428 422 194
9 1 1 1 100 0.75 9 1577 784 791 491 501 448 442 183
9 1 1 1 100 0.75 9 1578 794 786 496 507 462 456 182
9 1 1 1 100 0.75 9 1579 805 780 492 507 477 471 181
9 1 1 1 100 0.75 9 1580 814 783 487 519 483 477 183
9 1 1 1 100 0.75 9 1581 830 782 476 527 493 487 189
9 1 1 1 100 0.75 9 1582 842 779 469 538 505 499 196
9 1 1 1 100 0.75 9 1583 853 781 458 549 512 506 198
9 1 1 1 100 0.75 9 1584 861 779 473 557 523 517 205
9 1 1 1 100 0.75 9 1585 871 776 452 558 535 529 201
9 1 1 1 100 0.75 9 1586 886 778 438 567 542 536 211
9 1 1 1 100 0.75 9 1587 894 780 457 579 548 543 213
9 1 1 1 100 0.75 9 1588 909 772 445 576 565 560 220
9 1 1 1 100 0.75 9 1589 921 771 436 594 575 570 223
9 1 1 1 100 0.75 9 1590 934 776 439 608 579 574 237
9 1 1 1 100 0.75 9 1590 934 776 776 608 798 574 237
9 1 1 1 100 0.75 9 1620 934 776 776 608 10 574 237
9 1 1 1 100 0.75 10 1621 0 9 9 0 10 0 0
9 1 1 1 100 0.75 10 1622 0 18 18 0 10 0 0
9 1 1 1 100 0.75 10 1623 0 27 27 0 10 0 0
9 1 1 1 100 0.75 10 1624 0 36 36 0 10 0 0
9 1 1 1 100 0.75 10 1625 0 45 45 0 10 0 0
9 1 1 1 100 0.75 10 1626 0 54 54 0 10 0 0
9 1 1 1 100 0.75 10 1627 0 63 63 0 10 0 0
9 1 1 1 100 0.75 10 1628 0 72 72 0 10 0 0
9 1 1 1 100 0.75 10 1629 0 81 81 0 10 0 0
9 1 1 1 100 0.75 10 1630 0 90 90 0 10 0 0
9 1 1 1 100 0.75 10 1631 0 99 99 0 10 0 0
9 1 1 1 100 0.75 10 1632 2 108 106 0 10 0 0
9 1 1 1 100 0.75 10 1633 2 117 115 2 10 0 0
9 1 1 1 100 0.75 10 1634 3 126 122 2 10 0 0
9 1 1 1 100 0.75 10 1635 4 135 131 3 10 0 0
9 1 1 1 100 0.75 10 1636 6 144 138 4 10 0 0
9 1 1 1 100 0.75 10 1637 6 153 146 6 10 0 0
9 1 1 1 100 0.75 10 1638 6 162 156 6 10 0 0
9 1 1 1 100 0.75 10 1639 9 171 164 6 10 0 2
9 1 1 1 100 0.75 10 1640 9 180 173 9 10 0 2
9 1 1 1 100 0.75 10 1641 10 189 182 9 10 0 2
9 1 1 1 100 0.75 10 1642 10 198 191 10 10 0 2
9 1 1 1 100 0.75 10 1643 10 207 200 10 10 0 3
9 1 1 1 100 0.75 10 1644 12 216 210 10 10 0 5
9 1 1 1 100 0.75 10 1645 13 225 218 12 10 0 5
9 1 1 1 100 0.75 10 1646 15 234 227 13 10 0 6
9 1 1 1 100 0.75 10 1647 16 243 236 15 10 0 7
9 1 1 1 100 0.75 10 1648 16 252 246 16 10 0 8
9 1 1 1 100 0.75 10 1649 18 261 252 16 10 0 8
9 1 1 1 100 0.75 10 1650 18 270 262 18 10 0 8
9 1 1 1 100 0.75 10 1651 18 279 272 18 10 0 9
9 1 1 1 100 0.75 10 1652 18 288 282 18 10 0 9
9 1 1 1 100 0.75 10 1653 18 297 292 18 10 0 11
9 1 1 1 100 0.75 10 1654 22 306 299 18 10 0 12
9 1 1 1 100 0.75 10 1655 23 315 308 22 10 0 12
9 1 1 1 100 0.75 10 1656 26 323 315 22 11 1 13
9 1 1 1 100 0.75 10 1657 28 332 322 25 11 1 13
9 1 1 1 100 0.75 10 1658 28 341 331 27 11 1 13
9 1 1 1 100 0.75 10 1659 31 347 333 24 14 4 10
9 1 1 1 100 0.75 10 1660 31 356 343 27 14 4 10
9 1 1 1 100 0.75 10 1661 32 365 353 27 14 4 12
9 1 1 1 100 0.75 10 1662 34 372 360 26 16 6 12
9 1 1 1 100 0.75 10 1663 36 380 367 27 17 7 12
9 1 1 1 100 0.75 10 1664 40 389 375 29 17 7 14
9 1 1 1 100 0.75 10 1665 41 398 384 33 17 7 16
9 1 1 1 100 0.75 10 1666 44 407 392 34 17 7 17
9 1 1 1 100 0.75 10 1667 44 415 400 36 18 8 17
9 1 1 1 100 0.75 10 1668 46 424 408 36 18 8 17
9 1 1 1 100 0.75 10 1669 48 433 418 38 18 8 20
9 1 1 1 100 0.75 10 1670 49 440 424 38 20 10 20
9 1 1 1 100 0.75 10 1671 51 448 432 38 21 11 21
9 1 1 1 100 0.75 10 1672 55 456 438 39 22 12 21
9 1 1 1 100 0.75 10 1673 58 463 444 41 24 14 20
9 1 1 1 100 0.75 10 1674 61 472 451 44 24 14 21
9 1 1 1 100 0.75 10 1675 64 481 461 47 24 14 22
9 1 1 1 100 0.75 10 1676 67 490 468 50 24 14 23
9 1 1 1 100 0.75 10 1677 68 499 478 53 24 14 23
9 1 1 1 100 0.75 10 1678 71 508 485 54 24 14 25
9 1 1 1 100 0.75 10 1679 75 515 492 55 26 16 26
9 1 1 1 100 0.75 10 1680 78 522 498 57 28 18 25
9 1 1 1 100 0.75 10 1681 82 528 505 57 31 21 24
9 1 1 1 100 0.75 10 1682 86 535 508 59 33 23 22
9 1 1 1 100 0.75 10 1683 92 543 515 62 34 24 25
9 1 1 1 100 0.75 10 1684 97 552 521 68 34 24 26
9 1 1 1 100 0.75 10 1685 103 560 527 72 35 25 27
9 1 1 1 100 0.75 10 1686 104 569 534 78 35 25 27
9 1 1 1 100 0.75 10 1687 107 576 542 77 37 27 30
9 1 1 1 100 0.75 10 1688 113 584 548 79 38 28 32
9 1 1 1 100 0.75 10 1689 119 591 553 83 40 30 33
9 1 1 1 100 0.75 10 1690 126 598 560 87 42 32 34
9 1 1 1 100 0.75 10 1691 131 606 565 93 43 33 36
9 1 1 1 100 0.75 10 1692 139 613 570 96 45 35 41
9 1 1 1 100 0.75 10 1693 142 620 577 102 47 37 41
9 1 1 1 100 0.75 10 1694 147 627 581 103 49 39 40
9 1 1 1 100 0.75 10 1695 152 634 588 106 51 41 42
9 1 1 1 100 0.75 10 1696 161 642 594 110 52 42 48
9 1 1 1 100 0.75 10 1697 168 650 599 118 53 43 51
9 1 1 1 100 0.75 10 1698 174 658 608 125 54 44 55
9 1 1 1 100 0.75 10 1699 179 666 618 131 55 45 59
9 1 1 1 100 0.75 10 1700 186 673 620 134 57 47 58
9 1 1 1 100 0.75 10 1701 190 682 630 141 57 47 61
9 1 1 1 100 0.75 10 1702 198 688 633 142 60 50 64
9 1 1 1 100 0.75 10 1703 204 695 637 149 62 52 65
9 1 1 1 100 0.75 10 1704 216 700 637 151 66 56 68
9 1 1 1 100 0.75 10 1705 224 707 644 161 68 58 71
9 1 1 1 100 0.75 10 1706 235 712 645 166 72 62 75
9 1 1 1 100 0.75 10 1707 243 714 641 172 79 69 70
9 1 1 1 100 0.75 10 1708 250 722 646 180 80 70 74
9 1 1 1 100 0.75 10 1709 260 728 652 184 83 73 78
9 1 1 1 100 0.75 10 1710 267 735 658 192 85 75 81
9 1 1 1 100 0.75 10 1711 273 740 659 197 89 79 81
9 1 1 1 100 0.75 10 1712 286 746 663 200 92 82 90
9 1 1 1 100 0.75 10 1713 301 749 661 209 98 88 93
9 1 1 1 100 0.75 10 1714 311 755 666 221 101 91 99
9 1 1 1 100 0.75 10 1715 318 764 674 233 101 91 106
9 1 1 1 100 0.75 10 1716 330 765 675 233 109 99 102
9 1 1 1 100 0.75 10 1717 336 770 675 241 113 103 105
9 1 1 1 100 0.75 10 1718 342 775 675 246 117 107 104
9 1 1 1 100 0.75 10 1719 355 780 680 249 120 111 111
9 1 1 1 100 0.75 10 1720 366 785 678 261 124 115 117
9 1 1 1 100 0.75 10 1721 376 790 677 271 128 119 124
9 1 1 1 100 0.75 10 1722 386 793 678 279 134 125 126
9 1 1 1 100 0.75 10 1723 400 796 677 284 140 131 127
9 1 1 1 100 0.75 10 1724 404 797 677 290 148 139 124
9 1 1 1 100 0.75 10 1725 418 804 675 294 150 141 128
9 1 1 1 100 0.75 10 1726 429 805 678 302 158 149 126
9 1 1 1 100 0.75 10 1727 440 807 675 310 165 156 137
9 1 1 1 100 0.75 10 1728 457 811 673 318 170 161 142
9 1 1 1 100 0.75 10 1729 466 816 675 334 174 165 147
9 1 1 1 100 0.75 10 1730 478 813 662 334 186 177 143
9 1 1 1 100 0.75 10 1731 485 816 664 344 192 183 150
9 1 1 1 100 0.75 10 1732 494 817 664 347 200 191 150
9 1 1 1 100 0.75 10 1733 509 821 658 353 204 196 159
9 1 1 1 100 0.75 10 1734 521 822 660 367 212 204 157
9 1 1 1 100 0.75 10 1735 535 824 656 373 219 211 164
9 1 1 1 100 0.75 10 1736 548 823 653 382 228 221 170
9 1 1 1 100 0.75 10 1737 566 830 658 394 230 223 181
9 1 1 1 100 0.75 10 1738 577 827 645 404 241 235 174
9 1 1 1 100 0.75 10 1739 586 826 630 411 251 245 173
9 1 1 1 100 0.75 10 1740 600 828 638 419 258 252 182
9 1 1 1 100 0.75 10 1741 612 831 626 430 264 258 189
9 1 1 1 100 0.75 10 1742 625 830 619 438 273 268 189
9 1 1 1 100 0.75 10 1743 642 832 624 448 280 275 189
9 1 1 1 100 0.75 10 1744 658 834 610 463 287 282 194
9 1 1 1 100 0.75 10 1745 672 833 607 471 297 292 197
9 1 1 1 100 0.75 10 1746 686 830 597 476 309 304 199
9 1 1 1 100 0.75 10 1747 697 828 596 482 320 315 200
9 1 1 1 100 0.75 10 1748 714 828 594 490 329 324 206
9 1 1 1 100 0.75 10 1749 723 827 573 507 339 334 208
9 1 1 1 100 0.75 10 1750 732 824 585 509 351 346 218
9 1 1 1 100 0.75 10 1751 746 821 569 511 363 358 221
9 1 1 1 100 0.75 10 1752 761 813 551 512 380 375 217
9 1 1 1 100 0.75 10 1753 774 811 543 521 391 386 217
9 1 1 1 100 0.75 10 1754 783 810 546 527 401 396 223
9 1 1 1 100 0.75 10 1755 801 805 537 524 415 410 226
9 1 1 1 100 0.75 10 1756 822 804 533 542 425 420 233
9 1 1 1 100 0.75 10 1757 830 804 516 563 434 429 231
9 1 1 1 100 0.75 10 1758 837 808 507 572 438 434 237
9 1 1 1 100 0.75 10 1759 847 801 504 569 454 450 237
9 1 1 1 100 0.75 10 1760 858 797 492 572 467 463 237
9 1 1 1 100 0.75 10 1761 868 793 492 577 480 476 235
9 1 1 1 100 0.75 10 1762 881 793 477 585 489 485 241
9 1 1 1 100 0.75 10 1763 898 791 468 591 500 496 246
9 1 1 1 100 0.75 10 1764 911 796 474 608 503 500 257
9 1 1 1 100 0.75 10 1765 915 787 457 617 520 518 250
9 1 1 1 100 0.75 10 1766 922 776 450 606 540 538 238
9 1 1 1 100 0.75 10 1767 931 773 429 606 551 550 239
9 1 1 1 100 0.75 10 1768 940 764 430 605 569 568 235
9 1 1 1 100 0.75 10 1769 950 762 415 614 579 579 241
9 1 1 1 100 0.75 10 1770 961 755 415 613 595 595 243
9 1 1 1 100 0.75 10 1770 961 755 755 613 824 595 243
9 1 1 1 100 0.75 10 1800 961 755 755 613 10 595 243
