11 7 1 1 100 0.75 1 1 0 11 11 0 100 0 0
11 7 1 1 100 0.75 1 2 0 22 22 0 100 0 0
11 7 1 1 100 0.75 1 3 0 33 33 0 100 0 0
11 7 1 1 100 0.75 1 4 0 44 44 0 100 0 0
11 7 1 1 100 0.75 1 5 0 55 55 0 100 0 0
11 7 1 1 100 0.75 1 6 0 66 65 0 100 0 0
11 7 1 1 100 0.75 1 7 0 77 77 0 100 0 0
11 7 1 1 100 0.75 1 8 1 88 86 0 100 0 0
11 7 1 1 100 0.75 1 9 5 99 90 1 100 0 0
11 7 1 1 100 0.75 1 10 6 110 99 5 100 0 0
11 7 1 1 100 0.75 1 11 14 121 107 6 100 0 0
11 7 1 1 100 0.75 1 12 20 132 112 14 100 0 0
11 7 1 1 100 0.75 1 13 24 143 115 20 100 0 0
11 7 1 1 100 0.75 1 14 29 154 120 24 100 0 0
11 7 1 1 100 0.75 1 15 34 165 130 29 100 0 0
11 7 1 1 100 0.75 1 16 45 176 130 34 100 0 3
11 7 1 1 100 0.75 1 17 48 187 139 45 100 0 3
11 7 1 1 100 0.75 1 18 55 198 145 48 100 0 6
11 7 1 1 100 0.75 1 19 67 209 152 55 100 0 8
11 7 1 1 100 0.75 1 20 73 220 166 67 100 0 13
11 7 1 1 100 0.75 1 21 76 231 178 73 100 0 16
11 7 1 1 100 0.75 1 22 79 242 187 76 100 0 16
11 7 1 1 100 0.75 1 23 89 253 198 79 100 0 26
11 7 1 1 100 0.75 1 24 95 264 210 89 100 0 29
11 7 1 1 100 0.75 1 25 100 275 216 95 100 0 33
11 7 1 1 100 0.75 1 26 109 286 231 100 100 0 43
11 7 1 1 100 0.75 1 27 120 297 240 109 100 0 49
11 7 1 1 100 0.75 1 28 127 308 246 120 100 0 52
11 7 1 1 100 0.75 1 29 139 319 245 127 100 0 54
11 7 1 1 100 0.75 1 30 146 330 260 139 100 0 61
11 7 1 1 100 0.75 1 31 155 341 267 146 99 0 68
11 7 1 1 100 0.75 1 32 156 352 285 155 99 0 71
11 7 1 1 100 0.75 1 33 164 362 285 155 100 1 74
11 7 1 1 100 0.75 1 34 175 371 301 161 102 3 79
11 7 1 1 100 0.75 1 35 179 382 307 172 102 3 84
11 7 1 1 100 0.75 1 36 190 386 311 169 109 10 86
11 7 1 1 100 0.75 1 37 199 394 317 177 111 13 89
11 7 1 1 100 0.75 1 38 209 404 326 185 112 14 93
11 7 1 1 100 0.75 1 39 219 412 327 192 115 17 93
11 7 1 1 100 0.75 1 40 226 418 332 197 120 22 90
11 7 1 1 100 0.75 1 41 243 421 326 196 128 30 89
11 7 1 1 100 0.75 1 42 251 427 333 208 133 35 90
11 7 1 1 100 0.75 1 43 268 434 327 212 137 39 90
11 7 1 1 100 0.75 1 44 275 441 335 225 141 43 93
11 7 1 1 100 0.75 1 45 281 448 340 228 145 47 98
11 7 1 1 100 0.75 1 46 292 455 349 230 149 51 98
11 7 1 1 100 0.75 1 47 303 462 356 237 153 55 105
11 7 1 1 100 0.75 1 48 315 469 356 245 157 59 109
11 7 1 1 100 0.75 1 49 324 476 367 253 161 63 112
11 7 1 1 100 0.75 1 50 341 477 357 252 171 73 111
11 7 1 1 100 0.75 1 51 356 480 349 261 179 81 111
11 7 1 1 100 0.75 1 52 367 488 361 273 182 84 112
11 7 1 1 100 0.75 1 53 379 493 363 279 188 90 115
11 7 1 1 100 0.75 1 54 393 498 366 286 194 96 119
11 7 1 1 100 0.75 1 55 403 506 363 297 197 99 125
11 7 1 1 100 0.75 1 56 414 510 371 301 204 106 126
11 7 1 1 100 0.75 1 57 426 516 371 308 209 111 130
11 7 1 1 100 0.75 1 58 439 522 373 317 214 116 136
11 7 1 1 100 0.75 1 59 446 529 383 327 218 120 144
11 7 1 1 100 0.75 1 60 454 533 381 330 225 127 148
11 7 1 1 100 0.75 1 61 461 535 383 330 234 136 147
11 7 1 1 100 0.75 1 62 477 541 386 334 239 141 149
11 7 1 1 100 0.75 1 63 495 545 378 345 246 148 151
11 7 1 1 100 0.75 1 64 506 548 378 358 254 156 158
11 7 1 1 100 0.75 1 65 512 553 380 366 259 162 158
11 7 1 1 100 0.75 1 66 528 553 370 361 270 173 161
11 7 1 1 100 0.75 1 67 538 558 378 372 276 179 161
11 7 1 1 100 0.75 1 68 547 558 378 371 287 190 158
11 7 1 1 100 0.75 1 69 562 560 371 372 296 199 158
11 7 1 1 100 0.75 1 70 575 565 383 384 302 205 164
11 7 1 1 100 0.75 1 71 588 569 385 390 309 212 173
11 7 1 1 100 0.75 1 72 599 571 374 399 318 221 170
11 7 1 1 100 0.75 1 73 604 576 376 408 324 227 170
11 7 1 1 100 0.75 1 74 621 580 377 408 331 234 178
11 7 1 1 100 0.75 1 75 628 580 372 416 342 245 173
11 7 1 1 100 0.75 1 76 643 577 367 411 356 259 173
11 7 1 1 100 0.75 1 77 652 578 351 419 366 269 175
11 7 1 1 100 0.75 1 78 670 578 351 421 377 280 181
11 7 1 1 100 0.75 1 79 677 583 354 438 383 286 187
11 7 1 1 100 0.75 1 80 687 586 346 440 390 294 186
11 7 1 1 100 0.75 1 81 701 586 341 439 401 305 191
11 7 1 1 100 0.75 1 82 708 586 339 444 412 316 187
11 7 1 1 100 0.75 1 83 718 588 342 447 420 325 188
11 7 1 1 100 0.75 1 84 726 592 352 452 427 332 193
11 7 1 1 100 0.75 1 85 739 597 355 458 433 338 202
11 7 1 1 100 0.75 1 86 751 596 335 464 445 350 199
11 7 1 1 100 0.75 1 87 762 597 328 473 455 360 195
11 7 1 1 100 0.75 1 88 775 594 329 474 468 374 194
11 7 1 1 100 0.75 1 89 781 593 319 480 479 386 191
11 7 1 1 100 0.75 1 90 790 593 325 479 490 397 189
11 7 1 1 100 0.75 1 91 798 595 318 483 499 406 187
11 7 1 1 100 0.75 1 92 808 596 320 485 509 416 191
11 7 1 1 100 0.75 1 93 817 596 309 488 520 427 190
11 7 1 1 100 0.75 1 94 821 597 305 496 530 437 198
11 7 1 1 100 0.75 1 95 830 596 301 496 542 449 197
11 7 1 1 100 0.75 1 96 835 590 284 493 558 466 192
11 7 1 1 100 0.75 1 97 837 593 287 498 566 474 194
11 7 1 1 100 0.75 1 98 842 588 279 495 581 490 186
11 7 1 1 100 0.75 1 99 850 587 273 491 591 502 184
11 7 1 1 100 0.75 1 100 856 590 272 499 599 510 188
11 7 1 1 100 0.75 1 101 860 593 276 502 606 518 194
11 7 1 1 100 0.75 1 102 863 592 267 502 618 530 191
11 7 1 1 100 0.75 1 103 868 591 287 503 630 542 189
11 7 1 1 100 0.75 1 104 871 586 267 499 646 558 182
11 7 1 1 100 0.75 1 105 871 591 257 504 652 564 181
11 7 1 1 100 0.75 1 106 874 597 267 511 656 569 191
11 7 1 1 100 0.75 1 107 878 597 272 511 667 580 192
11 7 1 1 100 0.75 1 108 885 596 256 512 679 592 190
11 7 1 1 100 0.75 1 109 888 596 263 513 690 603 189
11 7 1 1 100 0.75 1 110 891 594 258 511 703 616 183
11 7 1 1 100 0.75 1 111 892 591 245 505 716 630 177
11 7 1 1 100 0.75 1 112 895 588 257 502 728 644 169
11 7 1 1 100 0.75 1 113 897 593 245 508 734 650 176
11 7 1 1 100 0.75 1 114 901 595 234 511 743 659 170
11 7 1 1 100 0.75 1 115 905 597 247 513 752 668 173
11 7 1 1 100 0.75 1 116 910 596 244 512 763 680 168
11 7 1 1 100 0.75 1 117 912 597 242 515 773 690 164
11 7 1 1 100 0.75 1 118 915 596 231 509 785 702 161
11 7 1 1 100 0.75 1 119 916 598 220 518 793 711 161
11 7 1 1 100 0.75 1 120 919 595 223 510 807 725 151
11 7 1 1 100 0.75 1 121 921 591 217 511 822 740 147
11 7 1 1 100 0.75 1 122 924 597 216 513 826 745 151
11 7 1 1 100 0.75 1 123 927 596 218 513 838 757 149
11 7 1 1 100 0.75 1 124 931 592 215 504 853 772 139
11 7 1 1 100 0.75 1 125 936 597 218 509 858 778 140
11 7 1 1 100 0.75 1 126 936 602 218 521 863 784 147
11 7 1 1 100 0.75 1 127 938 603 221 519 873 794 145
11 7 1 1 100 0.75 1 128 938 607 214 522 879 801 142
11 7 1 1 100 0.75 1 129 939 611 229 525 886 808 143
11 7 1 1 100 0.75 1 130 940 610 205 527 898 820 138
11 7 1 1 100 0.75 1 131 942 616 218 533 903 825 141
11 7 1 1 100 0.75 1 132 945 621 208 536 909 831 145
11 7 1 1 100 0.75 1 133 946 622 216 538 919 841 152
11 7 1 1 100 0.75 1 134 948 626 218 541 926 848 151
11 7 1 1 100 0.75 1 135 952 629 215 544 934 856 149
11 7 1 1 100 0.75 1 136 952 630 200 547 943 866 150
11 7 1 1 100 0.75 1 137 952 631 220 544 951 876 151
11 7 1 1 100 0.75 1 138 956 637 217 551 956 881 158
11 7 1 1 100 0.75 1 139 959 643 216 556 961 886 159
11 7 1 1 100 0.75 1 140 960 646 212 563 969 894 161
11 7 1 1 100 0.75 1 141 961 646 236 562 979 905 157
11 7 1 1 100 0.75 1 142 962 645 208 558 991 917 158
11 7 1 1 100 0.75 1 143 963 643 205 557 1004 930 147
11 7 1 1 100 0.75 1 144 964 652 224 568 1006 932 152
11 7 1 1 100 0.75 1 145 964 655 206 569 1014 940 152
11 7 1 1 100 0.75 1 146 965 656 214 569 1023 950 148
11 7 1 1 100 0.75 1 147 968 658 196 574 1031 959 150
11 7 1 1 100 0.75 1 148 970 663 223 582 1037 965 150
11 7 1 1 100 0.75 1 149 971 668 202 588 1040 971 153
11 7 1 1 100 0.75 1 150 972 671 223 589 1048 979 154
11 7 1 1 100 0.75 1 150 972 671 671 589 1200 979 154
11 7 1 1 100 0.75 1 180 972 671 671 589 75 979 154
11 7 1 1 100 0.75 2 181 0 11 11 0 75 0 0
11 7 1 1 100 0.75 2 182 0 22 22 0 75 0 0
11 7 1 1 100 0.75 2 183 0 33 33 0 75 0 0
11 7 1 1 100 0.75 2 184 0 44 44 0 75 0 0
11 7 1 1 100 0.75 2 185 0 55 55 0 75 0 0
11 7 1 1 100 0.75 2 186 0 66 66 0 75 0 0
11 7 1 1 100 0.75 2 187 1 77 76 0 75 0 0
11 7 1 1 100 0.75 2 188 1 88 86 1 75 0 0
11 7 1 1 100 0.75 2 189 5 99 94 1 75 0 0
11 7 1 1 100 0.75 2 190 8 110 102 5 75 0 0
11 7 1 1 100 0.75 2 191 11 121 108 8 75 0 0
11 7 1 1 100 0.75 2 192 14 132 115 11 75 0 0
11 7 1 1 100 0.75 2 193 18 143 120 14 75 0 0
11 7 1 1 100 0.75 2 194 23 154 131 18 75 0 0
11 7 1 1 100 0.75 2 195 29 165 137 23 75 0 0
11 7 1 1 100 0.75 2 196 33 176 143 29 75 0 1
11 7 1 1 100 0.75 2 197 39 187 149 33 75 0 3
11 7 1 1 100 0.75 2 198 45 198 158 39 75 0 7
11 7 1 1 100 0.75 2 199 53 209 164 45 75 0 9
11 7 1 1 100 0.75 2 200 57 220 177 53 75 0 9
11 7 1 1 100 0.75 2 201 63 231 182 57 75 0 12
11 7 1 1 100 0.75 2 202 67 242 195 63 75 0 17
11 7 1 1 100 0.75 2 203 74 253 204 67 75 0 20
11 7 1 1 100 0.75 2 204 83 264 214 74 75 0 25
11 7 1 1 100 0.75 2 205 91 275 220 83 75 0 31
11 7 1 1 100 0.75 2 206 94 286 233 91 75 0 36
11 7 1 1 100 0.75 2 207 102 297 240 94 75 0 42
11 7 1 1 100 0.75 2 208 107 308 253 102 75 0 46
11 7 1 1 100 0.75 2 209 113 319 262 107 75 0 51
11 7 1 1 100 0.75 2 210 118 330 272 113 75 0 56
11 7 1 1 100 0.75 2 211 127 340 281 117 76 1 61
11 7 1 1 100 0.75 2 212 135 351 294 126 76 1 67
11 7 1 1 100 0.75 2 213 148 362 301 134 76 1 72
11 7 1 1 100 0.75 2 214 153 372 311 146 77 2 75
11 7 1 1 100 0.75 2 215 159 382 318 150 78 3 78
11 7 1 1 100 0.75 2 216 165 393 327 156 78 3 80
11 7 1 1 100 0.75 2 217 172 399 330 157 83 8 79
11 7 1 1 100 0.75 2 218 181 406 336 160 87 12 79
11 7 1 1 100 0.75 2 219 191 412 339 164 92 17 81
11 7 1 1 100 0.75 2 220 198 421 347 172 94 19 83
11 7 1 1 100 0.75 2 221 208 424 350 171 102 27 84
11 7 1 1 100 0.75 2 222 218 429 355 175 108 33 83
11 7 1 1 100 0.75 2 223 228 439 355 184 109 34 84
11 7 1 1 100 0.75 2 224 235 445 364 189 114 39 87
11 7 1 1 100 0.75 2 225 244 452 365 192 118 43 88
11 7 1 1 100 0.75 2 226 257 455 363 193 126 51 83
11 7 1 1 100 0.75 2 227 268 462 370 202 130 55 85
11 7 1 1 100 0.75 2 228 279 465 365 205 138 63 85
11 7 1 1 100 0.75 2 229 294 471 369 212 143 68 89
11 7 1 1 100 0.75 2 230 307 476 363 222 149 74 88
11 7 1 1 100 0.75 2 231 323 486 376 234 150 75 96
11 7 1 1 100 0.75 2 232 331 493 370 246 154 79 96
11 7 1 1 100 0.75 2 233 342 502 390 252 156 81 106
11 7 1 1 100 0.75 2 234 356 510 393 260 159 84 110
11 7 1 1 100 0.75 2 235 367 518 393 271 162 87 115
11 7 1 1 100 0.75 2 236 387 522 394 275 169 94 119
11 7 1 1 100 0.75 2 237 397 529 394 294 173 98 125
11 7 1 1 100 0.75 2 238 410 533 393 300 180 105 124
11 7 1 1 100 0.75 2 239 421 537 403 307 187 112 127
11 7 1 1 100 0.75 2 240 434 542 401 313 192 118 125
11 7 1 1 100 0.75 2 241 447 550 401 325 195 121 133
11 7 1 1 100 0.75 2 242 456 554 408 333 202 128 133
11 7 1 1 100 0.75 2 243 470 559 408 336 208 134 140
11 7 1 1 100 0.75 2 244 483 566 409 348 212 138 151
11 7 1 1 100 0.75 2 245 496 570 409 358 219 145 155
11 7 1 1 100 0.75 2 246 504 576 414 368 224 150 154
11 7 1 1 100 0.75 2 247 518 581 411 370 230 156 158
11 7 1 1 100 0.75 2 248 533 582 414 375 240 166 157
11 7 1 1 100 0.75 2 249 549 585 417 383 247 174 158
11 7 1 1 100 0.75 2 250 566 584 400 389 259 186 153
11 7 1 1 100 0.75 2 251 586 588 399 400 266 193 165
11 7 1 1 100 0.75 2 252 592 597 405 422 268 195 174
11 7 1 1 100 0.75 2 253 601 595 405 416 281 208 170
11 7 1 1 100 0.75 2 254 614 592 397 415 295 222 166
11 7 1 1 100 0.75 2 255 626 595 390 426 303 230 169
11 7 1 1 100 0.75 2 256 631 599 394 434 309 237 171
11 7 1 1 100 0.75 2 257 645 603 389 442 316 244 179
11 7 1 1 100 0.75 2 258 663 605 391 449 325 253 184
11 7 1 1 100 0.75 2 259 674 608 379 464 333 261 186
11 7 1 1 100 0.75 2 260 689 609 373 468 343 271 184
11 7 1 1 100 0.75 2 261 699 609 368 476 353 282 187
11 7 1 1 100 0.75 2 262 707 604 363 473 369 298 186
11 7 1 1 100 0.75 2 263 718 607 360 475 377 306 189
11 7 1 1 100 0.75 2 264 732 612 359 487 383 312 192
11 7 1 1 100 0.75 2 265 744 616 367 497 390 319 198
11 7 1 1 100 0.75 2 266 760 621 368 504 396 325 204
11 7 1 1 100 0.75 2 267 764 617 356 505 411 340 200
11 7 1 1 100 0.75 2 268 775 615 358 504 424 353 201
11 7 1 1 100 0.75 2 269 780 614 361 505 436 365 196
11 7 1 1 100 0.75 2 270 789 620 353 515 441 370 198
11 7 1 1 100 0.75 2 271 795 623 349 520 449 378 209
11 7 1 1 100 0.75 2 272 805 622 350 522 460 390 208
11 7 1 1 100 0.75 2 273 819 616 338 520 477 407 199
11 7 1 1 100 0.75 2 274 827 614 331 524 490 420 201
11 7 1 1 100 0.75 2 275 832 619 333 532 495 426 207
11 7 1 1 100 0.75 2 276 837 621 332 533 504 435 211
11 7 1 1 100 0.75 2 277 842 619 336 533 517 448 209
11 7 1 1 100 0.75 2 278 847 619 328 528 528 459 207
11 7 1 1 100 0.75 2 279 855 617 325 529 541 472 207
11 7 1 1 100 0.75 2 280 856 619 321 534 549 481 205
11 7 1 1 100 0.75 2 281 862 617 332 527 562 494 204
11 7 1 1 100 0.75 2 282 867 612 309 526 577 510 194
11 7 1 1 100 0.75 2 283 871 611 301 526 589 522 191
11 7 1 1 100 0.75 2 284 875 607 289 522 604 537 185
11 7 1 1 100 0.75 2 285 879 604 292 519 618 551 179
11 7 1 1 100 0.75 2 286 884 607 290 519 626 559 181
11 7 1 1 100 0.75 2 287 884 609 281 527 635 568 177
11 7 1 1 100 0.75 2 288 887 611 295 525 642 577 173
11 7 1 1 100 0.75 2 289 890 606 284 519 657 593 168
11 7 1 1 100 0.75 2 290 893 608 273 521 666 602 168
11 7 1 1 100 0.75 2 291 895 605 274 520 680 616 161
11 7 1 1 100 0.75 2 292 899 606 253 520 690 626 161
11 7 1 1 100 0.75 2 293 905 606 267 517 701 637 159
11 7 1 1 100 0.75 2 294 907 601 250 516 717 653 153
11 7 1 1 100 0.75 2 295 912 600 248 514 729 665 146
11 7 1 1 100 0.75 2 296 914 603 241 517 737 673 150
11 7 1 1 100 0.75 2 297 916 606 239 520 745 681 149
11 7 1 1 100 0.75 2 298 920 609 260 522 753 689 150
11 7 1 1 100 0.75 2 299 925 608 245 524 765 701 141
11 7 1 1 100 0.75 2 300 925 610 245 525 773 710 142
11 7 1 1 100 0.75 2 301 927 612 245 527 782 719 145
11 7 1 1 100 0.75 2 302 930 616 246 531 789 726 147
11 7 1 1 100 0.75 2 303 931 620 241 538 796 733 145
11 7 1 1 100 0.75 2 304 933 625 245 542 802 739 149
11 7 1 1 100 0.75 2 305 934 625 241 540 813 750 148
11 7 1 1 100 0.75 2 306 936 626 240 545 823 760 153
11 7 1 1 100 0.75 2 307 938 631 231 548 828 766 153
11 7 1 1 100 0.75 2 308 940 629 238 544 840 779 148
11 7 1 1 100 0.75 2 309 942 633 237 551 847 786 151
11 7 1 1 100 0.75 2 310 943 635 239 554 856 795 148
11 7 1 1 100 0.75 2 311 943 638 231 554 864 803 149
11 7 1 1 100 0.75 2 312 944 642 249 558 871 810 153
11 7 1 1 100 0.75 2 313 945 648 241 563 876 815 159
11 7 1 1 100 0.75 2 314 946 651 250 566 884 823 155
11 7 1 1 100 0.75 2 315 948 656 254 571 889 829 159
11 7 1 1 100 0.75 2 316 949 655 239 570 899 841 156
11 7 1 1 100 0.75 2 317 952 659 229 574 905 848 155
11 7 1 1 100 0.75 2 318 955 660 238 576 914 858 152
11 7 1 1 100 0.75 2 319 956 663 211 580 921 866 149
11 7 1 1 100 0.75 2 320 957 663 233 578 932 877 148
11 7 1 1 100 0.75 2 321 959 666 217 581 940 885 150
11 7 1 1 100 0.75 2 322 960 672 236 589 945 890 152
11 7 1 1 100 0.75 2 323 962 673 226 589 955 900 146
11 7 1 1 100 0.75 2 324 964 673 207 587 966 911 142
11 7 1 1 100 0.75 2 325 965 672 236 587 978 923 139
11 7 1 1 100 0.75 2 326 966 673 231 589 988 933 135
11 7 1 1 100 0.75 2 327 969 675 223 590 996 942 136
11 7 1 1 100 0.75 2 328 971 674 226 589 1008 954 134
11 7 1 1 100 0.75 2 329 973 679 216 596 1013 960 134
11 7 1 1 100 0.75 2 330 974 678 225 595 1025 972 131
11 7 1 1 100 0.75 2 330 974 678 678 595 1155 972 131
11 7 1 1 100 0.75 2 360 974 678 678 595 76 972 131
11 7 1 1 100 0.75 3 361 0 11 11 0 76 0 0
11 7 1 1 100 0.75 3 362 0 22 22 0 76 0 0
11 7 1 1 100 0.75 3 363 0 33 33 0 76 0 0
11 7 1 1 100 0.75 3 364 0 44 44 0 76 0 0
11 7 1 1 100 0.75 3 365 0 55 54 0 76 0 0
11 7 1 1 100 0.75 3 366 0 66 66 0 76 0 0
11 7 1 1 100 0.75 3 367 1 77 75 0 76 0 0
11 7 1 1 100 0.75 3 368 1 88 86 1 76 0 0
11 7 1 1 100 0.75 3 369 6 99 90 1 76 0 0
11 7 1 1 100 0.75 3 370 9 110 100 6 76 0 0
11 7 1 1 100 0.75 3 371 15 121 104 9 76 0 0
11 7 1 1 100 0.75 3 372 19 132 109 15 76 0 0
11 7 1 1 100 0.75 3 373 22 143 118 19 76 0 0
11 7 1 1 100 0.75 3 374 26 154 124 22 76 0 1
11 7 1 1 100 0.75 3 375 31 165 133 26 76 0 1
11 7 1 1 100 0.75 3 376 36 176 139 31 76 0 5
11 7 1 1 100 0.75 3 377 40 187 152 36 76 0 6
11 7 1 1 100 0.75 3 378 49 198 155 40 76 0 12
11 7 1 1 100 0.75 3 379 51 209 173 49 76 0 16
11 7 1 1 100 0.75 3 380 59 220 178 51 76 0 16
11 7 1 1 100 0.75 3 381 63 231 190 59 76 0 19
11 7 1 1 100 0.75 3 382 71 242 194 63 76 0 21
11 7 1 1 100 0.75 3 383 79 253 203 71 76 0 26
11 7 1 1 100 0.75 3 384 87 264 210 79 76 0 29
11 7 1 1 100 0.75 3 385 94 275 219 87 76 0 33
11 7 1 1 100 0.75 3 386 97 286 232 94 76 0 39
11 7 1 1 100 0.75 3 387 103 297 242 97 76 0 41
11 7 1 1 100 0.75 3 388 114 308 253 103 76 0 47
11 7 1 1 100 0.75 3 389 115 319 261 114 76 0 50
11 7 1 1 100 0.75 3 390 123 330 275 115 76 0 57
11 7 1 1 100 0.75 3 391 129 341 285 123 76 0 63
11 7 1 1 100 0.75 3 392 132 351 304 128 77 1 67
11 7 1 1 100 0.75 3 393 140 360 306 129 79 3 69
11 7 1 1 100 0.75 3 394 147 367 309 133 83 7 68
11 7 1 1 100 0.75 3 395 154 376 314 138 85 9 68
11 7 1 1 100 0.75 3 396 164 382 320 140 90 14 69
11 7 1 1 100 0.75 3 397 174 391 321 148 92 16 71
11 7 1 1 100 0.75 3 398 183 400 329 156 94 18 75
11 7 1 1 100 0.75 3 399 192 409 332 163 96 20 75
11 7 1 1 100 0.75 3 400 200 417 335 169 99 23 78
11 7 1 1 100 0.75 3 401 212 425 344 174 102 26 82
11 7 1 1 100 0.75 3 402 226 430 340 180 108 32 79
11 7 1 1 100 0.75 3 403 235 436 345 189 113 37 81
11 7 1 1 100 0.75 3 404 243 444 350 195 116 40 86
11 7 1 1 100 0.75 3 405 256 452 358 200 119 43 91
11 7 1 1 100 0.75 3 406 266 456 357 206 126 50 90
11 7 1 1 100 0.75 3 407 279 464 361 213 129 53 96
11 7 1 1 100 0.75 3 408 290 469 363 220 135 59 98
11 7 1 1 100 0.75 3 409 303 475 367 227 140 64 104
11 7 1 1 100 0.75 3 410 314 481 374 235 145 69 109
11 7 1 1 100 0.75 3 411 323 489 383 243 147 72 110
11 7 1 1 100 0.75 3 412 337 494 378 246 153 78 112
11 7 1 1 100 0.75 3 413 351 502 384 258 156 81 121
11 7 1 1 100 0.75 3 414 363 507 380 266 162 87 123
11 7 1 1 100 0.75 3 415 371 516 391 278 164 89 130
11 7 1 1 100 0.75 3 416 388 521 393 281 170 95 135
11 7 1 1 100 0.75 3 417 399 530 401 296 172 97 144
11 7 1 1 100 0.75 3 418 414 537 400 304 176 101 147
11 7 1 1 100 0.75 3 419 427 538 399 310 186 111 149
11 7 1 1 100 0.75 3 420 440 544 400 321 191 116 154
11 7 1 1 100 0.75 3 421 454 547 395 328 199 124 156
11 7 1 1 100 0.75 3 422 463 554 408 338 203 128 158
11 7 1 1 100 0.75 3 423 487 553 389 337 215 140 157
11 7 1 1 100 0.75 3 424 498 561 397 361 218 143 168
11 7 1 1 100 0.75 3 425 509 559 390 364 231 156 166
11 7 1 1 100 0.75 3 426 518 566 394 373 235 160 176
11 7 1 1 100 0.75 3 427 532 567 395 376 245 170 177
11 7 1 1 100 0.75 3 428 542 570 399 383 253 178 178
11 7 1 1 100 0.75 3 429 552 569 391 382 265 190 174
11 7 1 1 100 0.75 3 430 562 576 401 392 269 194 185
11 7 1 1 100 0.75 3 431 582 574 392 393 282 207 194
11 7 1 1 100 0.75 3 432 598 575 384 404 292 217 198
11 7 1 1 100 0.75 3 433 616 577 377 412 300 226 195
11 7 1 1 100 0.75 3 434 634 582 379 427 306 232 199
11 7 1 1 100 0.75 3 435 649 583 372 436 316 242 199
11 7 1 1 100 0.75 3 436 656 584 370 442 326 252 201
11 7 1 1 100 0.75 3 437 665 583 362 441 338 264 198
11 7 1 1 100 0.75 3 438 676 587 371 444 345 271 203
11 7 1 1 100 0.75 3 439 688 579 354 439 363 290 204
11 7 1 1 100 0.75 3 440 700 585 367 452 368 295 210
11 7 1 1 100 0.75 3 441 717 585 358 455 379 306 213
11 7 1 1 100 0.75 3 442 727 587 360 468 388 315 222
11 7 1 1 100 0.75 3 443 737 589 357 474 397 324 223
11 7 1 1 100 0.75 3 444 744 585 341 476 412 339 213
11 7 1 1 100 0.75 3 445 757 583 336 470 424 352 208
11 7 1 1 100 0.75 3 446 764 580 320 475 438 366 208
11 7 1 1 100 0.75 3 447 769 580 335 476 449 377 208
11 7 1 1 100 0.75 3 448 777 577 326 475 462 391 210
11 7 1 1 100 0.75 3 449 786 577 323 476 473 402 210
11 7 1 1 100 0.75 3 450 791 577 331 479 484 413 210
11 7 1 1 100 0.75 3 451 795 574 315 479 497 427 203
11 7 1 1 100 0.75 3 452 803 577 308 481 505 435 207
11 7 1 1 100 0.75 3 453 810 576 314 483 517 447 202
11 7 1 1 100 0.75 3 454 818 572 298 479 531 462 196
11 7 1 1 100 0.75 3 455 823 568 299 476 546 477 191
11 7 1 1 100 0.75 3 456 827 573 301 485 552 483 194
11 7 1 1 100 0.75 3 457 832 570 289 483 566 497 187
11 7 1 1 100 0.75 3 458 837 563 275 477 584 515 177
11 7 1 1 100 0.75 3 459 840 561 266 475 597 528 175
11 7 1 1 100 0.75 3 460 843 559 272 474 610 541 169
11 7 1 1 100 0.75 3 461 848 560 252 473 620 551 165
11 7 1 1 100 0.75 3 462 851 560 267 475 631 562 162
11 7 1 1 100 0.75 3 463 855 562 264 474 640 571 164
11 7 1 1 100 0.75 3 464 857 565 254 481 647 579 166
11 7 1 1 100 0.75 3 465 859 557 233 472 666 598 157
11 7 1 1 100 0.75 3 466 863 555 244 473 678 611 153
11 7 1 1 100 0.75 3 467 867 559 244 476 685 618 151
11 7 1 1 100 0.75 3 468 870 563 254 478 692 625 151
11 7 1 1 100 0.75 3 469 874 568 253 480 697 631 152
11 7 1 1 100 0.75 3 470 879 568 252 484 708 642 150
11 7 1 1 100 0.75 3 471 883 567 254 484 720 654 148
11 7 1 1 100 0.75 3 472 887 566 240 482 732 666 144
11 7 1 1 100 0.75 3 473 889 568 240 484 741 675 143
11 7 1 1 100 0.75 3 474 893 570 226 486 750 684 141
11 7 1 1 100 0.75 3 475 896 570 234 484 761 695 137
11 7 1 1 100 0.75 3 476 901 574 253 487 768 702 135
11 7 1 1 100 0.75 3 477 902 580 231 493 771 707 144
11 7 1 1 100 0.75 3 478 908 582 254 496 780 716 140
11 7 1 1 100 0.75 3 479 910 586 233 506 787 723 141
11 7 1 1 100 0.75 3 480 911 594 254 511 789 726 148
11 7 1 1 100 0.75 3 481 912 595 244 513 799 736 146
11 7 1 1 100 0.75 3 482 918 592 241 508 813 750 137
11 7 1 1 100 0.75 3 483 920 594 222 511 821 759 134
11 7 1 1 100 0.75 3 484 922 598 232 517 827 766 137
11 7 1 1 100 0.75 3 485 927 604 221 519 832 771 142
11 7 1 1 100 0.75 3 486 928 607 242 526 840 779 143
11 7 1 1 100 0.75 3 487 932 606 225 520 852 791 141
11 7 1 1 100 0.75 3 488 935 611 235 528 858 797 141
11 7 1 1 100 0.75 3 489 938 615 226 531 865 804 144
11 7 1 1 100 0.75 3 490 940 616 221 534 875 814 141
11 7 1 1 100 0.75 3 491 942 621 220 538 881 820 141
11 7 1 1 100 0.75 3 492 945 622 211 540 891 830 139
11 7 1 1 100 0.75 3 493 947 624 220 540 900 839 137
11 7 1 1 100 0.75 3 494 949 630 209 546 905 844 139
11 7 1 1 100 0.75 3 495 950 629 220 548 917 856 137
11 7 1 1 100 0.75 3 496 951 634 231 550 923 862 140
11 7 1 1 100 0.75 3 497 953 635 217 552 931 872 142
11 7 1 1 100 0.75 3 498 955 643 235 563 934 875 146
11 7 1 1 100 0.75 3 499 956 646 225 566 942 883 147
11 7 1 1 100 0.75 3 500 957 650 224 567 949 890 149
11 7 1 1 100 0.75 3 501 957 651 207 570 957 900 145
11 7 1 1 100 0.75 3 502 962 654 221 568 965 908 147
11 7 1 1 100 0.75 3 503 964 657 219 572 972 916 145
11 7 1 1 100 0.75 3 504 964 661 232 578 979 923 149
11 7 1 1 100 0.75 3 505 964 661 219 576 990 934 147
11 7 1 1 100 0.75 3 506 967 664 207 576 996 942 148
11 7 1 1 100 0.75 3 507 969 668 229 583 1003 949 146
11 7 1 1 100 0.75 3 508 970 672 231 588 1010 956 148
11 7 1 1 100 0.75 3 509 972 675 223 591 1017 964 148
11 7 1 1 100 0.75 3 510 974 681 243 599 1021 969 153
11 7 1 1 100 0.75 3 510 974 681 681 599 1174 969 153
11 7 1 1 100 0.75 3 540 974 681 681 599 76 969 153
11 7 1 1 100 0.75 4 541 0 11 11 0 76 0 0
11 7 1 1 100 0.75 4 542 0 22 22 0 76 0 0
11 7 1 1 100 0.75 4 543 0 33 33 0 76 0 0
11 7 1 1 100 0.75 4 544 0 44 44 0 76 0 0
11 7 1 1 100 0.75 4 545 0 55 55 0 76 0 0
11 7 1 1 100 0.75 4 546 0 66 64 0 76 0 0
11 7 1 1 100 0.75 4 547 0 77 74 0 76 0 0
11 7 1 1 100 0.75 4 548 1 88 84 0 76 0 0
11 7 1 1 100 0.75 4 549 3 99 94 1 76 0 0
11 7 1 1 100 0.75 4 550 8 110 97 3 76 0 0
11 7 1 1 100 0.75 4 551 14 121 105 8 76 0 0
11 7 1 1 100 0.75 4 552 19 132 111 14 76 0 0
11 7 1 1 100 0.75 4 553 24 143 117 19 76 0 0
11 7 1 1 100 0.75 4 554 31 154 123 24 76 0 0
11 7 1 1 100 0.75 4 555 33 165 133 31 76 0 1
11 7 1 1 100 0.75 4 556 37 176 141 33 76 0 2
11 7 1 1 100 0.75 4 557 42 187 148 37 76 0 6
11 7 1 1 100 0.75 4 558 49 198 159 42 76 0 10
11 7 1 1 100 0.75 4 559 56 209 166 49 76 0 12
11 7 1 1 100 0.75 4 560 59 220 177 56 76 0 16
11 7 1 1 100 0.75 4 561 63 231 189 59 76 0 20
11 7 1 1 100 0.75 4 562 72 242 195 63 76 0 24
11 7 1 1 100 0.75 4 563 78 253 205 72 76 0 27
11 7 1 1 100 0.75 4 564 83 264 214 78 76 0 32
11 7 1 1 100 0.75 4 565 93 275 225 83 76 0 37
11 7 1 1 100 0.75 4 566 97 286 239 93 76 0 44
11 7 1 1 100 0.75 4 567 108 297 240 97 76 0 47
11 7 1 1 100 0.75 4 568 114 308 249 108 76 0 49
11 7 1 1 100 0.75 4 569 119 319 258 114 76 0 53
11 7 1 1 100 0.75 4 570 124 330 271 119 76 0 60
11 7 1 1 100 0.75 4 571 131 341 282 124 76 0 62
11 7 1 1 100 0.75 4 572 139 352 295 131 76 0 70
11 7 1 1 100 0.75 4 573 147 359 296 135 80 4 70
11 7 1 1 100 0.75 4 574 151 369 309 142 81 5 77
11 7 1 1 100 0.75 4 575 158 375 315 141 86 10 76
11 7 1 1 100 0.75 4 576 168 383 314 145 89 13 79
11 7 1 1 100 0.75 4 577 175 391 323 152 92 16 77
11 7 1 1 100 0.75 4 578 180 400 331 157 94 18 82
11 7 1 1 100 0.75 4 579 192 409 336 160 96 20 86
11 7 1 1 100 0.75 4 580 200 416 343 168 100 24 87
11 7 1 1 100 0.75 4 581 214 421 338 170 106 30 85
11 7 1 1 100 0.75 4 582 221 427 343 179 111 35 84
11 7 1 1 100 0.75 4 583 227 433 349 182 116 40 85
11 7 1 1 100 0.75 4 584 242 440 347 185 120 44 86
11 7 1 1 100 0.75 4 585 247 448 359 197 123 47 88
11 7 1 1 100 0.75 4 586 258 455 353 198 127 51 88
11 7 1 1 100 0.75 4 587 271 460 363 203 133 57 91
11 7 1 1 100 0.75 4 588 280 469 366 214 135 59 94
11 7 1 1 100 0.75 4 589 291 472 371 215 143 67 98
11 7 1 1 100 0.75 4 590 303 479 376 222 147 71 102
11 7 1 1 100 0.75 4 591 319 483 369 227 154 78 102
11 7 1 1 100 0.75 4 592 330 489 373 238 159 83 105
11 7 1 1 100 0.75 4 593 341 494 370 243 165 89 103
11 7 1 1 100 0.75 4 594 353 502 375 254 168 92 108
11 7 1 1 100 0.75 4 595 361 508 382 261 172 97 111
11 7 1 1 100 0.75 4 596 373 513 381 264 178 103 114
11 7 1 1 100 0.75 4 597 385 518 377 272 184 109 116
11 7 1 1 100 0.75 4 598 395 526 394 283 187 112 124
11 7 1 1 100 0.75 4 599 404 533 397 289 191 116 132
11 7 1 1 100 0.75 4 600 416 537 395 291 198 123 131
11 7 1 1 100 0.75 4 601 432 544 403 303 201 127 135
11 7 1 1 100 0.75 4 602 448 550 395 315 206 132 136
11 7 1 1 100 0.75 4 603 464 554 398 325 213 139 143
11 7 1 1 100 0.75 4 604 475 558 402 336 220 146 146
11 7 1 1 100 0.75 4 605 484 563 401 342 226 152 149
11 7 1 1 100 0.75 4 606 503 565 387 344 235 161 148
11 7 1 1 100 0.75 4 607 513 566 385 356 245 171 145
11 7 1 1 100 0.75 4 608 524 576 397 368 246 172 158
11 7 1 1 100 0.75 4 609 538 575 388 368 258 184 161
11 7 1 1 100 0.75 4 610 551 577 389 375 267 193 165
11 7 1 1 100 0.75 4 611 567 581 389 383 274 200 172
11 7 1 1 100 0.75 4 612 573 587 391 400 279 205 173
11 7 1 1 100 0.75 4 613 590 586 385 398 291 217 175
11 7 1 1 100 0.75 4 614 602 588 388 409 300 226 177
11 7 1 1 100 0.75 4 615 610 590 387 414 309 235 177
11 7 1 1 100 0.75 4 616 620 595 376 421 315 241 181
11 7 1 1 100 0.75 4 617 631 595 385 422 326 252 180
11 7 1 1 100 0.75 4 618 647 600 388 429 332 258 191
11 7 1 1 100 0.75 4 619 662 602 378 440 341 267 196
11 7 1 1 100 0.75 4 620 674 607 383 452 347 273 196
11 7 1 1 100 0.75 4 621 682 606 382 457 359 285 201
11 7 1 1 100 0.75 4 622 694 605 373 460 371 297 199
11 7 1 1 100 0.75 4 623 704 603 369 461 384 310 193
11 7 1 1 100 0.75 4 624 713 600 346 461 398 324 189
11 7 1 1 100 0.75 4 625 726 604 358 466 405 331 195
11 7 1 1 100 0.75 4 626 736 604 358 473 416 342 202
11 7 1 1 100 0.75 4 627 742 603 351 476 428 354 202
11 7 1 1 100 0.75 4 628 751 599 351 471 443 369 200
11 7 1 1 100 0.75 4 629 760 601 336 478 451 378 206
11 7 1 1 100 0.75 4 630 766 606 339 486 457 384 208
11 7 1 1 100 0.75 4 631 774 604 325 480 470 397 208
11 7 1 1 100 0.75 4 632 785 606 328 484 479 406 210
11 7 1 1 100 0.75 4 633 796 609 323 492 487 414 213
11 7 1 1 100 0.75 4 634 804 606 315 496 501 428 208
11 7 1 1 100 0.75 4 635 817 604 318 499 513 441 209
11 7 1 1 100 0.75 4 636 825 599 293 503 529 457 201
11 7 1 1 100 0.75 4 637 829 597 300 504 541 470 193
11 7 1 1 100 0.75 4 638 833 596 282 504 553 482 190
11 7 1 1 100 0.75 4 639 838 598 285 506 562 491 193
11 7 1 1 100 0.75 4 640 843 595 285 502 575 505 193
11 7 1 1 100 0.75 4 641 849 596 289 503 585 515 193
11 7 1 1 100 0.75 4 642 856 596 284 502 596 526 197
11 7 1 1 100 0.75 4 643 860 599 291 508 604 534 199
11 7 1 1 100 0.75 4 644 863 603 299 510 611 541 204
11 7 1 1 100 0.75 4 645 868 598 287 507 626 557 200
11 7 1 1 100 0.75 4 646 871 593 279 505 641 573 193
11 7 1 1 100 0.75 4 647 878 593 269 505 652 584 188
11 7 1 1 100 0.75 4 648 880 590 267 507 666 598 186
11 7 1 1 100 0.75 4 649 883 589 256 501 677 610 186
11 7 1 1 100 0.75 4 650 886 590 266 504 687 620 184
11 7 1 1 100 0.75 4 651 888 590 242 504 697 631 182
11 7 1 1 100 0.75 4 652 888 590 236 504 708 642 178
11 7 1 1 100 0.75 4 653 894 590 227 502 717 653 178
11 7 1 1 100 0.75 4 654 895 595 241 511 723 659 185
11 7 1 1 100 0.75 4 655 897 598 245 510 731 667 187
11 7 1 1 100 0.75 4 656 899 598 251 514 742 678 184
11 7 1 1 100 0.75 4 657 901 603 243 520 748 684 185
11 7 1 1 100 0.75 4 658 902 598 243 511 763 700 182
11 7 1 1 100 0.75 4 659 905 595 238 510 777 714 173
11 7 1 1 100 0.75 4 660 908 593 244 510 789 727 174
11 7 1 1 100 0.75 4 661 910 597 236 513 795 734 175
11 7 1 1 100 0.75 4 662 914 596 223 513 805 746 168
11 7 1 1 100 0.75 4 663 918 599 217 517 812 754 170
11 7 1 1 100 0.75 4 664 921 598 229 515 824 766 165
11 7 1 1 100 0.75 4 665 925 596 215 513 837 779 160
11 7 1 1 100 0.75 4 666 928 594 234 511 849 792 159
11 7 1 1 100 0.75 4 667 933 594 219 513 860 803 153
11 7 1 1 100 0.75 4 668 936 600 219 518 865 808 153
11 7 1 1 100 0.75 4 669 939 599 227 513 876 820 152
11 7 1 1 100 0.75 4 670 939 599 197 516 886 831 146
11 7 1 1 100 0.75 4 671 942 599 216 515 896 842 141
11 7 1 1 100 0.75 4 672 944 601 217 518 904 851 140
11 7 1 1 100 0.75 4 673 947 602 211 518 911 861 140
11 7 1 1 100 0.75 4 674 949 605 198 521 919 869 137
11 7 1 1 100 0.75 4 675 949 610 200 529 925 875 138
11 7 1 1 100 0.75 4 676 951 613 196 530 932 883 140
11 7 1 1 100 0.75 4 677 952 616 207 534 940 891 142
11 7 1 1 100 0.75 4 678 953 619 209 538 947 899 146
11 7 1 1 100 0.75 4 679 955 625 212 543 951 904 146
11 7 1 1 100 0.75 4 680 956 621 209 537 966 919 139
11 7 1 1 100 0.75 4 681 957 620 203 537 977 931 138
11 7 1 1 100 0.75 4 682 959 623 204 539 985 939 137
11 7 1 1 100 0.75 4 683 959 630 197 547 989 943 140
11 7 1 1 100 0.75 4 684 960 631 204 548 999 953 140
11 7 1 1 100 0.75 4 685 960 637 203 553 1004 958 144
11 7 1 1 100 0.75 4 686 962 643 198 560 1009 963 145
11 7 1 1 100 0.75 4 687 963 645 203 562 1018 972 147
11 7 1 1 100 0.75 4 688 964 647 200 562 1027 981 144
11 7 1 1 100 0.75 4 689 965 654 198 569 1031 985 151
11 7 1 1 100 0.75 4 690 967 652 201 567 1042 998 150
11 7 1 1 100 0.75 4 690 967 652 652 567 1186 998 150
11 7 1 1 100 0.75 4 720 967 652 652 567 75 998 150
11 7 1 1 100 0.75 5 721 0 11 11 0 75 0 0
11 7 1 1 100 0.75 5 722 0 22 22 0 75 0 0
11 7 1 1 100 0.75 5 723 0 33 33 0 75 0 0
11 7 1 1 100 0.75 5 724 0 44 44 0 75 0 0
11 7 1 1 100 0.75 5 725 0 55 53 0 75 0 0
11 7 1 1 100 0.75 5 726 0 66 66 0 75 0 0
11 7 1 1 100 0.75 5 727 0 77 73 0 75 0 0
11 7 1 1 100 0.75 5 728 3 88 85 0 75 0 0
11 7 1 1 100 0.75 5 729 7 99 91 3 75 0 0
11 7 1 1 100 0.75 5 730 11 110 95 7 75 0 0
11 7 1 1 100 0.75 5 731 17 121 104 11 75 0 0
11 7 1 1 100 0.75 5 732 24 132 105 17 75 0 0
11 7 1 1 100 0.75 5 733 28 143 114 24 75 0 0
11 7 1 1 100 0.75 5 734 39 154 112 28 75 0 0
11 7 1 1 100 0.75 5 735 43 165 122 39 75 0 2
11 7 1 1 100 0.75 5 736 49 176 129 43 75 0 4
11 7 1 1 100 0.75 5 737 55 187 143 49 75 0 8
11 7 1 1 100 0.75 5 738 58 198 153 55 75 0 11
11 7 1 1 100 0.75 5 739 62 209 165 58 75 0 15
11 7 1 1 100 0.75 5 740 66 220 179 62 75 0 17
11 7 1 1 100 0.75 5 741 73 231 187 66 75 0 24
11 7 1 1 100 0.75 5 742 80 242 194 73 75 0 29
11 7 1 1 100 0.75 5 743 87 253 203 80 75 0 31
11 7 1 1 100 0.75 5 744 93 264 213 87 75 0 35
11 7 1 1 100 0.75 5 745 96 275 229 93 75 0 40
11 7 1 1 100 0.75 5 746 99 286 241 96 75 0 44
11 7 1 1 100 0.75 5 747 107 297 243 99 75 0 46
11 7 1 1 100 0.75 5 748 112 308 258 107 75 0 51
11 7 1 1 100 0.75 5 749 118 319 270 112 74 0 58
11 7 1 1 100 0.75 5 750 125 330 275 118 74 0 62
11 7 1 1 100 0.75 5 751 132 341 289 125 74 0 68
11 7 1 1 100 0.75 5 752 137 350 292 130 76 2 69
11 7 1 1 100 0.75 5 753 143 359 302 133 78 4 70
11 7 1 1 100 0.75 5 754 153 367 303 136 80 7 72
11 7 1 1 100 0.75 5 755 156 377 314 145 81 8 77
11 7 1 1 100 0.75 5 756 166 383 317 143 85 13 76
11 7 1 1 100 0.75 5 757 173 391 327 150 88 16 77
11 7 1 1 100 0.75 5 758 182 401 330 156 89 17 82
11 7 1 1 100 0.75 5 759 190 408 338 161 93 21 83
11 7 1 1 100 0.75 5 760 197 413 338 163 99 27 81
11 7 1 1 100 0.75 5 761 201 418 345 164 105 33 83
11 7 1 1 100 0.75 5 762 214 427 349 166 107 35 86
11 7 1 1 100 0.75 5 763 223 435 354 176 110 38 89
11 7 1 1 100 0.75 5 764 236 442 350 181 114 42 90
11 7 1 1 100 0.75 5 765 244 445 357 187 121 50 87
11 7 1 1 100 0.75 5 766 255 450 360 189 127 56 86
11 7 1 1 100 0.75 5 767 268 459 361 198 129 58 90
11 7 1 1 100 0.75 5 768 280 465 361 206 134 63 91
11 7 1 1 100 0.75 5 769 293 470 362 212 140 69 92
11 7 1 1 100 0.75 5 770 303 479 365 223 142 71 99
11 7 1 1 100 0.75 5 771 319 484 367 227 148 77 102
11 7 1 1 100 0.75 5 772 330 490 372 238 153 82 101
11 7 1 1 100 0.75 5 773 338 495 384 243 159 88 104
11 7 1 1 100 0.75 5 774 352 499 382 244 166 95 104
11 7 1 1 100 0.75 5 775 376 506 379 255 170 99 112
11 7 1 1 100 0.75 5 776 391 513 381 277 174 103 115
11 7 1 1 100 0.75 5 777 399 520 385 290 178 107 119
11 7 1 1 100 0.75 5 778 413 526 379 295 183 112 121
11 7 1 1 100 0.75 5 779 429 528 382 301 192 121 126
11 7 1 1 100 0.75 5 780 442 534 379 313 197 126 127
11 7 1 1 100 0.75 5 781 451 542 394 323 200 129 134
11 7 1 1 100 0.75 5 782 461 548 394 328 205 134 142
11 7 1 1 100 0.75 5 783 477 555 404 335 209 138 154
11 7 1 1 100 0.75 5 784 488 561 409 348 214 143 163
11 7 1 1 100 0.75 5 785 497 563 405 356 223 152 163
11 7 1 1 100 0.75 5 786 510 564 403 356 232 162 164
11 7 1 1 100 0.75 5 787 524 567 406 363 240 170 169
11 7 1 1 100 0.75 5 788 539 572 413 372 246 176 171
11 7 1 1 100 0.75 5 789 551 577 401 383 252 182 175
11 7 1 1 100 0.75 5 790 569 578 399 388 262 192 177
11 7 1 1 100 0.75 5 791 578 582 390 401 269 199 176
11 7 1 1 100 0.75 5 792 593 585 390 407 277 207 180
11 7 1 1 100 0.75 5 793 603 590 398 417 283 213 182
11 7 1 1 100 0.75 5 794 617 595 397 426 289 219 185
11 7 1 1 100 0.75 5 795 630 599 392 434 295 226 191
11 7 1 1 100 0.75 5 796 645 593 384 433 312 243 186
11 7 1 1 100 0.75 5 797 662 589 370 436 327 258 184
11 7 1 1 100 0.75 5 798 672 588 366 444 339 270 183
11 7 1 1 100 0.75 5 799 679 588 378 448 350 281 186
11 7 1 1 100 0.75 5 800 692 590 357 446 359 290 189
11 7 1 1 100 0.75 5 801 701 591 364 456 369 300 189
11 7 1 1 100 0.75 5 802 715 594 368 460 377 308 192
11 7 1 1 100 0.75 5 803 728 594 362 465 388 319 192
11 7 1 1 100 0.75 5 804 740 592 345 470 401 332 196
11 7 1 1 100 0.75 5 805 750 593 345 475 411 342 196
11 7 1 1 100 0.75 5 806 761 596 347 484 418 350 199
11 7 1 1 100 0.75 5 807 766 598 335 494 427 359 198
11 7 1 1 100 0.75 5 808 771 597 350 491 438 371 200
11 7 1 1 100 0.75 5 809 781 598 333 489 448 381 198
11 7 1 1 100 0.75 5 810 789 598 338 495 459 392 199
11 7 1 1 100 0.75 5 811 796 601 338 499 467 400 210
11 7 1 1 100 0.75 5 812 803 600 323 502 479 412 211
11 7 1 1 100 0.75 5 813 807 603 327 509 486 420 217
11 7 1 1 100 0.75 5 814 813 595 317 499 503 439 207
11 7 1 1 100 0.75 5 815 822 596 317 501 512 449 202
11 7 1 1 100 0.75 5 816 830 598 306 503 521 458 203
11 7 1 1 100 0.75 5 817 832 597 304 504 533 470 202
11 7 1 1 100 0.75 5 818 844 598 308 504 543 480 196
11 7 1 1 100 0.75 5 819 848 595 301 510 557 494 196
11 7 1 1 100 0.75 5 820 856 592 295 504 571 508 190
11 7 1 1 100 0.75 5 821 860 589 281 507 585 522 183
11 7 1 1 100 0.75 5 822 865 595 290 512 590 527 187
11 7 1 1 100 0.75 5 823 870 593 288 507 603 540 184
11 7 1 1 100 0.75 5 824 873 588 285 505 618 556 175
11 7 1 1 100 0.75 5 825 877 593 284 508 623 562 182
11 7 1 1 100 0.75 5 826 881 586 271 500 641 580 174
11 7 1 1 100 0.75 5 827 887 585 267 500 652 592 167
11 7 1 1 100 0.75 5 828 890 584 266 501 664 604 168
11 7 1 1 100 0.75 5 829 895 588 267 505 671 611 164
11 7 1 1 100 0.75 5 830 896 584 261 501 686 626 161
11 7 1 1 100 0.75 5 831 901 580 253 495 701 641 152
11 7 1 1 100 0.75 5 832 905 581 241 497 711 651 153
11 7 1 1 100 0.75 5 833 906 588 247 506 715 655 155
11 7 1 1 100 0.75 5 834 907 590 255 504 724 664 157
11 7 1 1 100 0.75 5 835 911 591 235 504 734 674 154
11 7 1 1 100 0.75 5 836 912 590 239 509 746 686 146
11 7 1 1 100 0.75 5 837 916 593 262 512 754 694 147
11 7 1 1 100 0.75 5 838 916 599 255 515 758 699 148
11 7 1 1 100 0.75 5 839 918 601 243 517 767 708 149
11 7 1 1 100 0.75 5 840 922 603 241 518 776 717 146
11 7 1 1 100 0.75 5 841 925 606 230 521 784 725 145
11 7 1 1 100 0.75 5 842 927 606 237 524 795 736 143
11 7 1 1 100 0.75 5 843 931 601 221 518 811 752 135
11 7 1 1 100 0.75 5 844 935 605 221 522 818 759 137
11 7 1 1 100 0.75 5 845 935 609 237 526 825 766 139
11 7 1 1 100 0.75 5 846 936 612 225 527 832 774 140
11 7 1 1 100 0.75 5 847 939 615 247 532 840 782 142
11 7 1 1 100 0.75 5 848 941 620 225 536 846 788 147
11 7 1 1 100 0.75 5 849 943 625 238 542 852 794 146
11 7 1 1 100 0.75 5 850 944 628 242 543 860 802 148
11 7 1 1 100 0.75 5 851 944 627 234 543 872 814 146
11 7 1 1 100 0.75 5 852 945 630 228 549 880 822 146
11 7 1 1 100 0.75 5 853 946 632 228 551 889 831 140
11 7 1 1 100 0.75 5 854 949 633 214 549 899 841 142
11 7 1 1 100 0.75 5 855 951 641 230 559 902 844 147
11 7 1 1 100 0.75 5 856 952 646 229 566 908 850 150
11 7 1 1 100 0.75 5 857 952 654 230 571 911 853 152
11 7 1 1 100 0.75 5 858 954 652 236 567 924 866 147
11 7 1 1 100 0.75 5 859 955 650 214 567 936 879 143
11 7 1 1 100 0.75 5 860 956 656 234 573 941 884 151
11 7 1 1 100 0.75 5 861 956 657 220 574 950 894 148
11 7 1 1 100 0.75 5 862 958 660 235 580 957 902 149
11 7 1 1 100 0.75 5 863 958 661 215 581 966 912 144
11 7 1 1 100 0.75 5 864 958 662 221 579 975 922 139
11 7 1 1 100 0.75 5 865 958 664 221 583 983 931 139
11 7 1 1 100 0.75 5 866 959 666 217 582 992 940 139
11 7 1 1 100 0.75 5 867 961 672 210 584 996 945 142
11 7 1 1 100 0.75 5 868 963 676 213 592 1003 952 143
11 7 1 1 100 0.75 5 869 963 678 215 592 1012 961 145
11 7 1 1 100 0.75 5 870 965 681 197 598 1020 969 141
11 7 1 1 100 0.75 5 870 965 681 681 598 1161 969 141
11 7 1 1 100 0.75 5 900 965 681 681 598 76 969 141
11 7 1 1 100 0.75 6 901 0 11 11 0 76 0 0
11 7 1 1 100 0.75 6 902 0 22 22 0 76 0 0
11 7 1 1 100 0.75 6 903 0 33 33 0 76 0 0
11 7 1 1 100 0.75 6 904 0 44 44 0 76 0 0
11 7 1 1 100 0.75 6 905 0 55 55 0 76 0 0
11 7 1 1 100 0.75 6 906 0 66 66 0 76 0 0
11 7 1 1 100 0.75 6 907 0 77 75 0 76 0 0
11 7 1 1 100 0.75 6 908 5 88 81 0 76 0 0
11 7 1 1 100 0.75 6 909 7 99 87 5 76 0 0
11 7 1 1 100 0.75 6 910 9 110 99 7 76 0 0
11 7 1 1 100 0.75 6 911 13 121 104 9 76 0 0
11 7 1 1 100 0.75 6 912 16 132 114 13 76 0 0
11 7 1 1 100 0.75 6 913 24 143 119 16 76 0 0
11 7 1 1 100 0.75 6 914 27 154 125 24 76 0 0
11 7 1 1 100 0.75 6 915 32 165 136 27 76 0 4
11 7 1 1 100 0.75 6 916 38 176 141 32 76 0 4
11 7 1 1 100 0.75 6 917 47 187 148 38 76 0 8
11 7 1 1 100 0.75 6 918 51 198 157 47 76 0 11
11 7 1 1 100 0.75 6 919 56 209 163 51 76 0 12
11 7 1 1 100 0.75 6 920 61 220 172 56 76 0 16
11 7 1 1 100 0.75 6 921 66 231 186 61 76 0 21
11 7 1 1 100 0.75 6 922 72 242 197 66 76 0 28
11 7 1 1 100 0.75 6 923 76 253 205 72 76 0 31
11 7 1 1 100 0.75 6 924 84 264 216 76 76 0 37
11 7 1 1 100 0.75 6 925 94 275 224 84 76 0 44
11 7 1 1 100 0.75 6 926 98 286 235 94 76 0 46
11 7 1 1 100 0.75 6 927 105 297 243 98 76 0 50
11 7 1 1 100 0.75 6 928 110 308 249 105 76 0 53
11 7 1 1 100 0.75 6 929 116 319 261 110 76 0 57
11 7 1 1 100 0.75 6 930 119 329 274 115 77 1 59
11 7 1 1 100 0.75 6 931 124 338 281 116 79 3 61
11 7 1 1 100 0.75 6 932 137 348 288 120 80 4 68
11 7 1 1 100 0.75 6 933 146 359 297 133 80 4 71
11 7 1 1 100 0.75 6 934 153 368 303 140 82 6 72
11 7 1 1 100 0.75 6 935 159 377 318 145 84 8 76
11 7 1 1 100 0.75 6 936 170 383 308 146 89 13 72
11 7 1 1 100 0.75 6 937 176 388 317 151 95 19 70
11 7 1 1 100 0.75 6 938 183 396 320 154 98 22 69
11 7 1 1 100 0.75 6 939 191 401 327 155 104 28 71
11 7 1 1 100 0.75 6 940 206 411 331 162 105 29 77
11 7 1 1 100 0.75 6 941 215 416 333 171 111 35 77
11 7 1 1 100 0.75 6 942 219 423 343 176 115 39 76
11 7 1 1 100 0.75 6 943 238 430 340 176 119 43 78
11 7 1 1 100 0.75 6 944 249 437 343 191 123 47 82
11 7 1 1 100 0.75 6 945 262 444 342 198 127 51 81
11 7 1 1 100 0.75 6 946 267 451 351 207 131 55 85
11 7 1 1 100 0.75 6 947 277 460 361 211 133 57 90
11 7 1 1 100 0.75 6 948 293 467 358 217 137 61 96
11 7 1 1 100 0.75 6 949 303 472 363 227 143 67 94
11 7 1 1 100 0.75 6 950 311 478 364 232 148 72 99
11 7 1 1 100 0.75 6 951 335 486 370 237 151 75 111
11 7 1 1 100 0.75 6 952 351 492 370 256 156 80 115
11 7 1 1 100 0.75 6 953 361 499 374 268 160 84 118
11 7 1 1 100 0.75 6 954 373 506 376 274 164 88 120
11 7 1 1 100 0.75 6 955 387 512 384 281 169 93 128
11 7 1 1 100 0.75 6 956 400 515 379 288 177 101 131
11 7 1 1 100 0.75 6 957 409 524 392 302 179 103 134
11 7 1 1 100 0.75 6 958 423 531 392 307 183 107 142
11 7 1 1 100 0.75 6 959 444 536 386 317 189 113 151
11 7 1 1 100 0.75 6 960 458 542 389 336 194 118 157
11 7 1 1 100 0.75 6 961 470 546 389 346 201 125 154
11 7 1 1 100 0.75 6 962 478 551 390 355 207 131 160
11 7 1 1 100 0.75 6 963 496 556 389 357 213 137 167
11 7 1 1 100 0.75 6 964 506 564 406 373 216 140 175
11 7 1 1 100 0.75 6 965 519 563 390 374 228 152 173
11 7 1 1 100 0.75 6 966 530 565 393 380 237 161 182
11 7 1 1 100 0.75 6 967 549 565 387 382 248 172 189
11 7 1 1 100 0.75 6 968 562 562 384 389 262 186 188
11 7 1 1 100 0.75 6 969 572 564 383 394 271 195 187
11 7 1 1 100 0.75 6 970 583 567 376 400 279 203 191
11 7 1 1 100 0.75 6 971 600 566 370 402 291 215 191
11 7 1 1 100 0.75 6 972 609 574 366 418 293 218 203
11 7 1 1 100 0.75 6 973 616 579 391 422 298 224 206
11 7 1 1 100 0.75 6 974 633 575 375 416 313 239 203
11 7 1 1 100 0.75 6 975 645 580 377 429 319 245 211
11 7 1 1 100 0.75 6 976 655 575 355 432 335 261 202
11 7 1 1 100 0.75 6 977 665 578 368 437 343 269 206
11 7 1 1 100 0.75 6 978 682 580 356 442 352 278 207
11 7 1 1 100 0.75 6 979 693 584 352 453 359 285 212
11 7 1 1 100 0.75 6 980 704 586 345 460 367 294 213
11 7 1 1 100 0.75 6 981 715 582 349 460 382 309 208
11 7 1 1 100 0.75 6 982 721 583 343 468 392 319 208
11 7 1 1 100 0.75 6 983 727 582 344 467 404 331 207
11 7 1 1 100 0.75 6 984 738 577 328 465 420 347 203
11 7 1 1 100 0.75 6 985 751 570 323 461 438 365 191
11 7 1 1 100 0.75 6 986 755 569 313 466 449 377 192
11 7 1 1 100 0.75 6 987 759 567 307 464 462 390 191
11 7 1 1 100 0.75 6 988 767 569 310 465 471 399 198
11 7 1 1 100 0.75 6 989 776 567 297 469 484 412 195
11 7 1 1 100 0.75 6 990 781 563 293 466 499 427 190
11 7 1 1 100 0.75 6 991 788 564 296 468 508 437 191
11 7 1 1 100 0.75 6 992 798 563 290 468 520 449 190
11 7 1 1 100 0.75 6 993 805 559 269 466 534 464 183
11 7 1 1 100 0.75 6 994 813 561 272 469 543 473 179
11 7 1 1 100 0.75 6 995 820 564 275 473 551 481 181
11 7 1 1 100 0.75 6 996 823 561 272 472 565 495 178
11 7 1 1 100 0.75 6 997 830 570 270 478 567 497 182
11 7 1 1 100 0.75 6 998 836 571 285 482 577 507 182
11 7 1 1 100 0.75 6 999 841 571 269 484 588 518 179
11 7 1 1 100 0.75 6 1000 844 576 269 489 594 524 184
11 7 1 1 100 0.75 6 1001 850 570 264 486 611 541 176
11 7 1 1 100 0.75 6 1002 854 568 251 484 623 554 171
11 7 1 1 100 0.75 6 1003 859 567 246 482 635 566 166
11 7 1 1 100 0.75 6 1004 861 570 238 486 643 574 167
11 7 1 1 100 0.75 6 1005 863 571 256 485 653 584 163
11 7 1 1 100 0.75 6 1006 865 573 259 483 662 593 165
11 7 1 1 100 0.75 6 1007 868 567 263 477 677 610 155
11 7 1 1 100 0.75 6 1008 871 563 235 473 692 625 149
11 7 1 1 100 0.75 6 1009 874 568 238 483 697 631 151
11 7 1 1 100 0.75 6 1010 878 567 238 482 709 643 146
11 7 1 1 100 0.75 6 1011 880 575 251 490 712 646 155
11 7 1 1 100 0.75 6 1012 883 575 237 490 723 657 149
11 7 1 1 100 0.75 6 1013 888 578 257 490 731 665 147
11 7 1 1 100 0.75 6 1014 892 579 226 492 741 675 145
11 7 1 1 100 0.75 6 1015 896 579 232 493 752 686 144
11 7 1 1 100 0.75 6 1016 900 578 214 493 763 698 143
11 7 1 1 100 0.75 6 1017 903 582 236 502 770 705 145
11 7 1 1 100 0.75 6 1018 910 587 225 503 776 711 147
11 7 1 1 100 0.75 6 1019 912 592 228 511 782 717 150
11 7 1 1 100 0.75 6 1020 914 593 221 508 792 727 144
11 7 1 1 100 0.75 6 1021 918 595 235 513 801 736 144
11 7 1 1 100 0.75 6 1022 919 597 218 516 808 745 140
11 7 1 1 100 0.75 6 1023 922 600 231 516 816 753 146
11 7 1 1 100 0.75 6 1024 923 594 232 513 832 770 139
11 7 1 1 100 0.75 6 1025 924 601 218 521 835 774 144
11 7 1 1 100 0.75 6 1026 929 609 238 526 837 777 145
11 7 1 1 100 0.75 6 1027 930 616 215 536 841 781 150
11 7 1 1 100 0.75 6 1028 933 618 218 535 850 790 152
11 7 1 1 100 0.75 6 1029 935 620 232 536 859 799 151
11 7 1 1 100 0.75 6 1030 939 621 228 534 868 809 150
11 7 1 1 100 0.75 6 1031 941 624 241 538 874 817 151
11 7 1 1 100 0.75 6 1032 943 628 225 546 880 824 149
11 7 1 1 100 0.75 6 1033 945 628 209 543 890 835 147
11 7 1 1 100 0.75 6 1034 950 627 222 543 902 847 145
11 7 1 1 100 0.75 6 1035 952 634 230 551 906 851 147
11 7 1 1 100 0.75 6 1036 953 634 218 550 915 862 148
11 7 1 1 100 0.75 6 1037 958 641 204 557 919 866 151
11 7 1 1 100 0.75 6 1038 958 645 213 564 926 873 154
11 7 1 1 100 0.75 6 1039 958 648 207 564 933 881 157
11 7 1 1 100 0.75 6 1040 959 650 224 565 942 890 155
11 7 1 1 100 0.75 6 1041 959 652 210 569 950 899 152
11 7 1 1 100 0.75 6 1042 960 656 234 573 957 906 154
11 7 1 1 100 0.75 6 1043 961 652 204 566 972 921 143
11 7 1 1 100 0.75 6 1044 961 658 220 578 977 926 149
11 7 1 1 100 0.75 6 1045 962 660 190 577 986 935 147
11 7 1 1 100 0.75 6 1046 963 665 217 585 992 941 146
11 7 1 1 100 0.75 6 1047 963 663 210 583 1003 954 142
11 7 1 1 100 0.75 6 1048 963 666 233 581 1011 962 143
11 7 1 1 100 0.75 6 1049 965 672 205 587 1016 967 148
11 7 1 1 100 0.75 6 1050 967 672 196 587 1026 978 146
11 7 1 1 100 0.75 6 1050 967 672 672 587 1170 978 146
11 7 1 1 100 0.75 6 1080 967 672 672 587 75 978 146
11 7 1 1 100 0.75 7 1081 0 11 11 0 75 0 0
11 7 1 1 100 0.75 7 1082 0 22 22 0 75 0 0
11 7 1 1 100 0.75 7 1083 0 33 33 0 75 0 0
11 7 1 1 100 0.75 7 1084 0 44 44 0 75 0 0
11 7 1 1 100 0.75 7 1085 0 55 55 0 75 0 0
11 7 1 1 100 0.75 7 1086 0 66 66 0 75 0 0
11 7 1 1 100 0.75 7 1087 0 77 77 0 75 0 0
11 7 1 1 100 0.75 7 1088 1 88 87 0 75 0 0
11 7 1 1 100 0.75 7 1089 2 99 97 1 75 0 0
11 7 1 1 100 0.75 7 1090 4 110 105 2 75 0 0
11 7 1 1 100 0.75 7 1091 8 121 113 4 75 0 0
11 7 1 1 100 0.75 7 1092 15 132 117 8 75 0 0
11 7 1 1 100 0.75 7 1093 17 143 124 15 75 0 0
11 7 1 1 100 0.75 7 1094 23 154 127 17 75 0 0
11 7 1 1 100 0.75 7 1095 29 165 136 23 75 0 0
11 7 1 1 100 0.75 7 1096 32 176 143 29 75 0 1
11 7 1 1 100 0.75 7 1097 36 187 152 32 75 0 2
11 7 1 1 100 0.75 7 1098 44 198 158 36 75 0 4
11 7 1 1 100 0.75 7 1099 47 209 171 44 75 0 8
11 7 1 1 100 0.75 7 1100 55 220 180 47 75 0 10
11 7 1 1 100 0.75 7 1101 60 231 192 55 75 0 14
11 7 1 1 100 0.75 7 1102 64 242 198 60 75 0 16
11 7 1 1 100 0.75 7 1103 68 253 214 64 75 0 19
11 7 1 1 100 0.75 7 1104 71 264 223 68 75 0 22
11 7 1 1 100 0.75 7 1105 76 275 237 71 75 0 27
11 7 1 1 100 0.75 7 1106 88 286 240 76 75 0 32
11 7 1 1 100 0.75 7 1107 93 297 252 88 75 0 37
11 7 1 1 100 0.75 7 1108 102 308 257 93 75 0 40
11 7 1 1 100 0.75 7 1109 111 319 263 102 75 0 43
11 7 1 1 100 0.75 7 1110 116 330 273 111 75 0 48
11 7 1 1 100 0.75 7 1111 119 341 284 116 75 0 49
11 7 1 1 100 0.75 7 1112 122 352 301 119 75 0 54
11 7 1 1 100 0.75 7 1113 127 362 308 121 76 1 59
11 7 1 1 100 0.75 7 1114 135 371 315 124 78 3 66
11 7 1 1 100 0.75 7 1115 144 379 322 129 81 6 71
11 7 1 1 100 0.75 7 1116 153 388 332 136 83 8 77
11 7 1 1 100 0.75 7 1117 158 399 344 145 83 8 79
11 7 1 1 100 0.75 7 1118 166 408 349 148 85 10 80
11 7 1 1 100 0.75 7 1119 174 417 356 154 87 12 78
11 7 1 1 100 0.75 7 1120 181 422 355 156 93 18 75
11 7 1 1 100 0.75 7 1121 190 428 358 158 98 23 75
11 7 1 1 100 0.75 7 1122 207 437 356 165 100 25 78
11 7 1 1 100 0.75 7 1123 220 442 360 176 106 31 79
11 7 1 1 100 0.75 7 1124 230 447 363 183 112 37 77
11 7 1 1 100 0.75 7 1125 240 456 364 191 114 39 80
11 7 1 1 100 0.75 7 1126 250 464 369 198 117 42 83
11 7 1 1 100 0.75 7 1127 261 471 373 204 121 46 86
11 7 1 1 100 0.75 7 1128 270 478 377 211 125 50 89
11 7 1 1 100 0.75 7 1129 284 484 384 215 130 55 98
11 7 1 1 100 0.75 7 1130 297 492 391 227 133 58 104
11 7 1 1 100 0.75 7 1131 314 496 389 233 139 65 105
11 7 1 1 100 0.75 7 1132 327 500 387 243 146 72 103
11 7 1 1 100 0.75 7 1133 345 506 387 251 151 77 105
11 7 1 1 100 0.75 7 1134 357 512 387 264 156 82 105
11 7 1 1 100 0.75 7 1135 365 517 399 270 162 88 105
11 7 1 1 100 0.75 7 1136 374 526 398 276 164 90 109
11 7 1 1 100 0.75 7 1137 384 536 415 284 165 91 120
11 7 1 1 100 0.75 7 1138 397 538 407 286 173 100 119
11 7 1 1 100 0.75 7 1139 416 544 412 295 178 105 128
11 7 1 1 100 0.75 7 1140 433 552 413 311 180 108 140
11 7 1 1 100 0.75 7 1141 447 558 417 325 185 113 145
11 7 1 1 100 0.75 7 1142 463 564 420 335 190 118 150
11 7 1 1 100 0.75 7 1143 477 567 410 345 198 126 147
11 7 1 1 100 0.75 7 1144 483 573 417 355 203 131 150
11 7 1 1 100 0.75 7 1145 498 575 412 353 212 140 150
11 7 1 1 100 0.75 7 1146 517 578 415 361 220 148 154
11 7 1 1 100 0.75 7 1147 532 579 409 370 230 158 159
11 7 1 1 100 0.75 7 1148 544 580 409 380 240 168 160
11 7 1 1 100 0.75 7 1149 558 584 404 386 247 175 168
11 7 1 1 100 0.75 7 1150 569 591 419 399 251 179 177
11 7 1 1 100 0.75 7 1151 583 594 408 402 259 187 173
11 7 1 1 100 0.75 7 1152 597 598 420 410 266 194 174
11 7 1 1 100 0.75 7 1153 620 599 396 416 276 204 177
11 7 1 1 100 0.75 7 1154 633 600 397 430 286 214 185
11 7 1 1 100 0.75 7 1155 641 607 413 441 289 218 194
11 7 1 1 100 0.75 7 1156 649 609 409 446 298 227 200
11 7 1 1 100 0.75 7 1157 666 608 403 444 310 239 199
11 7 1 1 100 0.75 7 1158 679 607 398 453 322 251 196
11 7 1 1 100 0.75 7 1159 697 607 382 457 332 262 199
11 7 1 1 100 0.75 7 1160 709 608 377 470 342 272 202
11 7 1 1 100 0.75 7 1161 721 611 374 478 350 280 210
11 7 1 1 100 0.75 7 1162 731 614 385 486 358 288 217
11 7 1 1 100 0.75 7 1163 746 613 370 489 370 300 212
11 7 1 1 100 0.75 7 1164 755 614 368 497 380 310 211
11 7 1 1 100 0.75 7 1165 766 612 359 493 392 323 211
11 7 1 1 100 0.75 7 1166 772 607 352 492 408 339 207
11 7 1 1 100 0.75 7 1167 785 610 350 497 416 347 212
11 7 1 1 100 0.75 7 1168 798 608 355 504 429 360 210
11 7 1 1 100 0.75 7 1169 808 612 334 515 436 367 212
11 7 1 1 100 0.75 7 1170 812 610 336 517 449 380 210
11 7 1 1 100 0.75 7 1171 816 611 356 514 459 390 213
11 7 1 1 100 0.75 7 1172 823 612 349 516 468 400 211
11 7 1 1 100 0.75 7 1173 827 607 341 511 483 416 207
11 7 1 1 100 0.75 7 1174 832 606 341 510 494 428 211
11 7 1 1 100 0.75 7 1175 839 601 339 507 510 444 204
11 7 1 1 100 0.75 7 1176 844 600 312 511 522 456 208
11 7 1 1 100 0.75 7 1177 848 597 323 508 536 470 201
11 7 1 1 100 0.75 7 1178 851 596 296 508 547 482 195
11 7 1 1 100 0.75 7 1179 852 599 308 511 555 490 196
11 7 1 1 100 0.75 7 1180 858 595 288 509 570 505 189
11 7 1 1 100 0.75 7 1181 862 594 302 511 582 517 185
11 7 1 1 100 0.75 7 1182 865 591 282 505 596 531 181
11 7 1 1 100 0.75 7 1183 869 591 295 506 607 542 186
11 7 1 1 100 0.75 7 1184 871 597 285 516 612 547 186
11 7 1 1 100 0.75 7 1185 877 598 292 515 621 557 187
11 7 1 1 100 0.75 7 1186 879 593 292 510 637 573 178
11 7 1 1 100 0.75 7 1187 882 592 282 505 648 585 178
11 7 1 1 100 0.75 7 1188 887 593 270 507 658 595 175
11 7 1 1 100 0.75 7 1189 889 592 271 508 670 607 174
11 7 1 1 100 0.75 7 1190 892 595 268 512 678 615 178
11 7 1 1 100 0.75 7 1191 896 597 279 512 686 624 178
11 7 1 1 100 0.75 7 1192 901 590 265 505 704 642 164
11 7 1 1 100 0.75 7 1193 904 591 263 508 714 652 161
11 7 1 1 100 0.75 7 1194 913 588 244 503 727 666 156
11 7 1 1 100 0.75 7 1195 915 588 238 506 737 677 152
11 7 1 1 100 0.75 7 1196 916 592 251 510 744 684 153
11 7 1 1 100 0.75 7 1197 917 599 246 514 747 688 158
11 7 1 1 100 0.75 7 1198 919 596 242 512 761 702 153
11 7 1 1 100 0.75 7 1199 921 598 232 514 770 711 153
11 7 1 1 100 0.75 7 1200 923 603 250 517 776 717 159
11 7 1 1 100 0.75 7 1201 924 606 249 520 784 725 160
11 7 1 1 100 0.75 7 1202 928 605 247 521 796 737 159
11 7 1 1 100 0.75 7 1203 929 608 228 524 804 745 158
11 7 1 1 100 0.75 7 1204 932 612 226 529 811 752 157
11 7 1 1 100 0.75 7 1205 934 608 231 525 826 767 157
11 7 1 1 100 0.75 7 1206 937 608 226 523 837 778 150
11 7 1 1 100 0.75 7 1207 940 607 232 524 849 790 143
11 7 1 1 100 0.75 7 1208 943 613 225 531 854 795 146
11 7 1 1 100 0.75 7 1209 943 614 233 531 864 805 150
11 7 1 1 100 0.75 7 1210 945 620 224 539 869 810 151
11 7 1 1 100 0.75 7 1211 947 619 213 536 881 822 143
11 7 1 1 100 0.75 7 1212 949 625 227 539 886 827 145
11 7 1 1 100 0.75 7 1213 949 631 230 548 891 832 149
11 7 1 1 100 0.75 7 1214 949 633 219 550 900 841 146
11 7 1 1 100 0.75 7 1215 951 635 230 550 908 850 148
11 7 1 1 100 0.75 7 1216 955 632 214 551 920 864 140
11 7 1 1 100 0.75 7 1217 958 638 215 555 925 869 141
11 7 1 1 100 0.75 7 1218 960 635 223 553 936 883 135
11 7 1 1 100 0.75 7 1219 962 636 208 552 946 893 132
11 7 1 1 100 0.75 7 1220 963 636 223 552 956 904 128
11 7 1 1 100 0.75 7 1221 964 641 211 557 959 910 130
11 7 1 1 100 0.75 7 1222 966 644 236 561 967 918 132
11 7 1 1 100 0.75 7 1223 968 650 220 567 971 923 131
11 7 1 1 100 0.75 7 1224 970 656 215 576 975 928 135
11 7 1 1 100 0.75 7 1225 972 660 212 576 982 935 134
11 7 1 1 100 0.75 7 1226 974 660 225 576 992 946 130
11 7 1 1 100 0.75 7 1227 974 665 210 584 998 952 132
11 7 1 1 100 0.75 7 1228 974 664 225 580 1009 964 131
11 7 1 1 100 0.75 7 1229 975 665 196 578 1019 974 124
11 7 1 1 100 0.75 7 1230 975 671 219 590 1024 979 132
11 7 1 1 100 0.75 7 1230 975 671 671 590 1153 979 132
11 7 1 1 100 0.75 7 1260 975 671 671 590 76 979 132
11 7 1 1 100 0.75 8 1261 0 11 11 0 76 0 0
11 7 1 1 100 0.75 8 1262 0 22 22 0 76 0 0
11 7 1 1 100 0.75 8 1263 0 33 33 0 76 0 0
11 7 1 1 100 0.75 8 1264 0 44 44 0 76 0 0
11 7 1 1 100 0.75 8 1265 0 55 54 0 76 0 0
11 7 1 1 100 0.75 8 1266 0 66 66 0 76 0 0
11 7 1 1 100 0.75 8 1267 0 77 75 0 76 0 0
11 7 1 1 100 0.75 8 1268 0 88 85 0 76 0 0
11 7 1 1 100 0.75 8 1269 5 99 92 0 76 0 0
11 7 1 1 100 0.75 8 1270 6 110 103 5 76 0 0
11 7 1 1 100 0.75 8 1271 11 121 107 6 76 0 0
11 7 1 1 100 0.75 8 1272 18 132 113 11 76 0 0
11 7 1 1 100 0.75 8 1273 25 143 115 18 76 0 0
11 7 1 1 100 0.75 8 1274 29 154 122 25 76 0 0
11 7 1 1 100 0.75 8 1275 31 165 133 29 76 0 0
11 7 1 1 100 0.75 8 1276 40 176 135 31 76 0 2
11 7 1 1 100 0.75 8 1277 43 187 149 40 76 0 4
11 7 1 1 100 0.75 8 1278 49 198 157 43 76 0 8
11 7 1 1 100 0.75 8 1279 52 209 168 49 76 0 11
11 7 1 1 100 0.75 8 1280 59 220 180 52 76 0 16
11 7 1 1 100 0.75 8 1281 62 231 189 59 76 0 19
11 7 1 1 100 0.75 8 1282 67 242 200 62 76 0 23
11 7 1 1 100 0.75 8 1283 69 253 211 67 76 0 24
11 7 1 1 100 0.75 8 1284 74 264 223 69 76 0 31
11 7 1 1 100 0.75 8 1285 83 275 227 74 76 0 34
11 7 1 1 100 0.75 8 1286 90 286 238 83 76 0 37
11 7 1 1 100 0.75 8 1287 95 297 247 90 76 0 40
11 7 1 1 100 0.75 8 1288 100 308 257 95 76 0 43
11 7 1 1 100 0.75 8 1289 109 319 266 100 76 0 47
11 7 1 1 100 0.75 8 1290 117 330 273 109 76 0 48
11 7 1 1 100 0.75 8 1291 123 341 282 117 76 0 49
11 7 1 1 100 0.75 8 1292 127 352 294 123 76 0 56
11 7 1 1 100 0.75 8 1293 135 362 306 126 77 1 64
11 7 1 1 100 0.75 8 1294 140 372 314 133 78 2 65
11 7 1 1 100 0.75 8 1295 151 379 317 134 82 6 67
11 7 1 1 100 0.75 8 1296 158 386 320 141 86 10 68
11 7 1 1 100 0.75 8 1297 168 394 327 145 89 13 72
11 7 1 1 100 0.75 8 1298 178 401 333 151 93 17 76
11 7 1 1 100 0.75 8 1299 184 409 339 158 96 20 76
11 7 1 1 100 0.75 8 1300 191 418 347 162 98 22 80
11 7 1 1 100 0.75 8 1301 198 425 353 165 102 26 82
11 7 1 1 100 0.75 8 1302 204 432 362 168 106 30 85
11 7 1 1 100 0.75 8 1303 211 440 367 171 109 33 87
11 7 1 1 100 0.75 8 1304 222 445 367 173 115 39 86
11 7 1 1 100 0.75 8 1305 238 455 374 183 116 40 94
11 7 1 1 100 0.75 8 1306 253 464 378 197 118 42 98
11 7 1 1 100 0.75 8 1307 261 471 379 208 121 46 97
11 7 1 1 100 0.75 8 1308 276 477 382 211 126 51 99
11 7 1 1 100 0.75 8 1309 285 483 379 221 131 56 97
11 7 1 1 100 0.75 8 1310 298 490 379 226 135 60 99
11 7 1 1 100 0.75 8 1311 310 498 383 236 138 63 104
11 7 1 1 100 0.75 8 1312 319 500 389 239 147 72 100
11 7 1 1 100 0.75 8 1313 334 506 386 245 152 77 110
11 7 1 1 100 0.75 8 1314 345 513 391 258 156 81 114
11 7 1 1 100 0.75 8 1315 358 520 395 265 160 85 118
11 7 1 1 100 0.75 8 1316 369 525 398 273 166 91 123
11 7 1 1 100 0.75 8 1317 385 527 390 276 175 100 121
11 7 1 1 100 0.75 8 1318 399 533 396 288 180 105 126
11 7 1 1 100 0.75 8 1319 411 536 396 296 188 113 123
11 7 1 1 100 0.75 8 1320 428 537 397 300 198 123 125
11 7 1 1 100 0.75 8 1321 452 541 385 310 205 130 131
11 7 1 1 100 0.75 8 1322 466 548 385 330 209 134 141
11 7 1 1 100 0.75 8 1323 476 555 387 342 213 138 142
11 7 1 1 100 0.75 8 1324 491 561 396 349 218 143 152
11 7 1 1 100 0.75 8 1325 506 568 394 360 222 147 162
11 7 1 1 100 0.75 8 1326 516 574 408 371 227 152 164
11 7 1 1 100 0.75 8 1327 535 580 399 378 232 157 168
11 7 1 1 100 0.75 8 1328 546 581 403 388 242 167 170
11 7 1 1 100 0.75 8 1329 565 586 412 395 248 173 181
11 7 1 1 100 0.75 8 1330 581 590 403 409 255 180 181
11 7 1 1 100 0.75 8 1331 594 584 388 411 272 197 172
11 7 1 1 100 0.75 8 1332 602 590 394 425 277 202 182
11 7 1 1 100 0.75 8 1333 612 593 398 426 285 210 185
11 7 1 1 100 0.75 8 1334 620 599 401 433 290 215 192
11 7 1 1 100 0.75 8 1335 633 605 413 439 295 220 201
11 7 1 1 100 0.75 8 1336 645 604 407 444 307 232 203
11 7 1 1 100 0.75 8 1337 658 608 414 449 314 239 208
11 7 1 1 100 0.75 8 1338 671 611 411 458 322 247 218
11 7 1 1 100 0.75 8 1339 688 603 387 453 341 266 209
11 7 1 1 100 0.75 8 1340 702 601 376 460 354 279 203
11 7 1 1 100 0.75 8 1341 716 600 367 465 366 291 201
11 7 1 1 100 0.75 8 1342 723 604 378 476 373 298 203
11 7 1 1 100 0.75 8 1343 733 604 373 474 384 309 203
11 7 1 1 100 0.75 8 1344 747 597 360 474 402 327 197
11 7 1 1 100 0.75 8 1345 759 593 343 477 417 342 197
11 7 1 1 100 0.75 8 1346 768 595 338 487 426 351 198
11 7 1 1 100 0.75 8 1347 782 595 330 488 437 362 201
11 7 1 1 100 0.75 8 1348 788 598 334 498 444 370 206
11 7 1 1 100 0.75 8 1349 798 597 323 497 456 382 205
11 7 1 1 100 0.75 8 1350 802 594 326 495 470 396 198
11 7 1 1 100 0.75 8 1351 804 597 331 500 478 404 203
11 7 1 1 100 0.75 8 1352 813 595 330 494 491 417 202
11 7 1 1 100 0.75 8 1353 821 593 322 499 504 430 203
11 7 1 1 100 0.75 8 1354 827 590 323 499 518 444 202
11 7 1 1 100 0.75 8 1355 835 589 330 499 530 456 201
11 7 1 1 100 0.75 8 1356 838 589 311 504 541 467 200
11 7 1 1 100 0.75 8 1357 844 588 301 500 553 479 193
11 7 1 1 100 0.75 8 1358 848 588 297 501 563 490 193
11 7 1 1 100 0.75 8 1359 852 592 305 505 568 497 199
11 7 1 1 100 0.75 8 1360 857 595 305 511 576 505 202
11 7 1 1 100 0.75 8 1361 858 594 290 511 587 517 199
11 7 1 1 100 0.75 8 1362 861 593 298 507 599 529 194
11 7 1 1 100 0.75 8 1363 865 588 285 502 615 545 189
11 7 1 1 100 0.75 8 1364 867 591 286 506 623 553 185
11 7 1 1 100 0.75 8 1365 871 590 263 501 635 565 182
11 7 1 1 100 0.75 8 1366 875 589 261 504 647 577 181
11 7 1 1 100 0.75 8 1367 878 589 264 505 658 588 179
11 7 1 1 100 0.75 8 1368 884 584 263 496 674 604 170
11 7 1 1 100 0.75 8 1369 886 585 265 500 684 614 166
11 7 1 1 100 0.75 8 1370 895 581 244 494 699 629 161
11 7 1 1 100 0.75 8 1371 896 579 244 496 712 642 154
11 7 1 1 100 0.75 8 1372 899 581 259 495 720 651 153
11 7 1 1 100 0.75 8 1373 901 581 237 500 731 662 154
11 7 1 1 100 0.75 8 1374 906 582 232 498 740 672 151
11 7 1 1 100 0.75 8 1375 908 586 246 502 744 679 152
11 7 1 1 100 0.75 8 1376 913 589 258 504 752 687 155
11 7 1 1 100 0.75 8 1377 914 590 236 508 762 697 154
11 7 1 1 100 0.75 8 1378 916 583 231 497 780 715 146
11 7 1 1 100 0.75 8 1379 919 585 228 502 789 724 149
11 7 1 1 100 0.75 8 1380 924 587 228 505 798 733 145
11 7 1 1 100 0.75 8 1381 927 591 222 504 805 740 146
11 7 1 1 100 0.75 8 1382 929 593 232 510 814 749 145
11 7 1 1 100 0.75 8 1383 929 599 225 518 819 754 151
11 7 1 1 100 0.75 8 1384 931 606 247 520 823 758 152
11 7 1 1 100 0.75 8 1385 935 608 210 525 832 767 152
11 7 1 1 100 0.75 8 1386 937 609 232 525 840 777 150
11 7 1 1 100 0.75 8 1387 938 613 220 527 847 784 149
11 7 1 1 100 0.75 8 1388 940 615 218 530 856 793 144
11 7 1 1 100 0.75 8 1389 940 616 222 533 865 803 142
11 7 1 1 100 0.75 8 1390 943 618 219 535 874 812 144
11 7 1 1 100 0.75 8 1391 945 619 221 535 884 822 141
11 7 1 1 100 0.75 8 1392 947 621 198 541 893 831 142
11 7 1 1 100 0.75 8 1393 952 625 226 543 900 838 141
11 7 1 1 100 0.75 8 1394 952 626 218 545 910 848 142
11 7 1 1 100 0.75 8 1395 952 625 238 543 922 860 140
11 7 1 1 100 0.75 8 1396 955 628 221 544 930 868 140
11 7 1 1 100 0.75 8 1397 958 630 226 547 938 877 135
11 7 1 1 100 0.75 8 1398 960 629 215 548 948 889 134
11 7 1 1 100 0.75 8 1399 964 632 230 550 956 897 136
11 7 1 1 100 0.75 8 1400 964 639 212 556 960 901 137
11 7 1 1 100 0.75 8 1401 966 647 220 563 963 904 144
11 7 1 1 100 0.75 8 1402 967 647 228 564 973 915 142
11 7 1 1 100 0.75 8 1403 969 650 223 567 981 923 137
11 7 1 1 100 0.75 8 1404 970 652 219 569 989 932 140
11 7 1 1 100 0.75 8 1405 970 658 207 575 993 937 142
11 7 1 1 100 0.75 8 1406 971 662 219 578 998 944 141
11 7 1 1 100 0.75 8 1407 972 666 231 583 1004 951 141
11 7 1 1 100 0.75 8 1408 974 671 216 586 1010 957 144
11 7 1 1 100 0.75 8 1409 974 672 226 590 1020 967 141
11 7 1 1 100 0.75 8 1410 975 675 217 591 1028 975 143
11 7 1 1 100 0.75 8 1410 975 675 675 591 1170 975 143
11 7 1 1 100 0.75 8 1440 975 675 675 591 76 975 143
11 7 1 1 100 0.75 9 1441 0 11 11 0 76 0 0
11 7 1 1 100 0.75 9 1442 0 22 22 0 76 0 0
11 7 1 1 100 0.75 9 1443 0 33 33 0 76 0 0
11 7 1 1 100 0.75 9 1444 0 44 44 0 76 0 0
11 7 1 1 100 0.75 9 1445 0 55 55 0 76 0 0
11 7 1 1 100 0.75 9 1446 0 66 66 0 76 0 0
11 7 1 1 100 0.75 9 1447 0 77 76 0 76 0 0
11 7 1 1 100 0.75 9 1448 3 88 84 0 76 0 0
11 7 1 1 100 0.75 9 1449 3 99 93 3 76 0 0
11 7 1 1 100 0.75 9 1450 8 110 100 3 76 0 0
11 7 1 1 100 0.75 9 1451 10 121 110 8 76 0 0
11 7 1 1 100 0.75 9 1452 14 132 117 10 76 0 0
11 7 1 1 100 0.75 9 1453 24 143 117 14 76 0 0
11 7 1 1 100 0.75 9 1454 25 154 129 24 76 0 0
11 7 1 1 100 0.75 9 1455 35 165 132 25 76 0 3
11 7 1 1 100 0.75 9 1456 45 176 132 35 75 0 3
11 7 1 1 100 0.75 9 1457 47 187 145 45 75 0 5
11 7 1 1 100 0.75 9 1458 55 198 150 47 75 0 8
11 7 1 1 100 0.75 9 1459 56 209 162 55 75 0 10
11 7 1 1 100 0.75 9 1460 59 220 175 56 75 0 15
11 7 1 1 100 0.75 9 1461 65 231 186 59 75 0 20
11 7 1 1 100 0.75 9 1462 75 242 192 65 75 0 23
11 7 1 1 100 0.75 9 1463 83 253 207 75 75 0 34
11 7 1 1 100 0.75 9 1464 88 264 216 83 75 0 36
11 7 1 1 100 0.75 9 1465 94 275 230 88 75 0 39
11 7 1 1 100 0.75 9 1466 100 286 234 94 75 0 41
11 7 1 1 100 0.75 9 1467 102 297 245 100 75 0 41
11 7 1 1 100 0.75 9 1468 107 308 257 102 75 0 47
11 7 1 1 100 0.75 9 1469 115 319 264 107 75 0 51
11 7 1 1 100 0.75 9 1470 121 330 274 115 75 0 57
11 7 1 1 100 0.75 9 1471 126 341 289 121 75 0 60
11 7 1 1 100 0.75 9 1472 131 351 302 125 76 1 65
11 7 1 1 100 0.75 9 1473 140 362 303 130 76 1 68
11 7 1 1 100 0.75 9 1474 145 372 319 138 77 2 71
11 7 1 1 100 0.75 9 1475 153 378 315 138 81 7 71
11 7 1 1 100 0.75 9 1476 160 385 321 142 85 11 70
11 7 1 1 100 0.75 9 1477 166 394 329 147 87 13 72
11 7 1 1 100 0.75 9 1478 177 401 328 149 91 17 73
11 7 1 1 100 0.75 9 1479 189 403 332 151 100 26 67
11 7 1 1 100 0.75 9 1480 200 412 334 161 102 28 69
11 7 1 1 100 0.75 9 1481 205 418 342 167 107 33 68
11 7 1 1 100 0.75 9 1482 216 427 344 170 109 35 69
11 7 1 1 100 0.75 9 1483 226 430 344 173 117 43 68
11 7 1 1 100 0.75 9 1484 238 437 347 179 121 47 69
11 7 1 1 100 0.75 9 1485 246 448 359 191 121 47 72
11 7 1 1 100 0.75 9 1486 256 455 361 196 125 51 75
11 7 1 1 100 0.75 9 1487 270 460 361 200 131 57 77
11 7 1 1 100 0.75 9 1488 284 468 366 211 134 60 82
11 7 1 1 100 0.75 9 1489 294 476 369 222 137 63 84
11 7 1 1 100 0.75 9 1490 307 482 368 229 142 68 88
11 7 1 1 100 0.75 9 1491 320 492 380 241 143 69 94
11 7 1 1 100 0.75 9 1492 333 498 380 249 148 74 102
11 7 1 1 100 0.75 9 1493 341 504 382 257 153 79 105
11 7 1 1 100 0.75 9 1494 349 513 395 264 155 81 112
11 7 1 1 100 0.75 9 1495 365 518 399 269 161 87 120
11 7 1 1 100 0.75 9 1496 374 528 410 285 162 88 127
11 7 1 1 100 0.75 9 1497 386 535 406 290 166 92 131
11 7 1 1 100 0.75 9 1498 400 541 407 298 171 97 137
11 7 1 1 100 0.75 9 1499 413 549 418 311 174 100 147
11 7 1 1 100 0.75 9 1500 427 552 411 317 182 108 147
11 7 1 1 100 0.75 9 1501 440 558 415 327 187 113 151
11 7 1 1 100 0.75 9 1502 449 562 420 333 193 120 155
11 7 1 1 100 0.75 9 1503 460 569 415 338 197 124 157
11 7 1 1 100 0.75 9 1504 475 574 425 345 203 130 161
11 7 1 1 100 0.75 9 1505 490 580 421 357 208 135 168
11 7 1 1 100 0.75 9 1506 505 583 424 366 216 143 173
11 7 1 1 100 0.75 9 1507 525 579 407 368 231 158 169
11 7 1 1 100 0.75 9 1508 537 585 414 383 236 163 177
11 7 1 1 100 0.75 9 1509 552 590 414 389 242 169 179
11 7 1 1 100 0.75 9 1510 566 592 403 398 251 178 177
11 7 1 1 100 0.75 9 1511 579 594 404 407 260 187 178
11 7 1 1 100 0.75 9 1512 597 596 397 414 269 196 182
11 7 1 1 100 0.75 9 1513 607 594 391 419 281 209 184
11 7 1 1 100 0.75 9 1514 616 597 396 427 289 217 191
11 7 1 1 100 0.75 9 1515 636 598 384 428 299 227 186
11 7 1 1 100 0.75 9 1516 653 594 374 436 314 242 181
11 7 1 1 100 0.75 9 1517 664 590 369 441 329 257 178
11 7 1 1 100 0.75 9 1518 677 593 369 448 337 265 183
11 7 1 1 100 0.75 9 1519 693 597 360 457 344 272 183
11 7 1 1 100 0.75 9 1520 710 600 363 467 352 280 187
11 7 1 1 100 0.75 9 1521 720 603 360 481 360 288 188
11 7 1 1 100 0.75 9 1522 730 602 360 481 372 300 192
11 7 1 1 100 0.75 9 1523 739 603 363 485 382 310 196
11 7 1 1 100 0.75 9 1524 749 603 351 488 393 321 199
11 7 1 1 100 0.75 9 1525 759 605 344 494 402 330 202
11 7 1 1 100 0.75 9 1526 770 606 345 497 412 340 207
11 7 1 1 100 0.75 9 1527 785 606 347 500 423 351 210
11 7 1 1 100 0.75 9 1528 791 610 340 512 430 358 211
11 7 1 1 100 0.75 9 1529 797 605 330 509 446 374 203
11 7 1 1 100 0.75 9 1530 805 607 346 512 455 383 204
11 7 1 1 100 0.75 9 1531 812 602 326 508 471 399 197
11 7 1 1 100 0.75 9 1532 816 603 336 509 481 409 198
11 7 1 1 100 0.75 9 1533 824 599 323 505 496 424 190
11 7 1 1 100 0.75 9 1534 830 600 327 513 506 434 195
11 7 1 1 100 0.75 9 1535 835 605 319 516 512 440 202
11 7 1 1 100 0.75 9 1536 838 604 326 516 524 452 203
11 7 1 1 100 0.75 9 1537 846 607 315 515 532 460 198
11 7 1 1 100 0.75 9 1538 853 608 305 522 542 470 195
11 7 1 1 100 0.75 9 1539 857 606 308 520 554 483 193
11 7 1 1 100 0.75 9 1540 862 606 306 520 565 494 195
11 7 1 1 100 0.75 9 1541 862 608 300 522 574 503 192
11 7 1 1 100 0.75 9 1542 867 606 307 516 586 516 187
11 7 1 1 100 0.75 9 1543 869 600 293 511 602 533 177
11 7 1 1 100 0.75 9 1544 870 601 286 515 612 543 176
11 7 1 1 100 0.75 9 1545 874 595 268 506 629 560 169
11 7 1 1 100 0.75 9 1546 876 593 271 506 641 573 165
11 7 1 1 100 0.75 9 1547 881 598 265 508 647 579 168
11 7 1 1 100 0.75 9 1548 885 598 268 513 658 590 164
11 7 1 1 100 0.75 9 1549 887 597 256 516 669 602 159
11 7 1 1 100 0.75 9 1550 891 596 246 510 681 614 161
11 7 1 1 100 0.75 9 1551 892 595 248 511 693 626 157
11 7 1 1 100 0.75 9 1552 893 593 249 505 706 639 157
11 7 1 1 100 0.75 9 1553 896 597 256 508 713 646 154
11 7 1 1 100 0.75 9 1554 901 595 234 510 725 659 152
11 7 1 1 100 0.75 9 1555 901 596 235 513 734 669 151
11 7 1 1 100 0.75 9 1556 908 602 240 514 739 674 159
11 7 1 1 100 0.75 9 1557 911 606 242 520 746 681 161
11 7 1 1 100 0.75 9 1558 917 609 235 526 753 689 161
11 7 1 1 100 0.75 9 1559 918 614 247 533 759 695 163
11 7 1 1 100 0.75 9 1560 923 612 226 527 771 708 163
11 7 1 1 100 0.75 9 1561 923 609 227 528 785 722 156
11 7 1 1 100 0.75 9 1562 925 615 238 531 790 727 158
11 7 1 1 100 0.75 9 1563 927 617 233 535 799 736 157
11 7 1 1 100 0.75 9 1564 930 616 239 531 811 748 158
11 7 1 1 100 0.75 9 1565 931 623 236 538 815 752 163
11 7 1 1 100 0.75 9 1566 932 627 235 544 822 759 165
11 7 1 1 100 0.75 9 1567 934 627 238 545 833 770 163
11 7 1 1 100 0.75 9 1568 935 632 232 550 838 776 167
11 7 1 1 100 0.75 9 1569 940 631 239 547 850 788 161
11 7 1 1 100 0.75 9 1570 942 634 243 550 858 796 164
11 7 1 1 100 0.75 9 1571 943 635 232 549 868 806 165
11 7 1 1 100 0.75 9 1572 945 631 236 547 882 821 155
11 7 1 1 100 0.75 9 1573 946 633 214 549 891 830 155
11 7 1 1 100 0.75 9 1574 947 634 219 552 901 840 155
11 7 1 1 100 0.75 9 1575 952 635 210 551 910 850 152
11 7 1 1 100 0.75 9 1576 953 637 213 552 919 859 152
11 7 1 1 100 0.75 9 1577 956 644 228 560 923 863 152
11 7 1 1 100 0.75 9 1578 958 641 207 557 937 877 145
11 7 1 1 100 0.75 9 1579 962 642 198 560 947 887 142
11 7 1 1 100 0.75 9 1580 963 649 215 566 951 891 148
11 7 1 1 100 0.75 9 1581 964 652 207 569 959 899 145
11 7 1 1 100 0.75 9 1582 964 652 203 571 970 910 141
11 7 1 1 100 0.75 9 1583 966 656 206 572 974 917 142
11 7 1 1 100 0.75 9 1584 970 660 192 575 980 924 142
11 7 1 1 100 0.75 9 1585 973 659 209 574 992 936 139
11 7 1 1 100 0.75 9 1586 976 662 209 579 999 944 140
11 7 1 1 100 0.75 9 1587 976 661 197 576 1011 956 137
11 7 1 1 100 0.75 9 1588 978 662 216 578 1020 966 134
11 7 1 1 100 0.75 9 1589 978 663 198 582 1030 976 130
11 7 1 1 100 0.75 9 1590 980 666 181 582 1036 984 128
11 7 1 1 100 0.75 9 1590 980 666 666 582 1162 984 128
11 7 1 1 100 0.75 9 1620 980 666 666 582 76 984 128
11 7 1 1 100 0.75 10 1621 0 11 11 0 76 0 0
11 7 1 1 100 0.75 10 1622 0 22 22 0 76 0 0
11 7 1 1 100 0.75 10 1623 0 33 33 0 76 0 0
11 7 1 1 100 0.75 10 1624 0 44 44 0 76 0 0
11 7 1 1 100 0.75 10 1625 0 55 54 0 76 0 0
11 7 1 1 100 0.75 10 1626 0 66 66 0 76 0 0
11 7 1 1 100 0.75 10 1627 1 77 74 0 76 0 0
11 7 1 1 100 0.75 10 1628 5 88 81 1 76 0 0
11 7 1 1 100 0.75 10 1629 6 99 91 5 76 0 0
11 7 1 1 100 0.75 10 1630 9 110 100 6 76 0 0
11 7 1 1 100 0.75 10 1631 14 121 104 9 76 0 0
11 7 1 1 100 0.75 10 1632 20 132 110 14 76 0 0
11 7 1 1 100 0.75 10 1633 22 143 119 20 76 0 0
11 7 1 1 100 0.75 10 1634 28 154 124 22 76 0 0
11 7 1 1 100 0.75 10 1635 32 165 135 28 76 0 3
11 7 1 1 100 0.75 10 1636 36 176 145 32 76 0 6
11 7 1 1 100 0.75 10 1637 42 187 150 36 76 0 7
11 7 1 1 100 0.75 10 1638 47 198 159 42 76 0 12
11 7 1 1 100 0.75 10 1639 55 209 166 47 76 0 14
11 7 1 1 100 0.75 10 1640 62 220 175 55 76 0 18
11 7 1 1 100 0.75 10 1641 68 231 181 62 76 0 18
11 7 1 1 100 0.75 10 1642 74 242 191 68 76 0 25
11 7 1 1 100 0.75 10 1643 81 253 203 74 76 0 30
11 7 1 1 100 0.75 10 1644 90 264 210 81 76 0 30
11 7 1 1 100 0.75 10 1645 94 275 221 90 76 0 35
11 7 1 1 100 0.75 10 1646 103 286 231 94 76 0 40
11 7 1 1 100 0.75 10 1647 105 297 246 103 76 0 46
11 7 1 1 100 0.75 10 1648 113 308 253 105 76 0 52
11 7 1 1 100 0.75 10 1649 119 319 267 113 76 0 56
11 7 1 1 100 0.75 10 1650 126 329 270 118 77 1 60
11 7 1 1 100 0.75 10 1651 132 339 283 124 78 2 65
11 7 1 1 100 0.75 10 1652 143 349 290 129 79 3 72
11 7 1 1 100 0.75 10 1653 151 358 295 138 81 5 75
11 7 1 1 100 0.75 10 1654 160 367 303 144 83 7 78
11 7 1 1 100 0.75 10 1655 166 376 310 151 85 9 77
11 7 1 1 100 0.75 10 1656 170 383 319 153 89 13 77
11 7 1 1 100 0.75 10 1657 181 391 322 154 92 16 81
11 7 1 1 100 0.75 10 1658 188 399 331 162 95 19 84
11 7 1 1 100 0.75 10 1659 197 406 329 165 98 23 86
11 7 1 1 100 0.75 10 1660 208 415 334 172 100 25 94
11 7 1 1 100 0.75 10 1661 218 423 345 180 103 28 98
11 7 1 1 100 0.75 10 1662 222 428 351 184 109 34 98
11 7 1 1 100 0.75 10 1663 231 434 351 183 114 39 95
11 7 1 1 100 0.75 10 1664 242 438 347 185 121 46 93
11 7 1 1 100 0.75 10 1665 250 444 349 191 126 51 95
11 7 1 1 100 0.75 10 1666 262 453 357 197 128 53 100
11 7 1 1 100 0.75 10 1667 274 457 362 203 135 60 100
11 7 1 1 100 0.75 10 1668 284 465 371 212 138 63 107
11 7 1 1 100 0.75 10 1669 298 472 369 218 142 67 108
11 7 1 1 100 0.75 10 1670 309 476 364 226 149 74 108
11 7 1 1 100 0.75 10 1671 320 481 368 232 155 80 109
11 7 1 1 100 0.75 10 1672 331 490 376 242 157 82 114
11 7 1 1 100 0.75 10 1673 345 496 373 249 162 87 115
11 7 1 1 100 0.75 10 1674 362 500 376 256 169 94 117
11 7 1 1 100 0.75 10 1675 369 507 387 269 173 98 119
11 7 1 1 100 0.75 10 1676 385 509 369 268 182 107 120
11 7 1 1 100 0.75 10 1677 394 509 377 275 193 118 120
11 7 1 1 100 0.75 10 1678 410 514 377 280 199 124 125
11 7 1 1 100 0.75 10 1679 426 522 389 293 202 127 134
11 7 1 1 100 0.75 10 1680 437 526 371 302 209 134 136
11 7 1 1 100 0.75 10 1681 450 529 389 309 217 142 136
11 7 1 1 100 0.75 10 1682 459 536 382 319 221 146 143
11 7 1 1 100 0.75 10 1683 473 545 392 327 223 148 150
11 7 1 1 100 0.75 10 1684 485 550 385 335 229 154 152
11 7 1 1 100 0.75 10 1685 493 551 388 338 239 164 148
11 7 1 1 100 0.75 10 1686 510 553 393 338 248 173 154
11 7 1 1 100 0.75 10 1687 521 558 389 352 254 179 159
11 7 1 1 100 0.75 10 1688 537 566 399 362 257 182 165
11 7 1 1 100 0.75 10 1689 551 571 393 373 263 188 168
11 7 1 1 100 0.75 10 1690 565 572 392 381 273 198 168
11 7 1 1 100 0.75 10 1691 575 575 386 389 281 206 167
11 7 1 1 100 0.75 10 1692 596 580 377 395 287 212 170
11 7 1 1 100 0.75 10 1693 608 582 393 408 295 221 171
11 7 1 1 100 0.75 10 1694 619 583 384 410 305 231 175
11 7 1 1 100 0.75 10 1695 625 585 389 417 314 240 176
11 7 1 1 100 0.75 10 1696 642 586 376 417 324 250 182
11 7 1 1 100 0.75 10 1697 656 588 377 436 333 259 187
11 7 1 1 100 0.75 10 1698 664 589 362 444 343 269 187
11 7 1 1 100 0.75 10 1699 677 583 362 437 360 286 181
11 7 1 1 100 0.75 10 1700 687 587 355 446 367 293 195
11 7 1 1 100 0.75 10 1701 696 589 352 452 376 302 197
11 7 1 1 100 0.75 10 1702 707 587 337 452 389 315 195
11 7 1 1 100 0.75 10 1703 720 588 354 454 399 325 202
11 7 1 1 100 0.75 10 1704 728 590 349 463 408 334 211
11 7 1 1 100 0.75 10 1705 739 589 340 463 420 346 208
11 7 1 1 100 0.75 10 1706 747 591 344 469 429 355 210
11 7 1 1 100 0.75 10 1707 755 590 330 473 441 367 210
11 7 1 1 100 0.75 10 1708 770 600 338 485 442 368 220
11 7 1 1 100 0.75 10 1709 776 598 342 491 455 381 218
11 7 1 1 100 0.75 10 1710 780 599 316 495 465 391 217
11 7 1 1 100 0.75 10 1711 790 601 338 495 474 400 220
11 7 1 1 100 0.75 10 1712 799 601 320 499 485 411 216
11 7 1 1 100 0.75 10 1713 809 598 327 499 499 425 217
11 7 1 1 100 0.75 10 1714 815 592 313 500 516 442 210
11 7 1 1 100 0.75 10 1715 825 591 310 498 526 454 214
11 7 1 1 100 0.75 10 1716 830 591 289 507 537 465 215
11 7 1 1 100 0.75 10 1717 833 591 308 505 548 476 216
11 7 1 1 100 0.75 10 1718 837 584 275 499 566 494 205
11 7 1 1 100 0.75 10 1719 839 583 283 498 577 506 207
11 7 1 1 100 0.75 10 1720 843 579 281 490 591 521 204
11 7 1 1 100 0.75 10 1721 847 574 280 489 607 537 196
11 7 1 1 100 0.75 10 1722 852 569 264 483 623 553 190
11 7 1 1 100 0.75 10 1723 855 568 277 485 634 565 194
11 7 1 1 100 0.75 10 1724 861 571 263 484 641 573 192
11 7 1 1 100 0.75 10 1725 865 575 256 488 648 580 196
11 7 1 1 100 0.75 10 1726 871 572 263 487 662 594 187
11 7 1 1 100 0.75 10 1727 875 573 259 489 672 604 185
11 7 1 1 100 0.75 10 1728 877 574 246 492 681 614 185
11 7 1 1 100 0.75 10 1729 884 574 257 488 692 625 188
11 7 1 1 100 0.75 10 1730 885 574 237 489 702 636 182
11 7 1 1 100 0.75 10 1731 887 571 232 487 716 650 178
11 7 1 1 100 0.75 10 1732 891 567 233 485 731 665 170
11 7 1 1 100 0.75 10 1733 893 566 242 482 743 677 166
11 7 1 1 100 0.75 10 1734 898 571 226 488 748 683 174
11 7 1 1 100 0.75 10 1735 900 570 242 487 759 695 168
11 7 1 1 100 0.75 10 1736 904 568 229 485 772 708 159
11 7 1 1 100 0.75 10 1737 906 570 226 484 781 717 159
11 7 1 1 100 0.75 10 1738 909 571 230 488 791 727 158
11 7 1 1 100 0.75 10 1739 909 572 214 490 801 737 156
11 7 1 1 100 0.75 10 1740 911 570 212 485 813 750 149
11 7 1 1 100 0.75 10 1741 912 576 226 494 817 755 154
11 7 1 1 100 0.75 10 1742 912 573 224 490 831 769 151
11 7 1 1 100 0.75 10 1743 914 576 216 491 839 777 147
11 7 1 1 100 0.75 10 1744 921 577 209 492 849 787 149
11 7 1 1 100 0.75 10 1745 925 580 219 498 856 795 151
11 7 1 1 100 0.75 10 1746 927 581 198 496 865 805 148
11 7 1 1 100 0.75 10 1747 930 587 210 504 869 810 151
11 7 1 1 100 0.75 10 1748 931 587 204 503 879 821 151
11 7 1 1 100 0.75 10 1749 934 587 203 502 890 832 144
11 7 1 1 100 0.75 10 1750 935 589 194 504 899 841 142
11 7 1 1 100 0.75 10 1751 939 592 211 507 907 849 146
11 7 1 1 100 0.75 10 1752 940 597 213 513 913 855 151
11 7 1 1 100 0.75 10 1753 942 595 190 507 926 868 139
11 7 1 1 100 0.75 10 1754 944 602 206 518 930 872 148
11 7 1 1 100 0.75 10 1755 946 605 199 521 938 880 147
11 7 1 1 100 0.75 10 1756 947 606 211 524 948 890 142
11 7 1 1 100 0.75 10 1757 952 608 196 526 957 899 144
11 7 1 1 100 0.75 10 1758 953 609 191 528 967 909 141
11 7 1 1 100 0.75 10 1759 956 613 208 529 974 916 147
11 7 1 1 100 0.75 10 1760 959 616 200 531 980 924 146
11 7 1 1 100 0.75 10 1761 960 622 210 537 985 929 150
11 7 1 1 100 0.75 10 1762 960 626 188 544 991 936 153
11 7 1 1 100 0.75 10 1763 964 627 197 543 1001 946 151
11 7 1 1 100 0.75 10 1764 965 628 210 546 1010 956 150
11 7 1 1 100 0.75 10 1765 965 630 206 544 1019 965 149
11 7 1 1 100 0.75 10 1766 967 632 202 550 1028 974 142
11 7 1 1 100 0.75 10 1767 969 631 198 549 1040 986 139
11 7 1 1 100 0.75 10 1768 970 636 207 557 1045 992 146
11 7 1 1 100 0.75 10 1769 970 637 204 553 1054 1002 143
11 7 1 1 100 0.75 10 1770 971 643 182 557 1058 1007 147
11 7 1 1 100 0.75 10 1770 971 643 643 557 1202 1007 147
11 7 1 1 100 0.75 10 1800 971 643 643 557 76 1007 147
