11 9 5 1 100 0.75 1 1 0 11 11 0 100 0 0
11 9 5 1 100 0.75 1 2 0 22 22 0 100 0 0
11 9 5 1 100 0.75 1 3 0 33 33 0 100 0 0
11 9 5 1 100 0.75 1 4 0 44 44 0 100 0 0
11 9 5 1 100 0.75 1 5 0 55 54 0 100 0 0
11 9 5 1 100 0.75 1 6 0 66 66 0 100 0 0
11 9 5 1 100 0.75 1 7 0 77 77 0 100 0 0
11 9 5 1 100 0.75 1 8 1 88 86 0 100 0 0
11 9 5 1 100 0.75 1 9 2 99 96 1 100 0 0
11 9 5 1 100 0.75 1 10 3 110 105 2 100 0 0
11 9 5 1 100 0.75 1 11 4 121 114 3 100 0 0
11 9 5 1 100 0.75 1 12 6 132 123 4 100 0 0
11 9 5 1 100 0.75 1 13 9 143 130 6 100 0 0
11 9 5 1 100 0.75 1 14 13 154 140 9 100 0 0
11 9 5 1 100 0.75 1 15 18 165 146 13 100 0 0
11 9 5 1 100 0.75 1 16 19 176 156 18 100 0 1
11 9 5 1 100 0.75 1 17 21 187 167 19 100 0 3
11 9 5 1 100 0.75 1 18 25 198 174 21 100 0 3
11 9 5 1 100 0.75 1 19 26 209 182 25 100 0 5
11 9 5 1 100 0.75 1 20 33 220 191 26 100 0 7
11 9 5 1 100 0.75 1 21 39 231 197 33 100 0 8
11 9 5 1 100 0.75 1 22 41 242 210 39 100 0 11
11 9 5 1 100 0.75 1 23 48 253 221 41 100 0 14
11 9 5 1 100 0.75 1 24 53 264 225 48 100 0 15
11 9 5 1 100 0.75 1 25 62 275 233 53 100 0 18
11 9 5 1 100 0.75 1 26 66 286 239 62 100 0 19
11 9 5 1 100 0.75 1 27 72 297 250 66 100 0 22
11 9 5 1 100 0.75 1 28 75 308 263 72 100 0 30
11 9 5 1 100 0.75 1 29 81 319 273 75 100 0 33
11 9 5 1 100 0.75 1 30 86 330 282 81 100 0 36
11 9 5 1 100 0.75 1 31 88 341 295 86 100 0 38
11 9 5 1 100 0.75 1 32 96 351 302 87 101 1 43
11 9 5 1 100 0.75 1 33 104 361 313 94 102 2 49
11 9 5 1 100 0.75 1 34 108 371 322 101 103 3 53
11 9 5 1 100 0.75 1 35 113 382 330 105 103 3 56
11 9 5 1 100 0.75 1 36 123 392 334 109 104 4 57
11 9 5 1 100 0.75 1 37 128 402 341 118 105 5 62
11 9 5 1 100 0.75 1 38 135 411 349 121 107 7 62
11 9 5 1 100 0.75 1 39 139 421 366 127 107 8 67
11 9 5 1 100 0.75 1 40 150 430 364 129 109 10 67
11 9 5 1 100 0.75 1 41 161 437 367 136 113 14 67
11 9 5 1 100 0.75 1 42 167 446 376 145 115 16 71
11 9 5 1 100 0.75 1 43 174 456 384 150 116 17 73
11 9 5 1 100 0.75 1 44 181 465 392 155 118 19 77
11 9 5 1 100 0.75 1 45 189 470 395 156 124 25 74
11 9 5 1 100 0.75 1 46 201 476 391 159 129 30 74
11 9 5 1 100 0.75 1 47 213 485 399 169 131 32 78
11 9 5 1 100 0.75 1 48 225 490 399 175 137 38 77
11 9 5 1 100 0.75 1 49 235 495 402 181 143 44 81
11 9 5 1 100 0.75 1 50 241 504 410 189 145 46 82
11 9 5 1 100 0.75 1 51 255 509 415 189 151 52 82
11 9 5 1 100 0.75 1 52 265 515 413 198 156 57 83
11 9 5 1 100 0.75 1 53 272 521 417 203 161 62 83
11 9 5 1 100 0.75 1 54 278 531 435 210 162 63 88
11 9 5 1 100 0.75 1 55 289 540 441 214 164 65 95
11 9 5 1 100 0.75 1 56 302 547 443 221 167 69 95
11 9 5 1 100 0.75 1 57 316 552 446 228 173 75 94
11 9 5 1 100 0.75 1 58 328 559 447 238 177 79 99
11 9 5 1 100 0.75 1 59 340 566 449 246 181 83 101
11 9 5 1 100 0.75 1 60 349 571 451 253 187 89 104
11 9 5 1 100 0.75 1 61 363 574 441 255 195 97 100
11 9 5 1 100 0.75 1 62 371 583 460 268 197 99 105
11 9 5 1 100 0.75 1 63 378 589 461 272 202 104 108
11 9 5 1 100 0.75 1 64 393 591 459 273 211 113 111
11 9 5 1 100 0.75 1 65 408 596 457 282 217 119 116
11 9 5 1 100 0.75 1 66 419 604 459 295 220 122 122
11 9 5 1 100 0.75 1 67 436 609 458 303 226 128 127
11 9 5 1 100 0.75 1 68 450 614 465 316 232 134 134
11 9 5 1 100 0.75 1 69 460 621 464 329 236 138 135
11 9 5 1 100 0.75 1 70 468 626 462 335 242 144 136
11 9 5 1 100 0.75 1 71 479 633 456 341 246 148 142
11 9 5 1 100 0.75 1 72 502 640 468 349 250 152 149
11 9 5 1 100 0.75 1 73 516 641 469 365 260 162 150
11 9 5 1 100 0.75 1 74 531 645 463 376 267 169 155
11 9 5 1 100 0.75 1 75 545 651 478 389 272 174 165
11 9 5 1 100 0.75 1 76 556 655 474 397 279 181 169
11 9 5 1 100 0.75 1 77 565 658 464 403 287 189 170
11 9 5 1 100 0.75 1 78 582 660 452 411 296 198 170
11 9 5 1 100 0.75 1 79 595 667 461 427 300 202 177
11 9 5 1 100 0.75 1 80 615 670 467 435 308 210 186
11 9 5 1 100 0.75 1 81 629 674 457 449 315 217 191
11 9 5 1 100 0.75 1 82 649 675 450 458 325 227 192
11 9 5 1 100 0.75 1 83 664 671 447 465 340 242 181
11 9 5 1 100 0.75 1 84 680 672 437 473 350 252 179
11 9 5 1 100 0.75 1 85 691 669 415 481 364 266 181
11 9 5 1 100 0.75 1 86 705 672 425 486 372 274 185
11 9 5 1 100 0.75 1 87 721 675 428 496 380 282 192
11 9 5 1 100 0.75 1 88 732 682 427 515 383 286 203
11 9 5 1 100 0.75 1 89 740 679 433 515 396 300 206
11 9 5 1 100 0.75 1 90 764 677 417 514 409 313 206
11 9 5 1 100 0.75 1 91 776 677 405 530 420 324 216
11 9 5 1 100 0.75 1 92 787 674 401 533 434 338 219
11 9 5 1 100 0.75 1 93 798 676 400 540 443 347 219
11 9 5 1 100 0.75 1 94 804 678 410 550 452 356 228
11 9 5 1 100 0.75 1 95 819 677 393 550 464 368 233
11 9 5 1 100 0.75 1 96 828 675 395 557 477 381 229
11 9 5 1 100 0.75 1 97 838 676 381 563 487 391 230
11 9 5 1 100 0.75 1 98 846 678 385 566 496 400 236
11 9 5 1 100 0.75 1 99 855 679 374 573 506 410 238
11 9 5 1 100 0.75 1 100 859 682 390 583 514 418 241
11 9 5 1 100 0.75 1 101 869 681 363 582 525 430 242
11 9 5 1 100 0.75 1 102 874 674 367 579 543 448 234
11 9 5 1 100 0.75 1 103 877 679 358 589 549 454 246
11 9 5 1 100 0.75 1 104 884 670 351 581 568 474 231
11 9 5 1 100 0.75 1 105 886 669 351 582 580 486 235
11 9 5 1 100 0.75 1 106 891 667 335 576 593 499 234
11 9 5 1 100 0.75 1 107 898 664 335 575 607 513 231
11 9 5 1 100 0.75 1 108 900 656 337 573 626 532 227
11 9 5 1 100 0.75 1 109 905 652 319 566 641 547 219
11 9 5 1 100 0.75 1 110 908 646 300 561 658 564 212
11 9 5 1 100 0.75 1 111 909 646 310 562 669 575 211
11 9 5 1 100 0.75 1 112 912 641 296 553 685 591 202
11 9 5 1 100 0.75 1 113 914 638 282 555 699 605 196
11 9 5 1 100 0.75 1 114 920 641 275 555 705 613 198
11 9 5 1 100 0.75 1 115 922 641 283 558 716 624 203
11 9 5 1 100 0.75 1 116 923 643 278 562 725 633 199
11 9 5 1 100 0.75 1 117 923 632 272 551 747 655 188
11 9 5 1 100 0.75 1 118 924 627 278 541 763 671 181
11 9 5 1 100 0.75 1 119 927 629 276 546 772 680 177
11 9 5 1 100 0.75 1 120 930 632 266 549 780 688 176
11 9 5 1 100 0.75 1 121 931 628 257 544 795 703 176
11 9 5 1 100 0.75 1 122 933 627 265 543 807 715 169
11 9 5 1 100 0.75 1 123 934 622 250 543 823 731 161
11 9 5 1 100 0.75 1 124 935 624 234 540 831 740 159
11 9 5 1 100 0.75 1 125 937 627 243 542 839 748 158
11 9 5 1 100 0.75 1 126 937 627 247 542 850 759 158
11 9 5 1 100 0.75 1 127 941 628 234 541 859 769 157
11 9 5 1 100 0.75 1 128 944 627 241 543 871 781 152
11 9 5 1 100 0.75 1 129 944 628 233 543 881 791 154
11 9 5 1 100 0.75 1 130 949 630 227 544 889 800 150
11 9 5 1 100 0.75 1 131 950 633 236 553 897 808 149
11 9 5 1 100 0.75 1 132 951 638 230 554 903 814 149
11 9 5 1 100 0.75 1 133 951 634 234 551 918 829 142
11 9 5 1 100 0.75 1 134 953 637 212 553 926 837 144
11 9 5 1 100 0.75 1 135 953 638 220 556 936 847 141
11 9 5 1 100 0.75 1 136 957 644 219 560 941 852 146
11 9 5 1 100 0.75 1 137 960 645 227 561 950 862 145
11 9 5 1 100 0.75 1 138 960 651 232 570 955 867 153
11 9 5 1 100 0.75 1 139 960 653 224 569 964 876 152
11 9 5 1 100 0.75 1 140 961 658 245 575 970 882 151
11 9 5 1 100 0.75 1 141 962 660 225 578 979 891 154
11 9 5 1 100 0.75 1 142 962 663 237 582 987 899 154
11 9 5 1 100 0.75 1 143 962 665 211 581 995 908 149
11 9 5 1 100 0.75 1 144 962 670 230 590 1001 914 153
11 9 5 1 100 0.75 1 145 962 671 226 586 1011 924 150
11 9 5 1 100 0.75 1 146 964 671 213 587 1021 935 147
11 9 5 1 100 0.75 1 147 964 670 230 588 1031 947 144
11 9 5 1 100 0.75 1 148 967 673 219 589 1039 955 148
11 9 5 1 100 0.75 1 149 968 676 207 593 1047 963 145
11 9 5 1 100 0.75 1 150 970 682 212 598 1051 968 149
11 9 5 1 100 0.75 1 150 970 682 682 598 1193 968 149
11 9 5 1 100 0.75 1 180 970 682 682 598 98 968 149
11 9 5 1 100 0.75 2 181 0 11 11 0 98 0 0
11 9 5 1 100 0.75 2 182 0 22 22 0 98 0 0
11 9 5 1 100 0.75 2 183 0 33 33 0 98 0 0
11 9 5 1 100 0.75 2 184 0 44 44 0 98 0 0
11 9 5 1 100 0.75 2 185 0 55 55 0 98 0 0
11 9 5 1 100 0.75 2 186 0 66 66 0 98 0 0
11 9 5 1 100 0.75 2 187 0 77 77 0 98 0 0
11 9 5 1 100 0.75 2 188 1 88 86 0 98 0 0
11 9 5 1 100 0.75 2 189 1 99 96 1 98 0 0
11 9 5 1 100 0.75 2 190 6 110 103 1 98 0 0
11 9 5 1 100 0.75 2 191 7 121 111 6 98 0 0
11 9 5 1 100 0.75 2 192 9 132 119 7 98 0 0
11 9 5 1 100 0.75 2 193 11 143 131 9 98 0 0
11 9 5 1 100 0.75 2 194 15 154 137 11 98 0 0
11 9 5 1 100 0.75 2 195 16 165 147 15 98 0 0
11 9 5 1 100 0.75 2 196 17 176 159 16 98 0 1
11 9 5 1 100 0.75 2 197 21 187 163 17 98 0 2
11 9 5 1 100 0.75 2 198 24 198 179 21 98 0 6
11 9 5 1 100 0.75 2 199 30 209 184 24 98 0 8
11 9 5 1 100 0.75 2 200 32 220 194 30 98 0 9
11 9 5 1 100 0.75 2 201 35 231 202 32 98 0 13
11 9 5 1 100 0.75 2 202 37 242 215 35 98 0 14
11 9 5 1 100 0.75 2 203 44 253 221 37 98 0 15
11 9 5 1 100 0.75 2 204 48 264 229 44 98 0 16
11 9 5 1 100 0.75 2 205 56 275 236 48 98 0 20
11 9 5 1 100 0.75 2 206 58 286 249 56 98 0 21
11 9 5 1 100 0.75 2 207 66 297 254 58 98 0 25
11 9 5 1 100 0.75 2 208 67 308 267 66 98 0 27
11 9 5 1 100 0.75 2 209 70 319 274 67 98 0 29
11 9 5 1 100 0.75 2 210 78 330 287 70 98 0 33
11 9 5 1 100 0.75 2 211 84 341 295 78 98 0 35
11 9 5 1 100 0.75 2 212 88 352 309 84 98 0 40
11 9 5 1 100 0.75 2 213 95 361 314 86 100 2 42
11 9 5 1 100 0.75 2 214 101 371 321 92 101 3 44
11 9 5 1 100 0.75 2 215 109 379 329 95 104 6 43
11 9 5 1 100 0.75 2 216 114 388 333 101 106 8 42
11 9 5 1 100 0.75 2 217 121 396 340 103 109 11 45
11 9 5 1 100 0.75 2 218 126 405 347 108 111 13 48
11 9 5 1 100 0.75 2 219 133 414 357 111 113 15 51
11 9 5 1 100 0.75 2 220 139 424 361 117 114 16 51
11 9 5 1 100 0.75 2 221 145 435 373 123 114 16 58
11 9 5 1 100 0.75 2 222 155 446 378 129 114 16 67
11 9 5 1 100 0.75 2 223 158 454 393 136 117 19 69
11 9 5 1 100 0.75 2 224 170 461 393 135 121 23 69
11 9 5 1 100 0.75 2 225 177 467 394 142 126 28 71
11 9 5 1 100 0.75 2 226 183 477 403 148 127 29 75
11 9 5 1 100 0.75 2 227 194 484 409 150 131 33 77
11 9 5 1 100 0.75 2 228 202 492 411 158 134 36 79
11 9 5 1 100 0.75 2 229 212 500 419 163 137 39 80
11 9 5 1 100 0.75 2 230 222 508 423 170 140 42 83
11 9 5 1 100 0.75 2 231 233 515 425 176 144 46 84
11 9 5 1 100 0.75 2 232 246 523 430 184 147 49 88
11 9 5 1 100 0.75 2 233 257 532 433 195 149 51 90
11 9 5 1 100 0.75 2 234 268 540 439 203 152 54 95
11 9 5 1 100 0.75 2 235 275 548 446 212 155 57 96
11 9 5 1 100 0.75 2 236 285 553 446 214 161 63 98
11 9 5 1 100 0.75 2 237 293 561 449 221 164 66 102
11 9 5 1 100 0.75 2 238 304 568 461 225 168 70 104
11 9 5 1 100 0.75 2 239 319 573 458 230 174 76 106
11 9 5 1 100 0.75 2 240 332 575 460 237 183 85 105
11 9 5 1 100 0.75 2 241 347 584 456 249 185 87 111
11 9 5 1 100 0.75 2 242 359 583 452 252 197 99 107
11 9 5 1 100 0.75 2 243 374 590 448 260 201 103 108
11 9 5 1 100 0.75 2 244 382 595 454 273 207 109 110
11 9 5 1 100 0.75 2 245 395 602 460 279 211 113 114
11 9 5 1 100 0.75 2 246 406 608 461 287 216 118 120
11 9 5 1 100 0.75 2 247 423 614 471 293 221 123 129
11 9 5 1 100 0.75 2 248 443 620 464 306 226 128 134
11 9 5 1 100 0.75 2 249 455 627 478 325 230 132 141
11 9 5 1 100 0.75 2 250 472 631 466 331 237 139 149
11 9 5 1 100 0.75 2 251 490 637 468 345 241 144 157
11 9 5 1 100 0.75 2 252 508 641 463 358 248 151 158
11 9 5 1 100 0.75 2 253 516 648 463 376 252 155 160
11 9 5 1 100 0.75 2 254 529 651 457 377 260 163 165
11 9 5 1 100 0.75 2 255 546 652 470 380 269 173 176
11 9 5 1 100 0.75 2 256 557 660 472 395 272 176 188
11 9 5 1 100 0.75 2 257 571 662 475 401 281 185 193
11 9 5 1 100 0.75 2 258 585 668 482 413 286 190 203
11 9 5 1 100 0.75 2 259 594 671 483 420 294 198 214
11 9 5 1 100 0.75 2 260 606 670 465 421 306 210 215
11 9 5 1 100 0.75 2 261 615 669 451 429 318 222 210
11 9 5 1 100 0.75 2 262 625 674 469 438 324 228 215
11 9 5 1 100 0.75 2 263 638 675 461 441 334 238 213
11 9 5 1 100 0.75 2 264 652 678 456 449 342 246 217
11 9 5 1 100 0.75 2 265 667 677 463 455 353 258 224
11 9 5 1 100 0.75 2 266 682 679 439 464 362 267 226
11 9 5 1 100 0.75 2 267 693 680 446 474 372 277 227
11 9 5 1 100 0.75 2 268 708 673 422 477 390 295 220
11 9 5 1 100 0.75 2 269 722 676 423 487 398 303 223
11 9 5 1 100 0.75 2 270 728 679 427 500 406 311 226
11 9 5 1 100 0.75 2 271 747 677 420 497 419 324 228
11 9 5 1 100 0.75 2 272 756 674 403 509 433 338 227
11 9 5 1 100 0.75 2 273 774 666 393 505 452 357 219
11 9 5 1 100 0.75 2 274 785 662 382 513 467 372 221
11 9 5 1 100 0.75 2 275 798 658 379 519 482 387 221
11 9 5 1 100 0.75 2 276 807 655 365 523 496 401 218
11 9 5 1 100 0.75 2 277 814 652 373 520 510 415 221
11 9 5 1 100 0.75 2 278 822 655 361 531 518 423 229
11 9 5 1 100 0.75 2 279 838 652 363 532 532 437 228
11 9 5 1 100 0.75 2 280 848 650 342 541 545 450 228
11 9 5 1 100 0.75 2 281 859 647 344 544 558 464 230
11 9 5 1 100 0.75 2 282 867 647 344 552 569 475 235
11 9 5 1 100 0.75 2 283 875 646 339 552 580 487 233
11 9 5 1 100 0.75 2 284 880 646 337 561 591 498 237
11 9 5 1 100 0.75 2 285 886 644 328 559 604 511 229
11 9 5 1 100 0.75 2 286 890 639 322 553 620 527 229
11 9 5 1 100 0.75 2 287 892 638 308 554 632 539 233
11 9 5 1 100 0.75 2 288 896 639 313 555 641 549 242
11 9 5 1 100 0.75 2 289 897 635 307 549 656 564 239
11 9 5 1 100 0.75 2 290 902 629 291 543 673 581 236
11 9 5 1 100 0.75 2 291 907 627 290 543 686 594 238
11 9 5 1 100 0.75 2 292 910 624 274 540 700 608 231
11 9 5 1 100 0.75 2 293 913 627 269 543 708 616 231
11 9 5 1 100 0.75 2 294 916 626 262 543 720 628 226
11 9 5 1 100 0.75 2 295 919 622 253 536 735 643 224
11 9 5 1 100 0.75 2 296 921 618 268 536 750 658 218
11 9 5 1 100 0.75 2 297 922 610 245 528 769 677 207
11 9 5 1 100 0.75 2 298 925 610 270 526 780 688 204
11 9 5 1 100 0.75 2 299 928 609 244 526 790 700 198
11 9 5 1 100 0.75 2 300 931 609 254 525 801 711 195
11 9 5 1 100 0.75 2 301 933 606 243 522 815 725 187
11 9 5 1 100 0.75 2 302 937 604 254 518 827 738 180
11 9 5 1 100 0.75 2 303 939 604 234 522 838 749 175
11 9 5 1 100 0.75 2 304 940 600 237 516 853 764 169
11 9 5 1 100 0.75 2 305 942 597 240 513 866 778 162
11 9 5 1 100 0.75 2 306 942 593 223 509 881 793 156
11 9 5 1 100 0.75 2 307 942 590 212 510 894 807 148
11 9 5 1 100 0.75 2 308 944 584 204 499 910 824 142
11 9 5 1 100 0.75 2 309 945 588 209 502 913 831 144
11 9 5 1 100 0.75 2 310 946 589 202 506 923 841 142
11 9 5 1 100 0.75 2 311 947 589 200 506 932 852 140
11 9 5 1 100 0.75 2 312 948 589 193 503 942 863 134
11 9 5 1 100 0.75 2 313 950 591 209 506 950 872 138
11 9 5 1 100 0.75 2 314 950 593 203 509 958 881 138
11 9 5 1 100 0.75 2 315 950 597 208 515 964 888 135
11 9 5 1 100 0.75 2 316 952 602 198 520 970 894 140
11 9 5 1 100 0.75 2 317 952 608 210 525 974 899 145
11 9 5 1 100 0.75 2 318 952 610 199 526 981 908 146
11 9 5 1 100 0.75 2 319 956 615 195 530 987 914 148
11 9 5 1 100 0.75 2 320 958 618 201 537 995 922 148
11 9 5 1 100 0.75 2 321 959 621 203 538 1003 930 152
11 9 5 1 100 0.75 2 322 962 628 217 540 1007 934 158
11 9 5 1 100 0.75 2 323 965 627 211 543 1018 946 154
11 9 5 1 100 0.75 2 324 966 631 202 547 1025 953 153
11 9 5 1 100 0.75 2 325 966 634 224 549 1033 961 155
11 9 5 1 100 0.75 2 326 966 635 213 550 1042 971 157
11 9 5 1 100 0.75 2 327 966 640 210 557 1046 977 164
11 9 5 1 100 0.75 2 328 967 639 208 558 1058 989 154
11 9 5 1 100 0.75 2 329 969 646 192 565 1061 993 163
11 9 5 1 100 0.75 2 330 970 646 208 567 1072 1004 159
11 9 5 1 100 0.75 2 330 970 646 646 567 1229 1004 159
11 9 5 1 100 0.75 2 360 970 646 646 567 98 1004 159
11 9 5 1 100 0.75 3 361 0 11 11 0 98 0 0
11 9 5 1 100 0.75 3 362 0 22 22 0 98 0 0
11 9 5 1 100 0.75 3 363 0 33 33 0 98 0 0
11 9 5 1 100 0.75 3 364 0 44 44 0 98 0 0
11 9 5 1 100 0.75 3 365 0 55 55 0 98 0 0
11 9 5 1 100 0.75 3 366 0 66 66 0 98 0 0
11 9 5 1 100 0.75 3 367 0 77 77 0 98 0 0
11 9 5 1 100 0.75 3 368 1 88 87 0 98 0 0
11 9 5 1 100 0.75 3 369 4 99 95 1 98 0 0
11 9 5 1 100 0.75 3 370 4 110 106 4 98 0 0
11 9 5 1 100 0.75 3 371 6 121 114 4 98 0 0
11 9 5 1 100 0.75 3 372 11 132 118 6 98 0 0
11 9 5 1 100 0.75 3 373 14 143 129 11 98 0 0
11 9 5 1 100 0.75 3 374 17 154 136 14 98 0 0
11 9 5 1 100 0.75 3 375 20 165 143 17 98 0 0
11 9 5 1 100 0.75 3 376 22 176 154 20 98 0 1
11 9 5 1 100 0.75 3 377 29 187 158 22 98 0 3
11 9 5 1 100 0.75 3 378 33 198 167 29 98 0 4
11 9 5 1 100 0.75 3 379 36 209 180 33 98 0 8
11 9 5 1 100 0.75 3 380 40 220 188 36 98 0 10
11 9 5 1 100 0.75 3 381 48 231 198 40 98 0 12
11 9 5 1 100 0.75 3 382 53 242 205 48 98 0 14
11 9 5 1 100 0.75 3 383 57 253 213 53 98 0 14
11 9 5 1 100 0.75 3 384 60 264 226 57 98 0 18
11 9 5 1 100 0.75 3 385 68 275 231 60 98 0 19
11 9 5 1 100 0.75 3 386 73 286 243 68 98 0 21
11 9 5 1 100 0.75 3 387 78 297 253 73 98 0 21
11 9 5 1 100 0.75 3 388 82 308 263 78 98 0 26
11 9 5 1 100 0.75 3 389 89 319 273 82 98 0 31
11 9 5 1 100 0.75 3 390 92 330 285 89 98 0 35
11 9 5 1 100 0.75 3 391 95 341 295 92 98 0 36
11 9 5 1 100 0.75 3 392 101 351 302 94 99 1 41
11 9 5 1 100 0.75 3 393 104 362 320 100 99 1 44
11 9 5 1 100 0.75 3 394 113 373 322 103 99 1 50
11 9 5 1 100 0.75 3 395 118 382 332 110 101 3 50
11 9 5 1 100 0.75 3 396 125 391 341 113 103 5 53
11 9 5 1 100 0.75 3 397 131 402 353 120 103 5 58
11 9 5 1 100 0.75 3 398 137 413 358 126 103 5 63
11 9 5 1 100 0.75 3 399 143 418 359 126 109 11 58
11 9 5 1 100 0.75 3 400 150 426 366 129 112 14 61
11 9 5 1 100 0.75 3 401 158 434 370 133 115 17 61
11 9 5 1 100 0.75 3 402 164 445 382 141 115 17 65
11 9 5 1 100 0.75 3 403 168 453 386 144 118 20 67
11 9 5 1 100 0.75 3 404 174 460 398 144 122 24 70
11 9 5 1 100 0.75 3 405 181 471 397 150 122 24 72
11 9 5 1 100 0.75 3 406 191 480 413 155 124 26 75
11 9 5 1 100 0.75 3 407 198 489 417 163 126 28 78
11 9 5 1 100 0.75 3 408 208 494 416 164 132 34 78
11 9 5 1 100 0.75 3 409 220 497 413 166 140 42 78
11 9 5 1 100 0.75 3 410 226 505 419 176 143 45 77
11 9 5 1 100 0.75 3 411 234 512 424 178 147 49 75
11 9 5 1 100 0.75 3 412 246 519 423 182 151 53 77
11 9 5 1 100 0.75 3 413 257 524 420 189 157 59 75
11 9 5 1 100 0.75 3 414 268 532 428 198 160 62 78
11 9 5 1 100 0.75 3 415 277 540 430 206 163 65 80
11 9 5 1 100 0.75 3 416 296 549 438 213 165 67 89
11 9 5 1 100 0.75 3 417 312 556 434 228 169 71 93
11 9 5 1 100 0.75 3 418 318 561 439 239 175 77 90
11 9 5 1 100 0.75 3 419 324 567 447 240 180 82 91
11 9 5 1 100 0.75 3 420 344 573 443 241 185 87 103
11 9 5 1 100 0.75 3 421 353 579 449 258 190 92 102
11 9 5 1 100 0.75 3 422 365 583 446 260 197 99 102
11 9 5 1 100 0.75 3 423 375 593 460 272 198 100 110
11 9 5 1 100 0.75 3 424 394 597 452 277 205 107 119
11 9 5 1 100 0.75 3 425 406 605 456 293 208 110 123
11 9 5 1 100 0.75 3 426 410 613 462 305 211 113 124
11 9 5 1 100 0.75 3 427 429 620 467 308 215 117 132
11 9 5 1 100 0.75 3 428 443 627 470 325 219 121 135
11 9 5 1 100 0.75 3 429 460 631 470 334 226 128 137
11 9 5 1 100 0.75 3 430 474 638 464 351 230 132 139
11 9 5 1 100 0.75 3 431 486 644 476 362 235 137 150
11 9 5 1 100 0.75 3 432 503 647 475 367 243 145 150
11 9 5 1 100 0.75 3 433 514 652 471 378 249 151 149
11 9 5 1 100 0.75 3 434 525 657 476 387 255 157 154
11 9 5 1 100 0.75 3 435 539 661 473 392 262 164 160
11 9 5 1 100 0.75 3 436 561 663 482 397 271 173 168
11 9 5 1 100 0.75 3 437 575 665 473 413 280 182 171
11 9 5 1 100 0.75 3 438 592 668 476 420 288 190 175
11 9 5 1 100 0.75 3 439 598 664 459 422 303 205 167
11 9 5 1 100 0.75 3 440 614 668 467 425 310 212 168
11 9 5 1 100 0.75 3 441 627 672 462 439 317 219 175
11 9 5 1 100 0.75 3 442 649 676 456 448 324 226 178
11 9 5 1 100 0.75 3 443 666 676 455 460 335 237 184
11 9 5 1 100 0.75 3 444 682 680 458 473 342 244 191
11 9 5 1 100 0.75 3 445 695 686 447 486 347 249 194
11 9 5 1 100 0.75 3 446 709 684 441 496 360 262 191
11 9 5 1 100 0.75 3 447 726 684 436 503 370 273 190
11 9 5 1 100 0.75 3 448 734 690 438 520 375 278 204
11 9 5 1 100 0.75 3 449 751 688 431 519 388 291 204
11 9 5 1 100 0.75 3 450 773 691 432 530 396 299 214
11 9 5 1 100 0.75 3 451 788 690 412 546 408 311 218
11 9 5 1 100 0.75 3 452 799 687 413 554 421 325 214
11 9 5 1 100 0.75 3 453 811 692 414 564 427 331 225
11 9 5 1 100 0.75 3 454 819 689 400 572 441 345 228
11 9 5 1 100 0.75 3 455 827 687 389 570 454 358 226
11 9 5 1 100 0.75 3 456 838 689 397 575 463 367 226
11 9 5 1 100 0.75 3 457 842 687 384 579 476 380 231
11 9 5 1 100 0.75 3 458 853 690 401 583 484 388 241
11 9 5 1 100 0.75 3 459 861 689 378 588 494 400 238
11 9 5 1 100 0.75 3 460 869 686 386 587 508 414 236
11 9 5 1 100 0.75 3 461 876 690 371 592 515 421 246
11 9 5 1 100 0.75 3 462 881 690 369 597 526 432 243
11 9 5 1 100 0.75 3 463 883 686 353 592 540 447 242
11 9 5 1 100 0.75 3 464 888 679 373 586 558 465 232
11 9 5 1 100 0.75 3 465 893 680 352 589 568 475 232
11 9 5 1 100 0.75 3 466 894 679 350 591 579 487 230
11 9 5 1 100 0.75 3 467 899 672 335 582 596 505 226
11 9 5 1 100 0.75 3 468 900 666 334 580 613 522 222
11 9 5 1 100 0.75 3 469 904 659 324 572 631 540 213
11 9 5 1 100 0.75 3 470 906 662 331 578 638 548 217
11 9 5 1 100 0.75 3 471 908 662 302 577 649 559 210
11 9 5 1 100 0.75 3 472 911 652 305 563 668 580 204
11 9 5 1 100 0.75 3 473 914 646 284 560 685 597 199
11 9 5 1 100 0.75 3 474 920 645 294 556 697 609 197
11 9 5 1 100 0.75 3 475 920 645 286 561 708 620 195
11 9 5 1 100 0.75 3 476 923 642 274 553 722 634 191
11 9 5 1 100 0.75 3 477 926 641 275 556 732 646 189
11 9 5 1 100 0.75 3 478 929 639 264 553 745 659 180
11 9 5 1 100 0.75 3 479 930 637 263 552 758 672 178
11 9 5 1 100 0.75 3 480 934 638 265 558 768 682 176
11 9 5 1 100 0.75 3 481 935 639 254 554 778 692 175
11 9 5 1 100 0.75 3 482 938 644 260 561 784 698 179
11 9 5 1 100 0.75 3 483 941 642 253 558 797 711 173
11 9 5 1 100 0.75 3 484 943 642 247 559 808 722 170
11 9 5 1 100 0.75 3 485 946 639 244 556 822 736 163
11 9 5 1 100 0.75 3 486 948 637 247 553 835 749 160
11 9 5 1 100 0.75 3 487 950 630 220 549 853 767 149
11 9 5 1 100 0.75 3 488 952 636 234 551 857 772 151
11 9 5 1 100 0.75 3 489 953 640 221 557 864 779 155
11 9 5 1 100 0.75 3 490 955 640 225 555 875 790 150
11 9 5 1 100 0.75 3 491 956 648 229 564 878 793 154
11 9 5 1 100 0.75 3 492 961 645 226 559 892 807 151
11 9 5 1 100 0.75 3 493 964 642 217 557 905 821 142
11 9 5 1 100 0.75 3 494 964 644 223 563 914 830 139
11 9 5 1 100 0.75 3 495 967 648 222 560 921 837 136
11 9 5 1 100 0.75 3 496 969 648 218 566 932 848 132
11 9 5 1 100 0.75 3 497 970 652 216 568 939 855 134
11 9 5 1 100 0.75 3 498 971 655 211 569 947 863 134
11 9 5 1 100 0.75 3 499 971 657 217 572 954 872 135
11 9 5 1 100 0.75 3 500 971 661 223 577 960 879 137
11 9 5 1 100 0.75 3 501 971 660 215 576 971 891 131
11 9 5 1 100 0.75 3 502 971 663 196 580 979 899 128
11 9 5 1 100 0.75 3 503 972 666 209 584 987 907 130
11 9 5 1 100 0.75 3 504 973 674 210 593 990 910 133
11 9 5 1 100 0.75 3 505 973 678 227 594 997 917 135
11 9 5 1 100 0.75 3 506 975 680 216 592 1006 926 131
11 9 5 1 100 0.75 3 507 975 684 209 601 1012 933 134
11 9 5 1 100 0.75 3 508 976 687 201 603 1020 941 135
11 9 5 1 100 0.75 3 509 976 691 221 609 1026 948 136
11 9 5 1 100 0.75 3 510 977 693 210 610 1035 957 134
11 9 5 1 100 0.75 3 510 977 693 693 610 1166 957 134
11 9 5 1 100 0.75 3 540 977 693 693 610 98 957 134
11 9 5 1 100 0.75 4 541 0 11 11 0 98 0 0
11 9 5 1 100 0.75 4 542 0 22 22 0 98 0 0
11 9 5 1 100 0.75 4 543 0 33 33 0 98 0 0
11 9 5 1 100 0.75 4 544 0 44 44 0 98 0 0
11 9 5 1 100 0.75 4 545 0 55 54 0 98 0 0
11 9 5 1 100 0.75 4 546 0 66 66 0 98 0 0
11 9 5 1 100 0.75 4 547 0 77 76 0 98 0 0
11 9 5 1 100 0.75 4 548 0 88 87 0 98 0 0
11 9 5 1 100 0.75 4 549 0 99 99 0 98 0 0
11 9 5 1 100 0.75 4 550 2 110 105 0 98 0 0
11 9 5 1 100 0.75 4 551 4 121 116 2 98 0 0
11 9 5 1 100 0.75 4 552 7 132 123 4 98 0 0
11 9 5 1 100 0.75 4 553 12 143 128 7 98 0 0
11 9 5 1 100 0.75 4 554 16 154 137 12 98 0 0
11 9 5 1 100 0.75 4 555 21 165 143 16 98 0 0
11 9 5 1 100 0.75 4 556 22 176 152 21 98 0 0
11 9 5 1 100 0.75 4 557 23 187 160 22 98 0 1
11 9 5 1 100 0.75 4 558 24 198 174 23 98 0 2
11 9 5 1 100 0.75 4 559 29 209 186 24 98 0 6
11 9 5 1 100 0.75 4 560 31 220 195 29 98 0 7
11 9 5 1 100 0.75 4 561 37 231 205 31 98 0 12
11 9 5 1 100 0.75 4 562 44 242 211 37 98 0 13
11 9 5 1 100 0.75 4 563 48 253 222 44 98 0 18
11 9 5 1 100 0.75 4 564 50 264 229 48 98 0 18
11 9 5 1 100 0.75 4 565 53 275 243 50 98 0 19
11 9 5 1 100 0.75 4 566 57 286 250 53 98 0 23
11 9 5 1 100 0.75 4 567 62 297 260 57 98 0 26
11 9 5 1 100 0.75 4 568 64 308 272 62 96 0 29
11 9 5 1 100 0.75 4 569 69 319 281 64 96 0 33
11 9 5 1 100 0.75 4 570 76 330 291 69 96 0 39
11 9 5 1 100 0.75 4 571 84 341 297 76 96 0 39
11 9 5 1 100 0.75 4 572 88 352 307 84 96 0 42
11 9 5 1 100 0.75 4 573 91 362 318 87 97 1 45
11 9 5 1 100 0.75 4 574 96 372 330 89 98 2 48
11 9 5 1 100 0.75 4 575 100 383 335 94 98 2 52
11 9 5 1 100 0.75 4 576 103 392 344 96 100 4 52
11 9 5 1 100 0.75 4 577 110 401 356 97 102 6 55
11 9 5 1 100 0.75 4 578 116 409 360 101 105 9 59
11 9 5 1 100 0.75 4 579 124 415 362 102 110 14 59
11 9 5 1 100 0.75 4 580 128 425 372 109 111 15 61
11 9 5 1 100 0.75 4 581 134 435 381 112 112 16 65
11 9 5 1 100 0.75 4 582 144 444 388 116 114 18 65
11 9 5 1 100 0.75 4 583 152 452 388 123 117 21 64
11 9 5 1 100 0.75 4 584 158 461 394 129 119 23 66
11 9 5 1 100 0.75 4 585 164 467 399 130 124 28 64
11 9 5 1 100 0.75 4 586 165 474 407 132 128 32 64
11 9 5 1 100 0.75 4 587 181 483 413 131 130 34 68
11 9 5 1 100 0.75 4 588 188 490 413 143 134 38 68
11 9 5 1 100 0.75 4 589 198 495 418 144 140 44 67
11 9 5 1 100 0.75 4 590 211 505 427 153 141 45 69
11 9 5 1 100 0.75 4 591 222 514 429 165 143 47 72
11 9 5 1 100 0.75 4 592 234 522 433 173 146 50 76
11 9 5 1 100 0.75 4 593 238 528 437 180 151 55 73
11 9 5 1 100 0.75 4 594 251 533 432 178 157 61 75
11 9 5 1 100 0.75 4 595 258 540 447 187 161 65 83
11 9 5 1 100 0.75 4 596 264 546 450 190 166 70 85
11 9 5 1 100 0.75 4 597 281 552 445 192 171 75 87
11 9 5 1 100 0.75 4 598 296 559 451 206 175 79 95
11 9 5 1 100 0.75 4 599 306 566 453 217 179 83 98
11 9 5 1 100 0.75 4 600 317 576 460 229 180 84 105
11 9 5 1 100 0.75 4 601 327 583 466 236 184 88 106
11 9 5 1 100 0.75 4 602 341 588 460 240 190 94 106
11 9 5 1 100 0.75 4 603 353 596 470 252 193 97 109
11 9 5 1 100 0.75 4 604 367 602 464 259 198 102 113
11 9 5 1 100 0.75 4 605 377 610 480 270 201 105 125
11 9 5 1 100 0.75 4 606 390 618 482 280 204 108 134
11 9 5 1 100 0.75 4 607 396 622 480 288 211 115 135
11 9 5 1 100 0.75 4 608 411 630 489 294 214 118 140
11 9 5 1 100 0.75 4 609 418 636 494 306 219 123 141
11 9 5 1 100 0.75 4 610 433 641 483 308 225 129 147
11 9 5 1 100 0.75 4 611 445 644 490 319 233 137 144
11 9 5 1 100 0.75 4 612 463 651 488 327 237 141 150
11 9 5 1 100 0.75 4 613 481 652 497 335 247 151 148
11 9 5 1 100 0.75 4 614 489 653 486 344 257 161 146
11 9 5 1 100 0.75 4 615 501 653 486 343 268 172 143
11 9 5 1 100 0.75 4 616 518 656 473 352 276 180 149
11 9 5 1 100 0.75 4 617 534 660 475 364 283 187 153
11 9 5 1 100 0.75 4 618 553 667 482 376 287 191 159
11 9 5 1 100 0.75 4 619 563 668 478 388 297 201 161
11 9 5 1 100 0.75 4 620 580 674 480 395 302 206 171
11 9 5 1 100 0.75 4 621 592 679 481 410 308 212 175
11 9 5 1 100 0.75 4 622 606 680 476 413 318 222 181
11 9 5 1 100 0.75 4 623 614 684 471 426 325 229 186
11 9 5 1 100 0.75 4 624 635 684 461 427 336 240 185
11 9 5 1 100 0.75 4 625 650 683 446 443 348 252 188
11 9 5 1 100 0.75 4 626 663 687 460 456 355 259 195
11 9 5 1 100 0.75 4 627 678 690 454 465 363 267 200
11 9 5 1 100 0.75 4 628 687 691 453 474 373 277 200
11 9 5 1 100 0.75 4 629 703 693 453 480 382 286 202
11 9 5 1 100 0.75 4 630 714 695 439 490 391 295 207
11 9 5 1 100 0.75 4 631 725 697 439 496 400 304 209
11 9 5 1 100 0.75 4 632 739 694 433 499 414 318 216
11 9 5 1 100 0.75 4 633 754 699 436 511 420 324 225
11 9 5 1 100 0.75 4 634 766 693 415 514 437 341 220
11 9 5 1 100 0.75 4 635 782 695 422 523 446 350 224
11 9 5 1 100 0.75 4 636 790 696 414 538 456 360 228
11 9 5 1 100 0.75 4 637 801 699 412 546 464 368 232
11 9 5 1 100 0.75 4 638 813 697 407 551 477 381 235
11 9 5 1 100 0.75 4 639 825 697 402 558 488 392 236
11 9 5 1 100 0.75 4 640 839 689 383 556 506 411 232
11 9 5 1 100 0.75 4 641 847 692 384 569 514 419 245
11 9 5 1 100 0.75 4 642 856 689 374 571 528 433 243
11 9 5 1 100 0.75 4 643 862 684 362 574 544 449 245
11 9 5 1 100 0.75 4 644 865 688 374 580 551 456 246
11 9 5 1 100 0.75 4 645 878 680 341 570 570 475 239
11 9 5 1 100 0.75 4 646 885 680 354 578 581 486 239
11 9 5 1 100 0.75 4 647 896 677 358 578 594 500 242
11 9 5 1 100 0.75 4 648 902 673 334 581 609 515 234
11 9 5 1 100 0.75 4 649 905 669 336 583 624 530 234
11 9 5 1 100 0.75 4 650 908 668 328 581 636 542 237
11 9 5 1 100 0.75 4 651 914 669 328 580 645 552 236
11 9 5 1 100 0.75 4 652 920 667 309 580 658 565 233
11 9 5 1 100 0.75 4 653 923 666 297 578 669 577 230
11 9 5 1 100 0.75 4 654 929 659 300 570 686 595 227
11 9 5 1 100 0.75 4 655 935 660 304 574 696 605 236
11 9 5 1 100 0.75 4 656 939 653 294 567 714 623 223
11 9 5 1 100 0.75 4 657 942 646 295 559 731 641 213
11 9 5 1 100 0.75 4 658 942 646 284 556 742 652 212
11 9 5 1 100 0.75 4 659 943 643 283 556 756 666 205
11 9 5 1 100 0.75 4 660 944 631 270 547 778 689 186
11 9 5 1 100 0.75 4 661 946 630 255 547 790 701 185
11 9 5 1 100 0.75 4 662 947 626 255 544 805 716 177
11 9 5 1 100 0.75 4 663 948 629 268 544 813 724 176
11 9 5 1 100 0.75 4 664 950 629 251 546 823 735 170
11 9 5 1 100 0.75 4 665 952 627 234 543 836 748 166
11 9 5 1 100 0.75 4 666 954 625 236 540 848 761 161
11 9 5 1 100 0.75 4 667 957 623 246 538 860 774 158
11 9 5 1 100 0.75 4 668 958 627 247 541 866 781 156
11 9 5 1 100 0.75 4 669 960 625 218 540 879 794 154
11 9 5 1 100 0.75 4 670 961 621 221 537 891 809 146
11 9 5 1 100 0.75 4 671 962 627 239 545 894 814 149
11 9 5 1 100 0.75 4 672 962 626 220 544 906 826 140
11 9 5 1 100 0.75 4 673 964 626 223 542 917 837 140
11 9 5 1 100 0.75 4 674 964 626 230 541 928 848 138
11 9 5 1 100 0.75 4 675 964 626 223 546 938 859 131
11 9 5 1 100 0.75 4 676 964 629 216 546 946 867 134
11 9 5 1 100 0.75 4 677 965 629 216 545 956 878 133
11 9 5 1 100 0.75 4 678 965 636 213 553 960 882 139
11 9 5 1 100 0.75 4 679 965 638 209 553 968 891 138
11 9 5 1 100 0.75 4 680 965 641 212 557 976 899 133
11 9 5 1 100 0.75 4 681 965 647 219 564 981 904 139
11 9 5 1 100 0.75 4 682 966 648 213 567 989 914 136
11 9 5 1 100 0.75 4 683 967 653 221 570 995 920 136
11 9 5 1 100 0.75 4 684 967 656 214 572 1003 928 135
11 9 5 1 100 0.75 4 685 968 658 214 575 1010 937 135
11 9 5 1 100 0.75 4 686 970 663 211 579 1016 943 139
11 9 5 1 100 0.75 4 687 971 667 227 585 1022 950 143
11 9 5 1 100 0.75 4 688 971 669 217 587 1031 959 143
11 9 5 1 100 0.75 4 689 973 673 227 586 1038 966 146
11 9 5 1 100 0.75 4 690 973 677 209 595 1045 973 144
11 9 5 1 100 0.75 4 690 973 677 677 595 1186 973 144
11 9 5 1 100 0.75 4 720 973 677 677 595 98 973 144
11 9 5 1 100 0.75 5 721 0 11 11 0 98 0 0
11 9 5 1 100 0.75 5 722 0 22 22 0 98 0 0
11 9 5 1 100 0.75 5 723 0 33 33 0 98 0 0
11 9 5 1 100 0.75 5 724 0 44 44 0 98 0 0
11 9 5 1 100 0.75 5 725 0 55 54 0 98 0 0
11 9 5 1 100 0.75 5 726 0 66 66 0 98 0 0
11 9 5 1 100 0.75 5 727 0 77 76 0 98 0 0
11 9 5 1 100 0.75 5 728 1 88 86 0 98 0 0
11 9 5 1 100 0.75 5 729 2 99 95 1 98 0 0
11 9 5 1 100 0.75 5 730 4 110 104 2 98 0 0
11 9 5 1 100 0.75 5 731 8 121 111 4 98 0 0
11 9 5 1 100 0.75 5 732 14 132 118 8 98 0 0
11 9 5 1 100 0.75 5 733 19 143 123 14 98 0 0
11 9 5 1 100 0.75 5 734 20 154 132 19 98 0 0
11 9 5 1 100 0.75 5 735 28 165 133 20 98 0 0
11 9 5 1 100 0.75 5 736 32 176 145 28 98 0 1
11 9 5 1 100 0.75 5 737 32 187 155 32 98 0 3
11 9 5 1 100 0.75 5 738 35 198 168 32 98 0 6
11 9 5 1 100 0.75 5 739 39 209 177 35 98 0 8
11 9 5 1 100 0.75 5 740 44 220 183 39 98 0 13
11 9 5 1 100 0.75 5 741 49 231 197 44 98 0 15
11 9 5 1 100 0.75 5 742 51 242 209 49 98 0 18
11 9 5 1 100 0.75 5 743 55 253 219 51 98 0 24
11 9 5 1 100 0.75 5 744 60 264 231 55 98 0 26
11 9 5 1 100 0.75 5 745 63 275 235 60 98 0 27
11 9 5 1 100 0.75 5 746 68 286 248 63 98 0 27
11 9 5 1 100 0.75 5 747 75 297 260 68 98 0 34
11 9 5 1 100 0.75 5 748 78 308 269 75 98 0 35
11 9 5 1 100 0.75 5 749 87 319 274 78 98 0 37
11 9 5 1 100 0.75 5 750 89 330 284 87 98 0 39
11 9 5 1 100 0.75 5 751 94 341 297 89 98 0 43
11 9 5 1 100 0.75 5 752 99 352 304 94 98 0 46
11 9 5 1 100 0.75 5 753 108 363 311 99 98 0 48
11 9 5 1 100 0.75 5 754 109 372 322 106 100 2 52
11 9 5 1 100 0.75 5 755 113 379 330 103 104 6 53
11 9 5 1 100 0.75 5 756 116 388 343 105 106 8 57
11 9 5 1 100 0.75 5 757 121 395 352 104 110 12 58
11 9 5 1 100 0.75 5 758 133 400 346 103 116 18 55
11 9 5 1 100 0.75 5 759 140 410 353 114 117 19 57
11 9 5 1 100 0.75 5 760 147 420 361 120 118 20 61
11 9 5 1 100 0.75 5 761 153 430 368 126 119 21 64
11 9 5 1 100 0.75 5 762 161 437 370 128 123 25 60
11 9 5 1 100 0.75 5 763 166 444 375 132 127 29 60
11 9 5 1 100 0.75 5 764 172 453 385 136 129 31 60
11 9 5 1 100 0.75 5 765 178 463 395 141 130 32 64
11 9 5 1 100 0.75 5 766 190 472 400 145 132 34 71
11 9 5 1 100 0.75 5 767 197 479 402 153 136 38 71
11 9 5 1 100 0.75 5 768 207 487 410 158 139 41 70
11 9 5 1 100 0.75 5 769 212 494 415 164 143 45 74
11 9 5 1 100 0.75 5 770 222 498 418 163 150 52 73
11 9 5 1 100 0.75 5 771 230 507 420 171 152 54 75
11 9 5 1 100 0.75 5 772 238 511 415 172 159 61 70
11 9 5 1 100 0.75 5 773 249 521 433 179 160 62 74
11 9 5 1 100 0.75 5 774 260 528 432 186 164 66 79
11 9 5 1 100 0.75 5 775 270 534 436 193 169 71 81
11 9 5 1 100 0.75 5 776 276 540 439 198 173 76 83
11 9 5 1 100 0.75 5 777 288 548 447 201 176 79 86
11 9 5 1 100 0.75 5 778 301 556 444 211 179 82 94
11 9 5 1 100 0.75 5 779 310 566 451 223 180 83 98
11 9 5 1 100 0.75 5 780 329 571 445 227 186 89 100
11 9 5 1 100 0.75 5 781 339 580 456 244 188 91 107
11 9 5 1 100 0.75 5 782 349 591 464 256 188 91 118
11 9 5 1 100 0.75 5 783 359 597 465 261 193 96 118
11 9 5 1 100 0.75 5 784 373 601 465 266 200 103 117
11 9 5 1 100 0.75 5 785 386 602 463 272 210 113 121
11 9 5 1 100 0.75 5 786 398 610 470 283 213 116 123
11 9 5 1 100 0.75 5 787 409 617 475 292 217 120 133
11 9 5 1 100 0.75 5 788 421 622 476 299 223 126 138
11 9 5 1 100 0.75 5 789 440 627 474 308 229 132 139
11 9 5 1 100 0.75 5 790 456 635 476 324 232 135 143
11 9 5 1 100 0.75 5 791 466 637 478 331 241 144 145
11 9 5 1 100 0.75 5 792 479 644 471 338 245 148 156
11 9 5 1 100 0.75 5 793 488 645 482 342 255 158 155
11 9 5 1 100 0.75 5 794 501 653 479 350 257 161 164
11 9 5 1 100 0.75 5 795 515 659 486 361 262 166 165
11 9 5 1 100 0.75 5 796 532 656 475 363 276 180 168
11 9 5 1 100 0.75 5 797 549 664 479 381 279 183 179
11 9 5 1 100 0.75 5 798 567 664 471 389 290 194 177
11 9 5 1 100 0.75 5 799 577 667 468 402 298 202 178
11 9 5 1 100 0.75 5 800 594 670 468 405 306 210 181
11 9 5 1 100 0.75 5 801 605 675 454 419 312 216 185
11 9 5 1 100 0.75 5 802 619 678 453 428 320 224 186
11 9 5 1 100 0.75 5 803 637 680 455 436 329 233 190
11 9 5 1 100 0.75 5 804 651 683 455 449 337 241 194
11 9 5 1 100 0.75 5 805 668 676 446 450 355 259 197
11 9 5 1 100 0.75 5 806 684 677 431 464 365 269 199
11 9 5 1 100 0.75 5 807 698 678 430 476 375 279 199
11 9 5 1 100 0.75 5 808 716 684 421 488 380 284 207
11 9 5 1 100 0.75 5 809 733 688 438 501 387 291 213
11 9 5 1 100 0.75 5 810 744 690 438 512 394 300 221
11 9 5 1 100 0.75 5 811 758 679 418 504 416 322 215
11 9 5 1 100 0.75 5 812 776 677 411 510 429 335 219
11 9 5 1 100 0.75 5 813 792 683 414 529 434 340 236
11 9 5 1 100 0.75 5 814 806 681 396 536 447 353 235
11 9 5 1 100 0.75 5 815 821 685 414 549 454 360 243
11 9 5 1 100 0.75 5 816 831 684 382 560 465 372 247
11 9 5 1 100 0.75 5 817 839 682 384 564 478 385 245
11 9 5 1 100 0.75 5 818 851 679 386 564 492 399 247
11 9 5 1 100 0.75 5 819 861 684 389 572 498 405 259
11 9 5 1 100 0.75 5 820 866 683 382 578 510 417 266
11 9 5 1 100 0.75 5 821 873 677 380 572 527 434 262
11 9 5 1 100 0.75 5 822 880 677 357 578 538 445 262
11 9 5 1 100 0.75 5 823 887 671 337 575 555 462 266
11 9 5 1 100 0.75 5 824 889 675 344 583 562 469 269
11 9 5 1 100 0.75 5 825 892 674 351 583 574 481 266
11 9 5 1 100 0.75 5 826 894 671 334 578 587 495 262
11 9 5 1 100 0.75 5 827 899 662 346 569 607 515 253
11 9 5 1 100 0.75 5 828 901 660 329 571 620 528 251
11 9 5 1 100 0.75 5 829 903 657 325 570 634 542 250
11 9 5 1 100 0.75 5 830 908 653 308 567 647 557 245
11 9 5 1 100 0.75 5 831 910 646 299 561 664 575 238
11 9 5 1 100 0.75 5 832 914 645 308 558 676 587 238
11 9 5 1 100 0.75 5 833 916 637 288 555 693 606 227
11 9 5 1 100 0.75 5 834 916 636 281 556 705 618 224
11 9 5 1 100 0.75 5 835 917 634 272 550 718 631 223
11 9 5 1 100 0.75 5 836 918 630 277 546 733 646 217
11 9 5 1 100 0.75 5 837 921 626 268 540 748 661 217
11 9 5 1 100 0.75 5 838 924 612 243 529 773 686 200
11 9 5 1 100 0.75 5 839 924 604 248 518 792 705 188
11 9 5 1 100 0.75 5 840 924 608 260 523 799 712 194
11 9 5 1 100 0.75 5 841 926 604 244 518 811 727 187
11 9 5 1 100 0.75 5 842 929 599 220 514 827 743 176
11 9 5 1 100 0.75 5 843 930 597 221 512 839 756 171
11 9 5 1 100 0.75 5 844 930 596 228 515 850 768 169
11 9 5 1 100 0.75 5 845 931 594 212 511 863 781 165
11 9 5 1 100 0.75 5 846 936 597 210 512 871 789 163
11 9 5 1 100 0.75 5 847 938 600 216 518 879 797 162
11 9 5 1 100 0.75 5 848 939 601 212 520 889 807 163
11 9 5 1 100 0.75 5 849 941 597 212 516 904 822 160
11 9 5 1 100 0.75 5 850 946 594 199 511 918 836 156
11 9 5 1 100 0.75 5 851 947 599 209 519 924 842 156
11 9 5 1 100 0.75 5 852 947 600 212 517 934 852 153
11 9 5 1 100 0.75 5 853 949 603 205 521 942 860 153
11 9 5 1 100 0.75 5 854 950 601 210 518 955 873 152
11 9 5 1 100 0.75 5 855 951 599 196 519 968 886 147
11 9 5 1 100 0.75 5 856 952 602 191 520 975 894 147
11 9 5 1 100 0.75 5 857 952 610 199 529 977 897 152
11 9 5 1 100 0.75 5 858 952 616 204 532 981 902 155
11 9 5 1 100 0.75 5 859 952 613 189 530 994 916 147
11 9 5 1 100 0.75 5 860 954 617 194 534 1001 923 153
11 9 5 1 100 0.75 5 861 954 622 203 541 1007 929 151
11 9 5 1 100 0.75 5 862 954 625 215 541 1015 937 152
11 9 5 1 100 0.75 5 863 956 625 200 541 1026 948 148
11 9 5 1 100 0.75 5 864 956 630 193 550 1032 954 149
11 9 5 1 100 0.75 5 865 957 629 216 546 1044 966 147
11 9 5 1 100 0.75 5 866 957 628 196 546 1056 978 142
11 9 5 1 100 0.75 5 867 957 636 203 551 1059 981 148
11 9 5 1 100 0.75 5 868 958 638 191 556 1068 990 146
11 9 5 1 100 0.75 5 869 959 634 193 549 1082 1005 138
11 9 5 1 100 0.75 5 870 959 635 201 551 1092 1015 137
11 9 5 1 100 0.75 5 870 959 635 635 551 1227 1015 137
11 9 5 1 100 0.75 5 900 959 635 635 551 98 1015 137
11 9 5 1 100 0.75 6 901 0 11 11 0 98 0 0
11 9 5 1 100 0.75 6 902 0 22 22 0 98 0 0
11 9 5 1 100 0.75 6 903 0 33 33 0 98 0 0
11 9 5 1 100 0.75 6 904 0 44 44 0 98 0 0
11 9 5 1 100 0.75 6 905 0 55 54 0 98 0 0
11 9 5 1 100 0.75 6 906 0 66 65 0 98 0 0
11 9 5 1 100 0.75 6 907 0 77 77 0 98 0 0
11 9 5 1 100 0.75 6 908 1 88 87 0 98 0 0
11 9 5 1 100 0.75 6 909 3 99 95 1 98 0 0
11 9 5 1 100 0.75 6 910 6 110 102 3 98 0 0
11 9 5 1 100 0.75 6 911 11 121 109 6 98 0 0
11 9 5 1 100 0.75 6 912 12 132 117 11 98 0 0
11 9 5 1 100 0.75 6 913 13 143 127 12 98 0 0
11 9 5 1 100 0.75 6 914 16 154 137 13 98 0 0
11 9 5 1 100 0.75 6 915 19 165 145 16 98 0 0
11 9 5 1 100 0.75 6 916 25 176 150 19 98 0 1
11 9 5 1 100 0.75 6 917 27 187 163 25 98 0 5
11 9 5 1 100 0.75 6 918 33 198 166 27 98 0 7
11 9 5 1 100 0.75 6 919 38 209 180 33 98 0 9
11 9 5 1 100 0.75 6 920 40 220 188 38 98 0 9
11 9 5 1 100 0.75 6 921 50 231 195 40 98 0 10
11 9 5 1 100 0.75 6 922 54 242 201 50 98 0 12
11 9 5 1 100 0.75 6 923 58 253 215 54 98 0 14
11 9 5 1 100 0.75 6 924 62 264 222 58 98 0 16
11 9 5 1 100 0.75 6 925 68 275 236 62 98 0 21
11 9 5 1 100 0.75 6 926 71 286 247 68 97 0 25
11 9 5 1 100 0.75 6 927 75 297 253 71 97 0 28
11 9 5 1 100 0.75 6 928 78 308 265 75 97 0 30
11 9 5 1 100 0.75 6 929 87 319 280 78 97 0 40
11 9 5 1 100 0.75 6 930 90 330 290 87 97 0 41
11 9 5 1 100 0.75 6 931 96 341 298 90 97 0 43
11 9 5 1 100 0.75 6 932 101 352 304 96 97 0 46
11 9 5 1 100 0.75 6 933 108 362 314 100 98 1 49
11 9 5 1 100 0.75 6 934 113 371 321 105 100 3 49
11 9 5 1 100 0.75 6 935 118 379 325 107 103 6 50
11 9 5 1 100 0.75 6 936 123 390 339 112 103 6 53
11 9 5 1 100 0.75 6 937 135 399 341 115 105 8 59
11 9 5 1 100 0.75 6 938 143 409 351 126 106 9 59
11 9 5 1 100 0.75 6 939 147 417 359 131 109 12 61
11 9 5 1 100 0.75 6 940 156 425 362 132 112 15 63
11 9 5 1 100 0.75 6 941 163 434 368 139 114 17 63
11 9 5 1 100 0.75 6 942 170 443 372 144 116 19 68
11 9 5 1 100 0.75 6 943 177 452 386 149 118 21 69
11 9 5 1 100 0.75 6 944 186 456 379 149 125 28 66
11 9 5 1 100 0.75 6 945 197 465 388 156 127 30 70
11 9 5 1 100 0.75 6 946 206 471 393 162 132 35 71
11 9 5 1 100 0.75 6 947 212 481 401 170 133 36 73
11 9 5 1 100 0.75 6 948 227 486 395 170 139 42 72
11 9 5 1 100 0.75 6 949 241 495 399 183 141 44 77
11 9 5 1 100 0.75 6 950 248 505 407 197 142 45 81
11 9 5 1 100 0.75 6 951 260 508 405 196 150 53 79
11 9 5 1 100 0.75 6 952 269 517 418 206 152 55 83
11 9 5 1 100 0.75 6 953 278 523 422 210 157 60 88
11 9 5 1 100 0.75 6 954 286 533 424 219 158 61 90
11 9 5 1 100 0.75 6 955 297 538 422 221 164 67 94
11 9 5 1 100 0.75 6 956 311 545 437 228 168 71 104
11 9 5 1 100 0.75 6 957 329 552 432 238 172 75 106
11 9 5 1 100 0.75 6 958 340 558 443 251 177 80 105
11 9 5 1 100 0.75 6 959 357 560 429 253 186 89 105
11 9 5 1 100 0.75 6 960 368 566 442 265 191 94 111
11 9 5 1 100 0.75 6 961 379 573 436 272 195 98 111
11 9 5 1 100 0.75 6 962 387 583 451 283 195 99 119
11 9 5 1 100 0.75 6 963 404 590 446 288 199 103 126
11 9 5 1 100 0.75 6 964 413 597 455 303 203 107 130
11 9 5 1 100 0.75 6 965 428 603 460 308 208 112 141
11 9 5 1 100 0.75 6 966 441 610 457 320 212 116 146
11 9 5 1 100 0.75 6 967 453 618 467 334 215 119 155
11 9 5 1 100 0.75 6 968 471 618 452 335 226 130 152
11 9 5 1 100 0.75 6 969 482 619 457 346 236 140 153
11 9 5 1 100 0.75 6 970 500 624 459 353 242 146 163
11 9 5 1 100 0.75 6 971 514 629 456 367 248 152 165
11 9 5 1 100 0.75 6 972 530 630 451 373 258 162 163
11 9 5 1 100 0.75 6 973 543 639 464 388 260 164 175
11 9 5 1 100 0.75 6 974 563 642 453 395 268 172 180
11 9 5 1 100 0.75 6 975 574 643 451 407 278 182 182
11 9 5 1 100 0.75 6 976 589 647 452 413 285 189 195
11 9 5 1 100 0.75 6 977 602 651 459 424 292 196 199
11 9 5 1 100 0.75 6 978 617 658 452 437 295 200 207
11 9 5 1 100 0.75 6 979 631 658 451 443 306 211 209
11 9 5 1 100 0.75 6 980 648 661 447 459 314 219 210
11 9 5 1 100 0.75 6 981 659 659 436 464 327 232 213
11 9 5 1 100 0.75 6 982 674 653 416 461 344 249 211
11 9 5 1 100 0.75 6 983 686 654 422 467 354 259 212
11 9 5 1 100 0.75 6 984 699 657 415 474 362 267 214
11 9 5 1 100 0.75 6 985 716 656 411 479 372 279 212
11 9 5 1 100 0.75 6 986 725 656 411 489 383 290 219
11 9 5 1 100 0.75 6 987 743 654 409 488 396 303 221
11 9 5 1 100 0.75 6 988 757 653 405 499 407 315 220
11 9 5 1 100 0.75 6 989 767 652 397 506 419 327 223
11 9 5 1 100 0.75 6 990 777 655 396 511 427 335 225
11 9 5 1 100 0.75 6 991 788 653 389 511 440 348 222
11 9 5 1 100 0.75 6 992 802 647 384 507 457 365 215
11 9 5 1 100 0.75 6 993 816 646 367 512 469 377 215
11 9 5 1 100 0.75 6 994 824 641 361 519 485 393 209
11 9 5 1 100 0.75 6 995 835 645 362 525 492 400 225
11 9 5 1 100 0.75 6 996 845 640 350 523 507 416 221
11 9 5 1 100 0.75 6 997 852 638 326 529 520 429 218
11 9 5 1 100 0.75 6 998 856 640 322 536 528 438 214
11 9 5 1 100 0.75 6 999 861 638 330 535 541 451 215
11 9 5 1 100 0.75 6 1000 871 642 336 539 548 458 224
11 9 5 1 100 0.75 6 1001 876 638 339 540 563 473 223
11 9 5 1 100 0.75 6 1002 885 636 317 543 575 486 221
11 9 5 1 100 0.75 6 1003 886 633 326 541 589 500 219
11 9 5 1 100 0.75 6 1004 890 633 317 542 600 511 221
11 9 5 1 100 0.75 6 1005 895 628 291 540 616 527 217
11 9 5 1 100 0.75 6 1006 896 625 303 537 630 541 211
11 9 5 1 100 0.75 6 1007 900 621 296 532 645 556 211
11 9 5 1 100 0.75 6 1008 903 622 297 537 655 566 209
11 9 5 1 100 0.75 6 1009 904 626 296 544 661 573 214
11 9 5 1 100 0.75 6 1010 906 624 286 542 674 586 210
11 9 5 1 100 0.75 6 1011 907 625 288 539 683 596 210
11 9 5 1 100 0.75 6 1012 907 626 281 539 691 606 207
11 9 5 1 100 0.75 6 1013 910 621 277 536 706 622 202
11 9 5 1 100 0.75 6 1014 911 613 262 530 725 641 190
11 9 5 1 100 0.75 6 1015 914 611 263 527 738 654 188
11 9 5 1 100 0.75 6 1016 918 613 261 528 745 663 186
11 9 5 1 100 0.75 6 1017 921 611 264 531 758 676 182
11 9 5 1 100 0.75 6 1018 922 615 254 533 765 683 178
11 9 5 1 100 0.75 6 1019 924 610 242 529 780 699 172
11 9 5 1 100 0.75 6 1020 928 606 228 523 795 714 166
11 9 5 1 100 0.75 6 1021 930 606 249 525 806 725 166
11 9 5 1 100 0.75 6 1022 934 607 228 520 815 735 166
11 9 5 1 100 0.75 6 1023 934 606 214 522 827 747 166
11 9 5 1 100 0.75 6 1024 935 604 217 520 840 760 160
11 9 5 1 100 0.75 6 1025 935 606 221 524 848 769 160
11 9 5 1 100 0.75 6 1026 937 605 233 522 860 781 158
11 9 5 1 100 0.75 6 1027 937 606 224 523 869 791 156
11 9 5 1 100 0.75 6 1028 938 608 251 524 878 800 152
11 9 5 1 100 0.75 6 1029 942 605 199 518 891 814 147
11 9 5 1 100 0.75 6 1030 943 608 202 523 899 822 152
11 9 5 1 100 0.75 6 1031 946 612 196 530 906 829 156
11 9 5 1 100 0.75 6 1032 948 616 221 534 913 836 157
11 9 5 1 100 0.75 6 1033 949 619 215 536 921 844 155
11 9 5 1 100 0.75 6 1034 949 622 204 540 928 852 154
11 9 5 1 100 0.75 6 1035 949 627 215 545 934 858 161
11 9 5 1 100 0.75 6 1036 949 628 202 547 944 868 154
11 9 5 1 100 0.75 6 1037 950 631 210 548 952 876 162
11 9 5 1 100 0.75 6 1038 951 634 196 550 959 884 162
11 9 5 1 100 0.75 6 1039 953 636 199 552 968 893 163
11 9 5 1 100 0.75 6 1040 954 635 212 549 980 905 159
11 9 5 1 100 0.75 6 1041 954 633 196 549 993 918 155
11 9 5 1 100 0.75 6 1042 955 633 198 548 1003 929 157
11 9 5 1 100 0.75 6 1043 955 637 201 556 1010 936 156
11 9 5 1 100 0.75 6 1044 956 641 208 558 1016 943 158
11 9 5 1 100 0.75 6 1045 956 641 192 563 1027 954 152
11 9 5 1 100 0.75 6 1046 956 641 205 561 1037 965 150
11 9 5 1 100 0.75 6 1047 956 645 194 564 1044 972 149
11 9 5 1 100 0.75 6 1048 958 650 211 568 1050 978 154
11 9 5 1 100 0.75 6 1049 959 653 207 573 1058 986 153
11 9 5 1 100 0.75 6 1050 959 653 184 572 1069 997 152
11 9 5 1 100 0.75 6 1050 959 653 653 572 1215 997 152
11 9 5 1 100 0.75 6 1080 959 653 653 572 98 997 152
11 9 5 1 100 0.75 7 1081 0 11 11 0 98 0 0
11 9 5 1 100 0.75 7 1082 0 22 22 0 98 0 0
11 9 5 1 100 0.75 7 1083 0 33 33 0 98 0 0
11 9 5 1 100 0.75 7 1084 0 44 44 0 98 0 0
11 9 5 1 100 0.75 7 1085 0 55 55 0 98 0 0
11 9 5 1 100 0.75 7 1086 0 66 66 0 98 0 0
11 9 5 1 100 0.75 7 1087 0 77 77 0 98 0 0
11 9 5 1 100 0.75 7 1088 1 88 87 0 98 0 0
11 9 5 1 100 0.75 7 1089 2 99 96 1 98 0 0
11 9 5 1 100 0.75 7 1090 4 110 105 2 98 0 0
11 9 5 1 100 0.75 7 1091 7 121 112 4 98 0 0
11 9 5 1 100 0.75 7 1092 10 132 120 7 98 0 0
11 9 5 1 100 0.75 7 1093 13 143 126 10 98 0 0
11 9 5 1 100 0.75 7 1094 16 154 135 13 98 0 0
11 9 5 1 100 0.75 7 1095 19 165 142 16 98 0 0
11 9 5 1 100 0.75 7 1096 24 176 151 19 98 0 1
11 9 5 1 100 0.75 7 1097 29 187 159 24 98 0 2
11 9 5 1 100 0.75 7 1098 30 198 169 29 98 0 3
11 9 5 1 100 0.75 7 1099 36 209 181 30 98 0 7
11 9 5 1 100 0.75 7 1100 38 220 191 36 98 0 9
11 9 5 1 100 0.75 7 1101 42 231 199 38 98 0 10
11 9 5 1 100 0.75 7 1102 48 242 208 42 98 0 14
11 9 5 1 100 0.75 7 1103 52 253 222 48 98 0 15
11 9 5 1 100 0.75 7 1104 53 264 232 52 98 0 19
11 9 5 1 100 0.75 7 1105 56 275 247 53 98 0 20
11 9 5 1 100 0.75 7 1106 60 286 252 56 98 0 22
11 9 5 1 100 0.75 7 1107 70 297 259 60 98 0 29
11 9 5 1 100 0.75 7 1108 74 308 265 70 98 0 30
11 9 5 1 100 0.75 7 1109 77 319 280 74 98 0 34
11 9 5 1 100 0.75 7 1110 77 330 294 77 98 0 38
11 9 5 1 100 0.75 7 1111 84 341 301 77 97 0 41
11 9 5 1 100 0.75 7 1112 87 352 307 84 97 0 43
11 9 5 1 100 0.75 7 1113 92 363 318 87 97 0 46
11 9 5 1 100 0.75 7 1114 100 374 331 92 97 0 52
11 9 5 1 100 0.75 7 1115 107 384 339 99 98 1 54
11 9 5 1 100 0.75 7 1116 116 392 344 103 101 4 53
11 9 5 1 100 0.75 7 1117 121 400 351 109 104 7 51
11 9 5 1 100 0.75 7 1118 127 406 352 109 109 12 48
11 9 5 1 100 0.75 7 1119 133 415 352 113 111 14 51
11 9 5 1 100 0.75 7 1120 140 424 360 117 113 16 53
11 9 5 1 100 0.75 7 1121 144 433 368 122 115 18 53
11 9 5 1 100 0.75 7 1122 155 440 375 122 119 22 56
11 9 5 1 100 0.75 7 1123 167 448 380 130 122 25 58
11 9 5 1 100 0.75 7 1124 170 458 387 141 123 26 61
11 9 5 1 100 0.75 7 1125 177 467 396 142 125 28 65
11 9 5 1 100 0.75 7 1126 184 476 404 147 127 30 66
11 9 5 1 100 0.75 7 1127 192 486 415 154 128 31 72
11 9 5 1 100 0.75 7 1128 202 493 409 158 132 35 70
11 9 5 1 100 0.75 7 1129 214 498 416 162 138 41 71
11 9 5 1 100 0.75 7 1130 228 504 414 169 143 46 71
11 9 5 1 100 0.75 7 1131 239 512 421 180 146 49 74
11 9 5 1 100 0.75 7 1132 244 520 427 188 149 52 76
11 9 5 1 100 0.75 7 1133 257 528 433 190 152 55 80
11 9 5 1 100 0.75 7 1134 268 532 431 196 159 62 80
11 9 5 1 100 0.75 7 1135 272 539 440 203 163 66 82
11 9 5 1 100 0.75 7 1136 284 549 442 208 164 67 90
11 9 5 1 100 0.75 7 1137 299 557 447 219 167 70 94
11 9 5 1 100 0.75 7 1138 308 564 455 230 171 74 99
11 9 5 1 100 0.75 7 1139 318 572 457 238 174 77 101
11 9 5 1 100 0.75 7 1140 325 582 467 247 175 78 107
11 9 5 1 100 0.75 7 1141 347 585 459 247 182 86 109
11 9 5 1 100 0.75 7 1142 353 590 469 263 188 92 108
11 9 5 1 100 0.75 7 1143 365 596 462 265 193 97 108
11 9 5 1 100 0.75 7 1144 379 604 475 275 196 100 121
11 9 5 1 100 0.75 7 1145 391 610 475 286 201 105 122
11 9 5 1 100 0.75 7 1146 402 613 476 291 209 113 123
11 9 5 1 100 0.75 7 1147 413 623 472 303 210 114 126
11 9 5 1 100 0.75 7 1148 432 627 478 309 217 121 132
11 9 5 1 100 0.75 7 1149 446 634 480 325 221 125 140
11 9 5 1 100 0.75 7 1150 456 640 482 334 226 130 143
11 9 5 1 100 0.75 7 1151 468 642 487 337 234 139 144
11 9 5 1 100 0.75 7 1152 482 645 489 341 241 147 144
11 9 5 1 100 0.75 7 1153 496 646 484 347 251 157 149
11 9 5 1 100 0.75 7 1154 506 651 483 360 257 163 153
11 9 5 1 100 0.75 7 1155 517 656 476 366 263 169 158
11 9 5 1 100 0.75 7 1156 528 658 473 371 272 178 162
11 9 5 1 100 0.75 7 1157 547 664 476 381 277 183 168
11 9 5 1 100 0.75 7 1158 559 664 472 391 287 194 166
11 9 5 1 100 0.75 7 1159 578 667 465 398 295 202 170
11 9 5 1 100 0.75 7 1160 584 673 468 414 300 207 174
11 9 5 1 100 0.75 7 1161 599 677 470 415 307 214 181
11 9 5 1 100 0.75 7 1162 618 679 463 422 316 223 183
11 9 5 1 100 0.75 7 1163 639 686 471 439 320 227 189
11 9 5 1 100 0.75 7 1164 652 682 466 448 334 242 190
11 9 5 1 100 0.75 7 1165 668 687 462 461 340 248 195
11 9 5 1 100 0.75 7 1166 677 690 452 473 348 256 198
11 9 5 1 100 0.75 7 1167 688 693 465 481 356 264 204
11 9 5 1 100 0.75 7 1168 701 693 458 485 367 275 199
11 9 5 1 100 0.75 7 1169 717 688 446 487 382 291 200
11 9 5 1 100 0.75 7 1170 737 685 428 494 396 305 199
11 9 5 1 100 0.75 7 1171 751 689 429 511 403 312 209
11 9 5 1 100 0.75 7 1172 762 690 426 524 413 322 215
11 9 5 1 100 0.75 7 1173 776 689 423 529 425 334 216
11 9 5 1 100 0.75 7 1174 787 685 406 531 440 349 214
11 9 5 1 100 0.75 7 1175 798 687 394 538 449 358 218
11 9 5 1 100 0.75 7 1176 811 691 400 548 456 365 225
11 9 5 1 100 0.75 7 1177 824 688 391 553 470 379 229
11 9 5 1 100 0.75 7 1178 836 690 400 563 478 388 240
11 9 5 1 100 0.75 7 1179 845 690 387 570 488 399 244
11 9 5 1 100 0.75 7 1180 852 686 376 570 503 414 238
11 9 5 1 100 0.75 7 1181 860 686 382 574 514 425 239
11 9 5 1 100 0.75 7 1182 866 687 386 578 524 435 243
11 9 5 1 100 0.75 7 1183 873 689 373 582 533 444 241
11 9 5 1 100 0.75 7 1184 877 686 374 586 546 458 241
11 9 5 1 100 0.75 7 1185 886 683 366 580 560 472 240
11 9 5 1 100 0.75 7 1186 896 674 353 575 580 492 234
11 9 5 1 100 0.75 7 1187 900 671 329 575 594 506 235
11 9 5 1 100 0.75 7 1188 908 673 337 580 603 515 239
11 9 5 1 100 0.75 7 1189 912 668 319 577 619 531 233
11 9 5 1 100 0.75 7 1190 915 668 317 578 630 542 232
11 9 5 1 100 0.75 7 1191 916 665 298 575 644 556 226
11 9 5 1 100 0.75 7 1192 919 662 306 570 658 570 222
11 9 5 1 100 0.75 7 1193 922 661 293 574 670 582 219
11 9 5 1 100 0.75 7 1194 928 648 300 558 694 606 207
11 9 5 1 100 0.75 7 1195 930 644 274 556 707 621 200
11 9 5 1 100 0.75 7 1196 935 648 286 558 714 628 200
11 9 5 1 100 0.75 7 1197 939 643 272 561 730 644 194
11 9 5 1 100 0.75 7 1198 945 643 271 558 741 655 193
11 9 5 1 100 0.75 7 1199 948 640 266 554 755 669 185
11 9 5 1 100 0.75 7 1200 949 638 275 554 767 682 183
11 9 5 1 100 0.75 7 1201 954 641 262 558 775 690 184
11 9 5 1 100 0.75 7 1202 954 633 254 551 793 709 170
11 9 5 1 100 0.75 7 1203 955 638 251 554 798 715 176
11 9 5 1 100 0.75 7 1204 955 636 248 548 810 728 171
11 9 5 1 100 0.75 7 1205 957 628 244 541 829 747 159
11 9 5 1 100 0.75 7 1206 958 626 247 545 842 760 154
11 9 5 1 100 0.75 7 1207 960 628 225 544 851 769 154
11 9 5 1 100 0.75 7 1208 961 626 233 541 864 782 148
11 9 5 1 100 0.75 7 1209 961 627 247 542 873 792 145
11 9 5 1 100 0.75 7 1210 961 631 224 547 880 799 143
11 9 5 1 100 0.75 7 1211 962 630 236 547 892 811 139
11 9 5 1 100 0.75 7 1212 962 634 228 550 899 818 145
11 9 5 1 100 0.75 7 1213 963 639 231 553 905 824 143
11 9 5 1 100 0.75 7 1214 964 642 219 557 913 832 144
11 9 5 1 100 0.75 7 1215 965 645 244 560 921 840 141
11 9 5 1 100 0.75 7 1216 967 645 230 563 932 851 143
11 9 5 1 100 0.75 7 1217 967 644 240 561 944 863 143
11 9 5 1 100 0.75 7 1218 968 648 226 562 951 870 141
11 9 5 1 100 0.75 7 1219 969 652 208 567 958 877 139
11 9 5 1 100 0.75 7 1220 969 656 216 574 964 884 142
11 9 5 1 100 0.75 7 1221 970 657 218 573 973 894 138
11 9 5 1 100 0.75 7 1222 971 661 219 578 979 901 146
11 9 5 1 100 0.75 7 1223 972 666 213 582 985 907 147
11 9 5 1 100 0.75 7 1224 974 667 206 583 995 917 144
11 9 5 1 100 0.75 7 1225 975 670 210 586 1003 925 145
11 9 5 1 100 0.75 7 1226 975 675 212 592 1009 931 149
11 9 5 1 100 0.75 7 1227 976 679 213 597 1016 938 148
11 9 5 1 100 0.75 7 1228 976 678 221 593 1028 950 143
11 9 5 1 100 0.75 7 1229 977 680 200 596 1037 959 142
11 9 5 1 100 0.75 7 1230 977 689 215 606 1039 961 148
11 9 5 1 100 0.75 7 1230 977 689 689 606 1186 961 148
11 9 5 1 100 0.75 7 1260 977 689 689 606 98 961 148
11 9 5 1 100 0.75 8 1261 0 11 11 0 98 0 0
11 9 5 1 100 0.75 8 1262 0 22 22 0 98 0 0
11 9 5 1 100 0.75 8 1263 0 33 33 0 98 0 0
11 9 5 1 100 0.75 8 1264 0 44 44 0 98 0 0
11 9 5 1 100 0.75 8 1265 0 55 55 0 98 0 0
11 9 5 1 100 0.75 8 1266 0 66 66 0 98 0 0
11 9 5 1 100 0.75 8 1267 0 77 76 0 98 0 0
11 9 5 1 100 0.75 8 1268 1 88 87 0 98 0 0
11 9 5 1 100 0.75 8 1269 5 99 94 1 98 0 0
11 9 5 1 100 0.75 8 1270 5 110 104 5 98 0 0
11 9 5 1 100 0.75 8 1271 7 121 113 5 98 0 0
11 9 5 1 100 0.75 8 1272 11 132 119 7 98 0 0
11 9 5 1 100 0.75 8 1273 13 143 129 11 98 0 0
11 9 5 1 100 0.75 8 1274 16 154 135 13 98 0 0
11 9 5 1 100 0.75 8 1275 19 165 146 16 98 0 0
11 9 5 1 100 0.75 8 1276 20 176 157 19 98 0 4
11 9 5 1 100 0.75 8 1277 22 187 164 20 98 0 5
11 9 5 1 100 0.75 8 1278 25 198 175 22 98 0 6
11 9 5 1 100 0.75 8 1279 29 209 183 25 98 0 7
11 9 5 1 100 0.75 8 1280 35 220 191 29 98 0 8
11 9 5 1 100 0.75 8 1281 41 231 195 35 98 0 10
11 9 5 1 100 0.75 8 1282 45 242 209 41 98 0 12
11 9 5 1 100 0.75 8 1283 50 253 213 45 98 0 13
11 9 5 1 100 0.75 8 1284 53 264 224 50 98 0 14
11 9 5 1 100 0.75 8 1285 57 275 233 53 98 0 16
11 9 5 1 100 0.75 8 1286 63 286 243 57 98 0 19
11 9 5 1 100 0.75 8 1287 70 297 253 63 98 0 21
11 9 5 1 100 0.75 8 1288 78 308 265 70 98 0 27
11 9 5 1 100 0.75 8 1289 81 319 271 78 98 0 29
11 9 5 1 100 0.75 8 1290 86 330 284 81 98 0 35
11 9 5 1 100 0.75 8 1291 89 340 292 85 99 1 36
11 9 5 1 100 0.75 8 1292 94 351 303 88 99 1 39
11 9 5 1 100 0.75 8 1293 99 362 311 93 99 1 43
11 9 5 1 100 0.75 8 1294 105 372 322 97 100 2 49
11 9 5 1 100 0.75 8 1295 110 382 335 102 101 3 53
11 9 5 1 100 0.75 8 1296 117 391 340 105 103 5 55
11 9 5 1 100 0.75 8 1297 125 402 346 112 103 5 57
11 9 5 1 100 0.75 8 1298 132 411 357 118 105 7 56
11 9 5 1 100 0.75 8 1299 136 421 365 124 106 8 59
11 9 5 1 100 0.75 8 1300 146 429 363 125 109 11 61
11 9 5 1 100 0.75 8 1301 153 436 372 131 113 15 59
11 9 5 1 100 0.75 8 1302 158 447 378 138 113 15 64
11 9 5 1 100 0.75 8 1303 166 457 388 142 114 16 65
11 9 5 1 100 0.75 8 1304 178 464 389 146 118 20 70
11 9 5 1 100 0.75 8 1305 187 468 394 151 125 27 71
11 9 5 1 100 0.75 8 1306 196 476 397 157 128 30 70
11 9 5 1 100 0.75 8 1307 208 481 392 160 134 36 67
11 9 5 1 100 0.75 8 1308 217 492 405 172 134 36 75
11 9 5 1 100 0.75 8 1309 222 500 412 178 137 39 77
11 9 5 1 100 0.75 8 1310 229 508 417 180 140 42 81
11 9 5 1 100 0.75 8 1311 240 515 424 183 144 46 87
11 9 5 1 100 0.75 8 1312 249 517 419 185 153 55 82
11 9 5 1 100 0.75 8 1313 260 525 430 191 156 58 87
11 9 5 1 100 0.75 8 1314 271 532 435 198 160 62 92
11 9 5 1 100 0.75 8 1315 279 541 436 210 162 64 98
11 9 5 1 100 0.75 8 1316 290 549 442 216 165 67 101
11 9 5 1 100 0.75 8 1317 301 556 449 223 169 71 103
11 9 5 1 100 0.75 8 1318 312 563 451 230 173 75 107
11 9 5 1 100 0.75 8 1319 318 571 458 238 176 78 110
11 9 5 1 100 0.75 8 1320 328 580 467 242 178 80 117
11 9 5 1 100 0.75 8 1321 341 588 470 252 181 83 124
11 9 5 1 100 0.75 8 1322 352 595 477 261 185 87 129
11 9 5 1 100 0.75 8 1323 366 598 471 266 193 95 130
11 9 5 1 100 0.75 8 1324 379 600 459 271 202 104 128
11 9 5 1 100 0.75 8 1325 397 606 465 280 207 109 131
11 9 5 1 100 0.75 8 1326 414 609 453 291 215 117 131
11 9 5 1 100 0.75 8 1327 426 614 468 304 221 123 132
11 9 5 1 100 0.75 8 1328 433 619 465 311 227 129 135
11 9 5 1 100 0.75 8 1329 448 628 469 316 229 131 146
11 9 5 1 100 0.75 8 1330 462 628 463 323 240 142 142
11 9 5 1 100 0.75 8 1331 481 635 465 333 244 146 148
11 9 5 1 100 0.75 8 1332 498 639 466 347 251 153 158
11 9 5 1 100 0.75 8 1333 513 639 459 355 261 164 158
11 9 5 1 100 0.75 8 1334 529 644 457 368 267 170 166
11 9 5 1 100 0.75 8 1335 543 644 450 378 278 181 167
11 9 5 1 100 0.75 8 1336 556 649 456 386 284 187 167
11 9 5 1 100 0.75 8 1337 574 653 443 398 291 194 174
11 9 5 1 100 0.75 8 1338 594 652 453 408 303 206 175
11 9 5 1 100 0.75 8 1339 609 659 450 425 307 210 187
11 9 5 1 100 0.75 8 1340 622 662 444 438 315 218 193
11 9 5 1 100 0.75 8 1341 631 664 449 444 324 227 197
11 9 5 1 100 0.75 8 1342 649 663 438 449 336 239 199
11 9 5 1 100 0.75 8 1343 663 667 431 463 343 246 202
11 9 5 1 100 0.75 8 1344 675 673 437 477 348 251 213
11 9 5 1 100 0.75 8 1345 689 676 439 485 356 259 218
11 9 5 1 100 0.75 8 1346 705 679 449 497 364 267 228
11 9 5 1 100 0.75 8 1347 718 680 436 504 374 277 233
11 9 5 1 100 0.75 8 1348 734 683 445 512 382 285 237
11 9 5 1 100 0.75 8 1349 750 682 430 519 394 297 240
11 9 5 1 100 0.75 8 1350 762 680 413 527 407 310 243
11 9 5 1 100 0.75 8 1351 774 683 414 532 415 318 249
11 9 5 1 100 0.75 8 1352 778 675 405 533 434 337 241
11 9 5 1 100 0.75 8 1353 793 672 403 529 448 351 240
11 9 5 1 100 0.75 8 1354 805 665 377 530 466 369 230
11 9 5 1 100 0.75 8 1355 822 664 370 536 478 381 233
11 9 5 1 100 0.75 8 1356 831 663 357 548 488 393 237
11 9 5 1 100 0.75 8 1357 838 660 361 548 501 407 239
11 9 5 1 100 0.75 8 1358 845 657 349 545 513 421 235
11 9 5 1 100 0.75 8 1359 852 657 359 553 524 432 237
11 9 5 1 100 0.75 8 1360 861 650 334 550 542 450 231
11 9 5 1 100 0.75 8 1361 864 651 337 557 552 460 231
11 9 5 1 100 0.75 8 1362 869 652 339 558 562 470 236
11 9 5 1 100 0.75 8 1363 879 648 323 556 577 485 239
11 9 5 1 100 0.75 8 1364 882 638 320 551 598 506 227
11 9 5 1 100 0.75 8 1365 888 635 319 548 612 520 224
11 9 5 1 100 0.75 8 1366 892 628 315 542 630 538 219
11 9 5 1 100 0.75 8 1367 894 627 293 540 642 550 218
11 9 5 1 100 0.75 8 1368 897 626 303 543 653 562 217
11 9 5 1 100 0.75 8 1369 900 626 293 540 664 573 214
11 9 5 1 100 0.75 8 1370 903 626 296 540 675 584 210
11 9 5 1 100 0.75 8 1371 907 623 303 539 689 598 205
11 9 5 1 100 0.75 8 1372 909 622 296 537 701 610 202
11 9 5 1 100 0.75 8 1373 913 618 271 533 716 625 197
11 9 5 1 100 0.75 8 1374 915 613 258 530 732 641 190
11 9 5 1 100 0.75 8 1375 917 616 270 531 740 649 192
11 9 5 1 100 0.75 8 1376 920 613 252 530 753 663 187
11 9 5 1 100 0.75 8 1377 923 612 257 527 765 675 187
11 9 5 1 100 0.75 8 1378 924 610 232 525 778 688 184
11 9 5 1 100 0.75 8 1379 928 605 238 518 793 704 177
11 9 5 1 100 0.75 8 1380 930 601 231 515 808 719 169
11 9 5 1 100 0.75 8 1381 934 598 240 515 822 733 164
11 9 5 1 100 0.75 8 1382 935 602 219 519 829 740 168
11 9 5 1 100 0.75 8 1383 936 601 224 519 841 752 167
11 9 5 1 100 0.75 8 1384 937 603 216 518 850 761 164
11 9 5 1 100 0.75 8 1385 938 609 235 523 855 766 165
11 9 5 1 100 0.75 8 1386 938 610 229 525 865 776 162
11 9 5 1 100 0.75 8 1387 940 608 220 520 878 789 160
11 9 5 1 100 0.75 8 1388 941 610 219 526 887 798 160
11 9 5 1 100 0.75 8 1389 943 612 224 529 896 807 162
11 9 5 1 100 0.75 8 1390 945 613 225 528 905 817 156
11 9 5 1 100 0.75 8 1391 945 617 220 535 912 824 157
11 9 5 1 100 0.75 8 1392 946 616 225 532 924 836 155
11 9 5 1 100 0.75 8 1393 947 619 219 535 932 844 155
11 9 5 1 100 0.75 8 1394 948 616 209 534 946 858 148
11 9 5 1 100 0.75 8 1395 949 617 217 534 955 868 148
11 9 5 1 100 0.75 8 1396 951 615 204 530 967 881 139
11 9 5 1 100 0.75 8 1397 952 616 209 528 977 891 143
11 9 5 1 100 0.75 8 1398 954 624 213 537 979 894 145
11 9 5 1 100 0.75 8 1399 954 627 216 543 987 902 145
11 9 5 1 100 0.75 8 1400 954 623 206 541 1002 917 140
11 9 5 1 100 0.75 8 1401 956 627 219 541 1008 924 142
11 9 5 1 100 0.75 8 1402 957 632 198 549 1014 930 143
11 9 5 1 100 0.75 8 1403 960 634 209 546 1023 939 143
11 9 5 1 100 0.75 8 1404 962 636 222 552 1032 948 142
11 9 5 1 100 0.75 8 1405 962 641 203 555 1037 954 141
11 9 5 1 100 0.75 8 1406 962 643 205 561 1046 963 142
11 9 5 1 100 0.75 8 1407 962 645 198 558 1055 972 137
11 9 5 1 100 0.75 8 1408 964 648 203 565 1062 980 134
11 9 5 1 100 0.75 8 1409 964 653 219 568 1068 986 135
11 9 5 1 100 0.75 8 1410 966 655 214 575 1076 995 133
11 9 5 1 100 0.75 8 1410 966 655 655 575 1208 995 133
11 9 5 1 100 0.75 8 1440 966 655 655 575 98 995 133
11 9 5 1 100 0.75 9 1441 0 11 11 0 98 0 0
11 9 5 1 100 0.75 9 1442 0 22 22 0 98 0 0
11 9 5 1 100 0.75 9 1443 0 33 33 0 98 0 0
11 9 5 1 100 0.75 9 1444 0 44 44 0 98 0 0
11 9 5 1 100 0.75 9 1445 0 55 55 0 98 0 0
11 9 5 1 100 0.75 9 1446 0 66 66 0 98 0 0
11 9 5 1 100 0.75 9 1447 0 77 77 0 98 0 0
11 9 5 1 100 0.75 9 1448 0 88 88 0 98 0 0
11 9 5 1 100 0.75 9 1449 0 99 97 0 98 0 0
11 9 5 1 100 0.75 9 1450 3 110 105 0 98 0 0
11 9 5 1 100 0.75 9 1451 4 121 116 3 98 0 0
11 9 5 1 100 0.75 9 1452 7 132 123 4 98 0 0
11 9 5 1 100 0.75 9 1453 13 143 130 7 98 0 0
11 9 5 1 100 0.75 9 1454 18 154 132 13 98 0 0
11 9 5 1 100 0.75 9 1455 23 165 142 18 98 0 0
11 9 5 1 100 0.75 9 1456 28 176 146 23 98 0 0
11 9 5 1 100 0.75 9 1457 29 187 158 28 98 0 3
11 9 5 1 100 0.75 9 1458 32 198 167 29 98 0 3
11 9 5 1 100 0.75 9 1459 35 209 181 32 98 0 5
11 9 5 1 100 0.75 9 1460 39 220 188 35 98 0 6
11 9 5 1 100 0.75 9 1461 45 231 198 39 98 0 12
11 9 5 1 100 0.75 9 1462 51 242 204 45 98 0 15
11 9 5 1 100 0.75 9 1463 55 253 221 51 98 0 19
11 9 5 1 100 0.75 9 1464 60 264 223 55 98 0 19
11 9 5 1 100 0.75 9 1465 67 275 234 60 98 0 20
11 9 5 1 100 0.75 9 1466 68 286 246 67 98 0 24
11 9 5 1 100 0.75 9 1467 73 297 252 68 98 0 26
11 9 5 1 100 0.75 9 1468 79 308 263 73 98 0 31
11 9 5 1 100 0.75 9 1469 81 319 276 79 98 0 33
11 9 5 1 100 0.75 9 1470 86 330 294 81 98 0 36
11 9 5 1 100 0.75 9 1471 92 341 297 86 98 0 38
11 9 5 1 100 0.75 9 1472 100 352 313 92 98 0 45
11 9 5 1 100 0.75 9 1473 105 363 317 100 98 0 46
11 9 5 1 100 0.75 9 1474 109 371 327 102 101 3 45
11 9 5 1 100 0.75 9 1475 116 379 332 103 104 6 47
11 9 5 1 100 0.75 9 1476 118 390 340 110 104 6 48
11 9 5 1 100 0.75 9 1477 122 398 349 109 107 9 45
11 9 5 1 100 0.75 9 1478 131 408 357 112 108 10 48
11 9 5 1 100 0.75 9 1479 137 415 364 117 112 14 50
11 9 5 1 100 0.75 9 1480 150 425 369 122 113 15 54
11 9 5 1 100 0.75 9 1481 160 433 368 132 116 18 57
11 9 5 1 100 0.75 9 1482 167 440 375 138 120 22 54
11 9 5 1 100 0.75 9 1483 172 450 385 144 121 23 57
11 9 5 1 100 0.75 9 1484 177 458 388 146 124 26 56
11 9 5 1 100 0.75 9 1485 184 466 392 149 127 29 57
11 9 5 1 100 0.75 9 1486 192 474 398 153 130 32 59
11 9 5 1 100 0.75 9 1487 202 481 412 157 134 36 62
11 9 5 1 100 0.75 9 1488 217 490 411 165 136 38 67
11 9 5 1 100 0.75 9 1489 221 499 428 178 138 40 72
11 9 5 1 100 0.75 9 1490 231 507 426 179 141 43 74
11 9 5 1 100 0.75 9 1491 237 517 436 188 142 44 75
11 9 5 1 100 0.75 9 1492 244 526 445 193 144 46 76
11 9 5 1 100 0.75 9 1493 258 532 448 195 149 51 76
11 9 5 1 100 0.75 9 1494 273 538 446 204 154 56 75
11 9 5 1 100 0.75 9 1495 281 544 449 214 159 61 79
11 9 5 1 100 0.75 9 1496 295 552 451 219 162 64 82
11 9 5 1 100 0.75 9 1497 301 558 462 228 167 69 84
11 9 5 1 100 0.75 9 1498 311 565 464 232 171 73 90
11 9 5 1 100 0.75 9 1499 323 573 459 239 174 76 91
11 9 5 1 100 0.75 9 1500 329 582 476 250 176 78 98
11 9 5 1 100 0.75 9 1501 338 591 485 254 178 80 104
11 9 5 1 100 0.75 9 1502 356 597 487 260 183 85 112
11 9 5 1 100 0.75 9 1503 364 601 486 271 190 92 112
11 9 5 1 100 0.75 9 1504 382 606 483 273 196 98 116
11 9 5 1 100 0.75 9 1505 404 612 478 286 201 103 120
11 9 5 1 100 0.75 9 1506 418 618 483 305 206 108 124
11 9 5 1 100 0.75 9 1507 429 625 484 315 210 112 127
11 9 5 1 100 0.75 9 1508 441 632 484 322 214 116 129
11 9 5 1 100 0.75 9 1509 457 638 487 332 219 121 136
11 9 5 1 100 0.75 9 1510 469 643 482 344 225 127 135
11 9 5 1 100 0.75 9 1511 476 649 490 353 230 132 137
11 9 5 1 100 0.75 9 1512 500 655 490 356 235 137 149
11 9 5 1 100 0.75 9 1513 512 661 502 376 240 142 158
11 9 5 1 100 0.75 9 1514 527 666 505 383 246 148 159
11 9 5 1 100 0.75 9 1515 536 670 506 394 253 155 164
11 9 5 1 100 0.75 9 1516 552 672 485 395 262 164 166
11 9 5 1 100 0.75 9 1517 566 675 495 405 270 172 172
11 9 5 1 100 0.75 9 1518 576 678 496 412 278 180 173
11 9 5 1 100 0.75 9 1519 589 682 503 416 285 187 175
11 9 5 1 100 0.75 9 1520 606 686 493 424 292 194 188
11 9 5 1 100 0.75 9 1521 618 681 482 427 308 210 177
11 9 5 1 100 0.75 9 1522 637 683 474 434 317 219 183
11 9 5 1 100 0.75 9 1523 653 688 470 457 323 225 188
11 9 5 1 100 0.75 9 1524 669 688 470 466 334 236 190
11 9 5 1 100 0.75 9 1525 679 688 464 475 345 247 189
11 9 5 1 100 0.75 9 1526 690 693 465 480 351 253 192
11 9 5 1 100 0.75 9 1527 705 697 453 489 358 260 196
11 9 5 1 100 0.75 9 1528 719 701 450 500 365 267 200
11 9 5 1 100 0.75 9 1529 735 702 459 510 375 277 210
11 9 5 1 100 0.75 9 1530 750 705 447 522 383 285 218
11 9 5 1 100 0.75 9 1531 764 700 455 528 398 301 222
11 9 5 1 100 0.75 9 1532 776 693 426 530 416 319 214
11 9 5 1 100 0.75 9 1533 784 690 429 534 430 333 211
11 9 5 1 100 0.75 9 1534 795 695 421 540 435 339 217
11 9 5 1 100 0.75 9 1535 801 696 428 544 445 349 222
11 9 5 1 100 0.75 9 1536 817 697 408 545 454 359 225
11 9 5 1 100 0.75 9 1537 830 695 413 552 467 372 230
11 9 5 1 100 0.75 9 1538 842 691 390 558 482 387 231
11 9 5 1 100 0.75 9 1539 848 690 388 565 494 399 232
11 9 5 1 100 0.75 9 1540 860 686 380 563 509 414 229
11 9 5 1 100 0.75 9 1541 867 691 389 575 515 420 234
11 9 5 1 100 0.75 9 1542 873 694 382 577 523 428 236
11 9 5 1 100 0.75 9 1543 878 692 370 584 536 441 232
11 9 5 1 100 0.75 9 1544 885 700 385 593 539 444 245
11 9 5 1 100 0.75 9 1545 890 691 366 589 558 464 238
11 9 5 1 100 0.75 9 1546 894 684 352 584 576 482 236
11 9 5 1 100 0.75 9 1547 898 682 350 586 589 495 232
11 9 5 1 100 0.75 9 1548 908 684 349 585 598 504 234
11 9 5 1 100 0.75 9 1549 914 674 347 580 619 525 223
11 9 5 1 100 0.75 9 1550 919 674 333 583 630 536 228
11 9 5 1 100 0.75 9 1551 926 669 338 579 646 552 223
11 9 5 1 100 0.75 9 1552 926 667 334 581 659 565 218
11 9 5 1 100 0.75 9 1553 927 663 321 575 674 580 218
11 9 5 1 100 0.75 9 1554 934 661 304 572 686 593 211
11 9 5 1 100 0.75 9 1555 935 654 289 565 704 611 203
11 9 5 1 100 0.75 9 1556 938 654 292 569 715 622 203
11 9 5 1 100 0.75 9 1557 939 649 290 565 731 638 192
11 9 5 1 100 0.75 9 1558 941 651 290 565 740 647 195
11 9 5 1 100 0.75 9 1559 943 652 279 567 748 657 193
11 9 5 1 100 0.75 9 1560 943 653 285 569 757 667 191
11 9 5 1 100 0.75 9 1561 946 646 269 559 774 685 181
11 9 5 1 100 0.75 9 1562 947 642 260 555 788 700 175
11 9 5 1 100 0.75 9 1563 948 638 254 556 803 715 167
11 9 5 1 100 0.75 9 1564 951 645 267 563 807 719 169
11 9 5 1 100 0.75 9 1565 951 646 254 562 817 729 168
11 9 5 1 100 0.75 9 1566 953 641 257 555 833 745 162
11 9 5 1 100 0.75 9 1567 954 645 261 560 840 752 162
11 9 5 1 100 0.75 9 1568 955 639 248 558 857 769 149
11 9 5 1 100 0.75 9 1569 956 638 242 556 869 781 149
11 9 5 1 100 0.75 9 1570 957 640 239 559 877 790 150
11 9 5 1 100 0.75 9 1571 958 640 241 556 887 801 148
11 9 5 1 100 0.75 9 1572 959 646 250 563 892 806 149
11 9 5 1 100 0.75 9 1573 961 647 250 564 902 816 147
11 9 5 1 100 0.75 9 1574 961 645 239 565 915 829 143
11 9 5 1 100 0.75 9 1575 963 648 232 563 923 837 148
11 9 5 1 100 0.75 9 1576 963 649 252 566 933 847 143
11 9 5 1 100 0.75 9 1577 964 656 222 571 936 851 147
11 9 5 1 100 0.75 9 1578 965 661 237 573 942 857 145
11 9 5 1 100 0.75 9 1579 965 660 240 575 954 869 139
11 9 5 1 100 0.75 9 1580 966 661 236 574 964 879 138
11 9 5 1 100 0.75 9 1581 966 664 230 581 972 887 138
11 9 5 1 100 0.75 9 1582 966 668 230 584 978 894 138
11 9 5 1 100 0.75 9 1583 968 671 241 585 986 902 139
11 9 5 1 100 0.75 9 1584 968 676 228 595 991 908 139
11 9 5 1 100 0.75 9 1585 969 678 239 598 1000 917 138
11 9 5 1 100 0.75 9 1586 969 682 238 600 1006 924 137
11 9 5 1 100 0.75 9 1587 969 688 227 602 1010 929 142
11 9 5 1 100 0.75 9 1588 970 686 220 603 1021 942 134
11 9 5 1 100 0.75 9 1589 972 689 213 605 1029 950 133
11 9 5 1 100 0.75 9 1590 973 691 221 607 1037 959 131
11 9 5 1 100 0.75 9 1590 973 691 691 607 1166 959 131
11 9 5 1 100 0.75 9 1620 973 691 691 607 98 959 131
11 9 5 1 100 0.75 10 1621 0 11 11 0 98 0 0
11 9 5 1 100 0.75 10 1622 0 22 22 0 98 0 0
11 9 5 1 100 0.75 10 1623 0 33 33 0 98 0 0
11 9 5 1 100 0.75 10 1624 0 44 44 0 98 0 0
11 9 5 1 100 0.75 10 1625 0 55 55 0 98 0 0
11 9 5 1 100 0.75 10 1626 0 66 65 0 98 0 0
11 9 5 1 100 0.75 10 1627 0 77 77 0 98 0 0
11 9 5 1 100 0.75 10 1628 1 88 85 0 98 0 0
11 9 5 1 100 0.75 10 1629 6 99 93 1 98 0 0
11 9 5 1 100 0.75 10 1630 9 110 98 6 98 0 0
11 9 5 1 100 0.75 10 1631 13 121 106 9 98 0 0
11 9 5 1 100 0.75 10 1632 16 132 113 13 98 0 0
11 9 5 1 100 0.75 10 1633 18 143 123 16 98 0 0
11 9 5 1 100 0.75 10 1634 27 154 126 18 98 0 0
11 9 5 1 100 0.75 10 1635 28 165 138 27 98 0 0
11 9 5 1 100 0.75 10 1636 34 176 143 28 98 0 2
11 9 5 1 100 0.75 10 1637 36 187 158 34 98 0 4
11 9 5 1 100 0.75 10 1638 36 198 169 36 98 0 8
11 9 5 1 100 0.75 10 1639 40 209 179 36 98 0 10
11 9 5 1 100 0.75 10 1640 41 220 194 40 98 0 12
11 9 5 1 100 0.75 10 1641 46 231 203 41 98 0 14
11 9 5 1 100 0.75 10 1642 51 242 212 46 98 0 20
11 9 5 1 100 0.75 10 1643 58 253 221 51 98 0 23
11 9 5 1 100 0.75 10 1644 60 264 229 58 98 0 26
11 9 5 1 100 0.75 10 1645 66 275 233 60 98 0 28
11 9 5 1 100 0.75 10 1646 69 286 243 66 98 0 31
11 9 5 1 100 0.75 10 1647 71 297 255 69 98 0 32
11 9 5 1 100 0.75 10 1648 75 308 267 71 98 0 35
11 9 5 1 100 0.75 10 1649 81 319 276 75 98 0 38
11 9 5 1 100 0.75 10 1650 86 330 287 81 98 0 43
11 9 5 1 100 0.75 10 1651 93 340 290 85 99 1 45
11 9 5 1 100 0.75 10 1652 98 350 305 91 100 2 47
11 9 5 1 100 0.75 10 1653 105 360 309 95 101 3 50
11 9 5 1 100 0.75 10 1654 108 369 317 100 103 5 50
11 9 5 1 100 0.75 10 1655 114 378 320 101 105 7 49
11 9 5 1 100 0.75 10 1656 118 387 330 105 107 9 52
11 9 5 1 100 0.75 10 1657 125 395 340 106 110 12 56
11 9 5 1 100 0.75 10 1658 132 405 345 112 111 13 61
11 9 5 1 100 0.75 10 1659 139 412 351 115 115 17 62
11 9 5 1 100 0.75 10 1660 147 418 355 117 120 22 61
11 9 5 1 100 0.75 10 1661 153 428 367 124 121 23 65
11 9 5 1 100 0.75 10 1662 161 436 368 127 124 26 68
11 9 5 1 100 0.75 10 1663 170 443 370 131 128 30 66
11 9 5 1 100 0.75 10 1664 176 451 377 137 131 33 68
11 9 5 1 100 0.75 10 1665 182 460 389 141 133 35 70
11 9 5 1 100 0.75 10 1666 188 468 394 145 136 38 72
11 9 5 1 100 0.75 10 1667 195 475 399 147 140 42 75
11 9 5 1 100 0.75 10 1668 204 485 406 154 141 43 84
11 9 5 1 100 0.75 10 1669 212 493 416 160 143 46 86
11 9 5 1 100 0.75 10 1670 218 500 419 164 147 50 87
11 9 5 1 100 0.75 10 1671 229 510 431 169 148 51 95
11 9 5 1 100 0.75 10 1672 243 517 429 176 152 55 97
11 9 5 1 100 0.75 10 1673 252 524 434 186 155 59 98
11 9 5 1 100 0.75 10 1674 259 528 434 189 162 66 95
11 9 5 1 100 0.75 10 1675 269 534 435 192 167 71 96
11 9 5 1 100 0.75 10 1676 280 541 439 198 171 75 100
11 9 5 1 100 0.75 10 1677 296 548 437 206 175 79 99
11 9 5 1 100 0.75 10 1678 314 552 434 216 182 86 99
11 9 5 1 100 0.75 10 1679 325 560 438 231 185 89 107
11 9 5 1 100 0.75 10 1680 337 567 447 239 189 93 108
11 9 5 1 100 0.75 10 1681 349 575 452 250 192 96 116
11 9 5 1 100 0.75 10 1682 359 580 450 256 198 102 115
11 9 5 1 100 0.75 10 1683 366 582 447 259 207 111 112
11 9 5 1 100 0.75 10 1684 381 589 455 264 211 115 118
11 9 5 1 100 0.75 10 1685 400 595 452 275 216 120 126
11 9 5 1 100 0.75 10 1686 417 596 445 287 226 130 128
11 9 5 1 100 0.75 10 1687 426 600 448 297 233 137 131
11 9 5 1 100 0.75 10 1688 441 609 451 304 235 139 138
11 9 5 1 100 0.75 10 1689 455 612 453 314 243 147 138
11 9 5 1 100 0.75 10 1690 470 617 443 322 249 153 141
11 9 5 1 100 0.75 10 1691 486 623 443 336 254 158 148
11 9 5 1 100 0.75 10 1692 500 629 450 348 259 163 159
11 9 5 1 100 0.75 10 1693 527 634 452 359 264 169 168
11 9 5 1 100 0.75 10 1694 537 640 448 383 269 174 169
11 9 5 1 100 0.75 10 1695 556 644 459 387 276 181 175
11 9 5 1 100 0.75 10 1696 568 646 456 397 285 190 176
11 9 5 1 100 0.75 10 1697 585 648 445 401 294 199 185
11 9 5 1 100 0.75 10 1698 595 656 448 422 297 202 192
11 9 5 1 100 0.75 10 1699 606 658 453 426 305 211 198
11 9 5 1 100 0.75 10 1700 622 659 453 430 315 221 208
11 9 5 1 100 0.75 10 1701 636 658 446 439 327 233 208
11 9 5 1 100 0.75 10 1702 654 659 436 447 337 243 210
11 9 5 1 100 0.75 10 1703 664 665 435 466 342 248 213
11 9 5 1 100 0.75 10 1704 679 664 431 467 354 260 220
11 9 5 1 100 0.75 10 1705 698 664 426 474 365 271 223
11 9 5 1 100 0.75 10 1706 714 663 406 484 377 283 224
11 9 5 1 100 0.75 10 1707 724 667 415 499 384 290 229
11 9 5 1 100 0.75 10 1708 735 670 400 504 392 298 238
11 9 5 1 100 0.75 10 1709 743 668 413 511 405 311 233
11 9 5 1 100 0.75 10 1710 759 665 412 508 419 325 235
11 9 5 1 100 0.75 10 1711 775 665 383 517 430 336 236
11 9 5 1 100 0.75 10 1712 791 665 388 526 441 347 237
11 9 5 1 100 0.75 10 1713 799 667 390 538 449 356 241
11 9 5 1 100 0.75 10 1714 810 666 377 543 461 368 239
11 9 5 1 100 0.75 10 1715 820 656 361 536 482 389 235
11 9 5 1 100 0.75 10 1716 827 658 364 543 490 398 238
11 9 5 1 100 0.75 10 1717 841 650 352 536 509 417 230
11 9 5 1 100 0.75 10 1718 847 644 340 537 525 434 226
11 9 5 1 100 0.75 10 1719 853 641 352 539 538 448 231
11 9 5 1 100 0.75 10 1720 859 642 342 542 548 458 236
11 9 5 1 100 0.75 10 1721 866 639 343 540 562 472 228
11 9 5 1 100 0.75 10 1722 871 636 318 540 576 486 229
11 9 5 1 100 0.75 10 1723 873 633 310 536 590 500 224
11 9 5 1 100 0.75 10 1724 879 628 311 530 606 516 222
11 9 5 1 100 0.75 10 1725 884 628 304 531 616 527 220
11 9 5 1 100 0.75 10 1726 890 626 296 532 629 540 222
11 9 5 1 100 0.75 10 1727 894 626 297 537 640 551 219
11 9 5 1 100 0.75 10 1728 899 619 261 533 658 569 210
11 9 5 1 100 0.75 10 1729 902 624 295 539 663 575 215
11 9 5 1 100 0.75 10 1730 905 617 279 532 681 593 202
11 9 5 1 100 0.75 10 1731 908 618 272 533 691 603 197
11 9 5 1 100 0.75 10 1732 910 613 276 530 707 619 191
11 9 5 1 100 0.75 10 1733 912 612 282 528 719 631 192
11 9 5 1 100 0.75 10 1734 912 614 263 530 728 640 193
11 9 5 1 100 0.75 10 1735 914 608 255 527 745 657 185
11 9 5 1 100 0.75 10 1736 916 615 254 533 748 661 193
11 9 5 1 100 0.75 10 1737 918 612 250 528 762 675 187
11 9 5 1 100 0.75 10 1738 918 607 235 522 778 691 181
11 9 5 1 100 0.75 10 1739 920 606 228 524 790 703 178
11 9 5 1 100 0.75 10 1740 920 604 219 522 801 716 175
11 9 5 1 100 0.75 10 1741 923 601 221 514 815 730 168
11 9 5 1 100 0.75 10 1742 926 598 219 512 829 744 167
11 9 5 1 100 0.75 10 1743 927 594 218 511 844 759 158
11 9 5 1 100 0.75 10 1744 928 598 216 514 851 766 157
11 9 5 1 100 0.75 10 1745 929 600 228 516 860 775 155
11 9 5 1 100 0.75 10 1746 931 605 215 521 866 781 156
11 9 5 1 100 0.75 10 1747 931 610 228 525 871 787 155
11 9 5 1 100 0.75 10 1748 932 610 223 524 881 798 152
11 9 5 1 100 0.75 10 1749 933 611 219 526 891 808 151
11 9 5 1 100 0.75 10 1750 933 611 211 529 902 819 155
11 9 5 1 100 0.75 10 1751 933 610 217 525 913 831 152
11 9 5 1 100 0.75 10 1752 935 611 206 525 922 841 147
11 9 5 1 100 0.75 10 1753 938 612 216 526 932 851 145
11 9 5 1 100 0.75 10 1754 939 615 213 531 940 859 144
11 9 5 1 100 0.75 10 1755 942 619 225 535 946 866 149
11 9 5 1 100 0.75 10 1756 944 617 213 535 958 879 142
11 9 5 1 100 0.75 10 1757 944 616 211 535 970 891 137
11 9 5 1 100 0.75 10 1758 945 618 224 532 979 900 134
11 9 5 1 100 0.75 10 1759 945 625 199 544 983 904 139
11 9 5 1 100 0.75 10 1760 948 632 207 549 987 908 144
11 9 5 1 100 0.75 10 1761 949 634 208 555 996 917 144
11 9 5 1 100 0.75 10 1762 950 637 190 554 1004 925 143
11 9 5 1 100 0.75 10 1763 951 644 202 563 1008 929 150
11 9 5 1 100 0.75 10 1764 954 647 206 564 1016 937 145
11 9 5 1 100 0.75 10 1765 954 646 193 566 1027 949 141
11 9 5 1 100 0.75 10 1766 956 650 192 566 1033 956 140
11 9 5 1 100 0.75 10 1767 956 655 197 573 1039 962 143
11 9 5 1 100 0.75 10 1768 957 655 197 571 1049 973 139
11 9 5 1 100 0.75 10 1769 958 653 200 571 1062 986 131
11 9 5 1 100 0.75 10 1770 959 657 191 574 1068 993 133
11 9 5 1 100 0.75 10 1770 959 657 657 574 1198 993 133
11 9 5 1 100 0.75 10 1800 959 657 657 574 98 993 133
