1 1 5 1 100 0.75 1 1 0 1 1 0 100 0 0
1 1 5 1 100 0.75 1 2 0 2 2 0 100 0 0
1 1 5 1 100 0.75 1 3 0 3 3 0 100 0 0
1 1 5 1 100 0.75 1 4 0 4 4 0 100 0 0
1 1 5 1 100 0.75 1 5 0 5 5 0 100 0 0
1 1 5 1 100 0.75 1 6 0 6 6 0 100 0 0
1 1 5 1 100 0.75 1 7 0 7 7 0 100 0 0
1 1 5 1 100 0.75 1 8 0 8 8 0 100 0 0
1 1 5 1 100 0.75 1 9 0 9 8 0 100 0 0
1 1 5 1 100 0.75 1 10 0 10 9 0 100 0 0
1 1 5 1 100 0.75 1 11 0 11 10 0 100 0 0
1 1 5 1 100 0.75 1 12 1 12 11 0 100 0 0
1 1 5 1 100 0.75 1 13 1 13 12 1 100 0 0
1 1 5 1 100 0.75 1 14 1 14 13 1 100 0 0
1 1 5 1 100 0.75 1 15 1 15 14 1 100 0 0
1 1 5 1 100 0.75 1 16 1 16 15 1 100 0 0
1 1 5 1 100 0.75 1 17 1 17 16 1 100 0 0
1 1 5 1 100 0.75 1 18 1 18 17 1 100 0 0
1 1 5 1 100 0.75 1 19 2 19 16 1 100 0 1
1 1 5 1 100 0.75 1 20 2 20 18 2 100 0 1
1 1 5 1 100 0.75 1 21 2 21 18 2 100 0 1
1 1 5 1 100 0.75 1 22 2 22 18 2 100 0 1
1 1 5 1 100 0.75 1 23 2 23 19 2 100 0 1
1 1 5 1 100 0.75 1 24 2 24 20 2 100 0 1
1 1 5 1 100 0.75 1 25 2 25 22 2 100 0 1
1 1 5 1 100 0.75 1 26 3 26 22 2 100 0 2
1 1 5 1 100 0.75 1 27 3 27 24 3 100 0 2
1 1 5 1 100 0.75 1 28 6 28 22 3 100 0 2
1 1 5 1 100 0.75 1 29 6 29 24 6 100 0 2
1 1 5 1 100 0.75 1 30 7 30 24 6 100 0 2
1 1 5 1 100 0.75 1 31 8 31 23 7 100 0 2
1 1 5 1 100 0.75 1 32 8 32 25 8 100 0 2
1 1 5 1 100 0.75 1 33 8 33 25 8 100 0 3
1 1 5 1 100 0.75 1 34 8 33 26 7 101 1 2
1 1 5 1 100 0.75 1 35 8 34 30 7 101 1 2
1 1 5 1 100 0.75 1 36 8 35 31 7 101 1 3
1 1 5 1 100 0.75 1 37 9 36 28 7 101 1 4
1 1 5 1 100 0.75 1 38 10 37 31 8 101 1 4
1 1 5 1 100 0.75 1 39 10 38 32 9 101 1 4
1 1 5 1 100 0.75 1 40 10 39 33 9 101 1 4
1 1 5 1 100 0.75 1 41 11 40 35 9 101 1 4
1 1 5 1 100 0.75 1 42 11 41 34 10 101 1 4
1 1 5 1 100 0.75 1 43 12 42 34 10 100 1 4
1 1 5 1 100 0.75 1 44 13 43 35 11 100 1 4
1 1 5 1 100 0.75 1 45 15 44 33 12 100 1 5
1 1 5 1 100 0.75 1 46 16 44 31 13 101 2 4
1 1 5 1 100 0.75 1 47 17 45 33 14 101 2 4
1 1 5 1 100 0.75 1 48 18 46 33 15 101 2 4
1 1 5 1 100 0.75 1 49 20 47 33 16 101 2 5
1 1 5 1 100 0.75 1 50 20 48 36 18 101 2 6
1 1 5 1 100 0.75 1 51 20 48 34 17 102 3 5
1 1 5 1 100 0.75 1 52 21 49 35 17 102 3 7
1 1 5 1 100 0.75 1 53 21 49 35 17 103 4 7
1 1 5 1 100 0.75 1 54 22 49 37 16 104 5 8
1 1 5 1 100 0.75 1 55 22 50 39 17 104 5 8
1 1 5 1 100 0.75 1 56 23 51 43 17 103 5 9
1 1 5 1 100 0.75 1 57 24 52 43 18 103 5 9
1 1 5 1 100 0.75 1 58 25 53 43 19 103 5 9
1 1 5 1 100 0.75 1 59 26 54 43 20 103 5 9
1 1 5 1 100 0.75 1 60 27 55 41 21 103 5 10
1 1 5 1 100 0.75 1 61 27 56 44 22 103 5 10
1 1 5 1 100 0.75 1 62 28 57 47 22 103 5 11
1 1 5 1 100 0.75 1 63 28 57 43 22 104 6 10
1 1 5 1 100 0.75 1 64 28 58 48 22 103 6 11
1 1 5 1 100 0.75 1 65 29 58 48 21 104 7 11
1 1 5 1 100 0.75 1 66 33 59 47 22 103 7 11
1 1 5 1 100 0.75 1 67 35 59 43 25 104 8 12
1 1 5 1 100 0.75 1 68 35 60 45 27 104 8 12
1 1 5 1 100 0.75 1 69 35 60 47 26 105 9 12
1 1 5 1 100 0.75 1 70 35 58 44 23 108 12 9
1 1 5 1 100 0.75 1 71 37 59 42 23 108 12 9
1 1 5 1 100 0.75 1 72 38 60 44 25 108 12 9
1 1 5 1 100 0.75 1 73 39 59 45 24 109 14 9
1 1 5 1 100 0.75 1 74 41 60 46 25 109 14 11
1 1 5 1 100 0.75 1 75 42 61 46 27 109 14 11
1 1 5 1 100 0.75 1 76 43 62 43 28 109 14 11
1 1 5 1 100 0.75 1 77 43 62 47 28 110 15 10
1 1 5 1 100 0.75 1 78 45 63 45 28 110 15 10
1 1 5 1 100 0.75 1 79 45 63 47 29 111 16 10
1 1 5 1 100 0.75 1 80 46 63 43 28 112 17 10
1 1 5 1 100 0.75 1 81 47 64 48 29 112 17 10
1 1 5 1 100 0.75 1 82 49 65 45 30 112 17 11
1 1 5 1 100 0.75 1 83 51 64 46 30 114 19 11
1 1 5 1 100 0.75 1 84 52 65 43 32 114 19 11
1 1 5 1 100 0.75 1 85 53 66 47 33 114 19 11
1 1 5 1 100 0.75 1 86 57 65 42 32 116 21 10
1 1 5 1 100 0.75 1 87 58 66 43 36 116 21 10
1 1 5 1 100 0.75 1 88 60 67 45 37 115 21 12
1 1 5 1 100 0.75 1 89 62 68 46 39 115 21 13
1 1 5 1 100 0.75 1 90 63 68 41 40 116 22 12
1 1 5 1 100 0.75 1 91 63 69 45 41 116 22 13
1 1 5 1 100 0.75 1 92 68 69 40 40 117 23 13
1 1 5 1 100 0.75 1 93 68 69 45 44 117 24 14
1 1 5 1 100 0.75 1 94 69 69 44 43 118 25 15
1 1 5 1 100 0.75 1 95 69 70 46 44 118 25 18
1 1 5 1 100 0.75 1 96 71 71 48 44 118 25 20
1 1 5 1 100 0.75 1 97 73 72 44 46 118 25 20
1 1 5 1 100 0.75 1 98 73 71 47 46 120 27 19
1 1 5 1 100 0.75 1 99 74 69 43 43 123 30 17
1 1 5 1 100 0.75 1 100 74 70 49 44 123 30 19
1 1 5 1 100 0.75 1 101 77 71 45 44 123 30 19
1 1 5 1 100 0.75 1 102 77 72 50 47 123 30 19
1 1 5 1 100 0.75 1 103 77 72 52 46 124 31 18
1 1 5 1 100 0.75 1 104 77 73 52 46 124 31 18
1 1 5 1 100 0.75 1 105 80 73 51 45 125 32 19
1 1 5 1 100 0.75 1 106 81 74 49 48 125 32 19
1 1 5 1 100 0.75 1 107 83 73 49 47 127 34 17
1 1 5 1 100 0.75 1 108 83 74 49 49 127 34 19
1 1 5 1 100 0.75 1 109 84 74 49 48 128 35 19
1 1 5 1 100 0.75 1 110 86 73 43 47 130 37 17
1 1 5 1 100 0.75 1 111 86 73 48 48 131 38 16
1 1 5 1 100 0.75 1 112 88 73 43 47 132 39 16
1 1 5 1 100 0.75 1 113 91 72 45 47 133 41 16
1 1 5 1 100 0.75 1 114 91 69 43 46 137 45 12
1 1 5 1 100 0.75 1 115 91 70 44 47 137 45 12
1 1 5 1 100 0.75 1 116 92 69 43 45 139 47 10
1 1 5 1 100 0.75 1 117 92 70 47 46 139 47 10
1 1 5 1 100 0.75 1 118 96 70 40 45 140 48 9
1 1 5 1 100 0.75 1 119 98 70 41 49 141 49 8
1 1 5 1 100 0.75 1 120 98 71 41 51 140 49 9
1 1 5 1 100 0.75 1 121 100 71 41 50 141 50 11
1 1 5 1 100 0.75 1 122 100 71 43 51 142 51 11
1 1 5 1 100 0.75 1 123 100 72 43 51 141 51 11
1 1 5 1 100 0.75 1 124 102 73 45 51 141 51 11
1 1 5 1 100 0.75 1 125 102 73 47 52 142 52 10
1 1 5 1 100 0.75 1 126 107 74 44 52 142 52 15
1 1 5 1 100 0.75 1 127 109 73 43 55 144 54 13
1 1 5 1 100 0.75 1 128 110 72 42 55 146 56 11
1 1 5 1 100 0.75 1 129 111 73 43 56 146 56 11
1 1 5 1 100 0.75 1 130 112 74 43 57 146 56 11
1 1 5 1 100 0.75 1 131 112 75 45 59 146 56 12
1 1 5 1 100 0.75 1 132 113 76 45 59 146 56 13
1 1 5 1 100 0.75 1 133 113 76 45 59 147 57 15
1 1 5 1 100 0.75 1 134 114 77 48 59 147 57 16
1 1 5 1 100 0.75 1 135 115 78 49 60 147 57 19
1 1 5 1 100 0.75 1 136 115 79 50 61 147 57 19
1 1 5 1 100 0.75 1 137 117 78 51 59 149 59 19
1 1 5 1 100 0.75 1 138 118 78 46 60 150 60 18
1 1 5 1 100 0.75 1 139 120 78 48 60 151 61 17
1 1 5 1 100 0.75 1 140 121 78 46 61 152 62 16
1 1 5 1 100 0.75 1 141 122 79 44 62 152 62 16
1 1 5 1 100 0.75 1 142 124 79 47 62 152 63 17
1 1 5 1 100 0.75 1 143 126 78 43 62 154 65 15
1 1 5 1 100 0.75 1 144 127 77 41 62 156 67 14
1 1 5 1 100 0.75 1 145 131 78 42 63 156 67 14
1 1 5 1 100 0.75 1 146 131 79 44 67 156 67 16
1 1 5 1 100 0.75 1 147 132 80 50 67 156 67 17
1 1 5 1 100 0.75 1 148 134 80 41 67 157 68 16
1 1 5 1 100 0.75 1 149 134 81 46 69 157 68 18
1 1 5 1 100 0.75 1 150 136 81 46 68 158 69 20
1 1 5 1 100 0.75 1 150 136 81 81 68 172 69 20
1 1 5 1 100 0.75 1 180 136 81 81 68 11 69 20
1 1 5 1 100 0.75 2 181 0 1 1 0 11 0 0
1 1 5 1 100 0.75 2 182 0 2 2 0 11 0 0
1 1 5 1 100 0.75 2 183 0 3 3 0 11 0 0
1 1 5 1 100 0.75 2 184 0 4 4 0 11 0 0
1 1 5 1 100 0.75 2 185 0 5 5 0 11 0 0
1 1 5 1 100 0.75 2 186 0 6 6 0 11 0 0
1 1 5 1 100 0.75 2 187 0 7 7 0 11 0 0
1 1 5 1 100 0.75 2 188 0 8 8 0 11 0 0
1 1 5 1 100 0.75 2 189 0 9 9 0 11 0 0
1 1 5 1 100 0.75 2 190 1 10 9 0 11 0 0
1 1 5 1 100 0.75 2 191 1 11 10 1 11 0 0
1 1 5 1 100 0.75 2 192 1 12 11 1 11 0 0
1 1 5 1 100 0.75 2 193 1 13 12 1 11 0 0
1 1 5 1 100 0.75 2 194 1 14 13 1 11 0 0
1 1 5 1 100 0.75 2 195 1 15 14 1 11 0 0
1 1 5 1 100 0.75 2 196 1 16 15 1 11 0 0
1 1 5 1 100 0.75 2 197 1 17 16 1 11 0 0
1 1 5 1 100 0.75 2 198 2 18 17 1 11 0 0
1 1 5 1 100 0.75 2 199 2 19 17 2 11 0 0
1 1 5 1 100 0.75 2 200 2 20 19 2 11 0 0
1 1 5 1 100 0.75 2 201 3 21 19 2 11 0 0
1 1 5 1 100 0.75 2 202 3 22 20 3 11 0 0
1 1 5 1 100 0.75 2 203 4 23 20 3 11 0 0
1 1 5 1 100 0.75 2 204 4 24 21 4 11 0 0
1 1 5 1 100 0.75 2 205 4 25 23 4 11 0 0
1 1 5 1 100 0.75 2 206 4 26 24 4 11 0 0
1 1 5 1 100 0.75 2 207 4 27 25 4 11 0 0
1 1 5 1 100 0.75 2 208 4 28 26 4 11 0 1
1 1 5 1 100 0.75 2 209 4 29 28 4 11 0 1
1 1 5 1 100 0.75 2 210 4 30 30 4 11 0 2
1 1 5 1 100 0.75 2 211 5 31 30 4 11 0 2
1 1 5 1 100 0.75 2 212 5 32 31 5 11 0 2
1 1 5 1 100 0.75 2 213 5 33 32 5 11 0 2
1 1 5 1 100 0.75 2 214 5 34 33 5 11 0 2
1 1 5 1 100 0.75 2 215 5 35 33 5 11 0 2
1 1 5 1 100 0.75 2 216 5 36 35 5 11 0 2
1 1 5 1 100 0.75 2 217 5 37 35 5 11 0 2
1 1 5 1 100 0.75 2 218 5 38 36 5 11 0 2
1 1 5 1 100 0.75 2 219 7 39 36 5 11 0 2
1 1 5 1 100 0.75 2 220 7 40 38 7 11 0 2
1 1 5 1 100 0.75 2 221 7 41 39 7 11 0 2
1 1 5 1 100 0.75 2 222 7 42 40 7 11 0 2
1 1 5 1 100 0.75 2 223 7 43 41 7 11 0 2
1 1 5 1 100 0.75 2 224 7 44 42 7 11 0 2
1 1 5 1 100 0.75 2 225 7 43 40 5 13 2 0
1 1 5 1 100 0.75 2 226 7 44 41 5 13 2 0
1 1 5 1 100 0.75 2 227 7 45 44 5 13 2 2
1 1 5 1 100 0.75 2 228 7 46 44 5 13 2 2
1 1 5 1 100 0.75 2 229 7 47 46 5 13 2 2
1 1 5 1 100 0.75 2 230 7 48 46 5 13 2 2
1 1 5 1 100 0.75 2 231 8 49 47 5 13 2 2
1 1 5 1 100 0.75 2 232 8 50 48 6 13 2 2
1 1 5 1 100 0.75 2 233 10 51 47 6 13 2 2
1 1 5 1 100 0.75 2 234 11 52 47 8 13 2 2
1 1 5 1 100 0.75 2 235 11 53 48 9 13 2 2
1 1 5 1 100 0.75 2 236 11 54 49 9 13 2 2
1 1 5 1 100 0.75 2 237 11 55 50 9 13 2 2
1 1 5 1 100 0.75 2 238 11 56 50 9 13 2 2
1 1 5 1 100 0.75 2 239 12 57 51 9 13 2 3
1 1 5 1 100 0.75 2 240 12 58 55 10 13 2 5
1 1 5 1 100 0.75 2 241 12 59 55 10 13 2 6
1 1 5 1 100 0.75 2 242 12 60 56 10 13 2 6
1 1 5 1 100 0.75 2 243 12 61 58 10 13 2 6
1 1 5 1 100 0.75 2 244 12 62 60 10 13 2 6
1 1 5 1 100 0.75 2 245 13 63 60 10 13 2 6
1 1 5 1 100 0.75 2 246 13 63 60 10 14 3 5
1 1 5 1 100 0.75 2 247 14 63 60 9 15 4 5
1 1 5 1 100 0.75 2 248 14 64 60 10 15 4 5
1 1 5 1 100 0.75 2 249 14 65 62 10 15 4 5
1 1 5 1 100 0.75 2 250 14 66 63 10 15 4 5
1 1 5 1 100 0.75 2 251 15 67 63 10 15 4 5
1 1 5 1 100 0.75 2 252 15 68 64 11 15 4 5
1 1 5 1 100 0.75 2 253 16 69 65 11 15 4 6
1 1 5 1 100 0.75 2 254 17 70 65 12 15 4 6
1 1 5 1 100 0.75 2 255 17 70 65 12 16 5 5
1 1 5 1 100 0.75 2 256 18 71 66 12 16 5 5
1 1 5 1 100 0.75 2 257 18 71 65 12 17 6 4
1 1 5 1 100 0.75 2 258 19 71 65 11 18 7 4
1 1 5 1 100 0.75 2 259 19 72 67 12 18 7 4
1 1 5 1 100 0.75 2 260 20 72 65 11 19 8 3
1 1 5 1 100 0.75 2 261 21 73 67 12 19 8 4
1 1 5 1 100 0.75 2 262 21 74 68 13 19 8 5
1 1 5 1 100 0.75 2 263 22 75 68 13 19 8 6
1 1 5 1 100 0.75 2 264 23 76 70 14 19 8 6
1 1 5 1 100 0.75 2 265 23 77 70 15 19 8 6
1 1 5 1 100 0.75 2 266 23 77 71 14 20 9 6
1 1 5 1 100 0.75 2 267 24 78 71 14 20 9 6
1 1 5 1 100 0.75 2 268 26 79 72 15 20 9 7
1 1 5 1 100 0.75 2 269 28 79 70 16 21 10 6
1 1 5 1 100 0.75 2 270 30 80 69 18 21 10 6
1 1 5 1 100 0.75 2 271 30 81 70 20 21 10 7
1 1 5 1 100 0.75 2 272 30 82 72 20 21 10 8
1 1 5 1 100 0.75 2 273 31 83 71 20 21 10 8
1 1 5 1 100 0.75 2 274 32 84 72 21 21 10 9
1 1 5 1 100 0.75 2 275 33 84 74 21 22 11 9
1 1 5 1 100 0.75 2 276 34 85 75 22 22 11 11
1 1 5 1 100 0.75 2 277 34 85 74 22 23 12 10
1 1 5 1 100 0.75 2 278 35 85 76 22 24 13 11
1 1 5 1 100 0.75 2 279 35 86 75 23 24 13 11
1 1 5 1 100 0.75 2 280 37 87 76 23 24 13 11
1 1 5 1 100 0.75 2 281 37 88 78 25 24 13 12
1 1 5 1 100 0.75 2 282 38 89 79 25 24 13 14
1 1 5 1 100 0.75 2 283 38 89 81 25 25 14 14
1 1 5 1 100 0.75 2 284 38 90 82 25 25 14 15
1 1 5 1 100 0.75 2 285 39 91 82 25 25 14 15
1 1 5 1 100 0.75 2 286 41 90 80 24 27 16 14
1 1 5 1 100 0.75 2 287 43 89 78 24 29 18 13
1 1 5 1 100 0.75 2 288 44 90 79 26 29 18 14
1 1 5 1 100 0.75 2 289 44 90 80 26 30 19 13
1 1 5 1 100 0.75 2 290 45 91 81 26 30 19 14
1 1 5 1 100 0.75 2 291 45 92 82 27 30 19 14
1 1 5 1 100 0.75 2 292 45 93 82 27 30 19 14
1 1 5 1 100 0.75 2 293 50 94 82 27 30 19 16
1 1 5 1 100 0.75 2 294 50 93 78 30 32 21 14
1 1 5 1 100 0.75 2 295 51 94 82 30 32 21 15
1 1 5 1 100 0.75 2 296 52 93 81 29 34 23 14
1 1 5 1 100 0.75 2 297 54 93 79 29 35 24 14
1 1 5 1 100 0.75 2 298 55 92 78 29 37 26 12
1 1 5 1 100 0.75 2 299 55 93 79 30 37 26 12
1 1 5 1 100 0.75 2 300 55 94 81 30 37 26 12
1 1 5 1 100 0.75 2 301 55 93 82 28 39 28 12
1 1 5 1 100 0.75 2 302 57 92 80 26 41 30 11
1 1 5 1 100 0.75 2 303 59 92 79 27 42 31 11
1 1 5 1 100 0.75 2 304 59 92 81 28 43 32 10
1 1 5 1 100 0.75 2 305 61 93 80 28 43 32 11
1 1 5 1 100 0.75 2 306 61 94 82 30 43 32 11
1 1 5 1 100 0.75 2 307 61 95 84 30 43 32 11
1 1 5 1 100 0.75 2 308 63 96 81 30 43 32 11
1 1 5 1 100 0.75 2 309 63 96 82 31 44 33 10
1 1 5 1 100 0.75 2 310 63 96 86 30 45 34 11
1 1 5 1 100 0.75 2 311 63 97 86 30 45 34 11
1 1 5 1 100 0.75 2 312 67 97 85 29 46 35 12
1 1 5 1 100 0.75 2 313 68 97 83 32 47 36 11
1 1 5 1 100 0.75 2 314 69 98 84 33 47 36 11
1 1 5 1 100 0.75 2 315 69 98 84 33 48 37 11
1 1 5 1 100 0.75 2 316 70 98 83 32 49 38 11
1 1 5 1 100 0.75 2 317 70 98 83 32 50 39 10
1 1 5 1 100 0.75 2 318 71 99 84 32 50 39 10
1 1 5 1 100 0.75 2 319 71 100 87 33 50 39 11
1 1 5 1 100 0.75 2 320 72 101 88 33 50 39 12
1 1 5 1 100 0.75 2 321 75 100 85 32 52 41 12
1 1 5 1 100 0.75 2 322 76 100 85 34 53 42 11
1 1 5 1 100 0.75 2 323 77 100 82 34 53 43 11
1 1 5 1 100 0.75 2 324 78 101 84 35 53 43 11
1 1 5 1 100 0.75 2 325 78 102 81 36 53 43 11
1 1 5 1 100 0.75 2 326 78 101 83 34 55 45 9
1 1 5 1 100 0.75 2 327 80 102 85 34 55 45 10
1 1 5 1 100 0.75 2 328 83 103 81 36 55 45 11
1 1 5 1 100 0.75 2 329 84 104 82 39 55 45 12
1 1 5 1 100 0.75 2 330 87 104 83 39 56 46 11
1 1 5 1 100 0.75 2 330 87 104 104 39 64 46 11
1 1 5 1 100 0.75 2 360 87 104 104 39 11 46 11
1 1 5 1 100 0.75 3 361 0 1 1 0 11 0 0
1 1 5 1 100 0.75 3 362 0 2 2 0 11 0 0
1 1 5 1 100 0.75 3 363 0 3 3 0 11 0 0
1 1 5 1 100 0.75 3 364 0 4 4 0 11 0 0
1 1 5 1 100 0.75 3 365 0 5 5 0 11 0 0
1 1 5 1 100 0.75 3 366 0 6 6 0 11 0 0
1 1 5 1 100 0.75 3 367 0 7 7 0 11 0 0
1 1 5 1 100 0.75 3 368 0 8 8 0 11 0 0
1 1 5 1 100 0.75 3 369 0 9 9 0 11 0 0
1 1 5 1 100 0.75 3 370 0 10 10 0 11 0 0
1 1 5 1 100 0.75 3 371 0 11 11 0 11 0 0
1 1 5 1 100 0.75 3 372 0 12 12 0 11 0 0
1 1 5 1 100 0.75 3 373 0 13 13 0 11 0 0
1 1 5 1 100 0.75 3 374 0 14 14 0 11 0 0
1 1 5 1 100 0.75 3 375 0 15 15 0 11 0 0
1 1 5 1 100 0.75 3 376 0 16 16 0 11 0 0
1 1 5 1 100 0.75 3 377 0 17 17 0 11 0 0
1 1 5 1 100 0.75 3 378 0 18 18 0 11 0 0
1 1 5 1 100 0.75 3 379 0 19 19 0 11 0 0
1 1 5 1 100 0.75 3 380 0 20 20 0 11 0 0
1 1 5 1 100 0.75 3 381 0 21 21 0 11 0 0
1 1 5 1 100 0.75 3 382 0 22 22 0 11 0 0
1 1 5 1 100 0.75 3 383 0 23 23 0 11 0 0
1 1 5 1 100 0.75 3 384 0 24 24 0 11 0 0
1 1 5 1 100 0.75 3 385 0 25 25 0 11 0 0
1 1 5 1 100 0.75 3 386 0 26 26 0 11 0 0
1 1 5 1 100 0.75 3 387 0 27 27 0 11 0 0
1 1 5 1 100 0.75 3 388 0 28 27 0 11 0 0
1 1 5 1 100 0.75 3 389 0 29 29 0 11 0 0
1 1 5 1 100 0.75 3 390 0 30 30 0 11 0 0
1 1 5 1 100 0.75 3 391 0 31 31 0 11 0 0
1 1 5 1 100 0.75 3 392 0 32 32 0 11 0 0
1 1 5 1 100 0.75 3 393 0 33 33 0 11 0 0
1 1 5 1 100 0.75 3 394 1 34 33 0 11 0 0
1 1 5 1 100 0.75 3 395 1 35 34 1 11 0 0
1 1 5 1 100 0.75 3 396 1 36 35 1 11 0 0
1 1 5 1 100 0.75 3 397 1 37 36 1 11 0 0
1 1 5 1 100 0.75 3 398 1 38 37 1 11 0 0
1 1 5 1 100 0.75 3 399 2 39 37 1 11 0 0
1 1 5 1 100 0.75 3 400 2 40 38 2 11 0 0
1 1 5 1 100 0.75 3 401 2 41 40 2 11 0 1
1 1 5 1 100 0.75 3 402 2 42 41 2 11 0 1
1 1 5 1 100 0.75 3 403 3 43 41 2 11 0 1
1 1 5 1 100 0.75 3 404 4 44 40 3 11 0 1
1 1 5 1 100 0.75 3 405 4 45 41 4 11 0 1
1 1 5 1 100 0.75 3 406 4 46 44 4 11 0 2
1 1 5 1 100 0.75 3 407 4 47 44 4 11 0 2
1 1 5 1 100 0.75 3 408 4 48 46 4 11 0 2
1 1 5 1 100 0.75 3 409 4 49 46 4 11 0 2
1 1 5 1 100 0.75 3 410 5 50 47 4 11 0 2
1 1 5 1 100 0.75 3 411 5 51 49 5 11 0 3
1 1 5 1 100 0.75 3 412 5 52 49 5 11 0 3
1 1 5 1 100 0.75 3 413 5 53 50 5 11 0 3
1 1 5 1 100 0.75 3 414 6 54 51 5 11 0 3
1 1 5 1 100 0.75 3 415 6 55 52 6 11 0 3
1 1 5 1 100 0.75 3 416 7 56 52 6 11 0 3
1 1 5 1 100 0.75 3 417 7 57 53 7 11 0 3
1 1 5 1 100 0.75 3 418 7 58 55 7 11 0 4
1 1 5 1 100 0.75 3 419 7 58 55 6 12 1 3
1 1 5 1 100 0.75 3 420 7 59 56 6 12 1 3
1 1 5 1 100 0.75 3 421 7 59 56 5 13 2 2
1 1 5 1 100 0.75 3 422 7 60 58 5 13 2 3
1 1 5 1 100 0.75 3 423 7 61 60 5 13 2 3
1 1 5 1 100 0.75 3 424 7 62 60 5 13 2 3
1 1 5 1 100 0.75 3 425 8 63 61 5 13 2 3
1 1 5 1 100 0.75 3 426 9 64 61 6 13 2 3
1 1 5 1 100 0.75 3 427 9 65 62 7 13 2 3
1 1 5 1 100 0.75 3 428 10 65 61 6 14 3 2
1 1 5 1 100 0.75 3 429 12 66 60 7 14 3 2
1 1 5 1 100 0.75 3 430 12 67 61 9 14 3 2
1 1 5 1 100 0.75 3 431 12 68 62 9 14 3 2
1 1 5 1 100 0.75 3 432 12 69 64 9 14 3 3
1 1 5 1 100 0.75 3 433 12 70 64 9 14 3 3
1 1 5 1 100 0.75 3 434 12 71 67 9 14 3 4
1 1 5 1 100 0.75 3 435 12 72 68 9 14 3 5
1 1 5 1 100 0.75 3 436 13 73 71 9 14 3 5
1 1 5 1 100 0.75 3 437 13 74 71 10 14 3 5
1 1 5 1 100 0.75 3 438 13 73 71 8 16 5 3
1 1 5 1 100 0.75 3 439 14 74 69 8 16 5 3
1 1 5 1 100 0.75 3 440 15 75 70 9 16 5 3
1 1 5 1 100 0.75 3 441 15 76 72 10 16 5 3
1 1 5 1 100 0.75 3 442 16 77 72 10 16 5 3
1 1 5 1 100 0.75 3 443 16 78 73 11 16 5 4
1 1 5 1 100 0.75 3 444 16 79 72 11 16 5 4
1 1 5 1 100 0.75 3 445 17 80 74 11 16 5 4
1 1 5 1 100 0.75 3 446 17 81 75 12 16 5 5
1 1 5 1 100 0.75 3 447 18 82 77 12 16 5 6
1 1 5 1 100 0.75 3 448 18 83 77 13 16 5 6
1 1 5 1 100 0.75 3 449 18 84 80 13 16 5 7
1 1 5 1 100 0.75 3 450 19 84 79 12 17 6 6
1 1 5 1 100 0.75 3 451 19 85 80 13 17 6 6
1 1 5 1 100 0.75 3 452 20 85 79 12 18 7 5
1 1 5 1 100 0.75 3 453 20 86 81 13 18 7 6
1 1 5 1 100 0.75 3 454 21 87 81 13 18 7 7
1 1 5 1 100 0.75 3 455 22 87 79 13 19 8 6
1 1 5 1 100 0.75 3 456 22 88 81 14 19 8 6
1 1 5 1 100 0.75 3 457 23 89 80 14 19 8 6
1 1 5 1 100 0.75 3 458 24 89 81 14 20 9 6
1 1 5 1 100 0.75 3 459 25 90 82 15 20 9 6
1 1 5 1 100 0.75 3 460 25 91 84 16 20 9 6
1 1 5 1 100 0.75 3 461 25 92 85 16 20 9 7
1 1 5 1 100 0.75 3 462 25 92 84 15 21 10 6
1 1 5 1 100 0.75 3 463 25 92 87 14 22 11 6
1 1 5 1 100 0.75 3 464 26 93 88 14 22 11 7
1 1 5 1 100 0.75 3 465 26 94 88 15 22 11 8
1 1 5 1 100 0.75 3 466 26 95 92 15 22 11 9
1 1 5 1 100 0.75 3 467 27 96 89 15 22 11 9
1 1 5 1 100 0.75 3 468 28 97 91 16 22 11 9
1 1 5 1 100 0.75 3 469 29 97 89 16 23 12 8
1 1 5 1 100 0.75 3 470 29 98 90 17 23 12 8
1 1 5 1 100 0.75 3 471 29 99 93 17 23 12 8
1 1 5 1 100 0.75 3 472 31 99 92 16 24 13 8
1 1 5 1 100 0.75 3 473 31 99 91 17 25 14 7
1 1 5 1 100 0.75 3 474 32 100 92 17 25 14 8
1 1 5 1 100 0.75 3 475 33 100 90 17 26 15 7
1 1 5 1 100 0.75 3 476 34 101 91 18 26 15 8
1 1 5 1 100 0.75 3 477 35 102 93 19 26 15 9
1 1 5 1 100 0.75 3 478 35 103 92 20 26 15 9
1 1 5 1 100 0.75 3 479 36 104 97 20 26 15 10
1 1 5 1 100 0.75 3 480 37 103 94 19 28 17 8
1 1 5 1 100 0.75 3 481 37 104 96 20 28 17 8
1 1 5 1 100 0.75 3 482 39 104 96 19 29 18 9
1 1 5 1 100 0.75 3 483 40 103 94 19 31 20 7
1 1 5 1 100 0.75 3 484 41 104 95 20 31 20 8
1 1 5 1 100 0.75 3 485 43 105 94 21 31 20 8
1 1 5 1 100 0.75 3 486 43 106 96 23 31 20 8
1 1 5 1 100 0.75 3 487 44 107 98 23 31 20 9
1 1 5 1 100 0.75 3 488 45 108 97 24 31 20 9
1 1 5 1 100 0.75 3 489 45 109 99 25 31 20 9
1 1 5 1 100 0.75 3 490 47 110 99 25 31 20 11
1 1 5 1 100 0.75 3 491 47 111 103 27 31 20 11
1 1 5 1 100 0.75 3 492 48 110 102 25 33 22 10
1 1 5 1 100 0.75 3 493 50 111 101 26 33 22 10
1 1 5 1 100 0.75 3 494 51 112 101 28 33 22 11
1 1 5 1 100 0.75 3 495 51 112 101 28 34 23 10
1 1 5 1 100 0.75 3 496 53 112 101 27 35 24 10
1 1 5 1 100 0.75 3 497 54 113 101 29 35 24 11
1 1 5 1 100 0.75 3 498 56 113 102 29 36 25 11
1 1 5 1 100 0.75 3 499 57 113 100 30 37 26 10
1 1 5 1 100 0.75 3 500 60 113 100 30 38 27 10
1 1 5 1 100 0.75 3 501 61 114 100 33 38 27 12
1 1 5 1 100 0.75 3 502 62 115 102 34 38 27 12
1 1 5 1 100 0.75 3 503 65 115 99 34 39 28 13
1 1 5 1 100 0.75 3 504 65 115 102 36 40 29 13
1 1 5 1 100 0.75 3 505 66 115 103 35 41 30 13
1 1 5 1 100 0.75 3 506 66 116 104 36 41 30 13
1 1 5 1 100 0.75 3 507 68 117 105 36 41 30 15
1 1 5 1 100 0.75 3 508 70 118 104 38 41 30 16
1 1 5 1 100 0.75 3 509 70 118 108 39 42 31 17
1 1 5 1 100 0.75 3 510 75 117 101 37 44 33 16
1 1 5 1 100 0.75 3 510 75 117 117 37 54 33 16
1 1 5 1 100 0.75 3 540 75 117 117 37 11 33 16
1 1 5 1 100 0.75 4 541 0 1 1 0 11 0 0
1 1 5 1 100 0.75 4 542 0 2 2 0 11 0 0
1 1 5 1 100 0.75 4 543 0 3 3 0 11 0 0
1 1 5 1 100 0.75 4 544 0 4 4 0 11 0 0
1 1 5 1 100 0.75 4 545 0 5 5 0 11 0 0
1 1 5 1 100 0.75 4 546 0 6 6 0 11 0 0
1 1 5 1 100 0.75 4 547 0 7 7 0 11 0 0
1 1 5 1 100 0.75 4 548 0 8 8 0 11 0 0
1 1 5 1 100 0.75 4 549 0 9 9 0 11 0 0
1 1 5 1 100 0.75 4 550 0 10 10 0 11 0 0
1 1 5 1 100 0.75 4 551 0 11 11 0 11 0 0
1 1 5 1 100 0.75 4 552 0 12 12 0 11 0 0
1 1 5 1 100 0.75 4 553 0 13 13 0 11 0 0
1 1 5 1 100 0.75 4 554 0 14 14 0 11 0 0
1 1 5 1 100 0.75 4 555 0 15 15 0 11 0 0
1 1 5 1 100 0.75 4 556 0 16 16 0 11 0 0
1 1 5 1 100 0.75 4 557 1 17 16 0 11 0 0
1 1 5 1 100 0.75 4 558 1 18 17 1 11 0 0
1 1 5 1 100 0.75 4 559 1 19 18 1 11 0 0
1 1 5 1 100 0.75 4 560 1 20 19 1 11 0 0
1 1 5 1 100 0.75 4 561 1 21 20 1 11 0 0
1 1 5 1 100 0.75 4 562 2 22 20 1 11 0 0
1 1 5 1 100 0.75 4 563 2 23 21 2 11 0 0
1 1 5 1 100 0.75 4 564 2 24 22 2 11 0 0
1 1 5 1 100 0.75 4 565 2 25 24 2 11 0 0
1 1 5 1 100 0.75 4 566 3 26 24 2 11 0 0
1 1 5 1 100 0.75 4 567 3 27 25 3 11 0 0
1 1 5 1 100 0.75 4 568 3 28 25 3 11 0 0
1 1 5 1 100 0.75 4 569 3 29 26 3 11 0 0
1 1 5 1 100 0.75 4 570 3 30 28 3 11 0 1
1 1 5 1 100 0.75 4 571 3 31 29 3 11 0 1
1 1 5 1 100 0.75 4 572 3 32 30 3 11 0 1
1 1 5 1 100 0.75 4 573 3 33 31 3 11 0 1
1 1 5 1 100 0.75 4 574 3 34 33 3 11 0 1
1 1 5 1 100 0.75 4 575 3 35 33 3 10 0 1
1 1 5 1 100 0.75 4 576 3 36 35 3 10 0 1
1 1 5 1 100 0.75 4 577 3 37 35 3 10 0 1
1 1 5 1 100 0.75 4 578 3 38 37 3 10 0 1
1 1 5 1 100 0.75 4 579 3 39 38 3 10 0 1
1 1 5 1 100 0.75 4 580 3 40 39 3 10 0 1
1 1 5 1 100 0.75 4 581 3 41 40 3 10 0 1
1 1 5 1 100 0.75 4 582 4 42 40 3 10 0 1
1 1 5 1 100 0.75 4 583 5 43 39 4 10 0 1
1 1 5 1 100 0.75 4 584 5 44 41 5 10 0 1
1 1 5 1 100 0.75 4 585 6 45 41 5 10 0 1
1 1 5 1 100 0.75 4 586 6 46 42 6 10 0 1
1 1 5 1 100 0.75 4 587 6 46 41 5 11 1 0
1 1 5 1 100 0.75 4 588 7 47 42 5 11 1 0
1 1 5 1 100 0.75 4 589 7 48 44 6 11 1 0
1 1 5 1 100 0.75 4 590 7 49 44 6 11 1 0
1 1 5 1 100 0.75 4 591 7 50 45 6 11 1 1
1 1 5 1 100 0.75 4 592 7 51 47 6 11 1 1
1 1 5 1 100 0.75 4 593 8 52 48 6 11 1 2
1 1 5 1 100 0.75 4 594 8 53 49 7 11 1 2
1 1 5 1 100 0.75 4 595 8 54 49 7 11 1 2
1 1 5 1 100 0.75 4 596 8 55 52 7 11 1 2
1 1 5 1 100 0.75 4 597 8 56 51 7 11 1 2
1 1 5 1 100 0.75 4 598 8 57 53 7 11 1 2
1 1 5 1 100 0.75 4 599 8 58 53 7 11 1 2
1 1 5 1 100 0.75 4 600 8 59 56 7 11 1 3
1 1 5 1 100 0.75 4 601 8 60 56 7 11 1 3
1 1 5 1 100 0.75 4 602 9 61 57 7 11 1 3
1 1 5 1 100 0.75 4 603 9 62 58 8 11 1 3
1 1 5 1 100 0.75 4 604 10 63 57 8 11 1 3
1 1 5 1 100 0.75 4 605 11 64 58 9 11 1 3
1 1 5 1 100 0.75 4 606 11 65 59 10 11 1 3
1 1 5 1 100 0.75 4 607 11 65 59 9 12 2 2
1 1 5 1 100 0.75 4 608 11 66 59 9 12 2 2
1 1 5 1 100 0.75 4 609 11 67 62 9 12 2 3
1 1 5 1 100 0.75 4 610 11 68 63 9 12 2 3
1 1 5 1 100 0.75 4 611 11 69 65 9 12 2 4
1 1 5 1 100 0.75 4 612 11 70 65 9 12 2 5
1 1 5 1 100 0.75 4 613 11 70 66 8 13 3 4
1 1 5 1 100 0.75 4 614 11 71 67 8 13 3 4
1 1 5 1 100 0.75 4 615 11 71 68 7 14 4 3
1 1 5 1 100 0.75 4 616 12 72 67 7 14 4 3
1 1 5 1 100 0.75 4 617 13 73 67 8 14 4 3
1 1 5 1 100 0.75 4 618 13 74 69 9 14 4 3
1 1 5 1 100 0.75 4 619 14 75 69 9 14 4 3
1 1 5 1 100 0.75 4 620 15 76 69 10 14 4 3
1 1 5 1 100 0.75 4 621 15 77 69 11 14 4 3
1 1 5 1 100 0.75 4 622 15 78 71 11 14 4 3
1 1 5 1 100 0.75 4 623 15 79 72 11 14 4 3
1 1 5 1 100 0.75 4 624 15 80 74 11 14 4 3
1 1 5 1 100 0.75 4 625 15 81 76 11 14 4 4
1 1 5 1 100 0.75 4 626 15 82 77 11 14 4 5
1 1 5 1 100 0.75 4 627 16 82 77 10 15 5 4
1 1 5 1 100 0.75 4 628 16 82 77 10 16 6 3
1 1 5 1 100 0.75 4 629 16 83 77 10 16 6 3
1 1 5 1 100 0.75 4 630 16 84 78 10 16 6 3
1 1 5 1 100 0.75 4 631 17 85 78 10 16 6 3
1 1 5 1 100 0.75 4 632 17 85 78 10 17 7 2
1 1 5 1 100 0.75 4 633 17 86 79 10 17 7 2
1 1 5 1 100 0.75 4 634 17 87 81 10 17 7 3
1 1 5 1 100 0.75 4 635 18 88 81 10 17 7 3
1 1 5 1 100 0.75 4 636 18 89 82 11 17 7 3
1 1 5 1 100 0.75 4 637 18 90 83 11 17 7 3
1 1 5 1 100 0.75 4 638 18 91 83 11 17 7 3
1 1 5 1 100 0.75 4 639 18 92 86 11 17 7 4
1 1 5 1 100 0.75 4 640 20 92 84 10 18 8 3
1 1 5 1 100 0.75 4 641 20 93 85 12 18 8 3
1 1 5 1 100 0.75 4 642 20 93 85 11 19 9 2
1 1 5 1 100 0.75 4 643 22 94 85 11 19 9 3
1 1 5 1 100 0.75 4 644 22 95 86 13 19 9 3
1 1 5 1 100 0.75 4 645 22 96 87 13 19 9 3
1 1 5 1 100 0.75 4 646 22 97 88 13 19 9 3
1 1 5 1 100 0.75 4 647 22 98 90 13 19 9 4
1 1 5 1 100 0.75 4 648 22 99 91 13 19 9 5
1 1 5 1 100 0.75 4 649 22 100 92 13 19 9 5
1 1 5 1 100 0.75 4 650 23 100 93 12 20 10 6
1 1 5 1 100 0.75 4 651 23 101 95 13 20 10 6
1 1 5 1 100 0.75 4 652 25 102 94 13 20 10 6
1 1 5 1 100 0.75 4 653 25 103 95 15 20 10 6
1 1 5 1 100 0.75 4 654 25 104 96 15 20 10 6
1 1 5 1 100 0.75 4 655 25 105 97 15 20 10 6
1 1 5 1 100 0.75 4 656 26 106 97 15 20 10 6
1 1 5 1 100 0.75 4 657 26 107 99 16 20 10 7
1 1 5 1 100 0.75 4 658 26 107 99 15 21 11 6
1 1 5 1 100 0.75 4 659 27 107 100 14 22 12 7
1 1 5 1 100 0.75 4 660 28 108 99 15 22 12 7
1 1 5 1 100 0.75 4 661 29 109 100 16 22 12 7
1 1 5 1 100 0.75 4 662 29 110 100 17 22 12 7
1 1 5 1 100 0.75 4 663 29 109 100 15 24 14 6
1 1 5 1 100 0.75 4 664 29 110 100 15 24 14 6
1 1 5 1 100 0.75 4 665 29 111 103 15 24 14 6
1 1 5 1 100 0.75 4 666 29 112 104 15 24 14 6
1 1 5 1 100 0.75 4 667 29 112 105 14 25 15 5
1 1 5 1 100 0.75 4 668 31 112 105 13 26 16 5
1 1 5 1 100 0.75 4 669 32 113 104 15 26 16 5
1 1 5 1 100 0.75 4 670 33 114 105 16 26 16 5
1 1 5 1 100 0.75 4 671 34 115 104 17 26 16 5
1 1 5 1 100 0.75 4 672 36 116 104 18 26 16 5
1 1 5 1 100 0.75 4 673 37 117 104 20 26 16 5
1 1 5 1 100 0.75 4 674 38 118 104 21 26 16 5
1 1 5 1 100 0.75 4 675 39 118 104 21 27 17 5
1 1 5 1 100 0.75 4 676 40 118 104 21 28 18 4
1 1 5 1 100 0.75 4 677 41 118 103 21 29 19 4
1 1 5 1 100 0.75 4 678 41 118 105 21 30 20 3
1 1 5 1 100 0.75 4 679 43 119 106 21 30 20 6
1 1 5 1 100 0.75 4 680 43 120 107 23 30 20 6
1 1 5 1 100 0.75 4 681 43 121 111 23 30 20 8
1 1 5 1 100 0.75 4 682 45 122 108 23 30 20 9
1 1 5 1 100 0.75 4 683 46 122 111 24 31 21 9
1 1 5 1 100 0.75 4 684 48 123 109 25 31 21 10
1 1 5 1 100 0.75 4 685 49 124 111 27 31 21 10
1 1 5 1 100 0.75 4 686 51 125 108 28 31 21 11
1 1 5 1 100 0.75 4 687 51 126 113 30 31 21 12
1 1 5 1 100 0.75 4 688 51 127 113 30 31 21 12
1 1 5 1 100 0.75 4 689 51 128 116 30 31 21 12
1 1 5 1 100 0.75 4 690 51 129 116 30 31 21 14
1 1 5 1 100 0.75 4 690 51 129 129 30 42 21 14
1 1 5 1 100 0.75 4 720 51 129 129 30 11 21 14
1 1 5 1 100 0.75 5 721 0 1 1 0 11 0 0
1 1 5 1 100 0.75 5 722 0 2 2 0 11 0 0
1 1 5 1 100 0.75 5 723 0 3 3 0 11 0 0
1 1 5 1 100 0.75 5 724 0 4 4 0 11 0 0
1 1 5 1 100 0.75 5 725 0 5 5 0 11 0 0
1 1 5 1 100 0.75 5 726 0 6 6 0 11 0 0
1 1 5 1 100 0.75 5 727 0 7 7 0 11 0 0
1 1 5 1 100 0.75 5 728 0 8 8 0 11 0 0
1 1 5 1 100 0.75 5 729 0 9 9 0 11 0 0
1 1 5 1 100 0.75 5 730 0 10 10 0 11 0 0
1 1 5 1 100 0.75 5 731 0 11 11 0 11 0 0
1 1 5 1 100 0.75 5 732 0 12 12 0 11 0 0
1 1 5 1 100 0.75 5 733 0 13 13 0 11 0 0
1 1 5 1 100 0.75 5 734 0 14 13 0 11 0 0
1 1 5 1 100 0.75 5 735 0 15 15 0 11 0 0
1 1 5 1 100 0.75 5 736 1 16 15 0 11 0 0
1 1 5 1 100 0.75 5 737 1 17 16 1 11 0 0
1 1 5 1 100 0.75 5 738 1 18 17 1 11 0 0
1 1 5 1 100 0.75 5 739 1 19 18 1 11 0 0
1 1 5 1 100 0.75 5 740 1 20 19 1 11 0 0
1 1 5 1 100 0.75 5 741 1 21 20 1 11 0 0
1 1 5 1 100 0.75 5 742 1 22 21 1 11 0 0
1 1 5 1 100 0.75 5 743 1 23 23 1 11 0 1
1 1 5 1 100 0.75 5 744 1 24 24 1 11 0 1
1 1 5 1 100 0.75 5 745 1 25 24 1 11 0 1
1 1 5 1 100 0.75 5 746 1 26 25 1 11 0 1
1 1 5 1 100 0.75 5 747 1 27 26 1 11 0 1
1 1 5 1 100 0.75 5 748 2 28 26 1 11 0 1
1 1 5 1 100 0.75 5 749 2 29 28 2 11 0 1
1 1 5 1 100 0.75 5 750 2 30 28 2 11 0 1
1 1 5 1 100 0.75 5 751 3 31 29 2 11 0 1
1 1 5 1 100 0.75 5 752 3 32 30 3 11 0 1
1 1 5 1 100 0.75 5 753 4 33 30 3 11 0 1
1 1 5 1 100 0.75 5 754 4 34 31 4 11 0 1
1 1 5 1 100 0.75 5 755 5 35 31 4 11 0 1
1 1 5 1 100 0.75 5 756 5 36 33 5 11 0 2
1 1 5 1 100 0.75 5 757 5 37 34 5 11 0 2
1 1 5 1 100 0.75 5 758 6 37 33 4 12 1 2
1 1 5 1 100 0.75 5 759 6 38 34 5 12 1 2
1 1 5 1 100 0.75 5 760 6 39 35 5 12 1 2
1 1 5 1 100 0.75 5 761 6 40 38 5 12 1 3
1 1 5 1 100 0.75 5 762 6 41 39 5 12 1 4
1 1 5 1 100 0.75 5 763 6 42 40 5 12 1 4
1 1 5 1 100 0.75 5 764 6 43 41 5 12 1 4
1 1 5 1 100 0.75 5 765 6 44 43 5 12 1 5
1 1 5 1 100 0.75 5 766 7 45 44 5 12 1 5
1 1 5 1 100 0.75 5 767 7 46 44 6 12 1 5
1 1 5 1 100 0.75 5 768 7 47 46 6 12 1 5
1 1 5 1 100 0.75 5 769 7 48 46 6 12 1 5
1 1 5 1 100 0.75 5 770 8 49 47 6 12 1 5
1 1 5 1 100 0.75 5 771 9 50 45 7 12 1 5
1 1 5 1 100 0.75 5 772 9 51 48 8 12 1 5
1 1 5 1 100 0.75 5 773 10 52 47 8 12 1 5
1 1 5 1 100 0.75 5 774 10 52 49 8 13 2 5
1 1 5 1 100 0.75 5 775 10 53 50 8 13 2 5
1 1 5 1 100 0.75 5 776 11 52 47 6 15 4 3
1 1 5 1 100 0.75 5 777 11 53 49 7 15 4 3
1 1 5 1 100 0.75 5 778 11 54 52 7 15 4 4
1 1 5 1 100 0.75 5 779 11 55 52 7 15 4 4
1 1 5 1 100 0.75 5 780 11 55 53 6 16 5 3
1 1 5 1 100 0.75 5 781 12 56 53 6 16 5 4
1 1 5 1 100 0.75 5 782 12 56 53 6 17 6 3
1 1 5 1 100 0.75 5 783 12 57 55 6 17 6 4
1 1 5 1 100 0.75 5 784 12 58 56 6 17 6 4
1 1 5 1 100 0.75 5 785 13 59 56 6 17 6 4
1 1 5 1 100 0.75 5 786 13 60 56 7 17 6 4
1 1 5 1 100 0.75 5 787 13 61 58 7 17 6 4
1 1 5 1 100 0.75 5 788 14 62 59 7 17 6 5
1 1 5 1 100 0.75 5 789 14 63 60 8 17 6 5
1 1 5 1 100 0.75 5 790 14 64 61 8 17 6 5
1 1 5 1 100 0.75 5 791 14 65 62 8 17 6 5
1 1 5 1 100 0.75 5 792 15 66 63 8 17 6 6
1 1 5 1 100 0.75 5 793 16 67 62 9 17 6 6
1 1 5 1 100 0.75 5 794 17 66 61 8 19 8 4
1 1 5 1 100 0.75 5 795 17 67 61 9 19 8 4
1 1 5 1 100 0.75 5 796 17 68 63 9 19 8 4
1 1 5 1 100 0.75 5 797 17 69 64 9 19 8 4
1 1 5 1 100 0.75 5 798 18 69 62 8 19 9 3
1 1 5 1 100 0.75 5 799 18 70 65 9 19 9 3
1 1 5 1 100 0.75 5 800 19 71 66 9 19 9 4
1 1 5 1 100 0.75 5 801 19 72 67 10 19 9 5
1 1 5 1 100 0.75 5 802 19 72 66 9 20 10 4
1 1 5 1 100 0.75 5 803 20 73 65 9 20 10 4
1 1 5 1 100 0.75 5 804 20 73 67 9 21 11 3
1 1 5 1 100 0.75 5 805 20 74 68 9 21 11 3
1 1 5 1 100 0.75 5 806 22 75 68 9 21 11 4
1 1 5 1 100 0.75 5 807 22 76 69 11 21 11 4
1 1 5 1 100 0.75 5 808 22 77 71 11 21 11 4
1 1 5 1 100 0.75 5 809 22 78 72 11 21 11 4
1 1 5 1 100 0.75 5 810 22 79 73 11 21 11 4
1 1 5 1 100 0.75 5 811 23 79 72 10 22 12 4
1 1 5 1 100 0.75 5 812 24 80 73 11 22 12 4
1 1 5 1 100 0.75 5 813 26 81 71 12 22 12 4
1 1 5 1 100 0.75 5 814 26 82 75 14 22 12 6
1 1 5 1 100 0.75 5 815 26 83 73 14 22 12 6
1 1 5 1 100 0.75 5 816 26 83 75 13 23 13 5
1 1 5 1 100 0.75 5 817 27 84 75 13 23 13 5
1 1 5 1 100 0.75 5 818 27 85 78 14 23 13 6
1 1 5 1 100 0.75 5 819 29 85 77 13 24 14 6
1 1 5 1 100 0.75 5 820 29 86 79 15 24 14 6
1 1 5 1 100 0.75 5 821 30 87 79 15 24 14 6
1 1 5 1 100 0.75 5 822 31 88 80 16 24 14 6
1 1 5 1 100 0.75 5 823 31 89 79 17 24 14 6
1 1 5 1 100 0.75 5 824 32 89 79 16 25 15 6
1 1 5 1 100 0.75 5 825 32 90 79 17 25 15 6
1 1 5 1 100 0.75 5 826 34 91 80 17 25 15 7
1 1 5 1 100 0.75 5 827 35 92 80 19 25 15 8
1 1 5 1 100 0.75 5 828 35 92 81 19 26 16 7
1 1 5 1 100 0.75 5 829 35 93 84 19 26 16 7
1 1 5 1 100 0.75 5 830 36 94 84 19 26 16 7
1 1 5 1 100 0.75 5 831 36 95 86 20 26 16 8
1 1 5 1 100 0.75 5 832 37 95 84 19 27 17 7
1 1 5 1 100 0.75 5 833 37 96 86 20 27 17 7
1 1 5 1 100 0.75 5 834 39 96 85 19 28 18 8
1 1 5 1 100 0.75 5 835 39 97 87 21 28 18 9
1 1 5 1 100 0.75 5 836 39 97 87 20 29 19 8
1 1 5 1 100 0.75 5 837 39 98 89 20 29 19 8
1 1 5 1 100 0.75 5 838 40 98 87 19 30 20 8
1 1 5 1 100 0.75 5 839 41 99 86 20 30 20 8
1 1 5 1 100 0.75 5 840 41 100 90 21 30 20 9
1 1 5 1 100 0.75 5 841 41 101 92 21 30 20 9
1 1 5 1 100 0.75 5 842 42 102 94 21 30 20 11
1 1 5 1 100 0.75 5 843 43 102 91 21 31 21 10
1 1 5 1 100 0.75 5 844 46 102 88 21 32 22 9
1 1 5 1 100 0.75 5 845 46 103 92 24 32 22 10
1 1 5 1 100 0.75 5 846 49 102 88 22 34 24 9
1 1 5 1 100 0.75 5 847 49 103 88 25 34 24 9
1 1 5 1 100 0.75 5 848 49 104 90 25 34 24 9
1 1 5 1 100 0.75 5 849 49 105 91 25 34 24 9
1 1 5 1 100 0.75 5 850 51 106 91 25 34 24 10
1 1 5 1 100 0.75 5 851 51 107 95 27 34 24 12
1 1 5 1 100 0.75 5 852 56 108 93 27 34 24 13
1 1 5 1 100 0.75 5 853 56 107 94 30 36 26 13
1 1 5 1 100 0.75 5 854 56 107 93 29 37 27 13
1 1 5 1 100 0.75 5 855 56 107 94 28 38 28 12
1 1 5 1 100 0.75 5 856 58 108 92 29 38 28 12
1 1 5 1 100 0.75 5 857 58 107 92 29 40 30 10
1 1 5 1 100 0.75 5 858 61 108 90 29 40 30 11
1 1 5 1 100 0.75 5 859 63 108 91 31 41 31 11
1 1 5 1 100 0.75 5 860 64 109 92 33 41 31 14
1 1 5 1 100 0.75 5 861 68 110 91 34 41 31 14
1 1 5 1 100 0.75 5 862 70 111 91 38 41 31 14
1 1 5 1 100 0.75 5 863 70 112 93 40 41 31 16
1 1 5 1 100 0.75 5 864 70 112 93 39 42 32 16
1 1 5 1 100 0.75 5 865 70 113 93 39 42 32 17
1 1 5 1 100 0.75 5 866 72 113 97 38 43 33 18
1 1 5 1 100 0.75 5 867 73 114 100 40 43 33 19
1 1 5 1 100 0.75 5 868 74 114 100 40 44 34 19
1 1 5 1 100 0.75 5 869 76 111 99 37 48 38 18
1 1 5 1 100 0.75 5 870 77 111 95 38 49 39 18
1 1 5 1 100 0.75 5 870 77 111 111 38 64 39 18
1 1 5 1 100 0.75 5 900 77 111 111 38 11 39 18
1 1 5 1 100 0.75 6 901 0 1 1 0 11 0 0
1 1 5 1 100 0.75 6 902 0 2 2 0 11 0 0
1 1 5 1 100 0.75 6 903 0 3 3 0 11 0 0
1 1 5 1 100 0.75 6 904 0 4 4 0 11 0 0
1 1 5 1 100 0.75 6 905 0 5 5 0 11 0 0
1 1 5 1 100 0.75 6 906 0 6 6 0 11 0 0
1 1 5 1 100 0.75 6 907 0 7 7 0 11 0 0
1 1 5 1 100 0.75 6 908 0 8 8 0 11 0 0
1 1 5 1 100 0.75 6 909 0 9 9 0 11 0 0
1 1 5 1 100 0.75 6 910 0 10 10 0 11 0 0
1 1 5 1 100 0.75 6 911 0 11 11 0 11 0 0
1 1 5 1 100 0.75 6 912 0 12 12 0 11 0 0
1 1 5 1 100 0.75 6 913 0 13 13 0 11 0 0
1 1 5 1 100 0.75 6 914 0 14 14 0 11 0 0
1 1 5 1 100 0.75 6 915 0 15 15 0 11 0 0
1 1 5 1 100 0.75 6 916 0 16 16 0 11 0 0
1 1 5 1 100 0.75 6 917 0 17 17 0 11 0 0
1 1 5 1 100 0.75 6 918 0 18 18 0 11 0 0
1 1 5 1 100 0.75 6 919 0 19 19 0 11 0 0
1 1 5 1 100 0.75 6 920 0 20 20 0 11 0 0
1 1 5 1 100 0.75 6 921 1 21 20 0 11 0 0
1 1 5 1 100 0.75 6 922 1 22 21 1 11 0 0
1 1 5 1 100 0.75 6 923 1 23 21 1 11 0 0
1 1 5 1 100 0.75 6 924 1 24 23 1 11 0 0
1 1 5 1 100 0.75 6 925 2 25 23 1 11 0 0
1 1 5 1 100 0.75 6 926 2 26 24 2 11 0 0
1 1 5 1 100 0.75 6 927 3 27 24 2 11 0 0
1 1 5 1 100 0.75 6 928 3 28 26 3 11 0 1
1 1 5 1 100 0.75 6 929 3 29 27 3 11 0 1
1 1 5 1 100 0.75 6 930 3 30 28 3 11 0 1
1 1 5 1 100 0.75 6 931 4 31 28 3 11 0 1
1 1 5 1 100 0.75 6 932 4 32 29 4 11 0 1
1 1 5 1 100 0.75 6 933 4 33 31 4 11 0 2
1 1 5 1 100 0.75 6 934 4 34 33 4 11 0 3
1 1 5 1 100 0.75 6 935 4 35 32 4 11 0 3
1 1 5 1 100 0.75 6 936 4 36 35 4 11 0 3
1 1 5 1 100 0.75 6 937 4 37 35 4 11 0 3
1 1 5 1 100 0.75 6 938 4 38 37 4 11 0 4
1 1 5 1 100 0.75 6 939 5 39 37 4 11 0 4
1 1 5 1 100 0.75 6 940 5 40 39 5 11 0 4
1 1 5 1 100 0.75 6 941 5 41 39 5 11 0 4
1 1 5 1 100 0.75 6 942 5 42 41 5 11 0 4
1 1 5 1 100 0.75 6 943 5 43 41 5 11 0 4
1 1 5 1 100 0.75 6 944 6 44 42 5 11 0 4
1 1 5 1 100 0.75 6 945 6 45 42 6 11 0 4
1 1 5 1 100 0.75 6 946 6 46 43 6 11 0 4
1 1 5 1 100 0.75 6 947 6 47 45 6 11 0 4
1 1 5 1 100 0.75 6 948 6 47 45 5 12 1 3
1 1 5 1 100 0.75 6 949 7 48 45 5 12 1 3
1 1 5 1 100 0.75 6 950 7 48 45 5 13 2 2
1 1 5 1 100 0.75 6 951 7 49 46 5 13 2 2
1 1 5 1 100 0.75 6 952 7 50 47 5 13 2 3
1 1 5 1 100 0.75 6 953 7 50 48 4 14 3 2
1 1 5 1 100 0.75 6 954 8 51 48 4 14 3 2
1 1 5 1 100 0.75 6 955 8 52 50 5 14 3 2
1 1 5 1 100 0.75 6 956 9 52 49 4 15 4 2
1 1 5 1 100 0.75 6 957 9 53 51 5 15 4 2
1 1 5 1 100 0.75 6 958 9 54 52 5 15 4 2
1 1 5 1 100 0.75 6 959 9 55 53 5 15 4 2
1 1 5 1 100 0.75 6 960 10 56 52 5 15 4 2
1 1 5 1 100 0.75 6 961 10 57 55 6 15 4 3
1 1 5 1 100 0.75 6 962 11 58 55 6 15 4 3
1 1 5 1 100 0.75 6 963 11 59 56 7 15 4 3
1 1 5 1 100 0.75 6 964 12 60 57 7 15 4 4
1 1 5 1 100 0.75 6 965 12 61 57 8 15 4 4
1 1 5 1 100 0.75 6 966 12 62 59 8 15 4 4
1 1 5 1 100 0.75 6 967 12 63 60 8 15 4 4
1 1 5 1 100 0.75 6 968 12 64 62 8 15 4 5
1 1 5 1 100 0.75 6 969 13 65 63 8 15 4 6
1 1 5 1 100 0.75 6 970 13 65 62 8 16 5 5
1 1 5 1 100 0.75 6 971 13 66 64 8 16 5 5
1 1 5 1 100 0.75 6 972 14 67 65 8 16 5 5
1 1 5 1 100 0.75 6 973 14 67 64 8 17 6 4
1 1 5 1 100 0.75 6 974 14 68 66 8 17 6 4
1 1 5 1 100 0.75 6 975 14 69 67 8 17 6 4
1 1 5 1 100 0.75 6 976 16 70 66 8 17 6 4
1 1 5 1 100 0.75 6 977 16 71 67 10 17 6 4
1 1 5 1 100 0.75 6 978 16 72 68 10 17 6 4
1 1 5 1 100 0.75 6 979 16 73 71 10 17 6 4
1 1 5 1 100 0.75 6 980 16 74 70 10 17 6 4
1 1 5 1 100 0.75 6 981 17 73 69 8 19 8 2
1 1 5 1 100 0.75 6 982 17 74 70 9 19 8 2
1 1 5 1 100 0.75 6 983 18 75 72 9 19 8 4
1 1 5 1 100 0.75 6 984 18 76 72 10 19 8 4
1 1 5 1 100 0.75 6 985 19 76 72 9 20 9 3
1 1 5 1 100 0.75 6 986 20 77 70 10 20 9 3
1 1 5 1 100 0.75 6 987 21 78 71 11 20 9 3
1 1 5 1 100 0.75 6 988 21 79 74 12 20 9 4
1 1 5 1 100 0.75 6 989 22 79 71 11 21 10 3
1 1 5 1 100 0.75 6 990 22 80 74 12 21 10 3
1 1 5 1 100 0.75 6 991 24 81 74 12 21 10 4
1 1 5 1 100 0.75 6 992 25 82 74 14 21 10 5
1 1 5 1 100 0.75 6 993 25 83 76 15 21 10 5
1 1 5 1 100 0.75 6 994 25 84 78 15 21 10 5
1 1 5 1 100 0.75 6 995 26 85 79 15 21 10 6
1 1 5 1 100 0.75 6 996 28 86 79 16 21 10 7
1 1 5 1 100 0.75 6 997 29 87 77 18 21 10 7
1 1 5 1 100 0.75 6 998 29 88 79 19 21 10 7
1 1 5 1 100 0.75 6 999 29 88 82 18 22 11 9
1 1 5 1 100 0.75 6 1000 29 89 82 18 22 11 9
1 1 5 1 100 0.75 6 1001 29 90 83 18 22 11 9
1 1 5 1 100 0.75 6 1002 29 90 83 17 23 12 8
1 1 5 1 100 0.75 6 1003 32 91 85 17 23 12 11
1 1 5 1 100 0.75 6 1004 33 92 83 20 23 12 11
1 1 5 1 100 0.75 6 1005 33 93 86 21 23 12 12
1 1 5 1 100 0.75 6 1006 34 93 83 20 24 13 11
1 1 5 1 100 0.75 6 1007 34 94 87 21 24 13 11
1 1 5 1 100 0.75 6 1008 35 94 86 20 25 14 10
1 1 5 1 100 0.75 6 1009 35 94 86 20 26 15 9
1 1 5 1 100 0.75 6 1010 36 95 87 20 26 15 10
1 1 5 1 100 0.75 6 1011 37 95 88 20 27 16 11
1 1 5 1 100 0.75 6 1012 39 96 86 21 27 16 12
1 1 5 1 100 0.75 6 1013 41 97 87 23 27 16 12
1 1 5 1 100 0.75 6 1014 41 98 88 25 27 16 13
1 1 5 1 100 0.75 6 1015 42 98 88 24 28 17 12
1 1 5 1 100 0.75 6 1016 43 99 88 25 28 17 13
1 1 5 1 100 0.75 6 1017 43 100 89 26 28 17 13
1 1 5 1 100 0.75 6 1018 44 100 89 25 29 18 13
1 1 5 1 100 0.75 6 1019 48 99 86 24 31 20 13
1 1 5 1 100 0.75 6 1020 51 100 85 28 31 20 16
1 1 5 1 100 0.75 6 1021 51 100 86 30 32 21 15
1 1 5 1 100 0.75 6 1022 53 100 84 30 33 22 15
1 1 5 1 100 0.75 6 1023 53 100 86 31 34 23 15
1 1 5 1 100 0.75 6 1024 54 100 86 30 35 24 14
1 1 5 1 100 0.75 6 1025 57 101 84 31 35 24 14
1 1 5 1 100 0.75 6 1026 58 102 86 34 35 24 14
1 1 5 1 100 0.75 6 1027 59 102 89 34 36 25 18
1 1 5 1 100 0.75 6 1028 62 103 86 35 36 25 19
1 1 5 1 100 0.75 6 1029 63 102 87 36 38 27 18
1 1 5 1 100 0.75 6 1030 63 102 86 36 39 28 18
1 1 5 1 100 0.75 6 1031 64 103 88 36 39 28 18
1 1 5 1 100 0.75 6 1032 65 104 92 37 39 28 21
1 1 5 1 100 0.75 6 1033 66 104 92 37 40 29 22
1 1 5 1 100 0.75 6 1034 68 104 91 37 41 30 21
1 1 5 1 100 0.75 6 1035 69 105 93 39 41 30 23
1 1 5 1 100 0.75 6 1036 69 106 93 41 41 30 23
1 1 5 1 100 0.75 6 1037 72 104 90 38 44 33 21
1 1 5 1 100 0.75 6 1038 74 105 88 41 44 33 21
1 1 5 1 100 0.75 6 1039 74 103 89 40 47 36 19
1 1 5 1 100 0.75 6 1040 78 104 86 40 47 36 21
1 1 5 1 100 0.75 6 1041 79 105 86 44 47 36 21
1 1 5 1 100 0.75 6 1042 79 105 90 44 48 37 23
1 1 5 1 100 0.75 6 1043 79 104 89 42 50 39 22
1 1 5 1 100 0.75 6 1044 82 105 90 42 50 39 24
1 1 5 1 100 0.75 6 1045 84 104 88 43 52 41 25
1 1 5 1 100 0.75 6 1046 85 104 88 44 53 42 24
1 1 5 1 100 0.75 6 1047 86 102 88 42 56 45 23
1 1 5 1 100 0.75 6 1048 90 100 82 40 59 48 20
1 1 5 1 100 0.75 6 1049 91 101 85 44 59 48 21
1 1 5 1 100 0.75 6 1050 91 102 84 45 59 48 21
1 1 5 1 100 0.75 6 1050 91 102 102 45 77 48 21
1 1 5 1 100 0.75 6 1080 91 102 102 45 11 48 21
1 1 5 1 100 0.75 7 1081 0 1 1 0 11 0 0
1 1 5 1 100 0.75 7 1082 0 2 2 0 11 0 0
1 1 5 1 100 0.75 7 1083 0 3 3 0 11 0 0
1 1 5 1 100 0.75 7 1084 0 4 4 0 11 0 0
1 1 5 1 100 0.75 7 1085 0 5 5 0 11 0 0
1 1 5 1 100 0.75 7 1086 0 6 6 0 11 0 0
1 1 5 1 100 0.75 7 1087 0 7 7 0 11 0 0
1 1 5 1 100 0.75 7 1088 0 8 8 0 11 0 0
1 1 5 1 100 0.75 7 1089 0 9 9 0 11 0 0
1 1 5 1 100 0.75 7 1090 0 10 10 0 11 0 0
1 1 5 1 100 0.75 7 1091 0 11 11 0 11 0 0
1 1 5 1 100 0.75 7 1092 0 12 12 0 11 0 0
1 1 5 1 100 0.75 7 1093 0 13 13 0 11 0 0
1 1 5 1 100 0.75 7 1094 0 14 14 0 11 0 0
1 1 5 1 100 0.75 7 1095 0 15 15 0 11 0 0
1 1 5 1 100 0.75 7 1096 0 16 16 0 11 0 0
1 1 5 1 100 0.75 7 1097 0 17 17 0 11 0 0
1 1 5 1 100 0.75 7 1098 0 18 18 0 11 0 0
1 1 5 1 100 0.75 7 1099 0 19 19 0 11 0 0
1 1 5 1 100 0.75 7 1100 0 20 20 0 11 0 0
1 1 5 1 100 0.75 7 1101 1 21 20 0 11 0 0
1 1 5 1 100 0.75 7 1102 1 22 21 1 11 0 0
1 1 5 1 100 0.75 7 1103 1 23 22 1 11 0 0
1 1 5 1 100 0.75 7 1104 1 24 23 1 11 0 0
1 1 5 1 100 0.75 7 1105 1 25 24 1 11 0 0
1 1 5 1 100 0.75 7 1106 1 26 25 1 11 0 0
1 1 5 1 100 0.75 7 1107 1 27 26 1 11 0 0
1 1 5 1 100 0.75 7 1108 2 28 27 1 11 0 1
1 1 5 1 100 0.75 7 1109 2 29 28 2 11 0 1
1 1 5 1 100 0.75 7 1110 2 30 29 2 11 0 1
1 1 5 1 100 0.75 7 1111 2 31 29 2 11 0 1
1 1 5 1 100 0.75 7 1112 3 32 30 2 11 0 1
1 1 5 1 100 0.75 7 1113 3 33 31 3 11 0 1
1 1 5 1 100 0.75 7 1114 4 34 31 3 11 0 1
1 1 5 1 100 0.75 7 1115 5 35 32 4 11 0 1
1 1 5 1 100 0.75 7 1116 5 36 33 5 11 0 1
1 1 5 1 100 0.75 7 1117 5 37 34 5 11 0 1
1 1 5 1 100 0.75 7 1118 5 38 35 5 11 0 1
1 1 5 1 100 0.75 7 1119 5 39 36 5 11 0 1
1 1 5 1 100 0.75 7 1120 5 40 38 5 11 0 2
1 1 5 1 100 0.75 7 1121 5 41 39 5 11 0 2
1 1 5 1 100 0.75 7 1122 5 42 41 5 11 0 3
1 1 5 1 100 0.75 7 1123 5 43 42 5 11 0 4
1 1 5 1 100 0.75 7 1124 5 44 43 5 11 0 4
1 1 5 1 100 0.75 7 1125 6 45 43 5 11 0 4
1 1 5 1 100 0.75 7 1126 6 46 44 6 11 0 4
1 1 5 1 100 0.75 7 1127 6 46 44 5 12 1 3
1 1 5 1 100 0.75 7 1128 6 47 45 5 11 1 3
1 1 5 1 100 0.75 7 1129 6 48 46 5 11 1 3
1 1 5 1 100 0.75 7 1130 6 49 47 5 11 1 3
1 1 5 1 100 0.75 7 1131 6 50 47 5 11 1 3
1 1 5 1 100 0.75 7 1132 7 51 48 5 11 1 3
1 1 5 1 100 0.75 7 1133 8 52 49 6 11 1 3
1 1 5 1 100 0.75 7 1134 8 53 50 7 11 1 3
1 1 5 1 100 0.75 7 1135 9 54 50 7 11 1 3
1 1 5 1 100 0.75 7 1136 9 55 51 8 11 1 3
1 1 5 1 100 0.75 7 1137 9 55 51 7 12 2 2
1 1 5 1 100 0.75 7 1138 9 56 52 7 12 2 2
1 1 5 1 100 0.75 7 1139 11 56 50 6 13 3 1
1 1 5 1 100 0.75 7 1140 11 57 52 8 13 3 3
1 1 5 1 100 0.75 7 1141 11 58 53 8 13 3 3
1 1 5 1 100 0.75 7 1142 11 59 54 8 13 3 3
1 1 5 1 100 0.75 7 1143 11 59 55 7 14 4 3
1 1 5 1 100 0.75 7 1144 11 60 55 7 14 4 3
1 1 5 1 100 0.75 7 1145 12 61 56 7 14 4 3
1 1 5 1 100 0.75 7 1146 12 62 58 8 14 4 4
1 1 5 1 100 0.75 7 1147 12 63 60 8 14 4 5
1 1 5 1 100 0.75 7 1148 12 64 61 8 14 4 5
1 1 5 1 100 0.75 7 1149 12 65 62 8 14 4 5
1 1 5 1 100 0.75 7 1150 12 66 63 8 14 4 5
1 1 5 1 100 0.75 7 1151 12 67 64 8 14 4 5
1 1 5 1 100 0.75 7 1152 12 68 65 8 14 4 5
1 1 5 1 100 0.75 7 1153 12 69 67 8 14 4 5
1 1 5 1 100 0.75 7 1154 13 70 67 8 14 4 5
1 1 5 1 100 0.75 7 1155 14 71 67 9 14 4 5
1 1 5 1 100 0.75 7 1156 15 71 66 9 15 5 4
1 1 5 1 100 0.75 7 1157 16 72 66 10 15 5 4
1 1 5 1 100 0.75 7 1158 16 73 67 11 15 5 4
1 1 5 1 100 0.75 7 1159 16 74 68 11 15 5 4
1 1 5 1 100 0.75 7 1160 17 74 66 10 16 6 3
1 1 5 1 100 0.75 7 1161 17 74 67 10 17 7 2
1 1 5 1 100 0.75 7 1162 17 73 67 8 19 9 1
1 1 5 1 100 0.75 7 1163 17 74 70 8 19 9 3
1 1 5 1 100 0.75 7 1164 17 75 72 8 19 9 4
1 1 5 1 100 0.75 7 1165 17 76 71 8 19 9 4
1 1 5 1 100 0.75 7 1166 18 77 73 8 19 9 4
1 1 5 1 100 0.75 7 1167 19 78 73 9 19 9 4
1 1 5 1 100 0.75 7 1168 19 79 74 10 18 9 4
1 1 5 1 100 0.75 7 1169 19 80 74 10 18 9 4
1 1 5 1 100 0.75 7 1170 19 81 76 10 18 9 4
1 1 5 1 100 0.75 7 1171 20 82 75 10 18 9 4
1 1 5 1 100 0.75 7 1172 20 83 76 11 18 9 4
1 1 5 1 100 0.75 7 1173 20 84 78 11 18 9 4
1 1 5 1 100 0.75 7 1174 21 85 79 11 18 9 5
1 1 5 1 100 0.75 7 1175 21 86 79 12 18 9 6
1 1 5 1 100 0.75 7 1176 21 87 82 12 18 9 6
1 1 5 1 100 0.75 7 1177 21 88 83 12 18 9 6
1 1 5 1 100 0.75 7 1178 21 88 84 11 19 10 6
1 1 5 1 100 0.75 7 1179 22 89 84 11 19 10 6
1 1 5 1 100 0.75 7 1180 24 90 83 12 19 10 6
1 1 5 1 100 0.75 7 1181 25 89 79 12 21 12 4
1 1 5 1 100 0.75 7 1182 26 90 80 14 21 12 4
1 1 5 1 100 0.75 7 1183 26 90 80 14 22 13 3
1 1 5 1 100 0.75 7 1184 26 91 81 14 22 13 3
1 1 5 1 100 0.75 7 1185 26 92 82 14 22 13 3
1 1 5 1 100 0.75 7 1186 27 93 83 14 22 13 4
1 1 5 1 100 0.75 7 1187 28 94 83 15 22 13 5
1 1 5 1 100 0.75 7 1188 29 95 86 16 22 13 7
1 1 5 1 100 0.75 7 1189 29 96 87 17 22 13 9
1 1 5 1 100 0.75 7 1190 29 97 90 17 22 13 9
1 1 5 1 100 0.75 7 1191 30 98 89 17 22 13 9
1 1 5 1 100 0.75 7 1192 32 99 89 18 22 13 9
1 1 5 1 100 0.75 7 1193 32 98 88 18 24 15 8
1 1 5 1 100 0.75 7 1194 33 99 89 18 24 15 8
1 1 5 1 100 0.75 7 1195 33 100 91 19 24 15 9
1 1 5 1 100 0.75 7 1196 34 101 92 19 24 15 10
1 1 5 1 100 0.75 7 1197 34 101 91 19 25 16 9
1 1 5 1 100 0.75 7 1198 34 102 94 19 25 16 10
1 1 5 1 100 0.75 7 1199 35 103 93 19 25 16 12
1 1 5 1 100 0.75 7 1200 36 104 96 20 25 16 12
1 1 5 1 100 0.75 7 1201 36 105 97 21 25 16 12
1 1 5 1 100 0.75 7 1202 36 105 96 20 26 17 12
1 1 5 1 100 0.75 7 1203 37 106 97 20 26 17 13
1 1 5 1 100 0.75 7 1204 38 107 97 21 26 17 13
1 1 5 1 100 0.75 7 1205 40 108 97 22 26 17 13
1 1 5 1 100 0.75 7 1206 41 106 95 21 29 20 11
1 1 5 1 100 0.75 7 1207 42 106 95 21 30 21 11
1 1 5 1 100 0.75 7 1208 43 106 94 21 31 22 10
1 1 5 1 100 0.75 7 1209 43 107 95 22 31 22 10
1 1 5 1 100 0.75 7 1210 44 107 93 21 32 23 10
1 1 5 1 100 0.75 7 1211 45 108 96 22 32 23 11
1 1 5 1 100 0.75 7 1212 45 109 97 23 32 23 12
1 1 5 1 100 0.75 7 1213 46 110 98 23 32 23 12
1 1 5 1 100 0.75 7 1214 50 109 93 22 34 25 12
1 1 5 1 100 0.75 7 1215 50 110 95 26 34 25 12
1 1 5 1 100 0.75 7 1216 51 108 94 23 37 28 10
1 1 5 1 100 0.75 7 1217 53 109 93 24 37 28 10
1 1 5 1 100 0.75 7 1218 53 109 95 25 38 29 10
1 1 5 1 100 0.75 7 1219 56 110 92 25 38 29 10
1 1 5 1 100 0.75 7 1220 56 111 92 28 38 29 10
1 1 5 1 100 0.75 7 1221 56 111 95 27 39 30 11
1 1 5 1 100 0.75 7 1222 56 112 98 27 39 30 13
1 1 5 1 100 0.75 7 1223 58 113 97 27 39 30 13
1 1 5 1 100 0.75 7 1224 59 113 99 28 40 31 13
1 1 5 1 100 0.75 7 1225 60 114 99 29 40 31 15
1 1 5 1 100 0.75 7 1226 60 115 104 30 40 31 17
1 1 5 1 100 0.75 7 1227 60 113 102 27 43 34 15
1 1 5 1 100 0.75 7 1228 62 114 100 27 43 34 15
1 1 5 1 100 0.75 7 1229 62 115 101 29 43 34 15
1 1 5 1 100 0.75 7 1230 63 115 102 28 44 35 15
1 1 5 1 100 0.75 7 1230 63 115 115 28 55 35 15
1 1 5 1 100 0.75 7 1260 63 115 115 28 11 35 15
1 1 5 1 100 0.75 8 1261 0 1 1 0 11 0 0
1 1 5 1 100 0.75 8 1262 0 2 2 0 11 0 0
1 1 5 1 100 0.75 8 1263 0 3 3 0 11 0 0
1 1 5 1 100 0.75 8 1264 0 4 4 0 11 0 0
1 1 5 1 100 0.75 8 1265 0 5 5 0 11 0 0
1 1 5 1 100 0.75 8 1266 0 6 6 0 11 0 0
1 1 5 1 100 0.75 8 1267 0 7 7 0 11 0 0
1 1 5 1 100 0.75 8 1268 0 8 8 0 11 0 0
1 1 5 1 100 0.75 8 1269 0 9 9 0 11 0 0
1 1 5 1 100 0.75 8 1270 0 10 10 0 11 0 0
1 1 5 1 100 0.75 8 1271 0 11 11 0 11 0 0
1 1 5 1 100 0.75 8 1272 0 12 12 0 11 0 0
1 1 5 1 100 0.75 8 1273 0 13 13 0 11 0 0
1 1 5 1 100 0.75 8 1274 0 14 14 0 11 0 0
1 1 5 1 100 0.75 8 1275 0 15 15 0 11 0 0
1 1 5 1 100 0.75 8 1276 0 16 16 0 11 0 0
1 1 5 1 100 0.75 8 1277 0 17 17 0 11 0 0
1 1 5 1 100 0.75 8 1278 0 18 18 0 11 0 0
1 1 5 1 100 0.75 8 1279 0 19 19 0 11 0 0
1 1 5 1 100 0.75 8 1280 1 20 19 0 11 0 0
1 1 5 1 100 0.75 8 1281 1 21 20 1 11 0 0
1 1 5 1 100 0.75 8 1282 1 22 21 1 11 0 0
1 1 5 1 100 0.75 8 1283 1 23 22 1 11 0 0
1 1 5 1 100 0.75 8 1284 1 24 23 1 11 0 0
1 1 5 1 100 0.75 8 1285 1 25 24 1 11 0 0
1 1 5 1 100 0.75 8 1286 1 26 25 1 11 0 0
1 1 5 1 100 0.75 8 1287 2 27 26 1 11 0 1
1 1 5 1 100 0.75 8 1288 3 28 26 2 11 0 1
1 1 5 1 100 0.75 8 1289 3 29 27 3 11 0 1
1 1 5 1 100 0.75 8 1290 3 30 28 3 11 0 1
1 1 5 1 100 0.75 8 1291 3 31 29 3 11 0 1
1 1 5 1 100 0.75 8 1292 3 32 30 3 11 0 1
1 1 5 1 100 0.75 8 1293 3 33 31 3 11 0 1
1 1 5 1 100 0.75 8 1294 3 34 33 3 11 0 2
1 1 5 1 100 0.75 8 1295 3 35 33 3 11 0 2
1 1 5 1 100 0.75 8 1296 4 36 35 3 11 0 3
1 1 5 1 100 0.75 8 1297 5 37 34 4 11 0 3
1 1 5 1 100 0.75 8 1298 5 38 35 5 11 0 3
1 1 5 1 100 0.75 8 1299 5 39 36 5 11 0 3
1 1 5 1 100 0.75 8 1300 5 40 38 5 11 0 3
1 1 5 1 100 0.75 8 1301 5 41 38 5 11 0 3
1 1 5 1 100 0.75 8 1302 5 42 39 5 11 0 3
1 1 5 1 100 0.75 8 1303 5 43 40 5 11 0 3
1 1 5 1 100 0.75 8 1304 6 44 42 5 11 0 5
1 1 5 1 100 0.75 8 1305 7 45 42 6 11 0 5
1 1 5 1 100 0.75 8 1306 7 46 44 7 11 0 5
1 1 5 1 100 0.75 8 1307 7 46 44 6 12 1 4
1 1 5 1 100 0.75 8 1308 7 47 45 6 12 1 4
1 1 5 1 100 0.75 8 1309 7 48 45 6 12 1 4
1 1 5 1 100 0.75 8 1310 7 49 47 6 12 1 4
1 1 5 1 100 0.75 8 1311 7 50 48 6 12 1 5
1 1 5 1 100 0.75 8 1312 7 51 51 6 12 1 6
1 1 5 1 100 0.75 8 1313 8 50 49 4 14 3 4
1 1 5 1 100 0.75 8 1314 8 51 50 5 14 3 4
1 1 5 1 100 0.75 8 1315 8 52 50 5 14 3 4
1 1 5 1 100 0.75 8 1316 8 53 52 5 14 3 4
1 1 5 1 100 0.75 8 1317 8 54 53 5 14 3 4
1 1 5 1 100 0.75 8 1318 8 55 54 5 14 3 4
1 1 5 1 100 0.75 8 1319 9 54 52 3 16 5 2
1 1 5 1 100 0.75 8 1320 9 55 53 4 16 5 2
1 1 5 1 100 0.75 8 1321 9 56 55 4 16 5 3
1 1 5 1 100 0.75 8 1322 10 57 55 4 16 5 3
1 1 5 1 100 0.75 8 1323 10 58 56 5 16 5 3
1 1 5 1 100 0.75 8 1324 10 59 57 5 16 5 3
1 1 5 1 100 0.75 8 1325 10 60 58 5 16 5 3
1 1 5 1 100 0.75 8 1326 11 61 59 5 15 5 4
1 1 5 1 100 0.75 8 1327 11 62 60 6 15 5 4
1 1 5 1 100 0.75 8 1328 12 62 59 5 16 6 3
1 1 5 1 100 0.75 8 1329 12 63 60 6 16 6 3
1 1 5 1 100 0.75 8 1330 12 63 61 5 17 7 3
1 1 5 1 100 0.75 8 1331 13 64 60 5 17 7 3
1 1 5 1 100 0.75 8 1332 14 65 61 6 17 7 3
1 1 5 1 100 0.75 8 1333 14 66 62 7 17 7 4
1 1 5 1 100 0.75 8 1334 14 67 63 7 17 7 4
1 1 5 1 100 0.75 8 1335 14 68 63 7 17 7 4
1 1 5 1 100 0.75 8 1336 14 68 65 6 18 8 4
1 1 5 1 100 0.75 8 1337 14 69 66 6 18 8 4
1 1 5 1 100 0.75 8 1338 14 70 69 6 18 8 5
1 1 5 1 100 0.75 8 1339 14 71 71 6 18 8 6
1 1 5 1 100 0.75 8 1340 14 72 71 6 18 8 6
1 1 5 1 100 0.75 8 1341 14 73 71 6 18 8 6
1 1 5 1 100 0.75 8 1342 18 74 70 6 18 8 6
1 1 5 1 100 0.75 8 1343 18 75 71 10 18 8 6
1 1 5 1 100 0.75 8 1344 18 76 72 10 18 8 6
1 1 5 1 100 0.75 8 1345 18 76 72 9 19 9 5
1 1 5 1 100 0.75 8 1346 18 77 73 9 19 9 5
1 1 5 1 100 0.75 8 1347 19 78 73 9 19 9 5
1 1 5 1 100 0.75 8 1348 19 78 73 9 20 10 4
1 1 5 1 100 0.75 8 1349 21 78 71 8 21 11 3
1 1 5 1 100 0.75 8 1350 22 79 75 10 21 11 6
1 1 5 1 100 0.75 8 1351 24 80 73 11 21 11 6
1 1 5 1 100 0.75 8 1352 24 81 75 13 21 11 6
1 1 5 1 100 0.75 8 1353 26 82 73 13 21 11 6
1 1 5 1 100 0.75 8 1354 26 81 73 13 23 13 4
1 1 5 1 100 0.75 8 1355 26 81 74 12 24 14 4
1 1 5 1 100 0.75 8 1356 27 82 74 12 24 14 4
1 1 5 1 100 0.75 8 1357 28 83 76 13 24 14 5
1 1 5 1 100 0.75 8 1358 29 84 77 14 24 14 6
1 1 5 1 100 0.75 8 1359 30 85 79 15 24 14 7
1 1 5 1 100 0.75 8 1360 30 86 79 16 24 14 7
1 1 5 1 100 0.75 8 1361 30 87 83 16 24 14 9
1 1 5 1 100 0.75 8 1362 30 88 84 16 24 14 9
1 1 5 1 100 0.75 8 1363 30 89 84 16 24 14 10
1 1 5 1 100 0.75 8 1364 30 90 86 16 24 14 10
1 1 5 1 100 0.75 8 1365 31 90 85 15 25 15 10
1 1 5 1 100 0.75 8 1366 33 90 84 15 26 16 10
1 1 5 1 100 0.75 8 1367 34 91 84 17 26 16 11
1 1 5 1 100 0.75 8 1368 34 92 86 18 26 16 11
1 1 5 1 100 0.75 8 1369 35 92 84 17 27 17 10
1 1 5 1 100 0.75 8 1370 35 93 85 18 27 17 10
1 1 5 1 100 0.75 8 1371 37 94 84 18 27 17 10
1 1 5 1 100 0.75 8 1372 39 95 85 20 27 17 11
1 1 5 1 100 0.75 8 1373 41 95 83 21 28 18 10
1 1 5 1 100 0.75 8 1374 41 96 85 23 28 18 11
1 1 5 1 100 0.75 8 1375 43 97 86 23 28 18 11
1 1 5 1 100 0.75 8 1376 44 96 84 23 30 20 9
1 1 5 1 100 0.75 8 1377 46 96 83 23 31 21 8
1 1 5 1 100 0.75 8 1378 46 97 83 25 31 21 9
1 1 5 1 100 0.75 8 1379 49 98 84 25 31 21 11
1 1 5 1 100 0.75 8 1380 50 98 82 27 32 22 12
1 1 5 1 100 0.75 8 1381 50 96 85 25 35 25 9
1 1 5 1 100 0.75 8 1382 51 96 85 24 36 26 9
1 1 5 1 100 0.75 8 1383 53 97 84 25 36 26 10
1 1 5 1 100 0.75 8 1384 54 98 86 27 36 26 12
1 1 5 1 100 0.75 8 1385 55 99 87 28 36 26 12
1 1 5 1 100 0.75 8 1386 57 100 85 29 36 26 13
1 1 5 1 100 0.75 8 1387 57 99 86 29 38 28 14
1 1 5 1 100 0.75 8 1388 58 100 88 29 38 28 14
1 1 5 1 100 0.75 8 1389 59 101 89 30 38 28 15
1 1 5 1 100 0.75 8 1390 60 102 90 31 38 28 15
1 1 5 1 100 0.75 8 1391 62 102 91 31 39 29 14
1 1 5 1 100 0.75 8 1392 63 103 89 33 39 29 14
1 1 5 1 100 0.75 8 1393 63 103 90 33 39 30 15
1 1 5 1 100 0.75 8 1394 65 103 90 32 40 31 14
1 1 5 1 100 0.75 8 1395 67 103 88 33 41 32 13
1 1 5 1 100 0.75 8 1396 68 104 91 35 41 32 14
1 1 5 1 100 0.75 8 1397 68 104 91 35 42 33 13
1 1 5 1 100 0.75 8 1398 70 104 90 34 43 34 13
1 1 5 1 100 0.75 8 1399 71 105 90 36 43 34 13
1 1 5 1 100 0.75 8 1400 74 104 88 35 45 36 12
1 1 5 1 100 0.75 8 1401 75 105 90 38 45 36 13
1 1 5 1 100 0.75 8 1402 76 103 86 36 48 39 11
1 1 5 1 100 0.75 8 1403 77 104 89 37 48 39 11
1 1 5 1 100 0.75 8 1404 80 104 85 37 49 40 10
1 1 5 1 100 0.75 8 1405 80 103 84 39 51 42 9
1 1 5 1 100 0.75 8 1406 82 104 83 40 51 42 10
1 1 5 1 100 0.75 8 1407 83 104 83 41 52 43 11
1 1 5 1 100 0.75 8 1408 84 105 85 42 52 43 13
1 1 5 1 100 0.75 8 1409 88 105 84 42 53 44 13
1 1 5 1 100 0.75 8 1410 90 106 82 46 53 44 13
1 1 5 1 100 0.75 8 1410 90 106 106 46 62 44 13
1 1 5 1 100 0.75 8 1440 90 106 106 46 11 44 13
1 1 5 1 100 0.75 9 1441 0 1 1 0 11 0 0
1 1 5 1 100 0.75 9 1442 0 2 2 0 11 0 0
1 1 5 1 100 0.75 9 1443 0 3 3 0 11 0 0
1 1 5 1 100 0.75 9 1444 0 4 4 0 11 0 0
1 1 5 1 100 0.75 9 1445 0 5 5 0 11 0 0
1 1 5 1 100 0.75 9 1446 0 6 6 0 11 0 0
1 1 5 1 100 0.75 9 1447 0 7 7 0 11 0 0
1 1 5 1 100 0.75 9 1448 0 8 8 0 11 0 0
1 1 5 1 100 0.75 9 1449 0 9 9 0 11 0 0
1 1 5 1 100 0.75 9 1450 0 10 10 0 11 0 0
1 1 5 1 100 0.75 9 1451 0 11 11 0 11 0 0
1 1 5 1 100 0.75 9 1452 0 12 12 0 11 0 0
1 1 5 1 100 0.75 9 1453 0 13 13 0 11 0 0
1 1 5 1 100 0.75 9 1454 0 14 14 0 11 0 0
1 1 5 1 100 0.75 9 1455 0 15 15 0 11 0 0
1 1 5 1 100 0.75 9 1456 0 16 16 0 11 0 0
1 1 5 1 100 0.75 9 1457 0 17 17 0 11 0 0
1 1 5 1 100 0.75 9 1458 0 18 18 0 11 0 0
1 1 5 1 100 0.75 9 1459 0 19 19 0 11 0 0
1 1 5 1 100 0.75 9 1460 0 20 20 0 11 0 0
1 1 5 1 100 0.75 9 1461 0 21 20 0 11 0 0
1 1 5 1 100 0.75 9 1462 0 22 22 0 11 0 0
1 1 5 1 100 0.75 9 1463 0 23 23 0 11 0 0
1 1 5 1 100 0.75 9 1464 0 24 24 0 11 0 0
1 1 5 1 100 0.75 9 1465 0 25 25 0 11 0 0
1 1 5 1 100 0.75 9 1466 0 26 26 0 11 0 0
1 1 5 1 100 0.75 9 1467 0 27 27 0 11 0 0
1 1 5 1 100 0.75 9 1468 0 28 28 0 11 0 0
1 1 5 1 100 0.75 9 1469 0 29 29 0 11 0 0
1 1 5 1 100 0.75 9 1470 0 30 29 0 11 0 0
1 1 5 1 100 0.75 9 1471 0 31 31 0 11 0 0
1 1 5 1 100 0.75 9 1472 1 32 31 0 11 0 0
1 1 5 1 100 0.75 9 1473 2 33 31 1 11 0 0
1 1 5 1 100 0.75 9 1474 2 34 32 2 11 0 0
1 1 5 1 100 0.75 9 1475 2 35 33 2 11 0 0
1 1 5 1 100 0.75 9 1476 3 36 33 2 11 0 0
1 1 5 1 100 0.75 9 1477 3 37 34 3 11 0 0
1 1 5 1 100 0.75 9 1478 3 38 35 3 11 0 0
1 1 5 1 100 0.75 9 1479 3 39 37 3 11 0 1
1 1 5 1 100 0.75 9 1480 3 40 39 3 11 0 2
1 1 5 1 100 0.75 9 1481 3 41 39 3 11 0 2
1 1 5 1 100 0.75 9 1482 3 42 40 3 11 0 2
1 1 5 1 100 0.75 9 1483 3 43 43 3 11 0 3
1 1 5 1 100 0.75 9 1484 3 44 43 3 11 0 3
1 1 5 1 100 0.75 9 1485 3 45 44 3 11 0 3
1 1 5 1 100 0.75 9 1486 3 46 46 3 11 0 3
1 1 5 1 100 0.75 9 1487 3 47 47 3 11 0 3
1 1 5 1 100 0.75 9 1488 3 48 48 3 11 0 3
1 1 5 1 100 0.75 9 1489 3 49 49 3 11 0 3
1 1 5 1 100 0.75 9 1490 4 50 48 3 11 0 3
1 1 5 1 100 0.75 9 1491 4 51 50 4 11 0 3
1 1 5 1 100 0.75 9 1492 5 52 49 4 11 0 3
1 1 5 1 100 0.75 9 1493 5 53 51 5 11 0 3
1 1 5 1 100 0.75 9 1494 5 54 50 5 11 0 3
1 1 5 1 100 0.75 9 1495 5 54 52 4 12 1 2
1 1 5 1 100 0.75 9 1496 5 55 53 4 12 1 2
1 1 5 1 100 0.75 9 1497 5 55 53 3 13 2 1
1 1 5 1 100 0.75 9 1498 5 56 55 3 13 2 1
1 1 5 1 100 0.75 9 1499 5 57 56 3 13 2 1
1 1 5 1 100 0.75 9 1500 5 57 57 2 14 3 1
1 1 5 1 100 0.75 9 1501 5 58 56 2 14 3 1
1 1 5 1 100 0.75 9 1502 6 59 58 2 14 3 1
1 1 5 1 100 0.75 9 1503 8 60 57 3 14 3 1
1 1 5 1 100 0.75 9 1504 8 61 58 5 14 3 1
1 1 5 1 100 0.75 9 1505 8 62 59 5 14 3 1
1 1 5 1 100 0.75 9 1506 8 63 60 5 13 3 1
1 1 5 1 100 0.75 9 1507 9 64 60 5 12 3 1
1 1 5 1 100 0.75 9 1508 10 65 60 6 12 3 1
1 1 5 1 100 0.75 9 1509 10 66 62 7 12 3 2
1 1 5 1 100 0.75 9 1510 10 67 64 7 12 3 2
1 1 5 1 100 0.75 9 1511 11 68 64 7 12 3 3
1 1 5 1 100 0.75 9 1512 11 69 65 8 12 3 3
1 1 5 1 100 0.75 9 1513 12 70 65 8 12 3 3
1 1 5 1 100 0.75 9 1514 13 71 65 9 12 3 3
1 1 5 1 100 0.75 9 1515 14 72 66 10 12 3 4
1 1 5 1 100 0.75 9 1516 14 73 68 11 12 3 5
1 1 5 1 100 0.75 9 1517 14 74 69 11 12 3 5
1 1 5 1 100 0.75 9 1518 14 75 70 11 12 3 5
1 1 5 1 100 0.75 9 1519 14 76 71 11 12 3 6
1 1 5 1 100 0.75 9 1520 15 76 71 10 13 4 5
1 1 5 1 100 0.75 9 1521 16 77 72 11 13 4 7
1 1 5 1 100 0.75 9 1522 17 78 72 12 13 4 7
1 1 5 1 100 0.75 9 1523 18 79 74 13 13 4 8
1 1 5 1 100 0.75 9 1524 18 80 75 14 13 4 8
1 1 5 1 100 0.75 9 1525 18 80 75 13 14 5 7
1 1 5 1 100 0.75 9 1526 19 81 75 13 14 5 7
1 1 5 1 100 0.75 9 1527 20 82 75 14 14 5 7
1 1 5 1 100 0.75 9 1528 20 83 77 15 14 5 7
1 1 5 1 100 0.75 9 1529 20 84 78 15 14 5 8
1 1 5 1 100 0.75 9 1530 21 84 79 14 15 6 8
1 1 5 1 100 0.75 9 1531 22 84 79 14 16 7 8
1 1 5 1 100 0.75 9 1532 23 85 78 15 16 7 8
1 1 5 1 100 0.75 9 1533 24 86 78 16 16 7 8
1 1 5 1 100 0.75 9 1534 24 86 79 16 17 8 8
1 1 5 1 100 0.75 9 1535 25 87 81 16 17 8 9
1 1 5 1 100 0.75 9 1536 26 88 80 17 17 8 9
1 1 5 1 100 0.75 9 1537 26 88 80 17 18 9 9
1 1 5 1 100 0.75 9 1538 27 89 81 18 18 9 10
1 1 5 1 100 0.75 9 1539 27 89 81 18 19 10 10
1 1 5 1 100 0.75 9 1540 27 90 84 18 19 10 11
1 1 5 1 100 0.75 9 1541 29 89 82 16 21 12 9
1 1 5 1 100 0.75 9 1542 30 90 82 18 21 12 9
1 1 5 1 100 0.75 9 1543 31 91 82 19 21 12 9
1 1 5 1 100 0.75 9 1544 31 92 85 20 21 12 11
1 1 5 1 100 0.75 9 1545 31 93 87 20 21 12 11
1 1 5 1 100 0.75 9 1546 33 93 85 19 22 13 11
1 1 5 1 100 0.75 9 1547 33 94 86 21 22 13 11
1 1 5 1 100 0.75 9 1548 33 94 87 20 23 14 11
1 1 5 1 100 0.75 9 1549 34 93 83 18 25 16 10
1 1 5 1 100 0.75 9 1550 34 94 89 19 25 16 11
1 1 5 1 100 0.75 9 1551 34 94 87 18 26 17 10
1 1 5 1 100 0.75 9 1552 35 95 90 18 26 17 10
1 1 5 1 100 0.75 9 1553 35 95 91 18 27 18 10
1 1 5 1 100 0.75 9 1554 35 95 90 18 28 19 9
1 1 5 1 100 0.75 9 1555 37 96 90 18 28 19 9
1 1 5 1 100 0.75 9 1556 37 96 89 19 29 20 9
1 1 5 1 100 0.75 9 1557 38 96 89 18 30 21 8
1 1 5 1 100 0.75 9 1558 40 97 89 19 29 21 8
1 1 5 1 100 0.75 9 1559 40 98 89 21 29 21 8
1 1 5 1 100 0.75 9 1560 42 99 91 21 29 21 9
1 1 5 1 100 0.75 9 1561 42 99 90 22 30 22 8
1 1 5 1 100 0.75 9 1562 43 100 92 22 30 22 9
1 1 5 1 100 0.75 9 1563 43 99 90 21 32 24 7
1 1 5 1 100 0.75 9 1564 45 100 91 21 32 24 8
1 1 5 1 100 0.75 9 1565 46 99 90 21 34 26 7
1 1 5 1 100 0.75 9 1566 47 99 89 21 35 27 7
1 1 5 1 100 0.75 9 1567 49 100 89 22 35 27 9
1 1 5 1 100 0.75 9 1568 50 101 91 24 35 27 9
1 1 5 1 100 0.75 9 1569 50 102 93 25 35 27 10
1 1 5 1 100 0.75 9 1570 51 102 90 24 36 28 9
1 1 5 1 100 0.75 9 1571 54 103 91 26 36 28 11
1 1 5 1 100 0.75 9 1572 56 104 89 29 36 28 11
1 1 5 1 100 0.75 9 1573 58 105 89 31 36 28 11
1 1 5 1 100 0.75 9 1574 58 106 90 33 36 28 11
1 1 5 1 100 0.75 9 1575 59 106 91 32 37 29 13
1 1 5 1 100 0.75 9 1576 60 106 90 32 38 30 12
1 1 5 1 100 0.75 9 1577 61 107 91 33 38 30 13
1 1 5 1 100 0.75 9 1578 61 108 95 34 38 30 15
1 1 5 1 100 0.75 9 1579 63 109 95 34 38 30 18
1 1 5 1 100 0.75 9 1580 63 109 98 35 39 31 18
1 1 5 1 100 0.75 9 1581 64 110 100 35 39 31 18
1 1 5 1 100 0.75 9 1582 66 109 96 34 41 33 16
1 1 5 1 100 0.75 9 1583 67 110 98 36 41 33 18
1 1 5 1 100 0.75 9 1584 67 109 94 35 43 35 16
1 1 5 1 100 0.75 9 1585 68 110 99 35 43 35 17
1 1 5 1 100 0.75 9 1586 70 110 96 35 44 36 16
1 1 5 1 100 0.75 9 1587 70 110 98 36 45 37 16
1 1 5 1 100 0.75 9 1588 72 110 94 35 46 38 15
1 1 5 1 100 0.75 9 1589 73 111 96 37 46 38 17
1 1 5 1 100 0.75 9 1590 74 110 95 36 48 40 15
1 1 5 1 100 0.75 9 1590 74 110 110 36 62 40 15
1 1 5 1 100 0.75 9 1620 74 110 110 36 11 40 15
1 1 5 1 100 0.75 10 1621 0 1 1 0 11 0 0
1 1 5 1 100 0.75 10 1622 0 2 2 0 11 0 0
1 1 5 1 100 0.75 10 1623 0 3 3 0 11 0 0
1 1 5 1 100 0.75 10 1624 0 4 4 0 11 0 0
1 1 5 1 100 0.75 10 1625 0 5 5 0 11 0 0
1 1 5 1 100 0.75 10 1626 0 6 6 0 11 0 0
1 1 5 1 100 0.75 10 1627 0 7 7 0 11 0 0
1 1 5 1 100 0.75 10 1628 0 8 8 0 11 0 0
1 1 5 1 100 0.75 10 1629 0 9 9 0 11 0 0
1 1 5 1 100 0.75 10 1630 0 10 10 0 11 0 0
1 1 5 1 100 0.75 10 1631 0 11 11 0 11 0 0
1 1 5 1 100 0.75 10 1632 0 12 12 0 11 0 0
1 1 5 1 100 0.75 10 1633 0 13 13 0 11 0 0
1 1 5 1 100 0.75 10 1634 0 14 14 0 11 0 0
1 1 5 1 100 0.75 10 1635 0 15 15 0 11 0 0
1 1 5 1 100 0.75 10 1636 0 16 16 0 11 0 0
1 1 5 1 100 0.75 10 1637 0 17 17 0 11 0 0
1 1 5 1 100 0.75 10 1638 0 18 18 0 11 0 0
1 1 5 1 100 0.75 10 1639 0 19 19 0 11 0 0
1 1 5 1 100 0.75 10 1640 0 20 20 0 11 0 0
1 1 5 1 100 0.75 10 1641 0 21 21 0 11 0 0
1 1 5 1 100 0.75 10 1642 0 22 22 0 11 0 0
1 1 5 1 100 0.75 10 1643 0 23 23 0 11 0 0
1 1 5 1 100 0.75 10 1644 0 24 24 0 11 0 0
1 1 5 1 100 0.75 10 1645 0 25 25 0 11 0 0
1 1 5 1 100 0.75 10 1646 0 26 26 0 11 0 0
1 1 5 1 100 0.75 10 1647 0 27 27 0 11 0 0
1 1 5 1 100 0.75 10 1648 0 28 28 0 11 0 0
1 1 5 1 100 0.75 10 1649 0 29 29 0 11 0 0
1 1 5 1 100 0.75 10 1650 0 30 30 0 11 0 0
1 1 5 1 100 0.75 10 1651 0 31 31 0 11 0 0
1 1 5 1 100 0.75 10 1652 0 32 31 0 11 0 0
1 1 5 1 100 0.75 10 1653 0 33 33 0 11 0 0
1 1 5 1 100 0.75 10 1654 1 34 33 0 11 0 0
1 1 5 1 100 0.75 10 1655 1 35 34 1 11 0 0
1 1 5 1 100 0.75 10 1656 1 36 35 1 11 0 0
1 1 5 1 100 0.75 10 1657 1 37 36 1 11 0 0
1 1 5 1 100 0.75 10 1658 2 38 36 1 11 0 0
1 1 5 1 100 0.75 10 1659 2 39 37 2 11 0 0
1 1 5 1 100 0.75 10 1660 2 40 38 2 11 0 0
1 1 5 1 100 0.75 10 1661 3 41 38 2 11 0 0
1 1 5 1 100 0.75 10 1662 5 42 38 3 11 0 0
1 1 5 1 100 0.75 10 1663 5 43 38 5 11 0 0
1 1 5 1 100 0.75 10 1664 5 44 39 5 11 0 0
1 1 5 1 100 0.75 10 1665 5 45 40 5 11 0 0
1 1 5 1 100 0.75 10 1666 5 46 41 5 11 0 1
1 1 5 1 100 0.75 10 1667 6 47 42 5 11 0 1
1 1 5 1 100 0.75 10 1668 6 48 44 6 11 0 2
1 1 5 1 100 0.75 10 1669 6 49 44 6 11 0 2
1 1 5 1 100 0.75 10 1670 7 50 47 6 11 0 4
1 1 5 1 100 0.75 10 1671 7 51 47 7 11 0 4
1 1 5 1 100 0.75 10 1672 7 52 49 7 11 0 4
1 1 5 1 100 0.75 10 1673 7 53 50 7 11 0 4
1 1 5 1 100 0.75 10 1674 7 54 52 7 11 0 5
1 1 5 1 100 0.75 10 1675 7 55 53 7 11 0 5
1 1 5 1 100 0.75 10 1676 7 56 53 7 11 0 5
1 1 5 1 100 0.75 10 1677 7 57 55 7 11 0 5
1 1 5 1 100 0.75 10 1678 7 58 57 7 11 0 5
1 1 5 1 100 0.75 10 1679 8 59 57 7 11 0 5
1 1 5 1 100 0.75 10 1680 9 60 57 8 11 0 5
1 1 5 1 100 0.75 10 1681 9 61 58 9 11 0 5
1 1 5 1 100 0.75 10 1682 9 62 59 9 11 0 5
1 1 5 1 100 0.75 10 1683 9 62 59 8 12 1 4
1 1 5 1 100 0.75 10 1684 9 63 60 8 12 1 4
1 1 5 1 100 0.75 10 1685 9 64 61 8 12 1 4
1 1 5 1 100 0.75 10 1686 10 64 60 7 13 2 3
1 1 5 1 100 0.75 10 1687 10 65 63 8 13 2 5
1 1 5 1 100 0.75 10 1688 11 65 62 7 14 3 4
1 1 5 1 100 0.75 10 1689 11 64 61 6 16 5 2
1 1 5 1 100 0.75 10 1690 12 65 60 6 16 5 2
1 1 5 1 100 0.75 10 1691 12 66 62 7 16 5 2
1 1 5 1 100 0.75 10 1692 13 67 62 7 15 5 2
1 1 5 1 100 0.75 10 1693 13 68 63 8 15 5 2
1 1 5 1 100 0.75 10 1694 13 69 65 8 15 5 3
1 1 5 1 100 0.75 10 1695 13 70 66 8 15 5 3
1 1 5 1 100 0.75 10 1696 15 71 66 8 15 5 4
1 1 5 1 100 0.75 10 1697 16 72 66 10 15 5 4
1 1 5 1 100 0.75 10 1698 17 73 67 11 15 5 5
1 1 5 1 100 0.75 10 1699 19 74 67 12 15 5 6
1 1 5 1 100 0.75 10 1700 20 75 67 14 15 5 6
1 1 5 1 100 0.75 10 1701 21 76 67 15 15 5 6
1 1 5 1 100 0.75 10 1702 21 77 68 16 15 5 6
1 1 5 1 100 0.75 10 1703 22 78 69 16 15 5 7
1 1 5 1 100 0.75 10 1704 22 79 70 17 15 5 8
1 1 5 1 100 0.75 10 1705 22 80 73 17 15 5 9
1 1 5 1 100 0.75 10 1706 22 80 74 16 16 6 9
1 1 5 1 100 0.75 10 1707 22 80 77 15 17 7 10
1 1 5 1 100 0.75 10 1708 23 81 78 15 17 7 10
1 1 5 1 100 0.75 10 1709 24 82 78 16 17 7 10
1 1 5 1 100 0.75 10 1710 24 82 79 16 18 8 10
1 1 5 1 100 0.75 10 1711 24 82 78 15 19 9 9
1 1 5 1 100 0.75 10 1712 25 83 78 15 19 9 9
1 1 5 1 100 0.75 10 1713 25 84 80 16 19 9 9
1 1 5 1 100 0.75 10 1714 26 85 78 16 19 9 9
1 1 5 1 100 0.75 10 1715 28 86 80 17 19 9 10
1 1 5 1 100 0.75 10 1716 30 87 79 19 19 9 10
1 1 5 1 100 0.75 10 1717 30 88 81 21 19 9 11
1 1 5 1 100 0.75 10 1718 30 88 81 20 20 10 10
1 1 5 1 100 0.75 10 1719 30 88 80 19 21 11 9
1 1 5 1 100 0.75 10 1720 30 89 82 19 21 11 9
1 1 5 1 100 0.75 10 1721 30 90 85 19 21 11 10
1 1 5 1 100 0.75 10 1722 30 90 87 18 22 12 10
1 1 5 1 100 0.75 10 1723 30 88 83 15 25 15 8
1 1 5 1 100 0.75 10 1724 31 88 82 15 26 16 8
1 1 5 1 100 0.75 10 1725 31 89 83 16 26 16 8
1 1 5 1 100 0.75 10 1726 32 89 81 15 27 17 7
1 1 5 1 100 0.75 10 1727 34 89 81 15 28 18 6
1 1 5 1 100 0.75 10 1728 34 90 81 17 28 18 6
1 1 5 1 100 0.75 10 1729 34 91 81 17 28 18 6
1 1 5 1 100 0.75 10 1730 35 92 82 17 28 18 6
1 1 5 1 100 0.75 10 1731 35 93 85 18 28 18 7
1 1 5 1 100 0.75 10 1732 36 93 83 17 29 19 7
1 1 5 1 100 0.75 10 1733 38 93 84 17 30 20 7
1 1 5 1 100 0.75 10 1734 40 94 82 19 30 20 8
1 1 5 1 100 0.75 10 1735 40 95 86 21 30 20 8
1 1 5 1 100 0.75 10 1736 44 96 83 21 30 20 8
1 1 5 1 100 0.75 10 1737 44 96 83 24 31 21 7
1 1 5 1 100 0.75 10 1738 44 96 84 23 32 22 7
1 1 5 1 100 0.75 10 1739 48 97 81 23 32 22 7
1 1 5 1 100 0.75 10 1740 49 97 83 26 33 23 9
1 1 5 1 100 0.75 10 1741 52 98 81 27 33 23 10
1 1 5 1 100 0.75 10 1742 52 98 81 29 34 24 9
1 1 5 1 100 0.75 10 1743 54 99 83 29 34 24 10
1 1 5 1 100 0.75 10 1744 56 100 85 31 34 24 13
1 1 5 1 100 0.75 10 1745 56 101 86 33 34 24 13
1 1 5 1 100 0.75 10 1746 58 102 85 33 34 24 14
1 1 5 1 100 0.75 10 1747 58 103 88 35 34 24 16
1 1 5 1 100 0.75 10 1748 59 103 89 34 35 25 18
1 1 5 1 100 0.75 10 1749 60 104 90 35 35 25 18
1 1 5 1 100 0.75 10 1750 61 105 92 36 35 25 20
1 1 5 1 100 0.75 10 1751 65 106 89 37 35 25 20
1 1 5 1 100 0.75 10 1752 65 105 92 39 37 27 18
1 1 5 1 100 0.75 10 1753 68 105 87 38 38 28 18
1 1 5 1 100 0.75 10 1754 72 105 85 41 39 29 17
1 1 5 1 100 0.75 10 1755 72 105 85 44 40 30 16
1 1 5 1 100 0.75 10 1756 74 106 86 44 40 30 18
1 1 5 1 100 0.75 10 1757 75 107 84 46 40 30 19
1 1 5 1 100 0.75 10 1758 75 107 86 46 41 31 18
1 1 5 1 100 0.75 10 1759 77 107 89 45 42 32 21
1 1 5 1 100 0.75 10 1760 77 107 87 46 43 33 20
1 1 5 1 100 0.75 10 1761 80 106 91 44 45 35 24
1 1 5 1 100 0.75 10 1762 82 106 89 46 45 36 24
1 1 5 1 100 0.75 10 1763 82 105 90 46 46 38 23
1 1 5 1 100 0.75 10 1764 84 105 88 46 47 39 24
1 1 5 1 100 0.75 10 1765 86 105 88 47 48 40 23
1 1 5 1 100 0.75 10 1766 88 103 84 46 51 43 21
1 1 5 1 100 0.75 10 1767 88 104 86 48 51 43 22
1 1 5 1 100 0.75 10 1768 90 104 84 47 52 44 22
1 1 5 1 100 0.75 10 1769 90 105 88 49 52 44 24
1 1 5 1 100 0.75 10 1770 91 105 88 48 53 45 26
1 1 5 1 100 0.75 10 1770 91 105 105 48 70 45 26
1 1 5 1 100 0.75 10 1800 91 105 105 48 11 45 26
