20 9 5 1 100 0.75 1 1 0 20 20 0 100 0 0
20 9 5 1 100 0.75 1 2 0 40 40 0 100 0 0
20 9 5 1 100 0.75 1 3 0 60 60 0 100 0 0
20 9 5 1 100 0.75 1 4 0 80 80 0 100 0 0
20 9 5 1 100 0.75 1 5 0 100 100 0 100 0 0
20 9 5 1 100 0.75 1 6 0 120 120 0 100 0 0
20 9 5 1 100 0.75 1 7 0 140 139 0 100 0 0
20 9 5 1 100 0.75 1 8 2 160 157 0 100 0 0
20 9 5 1 100 0.75 1 9 5 180 174 2 100 0 0
20 9 5 1 100 0.75 1 10 8 200 190 5 100 0 0
20 9 5 1 100 0.75 1 11 11 220 209 8 100 0 0
20 9 5 1 100 0.75 1 12 12 240 225 11 100 0 0
20 9 5 1 100 0.75 1 13 16 260 239 12 100 0 0
20 9 5 1 100 0.75 1 14 17 280 255 16 100 0 0
20 9 5 1 100 0.75 1 15 25 300 270 17 100 0 0
20 9 5 1 100 0.75 1 16 28 320 291 25 100 0 3
20 9 5 1 100 0.75 1 17 32 340 310 28 100 0 6
20 9 5 1 100 0.75 1 18 36 360 324 32 100 0 9
20 9 5 1 100 0.75 1 19 42 380 343 36 100 0 11
20 9 5 1 100 0.75 1 20 48 400 359 42 100 0 12
20 9 5 1 100 0.75 1 21 53 420 378 48 100 0 13
20 9 5 1 100 0.75 1 22 60 440 392 53 100 0 17
20 9 5 1 100 0.75 1 23 70 460 414 60 100 0 19
20 9 5 1 100 0.75 1 24 74 480 426 70 100 0 22
20 9 5 1 100 0.75 1 25 78 500 453 74 100 0 24
20 9 5 1 100 0.75 1 26 80 520 477 78 100 0 29
20 9 5 1 100 0.75 1 27 87 540 487 80 100 0 33
20 9 5 1 100 0.75 1 28 91 560 511 87 100 0 35
20 9 5 1 100 0.75 1 29 100 580 525 91 100 0 44
20 9 5 1 100 0.75 1 30 113 600 538 100 100 0 52
20 9 5 1 100 0.75 1 31 120 620 560 113 100 0 56
20 9 5 1 100 0.75 1 32 126 638 574 118 102 2 57
20 9 5 1 100 0.75 1 33 129 654 590 120 106 6 54
20 9 5 1 100 0.75 1 34 134 672 599 121 108 8 56
20 9 5 1 100 0.75 1 35 143 692 620 126 108 8 60
20 9 5 1 100 0.75 1 36 150 709 636 132 111 11 61
20 9 5 1 100 0.75 1 37 166 727 656 137 113 13 68
20 9 5 1 100 0.75 1 38 180 745 667 151 115 15 71
20 9 5 1 100 0.75 1 39 195 762 677 162 118 18 70
20 9 5 1 100 0.75 1 40 200 780 689 175 120 20 70
20 9 5 1 100 0.75 1 41 207 798 708 178 122 22 72
20 9 5 1 100 0.75 1 42 213 816 725 183 124 24 72
20 9 5 1 100 0.75 1 43 223 834 741 187 126 26 76
20 9 5 1 100 0.75 1 44 237 849 751 192 131 31 79
20 9 5 1 100 0.75 1 45 248 865 769 202 135 35 84
20 9 5 1 100 0.75 1 46 272 876 768 204 144 44 87
20 9 5 1 100 0.75 1 47 285 893 777 225 147 47 92
20 9 5 1 100 0.75 1 48 293 907 787 234 153 53 91
20 9 5 1 100 0.75 1 49 301 923 805 238 157 57 91
20 9 5 1 100 0.75 1 50 311 939 812 244 161 61 89
20 9 5 1 100 0.75 1 51 326 955 824 251 165 65 94
20 9 5 1 100 0.75 1 52 341 970 835 261 170 70 98
20 9 5 1 100 0.75 1 53 353 985 844 273 175 75 105
20 9 5 1 100 0.75 1 54 372 988 843 287 178 78 121
20 9 5 1 100 0.75 1 55 383 988 831 304 181 81 124
20 9 5 1 100 0.75 1 56 388 988 833 323 184 84 130
20 9 5 1 100 0.75 1 57 396 985 826 322 190 90 132
20 9 5 1 100 0.75 1 58 409 989 827 336 192 92 141
20 9 5 1 100 0.75 1 59 424 985 818 350 198 98 146
20 9 5 1 100 0.75 1 60 437 986 814 367 203 103 154
20 9 5 1 100 0.75 1 61 451 985 804 381 209 109 163
20 9 5 1 100 0.75 1 62 467 982 797 392 218 118 170
20 9 5 1 100 0.75 1 63 474 984 802 410 225 125 174
20 9 5 1 100 0.75 1 64 484 984 795 414 232 132 178
20 9 5 1 100 0.75 1 65 489 985 797 424 238 138 186
20 9 5 1 100 0.75 1 66 500 983 792 425 246 146 192
20 9 5 1 100 0.75 1 67 515 989 788 440 248 148 209
20 9 5 1 100 0.75 1 68 530 981 772 451 258 158 211
20 9 5 1 100 0.75 1 69 539 981 767 461 268 168 218
20 9 5 1 100 0.75 1 70 550 984 774 471 275 175 227
20 9 5 1 100 0.75 1 71 559 978 761 476 287 188 224
20 9 5 1 100 0.75 1 72 566 984 756 488 294 195 225
20 9 5 1 100 0.75 1 73 574 977 751 485 308 209 223
20 9 5 1 100 0.75 1 74 581 987 752 497 312 213 230
20 9 5 1 100 0.75 1 75 594 983 736 502 320 221 238
20 9 5 1 100 0.75 1 76 609 977 722 508 334 235 238
20 9 5 1 100 0.75 1 77 622 978 722 522 347 248 239
20 9 5 1 100 0.75 1 78 632 978 714 529 360 261 244
20 9 5 1 100 0.75 1 79 639 976 694 534 374 276 240
20 9 5 1 100 0.75 1 80 646 976 691 536 389 291 233
20 9 5 1 100 0.75 1 81 657 975 671 542 405 307 227
20 9 5 1 100 0.75 1 82 664 976 676 544 420 322 229
20 9 5 1 100 0.75 1 83 675 980 680 548 431 333 232
20 9 5 1 100 0.75 1 84 688 975 654 552 447 349 234
20 9 5 1 100 0.75 1 85 698 970 646 556 468 370 226
20 9 5 1 100 0.75 1 86 705 975 649 563 482 385 227
20 9 5 1 100 0.75 1 87 714 981 641 575 492 395 230
20 9 5 1 100 0.75 1 88 719 983 641 587 499 403 232
20 9 5 1 100 0.75 1 89 725 976 616 596 514 418 233
20 9 5 1 100 0.75 1 90 734 986 626 611 519 423 239
20 9 5 1 100 0.75 1 91 745 984 623 626 525 430 245
20 9 5 1 100 0.75 1 92 760 970 602 629 546 451 241
20 9 5 1 100 0.75 1 93 771 975 582 651 561 466 251
20 9 5 1 100 0.75 1 94 782 978 572 666 574 479 252
20 9 5 1 100 0.75 1 95 791 981 579 679 584 489 261
20 9 5 1 100 0.75 1 96 797 975 567 685 599 505 257
20 9 5 1 100 0.75 1 97 804 970 566 680 620 526 250
20 9 5 1 100 0.75 1 98 816 976 537 685 634 540 251
20 9 5 1 100 0.75 1 99 825 989 564 700 636 542 274
20 9 5 1 100 0.75 1 100 835 975 542 703 651 558 283
20 9 5 1 100 0.75 1 101 844 975 533 720 667 574 282
20 9 5 1 100 0.75 1 102 857 980 540 731 678 585 287
20 9 5 1 100 0.75 1 103 863 981 522 743 688 595 293
20 9 5 1 100 0.75 1 104 872 969 507 739 708 617 282
20 9 5 1 100 0.75 1 105 876 976 492 753 720 630 285
20 9 5 1 100 0.75 1 106 885 977 498 759 734 644 283
20 9 5 1 100 0.75 1 107 892 976 503 766 749 659 290
20 9 5 1 100 0.75 1 108 901 978 481 769 762 672 299
20 9 5 1 100 0.75 1 109 911 972 482 776 781 691 302
20 9 5 1 100 0.75 1 110 915 981 471 787 791 701 301
20 9 5 1 100 0.75 1 111 920 972 469 783 810 720 293
20 9 5 1 100 0.75 1 112 924 974 472 791 827 737 292
20 9 5 1 100 0.75 1 113 929 971 443 791 847 757 286
20 9 5 1 100 0.75 1 114 931 974 432 792 864 774 281
20 9 5 1 100 0.75 1 115 937 971 415 790 884 794 280
20 9 5 1 100 0.75 1 116 944 980 439 797 894 805 284
20 9 5 1 100 0.75 1 117 949 977 429 806 908 819 288
20 9 5 1 100 0.75 1 118 952 964 419 795 935 846 279
20 9 5 1 100 0.75 1 119 957 969 385 800 949 861 281
20 9 5 1 100 0.75 1 120 959 973 399 806 965 877 283
20 9 5 1 100 0.75 1 121 964 979 375 814 977 889 281
20 9 5 1 100 0.75 1 122 967 971 387 819 996 909 273
20 9 5 1 100 0.75 1 123 969 970 378 821 1016 930 268
20 9 5 1 100 0.75 1 124 971 975 374 824 1031 945 273
20 9 5 1 100 0.75 1 125 975 978 366 823 1039 958 269
20 9 5 1 100 0.75 1 126 979 975 363 830 1053 974 270
20 9 5 1 100 0.75 1 127 984 975 348 838 1067 990 266
20 9 5 1 100 0.75 1 128 984 971 344 841 1087 1010 266
20 9 5 1 100 0.75 1 129 987 976 336 840 1101 1025 271
20 9 5 1 100 0.75 1 130 989 977 343 845 1113 1039 269
20 9 5 1 100 0.75 1 131 989 979 348 859 1125 1051 267
20 9 5 1 100 0.75 1 132 990 980 341 863 1135 1062 265
20 9 5 1 100 0.75 1 133 991 974 337 859 1151 1079 266
20 9 5 1 100 0.75 1 134 991 975 346 860 1165 1095 268
20 9 5 1 100 0.75 1 135 991 971 316 859 1184 1115 263
20 9 5 1 100 0.75 1 136 991 975 315 859 1200 1131 259
20 9 5 1 100 0.75 1 137 991 971 308 857 1220 1151 257
20 9 5 1 100 0.75 1 138 991 982 298 863 1229 1160 263
20 9 5 1 100 0.75 1 139 991 980 308 863 1240 1171 263
20 9 5 1 100 0.75 1 140 991 973 286 858 1257 1189 255
20 9 5 1 100 0.75 1 141 991 974 300 856 1274 1206 256
20 9 5 1 100 0.75 1 142 991 972 301 853 1293 1225 248
20 9 5 1 100 0.75 1 143 991 977 304 859 1304 1239 243
20 9 5 1 100 0.75 1 144 991 974 277 861 1320 1256 243
20 9 5 1 100 0.75 1 145 991 975 267 860 1336 1272 235
20 9 5 1 100 0.75 1 146 991 974 269 855 1353 1289 227
20 9 5 1 100 0.75 1 147 991 988 285 862 1355 1292 243
20 9 5 1 100 0.75 1 148 991 977 264 864 1369 1306 233
20 9 5 1 100 0.75 1 149 991 976 278 868 1384 1321 231
20 9 5 1 100 0.75 1 150 991 970 257 863 1405 1342 224
20 9 5 1 100 0.75 1 150 991 970 970 863 1624 1342 224
20 9 5 1 100 0.75 1 180 991 970 970 863 98 1342 224
20 9 5 1 100 0.75 2 181 0 20 20 0 98 0 0
20 9 5 1 100 0.75 2 182 0 40 40 0 98 0 0
20 9 5 1 100 0.75 2 183 0 60 60 0 98 0 0
20 9 5 1 100 0.75 2 184 0 80 80 0 98 0 0
20 9 5 1 100 0.75 2 185 0 100 100 0 98 0 0
20 9 5 1 100 0.75 2 186 0 120 119 0 98 0 0
20 9 5 1 100 0.75 2 187 0 140 138 0 98 0 0
20 9 5 1 100 0.75 2 188 0 160 158 0 98 0 0
20 9 5 1 100 0.75 2 189 1 180 178 0 98 0 0
20 9 5 1 100 0.75 2 190 5 200 195 1 98 0 0
20 9 5 1 100 0.75 2 191 10 220 209 5 98 0 0
20 9 5 1 100 0.75 2 192 13 240 225 10 98 0 0
20 9 5 1 100 0.75 2 193 19 260 239 13 98 0 0
20 9 5 1 100 0.75 2 194 23 280 255 19 98 0 0
20 9 5 1 100 0.75 2 195 28 300 272 23 98 0 0
20 9 5 1 100 0.75 2 196 32 320 289 28 98 0 1
20 9 5 1 100 0.75 2 197 34 340 308 32 98 0 3
20 9 5 1 100 0.75 2 198 40 360 326 34 98 0 7
20 9 5 1 100 0.75 2 199 47 380 343 40 98 0 11
20 9 5 1 100 0.75 2 200 53 400 361 47 98 0 13
20 9 5 1 100 0.75 2 201 59 420 378 53 98 0 16
20 9 5 1 100 0.75 2 202 64 440 395 59 98 0 20
20 9 5 1 100 0.75 2 203 67 460 414 64 98 0 20
20 9 5 1 100 0.75 2 204 73 480 436 67 98 0 23
20 9 5 1 100 0.75 2 205 80 500 450 73 98 0 27
20 9 5 1 100 0.75 2 206 85 520 469 80 98 0 34
20 9 5 1 100 0.75 2 207 90 540 494 85 98 0 40
20 9 5 1 100 0.75 2 208 94 560 506 90 98 0 42
20 9 5 1 100 0.75 2 209 102 580 531 94 98 0 48
20 9 5 1 100 0.75 2 210 110 600 542 102 98 0 49
20 9 5 1 100 0.75 2 211 118 620 563 110 98 0 54
20 9 5 1 100 0.75 2 212 123 640 586 118 98 0 60
20 9 5 1 100 0.75 2 213 132 657 597 120 101 3 61
20 9 5 1 100 0.75 2 214 144 675 613 127 103 5 65
20 9 5 1 100 0.75 2 215 148 692 626 136 105 8 63
20 9 5 1 100 0.75 2 216 158 706 633 134 111 14 59
20 9 5 1 100 0.75 2 217 172 725 651 143 112 15 67
20 9 5 1 100 0.75 2 218 181 744 669 156 113 16 74
20 9 5 1 100 0.75 2 219 186 763 681 164 114 17 76
20 9 5 1 100 0.75 2 220 190 780 697 166 117 20 79
20 9 5 1 100 0.75 2 221 199 797 719 167 120 23 86
20 9 5 1 100 0.75 2 222 212 813 722 172 124 27 87
20 9 5 1 100 0.75 2 223 222 831 741 183 126 29 90
20 9 5 1 100 0.75 2 224 233 845 747 187 132 35 95
20 9 5 1 100 0.75 2 225 249 863 763 197 134 37 102
20 9 5 1 100 0.75 2 226 257 878 773 210 138 42 104
20 9 5 1 100 0.75 2 227 264 891 785 213 145 49 100
20 9 5 1 100 0.75 2 228 274 905 794 215 151 55 99
20 9 5 1 100 0.75 2 229 286 919 808 220 157 61 104
20 9 5 1 100 0.75 2 230 296 936 813 229 160 64 109
20 9 5 1 100 0.75 2 231 310 954 828 237 162 66 114
20 9 5 1 100 0.75 2 232 326 966 837 245 170 74 118
20 9 5 1 100 0.75 2 233 341 981 846 257 175 79 125
20 9 5 1 100 0.75 2 234 352 988 843 270 178 82 129
20 9 5 1 100 0.75 2 235 358 986 845 277 183 87 129
20 9 5 1 100 0.75 2 236 371 989 839 289 185 89 135
20 9 5 1 100 0.75 2 237 386 980 827 298 196 100 132
20 9 5 1 100 0.75 2 238 403 986 824 313 201 105 136
20 9 5 1 100 0.75 2 239 416 986 818 333 206 110 141
20 9 5 1 100 0.75 2 240 430 985 810 344 211 116 149
20 9 5 1 100 0.75 2 241 441 984 802 357 217 123 151
20 9 5 1 100 0.75 2 242 450 979 793 364 229 135 147
20 9 5 1 100 0.75 2 243 454 986 800 373 234 140 153
20 9 5 1 100 0.75 2 244 464 986 795 379 239 145 162
20 9 5 1 100 0.75 2 245 479 985 793 394 245 151 174
20 9 5 1 100 0.75 2 246 494 986 777 413 250 156 183
20 9 5 1 100 0.75 2 247 505 982 765 427 259 165 181
20 9 5 1 100 0.75 2 248 514 983 769 433 267 173 189
20 9 5 1 100 0.75 2 249 525 978 769 437 280 186 189
20 9 5 1 100 0.75 2 250 532 982 751 452 289 195 188
20 9 5 1 100 0.75 2 251 542 979 744 456 301 207 191
20 9 5 1 100 0.75 2 252 551 982 730 462 310 216 198
20 9 5 1 100 0.75 2 253 566 987 749 471 314 220 217
20 9 5 1 100 0.75 2 254 573 984 740 486 321 227 224
20 9 5 1 100 0.75 2 255 583 979 726 486 333 239 224
20 9 5 1 100 0.75 2 256 594 981 728 496 343 249 229
20 9 5 1 100 0.75 2 257 605 977 710 504 357 263 229
20 9 5 1 100 0.75 2 258 618 986 724 521 362 268 235
20 9 5 1 100 0.75 2 259 627 973 686 525 380 286 233
20 9 5 1 100 0.75 2 260 642 984 694 539 387 293 236
20 9 5 1 100 0.75 2 261 646 986 694 554 392 298 247
20 9 5 1 100 0.75 2 262 661 972 671 545 411 317 242
20 9 5 1 100 0.75 2 263 669 979 672 557 423 329 244
20 9 5 1 100 0.75 2 264 676 979 679 564 435 341 246
20 9 5 1 100 0.75 2 265 685 977 660 567 448 355 246
20 9 5 1 100 0.75 2 266 697 982 644 583 457 364 256
20 9 5 1 100 0.75 2 267 704 975 642 591 473 380 257
20 9 5 1 100 0.75 2 268 716 973 626 588 491 398 247
20 9 5 1 100 0.75 2 269 729 975 613 592 507 414 241
20 9 5 1 100 0.75 2 270 739 984 627 610 514 421 247
20 9 5 1 100 0.75 2 271 748 978 614 619 527 434 250
20 9 5 1 100 0.75 2 272 758 972 604 625 546 453 248
20 9 5 1 100 0.75 2 273 771 976 596 634 561 468 253
20 9 5 1 100 0.75 2 274 779 976 576 642 576 483 250
20 9 5 1 100 0.75 2 275 785 973 572 642 594 501 243
20 9 5 1 100 0.75 2 276 794 980 562 657 605 512 252
20 9 5 1 100 0.75 2 277 803 976 551 668 620 527 249
20 9 5 1 100 0.75 2 278 816 979 549 677 631 539 253
20 9 5 1 100 0.75 2 279 822 979 542 690 643 551 262
20 9 5 1 100 0.75 2 280 830 982 563 701 651 560 276
20 9 5 1 100 0.75 2 281 840 974 529 710 668 577 274
20 9 5 1 100 0.75 2 282 849 975 527 719 684 593 273
20 9 5 1 100 0.75 2 283 854 973 524 725 701 611 275
20 9 5 1 100 0.75 2 284 861 978 526 733 714 624 276
20 9 5 1 100 0.75 2 285 875 973 506 737 732 642 272
20 9 5 1 100 0.75 2 286 880 982 505 755 740 651 275
20 9 5 1 100 0.75 2 287 889 974 481 756 757 668 276
20 9 5 1 100 0.75 2 288 897 985 496 767 763 674 292
20 9 5 1 100 0.75 2 289 900 969 486 768 785 696 285
20 9 5 1 100 0.75 2 290 905 975 466 774 799 710 284
20 9 5 1 100 0.75 2 291 910 978 457 782 811 723 289
20 9 5 1 100 0.75 2 292 918 975 463 788 827 739 288
20 9 5 1 100 0.75 2 293 926 977 445 796 841 753 292
20 9 5 1 100 0.75 2 294 933 974 433 804 858 770 290
20 9 5 1 100 0.75 2 295 941 967 419 795 881 794 282
20 9 5 1 100 0.75 2 296 942 977 410 809 890 804 282
20 9 5 1 100 0.75 2 297 946 973 409 799 907 822 280
20 9 5 1 100 0.75 2 298 950 976 424 810 922 837 285
20 9 5 1 100 0.75 2 299 957 977 408 813 936 851 293
20 9 5 1 100 0.75 2 300 959 966 393 809 961 876 283
20 9 5 1 100 0.75 2 301 965 978 397 817 968 884 290
20 9 5 1 100 0.75 2 302 970 971 383 821 988 904 281
20 9 5 1 100 0.75 2 303 972 974 379 826 1005 921 275
20 9 5 1 100 0.75 2 304 975 977 376 833 1019 935 271
20 9 5 1 100 0.75 2 305 978 974 367 832 1036 952 272
20 9 5 1 100 0.75 2 306 978 971 371 834 1054 972 268
20 9 5 1 100 0.75 2 307 981 972 362 831 1073 991 261
20 9 5 1 100 0.75 2 308 983 979 355 837 1084 1003 262
20 9 5 1 100 0.75 2 309 986 977 367 842 1098 1017 263
20 9 5 1 100 0.75 2 310 988 971 337 843 1117 1037 259
20 9 5 1 100 0.75 2 311 990 976 331 846 1131 1052 258
20 9 5 1 100 0.75 2 312 991 977 317 851 1145 1066 260
20 9 5 1 100 0.75 2 313 991 977 320 851 1159 1080 266
20 9 5 1 100 0.75 2 314 991 972 321 852 1178 1099 255
20 9 5 1 100 0.75 2 315 991 975 328 856 1194 1115 256
20 9 5 1 100 0.75 2 316 991 974 302 855 1211 1132 252
20 9 5 1 100 0.75 2 317 991 976 298 856 1225 1147 247
20 9 5 1 100 0.75 2 318 991 978 303 855 1236 1160 249
20 9 5 1 100 0.75 2 319 991 972 310 858 1255 1179 239
20 9 5 1 100 0.75 2 320 991 978 303 861 1266 1192 243
20 9 5 1 100 0.75 2 321 991 982 297 863 1275 1201 250
20 9 5 1 100 0.75 2 322 991 972 280 858 1294 1220 249
20 9 5 1 100 0.75 2 323 991 983 284 872 1302 1228 251
20 9 5 1 100 0.75 2 324 991 974 261 867 1319 1245 242
20 9 5 1 100 0.75 2 325 991 978 258 870 1332 1258 243
20 9 5 1 100 0.75 2 326 991 972 266 869 1351 1277 235
20 9 5 1 100 0.75 2 327 991 979 257 872 1362 1289 237
20 9 5 1 100 0.75 2 328 991 969 259 864 1384 1311 222
20 9 5 1 100 0.75 2 329 991 979 245 866 1394 1321 222
20 9 5 1 100 0.75 2 330 991 976 253 864 1409 1336 223
20 9 5 1 100 0.75 2 330 991 976 976 864 1626 1336 223
20 9 5 1 100 0.75 2 360 991 976 976 864 98 1336 223
20 9 5 1 100 0.75 3 361 0 20 20 0 98 0 0
20 9 5 1 100 0.75 3 362 0 40 40 0 98 0 0
20 9 5 1 100 0.75 3 363 0 60 60 0 98 0 0
20 9 5 1 100 0.75 3 364 0 80 80 0 98 0 0
20 9 5 1 100 0.75 3 365 0 100 99 0 98 0 0
20 9 5 1 100 0.75 3 366 0 120 118 0 98 0 0
20 9 5 1 100 0.75 3 367 1 140 137 0 98 0 0
20 9 5 1 100 0.75 3 368 3 160 155 1 98 0 0
20 9 5 1 100 0.75 3 369 5 180 171 3 98 0 0
20 9 5 1 100 0.75 3 370 8 200 187 5 98 0 0
20 9 5 1 100 0.75 3 371 10 220 206 8 98 0 0
20 9 5 1 100 0.75 3 372 13 240 224 10 98 0 0
20 9 5 1 100 0.75 3 373 18 260 238 13 98 0 0
20 9 5 1 100 0.75 3 374 21 280 258 18 98 0 0
20 9 5 1 100 0.75 3 375 27 300 272 21 98 0 2
20 9 5 1 100 0.75 3 376 32 320 287 27 98 0 2
20 9 5 1 100 0.75 3 377 37 340 304 32 98 0 4
20 9 5 1 100 0.75 3 378 41 360 322 37 98 0 7
20 9 5 1 100 0.75 3 379 48 380 337 41 98 0 7
20 9 5 1 100 0.75 3 380 51 400 360 48 98 0 12
20 9 5 1 100 0.75 3 381 58 420 375 51 98 0 13
20 9 5 1 100 0.75 3 382 63 440 391 58 98 0 16
20 9 5 1 100 0.75 3 383 67 460 411 63 98 0 17
20 9 5 1 100 0.75 3 384 73 480 430 67 98 0 21
20 9 5 1 100 0.75 3 385 79 500 450 73 98 0 24
20 9 5 1 100 0.75 3 386 86 520 468 79 98 0 28
20 9 5 1 100 0.75 3 387 93 540 485 86 98 0 32
20 9 5 1 100 0.75 3 388 101 560 510 93 98 0 35
20 9 5 1 100 0.75 3 389 110 580 524 101 98 0 41
20 9 5 1 100 0.75 3 390 118 600 539 110 98 0 42
20 9 5 1 100 0.75 3 391 125 620 561 118 98 0 46
20 9 5 1 100 0.75 3 392 131 638 573 123 100 2 50
20 9 5 1 100 0.75 3 393 136 658 594 129 100 2 53
20 9 5 1 100 0.75 3 394 139 678 617 134 100 2 60
20 9 5 1 100 0.75 3 395 145 696 631 135 102 4 65
20 9 5 1 100 0.75 3 396 147 715 650 140 103 5 68
20 9 5 1 100 0.75 3 397 160 733 672 140 105 7 72
20 9 5 1 100 0.75 3 398 171 749 678 149 109 11 75
20 9 5 1 100 0.75 3 399 177 767 698 158 110 13 79
20 9 5 1 100 0.75 3 400 184 786 707 163 111 14 82
20 9 5 1 100 0.75 3 401 194 799 720 163 118 21 79
20 9 5 1 100 0.75 3 402 207 816 735 170 121 24 76
20 9 5 1 100 0.75 3 403 214 834 744 181 123 26 77
20 9 5 1 100 0.75 3 404 218 851 766 185 126 29 78
20 9 5 1 100 0.75 3 405 226 868 779 187 129 32 88
20 9 5 1 100 0.75 3 406 239 883 792 190 134 37 89
20 9 5 1 100 0.75 3 407 246 898 798 200 139 42 92
20 9 5 1 100 0.75 3 408 261 915 812 205 142 45 98
20 9 5 1 100 0.75 3 409 271 932 830 217 145 48 104
20 9 5 1 100 0.75 3 410 282 946 834 222 151 54 104
20 9 5 1 100 0.75 3 411 299 961 842 229 156 59 102
20 9 5 1 100 0.75 3 412 309 972 839 241 165 68 98
20 9 5 1 100 0.75 3 413 324 984 850 248 172 75 101
20 9 5 1 100 0.75 3 414 331 988 853 263 175 78 106
20 9 5 1 100 0.75 3 415 343 986 846 267 180 83 113
20 9 5 1 100 0.75 3 416 357 987 843 278 184 87 116
20 9 5 1 100 0.75 3 417 371 986 841 288 189 92 119
20 9 5 1 100 0.75 3 418 388 986 834 301 194 97 128
20 9 5 1 100 0.75 3 419 402 988 836 321 197 100 138
20 9 5 1 100 0.75 3 420 413 991 828 343 197 100 152
20 9 5 1 100 0.75 3 421 420 983 828 356 205 108 152
20 9 5 1 100 0.75 3 422 430 988 821 362 208 111 159
20 9 5 1 100 0.75 3 423 442 979 806 369 220 123 155
20 9 5 1 100 0.75 3 424 452 982 798 378 229 132 159
20 9 5 1 100 0.75 3 425 465 982 794 388 238 141 166
20 9 5 1 100 0.75 3 426 478 981 786 396 248 151 170
20 9 5 1 100 0.75 3 427 491 986 783 411 253 156 181
20 9 5 1 100 0.75 3 428 502 988 787 425 256 159 188
20 9 5 1 100 0.75 3 429 516 981 770 430 266 169 187
20 9 5 1 100 0.75 3 430 524 983 771 442 274 177 192
20 9 5 1 100 0.75 3 431 535 985 768 451 280 183 196
20 9 5 1 100 0.75 3 432 545 980 758 460 291 194 200
20 9 5 1 100 0.75 3 433 553 988 764 479 294 197 212
20 9 5 1 100 0.75 3 434 561 981 760 484 304 207 217
20 9 5 1 100 0.75 3 435 576 978 734 487 317 220 218
20 9 5 1 100 0.75 3 436 590 983 741 497 324 228 224
20 9 5 1 100 0.75 3 437 596 981 739 509 334 238 225
20 9 5 1 100 0.75 3 438 604 980 729 514 345 249 224
20 9 5 1 100 0.75 3 439 615 980 719 517 356 260 231
20 9 5 1 100 0.75 3 440 626 975 702 524 372 276 231
20 9 5 1 100 0.75 3 441 634 980 705 526 383 287 230
20 9 5 1 100 0.75 3 442 646 981 701 532 393 297 241
20 9 5 1 100 0.75 3 443 659 974 675 541 410 314 236
20 9 5 1 100 0.75 3 444 666 980 675 554 421 325 238
20 9 5 1 100 0.75 3 445 672 981 688 558 431 335 241
20 9 5 1 100 0.75 3 446 691 976 669 559 446 350 246
20 9 5 1 100 0.75 3 447 699 978 659 575 459 363 242
20 9 5 1 100 0.75 3 448 708 977 640 585 473 377 242
20 9 5 1 100 0.75 3 449 717 972 624 586 492 396 233
20 9 5 1 100 0.75 3 450 724 981 632 596 502 406 246
20 9 5 1 100 0.75 3 451 736 978 623 610 514 419 249
20 9 5 1 100 0.75 3 452 745 977 599 621 528 433 250
20 9 5 1 100 0.75 3 453 756 978 612 625 541 446 257
20 9 5 1 100 0.75 3 454 766 982 606 637 550 455 263
20 9 5 1 100 0.75 3 455 779 974 590 645 567 472 259
20 9 5 1 100 0.75 3 456 789 985 593 664 573 478 264
20 9 5 1 100 0.75 3 457 800 973 575 676 591 496 265
20 9 5 1 100 0.75 3 458 807 978 570 688 604 509 270
20 9 5 1 100 0.75 3 459 814 976 559 691 619 524 271
20 9 5 1 100 0.75 3 460 820 974 553 696 636 541 268
20 9 5 1 100 0.75 3 461 834 972 529 696 655 560 271
20 9 5 1 100 0.75 3 462 842 975 518 705 670 576 274
20 9 5 1 100 0.75 3 463 852 979 515 717 680 588 289
20 9 5 1 100 0.75 3 464 867 986 520 731 685 593 305
20 9 5 1 100 0.75 3 465 875 980 518 742 695 604 310
20 9 5 1 100 0.75 3 466 878 967 499 748 719 628 303
20 9 5 1 100 0.75 3 467 885 974 505 750 732 641 304
20 9 5 1 100 0.75 3 468 892 975 489 758 748 657 303
20 9 5 1 100 0.75 3 469 896 977 497 770 762 671 300
20 9 5 1 100 0.75 3 470 902 969 471 768 783 693 303
20 9 5 1 100 0.75 3 471 913 977 475 777 795 705 306
20 9 5 1 100 0.75 3 472 919 976 451 784 810 720 310
20 9 5 1 100 0.75 3 473 924 971 447 775 830 740 309
20 9 5 1 100 0.75 3 474 927 973 432 773 848 758 309
20 9 5 1 100 0.75 3 475 929 981 449 795 858 768 317
20 9 5 1 100 0.75 3 476 933 968 432 788 881 791 307
20 9 5 1 100 0.75 3 477 939 975 428 795 894 804 313
20 9 5 1 100 0.75 3 478 942 964 416 789 921 831 296
20 9 5 1 100 0.75 3 479 947 968 399 794 936 847 295
20 9 5 1 100 0.75 3 480 955 974 422 799 949 861 292
20 9 5 1 100 0.75 3 481 957 967 390 799 972 885 284
20 9 5 1 100 0.75 3 482 959 967 376 800 992 905 284
20 9 5 1 100 0.75 3 483 960 972 385 801 1007 920 285
20 9 5 1 100 0.75 3 484 963 971 371 796 1026 940 283
20 9 5 1 100 0.75 3 485 969 976 368 801 1041 955 285
20 9 5 1 100 0.75 3 486 971 980 387 813 1052 966 288
20 9 5 1 100 0.75 3 487 974 973 358 819 1069 984 285
20 9 5 1 100 0.75 3 488 976 975 345 827 1085 1000 290
20 9 5 1 100 0.75 3 489 977 968 338 819 1108 1023 279
20 9 5 1 100 0.75 3 490 978 970 337 826 1125 1041 270
20 9 5 1 100 0.75 3 491 979 973 347 828 1141 1058 268
20 9 5 1 100 0.75 3 492 983 971 331 829 1161 1078 265
20 9 5 1 100 0.75 3 493 988 978 316 839 1174 1091 268
20 9 5 1 100 0.75 3 494 989 976 320 843 1187 1106 274
20 9 5 1 100 0.75 3 495 990 975 321 842 1202 1122 272
20 9 5 1 100 0.75 3 496 991 980 320 844 1213 1133 272
20 9 5 1 100 0.75 3 497 991 977 316 855 1225 1147 278
20 9 5 1 100 0.75 3 498 991 973 299 854 1242 1165 278
20 9 5 1 100 0.75 3 499 991 966 294 851 1266 1190 272
20 9 5 1 100 0.75 3 500 991 979 311 859 1272 1197 280
20 9 5 1 100 0.75 3 501 991 980 296 867 1283 1208 283
20 9 5 1 100 0.75 3 502 991 967 289 861 1307 1232 273
20 9 5 1 100 0.75 3 503 991 968 272 849 1326 1251 267
20 9 5 1 100 0.75 3 504 991 972 281 853 1341 1267 269
20 9 5 1 100 0.75 3 505 991 974 273 848 1358 1284 266
20 9 5 1 100 0.75 3 506 991 980 272 850 1367 1295 269
20 9 5 1 100 0.75 3 507 991 976 256 857 1381 1310 268
20 9 5 1 100 0.75 3 508 991 984 271 863 1385 1317 273
20 9 5 1 100 0.75 3 509 991 977 282 862 1398 1331 271
20 9 5 1 100 0.75 3 510 991 973 268 863 1416 1349 264
20 9 5 1 100 0.75 3 510 991 973 973 863 1674 1349 264
20 9 5 1 100 0.75 3 540 991 973 973 863 98 1349 264
20 9 5 1 100 0.75 4 541 0 20 20 0 98 0 0
20 9 5 1 100 0.75 4 542 0 40 40 0 98 0 0
20 9 5 1 100 0.75 4 543 0 60 60 0 98 0 0
20 9 5 1 100 0.75 4 544 0 80 80 0 98 0 0
20 9 5 1 100 0.75 4 545 0 100 100 0 98 0 0
20 9 5 1 100 0.75 4 546 0 120 118 0 98 0 0
20 9 5 1 100 0.75 4 547 1 140 138 0 98 0 0
20 9 5 1 100 0.75 4 548 1 160 159 1 98 0 0
20 9 5 1 100 0.75 4 549 2 180 177 1 98 0 0
20 9 5 1 100 0.75 4 550 9 200 186 2 98 0 0
20 9 5 1 100 0.75 4 551 13 220 205 9 98 0 0
20 9 5 1 100 0.75 4 552 20 240 220 13 98 0 0
20 9 5 1 100 0.75 4 553 26 260 232 20 98 0 0
20 9 5 1 100 0.75 4 554 30 280 247 26 98 0 1
20 9 5 1 100 0.75 4 555 32 300 268 30 97 0 1
20 9 5 1 100 0.75 4 556 34 320 288 32 97 0 2
20 9 5 1 100 0.75 4 557 38 340 302 34 97 0 4
20 9 5 1 100 0.75 4 558 40 360 325 38 97 0 10
20 9 5 1 100 0.75 4 559 48 380 341 40 97 0 15
20 9 5 1 100 0.75 4 560 52 400 362 48 97 0 17
20 9 5 1 100 0.75 4 561 61 420 380 52 97 0 24
20 9 5 1 100 0.75 4 562 68 440 391 61 97 0 27
20 9 5 1 100 0.75 4 563 73 460 412 68 97 0 28
20 9 5 1 100 0.75 4 564 78 480 428 73 96 0 31
20 9 5 1 100 0.75 4 565 82 500 452 78 96 0 34
20 9 5 1 100 0.75 4 566 89 520 469 82 96 0 36
20 9 5 1 100 0.75 4 567 94 540 487 89 96 0 39
20 9 5 1 100 0.75 4 568 103 560 506 94 96 0 46
20 9 5 1 100 0.75 4 569 114 579 521 102 97 1 52
20 9 5 1 100 0.75 4 570 120 599 537 113 97 1 58
20 9 5 1 100 0.75 4 571 127 619 555 119 97 1 62
20 9 5 1 100 0.75 4 572 131 638 572 125 98 2 62
20 9 5 1 100 0.75 4 573 142 656 588 127 100 4 65
20 9 5 1 100 0.75 4 574 149 675 604 137 101 5 70
20 9 5 1 100 0.75 4 575 157 695 618 144 101 5 74
20 9 5 1 100 0.75 4 576 169 713 636 150 103 7 80
20 9 5 1 100 0.75 4 577 180 723 641 152 113 17 77
20 9 5 1 100 0.75 4 578 191 739 654 159 117 21 78
20 9 5 1 100 0.75 4 579 200 755 667 166 121 25 75
20 9 5 1 100 0.75 4 580 209 771 678 171 125 29 77
20 9 5 1 100 0.75 4 581 216 789 697 179 127 31 81
20 9 5 1 100 0.75 4 582 223 807 713 184 129 33 84
20 9 5 1 100 0.75 4 583 233 826 734 190 130 34 91
20 9 5 1 100 0.75 4 584 248 840 743 194 136 40 94
20 9 5 1 100 0.75 4 585 262 851 747 200 145 49 93
20 9 5 1 100 0.75 4 586 275 868 761 211 148 52 98
20 9 5 1 100 0.75 4 587 284 882 763 218 154 58 97
20 9 5 1 100 0.75 4 588 298 897 776 222 159 63 97
20 9 5 1 100 0.75 4 589 307 913 789 234 163 67 100
20 9 5 1 100 0.75 4 590 316 932 806 242 164 68 104
20 9 5 1 100 0.75 4 591 332 944 812 245 172 76 105
20 9 5 1 100 0.75 4 592 343 963 825 263 173 77 117
20 9 5 1 100 0.75 4 593 359 977 834 271 179 83 124
20 9 5 1 100 0.75 4 594 371 986 831 285 184 88 124
20 9 5 1 100 0.75 4 595 388 985 828 298 190 94 129
20 9 5 1 100 0.75 4 596 402 984 819 311 197 101 129
20 9 5 1 100 0.75 4 597 413 988 814 332 200 104 135
20 9 5 1 100 0.75 4 598 426 984 809 341 207 111 142
20 9 5 1 100 0.75 4 599 442 986 798 354 212 116 150
20 9 5 1 100 0.75 4 600 452 986 801 371 217 121 153
20 9 5 1 100 0.75 4 601 463 984 789 386 224 128 159
20 9 5 1 100 0.75 4 602 471 984 790 398 231 135 164
20 9 5 1 100 0.75 4 603 485 983 782 406 239 143 176
20 9 5 1 100 0.75 4 604 492 985 788 418 245 149 177
20 9 5 1 100 0.75 4 605 509 981 774 421 255 159 179
20 9 5 1 100 0.75 4 606 521 984 775 436 262 166 188
20 9 5 1 100 0.75 4 607 532 984 768 448 269 173 198
20 9 5 1 100 0.75 4 608 542 982 762 460 278 182 202
20 9 5 1 100 0.75 4 609 550 985 765 469 284 188 211
20 9 5 1 100 0.75 4 610 558 982 755 478 293 197 210
20 9 5 1 100 0.75 4 611 567 982 755 481 302 206 217
20 9 5 1 100 0.75 4 612 581 980 726 488 313 217 219
20 9 5 1 100 0.75 4 613 592 984 741 501 320 224 231
20 9 5 1 100 0.75 4 614 603 983 735 515 327 232 237
20 9 5 1 100 0.75 4 615 616 979 722 523 339 244 236
20 9 5 1 100 0.75 4 616 625 979 710 531 351 256 235
20 9 5 1 100 0.75 4 617 632 979 707 534 363 268 237
20 9 5 1 100 0.75 4 618 638 978 699 535 376 281 234
20 9 5 1 100 0.75 4 619 654 975 688 539 392 297 230
20 9 5 1 100 0.75 4 620 665 979 678 553 404 309 235
20 9 5 1 100 0.75 4 621 676 981 683 562 413 319 234
20 9 5 1 100 0.75 4 622 687 977 669 566 427 333 236
20 9 5 1 100 0.75 4 623 699 979 663 572 439 345 243
20 9 5 1 100 0.75 4 624 707 966 636 573 464 370 227
20 9 5 1 100 0.75 4 625 714 975 633 584 475 381 232
20 9 5 1 100 0.75 4 626 723 982 639 592 484 390 248
20 9 5 1 100 0.75 4 627 734 977 625 602 498 404 252
20 9 5 1 100 0.75 4 628 745 977 628 615 512 418 250
20 9 5 1 100 0.75 4 629 757 980 625 627 523 429 253
20 9 5 1 100 0.75 4 630 768 978 596 637 536 442 255
20 9 5 1 100 0.75 4 631 776 978 595 651 549 455 263
20 9 5 1 100 0.75 4 632 785 978 585 660 562 468 263
20 9 5 1 100 0.75 4 633 792 970 577 664 583 489 252
20 9 5 1 100 0.75 4 634 801 980 569 672 592 499 262
20 9 5 1 100 0.75 4 635 808 982 576 686 601 508 270
20 9 5 1 100 0.75 4 636 818 974 544 689 618 525 269
20 9 5 1 100 0.75 4 637 831 971 555 691 638 545 271
20 9 5 1 100 0.75 4 638 843 982 554 708 647 554 281
20 9 5 1 100 0.75 4 639 851 978 537 722 660 567 285
20 9 5 1 100 0.75 4 640 859 978 530 731 673 580 284
20 9 5 1 100 0.75 4 641 867 977 527 743 687 594 285
20 9 5 1 100 0.75 4 642 871 973 506 743 704 612 275
20 9 5 1 100 0.75 4 643 878 977 513 747 717 626 287
20 9 5 1 100 0.75 4 644 889 974 495 747 734 643 289
20 9 5 1 100 0.75 4 645 896 979 489 767 746 655 293
20 9 5 1 100 0.75 4 646 904 975 481 773 762 671 291
20 9 5 1 100 0.75 4 647 908 975 481 779 777 687 288
20 9 5 1 100 0.75 4 648 912 979 483 779 789 699 295
20 9 5 1 100 0.75 4 649 917 977 448 784 802 713 299
20 9 5 1 100 0.75 4 650 922 972 459 785 821 732 292
20 9 5 1 100 0.75 4 651 928 974 440 789 838 749 290
20 9 5 1 100 0.75 4 652 935 974 454 795 852 766 300
20 9 5 1 100 0.75 4 653 940 966 413 792 877 791 287
20 9 5 1 100 0.75 4 654 943 967 431 789 896 810 278
20 9 5 1 100 0.75 4 655 948 969 409 790 914 828 278
20 9 5 1 100 0.75 4 656 953 974 403 796 928 843 278
20 9 5 1 100 0.75 4 657 956 977 397 801 942 857 283
20 9 5 1 100 0.75 4 658 959 976 409 807 957 872 285
20 9 5 1 100 0.75 4 659 963 976 397 809 972 887 282
20 9 5 1 100 0.75 4 660 968 980 389 821 982 898 283
20 9 5 1 100 0.75 4 661 972 973 371 824 998 916 279
20 9 5 1 100 0.75 4 662 976 969 367 824 1020 938 277
20 9 5 1 100 0.75 4 663 978 971 353 832 1037 956 275
20 9 5 1 100 0.75 4 664 981 975 360 841 1052 972 273
20 9 5 1 100 0.75 4 665 982 972 348 840 1069 991 265
20 9 5 1 100 0.75 4 666 984 981 356 847 1079 1001 270
20 9 5 1 100 0.75 4 667 985 973 352 844 1096 1019 264
20 9 5 1 100 0.75 4 668 988 980 350 844 1107 1030 266
20 9 5 1 100 0.75 4 669 989 974 346 847 1124 1047 267
20 9 5 1 100 0.75 4 670 990 977 351 852 1138 1061 271
20 9 5 1 100 0.75 4 671 991 974 340 858 1154 1078 272
20 9 5 1 100 0.75 4 672 991 974 323 861 1170 1095 273
20 9 5 1 100 0.75 4 673 991 974 323 859 1186 1112 264
20 9 5 1 100 0.75 4 674 991 973 314 855 1203 1130 256
20 9 5 1 100 0.75 4 675 991 973 312 853 1219 1148 254
20 9 5 1 100 0.75 4 676 991 972 297 848 1236 1167 248
20 9 5 1 100 0.75 4 677 991 977 294 847 1250 1181 254
20 9 5 1 100 0.75 4 678 991 982 292 855 1259 1190 263
20 9 5 1 100 0.75 4 679 991 981 296 860 1267 1200 267
20 9 5 1 100 0.75 4 680 991 980 280 865 1278 1211 264
20 9 5 1 100 0.75 4 681 991 968 286 860 1301 1234 257
20 9 5 1 100 0.75 4 682 991 979 276 871 1309 1243 259
20 9 5 1 100 0.75 4 683 991 972 277 866 1328 1262 251
20 9 5 1 100 0.75 4 684 991 977 268 870 1341 1276 244
20 9 5 1 100 0.75 4 685 991 973 260 869 1358 1294 243
20 9 5 1 100 0.75 4 686 991 978 258 871 1370 1307 240
20 9 5 1 100 0.75 4 687 991 975 261 863 1385 1323 239
20 9 5 1 100 0.75 4 688 991 971 259 854 1402 1343 231
20 9 5 1 100 0.75 4 689 991 983 236 864 1408 1351 235
20 9 5 1 100 0.75 4 690 991 975 259 863 1423 1367 232
20 9 5 1 100 0.75 4 690 991 975 975 863 1648 1367 232
20 9 5 1 100 0.75 4 720 991 975 975 863 98 1367 232
20 9 5 1 100 0.75 5 721 0 20 20 0 98 0 0
20 9 5 1 100 0.75 5 722 0 40 40 0 98 0 0
20 9 5 1 100 0.75 5 723 0 60 60 0 98 0 0
20 9 5 1 100 0.75 5 724 0 80 80 0 98 0 0
20 9 5 1 100 0.75 5 725 0 100 100 0 98 0 0
20 9 5 1 100 0.75 5 726 0 120 120 0 98 0 0
20 9 5 1 100 0.75 5 727 0 140 139 0 98 0 0
20 9 5 1 100 0.75 5 728 0 160 158 0 98 0 0
20 9 5 1 100 0.75 5 729 4 180 174 0 98 0 0
20 9 5 1 100 0.75 5 730 5 200 193 4 98 0 0
20 9 5 1 100 0.75 5 731 8 220 211 5 98 0 0
20 9 5 1 100 0.75 5 732 12 240 225 8 98 0 0
20 9 5 1 100 0.75 5 733 19 260 241 12 98 0 0
20 9 5 1 100 0.75 5 734 22 280 254 19 98 0 0
20 9 5 1 100 0.75 5 735 26 300 271 22 98 0 0
20 9 5 1 100 0.75 5 736 34 320 285 26 98 0 1
20 9 5 1 100 0.75 5 737 36 340 304 34 98 0 2
20 9 5 1 100 0.75 5 738 41 360 319 36 98 0 4
20 9 5 1 100 0.75 5 739 44 380 341 41 98 0 7
20 9 5 1 100 0.75 5 740 46 400 362 44 98 0 10
20 9 5 1 100 0.75 5 741 50 420 387 46 98 0 15
20 9 5 1 100 0.75 5 742 56 440 399 50 98 0 18
20 9 5 1 100 0.75 5 743 63 460 419 56 98 0 21
20 9 5 1 100 0.75 5 744 69 480 435 63 98 0 25
20 9 5 1 100 0.75 5 745 75 500 454 69 98 0 28
20 9 5 1 100 0.75 5 746 84 520 469 75 98 0 33
20 9 5 1 100 0.75 5 747 87 540 491 84 98 0 36
20 9 5 1 100 0.75 5 748 92 560 508 87 98 0 37
20 9 5 1 100 0.75 5 749 98 580 527 92 98 0 43
20 9 5 1 100 0.75 5 750 105 600 542 98 98 0 47
20 9 5 1 100 0.75 5 751 115 620 563 105 98 0 52
20 9 5 1 100 0.75 5 752 122 639 583 114 99 1 58
20 9 5 1 100 0.75 5 753 130 659 598 121 99 1 63
20 9 5 1 100 0.75 5 754 137 678 616 128 100 2 64
20 9 5 1 100 0.75 5 755 142 697 633 134 101 3 69
20 9 5 1 100 0.75 5 756 146 713 643 135 105 7 68
20 9 5 1 100 0.75 5 757 154 732 669 138 106 8 71
20 9 5 1 100 0.75 5 758 165 747 670 141 111 13 72
20 9 5 1 100 0.75 5 759 177 765 689 150 113 15 76
20 9 5 1 100 0.75 5 760 189 780 709 157 118 20 77
20 9 5 1 100 0.75 5 761 199 797 716 166 121 23 80
20 9 5 1 100 0.75 5 762 204 810 726 169 128 30 76
20 9 5 1 100 0.75 5 763 213 827 746 171 131 33 79
20 9 5 1 100 0.75 5 764 219 845 754 178 133 35 79
20 9 5 1 100 0.75 5 765 231 864 768 184 134 36 85
20 9 5 1 100 0.75 5 766 241 882 779 195 136 38 90
20 9 5 1 100 0.75 5 767 253 896 789 202 142 44 90
20 9 5 1 100 0.75 5 768 266 909 801 207 149 51 94
20 9 5 1 100 0.75 5 769 282 923 805 214 155 57 94
20 9 5 1 100 0.75 5 770 290 941 823 228 157 59 96
20 9 5 1 100 0.75 5 771 299 959 836 236 159 61 100
20 9 5 1 100 0.75 5 772 308 976 850 244 161 64 103
20 9 5 1 100 0.75 5 773 319 986 857 251 166 69 106
20 9 5 1 100 0.75 5 774 335 981 841 253 176 79 107
20 9 5 1 100 0.75 5 775 350 987 844 269 180 83 113
20 9 5 1 100 0.75 5 776 365 988 842 283 183 86 118
20 9 5 1 100 0.75 5 777 377 985 832 297 189 92 118
20 9 5 1 100 0.75 5 778 390 984 824 308 196 99 121
20 9 5 1 100 0.75 5 779 397 984 823 317 203 106 124
20 9 5 1 100 0.75 5 780 406 988 820 331 206 109 128
20 9 5 1 100 0.75 5 781 419 985 814 345 212 115 128
20 9 5 1 100 0.75 5 782 431 983 806 355 220 123 130
20 9 5 1 100 0.75 5 783 448 985 799 367 226 129 141
20 9 5 1 100 0.75 5 784 460 987 803 387 230 133 155
20 9 5 1 100 0.75 5 785 469 984 793 393 237 140 156
20 9 5 1 100 0.75 5 786 484 987 795 404 241 144 168
20 9 5 1 100 0.75 5 787 489 986 788 421 246 149 177
20 9 5 1 100 0.75 5 788 499 983 780 425 254 157 182
20 9 5 1 100 0.75 5 789 510 983 775 431 262 165 186
20 9 5 1 100 0.75 5 790 523 983 779 444 270 173 191
20 9 5 1 100 0.75 5 791 542 983 770 458 278 181 200
20 9 5 1 100 0.75 5 792 550 979 756 472 290 193 195
20 9 5 1 100 0.75 5 793 557 988 759 480 293 196 201
20 9 5 1 100 0.75 5 794 568 984 759 485 300 203 216
20 9 5 1 100 0.75 5 795 576 987 755 498 304 207 220
20 9 5 1 100 0.75 5 796 584 980 753 499 314 218 222
20 9 5 1 100 0.75 5 797 600 983 735 504 322 226 231
20 9 5 1 100 0.75 5 798 613 981 730 520 331 236 238
20 9 5 1 100 0.75 5 799 633 968 716 517 354 259 233
20 9 5 1 100 0.75 5 800 643 974 710 533 368 273 225
20 9 5 1 100 0.75 5 801 651 982 715 545 377 282 227
20 9 5 1 100 0.75 5 802 658 985 700 554 383 288 232
20 9 5 1 100 0.75 5 803 664 978 701 555 396 301 229
20 9 5 1 100 0.75 5 804 675 980 681 556 407 312 234
20 9 5 1 100 0.75 5 805 688 968 668 553 430 335 228
20 9 5 1 100 0.75 5 806 698 974 671 562 444 349 236
20 9 5 1 100 0.75 5 807 712 981 659 576 454 359 244
20 9 5 1 100 0.75 5 808 717 980 647 598 465 370 246
20 9 5 1 100 0.75 5 809 733 977 630 603 478 384 245
20 9 5 1 100 0.75 5 810 742 976 624 613 493 399 241
20 9 5 1 100 0.75 5 811 748 978 609 619 506 412 237
20 9 5 1 100 0.75 5 812 759 981 615 630 516 422 245
20 9 5 1 100 0.75 5 813 765 976 616 640 531 437 247
20 9 5 1 100 0.75 5 814 778 970 590 638 552 458 244
20 9 5 1 100 0.75 5 815 787 981 593 660 561 467 253
20 9 5 1 100 0.75 5 816 798 982 596 672 570 476 264
20 9 5 1 100 0.75 5 817 806 975 579 677 586 492 266
20 9 5 1 100 0.75 5 818 815 978 574 684 599 505 271
20 9 5 1 100 0.75 5 819 824 981 569 699 609 515 270
20 9 5 1 100 0.75 5 820 833 981 562 710 618 525 280
20 9 5 1 100 0.75 5 821 841 979 550 718 630 537 287
20 9 5 1 100 0.75 5 822 849 972 547 721 649 556 288
20 9 5 1 100 0.75 5 823 859 972 507 733 668 575 284
20 9 5 1 100 0.75 5 824 865 979 527 740 680 587 284
20 9 5 1 100 0.75 5 825 875 975 529 740 694 603 283
20 9 5 1 100 0.75 5 826 883 979 507 755 705 615 290
20 9 5 1 100 0.75 5 827 888 974 505 761 722 632 283
20 9 5 1 100 0.75 5 828 895 974 488 761 738 649 286
20 9 5 1 100 0.75 5 829 903 978 487 764 750 662 292
20 9 5 1 100 0.75 5 830 909 981 491 774 760 672 299
20 9 5 1 100 0.75 5 831 918 976 482 781 775 687 297
20 9 5 1 100 0.75 5 832 920 974 467 791 792 704 292
20 9 5 1 100 0.75 5 833 924 974 473 790 809 721 298
20 9 5 1 100 0.75 5 834 931 968 434 786 832 744 290
20 9 5 1 100 0.75 5 835 933 967 458 785 853 765 283
20 9 5 1 100 0.75 5 836 939 966 439 783 874 786 279
20 9 5 1 100 0.75 5 837 943 970 441 788 890 802 275
20 9 5 1 100 0.75 5 838 948 975 435 786 905 817 282
20 9 5 1 100 0.75 5 839 953 977 426 797 918 831 286
20 9 5 1 100 0.75 5 840 958 973 410 801 936 849 281
20 9 5 1 100 0.75 5 841 962 977 411 803 948 863 281
20 9 5 1 100 0.75 5 842 964 974 394 811 965 880 280
20 9 5 1 100 0.75 5 843 965 972 387 814 983 899 273
20 9 5 1 100 0.75 5 844 967 979 373 826 995 911 278
20 9 5 1 100 0.75 5 845 971 976 372 834 1009 926 273
20 9 5 1 100 0.75 5 846 976 973 372 835 1027 944 277
20 9 5 1 100 0.75 5 847 977 976 360 842 1041 959 275
20 9 5 1 100 0.75 5 848 979 968 355 835 1063 982 265
20 9 5 1 100 0.75 5 849 981 967 342 829 1084 1003 256
20 9 5 1 100 0.75 5 850 983 979 346 838 1092 1011 263
20 9 5 1 100 0.75 5 851 984 975 338 843 1108 1027 265
20 9 5 1 100 0.75 5 852 985 979 342 853 1119 1039 273
20 9 5 1 100 0.75 5 853 986 974 340 847 1136 1056 273
20 9 5 1 100 0.75 5 854 989 975 336 844 1152 1072 269
20 9 5 1 100 0.75 5 855 990 971 318 846 1172 1092 260
20 9 5 1 100 0.75 5 856 990 979 333 853 1184 1104 261
20 9 5 1 100 0.75 5 857 990 973 324 853 1202 1122 258
20 9 5 1 100 0.75 5 858 991 978 318 858 1214 1135 255
20 9 5 1 100 0.75 5 859 991 973 300 858 1232 1153 251
20 9 5 1 100 0.75 5 860 991 977 304 855 1245 1167 248
20 9 5 1 100 0.75 5 861 991 977 302 855 1256 1181 247
20 9 5 1 100 0.75 5 862 991 978 296 859 1268 1194 248
20 9 5 1 100 0.75 5 863 991 981 287 867 1277 1204 251
20 9 5 1 100 0.75 5 864 991 981 304 874 1287 1214 254
20 9 5 1 100 0.75 5 865 991 969 270 867 1308 1236 246
20 9 5 1 100 0.75 5 866 991 980 287 874 1316 1245 246
20 9 5 1 100 0.75 5 867 991 973 278 870 1333 1263 238
20 9 5 1 100 0.75 5 868 991 975 261 873 1347 1279 239
20 9 5 1 100 0.75 5 869 991 970 256 867 1368 1300 231
20 9 5 1 100 0.75 5 870 991 974 257 863 1384 1316 223
20 9 5 1 100 0.75 5 870 991 974 974 863 1596 1316 223
20 9 5 1 100 0.75 5 900 991 974 974 863 98 1316 223
20 9 5 1 100 0.75 6 901 0 20 20 0 98 0 0
20 9 5 1 100 0.75 6 902 0 40 40 0 98 0 0
20 9 5 1 100 0.75 6 903 0 60 60 0 98 0 0
20 9 5 1 100 0.75 6 904 0 80 79 0 98 0 0
20 9 5 1 100 0.75 6 905 0 100 100 0 98 0 0
20 9 5 1 100 0.75 6 906 0 120 119 0 98 0 0
20 9 5 1 100 0.75 6 907 0 140 139 0 98 0 0
20 9 5 1 100 0.75 6 908 2 160 156 0 98 0 0
20 9 5 1 100 0.75 6 909 3 180 176 2 98 0 0
20 9 5 1 100 0.75 6 910 7 200 189 3 98 0 0
20 9 5 1 100 0.75 6 911 10 220 207 7 98 0 0
20 9 5 1 100 0.75 6 912 12 240 223 10 98 0 0
20 9 5 1 100 0.75 6 913 18 260 238 12 98 0 0
20 9 5 1 100 0.75 6 914 25 280 253 18 98 0 0
20 9 5 1 100 0.75 6 915 26 300 274 25 98 0 1
20 9 5 1 100 0.75 6 916 30 320 290 26 98 0 1
20 9 5 1 100 0.75 6 917 36 340 302 30 98 0 4
20 9 5 1 100 0.75 6 918 41 360 323 36 98 0 4
20 9 5 1 100 0.75 6 919 43 380 340 41 98 0 6
20 9 5 1 100 0.75 6 920 49 400 360 43 98 0 9
20 9 5 1 100 0.75 6 921 53 420 380 49 98 0 14
20 9 5 1 100 0.75 6 922 57 440 399 53 98 0 17
20 9 5 1 100 0.75 6 923 64 460 416 57 98 0 19
20 9 5 1 100 0.75 6 924 70 480 433 64 98 0 25
20 9 5 1 100 0.75 6 925 77 500 455 70 98 0 27
20 9 5 1 100 0.75 6 926 84 520 466 77 98 0 28
20 9 5 1 100 0.75 6 927 93 540 481 84 98 0 32
20 9 5 1 100 0.75 6 928 98 560 499 93 98 0 33
20 9 5 1 100 0.75 6 929 102 580 523 98 98 0 35
20 9 5 1 100 0.75 6 930 105 599 545 101 99 1 41
20 9 5 1 100 0.75 6 931 109 619 560 104 99 1 43
20 9 5 1 100 0.75 6 932 122 638 577 107 100 2 51
20 9 5 1 100 0.75 6 933 135 657 588 119 101 3 57
20 9 5 1 100 0.75 6 934 145 677 611 132 101 3 63
20 9 5 1 100 0.75 6 935 150 697 626 142 101 3 68
20 9 5 1 100 0.75 6 936 155 716 645 146 102 4 70
20 9 5 1 100 0.75 6 937 160 730 656 145 108 10 68
20 9 5 1 100 0.75 6 938 165 749 677 149 109 11 69
20 9 5 1 100 0.75 6 939 172 764 684 149 114 16 71
20 9 5 1 100 0.75 6 940 189 781 702 153 117 19 78
20 9 5 1 100 0.75 6 941 198 798 717 167 120 22 80
20 9 5 1 100 0.75 6 942 209 816 731 174 122 24 84
20 9 5 1 100 0.75 6 943 218 832 743 181 126 28 85
20 9 5 1 100 0.75 6 944 231 848 757 186 130 32 85
20 9 5 1 100 0.75 6 945 242 865 766 197 133 35 86
20 9 5 1 100 0.75 6 946 250 882 784 205 136 38 87
20 9 5 1 100 0.75 6 947 263 898 795 209 140 42 94
20 9 5 1 100 0.75 6 948 275 917 804 222 141 43 102
20 9 5 1 100 0.75 6 949 289 931 816 228 147 49 102
20 9 5 1 100 0.75 6 950 305 944 816 236 154 56 105
20 9 5 1 100 0.75 6 951 318 960 836 251 158 60 111
20 9 5 1 100 0.75 6 952 331 973 831 259 165 67 110
20 9 5 1 100 0.75 6 953 342 987 847 270 169 71 114
20 9 5 1 100 0.75 6 954 351 987 838 278 173 75 115
20 9 5 1 100 0.75 6 955 368 985 834 286 179 81 123
20 9 5 1 100 0.75 6 956 382 987 834 304 183 85 129
20 9 5 1 100 0.75 6 957 397 984 829 313 190 92 134
20 9 5 1 100 0.75 6 958 414 982 813 322 199 101 136
20 9 5 1 100 0.75 6 959 427 984 808 336 206 108 141
20 9 5 1 100 0.75 6 960 439 988 811 358 209 111 148
20 9 5 1 100 0.75 6 961 449 985 801 370 215 117 155
20 9 5 1 100 0.75 6 962 462 988 801 383 218 120 163
20 9 5 1 100 0.75 6 963 474 985 796 395 224 126 169
20 9 5 1 100 0.75 6 964 488 987 793 410 228 130 180
20 9 5 1 100 0.75 6 965 498 985 783 424 234 136 187
20 9 5 1 100 0.75 6 966 511 979 781 427 246 148 189
20 9 5 1 100 0.75 6 967 524 983 773 440 254 156 196
20 9 5 1 100 0.75 6 968 533 983 776 455 262 164 205
20 9 5 1 100 0.75 6 969 540 985 773 462 268 170 208
20 9 5 1 100 0.75 6 970 555 977 757 465 282 184 207
20 9 5 1 100 0.75 6 971 563 983 755 479 290 192 216
20 9 5 1 100 0.75 6 972 573 986 753 487 295 197 220
20 9 5 1 100 0.75 6 973 581 982 748 489 304 206 224
20 9 5 1 100 0.75 6 974 593 979 741 499 316 218 232
20 9 5 1 100 0.75 6 975 605 977 719 504 330 232 230
20 9 5 1 100 0.75 6 976 612 981 721 513 340 242 230
20 9 5 1 100 0.75 6 977 619 976 719 515 355 257 230
20 9 5 1 100 0.75 6 978 633 981 711 527 365 267 234
20 9 5 1 100 0.75 6 979 641 977 695 536 379 281 226
20 9 5 1 100 0.75 6 980 650 976 696 537 394 296 223
20 9 5 1 100 0.75 6 981 657 977 678 539 408 310 221
20 9 5 1 100 0.75 6 982 671 977 672 545 422 324 227
20 9 5 1 100 0.75 6 983 680 975 658 554 437 340 229
20 9 5 1 100 0.75 6 984 687 981 658 563 447 350 230
20 9 5 1 100 0.75 6 985 699 983 662 578 455 358 239
20 9 5 1 100 0.75 6 986 709 971 632 580 475 378 232
20 9 5 1 100 0.75 6 987 718 977 636 587 489 392 231
20 9 5 1 100 0.75 6 988 724 978 630 601 502 405 230
20 9 5 1 100 0.75 6 989 734 979 619 609 514 417 234
20 9 5 1 100 0.75 6 990 744 978 613 621 527 430 235
20 9 5 1 100 0.75 6 991 756 978 604 633 540 443 240
20 9 5 1 100 0.75 6 992 763 983 601 647 548 451 243
20 9 5 1 100 0.75 6 993 770 979 590 648 560 463 248
20 9 5 1 100 0.75 6 994 782 978 586 656 573 476 250
20 9 5 1 100 0.75 6 995 791 979 584 672 585 488 257
20 9 5 1 100 0.75 6 996 800 977 569 685 598 502 259
20 9 5 1 100 0.75 6 997 813 971 557 690 618 522 257
20 9 5 1 100 0.75 6 998 821 980 543 700 628 533 267
20 9 5 1 100 0.75 6 999 829 979 556 706 640 545 264
20 9 5 1 100 0.75 6 1000 836 977 530 715 653 559 266
20 9 5 1 100 0.75 6 1001 842 981 546 725 663 569 276
20 9 5 1 100 0.75 6 1002 854 978 521 729 676 582 283
20 9 5 1 100 0.75 6 1003 862 978 540 738 689 595 292
20 9 5 1 100 0.75 6 1004 875 971 515 737 709 615 289
20 9 5 1 100 0.75 6 1005 884 982 507 761 718 624 292
20 9 5 1 100 0.75 6 1006 888 977 503 772 731 638 290
20 9 5 1 100 0.75 6 1007 892 971 480 771 751 658 289
20 9 5 1 100 0.75 6 1008 901 974 465 768 768 675 285
20 9 5 1 100 0.75 6 1009 906 978 477 779 781 688 284
20 9 5 1 100 0.75 6 1010 918 975 462 773 795 704 283
20 9 5 1 100 0.75 6 1011 924 970 457 782 816 725 281
20 9 5 1 100 0.75 6 1012 928 976 453 782 830 739 290
20 9 5 1 100 0.75 6 1013 932 979 449 796 841 751 294
20 9 5 1 100 0.75 6 1014 936 971 440 792 860 771 288
20 9 5 1 100 0.75 6 1015 939 981 434 797 870 781 288
20 9 5 1 100 0.75 6 1016 942 979 442 805 882 793 291
20 9 5 1 100 0.75 6 1017 948 970 427 806 903 814 288
20 9 5 1 100 0.75 6 1018 954 965 401 806 928 839 279
20 9 5 1 100 0.75 6 1019 959 974 405 817 939 850 284
20 9 5 1 100 0.75 6 1020 966 973 396 825 957 868 284
20 9 5 1 100 0.75 6 1021 968 972 381 823 974 887 276
20 9 5 1 100 0.75 6 1022 969 977 372 829 988 901 278
20 9 5 1 100 0.75 6 1023 972 971 373 821 1007 921 273
20 9 5 1 100 0.75 6 1024 974 982 370 827 1016 930 278
20 9 5 1 100 0.75 6 1025 974 971 362 827 1034 950 278
20 9 5 1 100 0.75 6 1026 977 976 374 831 1049 965 281
20 9 5 1 100 0.75 6 1027 981 971 366 832 1069 985 280
20 9 5 1 100 0.75 6 1028 987 973 344 839 1086 1003 272
20 9 5 1 100 0.75 6 1029 987 972 338 843 1105 1022 268
20 9 5 1 100 0.75 6 1030 988 975 335 838 1121 1038 262
20 9 5 1 100 0.75 6 1031 988 977 329 841 1134 1052 264
20 9 5 1 100 0.75 6 1032 990 978 322 848 1147 1065 264
20 9 5 1 100 0.75 6 1033 991 976 344 847 1160 1080 268
20 9 5 1 100 0.75 6 1034 991 976 324 852 1174 1095 268
20 9 5 1 100 0.75 6 1035 991 980 308 858 1185 1106 272
20 9 5 1 100 0.75 6 1036 991 973 321 857 1203 1124 272
20 9 5 1 100 0.75 6 1037 991 974 313 863 1220 1141 260
20 9 5 1 100 0.75 6 1038 991 978 314 868 1233 1154 263
20 9 5 1 100 0.75 6 1039 991 976 279 869 1247 1169 258
20 9 5 1 100 0.75 6 1040 991 980 292 870 1257 1180 258
20 9 5 1 100 0.75 6 1041 991 977 288 866 1271 1194 260
20 9 5 1 100 0.75 6 1042 991 966 280 858 1295 1219 245
20 9 5 1 100 0.75 6 1043 991 970 285 857 1310 1235 245
20 9 5 1 100 0.75 6 1044 991 978 268 856 1322 1247 248
20 9 5 1 100 0.75 6 1045 991 975 268 860 1338 1263 248
20 9 5 1 100 0.75 6 1046 991 976 254 858 1352 1278 244
20 9 5 1 100 0.75 6 1047 991 977 255 862 1365 1292 237
20 9 5 1 100 0.75 6 1048 991 973 268 858 1383 1310 232
20 9 5 1 100 0.75 6 1049 991 974 268 853 1399 1327 228
20 9 5 1 100 0.75 6 1050 991 976 259 854 1414 1342 223
20 9 5 1 100 0.75 6 1050 991 976 976 854 1626 1342 223
20 9 5 1 100 0.75 6 1080 991 976 976 854 98 1342 223
20 9 5 1 100 0.75 7 1081 0 20 20 0 98 0 0
20 9 5 1 100 0.75 7 1082 0 40 40 0 98 0 0
20 9 5 1 100 0.75 7 1083 0 60 60 0 98 0 0
20 9 5 1 100 0.75 7 1084 0 80 79 0 98 0 0
20 9 5 1 100 0.75 7 1085 0 100 99 0 98 0 0
20 9 5 1 100 0.75 7 1086 0 120 120 0 98 0 0
20 9 5 1 100 0.75 7 1087 0 140 138 0 97 0 0
20 9 5 1 100 0.75 7 1088 1 160 159 0 97 0 0
20 9 5 1 100 0.75 7 1089 2 180 177 1 97 0 0
20 9 5 1 100 0.75 7 1090 3 200 195 2 97 0 0
20 9 5 1 100 0.75 7 1091 4 220 215 3 97 0 0
20 9 5 1 100 0.75 7 1092 6 240 232 4 97 0 0
20 9 5 1 100 0.75 7 1093 13 260 244 6 97 0 0
20 9 5 1 100 0.75 7 1094 21 280 256 13 97 0 0
20 9 5 1 100 0.75 7 1095 27 300 271 21 97 0 0
20 9 5 1 100 0.75 7 1096 30 320 289 27 97 0 2
20 9 5 1 100 0.75 7 1097 32 340 309 30 97 0 3
20 9 5 1 100 0.75 7 1098 34 360 324 32 97 0 3
20 9 5 1 100 0.75 7 1099 39 380 343 34 97 0 5
20 9 5 1 100 0.75 7 1100 43 400 358 39 97 0 7
20 9 5 1 100 0.75 7 1101 50 420 378 43 97 0 15
20 9 5 1 100 0.75 7 1102 56 440 401 50 97 0 20
20 9 5 1 100 0.75 7 1103 62 460 416 56 97 0 25
20 9 5 1 100 0.75 7 1104 68 480 433 62 97 0 27
20 9 5 1 100 0.75 7 1105 72 500 448 68 97 0 29
20 9 5 1 100 0.75 7 1106 76 520 470 72 97 0 31
20 9 5 1 100 0.75 7 1107 86 540 486 76 97 0 33
20 9 5 1 100 0.75 7 1108 89 560 507 86 97 0 37
20 9 5 1 100 0.75 7 1109 91 580 528 89 97 0 42
20 9 5 1 100 0.75 7 1110 98 600 548 91 97 0 48
20 9 5 1 100 0.75 7 1111 106 620 567 98 97 0 53
20 9 5 1 100 0.75 7 1112 114 639 588 105 98 1 56
20 9 5 1 100 0.75 7 1113 117 659 603 113 98 1 60
20 9 5 1 100 0.75 7 1114 127 678 625 115 99 2 65
20 9 5 1 100 0.75 7 1115 134 696 643 123 101 4 64
20 9 5 1 100 0.75 7 1116 138 714 654 128 103 6 64
20 9 5 1 100 0.75 7 1117 151 731 662 129 106 9 68
20 9 5 1 100 0.75 7 1118 161 748 676 139 109 12 67
20 9 5 1 100 0.75 7 1119 170 767 693 148 110 13 68
20 9 5 1 100 0.75 7 1120 174 782 703 152 115 18 67
20 9 5 1 100 0.75 7 1121 183 795 719 149 122 25 64
20 9 5 1 100 0.75 7 1122 190 814 742 157 123 26 69
20 9 5 1 100 0.75 7 1123 202 831 749 161 126 29 69
20 9 5 1 100 0.75 7 1124 213 848 761 170 129 32 77
20 9 5 1 100 0.75 7 1125 220 865 782 179 132 35 80
20 9 5 1 100 0.75 7 1126 231 880 785 182 137 40 80
20 9 5 1 100 0.75 7 1127 241 895 797 189 142 45 76
20 9 5 1 100 0.75 7 1128 249 911 809 196 146 49 80
20 9 5 1 100 0.75 7 1129 259 927 816 201 150 53 79
20 9 5 1 100 0.75 7 1130 272 942 832 210 155 58 81
20 9 5 1 100 0.75 7 1131 279 959 838 222 157 61 87
20 9 5 1 100 0.75 7 1132 294 975 860 229 161 65 93
20 9 5 1 100 0.75 7 1133 305 988 857 242 164 68 100
20 9 5 1 100 0.75 7 1134 311 988 860 251 167 71 104
20 9 5 1 100 0.75 7 1135 324 988 854 257 170 74 109
20 9 5 1 100 0.75 7 1136 336 988 845 269 173 77 114
20 9 5 1 100 0.75 7 1137 348 984 836 283 180 84 117
20 9 5 1 100 0.75 7 1138 364 987 833 295 184 88 125
20 9 5 1 100 0.75 7 1139 376 987 829 313 188 92 132
20 9 5 1 100 0.75 7 1140 389 990 831 331 189 93 140
20 9 5 1 100 0.75 7 1141 397 981 819 338 199 103 138
20 9 5 1 100 0.75 7 1142 408 988 815 346 202 106 145
20 9 5 1 100 0.75 7 1143 419 981 809 351 212 116 146
20 9 5 1 100 0.75 7 1144 434 983 807 358 220 124 155
20 9 5 1 100 0.75 7 1145 442 985 805 374 226 130 159
20 9 5 1 100 0.75 7 1146 453 988 807 384 229 133 169
20 9 5 1 100 0.75 7 1147 466 984 800 392 236 140 176
20 9 5 1 100 0.75 7 1148 474 984 788 403 243 147 179
20 9 5 1 100 0.75 7 1149 485 987 797 412 247 151 187
20 9 5 1 100 0.75 7 1150 496 978 772 417 260 164 183
20 9 5 1 100 0.75 7 1151 512 987 785 426 264 168 196
20 9 5 1 100 0.75 7 1152 517 976 763 435 279 183 191
20 9 5 1 100 0.75 7 1153 526 982 764 441 288 192 195
20 9 5 1 100 0.75 7 1154 539 980 750 446 299 203 195
20 9 5 1 100 0.75 7 1155 552 982 744 457 308 212 196
20 9 5 1 100 0.75 7 1156 563 985 747 470 314 218 200
20 9 5 1 100 0.75 7 1157 570 980 730 477 325 229 198
20 9 5 1 100 0.75 7 1158 586 981 729 484 335 239 199
20 9 5 1 100 0.75 7 1159 594 980 721 495 345 250 203
20 9 5 1 100 0.75 7 1160 604 980 713 498 356 261 208
20 9 5 1 100 0.75 7 1161 610 983 717 514 364 269 212
20 9 5 1 100 0.75 7 1162 623 977 701 514 377 283 215
20 9 5 1 100 0.75 7 1163 629 976 682 523 392 298 211
20 9 5 1 100 0.75 7 1164 637 980 692 527 403 309 221
20 9 5 1 100 0.75 7 1165 649 983 686 539 411 317 227
20 9 5 1 100 0.75 7 1166 662 981 680 549 420 327 232
20 9 5 1 100 0.75 7 1167 667 978 669 559 433 340 237
20 9 5 1 100 0.75 7 1168 675 979 657 570 444 352 240
20 9 5 1 100 0.75 7 1169 685 981 662 577 454 362 242
20 9 5 1 100 0.75 7 1170 697 976 629 584 469 377 244
20 9 5 1 100 0.75 7 1171 703 976 636 592 484 392 245
20 9 5 1 100 0.75 7 1172 712 974 618 595 500 409 246
20 9 5 1 100 0.75 7 1173 722 980 630 605 510 420 246
20 9 5 1 100 0.75 7 1174 732 979 621 609 522 432 255
20 9 5 1 100 0.75 7 1175 739 983 615 626 530 440 258
20 9 5 1 100 0.75 7 1176 751 984 609 640 537 447 270
20 9 5 1 100 0.75 7 1177 766 978 589 647 550 460 275
20 9 5 1 100 0.75 7 1178 771 979 584 658 562 472 274
20 9 5 1 100 0.75 7 1179 781 977 577 668 576 486 274
20 9 5 1 100 0.75 7 1180 789 977 575 680 590 500 278
20 9 5 1 100 0.75 7 1181 802 980 568 689 601 511 283
20 9 5 1 100 0.75 7 1182 813 974 558 698 617 528 280
20 9 5 1 100 0.75 7 1183 824 976 540 703 632 543 280
20 9 5 1 100 0.75 7 1184 836 966 521 696 657 568 274
20 9 5 1 100 0.75 7 1185 844 971 526 705 672 583 278
20 9 5 1 100 0.75 7 1186 850 975 526 708 688 599 275
20 9 5 1 100 0.75 7 1187 857 970 517 708 709 620 274
20 9 5 1 100 0.75 7 1188 864 974 502 713 725 636 268
20 9 5 1 100 0.75 7 1189 873 975 492 717 741 652 268
20 9 5 1 100 0.75 7 1190 880 978 487 728 754 665 263
20 9 5 1 100 0.75 7 1191 890 977 473 734 768 679 262
20 9 5 1 100 0.75 7 1192 897 979 488 750 780 691 265
20 9 5 1 100 0.75 7 1193 903 976 472 764 794 706 260
20 9 5 1 100 0.75 7 1194 908 972 462 766 813 725 255
20 9 5 1 100 0.75 7 1195 916 977 473 779 824 739 254
20 9 5 1 100 0.75 7 1196 921 976 450 788 838 754 255
20 9 5 1 100 0.75 7 1197 926 976 454 794 853 769 258
20 9 5 1 100 0.75 7 1198 931 976 434 797 866 784 256
20 9 5 1 100 0.75 7 1199 934 975 440 803 882 800 264
20 9 5 1 100 0.75 7 1200 941 975 414 798 898 816 272
20 9 5 1 100 0.75 7 1201 943 978 432 806 910 829 273
20 9 5 1 100 0.75 7 1202 947 975 417 809 926 845 276
20 9 5 1 100 0.75 7 1203 953 976 419 817 941 860 283
20 9 5 1 100 0.75 7 1204 957 974 405 821 957 877 274
20 9 5 1 100 0.75 7 1205 964 976 388 824 972 892 285
20 9 5 1 100 0.75 7 1206 966 973 376 831 990 910 280
20 9 5 1 100 0.75 7 1207 970 980 380 837 1000 921 278
20 9 5 1 100 0.75 7 1208 972 973 374 840 1017 939 276
20 9 5 1 100 0.75 7 1209 975 975 384 839 1033 955 276
20 9 5 1 100 0.75 7 1210 979 984 378 850 1040 962 288
20 9 5 1 100 0.75 7 1211 982 977 366 857 1054 976 291
20 9 5 1 100 0.75 7 1212 984 974 362 859 1071 993 291
20 9 5 1 100 0.75 7 1213 986 977 349 864 1085 1007 297
20 9 5 1 100 0.75 7 1214 988 972 329 859 1103 1026 290
20 9 5 1 100 0.75 7 1215 989 974 331 861 1120 1043 291
20 9 5 1 100 0.75 7 1216 991 975 325 859 1136 1059 288
20 9 5 1 100 0.75 7 1217 991 971 325 859 1156 1079 282
20 9 5 1 100 0.75 7 1218 991 976 318 854 1169 1094 283
20 9 5 1 100 0.75 7 1219 991 970 309 849 1190 1115 273
20 9 5 1 100 0.75 7 1220 991 976 306 848 1204 1129 269
20 9 5 1 100 0.75 7 1221 991 975 314 845 1219 1145 269
20 9 5 1 100 0.75 7 1222 991 974 302 849 1236 1162 262
20 9 5 1 100 0.75 7 1223 991 975 299 846 1251 1178 259
20 9 5 1 100 0.75 7 1224 991 973 287 846 1267 1196 255
20 9 5 1 100 0.75 7 1225 991 972 285 844 1285 1215 246
20 9 5 1 100 0.75 7 1226 991 983 288 854 1293 1223 250
20 9 5 1 100 0.75 7 1227 991 971 270 850 1313 1243 239
20 9 5 1 100 0.75 7 1228 991 978 272 856 1326 1256 238
20 9 5 1 100 0.75 7 1229 991 970 270 848 1347 1277 229
20 9 5 1 100 0.75 7 1230 991 968 266 847 1368 1299 223
20 9 5 1 100 0.75 7 1230 991 968 968 847 1580 1299 223
20 9 5 1 100 0.75 7 1260 991 968 968 847 98 1299 223
20 9 5 1 100 0.75 8 1261 0 20 20 0 98 0 0
20 9 5 1 100 0.75 8 1262 0 40 40 0 98 0 0
20 9 5 1 100 0.75 8 1263 0 60 60 0 98 0 0
20 9 5 1 100 0.75 8 1264 0 80 79 0 98 0 0
20 9 5 1 100 0.75 8 1265 0 100 99 0 98 0 0
20 9 5 1 100 0.75 8 1266 0 120 120 0 98 0 0
20 9 5 1 100 0.75 8 1267 0 140 139 0 98 0 0
20 9 5 1 100 0.75 8 1268 0 160 157 0 98 0 0
20 9 5 1 100 0.75 8 1269 3 180 176 0 98 0 0
20 9 5 1 100 0.75 8 1270 6 200 191 3 98 0 0
20 9 5 1 100 0.75 8 1271 10 220 207 6 98 0 0
20 9 5 1 100 0.75 8 1272 11 240 229 10 98 0 0
20 9 5 1 100 0.75 8 1273 15 260 242 11 98 0 0
20 9 5 1 100 0.75 8 1274 17 280 261 15 98 0 0
20 9 5 1 100 0.75 8 1275 19 300 279 17 98 0 0
20 9 5 1 100 0.75 8 1276 23 320 293 19 98 0 0
20 9 5 1 100 0.75 8 1277 31 340 311 23 98 0 4
20 9 5 1 100 0.75 8 1278 36 360 327 31 98 0 5
20 9 5 1 100 0.75 8 1279 40 380 345 36 98 0 7
20 9 5 1 100 0.75 8 1280 48 400 359 40 98 0 7
20 9 5 1 100 0.75 8 1281 52 420 378 48 98 0 11
20 9 5 1 100 0.75 8 1282 58 440 395 52 98 0 12
20 9 5 1 100 0.75 8 1283 67 460 410 58 98 0 14
20 9 5 1 100 0.75 8 1284 71 480 430 67 98 0 21
20 9 5 1 100 0.75 8 1285 75 500 451 71 98 0 27
20 9 5 1 100 0.75 8 1286 84 520 464 75 98 0 29
20 9 5 1 100 0.75 8 1287 90 540 483 84 98 0 35
20 9 5 1 100 0.75 8 1288 99 560 502 90 98 0 39
20 9 5 1 100 0.75 8 1289 107 580 523 99 98 0 41
20 9 5 1 100 0.75 8 1290 115 600 536 107 98 0 48
20 9 5 1 100 0.75 8 1291 120 620 555 115 98 0 55
20 9 5 1 100 0.75 8 1292 128 639 574 119 99 1 58
20 9 5 1 100 0.75 8 1293 136 657 589 125 101 3 60
20 9 5 1 100 0.75 8 1294 138 677 609 133 101 3 66
20 9 5 1 100 0.75 8 1295 147 696 630 134 102 4 71
20 9 5 1 100 0.75 8 1296 153 716 647 143 102 4 73
20 9 5 1 100 0.75 8 1297 165 734 661 147 104 6 80
20 9 5 1 100 0.75 8 1298 173 752 680 157 106 8 86
20 9 5 1 100 0.75 8 1299 179 768 691 161 110 12 87
20 9 5 1 100 0.75 8 1300 193 781 697 160 116 19 88
20 9 5 1 100 0.75 8 1301 199 796 711 169 121 24 85
20 9 5 1 100 0.75 8 1302 203 814 733 173 123 26 87
20 9 5 1 100 0.75 8 1303 217 829 740 172 128 31 89
20 9 5 1 100 0.75 8 1304 231 845 750 182 132 35 92
20 9 5 1 100 0.75 8 1305 241 861 763 192 136 39 94
20 9 5 1 100 0.75 8 1306 250 878 776 201 139 42 98
20 9 5 1 100 0.75 8 1307 263 894 790 206 143 46 100
20 9 5 1 100 0.75 8 1308 273 911 802 217 146 49 106
20 9 5 1 100 0.75 8 1309 286 926 815 223 151 54 105
20 9 5 1 100 0.75 8 1310 294 939 820 231 158 61 106
20 9 5 1 100 0.75 8 1311 305 954 831 236 163 66 108
20 9 5 1 100 0.75 8 1312 319 970 839 243 167 70 115
20 9 5 1 100 0.75 8 1313 331 984 853 254 173 76 115
20 9 5 1 100 0.75 8 1314 345 982 839 262 182 85 116
20 9 5 1 100 0.75 8 1315 362 985 836 274 188 91 120
20 9 5 1 100 0.75 8 1316 372 986 828 289 193 96 125
20 9 5 1 100 0.75 8 1317 377 985 824 298 199 102 128
20 9 5 1 100 0.75 8 1318 387 987 819 306 203 106 130
20 9 5 1 100 0.75 8 1319 400 986 820 317 207 111 137
20 9 5 1 100 0.75 8 1320 413 983 809 331 215 119 144
20 9 5 1 100 0.75 8 1321 427 987 803 353 219 123 155
20 9 5 1 100 0.75 8 1322 440 982 795 367 228 132 162
20 9 5 1 100 0.75 8 1323 450 987 799 379 232 136 169
20 9 5 1 100 0.75 8 1324 461 983 792 386 240 144 173
20 9 5 1 100 0.75 8 1325 472 984 784 396 247 151 175
20 9 5 1 100 0.75 8 1326 480 985 786 404 253 157 181
20 9 5 1 100 0.75 8 1327 492 984 770 413 260 164 190
20 9 5 1 100 0.75 8 1328 502 982 778 425 269 173 195
20 9 5 1 100 0.75 8 1329 513 981 770 431 279 183 196
20 9 5 1 100 0.75 8 1330 526 981 759 442 289 193 197
20 9 5 1 100 0.75 8 1331 535 988 758 461 292 196 207
20 9 5 1 100 0.75 8 1332 546 984 760 469 299 203 211
20 9 5 1 100 0.75 8 1333 557 982 754 476 307 212 211
20 9 5 1 100 0.75 8 1334 564 983 742 484 315 220 215
20 9 5 1 100 0.75 8 1335 578 978 737 487 328 233 224
20 9 5 1 100 0.75 8 1336 584 980 723 496 339 244 222
20 9 5 1 100 0.75 8 1337 601 979 716 499 351 256 223
20 9 5 1 100 0.75 8 1338 609 979 724 512 363 268 231
20 9 5 1 100 0.75 8 1339 621 982 712 522 372 277 238
20 9 5 1 100 0.75 8 1340 632 973 685 521 389 295 231
20 9 5 1 100 0.75 8 1341 641 976 690 527 404 310 227
20 9 5 1 100 0.75 8 1342 654 976 670 529 419 325 232
20 9 5 1 100 0.75 8 1343 661 980 667 542 430 336 232
20 9 5 1 100 0.75 8 1344 672 981 664 552 440 346 234
20 9 5 1 100 0.75 8 1345 683 980 656 562 450 357 236
20 9 5 1 100 0.75 8 1346 691 983 664 578 458 365 242
20 9 5 1 100 0.75 8 1347 704 975 655 582 474 381 241
20 9 5 1 100 0.75 8 1348 712 978 649 595 487 394 244
20 9 5 1 100 0.75 8 1349 723 980 626 605 498 405 248
20 9 5 1 100 0.75 8 1350 734 974 607 615 515 422 245
20 9 5 1 100 0.75 8 1351 740 980 599 626 526 433 250
20 9 5 1 100 0.75 8 1352 748 975 602 630 542 449 248
20 9 5 1 100 0.75 8 1353 760 980 591 635 553 460 259
20 9 5 1 100 0.75 8 1354 769 971 573 640 573 480 252
20 9 5 1 100 0.75 8 1355 781 980 582 650 584 491 263
20 9 5 1 100 0.75 8 1356 794 979 582 664 596 503 272
20 9 5 1 100 0.75 8 1357 804 977 570 674 610 517 277
20 9 5 1 100 0.75 8 1358 812 981 568 686 620 527 282
20 9 5 1 100 0.75 8 1359 821 978 554 700 633 540 280
20 9 5 1 100 0.75 8 1360 829 980 549 712 644 551 286
20 9 5 1 100 0.75 8 1361 836 970 533 711 664 572 282
20 9 5 1 100 0.75 8 1362 846 967 536 703 687 595 277
20 9 5 1 100 0.75 8 1363 857 976 512 724 698 606 284
20 9 5 1 100 0.75 8 1364 858 984 523 739 704 613 297
20 9 5 1 100 0.75 8 1365 869 970 510 732 724 634 300
20 9 5 1 100 0.75 8 1366 875 977 506 743 737 647 306
20 9 5 1 100 0.75 8 1367 881 978 508 745 749 660 309
20 9 5 1 100 0.75 8 1368 889 982 483 759 758 669 316
20 9 5 1 100 0.75 8 1369 894 978 479 762 770 682 324
20 9 5 1 100 0.75 8 1370 900 967 462 768 794 706 315
20 9 5 1 100 0.75 8 1371 904 964 465 767 817 729 310
20 9 5 1 100 0.75 8 1372 908 968 464 767 832 745 307
20 9 5 1 100 0.75 8 1373 914 973 457 767 847 760 304
20 9 5 1 100 0.75 8 1374 918 969 439 772 869 782 298
20 9 5 1 100 0.75 8 1375 923 970 449 771 888 801 292
20 9 5 1 100 0.75 8 1376 930 979 448 773 898 812 301
20 9 5 1 100 0.75 8 1377 933 974 430 777 914 829 306
20 9 5 1 100 0.75 8 1378 939 971 408 775 933 849 297
20 9 5 1 100 0.75 8 1379 943 975 432 784 949 865 297
20 9 5 1 100 0.75 8 1380 947 969 388 789 971 887 290
20 9 5 1 100 0.75 8 1381 950 968 391 790 992 908 287
20 9 5 1 100 0.75 8 1382 956 974 378 795 1006 922 281
20 9 5 1 100 0.75 8 1383 962 977 387 810 1020 936 286
20 9 5 1 100 0.75 8 1384 965 971 379 812 1040 956 276
20 9 5 1 100 0.75 8 1385 968 971 345 813 1060 976 269
20 9 5 1 100 0.75 8 1386 972 974 369 816 1077 993 270
20 9 5 1 100 0.75 8 1387 974 972 365 817 1096 1012 270
20 9 5 1 100 0.75 8 1388 979 975 359 821 1112 1028 268
20 9 5 1 100 0.75 8 1389 981 973 339 823 1130 1046 271
20 9 5 1 100 0.75 8 1390 984 977 326 830 1144 1060 279
20 9 5 1 100 0.75 8 1391 986 979 339 840 1155 1072 285
20 9 5 1 100 0.75 8 1392 988 975 336 845 1171 1088 283
20 9 5 1 100 0.75 8 1393 989 976 341 848 1184 1103 280
20 9 5 1 100 0.75 8 1394 991 973 320 853 1200 1121 282
20 9 5 1 100 0.75 8 1395 991 974 319 854 1216 1138 277
20 9 5 1 100 0.75 8 1396 991 981 340 863 1225 1148 286
20 9 5 1 100 0.75 8 1397 991 968 303 857 1248 1171 280
20 9 5 1 100 0.75 8 1398 991 972 307 855 1264 1187 278
20 9 5 1 100 0.75 8 1399 991 978 291 858 1277 1200 279
20 9 5 1 100 0.75 8 1400 991 973 289 853 1295 1218 280
20 9 5 1 100 0.75 8 1401 991 979 297 856 1306 1230 281
20 9 5 1 100 0.75 8 1402 991 978 279 864 1319 1243 286
20 9 5 1 100 0.75 8 1403 991 980 255 866 1329 1254 287
20 9 5 1 100 0.75 8 1404 991 974 290 864 1345 1271 283
20 9 5 1 100 0.75 8 1405 991 970 263 859 1366 1292 269
20 9 5 1 100 0.75 8 1406 991 964 252 854 1391 1318 257
20 9 5 1 100 0.75 8 1407 991 974 251 861 1400 1328 258
20 9 5 1 100 0.75 8 1408 991 973 262 850 1416 1346 253
20 9 5 1 100 0.75 8 1409 991 971 234 852 1436 1366 246
20 9 5 1 100 0.75 8 1410 991 981 247 853 1444 1376 248
20 9 5 1 100 0.75 8 1410 991 981 981 853 1684 1376 248
20 9 5 1 100 0.75 8 1440 991 981 981 853 98 1376 248
20 9 5 1 100 0.75 9 1441 0 20 20 0 98 0 0
20 9 5 1 100 0.75 9 1442 0 40 40 0 98 0 0
20 9 5 1 100 0.75 9 1443 0 60 60 0 98 0 0
20 9 5 1 100 0.75 9 1444 0 80 80 0 98 0 0
20 9 5 1 100 0.75 9 1445 0 100 100 0 98 0 0
20 9 5 1 100 0.75 9 1446 0 120 120 0 98 0 0
20 9 5 1 100 0.75 9 1447 0 140 138 0 98 0 0
20 9 5 1 100 0.75 9 1448 3 160 154 0 98 0 0
20 9 5 1 100 0.75 9 1449 4 180 174 3 98 0 0
20 9 5 1 100 0.75 9 1450 8 200 188 4 98 0 0
20 9 5 1 100 0.75 9 1451 11 220 207 8 98 0 0
20 9 5 1 100 0.75 9 1452 15 240 215 11 98 0 0
20 9 5 1 100 0.75 9 1453 21 260 232 15 98 0 0
20 9 5 1 100 0.75 9 1454 26 280 246 21 98 0 0
20 9 5 1 100 0.75 9 1455 29 300 265 26 98 0 0
20 9 5 1 100 0.75 9 1456 35 320 283 29 98 0 1
20 9 5 1 100 0.75 9 1457 40 340 303 35 98 0 3
20 9 5 1 100 0.75 9 1458 45 360 321 40 98 0 6
20 9 5 1 100 0.75 9 1459 54 380 336 45 98 0 8
20 9 5 1 100 0.75 9 1460 60 400 356 54 98 0 13
20 9 5 1 100 0.75 9 1461 65 420 376 60 98 0 17
20 9 5 1 100 0.75 9 1462 71 440 392 65 98 0 21
20 9 5 1 100 0.75 9 1463 78 460 405 71 98 0 25
20 9 5 1 100 0.75 9 1464 81 480 429 78 98 0 28
20 9 5 1 100 0.75 9 1465 85 500 444 81 98 0 35
20 9 5 1 100 0.75 9 1466 90 520 470 85 98 0 38
20 9 5 1 100 0.75 9 1467 95 540 484 90 98 0 41
20 9 5 1 100 0.75 9 1468 102 560 504 95 98 0 47
20 9 5 1 100 0.75 9 1469 110 580 522 102 98 0 53
20 9 5 1 100 0.75 9 1470 117 600 543 110 98 0 58
20 9 5 1 100 0.75 9 1471 121 620 563 117 98 0 59
20 9 5 1 100 0.75 9 1472 128 639 581 120 99 1 61
20 9 5 1 100 0.75 9 1473 129 656 605 124 102 4 61
20 9 5 1 100 0.75 9 1474 135 676 616 125 101 4 63
20 9 5 1 100 0.75 9 1475 147 694 631 129 103 6 66
20 9 5 1 100 0.75 9 1476 161 712 644 139 105 8 70
20 9 5 1 100 0.75 9 1477 168 729 660 150 108 11 73
20 9 5 1 100 0.75 9 1478 174 746 673 154 110 14 72
20 9 5 1 100 0.75 9 1479 185 763 682 157 113 17 74
20 9 5 1 100 0.75 9 1480 193 778 700 163 118 22 72
20 9 5 1 100 0.75 9 1481 201 790 699 163 126 30 65
20 9 5 1 100 0.75 9 1482 208 809 724 171 127 31 74
20 9 5 1 100 0.75 9 1483 220 828 741 177 128 32 85
20 9 5 1 100 0.75 9 1484 231 842 750 183 134 38 86
20 9 5 1 100 0.75 9 1485 243 856 758 189 140 44 85
20 9 5 1 100 0.75 9 1486 252 871 770 196 145 49 88
20 9 5 1 100 0.75 9 1487 264 888 779 202 148 52 93
20 9 5 1 100 0.75 9 1488 271 905 792 213 151 55 96
20 9 5 1 100 0.75 9 1489 286 922 803 219 154 58 96
20 9 5 1 100 0.75 9 1490 299 936 811 232 160 64 98
20 9 5 1 100 0.75 9 1491 310 952 819 243 164 68 105
20 9 5 1 100 0.75 9 1492 317 966 835 250 170 74 106
20 9 5 1 100 0.75 9 1493 330 985 847 260 171 75 111
20 9 5 1 100 0.75 9 1494 345 988 851 274 174 78 117
20 9 5 1 100 0.75 9 1495 356 987 843 288 178 82 121
20 9 5 1 100 0.75 9 1496 369 987 840 298 182 86 124
20 9 5 1 100 0.75 9 1497 383 986 836 311 187 91 131
20 9 5 1 100 0.75 9 1498 396 984 820 324 194 98 135
20 9 5 1 100 0.75 9 1499 412 986 817 337 199 103 140
20 9 5 1 100 0.75 9 1500 425 985 814 355 205 109 148
20 9 5 1 100 0.75 9 1501 438 982 801 365 214 118 156
20 9 5 1 100 0.75 9 1502 449 978 793 369 227 131 154
20 9 5 1 100 0.75 9 1503 458 983 788 377 235 139 154
20 9 5 1 100 0.75 9 1504 469 987 800 389 239 143 171
20 9 5 1 100 0.75 9 1505 480 987 793 401 243 147 180
20 9 5 1 100 0.75 9 1506 486 984 782 408 250 154 185
20 9 5 1 100 0.75 9 1507 500 983 788 418 258 162 195
20 9 5 1 100 0.75 9 1508 515 989 783 433 260 164 205
20 9 5 1 100 0.75 9 1509 531 984 771 447 267 171 212
20 9 5 1 100 0.75 9 1510 540 980 766 462 278 182 215
20 9 5 1 100 0.75 9 1511 552 982 761 467 287 191 222
20 9 5 1 100 0.75 9 1512 561 984 750 482 294 198 223
20 9 5 1 100 0.75 9 1513 570 985 748 490 300 204 226
20 9 5 1 100 0.75 9 1514 581 984 752 496 307 211 233
20 9 5 1 100 0.75 9 1515 595 976 732 501 322 226 239
20 9 5 1 100 0.75 9 1516 609 978 729 508 335 239 243
20 9 5 1 100 0.75 9 1517 624 973 704 510 352 257 238
20 9 5 1 100 0.75 9 1518 635 983 706 524 360 265 245
20 9 5 1 100 0.75 9 1519 647 979 696 537 372 277 245
20 9 5 1 100 0.75 9 1520 656 976 695 543 387 292 242
20 9 5 1 100 0.75 9 1521 668 976 675 543 402 307 234
20 9 5 1 100 0.75 9 1522 677 977 671 548 416 321 235
20 9 5 1 100 0.75 9 1523 692 977 674 551 430 335 238
20 9 5 1 100 0.75 9 1524 705 975 662 562 446 351 236
20 9 5 1 100 0.75 9 1525 717 972 644 574 465 370 235
20 9 5 1 100 0.75 9 1526 726 979 650 589 477 382 243
20 9 5 1 100 0.75 9 1527 735 979 638 599 489 394 244
20 9 5 1 100 0.75 9 1528 744 981 635 609 498 404 250
20 9 5 1 100 0.75 9 1529 753 982 619 620 507 413 252
20 9 5 1 100 0.75 9 1530 764 975 613 629 523 429 252
20 9 5 1 100 0.75 9 1531 780 977 600 644 537 443 262
20 9 5 1 100 0.75 9 1532 790 975 601 655 551 459 270
20 9 5 1 100 0.75 9 1533 801 973 580 667 569 477 271
20 9 5 1 100 0.75 9 1534 810 976 582 681 583 492 273
20 9 5 1 100 0.75 9 1535 823 976 569 686 598 507 271
20 9 5 1 100 0.75 9 1536 832 984 570 705 605 514 279
20 9 5 1 100 0.75 9 1537 838 977 565 711 618 528 290
20 9 5 1 100 0.75 9 1538 847 983 569 722 625 536 302
20 9 5 1 100 0.75 9 1539 858 978 564 731 638 549 310
20 9 5 1 100 0.75 9 1540 864 977 535 743 652 563 312
20 9 5 1 100 0.75 9 1541 876 971 524 747 672 583 310
20 9 5 1 100 0.75 9 1542 886 971 520 757 692 603 312
20 9 5 1 100 0.75 9 1543 893 978 519 767 705 616 313
20 9 5 1 100 0.75 9 1544 900 984 511 775 712 623 324
20 9 5 1 100 0.75 9 1545 905 979 507 785 724 635 331
20 9 5 1 100 0.75 9 1546 912 966 486 773 749 660 322
20 9 5 1 100 0.75 9 1547 920 963 479 769 771 683 319
20 9 5 1 100 0.75 9 1548 925 967 478 775 786 699 323
20 9 5 1 100 0.75 9 1549 930 974 489 788 799 712 332
20 9 5 1 100 0.75 9 1550 936 966 457 782 824 737 321
20 9 5 1 100 0.75 9 1551 943 971 438 795 838 752 315
20 9 5 1 100 0.75 9 1552 946 974 443 793 854 769 313
20 9 5 1 100 0.75 9 1553 951 968 423 782 877 792 298
20 9 5 1 100 0.75 9 1554 955 976 432 789 888 804 300
20 9 5 1 100 0.75 9 1555 958 968 415 791 911 827 300
20 9 5 1 100 0.75 9 1556 964 972 423 799 927 843 302
20 9 5 1 100 0.75 9 1557 969 968 399 803 950 866 295
20 9 5 1 100 0.75 9 1558 970 970 377 809 968 884 297
20 9 5 1 100 0.75 9 1559 973 973 384 812 985 901 292
20 9 5 1 100 0.75 9 1560 975 971 370 810 1003 921 283
20 9 5 1 100 0.75 9 1561 979 972 391 809 1022 940 287
20 9 5 1 100 0.75 9 1562 982 973 365 815 1040 958 285
20 9 5 1 100 0.75 9 1563 985 977 368 822 1054 972 294
20 9 5 1 100 0.75 9 1564 987 967 347 818 1078 996 286
20 9 5 1 100 0.75 9 1565 988 961 350 815 1104 1022 281
20 9 5 1 100 0.75 9 1566 988 971 351 827 1114 1032 282
20 9 5 1 100 0.75 9 1567 988 975 357 832 1129 1048 283
20 9 5 1 100 0.75 9 1568 990 981 330 840 1139 1058 284
20 9 5 1 100 0.75 9 1569 991 975 314 845 1154 1074 287
20 9 5 1 100 0.75 9 1570 991 976 323 849 1168 1089 289
20 9 5 1 100 0.75 9 1571 991 983 325 858 1174 1097 301
20 9 5 1 100 0.75 9 1572 991 973 341 860 1192 1115 298
20 9 5 1 100 0.75 9 1573 991 973 326 862 1209 1133 295
20 9 5 1 100 0.75 9 1574 991 972 300 865 1227 1152 293
20 9 5 1 100 0.75 9 1575 991 976 315 861 1241 1167 295
20 9 5 1 100 0.75 9 1576 991 974 284 856 1258 1184 292
20 9 5 1 100 0.75 9 1577 991 978 288 859 1271 1197 293
20 9 5 1 100 0.75 9 1578 991 975 278 858 1287 1213 291
20 9 5 1 100 0.75 9 1579 991 977 289 857 1299 1227 287
20 9 5 1 100 0.75 9 1580 991 969 270 849 1321 1249 284
20 9 5 1 100 0.75 9 1581 991 974 287 850 1335 1264 278
20 9 5 1 100 0.75 9 1582 991 968 252 851 1358 1287 262
20 9 5 1 100 0.75 9 1583 991 968 247 842 1377 1307 251
20 9 5 1 100 0.75 9 1584 991 969 249 838 1396 1326 249
20 9 5 1 100 0.75 9 1585 991 978 230 846 1407 1337 245
20 9 5 1 100 0.75 9 1586 991 975 246 841 1422 1353 241
20 9 5 1 100 0.75 9 1587 991 979 244 847 1434 1365 242
20 9 5 1 100 0.75 9 1588 991 972 250 842 1451 1384 237
20 9 5 1 100 0.75 9 1589 991 976 253 848 1465 1399 232
20 9 5 1 100 0.75 9 1590 991 974 253 846 1481 1416 226
20 9 5 1 100 0.75 9 1590 991 974 974 846 1706 1416 226
20 9 5 1 100 0.75 9 1620 991 974 974 846 98 1416 226
20 9 5 1 100 0.75 10 1621 0 20 20 0 98 0 0
20 9 5 1 100 0.75 10 1622 0 40 40 0 98 0 0
20 9 5 1 100 0.75 10 1623 0 60 60 0 98 0 0
20 9 5 1 100 0.75 10 1624 0 80 80 0 98 0 0
20 9 5 1 100 0.75 10 1625 0 100 100 0 98 0 0
20 9 5 1 100 0.75 10 1626 0 120 119 0 98 0 0
20 9 5 1 100 0.75 10 1627 0 140 140 0 98 0 0
20 9 5 1 100 0.75 10 1628 2 160 157 0 98 0 0
20 9 5 1 100 0.75 10 1629 3 180 176 2 98 0 0
20 9 5 1 100 0.75 10 1630 7 200 190 3 98 0 0
20 9 5 1 100 0.75 10 1631 8 220 210 7 98 0 0
20 9 5 1 100 0.75 10 1632 12 240 225 8 98 0 0
20 9 5 1 100 0.75 10 1633 18 260 238 12 98 0 0
20 9 5 1 100 0.75 10 1634 23 280 253 18 98 0 0
20 9 5 1 100 0.75 10 1635 29 300 271 23 98 0 2
20 9 5 1 100 0.75 10 1636 32 320 287 29 98 0 2
20 9 5 1 100 0.75 10 1637 38 340 306 32 98 0 3
20 9 5 1 100 0.75 10 1638 41 360 325 38 98 0 6
20 9 5 1 100 0.75 10 1639 50 380 338 41 98 0 8
20 9 5 1 100 0.75 10 1640 55 400 358 50 98 0 14
20 9 5 1 100 0.75 10 1641 62 420 375 55 98 0 18
20 9 5 1 100 0.75 10 1642 72 440 392 62 98 0 22
20 9 5 1 100 0.75 10 1643 77 460 408 72 98 0 24
20 9 5 1 100 0.75 10 1644 84 480 429 77 98 0 28
20 9 5 1 100 0.75 10 1645 91 500 440 84 98 0 31
20 9 5 1 100 0.75 10 1646 94 520 464 91 98 0 35
20 9 5 1 100 0.75 10 1647 100 540 482 94 98 0 42
20 9 5 1 100 0.75 10 1648 103 560 505 100 98 0 46
20 9 5 1 100 0.75 10 1649 115 580 521 103 98 0 51
20 9 5 1 100 0.75 10 1650 124 600 539 115 98 0 58
20 9 5 1 100 0.75 10 1651 130 619 564 123 98 1 61
20 9 5 1 100 0.75 10 1652 138 638 575 128 99 2 65
20 9 5 1 100 0.75 10 1653 140 658 596 136 99 2 69
20 9 5 1 100 0.75 10 1654 143 678 617 138 99 2 70
20 9 5 1 100 0.75 10 1655 153 697 630 140 100 3 73
20 9 5 1 100 0.75 10 1656 162 715 647 148 102 5 74
20 9 5 1 100 0.75 10 1657 175 731 662 153 106 9 81
20 9 5 1 100 0.75 10 1658 181 747 678 162 110 13 79
20 9 5 1 100 0.75 10 1659 192 760 682 161 117 20 77
20 9 5 1 100 0.75 10 1660 200 776 695 168 120 24 77
20 9 5 1 100 0.75 10 1661 209 794 708 174 122 26 78
20 9 5 1 100 0.75 10 1662 219 810 717 179 126 30 78
20 9 5 1 100 0.75 10 1663 233 827 734 186 129 33 83
20 9 5 1 100 0.75 10 1664 243 844 742 197 132 36 87
20 9 5 1 100 0.75 10 1665 254 856 751 201 140 44 84
20 9 5 1 100 0.75 10 1666 269 871 761 208 145 49 87
20 9 5 1 100 0.75 10 1667 278 888 776 221 148 52 89
20 9 5 1 100 0.75 10 1668 288 905 786 227 151 55 91
20 9 5 1 100 0.75 10 1669 302 918 792 233 158 62 90
20 9 5 1 100 0.75 10 1670 319 933 807 244 163 67 96
20 9 5 1 100 0.75 10 1671 329 947 818 256 169 73 98
20 9 5 1 100 0.75 10 1672 342 963 823 264 173 77 104
20 9 5 1 100 0.75 10 1673 353 977 826 273 179 83 106
20 9 5 1 100 0.75 10 1674 369 990 844 287 180 84 112
20 9 5 1 100 0.75 10 1675 380 985 834 299 186 90 114
20 9 5 1 100 0.75 10 1676 390 988 828 311 189 93 120
20 9 5 1 100 0.75 10 1677 400 984 819 316 196 100 130
20 9 5 1 100 0.75 10 1678 421 985 820 326 202 106 137
20 9 5 1 100 0.75 10 1679 428 989 827 351 204 108 144
20 9 5 1 100 0.75 10 1680 441 986 809 359 209 113 148
20 9 5 1 100 0.75 10 1681 458 984 802 372 216 120 157
20 9 5 1 100 0.75 10 1682 468 987 800 391 220 124 166
20 9 5 1 100 0.75 10 1683 476 984 790 402 227 131 169
20 9 5 1 100 0.75 10 1684 487 983 781 411 235 139 170
20 9 5 1 100 0.75 10 1685 504 984 789 422 242 146 181
20 9 5 1 100 0.75 10 1686 517 987 792 440 246 150 189
20 9 5 1 100 0.75 10 1687 528 982 779 449 255 159 192
20 9 5 1 100 0.75 10 1688 540 984 780 456 262 166 203
20 9 5 1 100 0.75 10 1689 553 981 764 467 272 176 206
20 9 5 1 100 0.75 10 1690 558 985 768 476 278 182 218
20 9 5 1 100 0.75 10 1691 569 979 745 477 290 194 221
20 9 5 1 100 0.75 10 1692 579 985 756 492 296 200 230
20 9 5 1 100 0.75 10 1693 595 986 746 505 301 205 239
20 9 5 1 100 0.75 10 1694 610 977 726 514 315 219 238
20 9 5 1 100 0.75 10 1695 624 976 713 523 329 234 235
20 9 5 1 100 0.75 10 1696 632 979 716 530 341 246 236
20 9 5 1 100 0.75 10 1697 639 979 703 537 353 258 239
20 9 5 1 100 0.75 10 1698 649 976 698 537 368 273 233
20 9 5 1 100 0.75 10 1699 660 978 683 544 380 286 234
20 9 5 1 100 0.75 10 1700 674 979 680 547 392 298 241
20 9 5 1 100 0.75 10 1701 685 984 689 562 399 305 250
20 9 5 1 100 0.75 10 1702 699 973 662 563 417 323 246
20 9 5 1 100 0.75 10 1703 711 983 667 584 425 331 253
20 9 5 1 100 0.75 10 1704 726 975 657 590 440 347 249
20 9 5 1 100 0.75 10 1705 733 981 648 606 450 357 252
20 9 5 1 100 0.75 10 1706 738 975 624 611 466 373 249
20 9 5 1 100 0.75 10 1707 751 974 607 617 483 390 241
20 9 5 1 100 0.75 10 1708 772 975 614 625 499 406 248
20 9 5 1 100 0.75 10 1709 781 972 607 638 518 425 240
20 9 5 1 100 0.75 10 1710 797 979 604 649 530 437 251
20 9 5 1 100 0.75 10 1711 809 982 593 667 539 446 264
20 9 5 1 100 0.75 10 1712 819 980 575 683 549 457 269
20 9 5 1 100 0.75 10 1713 825 977 569 693 563 471 272
20 9 5 1 100 0.75 10 1714 833 974 573 697 580 488 274
20 9 5 1 100 0.75 10 1715 846 979 567 711 592 500 279
20 9 5 1 100 0.75 10 1716 862 976 555 722 607 515 289
20 9 5 1 100 0.75 10 1717 871 979 552 744 619 527 299
20 9 5 1 100 0.75 10 1718 878 976 541 749 633 542 306
20 9 5 1 100 0.75 10 1719 888 972 529 755 651 561 304
20 9 5 1 100 0.75 10 1720 897 971 509 758 671 581 296
20 9 5 1 100 0.75 10 1721 903 978 518 766 684 594 303
20 9 5 1 100 0.75 10 1722 912 980 519 771 695 605 308
20 9 5 1 100 0.75 10 1723 925 977 525 781 707 619 323
20 9 5 1 100 0.75 10 1724 932 984 508 801 714 626 331
20 9 5 1 100 0.75 10 1725 936 974 491 804 731 643 330
20 9 5 1 100 0.75 10 1726 944 970 459 808 752 664 327
20 9 5 1 100 0.75 10 1727 947 971 445 811 771 683 323
20 9 5 1 100 0.75 10 1728 952 975 450 820 786 699 319
20 9 5 1 100 0.75 10 1729 958 976 453 821 801 714 323
20 9 5 1 100 0.75 10 1730 962 972 442 823 820 733 324
20 9 5 1 100 0.75 10 1731 967 965 433 812 845 759 318
20 9 5 1 100 0.75 10 1732 970 971 437 814 858 773 318
20 9 5 1 100 0.75 10 1733 974 968 425 806 880 796 313
20 9 5 1 100 0.75 10 1734 977 967 416 810 900 817 312
20 9 5 1 100 0.75 10 1735 982 965 398 809 922 839 304
20 9 5 1 100 0.75 10 1736 984 961 378 805 945 863 293
20 9 5 1 100 0.75 10 1737 984 964 402 807 962 880 286
20 9 5 1 100 0.75 10 1738 986 966 362 811 980 898 281
20 9 5 1 100 0.75 10 1739 987 976 388 819 990 908 289
20 9 5 1 100 0.75 10 1740 988 982 378 835 999 917 295
20 9 5 1 100 0.75 10 1741 989 975 363 834 1015 933 299
20 9 5 1 100 0.75 10 1742 991 964 350 830 1039 960 286
20 9 5 1 100 0.75 10 1743 991 965 346 833 1057 979 284
20 9 5 1 100 0.75 10 1744 991 969 336 839 1073 995 285
20 9 5 1 100 0.75 10 1745 991 973 332 843 1088 1011 289
20 9 5 1 100 0.75 10 1746 991 976 344 846 1102 1026 288
20 9 5 1 100 0.75 10 1747 991 980 329 853 1112 1037 293
20 9 5 1 100 0.75 10 1748 991 973 329 850 1130 1055 291
20 9 5 1 100 0.75 10 1749 991 970 310 839 1151 1076 285
20 9 5 1 100 0.75 10 1750 991 975 320 844 1165 1091 287
20 9 5 1 100 0.75 10 1751 991 978 317 854 1178 1104 288
20 9 5 1 100 0.75 10 1752 991 973 319 850 1194 1122 288
20 9 5 1 100 0.75 10 1753 991 973 305 853 1212 1140 280
20 9 5 1 100 0.75 10 1754 991 971 291 850 1231 1160 272
20 9 5 1 100 0.75 10 1755 991 971 301 845 1251 1180 262
20 9 5 1 100 0.75 10 1756 991 977 311 847 1265 1194 262
20 9 5 1 100 0.75 10 1757 991 977 313 850 1278 1208 263
20 9 5 1 100 0.75 10 1758 991 976 286 849 1293 1223 260
20 9 5 1 100 0.75 10 1759 991 972 277 848 1311 1242 255
20 9 5 1 100 0.75 10 1760 991 977 270 847 1325 1256 253
20 9 5 1 100 0.75 10 1761 991 976 285 852 1340 1271 253
20 9 5 1 100 0.75 10 1762 991 974 276 858 1356 1288 251
20 9 5 1 100 0.75 10 1763 991 974 269 854 1373 1305 244
20 9 5 1 100 0.75 10 1764 991 976 260 858 1386 1320 239
20 9 5 1 100 0.75 10 1765 991 972 259 856 1404 1339 232
20 9 5 1 100 0.75 10 1766 991 975 238 850 1419 1355 228
20 9 5 1 100 0.75 10 1767 991 975 248 849 1435 1371 218
20 9 5 1 100 0.75 10 1768 991 974 235 852 1451 1388 220
20 9 5 1 100 0.75 10 1769 991 977 220 854 1465 1402 218
20 9 5 1 100 0.75 10 1770 991 980 243 856 1475 1413 217
20 9 5 1 100 0.75 10 1770 991 980 980 856 1683 1413 217
20 9 5 1 100 0.75 10 1800 991 980 980 856 98 1413 217
