1 50 1 1 100 0.75 1 1 0 1 1 0 100 0 0
1 50 1 1 100 0.75 1 2 0 2 2 0 100 0 0
1 50 1 1 100 0.75 1 3 0 3 3 0 100 0 0
1 50 1 1 100 0.75 1 4 0 4 4 0 100 0 0
1 50 1 1 100 0.75 1 5 0 5 5 0 100 0 0
1 50 1 1 100 0.75 1 6 0 6 6 0 100 0 0
1 50 1 1 100 0.75 1 7 0 7 7 0 100 0 0
1 50 1 1 100 0.75 1 8 1 8 7 0 100 0 0
1 50 1 1 100 0.75 1 9 1 9 8 1 100 0 0
1 50 1 1 100 0.75 1 10 2 10 8 1 100 0 0
1 50 1 1 100 0.75 1 11 4 11 7 2 100 0 0
1 50 1 1 100 0.75 1 12 5 12 7 4 100 0 0
1 50 1 1 100 0.75 1 13 5 13 8 5 100 0 0
1 50 1 1 100 0.75 1 14 6 14 7 5 100 0 0
1 50 1 1 100 0.75 1 15 6 15 10 6 100 0 0
1 50 1 1 100 0.75 1 16 7 16 10 6 100 0 0
1 50 1 1 100 0.75 1 17 9 17 9 7 100 0 0
1 50 1 1 100 0.75 1 18 10 18 11 9 100 0 2
1 50 1 1 100 0.75 1 19 12 19 12 10 100 0 3
1 50 1 1 100 0.75 1 20 12 20 11 12 100 0 3
1 50 1 1 100 0.75 1 21 12 21 13 12 100 0 3
1 50 1 1 100 0.75 1 22 12 22 15 12 100 0 3
1 50 1 1 100 0.75 1 23 13 23 12 12 100 0 3
1 50 1 1 100 0.75 1 24 13 24 17 13 100 0 4
1 50 1 1 100 0.75 1 25 16 25 16 13 100 0 6
1 50 1 1 100 0.75 1 26 16 26 18 16 100 0 6
1 50 1 1 100 0.75 1 27 17 27 20 16 100 0 7
1 50 1 1 100 0.75 1 28 17 28 21 17 100 0 7
1 50 1 1 100 0.75 1 29 19 29 19 17 100 0 7
1 50 1 1 100 0.75 1 30 19 30 20 19 100 0 7
1 50 1 1 100 0.75 1 31 19 31 22 19 100 0 7
1 50 1 1 100 0.75 1 32 20 32 22 19 100 0 8
1 50 1 1 100 0.75 1 33 21 32 23 19 101 1 9
1 50 1 1 100 0.75 1 34 23 33 20 20 101 1 9
1 50 1 1 100 0.75 1 35 23 33 21 21 102 2 9
1 50 1 1 100 0.75 1 36 23 33 21 20 103 3 8
1 50 1 1 100 0.75 1 37 23 34 26 20 103 3 10
1 50 1 1 100 0.75 1 38 23 35 25 20 103 3 10
1 50 1 1 100 0.75 1 39 24 36 27 20 103 3 10
1 50 1 1 100 0.75 1 40 26 37 26 21 103 3 11
1 50 1 1 100 0.75 1 41 26 36 26 21 105 5 9
1 50 1 1 100 0.75 1 42 28 37 28 21 105 5 10
1 50 1 1 100 0.75 1 43 29 37 24 22 106 6 9
1 50 1 1 100 0.75 1 44 30 37 26 22 107 7 8
1 50 1 1 100 0.75 1 45 33 38 23 23 107 7 8
1 50 1 1 100 0.75 1 46 36 39 18 26 107 7 8
1 50 1 1 100 0.75 1 47 36 40 22 29 107 7 9
1 50 1 1 100 0.75 1 48 37 41 23 29 107 7 11
1 50 1 1 100 0.75 1 49 38 41 25 29 108 8 11
1 50 1 1 100 0.75 1 50 39 42 24 30 108 8 12
1 50 1 1 100 0.75 1 51 40 41 20 29 109 10 10
1 50 1 1 100 0.75 1 52 40 41 27 29 110 11 11
1 50 1 1 100 0.75 1 53 40 41 27 28 111 12 12
1 50 1 1 100 0.75 1 54 41 42 31 28 111 12 13
1 50 1 1 100 0.75 1 55 44 42 27 28 112 13 13
1 50 1 1 100 0.75 1 56 44 42 27 30 113 14 13
1 50 1 1 100 0.75 1 57 45 43 30 30 113 14 13
1 50 1 1 100 0.75 1 58 46 43 28 30 114 15 12
1 50 1 1 100 0.75 1 59 48 44 27 31 114 15 12
1 50 1 1 100 0.75 1 60 48 45 27 33 114 15 12
1 50 1 1 100 0.75 1 61 49 46 26 33 114 15 12
1 50 1 1 100 0.75 1 62 50 47 28 34 114 15 15
1 50 1 1 100 0.75 1 63 50 47 30 34 115 16 14
1 50 1 1 100 0.75 1 64 51 46 29 32 117 18 12
1 50 1 1 100 0.75 1 65 54 46 27 32 118 19 12
1 50 1 1 100 0.75 1 66 54 47 28 35 118 19 13
1 50 1 1 100 0.75 1 67 55 48 29 35 118 19 14
1 50 1 1 100 0.75 1 68 56 47 29 34 120 21 12
1 50 1 1 100 0.75 1 69 59 48 30 35 120 21 12
1 50 1 1 100 0.75 1 70 60 47 25 36 122 23 10
1 50 1 1 100 0.75 1 71 62 48 26 38 122 23 10
1 50 1 1 100 0.75 1 72 63 47 26 38 124 25 10
1 50 1 1 100 0.75 1 73 64 48 24 39 124 25 11
1 50 1 1 100 0.75 1 74 64 47 24 38 126 27 9
1 50 1 1 100 0.75 1 75 65 48 26 39 126 27 10
1 50 1 1 100 0.75 1 76 65 49 31 40 125 27 12
1 50 1 1 100 0.75 1 77 66 50 30 40 124 27 14
1 50 1 1 100 0.75 1 78 67 49 27 39 125 29 13
1 50 1 1 100 0.75 1 79 67 50 31 40 125 29 13
1 50 1 1 100 0.75 1 80 68 50 27 39 126 30 13
1 50 1 1 100 0.75 1 81 68 51 30 40 126 30 13
1 50 1 1 100 0.75 1 82 71 51 31 39 127 31 12
1 50 1 1 100 0.75 1 83 71 52 29 42 127 31 12
1 50 1 1 100 0.75 1 84 73 52 28 41 128 32 11
1 50 1 1 100 0.75 1 85 74 52 28 42 129 33 12
1 50 1 1 100 0.75 1 86 75 53 29 43 129 33 12
1 50 1 1 100 0.75 1 87 75 54 32 44 129 33 13
1 50 1 1 100 0.75 1 88 76 54 30 43 130 34 12
1 50 1 1 100 0.75 1 89 76 55 30 44 130 34 13
1 50 1 1 100 0.75 1 90 77 55 32 43 131 35 14
1 50 1 1 100 0.75 1 91 78 56 35 44 131 35 16
1 50 1 1 100 0.75 1 92 79 55 33 43 133 37 14
1 50 1 1 100 0.75 1 93 80 56 33 44 133 37 14
1 50 1 1 100 0.75 1 94 81 56 33 44 134 38 14
1 50 1 1 100 0.75 1 95 83 56 33 44 135 39 13
1 50 1 1 100 0.75 1 96 84 56 33 45 136 40 13
1 50 1 1 100 0.75 1 97 84 55 30 44 138 42 11
1 50 1 1 100 0.75 1 98 86 55 31 43 139 43 11
1 50 1 1 100 0.75 1 99 89 56 30 45 139 43 12
1 50 1 1 100 0.75 1 100 90 57 33 48 139 43 12
1 50 1 1 100 0.75 1 101 90 58 30 49 139 43 12
1 50 1 1 100 0.75 1 102 90 57 34 47 141 45 11
1 50 1 1 100 0.75 1 103 90 58 32 47 141 45 11
1 50 1 1 100 0.75 1 104 91 59 33 47 141 45 11
1 50 1 1 100 0.75 1 105 92 59 30 47 142 46 10
1 50 1 1 100 0.75 1 106 93 59 34 47 143 47 11
1 50 1 1 100 0.75 1 107 94 58 33 46 145 49 11
1 50 1 1 100 0.75 1 108 95 58 31 46 146 50 10
1 50 1 1 100 0.75 1 109 97 58 32 46 147 51 9
1 50 1 1 100 0.75 1 110 97 59 31 48 146 51 9
1 50 1 1 100 0.75 1 111 100 60 34 48 146 51 9
1 50 1 1 100 0.75 1 112 101 60 31 50 147 52 9
1 50 1 1 100 0.75 1 113 101 60 29 50 148 53 8
1 50 1 1 100 0.75 1 114 101 60 33 49 149 54 9
1 50 1 1 100 0.75 1 115 102 60 33 48 150 55 8
1 50 1 1 100 0.75 1 116 104 61 34 49 150 55 10
1 50 1 1 100 0.75 1 117 104 62 34 51 150 55 11
1 50 1 1 100 0.75 1 118 105 63 37 51 150 55 13
1 50 1 1 100 0.75 1 119 106 64 37 52 150 55 14
1 50 1 1 100 0.75 1 120 109 64 37 52 151 56 14
1 50 1 1 100 0.75 1 121 109 64 32 55 152 57 13
1 50 1 1 100 0.75 1 122 109 64 34 55 153 58 13
1 50 1 1 100 0.75 1 123 111 64 30 54 154 59 13
1 50 1 1 100 0.75 1 124 111 65 35 56 154 59 14
1 50 1 1 100 0.75 1 125 111 66 29 56 154 59 14
1 50 1 1 100 0.75 1 126 111 67 37 57 154 59 16
1 50 1 1 100 0.75 1 127 111 67 40 56 155 60 16
1 50 1 1 100 0.75 1 128 114 68 39 56 155 60 16
1 50 1 1 100 0.75 1 129 114 67 37 57 157 62 14
1 50 1 1 100 0.75 1 130 115 68 38 57 157 62 15
1 50 1 1 100 0.75 1 131 116 68 38 57 158 63 15
1 50 1 1 100 0.75 1 132 117 67 34 56 160 65 13
1 50 1 1 100 0.75 1 133 118 68 35 57 159 65 14
1 50 1 1 100 0.75 1 134 118 69 36 59 159 65 14
1 50 1 1 100 0.75 1 135 119 70 33 59 158 65 15
1 50 1 1 100 0.75 1 136 119 69 37 58 160 67 15
1 50 1 1 100 0.75 1 137 119 68 35 56 162 69 13
1 50 1 1 100 0.75 1 138 122 68 35 55 163 70 13
1 50 1 1 100 0.75 1 139 124 68 30 57 164 71 13
1 50 1 1 100 0.75 1 140 124 67 37 57 166 73 13
1 50 1 1 100 0.75 1 141 125 67 29 57 167 74 12
1 50 1 1 100 0.75 1 142 126 68 35 58 167 74 12
1 50 1 1 100 0.75 1 143 127 69 35 59 167 74 13
1 50 1 1 100 0.75 1 144 128 68 33 58 169 76 11
1 50 1 1 100 0.75 1 145 129 69 32 60 169 76 12
1 50 1 1 100 0.75 1 146 129 69 32 60 170 77 14
1 50 1 1 100 0.75 1 147 129 70 34 60 170 77 16
1 50 1 1 100 0.75 1 148 132 71 36 60 170 77 16
1 50 1 1 100 0.75 1 149 132 72 36 63 170 77 17
1 50 1 1 100 0.75 1 150 132 72 38 62 171 78 16
1 50 1 1 100 0.75 1 150 132 72 72 62 187 78 16
1 50 1 1 100 0.75 1 180 132 72 72 62 178 78 16
1 50 1 1 100 0.75 2 181 0 1 1 0 178 0 0
1 50 1 1 100 0.75 2 182 0 2 2 0 178 0 0
1 50 1 1 100 0.75 2 183 0 3 3 0 178 0 0
1 50 1 1 100 0.75 2 184 0 4 4 0 178 0 0
1 50 1 1 100 0.75 2 185 0 5 5 0 178 0 0
1 50 1 1 100 0.75 2 186 0 6 6 0 178 0 0
1 50 1 1 100 0.75 2 187 0 7 7 0 178 0 0
1 50 1 1 100 0.75 2 188 0 8 8 0 178 0 0
1 50 1 1 100 0.75 2 189 0 9 8 0 178 0 0
1 50 1 1 100 0.75 2 190 2 10 8 0 178 0 0
1 50 1 1 100 0.75 2 191 2 11 9 2 178 0 0
1 50 1 1 100 0.75 2 192 2 12 10 2 178 0 0
1 50 1 1 100 0.75 2 193 3 13 10 2 178 0 0
1 50 1 1 100 0.75 2 194 3 14 11 3 178 0 0
1 50 1 1 100 0.75 2 195 7 15 7 3 178 0 0
1 50 1 1 100 0.75 2 196 8 16 7 7 178 0 0
1 50 1 1 100 0.75 2 197 9 17 8 8 177 0 0
1 50 1 1 100 0.75 2 198 10 18 8 9 177 0 1
1 50 1 1 100 0.75 2 199 11 19 9 10 176 0 1
1 50 1 1 100 0.75 2 200 11 20 11 11 175 0 2
1 50 1 1 100 0.75 2 201 11 21 12 11 175 0 2
1 50 1 1 100 0.75 2 202 13 22 13 11 175 0 3
1 50 1 1 100 0.75 2 203 13 23 13 13 174 0 5
1 50 1 1 100 0.75 2 204 14 24 16 13 174 0 5
1 50 1 1 100 0.75 2 205 16 25 13 14 174 0 6
1 50 1 1 100 0.75 2 206 16 26 12 16 174 0 6
1 50 1 1 100 0.75 2 207 16 27 14 16 174 0 7
1 50 1 1 100 0.75 2 208 17 28 15 16 173 0 7
1 50 1 1 100 0.75 2 209 19 29 15 17 173 0 9
1 50 1 1 100 0.75 2 210 20 30 14 19 173 0 9
1 50 1 1 100 0.75 2 211 21 31 18 20 172 0 10
1 50 1 1 100 0.75 2 212 23 32 21 21 172 0 11
1 50 1 1 100 0.75 2 213 23 33 19 23 172 0 11
1 50 1 1 100 0.75 2 214 25 34 18 23 172 0 11
1 50 1 1 100 0.75 2 215 27 35 17 25 172 0 12
1 50 1 1 100 0.75 2 216 27 35 20 26 173 1 11
1 50 1 1 100 0.75 2 217 29 35 20 25 173 2 13
1 50 1 1 100 0.75 2 218 29 36 21 27 173 2 14
1 50 1 1 100 0.75 2 219 31 36 22 26 174 3 13
1 50 1 1 100 0.75 2 220 33 35 17 26 176 5 13
1 50 1 1 100 0.75 2 221 33 36 20 28 176 5 14
1 50 1 1 100 0.75 2 222 34 37 23 28 176 5 16
1 50 1 1 100 0.75 2 223 35 37 21 28 177 6 15
1 50 1 1 100 0.75 2 224 37 36 21 27 179 8 13
1 50 1 1 100 0.75 2 225 37 36 24 28 180 9 14
1 50 1 1 100 0.75 2 226 39 37 25 28 180 9 15
1 50 1 1 100 0.75 2 227 41 37 20 29 181 10 14
1 50 1 1 100 0.75 2 228 41 37 21 30 182 11 14
1 50 1 1 100 0.75 2 229 42 38 19 30 182 11 14
1 50 1 1 100 0.75 2 230 43 39 26 31 182 11 15
1 50 1 1 100 0.75 2 231 43 40 27 32 182 11 17
1 50 1 1 100 0.75 2 232 43 40 25 31 183 12 16
1 50 1 1 100 0.75 2 233 45 41 23 31 183 12 16
1 50 1 1 100 0.75 2 234 46 40 21 31 185 14 16
1 50 1 1 100 0.75 2 235 46 38 26 29 187 17 14
1 50 1 1 100 0.75 2 236 48 37 19 27 189 19 12
1 50 1 1 100 0.75 2 237 48 37 23 28 190 20 13
1 50 1 1 100 0.75 2 238 50 38 20 28 190 20 13
1 50 1 1 100 0.75 2 239 50 39 20 30 190 20 13
1 50 1 1 100 0.75 2 240 53 39 22 29 191 21 14
1 50 1 1 100 0.75 2 241 53 39 22 31 192 22 13
1 50 1 1 100 0.75 2 242 55 40 20 31 192 22 14
1 50 1 1 100 0.75 2 243 55 39 21 31 194 24 12
1 50 1 1 100 0.75 2 244 55 40 22 31 194 24 13
1 50 1 1 100 0.75 2 245 59 40 16 30 195 25 13
1 50 1 1 100 0.75 2 246 59 41 23 34 195 25 14
1 50 1 1 100 0.75 2 247 59 41 26 33 196 26 15
1 50 1 1 100 0.75 2 248 60 41 23 32 197 27 15
1 50 1 1 100 0.75 2 249 61 42 23 33 197 27 15
1 50 1 1 100 0.75 2 250 64 43 23 34 197 27 15
1 50 1 1 100 0.75 2 251 65 42 18 35 199 29 13
1 50 1 1 100 0.75 2 252 65 43 22 36 199 29 15
1 50 1 1 100 0.75 2 253 65 41 20 33 202 32 14
1 50 1 1 100 0.75 2 254 67 42 21 33 202 32 14
1 50 1 1 100 0.75 2 255 67 42 19 34 203 33 13
1 50 1 1 100 0.75 2 256 68 42 21 33 204 34 12
1 50 1 1 100 0.75 2 257 69 42 23 33 205 35 14
1 50 1 1 100 0.75 2 258 70 42 22 33 206 36 14
1 50 1 1 100 0.75 2 259 71 43 19 34 204 36 15
1 50 1 1 100 0.75 2 260 71 44 22 35 203 36 15
1 50 1 1 100 0.75 2 261 72 44 23 34 204 37 15
1 50 1 1 100 0.75 2 262 75 43 20 33 206 39 14
1 50 1 1 100 0.75 2 263 76 44 24 36 206 39 15
1 50 1 1 100 0.75 2 264 77 44 23 36 207 40 15
1 50 1 1 100 0.75 2 265 77 44 25 36 208 41 14
1 50 1 1 100 0.75 2 266 78 44 24 35 209 42 14
1 50 1 1 100 0.75 2 267 78 45 24 37 209 42 14
1 50 1 1 100 0.75 2 268 78 46 26 37 209 42 15
1 50 1 1 100 0.75 2 269 79 46 28 36 210 43 15
1 50 1 1 100 0.75 2 270 79 46 30 36 211 44 15
1 50 1 1 100 0.75 2 271 80 47 29 36 211 44 15
1 50 1 1 100 0.75 2 272 82 46 26 35 213 46 14
1 50 1 1 100 0.75 2 273 83 45 19 35 215 48 13
1 50 1 1 100 0.75 2 274 84 45 25 35 216 49 13
1 50 1 1 100 0.75 2 275 87 46 19 36 215 49 13
1 50 1 1 100 0.75 2 276 87 47 23 40 215 49 13
1 50 1 1 100 0.75 2 277 88 47 24 39 216 50 12
1 50 1 1 100 0.75 2 278 89 48 24 40 216 50 13
1 50 1 1 100 0.75 2 279 90 47 24 39 218 52 13
1 50 1 1 100 0.75 2 280 90 48 22 40 218 52 13
1 50 1 1 100 0.75 2 281 93 48 24 39 219 53 14
1 50 1 1 100 0.75 2 282 93 48 22 41 220 54 15
1 50 1 1 100 0.75 2 283 93 48 26 40 221 55 14
1 50 1 1 100 0.75 2 284 94 49 27 40 221 55 15
1 50 1 1 100 0.75 2 285 96 50 24 41 221 55 15
1 50 1 1 100 0.75 2 286 96 49 26 41 223 57 13
1 50 1 1 100 0.75 2 287 97 49 24 40 224 58 12
1 50 1 1 100 0.75 2 288 98 50 24 41 224 58 12
1 50 1 1 100 0.75 2 289 99 51 28 42 224 58 14
1 50 1 1 100 0.75 2 290 99 49 23 40 227 61 11
1 50 1 1 100 0.75 2 291 102 49 21 39 228 62 10
1 50 1 1 100 0.75 2 292 103 50 20 42 228 62 10
1 50 1 1 100 0.75 2 293 104 51 19 43 228 62 12
1 50 1 1 100 0.75 2 294 106 52 25 44 228 62 12
1 50 1 1 100 0.75 2 295 106 52 24 45 229 63 11
1 50 1 1 100 0.75 2 296 106 53 27 45 229 63 12
1 50 1 1 100 0.75 2 297 107 54 27 45 229 63 12
1 50 1 1 100 0.75 2 298 108 53 24 44 231 65 12
1 50 1 1 100 0.75 2 299 110 52 22 43 233 67 11
1 50 1 1 100 0.75 2 300 110 50 27 42 236 70 10
1 50 1 1 100 0.75 2 301 111 51 24 42 236 70 12
1 50 1 1 100 0.75 2 302 112 52 27 44 236 70 12
1 50 1 1 100 0.75 2 303 113 53 25 45 235 70 12
1 50 1 1 100 0.75 2 304 114 53 27 45 236 71 11
1 50 1 1 100 0.75 2 305 115 54 24 46 236 71 11
1 50 1 1 100 0.75 2 306 115 55 28 47 236 71 12
1 50 1 1 100 0.75 2 307 117 56 28 47 236 71 13
1 50 1 1 100 0.75 2 308 117 57 29 49 236 71 13
1 50 1 1 100 0.75 2 309 117 57 30 48 236 72 14
1 50 1 1 100 0.75 2 310 117 57 26 47 237 73 13
1 50 1 1 100 0.75 2 311 120 58 29 47 237 73 15
1 50 1 1 100 0.75 2 312 120 58 27 49 238 74 14
1 50 1 1 100 0.75 2 313 120 59 28 49 238 74 14
1 50 1 1 100 0.75 2 314 122 58 27 48 240 76 12
1 50 1 1 100 0.75 2 315 123 59 32 50 240 76 13
1 50 1 1 100 0.75 2 316 123 57 29 48 242 79 10
1 50 1 1 100 0.75 2 317 124 57 25 47 243 80 9
1 50 1 1 100 0.75 2 318 127 57 26 47 243 81 9
1 50 1 1 100 0.75 2 319 129 57 23 49 244 82 10
1 50 1 1 100 0.75 2 320 129 58 24 51 244 82 10
1 50 1 1 100 0.75 2 321 129 59 24 51 244 82 11
1 50 1 1 100 0.75 2 322 132 59 29 50 245 83 13
1 50 1 1 100 0.75 2 323 133 60 25 53 245 83 13
1 50 1 1 100 0.75 2 324 133 61 27 54 245 83 13
1 50 1 1 100 0.75 2 325 134 62 30 54 245 83 14
1 50 1 1 100 0.75 2 326 135 62 29 54 246 84 15
1 50 1 1 100 0.75 2 327 135 63 34 55 246 84 16
1 50 1 1 100 0.75 2 328 136 60 26 51 250 88 12
1 50 1 1 100 0.75 2 329 138 61 30 52 250 88 14
1 50 1 1 100 0.75 2 330 139 62 28 54 250 88 15
1 50 1 1 100 0.75 2 330 139 62 62 54 264 88 15
1 50 1 1 100 0.75 2 360 139 62 62 54 254 88 15
1 50 1 1 100 0.75 3 361 0 1 1 0 254 0 0
1 50 1 1 100 0.75 3 362 0 2 2 0 254 0 0
1 50 1 1 100 0.75 3 363 0 3 3 0 254 0 0
1 50 1 1 100 0.75 3 364 0 4 4 0 254 0 0
1 50 1 1 100 0.75 3 365 0 5 5 0 254 0 0
1 50 1 1 100 0.75 3 366 0 6 5 0 254 0 0
1 50 1 1 100 0.75 3 367 0 7 7 0 254 0 0
1 50 1 1 100 0.75 3 368 0 8 7 0 254 0 0
1 50 1 1 100 0.75 3 369 1 9 8 0 254 0 0
1 50 1 1 100 0.75 3 370 3 10 6 1 254 0 0
1 50 1 1 100 0.75 3 371 3 11 5 3 254 0 0
1 50 1 1 100 0.75 3 372 4 12 7 3 254 0 0
1 50 1 1 100 0.75 3 373 5 13 5 4 254 0 0
1 50 1 1 100 0.75 3 374 6 14 6 5 254 0 0
1 50 1 1 100 0.75 3 375 7 15 7 6 254 0 0
1 50 1 1 100 0.75 3 376 10 16 7 7 254 0 1
1 50 1 1 100 0.75 3 377 11 17 6 10 254 0 2
1 50 1 1 100 0.75 3 378 12 18 8 11 254 0 2
1 50 1 1 100 0.75 3 379 12 19 7 12 254 0 2
1 50 1 1 100 0.75 3 380 13 20 9 12 254 0 2
1 50 1 1 100 0.75 3 381 13 21 9 13 254 0 4
1 50 1 1 100 0.75 3 382 13 22 10 13 254 0 4
1 50 1 1 100 0.75 3 383 15 23 14 13 254 0 4
1 50 1 1 100 0.75 3 384 15 24 14 15 254 0 6
1 50 1 1 100 0.75 3 385 16 25 16 15 254 0 7
1 50 1 1 100 0.75 3 386 17 26 20 16 254 0 8
1 50 1 1 100 0.75 3 387 17 27 19 17 254 0 8
1 50 1 1 100 0.75 3 388 18 28 18 17 254 0 9
1 50 1 1 100 0.75 3 389 21 29 12 18 254 0 9
1 50 1 1 100 0.75 3 390 21 30 18 21 254 0 10
1 50 1 1 100 0.75 3 391 23 31 15 21 254 0 10
1 50 1 1 100 0.75 3 392 24 32 16 23 254 0 11
1 50 1 1 100 0.75 3 393 24 32 19 23 255 1 10
1 50 1 1 100 0.75 3 394 27 33 18 23 255 1 11
1 50 1 1 100 0.75 3 395 28 34 18 26 254 1 11
1 50 1 1 100 0.75 3 396 29 34 20 26 255 2 11
1 50 1 1 100 0.75 3 397 30 34 20 26 256 3 11
1 50 1 1 100 0.75 3 398 31 35 19 27 256 3 13
1 50 1 1 100 0.75 3 399 31 34 19 26 258 5 11
1 50 1 1 100 0.75 3 400 32 35 21 26 258 5 11
1 50 1 1 100 0.75 3 401 34 36 19 27 258 5 12
1 50 1 1 100 0.75 3 402 35 37 19 29 258 5 13
1 50 1 1 100 0.75 3 403 36 37 19 29 259 6 13
1 50 1 1 100 0.75 3 404 37 36 22 28 261 8 11
1 50 1 1 100 0.75 3 405 38 36 18 28 262 9 10
1 50 1 1 100 0.75 3 406 39 37 24 29 262 9 10
1 50 1 1 100 0.75 3 407 40 38 22 30 262 9 10
1 50 1 1 100 0.75 3 408 40 39 22 31 262 9 10
1 50 1 1 100 0.75 3 409 43 40 20 31 262 9 10
1 50 1 1 100 0.75 3 410 43 39 21 32 264 11 9
1 50 1 1 100 0.75 3 411 44 40 18 32 264 11 9
1 50 1 1 100 0.75 3 412 44 40 19 32 265 12 8
1 50 1 1 100 0.75 3 413 44 41 20 32 265 12 9
1 50 1 1 100 0.75 3 414 46 40 18 30 267 14 8
1 50 1 1 100 0.75 3 415 47 41 19 32 267 14 8
1 50 1 1 100 0.75 3 416 49 41 21 32 268 15 8
1 50 1 1 100 0.75 3 417 50 40 20 32 270 17 7
1 50 1 1 100 0.75 3 418 50 39 21 31 272 19 6
1 50 1 1 100 0.75 3 419 52 40 16 31 272 19 6
1 50 1 1 100 0.75 3 420 54 41 17 33 272 19 6
1 50 1 1 100 0.75 3 421 54 42 16 35 272 19 8
1 50 1 1 100 0.75 3 422 54 43 22 35 272 19 8
1 50 1 1 100 0.75 3 423 56 44 21 35 272 19 8
1 50 1 1 100 0.75 3 424 58 45 22 37 272 19 9
1 50 1 1 100 0.75 3 425 58 45 21 38 273 20 9
1 50 1 1 100 0.75 3 426 59 46 22 38 273 20 10
1 50 1 1 100 0.75 3 427 60 47 22 39 273 20 13
1 50 1 1 100 0.75 3 428 61 48 24 40 273 20 13
1 50 1 1 100 0.75 3 429 61 47 26 39 275 22 11
1 50 1 1 100 0.75 3 430 63 48 22 39 275 22 12
1 50 1 1 100 0.75 3 431 63 49 24 41 275 22 13
1 50 1 1 100 0.75 3 432 65 50 21 41 275 22 14
1 50 1 1 100 0.75 3 433 66 50 25 42 276 23 13
1 50 1 1 100 0.75 3 434 66 50 23 42 277 24 14
1 50 1 1 100 0.75 3 435 67 51 27 42 277 24 14
1 50 1 1 100 0.75 3 436 68 50 29 41 279 26 13
1 50 1 1 100 0.75 3 437 69 50 23 41 280 27 12
1 50 1 1 100 0.75 3 438 69 51 26 43 280 27 13
1 50 1 1 100 0.75 3 439 70 52 22 43 280 27 13
1 50 1 1 100 0.75 3 440 71 53 24 44 280 27 16
1 50 1 1 100 0.75 3 441 72 54 22 45 280 27 16
1 50 1 1 100 0.75 3 442 73 54 23 45 281 28 15
1 50 1 1 100 0.75 3 443 74 53 22 44 283 30 13
1 50 1 1 100 0.75 3 444 76 53 21 44 284 31 13
1 50 1 1 100 0.75 3 445 76 53 23 45 285 32 12
1 50 1 1 100 0.75 3 446 76 53 27 44 286 33 11
1 50 1 1 100 0.75 3 447 77 53 30 43 287 34 11
1 50 1 1 100 0.75 3 448 78 54 24 44 287 34 11
1 50 1 1 100 0.75 3 449 81 53 26 44 289 36 11
1 50 1 1 100 0.75 3 450 82 53 22 46 290 37 10
1 50 1 1 100 0.75 3 451 82 53 25 46 291 38 10
1 50 1 1 100 0.75 3 452 82 54 24 46 291 38 10
1 50 1 1 100 0.75 3 453 83 53 21 45 293 40 8
1 50 1 1 100 0.75 3 454 84 54 20 47 293 40 8
1 50 1 1 100 0.75 3 455 84 55 23 48 293 40 8
1 50 1 1 100 0.75 3 456 85 55 27 47 294 41 9
1 50 1 1 100 0.75 3 457 86 55 22 47 295 42 9
1 50 1 1 100 0.75 3 458 87 56 25 48 295 42 10
1 50 1 1 100 0.75 3 459 88 57 24 49 295 42 11
1 50 1 1 100 0.75 3 460 88 56 21 48 297 44 9
1 50 1 1 100 0.75 3 461 90 57 24 48 297 44 10
1 50 1 1 100 0.75 3 462 90 58 27 50 297 44 11
1 50 1 1 100 0.75 3 463 91 59 25 50 297 44 11
1 50 1 1 100 0.75 3 464 91 60 28 52 297 44 11
1 50 1 1 100 0.75 3 465 92 61 28 52 297 44 11
1 50 1 1 100 0.75 3 466 93 61 28 52 298 45 10
1 50 1 1 100 0.75 3 467 93 60 26 51 300 47 8
1 50 1 1 100 0.75 3 468 94 61 29 51 300 47 8
1 50 1 1 100 0.75 3 469 96 61 24 51 301 48 8
1 50 1 1 100 0.75 3 470 97 62 26 53 301 48 8
1 50 1 1 100 0.75 3 471 99 62 25 54 302 49 8
1 50 1 1 100 0.75 3 472 99 62 27 55 303 50 7
1 50 1 1 100 0.75 3 473 101 63 27 55 303 50 8
1 50 1 1 100 0.75 3 474 101 64 28 57 303 50 9
1 50 1 1 100 0.75 3 475 102 64 27 56 304 51 8
1 50 1 1 100 0.75 3 476 104 62 24 54 307 54 6
1 50 1 1 100 0.75 3 477 104 63 26 56 307 54 8
1 50 1 1 100 0.75 3 478 104 64 30 56 307 54 12
1 50 1 1 100 0.75 3 479 106 64 24 56 308 55 11
1 50 1 1 100 0.75 3 480 107 65 28 58 308 55 12
1 50 1 1 100 0.75 3 481 108 66 28 59 308 55 12
1 50 1 1 100 0.75 3 482 108 67 31 60 308 55 13
1 50 1 1 100 0.75 3 483 108 68 31 60 308 55 15
1 50 1 1 100 0.75 3 484 111 69 32 60 308 55 15
1 50 1 1 100 0.75 3 485 111 70 29 63 308 55 15
1 50 1 1 100 0.75 3 486 112 71 31 63 308 55 15
1 50 1 1 100 0.75 3 487 112 72 35 64 308 55 18
1 50 1 1 100 0.75 3 488 114 72 30 63 309 56 17
1 50 1 1 100 0.75 3 489 115 73 30 66 309 56 17
1 50 1 1 100 0.75 3 490 115 74 31 67 309 56 17
1 50 1 1 100 0.75 3 491 116 73 35 65 311 58 16
1 50 1 1 100 0.75 3 492 116 72 32 64 313 60 16
1 50 1 1 100 0.75 3 493 118 71 30 62 315 62 14
1 50 1 1 100 0.75 3 494 119 71 25 63 316 63 14
1 50 1 1 100 0.75 3 495 121 71 29 63 317 64 13
1 50 1 1 100 0.75 3 496 121 69 27 62 320 67 13
1 50 1 1 100 0.75 3 497 123 70 30 62 320 67 13
1 50 1 1 100 0.75 3 498 123 70 31 63 321 68 13
1 50 1 1 100 0.75 3 499 123 70 32 62 322 69 12
1 50 1 1 100 0.75 3 500 124 71 32 62 322 69 12
1 50 1 1 100 0.75 3 501 124 71 29 62 323 70 12
1 50 1 1 100 0.75 3 502 127 72 35 62 323 70 14
1 50 1 1 100 0.75 3 503 128 72 33 64 324 71 13
1 50 1 1 100 0.75 3 504 128 73 34 65 324 71 13
1 50 1 1 100 0.75 3 505 130 74 32 65 324 71 15
1 50 1 1 100 0.75 3 506 130 74 36 66 325 72 14
1 50 1 1 100 0.75 3 507 130 74 35 65 326 73 13
1 50 1 1 100 0.75 3 508 132 74 32 64 327 74 13
1 50 1 1 100 0.75 3 509 133 75 34 66 327 74 14
1 50 1 1 100 0.75 3 510 134 76 36 67 327 74 16
1 50 1 1 100 0.75 3 510 134 76 76 67 343 74 16
1 50 1 1 100 0.75 3 540 134 76 76 67 299 74 16
1 50 1 1 100 0.75 4 541 0 1 1 0 299 0 0
1 50 1 1 100 0.75 4 542 0 2 2 0 299 0 0
1 50 1 1 100 0.75 4 543 0 3 3 0 299 0 0
1 50 1 1 100 0.75 4 544 0 4 4 0 299 0 0
1 50 1 1 100 0.75 4 545 0 5 5 0 299 0 0
1 50 1 1 100 0.75 4 546 0 6 6 0 299 0 0
1 50 1 1 100 0.75 4 547 0 7 7 0 299 0 0
1 50 1 1 100 0.75 4 548 0 8 8 0 299 0 0
1 50 1 1 100 0.75 4 549 1 9 7 0 299 0 0
1 50 1 1 100 0.75 4 550 1 10 9 1 299 0 0
1 50 1 1 100 0.75 4 551 3 11 7 1 299 0 0
1 50 1 1 100 0.75 4 552 4 12 8 3 299 0 0
1 50 1 1 100 0.75 4 553 7 13 6 4 299 0 0
1 50 1 1 100 0.75 4 554 7 14 6 7 299 0 0
1 50 1 1 100 0.75 4 555 8 15 5 7 299 0 0
1 50 1 1 100 0.75 4 556 9 16 8 8 298 0 1
1 50 1 1 100 0.75 4 557 10 17 8 9 298 0 1
1 50 1 1 100 0.75 4 558 12 18 7 10 298 0 2
1 50 1 1 100 0.75 4 559 12 19 8 12 298 0 2
1 50 1 1 100 0.75 4 560 12 20 10 12 298 0 5
1 50 1 1 100 0.75 4 561 13 21 15 12 298 0 5
1 50 1 1 100 0.75 4 562 13 22 10 13 298 0 5
1 50 1 1 100 0.75 4 563 16 23 13 13 298 0 7
1 50 1 1 100 0.75 4 564 17 24 13 16 298 0 7
1 50 1 1 100 0.75 4 565 19 25 13 17 298 0 8
1 50 1 1 100 0.75 4 566 19 26 13 19 297 0 9
1 50 1 1 100 0.75 4 567 20 27 15 19 297 0 9
1 50 1 1 100 0.75 4 568 22 28 14 20 296 0 9
1 50 1 1 100 0.75 4 569 22 29 14 22 296 0 10
1 50 1 1 100 0.75 4 570 23 30 19 22 295 0 12
1 50 1 1 100 0.75 4 571 23 31 21 23 295 0 12
1 50 1 1 100 0.75 4 572 24 32 20 23 295 0 15
1 50 1 1 100 0.75 4 573 25 33 19 24 295 0 15
1 50 1 1 100 0.75 4 574 25 34 21 25 295 0 16
1 50 1 1 100 0.75 4 575 28 35 20 25 295 0 16
1 50 1 1 100 0.75 4 576 28 35 23 27 296 1 16
1 50 1 1 100 0.75 4 577 31 34 18 25 297 3 14
1 50 1 1 100 0.75 4 578 32 34 18 27 298 4 14
1 50 1 1 100 0.75 4 579 32 33 15 26 300 6 12
1 50 1 1 100 0.75 4 580 33 34 18 26 300 6 13
1 50 1 1 100 0.75 4 581 35 35 16 27 300 6 13
1 50 1 1 100 0.75 4 582 36 36 17 29 300 6 13
1 50 1 1 100 0.75 4 583 37 35 16 28 301 8 13
1 50 1 1 100 0.75 4 584 37 35 20 28 302 9 13
1 50 1 1 100 0.75 4 585 37 36 17 28 302 9 14
1 50 1 1 100 0.75 4 586 40 37 22 28 302 9 15
1 50 1 1 100 0.75 4 587 41 35 17 28 305 12 12
1 50 1 1 100 0.75 4 588 41 35 22 28 305 13 12
1 50 1 1 100 0.75 4 589 43 35 18 27 306 14 13
1 50 1 1 100 0.75 4 590 43 34 22 27 308 16 11
1 50 1 1 100 0.75 4 591 44 35 20 27 308 16 12
1 50 1 1 100 0.75 4 592 45 35 18 27 309 17 11
1 50 1 1 100 0.75 4 593 45 36 22 28 309 17 13
1 50 1 1 100 0.75 4 594 45 37 23 28 309 17 13
1 50 1 1 100 0.75 4 595 47 38 18 28 308 17 13
1 50 1 1 100 0.75 4 596 48 39 25 30 308 17 15
1 50 1 1 100 0.75 4 597 49 39 20 30 309 18 14
1 50 1 1 100 0.75 4 598 50 39 22 30 310 19 13
1 50 1 1 100 0.75 4 599 51 40 21 31 310 19 14
1 50 1 1 100 0.75 4 600 52 40 20 31 311 20 13
1 50 1 1 100 0.75 4 601 53 40 18 31 312 21 12
1 50 1 1 100 0.75 4 602 54 41 15 32 312 21 13
1 50 1 1 100 0.75 4 603 56 39 19 30 315 24 12
1 50 1 1 100 0.75 4 604 57 39 18 31 316 25 11
1 50 1 1 100 0.75 4 605 58 39 19 31 317 26 11
1 50 1 1 100 0.75 4 606 59 40 22 32 317 26 12
1 50 1 1 100 0.75 4 607 59 40 19 32 318 27 12
1 50 1 1 100 0.75 4 608 61 39 15 30 320 29 10
1 50 1 1 100 0.75 4 609 62 40 19 32 320 29 11
1 50 1 1 100 0.75 4 610 64 41 19 33 320 29 11
1 50 1 1 100 0.75 4 611 64 40 20 33 321 31 12
1 50 1 1 100 0.75 4 612 64 40 18 33 322 32 12
1 50 1 1 100 0.75 4 613 65 41 18 33 322 32 13
1 50 1 1 100 0.75 4 614 66 41 18 33 323 33 12
1 50 1 1 100 0.75 4 615 67 42 25 34 323 33 12
1 50 1 1 100 0.75 4 616 68 43 21 35 323 33 13
1 50 1 1 100 0.75 4 617 69 44 22 36 323 33 15
1 50 1 1 100 0.75 4 618 71 45 16 37 323 33 16
1 50 1 1 100 0.75 4 619 72 46 24 39 323 33 16
1 50 1 1 100 0.75 4 620 72 43 21 36 327 37 13
1 50 1 1 100 0.75 4 621 74 44 21 36 327 37 13
1 50 1 1 100 0.75 4 622 74 45 26 38 326 37 13
1 50 1 1 100 0.75 4 623 74 46 23 38 325 37 13
1 50 1 1 100 0.75 4 624 75 47 28 38 325 37 15
1 50 1 1 100 0.75 4 625 75 46 20 38 326 39 13
1 50 1 1 100 0.75 4 626 76 46 27 38 327 40 13
1 50 1 1 100 0.75 4 627 78 47 23 39 327 40 13
1 50 1 1 100 0.75 4 628 78 48 28 41 327 40 14
1 50 1 1 100 0.75 4 629 79 45 21 37 331 44 10
1 50 1 1 100 0.75 4 630 81 46 19 38 331 44 10
1 50 1 1 100 0.75 4 631 81 47 23 40 331 44 11
1 50 1 1 100 0.75 4 632 83 47 19 39 332 45 10
1 50 1 1 100 0.75 4 633 83 47 23 40 333 46 11
1 50 1 1 100 0.75 4 634 83 47 24 39 334 47 11
1 50 1 1 100 0.75 4 635 85 47 22 38 334 48 10
1 50 1 1 100 0.75 4 636 86 47 20 39 335 49 9
1 50 1 1 100 0.75 4 637 87 48 22 40 334 49 11
1 50 1 1 100 0.75 4 638 88 48 22 40 335 50 11
1 50 1 1 100 0.75 4 639 90 49 25 41 335 50 11
1 50 1 1 100 0.75 4 640 90 49 20 42 336 51 11
1 50 1 1 100 0.75 4 641 91 50 23 42 336 51 11
1 50 1 1 100 0.75 4 642 92 51 18 43 336 51 11
1 50 1 1 100 0.75 4 643 92 52 23 44 335 51 13
1 50 1 1 100 0.75 4 644 92 52 23 43 336 52 13
1 50 1 1 100 0.75 4 645 94 52 27 42 337 53 12
1 50 1 1 100 0.75 4 646 96 52 22 43 338 54 12
1 50 1 1 100 0.75 4 647 96 52 22 45 339 55 13
1 50 1 1 100 0.75 4 648 98 53 25 45 339 55 13
1 50 1 1 100 0.75 4 649 99 54 27 47 339 55 13
1 50 1 1 100 0.75 4 650 99 53 26 46 341 57 12
1 50 1 1 100 0.75 4 651 100 54 24 46 341 57 12
1 50 1 1 100 0.75 4 652 100 55 25 48 341 57 12
1 50 1 1 100 0.75 4 653 100 54 23 46 343 59 14
1 50 1 1 100 0.75 4 654 101 55 29 46 343 59 15
1 50 1 1 100 0.75 4 655 103 55 28 47 344 60 16
1 50 1 1 100 0.75 4 656 103 55 22 48 345 61 15
1 50 1 1 100 0.75 4 657 103 56 31 48 345 61 16
1 50 1 1 100 0.75 4 658 104 56 22 47 346 62 15
1 50 1 1 100 0.75 4 659 106 57 28 48 346 62 16
1 50 1 1 100 0.75 4 660 106 58 26 50 346 62 16
1 50 1 1 100 0.75 4 661 106 58 26 49 347 63 16
1 50 1 1 100 0.75 4 662 107 59 26 49 347 63 19
1 50 1 1 100 0.75 4 663 109 56 20 47 350 67 15
1 50 1 1 100 0.75 4 664 109 56 23 48 351 68 14
1 50 1 1 100 0.75 4 665 110 57 17 49 350 68 15
1 50 1 1 100 0.75 4 666 112 57 25 49 351 69 15
1 50 1 1 100 0.75 4 667 113 58 25 51 351 69 16
1 50 1 1 100 0.75 4 668 113 59 25 52 351 69 16
1 50 1 1 100 0.75 4 669 113 59 26 51 351 70 15
1 50 1 1 100 0.75 4 670 114 59 30 50 352 71 16
1 50 1 1 100 0.75 4 671 116 59 29 50 353 72 16
1 50 1 1 100 0.75 4 672 116 58 24 50 355 74 14
1 50 1 1 100 0.75 4 673 117 57 28 48 357 76 12
1 50 1 1 100 0.75 4 674 119 58 24 49 357 76 13
1 50 1 1 100 0.75 4 675 120 58 24 50 358 77 13
1 50 1 1 100 0.75 4 676 121 58 22 50 359 78 12
1 50 1 1 100 0.75 4 677 122 59 22 51 358 78 13
1 50 1 1 100 0.75 4 678 122 58 26 50 360 80 12
1 50 1 1 100 0.75 4 679 123 59 25 50 360 80 13
1 50 1 1 100 0.75 4 680 126 58 24 49 362 82 11
1 50 1 1 100 0.75 4 681 127 59 24 52 362 82 13
1 50 1 1 100 0.75 4 682 127 58 19 51 364 84 11
1 50 1 1 100 0.75 4 683 129 59 20 51 364 84 12
1 50 1 1 100 0.75 4 684 129 60 28 53 364 84 13
1 50 1 1 100 0.75 4 685 129 59 24 51 366 86 11
1 50 1 1 100 0.75 4 686 131 60 26 51 366 86 12
1 50 1 1 100 0.75 4 687 132 60 24 52 367 87 13
1 50 1 1 100 0.75 4 688 133 61 25 53 367 87 13
1 50 1 1 100 0.75 4 689 134 62 24 54 367 87 14
1 50 1 1 100 0.75 4 690 135 63 26 55 367 87 14
1 50 1 1 100 0.75 4 690 135 63 63 55 381 87 14
1 50 1 1 100 0.75 4 720 135 63 63 55 319 87 14
1 50 1 1 100 0.75 5 721 0 1 1 0 319 0 0
1 50 1 1 100 0.75 5 722 0 2 2 0 319 0 0
1 50 1 1 100 0.75 5 723 0 3 3 0 319 0 0
1 50 1 1 100 0.75 5 724 0 4 4 0 319 0 0
1 50 1 1 100 0.75 5 725 0 5 5 0 319 0 0
1 50 1 1 100 0.75 5 726 0 6 6 0 319 0 0
1 50 1 1 100 0.75 5 727 0 7 7 0 319 0 0
1 50 1 1 100 0.75 5 728 0 8 8 0 319 0 0
1 50 1 1 100 0.75 5 729 1 9 7 0 319 0 0
1 50 1 1 100 0.75 5 730 1 10 8 1 319 0 0
1 50 1 1 100 0.75 5 731 1 11 7 1 319 0 0
1 50 1 1 100 0.75 5 732 3 12 7 1 319 0 0
1 50 1 1 100 0.75 5 733 7 13 4 3 319 0 0
1 50 1 1 100 0.75 5 734 8 14 5 7 319 0 0
1 50 1 1 100 0.75 5 735 8 15 4 8 319 0 0
1 50 1 1 100 0.75 5 736 10 16 5 8 319 0 0
1 50 1 1 100 0.75 5 737 10 17 8 10 319 0 1
1 50 1 1 100 0.75 5 738 11 18 7 10 318 0 1
1 50 1 1 100 0.75 5 739 12 19 6 11 318 0 2
1 50 1 1 100 0.75 5 740 12 20 11 12 318 0 5
1 50 1 1 100 0.75 5 741 15 21 9 12 318 0 7
1 50 1 1 100 0.75 5 742 16 22 12 15 317 0 7
1 50 1 1 100 0.75 5 743 16 23 10 16 317 0 7
1 50 1 1 100 0.75 5 744 17 24 15 16 317 0 9
1 50 1 1 100 0.75 5 745 17 25 13 17 317 0 9
1 50 1 1 100 0.75 5 746 17 26 18 17 317 0 11
1 50 1 1 100 0.75 5 747 21 27 11 17 317 0 11
1 50 1 1 100 0.75 5 748 22 28 16 21 317 0 12
1 50 1 1 100 0.75 5 749 23 29 14 22 317 0 13
1 50 1 1 100 0.75 5 750 24 30 17 23 317 0 14
1 50 1 1 100 0.75 5 751 24 31 16 24 317 0 15
1 50 1 1 100 0.75 5 752 25 32 17 24 316 0 15
1 50 1 1 100 0.75 5 753 26 33 19 25 316 0 15
1 50 1 1 100 0.75 5 754 26 33 22 25 317 1 16
1 50 1 1 100 0.75 5 755 28 34 21 25 317 1 16
1 50 1 1 100 0.75 5 756 28 34 21 26 318 2 16
1 50 1 1 100 0.75 5 757 30 32 17 23 321 5 13
1 50 1 1 100 0.75 5 758 31 31 15 23 323 7 11
1 50 1 1 100 0.75 5 759 33 31 16 23 324 8 10
1 50 1 1 100 0.75 5 760 34 32 17 25 324 8 10
1 50 1 1 100 0.75 5 761 34 33 18 26 324 8 10
1 50 1 1 100 0.75 5 762 35 33 22 25 325 9 11
1 50 1 1 100 0.75 5 763 37 33 18 25 326 10 10
1 50 1 1 100 0.75 5 764 37 34 17 27 326 10 12
1 50 1 1 100 0.75 5 765 38 33 19 25 328 12 10
1 50 1 1 100 0.75 5 766 39 32 13 24 330 14 9
1 50 1 1 100 0.75 5 767 40 32 18 24 331 15 10
1 50 1 1 100 0.75 5 768 41 33 17 25 331 15 10
1 50 1 1 100 0.75 5 769 42 33 18 25 332 16 9
1 50 1 1 100 0.75 5 770 43 34 18 26 332 16 11
1 50 1 1 100 0.75 5 771 44 33 14 25 334 18 9
1 50 1 1 100 0.75 5 772 46 34 17 26 334 18 9
1 50 1 1 100 0.75 5 773 47 35 16 28 334 18 11
1 50 1 1 100 0.75 5 774 47 36 16 29 334 18 11
1 50 1 1 100 0.75 5 775 48 37 20 29 334 18 12
1 50 1 1 100 0.75 5 776 50 38 15 30 334 18 12
1 50 1 1 100 0.75 5 777 50 38 21 31 335 19 12
1 50 1 1 100 0.75 5 778 52 38 18 30 336 20 13
1 50 1 1 100 0.75 5 779 52 38 19 31 337 21 12
1 50 1 1 100 0.75 5 780 53 39 18 31 336 21 13
1 50 1 1 100 0.75 5 781 54 40 20 32 336 21 14
1 50 1 1 100 0.75 5 782 56 40 18 32 337 22 14
1 50 1 1 100 0.75 5 783 57 41 19 34 337 22 15
1 50 1 1 100 0.75 5 784 57 41 19 34 338 23 14
1 50 1 1 100 0.75 5 785 58 39 21 31 341 26 11
1 50 1 1 100 0.75 5 786 60 40 19 32 341 26 12
1 50 1 1 100 0.75 5 787 60 40 14 33 342 27 11
1 50 1 1 100 0.75 5 788 61 41 23 33 342 27 12
1 50 1 1 100 0.75 5 789 62 42 20 34 342 27 14
1 50 1 1 100 0.75 5 790 64 43 19 35 342 27 16
1 50 1 1 100 0.75 5 791 64 43 16 36 343 28 15
1 50 1 1 100 0.75 5 792 66 43 23 35 344 29 15
1 50 1 1 100 0.75 5 793 66 43 17 36 345 30 14
1 50 1 1 100 0.75 5 794 67 43 23 35 346 31 14
1 50 1 1 100 0.75 5 795 68 43 20 35 347 32 14
1 50 1 1 100 0.75 5 796 69 43 21 35 348 33 13
1 50 1 1 100 0.75 5 797 70 42 21 35 350 35 12
1 50 1 1 100 0.75 5 798 70 43 18 36 349 35 13
1 50 1 1 100 0.75 5 799 70 44 22 36 349 35 13
1 50 1 1 100 0.75 5 800 72 44 21 35 350 36 14
1 50 1 1 100 0.75 5 801 73 45 15 37 350 36 15
1 50 1 1 100 0.75 5 802 74 45 19 37 351 37 15
1 50 1 1 100 0.75 5 803 76 45 21 37 352 38 15
1 50 1 1 100 0.75 5 804 77 45 24 38 353 39 15
1 50 1 1 100 0.75 5 805 78 45 17 38 354 40 14
1 50 1 1 100 0.75 5 806 78 46 25 39 354 40 14
1 50 1 1 100 0.75 5 807 80 45 22 37 356 42 13
1 50 1 1 100 0.75 5 808 80 45 20 38 357 43 12
1 50 1 1 100 0.75 5 809 82 45 22 37 358 44 12
1 50 1 1 100 0.75 5 810 82 45 17 38 359 45 12
1 50 1 1 100 0.75 5 811 84 46 19 38 359 45 13
1 50 1 1 100 0.75 5 812 84 47 17 40 359 45 14
1 50 1 1 100 0.75 5 813 85 47 24 39 360 46 14
1 50 1 1 100 0.75 5 814 86 48 22 40 358 46 16
1 50 1 1 100 0.75 5 815 86 49 23 41 358 46 16
1 50 1 1 100 0.75 5 816 88 48 25 39 360 48 16
1 50 1 1 100 0.75 5 817 89 46 21 38 363 51 13
1 50 1 1 100 0.75 5 818 91 47 20 39 363 51 14
1 50 1 1 100 0.75 5 819 91 48 25 41 362 51 15
1 50 1 1 100 0.75 5 820 93 48 18 40 363 52 14
1 50 1 1 100 0.75 5 821 93 49 21 42 362 52 16
1 50 1 1 100 0.75 5 822 94 49 16 41 363 53 15
1 50 1 1 100 0.75 5 823 95 50 22 42 363 53 17
1 50 1 1 100 0.75 5 824 96 50 21 42 364 54 17
1 50 1 1 100 0.75 5 825 98 51 22 43 364 54 18
1 50 1 1 100 0.75 5 826 99 51 27 44 365 55 18
1 50 1 1 100 0.75 5 827 99 50 21 43 367 57 18
1 50 1 1 100 0.75 5 828 100 50 25 43 368 58 17
1 50 1 1 100 0.75 5 829 100 51 22 44 368 58 17
1 50 1 1 100 0.75 5 830 100 50 29 42 370 60 16
1 50 1 1 100 0.75 5 831 101 50 19 41 371 61 16
1 50 1 1 100 0.75 5 832 102 49 25 40 373 63 14
1 50 1 1 100 0.75 5 833 104 49 27 40 373 64 15
1 50 1 1 100 0.75 5 834 105 50 25 42 373 64 16
1 50 1 1 100 0.75 5 835 105 50 26 42 374 65 16
1 50 1 1 100 0.75 5 836 106 50 24 41 375 66 16
1 50 1 1 100 0.75 5 837 108 51 20 42 374 66 16
1 50 1 1 100 0.75 5 838 109 51 24 43 375 67 16
1 50 1 1 100 0.75 5 839 111 52 24 44 375 67 17
1 50 1 1 100 0.75 5 840 111 50 23 43 378 70 14
1 50 1 1 100 0.75 5 841 113 49 20 41 380 72 14
1 50 1 1 100 0.75 5 842 113 49 22 42 381 73 13
1 50 1 1 100 0.75 5 843 113 49 20 41 382 74 12
1 50 1 1 100 0.75 5 844 115 50 19 42 382 74 14
1 50 1 1 100 0.75 5 845 115 51 20 44 382 74 14
1 50 1 1 100 0.75 5 846 116 50 20 42 383 76 14
1 50 1 1 100 0.75 5 847 116 51 25 43 383 76 15
1 50 1 1 100 0.75 5 848 118 51 19 42 384 77 14
1 50 1 1 100 0.75 5 849 119 51 21 43 385 78 15
1 50 1 1 100 0.75 5 850 119 52 24 44 385 78 16
1 50 1 1 100 0.75 5 851 120 50 23 42 388 81 15
1 50 1 1 100 0.75 5 852 120 51 22 43 388 81 15
1 50 1 1 100 0.75 5 853 121 51 23 43 389 82 15
1 50 1 1 100 0.75 5 854 122 52 25 44 389 82 15
1 50 1 1 100 0.75 5 855 123 53 25 45 389 82 17
1 50 1 1 100 0.75 5 856 123 54 23 46 389 82 17
1 50 1 1 100 0.75 5 857 125 55 24 46 389 82 18
1 50 1 1 100 0.75 5 858 126 54 24 46 391 84 18
1 50 1 1 100 0.75 5 859 126 54 24 46 392 85 17
1 50 1 1 100 0.75 5 860 127 54 19 45 392 86 16
1 50 1 1 100 0.75 5 861 129 54 21 46 393 87 16
1 50 1 1 100 0.75 5 862 129 54 21 47 394 88 15
1 50 1 1 100 0.75 5 863 129 54 26 46 395 89 15
1 50 1 1 100 0.75 5 864 130 55 24 46 395 89 17
1 50 1 1 100 0.75 5 865 131 53 26 44 398 92 14
1 50 1 1 100 0.75 5 866 131 51 21 43 401 95 11
1 50 1 1 100 0.75 5 867 132 52 27 44 401 95 12
1 50 1 1 100 0.75 5 868 133 53 27 45 401 95 14
1 50 1 1 100 0.75 5 869 133 53 21 45 402 96 13
1 50 1 1 100 0.75 5 870 134 54 25 45 402 96 13
1 50 1 1 100 0.75 5 870 134 54 54 45 414 96 13
1 50 1 1 100 0.75 5 900 134 54 54 45 355 96 13
1 50 1 1 100 0.75 6 901 0 1 1 0 355 0 0
1 50 1 1 100 0.75 6 902 0 2 2 0 355 0 0
1 50 1 1 100 0.75 6 903 0 3 3 0 355 0 0
1 50 1 1 100 0.75 6 904 0 4 4 0 355 0 0
1 50 1 1 100 0.75 6 905 0 5 4 0 355 0 0
1 50 1 1 100 0.75 6 906 0 6 6 0 355 0 0
1 50 1 1 100 0.75 6 907 0 7 7 0 355 0 0
1 50 1 1 100 0.75 6 908 0 8 6 0 355 0 0
1 50 1 1 100 0.75 6 909 1 9 7 0 355 0 0
1 50 1 1 100 0.75 6 910 4 10 5 1 355 0 0
1 50 1 1 100 0.75 6 911 5 11 5 4 355 0 0
1 50 1 1 100 0.75 6 912 5 12 6 5 355 0 0
1 50 1 1 100 0.75 6 913 5 13 5 5 355 0 0
1 50 1 1 100 0.75 6 914 6 14 7 5 355 0 0
1 50 1 1 100 0.75 6 915 8 15 6 6 355 0 0
1 50 1 1 100 0.75 6 916 9 16 6 8 355 0 0
1 50 1 1 100 0.75 6 917 11 17 7 9 354 0 3
1 50 1 1 100 0.75 6 918 11 18 10 11 354 0 4
1 50 1 1 100 0.75 6 919 12 19 7 11 354 0 5
1 50 1 1 100 0.75 6 920 14 20 9 12 354 0 5
1 50 1 1 100 0.75 6 921 14 21 7 14 353 0 5
1 50 1 1 100 0.75 6 922 14 22 11 14 353 0 8
1 50 1 1 100 0.75 6 923 16 23 13 14 352 0 9
1 50 1 1 100 0.75 6 924 18 24 10 16 351 0 9
1 50 1 1 100 0.75 6 925 19 25 15 18 350 0 10
1 50 1 1 100 0.75 6 926 20 26 11 19 350 0 10
1 50 1 1 100 0.75 6 927 20 27 15 20 350 0 11
1 50 1 1 100 0.75 6 928 21 28 17 20 350 0 13
1 50 1 1 100 0.75 6 929 21 29 17 21 350 0 13
1 50 1 1 100 0.75 6 930 23 30 17 21 350 0 15
1 50 1 1 100 0.75 6 931 24 31 16 23 350 0 15
1 50 1 1 100 0.75 6 932 25 32 18 24 350 0 16
1 50 1 1 100 0.75 6 933 26 32 15 24 351 1 15
1 50 1 1 100 0.75 6 934 28 31 14 23 353 3 14
1 50 1 1 100 0.75 6 935 28 32 13 25 352 3 14
1 50 1 1 100 0.75 6 936 29 33 16 25 352 3 14
1 50 1 1 100 0.75 6 937 31 33 13 25 353 4 13
1 50 1 1 100 0.75 6 938 31 32 16 25 355 6 13
1 50 1 1 100 0.75 6 939 32 33 12 25 355 6 14
1 50 1 1 100 0.75 6 940 32 33 20 25 356 7 14
1 50 1 1 100 0.75 6 941 33 33 15 24 357 8 13
1 50 1 1 100 0.75 6 942 34 33 20 24 358 9 14
1 50 1 1 100 0.75 6 943 35 32 17 23 360 11 13
1 50 1 1 100 0.75 6 944 36 32 20 23 360 12 13
1 50 1 1 100 0.75 6 945 38 33 18 24 360 12 13
1 50 1 1 100 0.75 6 946 38 33 16 25 361 13 12
1 50 1 1 100 0.75 6 947 39 32 16 23 363 15 11
1 50 1 1 100 0.75 6 948 40 33 16 24 363 15 11
1 50 1 1 100 0.75 6 949 42 34 14 25 362 15 11
1 50 1 1 100 0.75 6 950 43 35 18 27 362 15 13
1 50 1 1 100 0.75 6 951 43 36 15 28 362 15 14
1 50 1 1 100 0.75 6 952 45 36 22 27 363 16 15
1 50 1 1 100 0.75 6 953 46 35 20 27 365 18 13
1 50 1 1 100 0.75 6 954 47 35 14 27 366 19 12
1 50 1 1 100 0.75 6 955 49 35 18 27 367 20 13
1 50 1 1 100 0.75 6 956 50 35 16 28 368 21 12
1 50 1 1 100 0.75 6 957 51 36 16 29 368 21 14
1 50 1 1 100 0.75 6 958 52 37 17 30 368 21 14
1 50 1 1 100 0.75 6 959 53 37 19 30 369 22 14
1 50 1 1 100 0.75 6 960 53 37 16 30 370 23 14
1 50 1 1 100 0.75 6 961 54 38 23 30 370 23 15
1 50 1 1 100 0.75 6 962 55 38 20 30 371 24 16
1 50 1 1 100 0.75 6 963 56 38 20 30 372 25 15
1 50 1 1 100 0.75 6 964 58 38 19 30 373 26 15
1 50 1 1 100 0.75 6 965 58 39 21 32 373 26 16
1 50 1 1 100 0.75 6 966 58 40 23 32 373 26 17
1 50 1 1 100 0.75 6 967 60 40 18 31 374 27 16
1 50 1 1 100 0.75 6 968 61 40 23 32 375 28 16
1 50 1 1 100 0.75 6 969 62 39 20 31 377 30 15
1 50 1 1 100 0.75 6 970 63 40 21 32 377 30 15
1 50 1 1 100 0.75 6 971 64 39 17 31 379 32 14
1 50 1 1 100 0.75 6 972 66 40 19 32 379 32 14
1 50 1 1 100 0.75 6 973 66 41 20 34 379 32 14
1 50 1 1 100 0.75 6 974 68 41 16 33 380 33 13
1 50 1 1 100 0.75 6 975 68 41 22 34 381 34 14
1 50 1 1 100 0.75 6 976 69 39 18 31 384 37 11
1 50 1 1 100 0.75 6 977 70 39 19 31 384 38 12
1 50 1 1 100 0.75 6 978 71 40 15 32 384 38 12
1 50 1 1 100 0.75 6 979 72 41 21 33 384 38 13
1 50 1 1 100 0.75 6 980 72 41 17 34 385 39 14
1 50 1 1 100 0.75 6 981 73 41 21 33 386 40 15
1 50 1 1 100 0.75 6 982 74 40 20 32 388 42 13
1 50 1 1 100 0.75 6 983 75 41 13 33 388 42 13
1 50 1 1 100 0.75 6 984 75 39 16 32 391 45 10
1 50 1 1 100 0.75 6 985 76 40 14 32 391 45 12
1 50 1 1 100 0.75 6 986 76 41 16 34 391 45 13
1 50 1 1 100 0.75 6 987 78 42 16 34 391 45 13
1 50 1 1 100 0.75 6 988 78 43 22 36 390 45 13
1 50 1 1 100 0.75 6 989 79 44 21 36 390 45 15
1 50 1 1 100 0.75 6 990 80 43 22 35 391 47 14
1 50 1 1 100 0.75 6 991 81 43 18 35 391 48 13
1 50 1 1 100 0.75 6 992 82 44 21 36 390 48 13
1 50 1 1 100 0.75 6 993 83 44 19 36 391 49 13
1 50 1 1 100 0.75 6 994 84 45 17 37 391 49 14
1 50 1 1 100 0.75 6 995 85 46 27 38 391 49 14
1 50 1 1 100 0.75 6 996 87 46 19 38 392 50 13
1 50 1 1 100 0.75 6 997 87 46 22 39 393 51 14
1 50 1 1 100 0.75 6 998 88 47 20 39 393 51 15
1 50 1 1 100 0.75 6 999 89 47 21 39 394 52 15
1 50 1 1 100 0.75 6 1000 89 45 19 37 396 55 12
1 50 1 1 100 0.75 6 1001 89 46 21 37 396 55 13
1 50 1 1 100 0.75 6 1002 91 47 20 37 395 55 15
1 50 1 1 100 0.75 6 1003 91 47 25 38 395 56 15
1 50 1 1 100 0.75 6 1004 93 47 21 37 396 57 15
1 50 1 1 100 0.75 6 1005 94 45 19 36 399 60 12
1 50 1 1 100 0.75 6 1006 95 45 22 36 399 61 11
1 50 1 1 100 0.75 6 1007 96 46 21 37 399 61 11
1 50 1 1 100 0.75 6 1008 96 47 20 38 399 61 11
1 50 1 1 100 0.75 6 1009 96 48 26 38 399 61 13
1 50 1 1 100 0.75 6 1010 97 48 24 38 400 62 12
1 50 1 1 100 0.75 6 1011 99 49 22 41 399 62 12
1 50 1 1 100 0.75 6 1012 99 49 22 42 400 63 13
1 50 1 1 100 0.75 6 1013 99 50 24 42 400 63 14
1 50 1 1 100 0.75 6 1014 100 49 22 41 402 65 12
1 50 1 1 100 0.75 6 1015 101 49 23 41 403 66 12
1 50 1 1 100 0.75 6 1016 101 49 22 42 404 67 12
1 50 1 1 100 0.75 6 1017 102 49 23 41 405 68 12
1 50 1 1 100 0.75 6 1018 104 50 20 42 405 68 15
1 50 1 1 100 0.75 6 1019 104 51 23 44 405 68 15
1 50 1 1 100 0.75 6 1020 105 52 21 44 405 68 15
1 50 1 1 100 0.75 6 1021 106 51 22 44 407 70 13
1 50 1 1 100 0.75 6 1022 106 50 17 43 409 72 11
1 50 1 1 100 0.75 6 1023 107 51 23 43 409 72 12
1 50 1 1 100 0.75 6 1024 108 51 18 43 410 73 11
1 50 1 1 100 0.75 6 1025 110 52 24 44 410 73 12
1 50 1 1 100 0.75 6 1026 110 53 24 46 410 73 14
1 50 1 1 100 0.75 6 1027 111 53 21 45 411 74 13
1 50 1 1 100 0.75 6 1028 111 54 25 46 411 74 14
1 50 1 1 100 0.75 6 1029 111 54 25 45 412 75 14
1 50 1 1 100 0.75 6 1030 113 55 24 45 412 75 15
1 50 1 1 100 0.75 6 1031 115 55 28 47 412 76 14
1 50 1 1 100 0.75 6 1032 116 56 29 49 412 76 16
1 50 1 1 100 0.75 6 1033 117 54 24 47 415 79 14
1 50 1 1 100 0.75 6 1034 117 53 18 46 416 81 12
1 50 1 1 100 0.75 6 1035 118 54 18 46 416 81 13
1 50 1 1 100 0.75 6 1036 119 54 21 47 417 82 12
1 50 1 1 100 0.75 6 1037 119 54 22 47 418 83 14
1 50 1 1 100 0.75 6 1038 120 55 23 47 418 83 15
1 50 1 1 100 0.75 6 1039 121 55 24 47 419 84 16
1 50 1 1 100 0.75 6 1040 122 56 25 48 419 84 17
1 50 1 1 100 0.75 6 1041 123 56 25 48 420 85 16
1 50 1 1 100 0.75 6 1042 124 56 23 48 421 86 15
1 50 1 1 100 0.75 6 1043 125 57 29 49 421 86 18
1 50 1 1 100 0.75 6 1044 127 57 25 49 422 87 17
1 50 1 1 100 0.75 6 1045 127 57 23 50 423 88 17
1 50 1 1 100 0.75 6 1046 127 57 23 50 423 89 17
1 50 1 1 100 0.75 6 1047 127 58 24 50 423 89 17
1 50 1 1 100 0.75 6 1048 128 59 28 50 423 89 17
1 50 1 1 100 0.75 6 1049 129 59 23 50 424 90 16
1 50 1 1 100 0.75 6 1050 131 58 29 49 426 92 15
1 50 1 1 100 0.75 6 1050 131 58 58 49 441 92 15
1 50 1 1 100 0.75 6 1080 131 58 58 49 372 92 15
1 50 1 1 100 0.75 7 1081 0 1 1 0 372 0 0
1 50 1 1 100 0.75 7 1082 0 2 2 0 372 0 0
1 50 1 1 100 0.75 7 1083 0 3 3 0 372 0 0
1 50 1 1 100 0.75 7 1084 0 4 4 0 372 0 0
1 50 1 1 100 0.75 7 1085 0 5 5 0 372 0 0
1 50 1 1 100 0.75 7 1086 0 6 6 0 372 0 0
1 50 1 1 100 0.75 7 1087 0 7 7 0 372 0 0
1 50 1 1 100 0.75 7 1088 0 8 7 0 372 0 0
1 50 1 1 100 0.75 7 1089 0 9 7 0 372 0 0
1 50 1 1 100 0.75 7 1090 2 10 7 0 372 0 0
1 50 1 1 100 0.75 7 1091 3 11 4 2 372 0 0
1 50 1 1 100 0.75 7 1092 4 12 7 3 372 0 0
1 50 1 1 100 0.75 7 1093 5 13 4 4 372 0 0
1 50 1 1 100 0.75 7 1094 7 14 6 5 372 0 0
1 50 1 1 100 0.75 7 1095 7 15 4 7 372 0 0
1 50 1 1 100 0.75 7 1096 10 16 5 7 372 0 0
1 50 1 1 100 0.75 7 1097 10 17 3 10 372 0 0
1 50 1 1 100 0.75 7 1098 10 18 7 10 372 0 2
1 50 1 1 100 0.75 7 1099 12 19 7 10 372 0 2
1 50 1 1 100 0.75 7 1100 13 20 7 12 372 0 3
1 50 1 1 100 0.75 7 1101 15 21 8 13 372 0 4
1 50 1 1 100 0.75 7 1102 16 22 11 15 372 0 5
1 50 1 1 100 0.75 7 1103 17 23 10 16 372 0 7
1 50 1 1 100 0.75 7 1104 17 24 11 17 372 0 7
1 50 1 1 100 0.75 7 1105 18 25 11 17 372 0 7
1 50 1 1 100 0.75 7 1106 19 26 11 18 371 0 7
1 50 1 1 100 0.75 7 1107 20 27 11 19 371 0 9
1 50 1 1 100 0.75 7 1108 22 28 17 20 371 0 11
1 50 1 1 100 0.75 7 1109 23 29 16 22 371 0 13
1 50 1 1 100 0.75 7 1110 23 30 17 23 371 0 13
1 50 1 1 100 0.75 7 1111 25 31 20 23 371 0 14
1 50 1 1 100 0.75 7 1112 26 32 19 25 370 0 14
1 50 1 1 100 0.75 7 1113 26 32 19 25 371 1 15
1 50 1 1 100 0.75 7 1114 27 33 20 25 370 1 16
1 50 1 1 100 0.75 7 1115 27 34 19 26 370 1 16
1 50 1 1 100 0.75 7 1116 27 35 19 26 370 1 18
1 50 1 1 100 0.75 7 1117 29 36 21 26 370 1 19
1 50 1 1 100 0.75 7 1118 32 36 18 27 371 2 19
1 50 1 1 100 0.75 7 1119 32 36 22 29 372 3 19
1 50 1 1 100 0.75 7 1120 33 35 19 27 373 5 17
1 50 1 1 100 0.75 7 1121 34 34 18 26 375 7 16
1 50 1 1 100 0.75 7 1122 35 34 17 26 376 8 15
1 50 1 1 100 0.75 7 1123 35 35 21 27 376 8 15
1 50 1 1 100 0.75 7 1124 37 36 20 27 376 8 16
1 50 1 1 100 0.75 7 1125 39 37 17 29 375 8 17
1 50 1 1 100 0.75 7 1126 39 37 21 30 376 9 17
1 50 1 1 100 0.75 7 1127 40 36 20 28 377 11 16
1 50 1 1 100 0.75 7 1128 40 36 21 28 378 12 15
1 50 1 1 100 0.75 7 1129 42 35 18 26 380 14 15
1 50 1 1 100 0.75 7 1130 43 35 15 27 381 15 14
1 50 1 1 100 0.75 7 1131 43 34 17 26 383 17 12
1 50 1 1 100 0.75 7 1132 45 34 17 26 384 18 13
1 50 1 1 100 0.75 7 1133 45 33 10 26 386 20 12
1 50 1 1 100 0.75 7 1134 46 34 19 26 386 20 13
1 50 1 1 100 0.75 7 1135 47 34 18 26 387 21 12
1 50 1 1 100 0.75 7 1136 48 35 15 27 387 21 12
1 50 1 1 100 0.75 7 1137 48 36 22 28 387 21 15
1 50 1 1 100 0.75 7 1138 49 37 19 28 387 21 16
1 50 1 1 100 0.75 7 1139 51 37 21 28 388 22 16
1 50 1 1 100 0.75 7 1140 52 37 19 29 389 23 16
1 50 1 1 100 0.75 7 1141 54 37 18 29 390 24 16
1 50 1 1 100 0.75 7 1142 54 36 21 29 392 26 15
1 50 1 1 100 0.75 7 1143 55 37 21 29 392 26 16
1 50 1 1 100 0.75 7 1144 55 38 20 30 392 26 16
1 50 1 1 100 0.75 7 1145 56 39 23 30 392 26 16
1 50 1 1 100 0.75 7 1146 59 39 23 30 393 27 18
1 50 1 1 100 0.75 7 1147 60 37 19 30 396 30 15
1 50 1 1 100 0.75 7 1148 60 37 21 30 397 31 14
1 50 1 1 100 0.75 7 1149 60 37 20 29 398 32 14
1 50 1 1 100 0.75 7 1150 61 38 14 30 398 32 15
1 50 1 1 100 0.75 7 1151 62 38 19 30 399 33 14
1 50 1 1 100 0.75 7 1152 63 38 16 30 399 34 13
1 50 1 1 100 0.75 7 1153 65 37 18 29 401 36 12
1 50 1 1 100 0.75 7 1154 66 38 20 31 401 36 15
1 50 1 1 100 0.75 7 1155 66 39 19 32 401 36 15
1 50 1 1 100 0.75 7 1156 67 38 17 30 402 38 13
1 50 1 1 100 0.75 7 1157 68 37 20 29 404 40 12
1 50 1 1 100 0.75 7 1158 69 38 22 30 404 40 13
1 50 1 1 100 0.75 7 1159 70 39 22 31 404 40 13
1 50 1 1 100 0.75 7 1160 72 40 22 32 404 40 14
1 50 1 1 100 0.75 7 1161 72 39 23 32 406 42 15
1 50 1 1 100 0.75 7 1162 74 38 20 30 408 44 13
1 50 1 1 100 0.75 7 1163 74 39 20 32 408 44 13
1 50 1 1 100 0.75 7 1164 75 40 23 32 408 44 14
1 50 1 1 100 0.75 7 1165 77 40 19 32 408 45 14
1 50 1 1 100 0.75 7 1166 77 40 17 33 409 46 13
1 50 1 1 100 0.75 7 1167 78 41 21 33 409 46 15
1 50 1 1 100 0.75 7 1168 80 40 21 32 410 48 13
1 50 1 1 100 0.75 7 1169 80 41 22 34 407 48 13
1 50 1 1 100 0.75 7 1170 81 41 24 33 408 49 12
1 50 1 1 100 0.75 7 1171 82 42 18 34 408 49 12
1 50 1 1 100 0.75 7 1172 83 43 22 35 407 49 13
1 50 1 1 100 0.75 7 1173 84 43 25 35 408 50 13
1 50 1 1 100 0.75 7 1174 85 42 23 34 410 52 12
1 50 1 1 100 0.75 7 1175 85 43 22 35 410 52 12
1 50 1 1 100 0.75 7 1176 87 44 20 35 410 52 14
1 50 1 1 100 0.75 7 1177 87 44 19 36 411 53 13
1 50 1 1 100 0.75 7 1178 89 44 20 35 412 54 13
1 50 1 1 100 0.75 7 1179 91 44 21 36 413 55 12
1 50 1 1 100 0.75 7 1180 92 43 23 36 415 57 10
1 50 1 1 100 0.75 7 1181 93 43 16 36 416 58 10
1 50 1 1 100 0.75 7 1182 93 44 16 37 416 58 11
1 50 1 1 100 0.75 7 1183 94 45 20 37 416 58 12
1 50 1 1 100 0.75 7 1184 94 44 23 36 418 60 11
1 50 1 1 100 0.75 7 1185 95 45 24 37 417 60 12
1 50 1 1 100 0.75 7 1186 95 46 21 38 417 60 13
1 50 1 1 100 0.75 7 1187 98 46 20 37 418 61 13
1 50 1 1 100 0.75 7 1188 98 47 21 40 418 61 13
1 50 1 1 100 0.75 7 1189 99 48 21 40 418 61 13
1 50 1 1 100 0.75 7 1190 100 46 21 38 421 64 10
1 50 1 1 100 0.75 7 1191 101 46 21 38 422 65 9
1 50 1 1 100 0.75 7 1192 103 46 17 38 423 66 9
1 50 1 1 100 0.75 7 1193 104 47 19 40 423 66 10
1 50 1 1 100 0.75 7 1194 104 47 19 40 424 67 10
1 50 1 1 100 0.75 7 1195 104 48 22 40 424 67 10
1 50 1 1 100 0.75 7 1196 106 49 21 41 424 67 11
1 50 1 1 100 0.75 7 1197 106 49 18 42 425 68 10
1 50 1 1 100 0.75 7 1198 107 50 19 42 425 68 10
1 50 1 1 100 0.75 7 1199 107 49 22 41 427 70 9
1 50 1 1 100 0.75 7 1200 109 50 24 41 427 70 10
1 50 1 1 100 0.75 7 1201 109 50 26 42 428 71 9
1 50 1 1 100 0.75 7 1202 111 51 19 42 428 71 10
1 50 1 1 100 0.75 7 1203 111 50 18 42 430 73 8
1 50 1 1 100 0.75 7 1204 111 51 23 43 430 73 9
1 50 1 1 100 0.75 7 1205 113 51 21 43 431 74 8
1 50 1 1 100 0.75 7 1206 114 52 18 45 431 74 9
1 50 1 1 100 0.75 7 1207 114 53 22 46 431 74 9
1 50 1 1 100 0.75 7 1208 114 54 21 46 431 74 10
1 50 1 1 100 0.75 7 1209 116 55 21 46 431 74 11
1 50 1 1 100 0.75 7 1210 116 56 21 48 431 74 12
1 50 1 1 100 0.75 7 1211 116 56 22 48 432 75 13
1 50 1 1 100 0.75 7 1212 116 55 22 47 433 77 11
1 50 1 1 100 0.75 7 1213 117 56 23 48 432 77 12
1 50 1 1 100 0.75 7 1214 118 56 22 48 433 78 12
1 50 1 1 100 0.75 7 1215 118 57 23 49 432 78 12
1 50 1 1 100 0.75 7 1216 121 56 21 47 433 80 12
1 50 1 1 100 0.75 7 1217 122 56 22 49 434 81 12
1 50 1 1 100 0.75 7 1218 122 57 24 50 434 81 13
1 50 1 1 100 0.75 7 1219 123 58 25 50 434 81 14
1 50 1 1 100 0.75 7 1220 125 59 22 51 434 81 15
1 50 1 1 100 0.75 7 1221 125 59 24 52 435 82 14
1 50 1 1 100 0.75 7 1222 125 60 26 52 435 82 15
1 50 1 1 100 0.75 7 1223 126 60 26 51 436 83 15
1 50 1 1 100 0.75 7 1224 129 61 27 52 436 83 17
1 50 1 1 100 0.75 7 1225 129 62 30 55 436 83 18
1 50 1 1 100 0.75 7 1226 129 60 25 52 439 86 15
1 50 1 1 100 0.75 7 1227 130 60 26 52 439 87 15
1 50 1 1 100 0.75 7 1228 130 60 23 53 439 88 15
1 50 1 1 100 0.75 7 1229 131 61 24 53 439 88 15
1 50 1 1 100 0.75 7 1230 131 61 20 54 440 89 14
1 50 1 1 100 0.75 7 1230 131 61 61 54 454 89 14
1 50 1 1 100 0.75 7 1260 131 61 61 54 373 89 14
1 50 1 1 100 0.75 8 1261 0 1 1 0 373 0 0
1 50 1 1 100 0.75 8 1262 0 2 2 0 373 0 0
1 50 1 1 100 0.75 8 1263 0 3 3 0 373 0 0
1 50 1 1 100 0.75 8 1264 0 4 4 0 373 0 0
1 50 1 1 100 0.75 8 1265 0 5 5 0 373 0 0
1 50 1 1 100 0.75 8 1266 0 6 5 0 373 0 0
1 50 1 1 100 0.75 8 1267 0 7 7 0 373 0 0
1 50 1 1 100 0.75 8 1268 1 8 7 0 373 0 0
1 50 1 1 100 0.75 8 1269 2 9 7 1 373 0 0
1 50 1 1 100 0.75 8 1270 2 10 5 2 373 0 0
1 50 1 1 100 0.75 8 1271 3 11 6 2 373 0 0
1 50 1 1 100 0.75 8 1272 5 12 6 3 373 0 0
1 50 1 1 100 0.75 8 1273 6 13 4 5 373 0 0
1 50 1 1 100 0.75 8 1274 7 14 6 6 373 0 0
1 50 1 1 100 0.75 8 1275 9 15 5 7 373 0 1
1 50 1 1 100 0.75 8 1276 9 16 6 9 373 0 1
1 50 1 1 100 0.75 8 1277 9 17 7 9 373 0 2
1 50 1 1 100 0.75 8 1278 10 18 10 9 373 0 3
1 50 1 1 100 0.75 8 1279 12 19 9 10 373 0 4
1 50 1 1 100 0.75 8 1280 12 20 11 12 373 0 5
1 50 1 1 100 0.75 8 1281 13 21 13 12 373 0 7
1 50 1 1 100 0.75 8 1282 16 22 7 13 373 0 7
1 50 1 1 100 0.75 8 1283 16 23 12 16 373 0 8
1 50 1 1 100 0.75 8 1284 18 24 10 16 373 0 8
1 50 1 1 100 0.75 8 1285 19 25 10 18 373 0 8
1 50 1 1 100 0.75 8 1286 19 26 14 19 373 0 10
1 50 1 1 100 0.75 8 1287 20 27 10 19 373 0 11
1 50 1 1 100 0.75 8 1288 21 28 13 20 373 0 12
1 50 1 1 100 0.75 8 1289 23 29 12 21 373 0 15
1 50 1 1 100 0.75 8 1290 23 30 18 23 373 0 15
1 50 1 1 100 0.75 8 1291 24 31 14 23 372 0 16
1 50 1 1 100 0.75 8 1292 24 31 18 23 373 1 17
1 50 1 1 100 0.75 8 1293 25 32 17 23 373 1 17
1 50 1 1 100 0.75 8 1294 27 31 19 22 375 3 15
1 50 1 1 100 0.75 8 1295 28 32 16 24 375 3 16
1 50 1 1 100 0.75 8 1296 30 32 18 24 376 4 17
1 50 1 1 100 0.75 8 1297 30 33 17 26 376 4 17
1 50 1 1 100 0.75 8 1298 31 33 13 25 377 5 16
1 50 1 1 100 0.75 8 1299 32 33 16 25 378 6 15
1 50 1 1 100 0.75 8 1300 34 33 14 25 379 7 14
1 50 1 1 100 0.75 8 1301 34 33 15 26 380 8 14
1 50 1 1 100 0.75 8 1302 35 34 16 26 380 8 14
1 50 1 1 100 0.75 8 1303 35 34 16 26 381 9 14
1 50 1 1 100 0.75 8 1304 36 35 22 26 381 9 15
1 50 1 1 100 0.75 8 1305 38 36 17 27 381 9 15
1 50 1 1 100 0.75 8 1306 38 35 18 27 383 11 15
1 50 1 1 100 0.75 8 1307 40 35 18 26 384 12 14
1 50 1 1 100 0.75 8 1308 42 31 16 23 389 17 11
1 50 1 1 100 0.75 8 1309 42 31 13 24 390 18 10
1 50 1 1 100 0.75 8 1310 44 31 12 23 391 19 10
1 50 1 1 100 0.75 8 1311 45 32 14 25 391 19 11
1 50 1 1 100 0.75 8 1312 45 33 15 26 391 19 13
1 50 1 1 100 0.75 8 1313 46 34 13 26 391 19 13
1 50 1 1 100 0.75 8 1314 46 35 17 28 391 19 14
1 50 1 1 100 0.75 8 1315 47 35 14 27 392 20 13
1 50 1 1 100 0.75 8 1316 48 35 21 27 393 21 13
1 50 1 1 100 0.75 8 1317 50 35 18 27 394 22 13
1 50 1 1 100 0.75 8 1318 50 36 16 29 394 22 14
1 50 1 1 100 0.75 8 1319 51 37 19 29 394 22 15
1 50 1 1 100 0.75 8 1320 52 37 19 29 395 23 15
1 50 1 1 100 0.75 8 1321 52 37 17 29 396 24 14
1 50 1 1 100 0.75 8 1322 53 37 18 28 397 25 13
1 50 1 1 100 0.75 8 1323 55 38 18 29 397 25 15
1 50 1 1 100 0.75 8 1324 56 38 18 30 398 26 15
1 50 1 1 100 0.75 8 1325 57 39 17 32 398 26 15
1 50 1 1 100 0.75 8 1326 57 38 19 31 400 28 13
1 50 1 1 100 0.75 8 1327 59 38 20 30 401 29 13
1 50 1 1 100 0.75 8 1328 59 38 18 31 401 30 12
1 50 1 1 100 0.75 8 1329 59 39 19 31 400 30 13
1 50 1 1 100 0.75 8 1330 60 38 21 29 402 32 13
1 50 1 1 100 0.75 8 1331 63 38 19 29 403 33 14
1 50 1 1 100 0.75 8 1332 63 39 19 32 403 33 15
1 50 1 1 100 0.75 8 1333 64 40 17 32 403 33 15
1 50 1 1 100 0.75 8 1334 66 39 22 31 405 35 14
1 50 1 1 100 0.75 8 1335 66 38 20 31 406 37 13
1 50 1 1 100 0.75 8 1336 67 39 24 31 406 37 13
1 50 1 1 100 0.75 8 1337 67 39 18 31 407 38 12
1 50 1 1 100 0.75 8 1338 68 39 20 30 408 39 12
1 50 1 1 100 0.75 8 1339 70 40 15 31 408 39 14
1 50 1 1 100 0.75 8 1340 70 40 20 32 409 40 13
1 50 1 1 100 0.75 8 1341 71 41 19 33 409 40 14
1 50 1 1 100 0.75 8 1342 72 41 21 33 410 41 13
1 50 1 1 100 0.75 8 1343 73 42 18 34 410 41 14
1 50 1 1 100 0.75 8 1344 73 41 22 33 412 43 12
1 50 1 1 100 0.75 8 1345 74 41 18 32 413 44 11
1 50 1 1 100 0.75 8 1346 75 40 19 32 414 46 11
1 50 1 1 100 0.75 8 1347 76 41 20 33 414 46 12
1 50 1 1 100 0.75 8 1348 76 41 22 33 415 47 11
1 50 1 1 100 0.75 8 1349 79 41 17 32 416 48 11
1 50 1 1 100 0.75 8 1350 80 41 18 34 417 49 11
1 50 1 1 100 0.75 8 1351 80 42 18 35 417 49 11
1 50 1 1 100 0.75 8 1352 81 42 19 34 418 50 12
1 50 1 1 100 0.75 8 1353 82 43 21 36 418 50 12
1 50 1 1 100 0.75 8 1354 83 43 18 36 419 51 11
1 50 1 1 100 0.75 8 1355 83 43 20 36 419 52 10
1 50 1 1 100 0.75 8 1356 85 43 16 35 420 53 11
1 50 1 1 100 0.75 8 1357 85 43 18 36 421 54 12
1 50 1 1 100 0.75 8 1358 86 44 16 36 420 54 12
1 50 1 1 100 0.75 8 1359 86 45 23 38 420 54 13
1 50 1 1 100 0.75 8 1360 87 45 22 37 421 55 13
1 50 1 1 100 0.75 8 1361 88 46 21 38 421 55 14
1 50 1 1 100 0.75 8 1362 89 46 18 39 422 56 13
1 50 1 1 100 0.75 8 1363 90 46 25 39 423 57 12
1 50 1 1 100 0.75 8 1364 90 46 21 39 424 58 12
1 50 1 1 100 0.75 8 1365 90 45 25 37 426 60 10
1 50 1 1 100 0.75 8 1366 91 46 20 38 426 60 10
1 50 1 1 100 0.75 8 1367 92 47 24 39 425 60 11
1 50 1 1 100 0.75 8 1368 93 48 24 40 425 60 12
1 50 1 1 100 0.75 8 1369 94 49 25 41 425 60 13
1 50 1 1 100 0.75 8 1370 94 48 23 41 427 62 12
1 50 1 1 100 0.75 8 1371 94 49 27 41 427 62 12
1 50 1 1 100 0.75 8 1372 95 48 22 39 428 64 10
1 50 1 1 100 0.75 8 1373 96 48 23 39 429 65 10
1 50 1 1 100 0.75 8 1374 97 48 22 40 430 66 9
1 50 1 1 100 0.75 8 1375 98 49 22 41 430 66 9
1 50 1 1 100 0.75 8 1376 99 48 17 40 432 68 8
1 50 1 1 100 0.75 8 1377 100 49 17 41 432 68 9
1 50 1 1 100 0.75 8 1378 100 50 21 42 432 68 9
1 50 1 1 100 0.75 8 1379 103 50 22 41 433 69 8
1 50 1 1 100 0.75 8 1380 103 51 23 44 433 69 10
1 50 1 1 100 0.75 8 1381 103 51 24 43 434 70 11
1 50 1 1 100 0.75 8 1382 105 52 22 43 434 70 11
1 50 1 1 100 0.75 8 1383 106 53 22 45 434 70 12
1 50 1 1 100 0.75 8 1384 106 53 19 45 435 71 12
1 50 1 1 100 0.75 8 1385 106 54 21 46 435 71 12
1 50 1 1 100 0.75 8 1386 107 55 22 47 435 71 12
1 50 1 1 100 0.75 8 1387 108 55 27 47 436 72 14
1 50 1 1 100 0.75 8 1388 109 55 24 47 437 73 13
1 50 1 1 100 0.75 8 1389 111 55 20 47 438 74 12
1 50 1 1 100 0.75 8 1390 112 56 24 49 438 74 14
1 50 1 1 100 0.75 8 1391 113 56 25 49 439 75 15
1 50 1 1 100 0.75 8 1392 113 57 26 50 439 75 15
1 50 1 1 100 0.75 8 1393 115 57 26 49 440 76 14
1 50 1 1 100 0.75 8 1394 116 58 22 51 440 76 16
1 50 1 1 100 0.75 8 1395 116 58 26 51 440 77 15
1 50 1 1 100 0.75 8 1396 117 59 22 51 440 77 16
1 50 1 1 100 0.75 8 1397 118 58 26 50 442 79 16
1 50 1 1 100 0.75 8 1398 120 59 25 51 441 79 17
1 50 1 1 100 0.75 8 1399 121 59 29 52 442 80 17
1 50 1 1 100 0.75 8 1400 121 58 27 51 444 82 15
1 50 1 1 100 0.75 8 1401 121 58 24 50 445 83 16
1 50 1 1 100 0.75 8 1402 123 59 23 51 445 83 17
1 50 1 1 100 0.75 8 1403 124 60 22 53 445 83 18
1 50 1 1 100 0.75 8 1404 125 60 26 53 445 84 18
1 50 1 1 100 0.75 8 1405 125 58 22 51 448 87 16
1 50 1 1 100 0.75 8 1406 126 57 25 49 450 89 15
1 50 1 1 100 0.75 8 1407 127 57 21 49 451 90 14
1 50 1 1 100 0.75 8 1408 128 58 26 50 449 90 14
1 50 1 1 100 0.75 8 1409 130 59 23 51 448 90 14
1 50 1 1 100 0.75 8 1410 130 60 22 53 448 90 14
1 50 1 1 100 0.75 8 1410 130 60 60 53 462 90 14
1 50 1 1 100 0.75 8 1440 130 60 60 53 394 90 14
1 50 1 1 100 0.75 9 1441 0 1 1 0 394 0 0
1 50 1 1 100 0.75 9 1442 0 2 2 0 394 0 0
1 50 1 1 100 0.75 9 1443 0 3 3 0 394 0 0
1 50 1 1 100 0.75 9 1444 0 4 3 0 394 0 0
1 50 1 1 100 0.75 9 1445 0 5 5 0 394 0 0
1 50 1 1 100 0.75 9 1446 0 6 6 0 394 0 0
1 50 1 1 100 0.75 9 1447 0 7 7 0 394 0 0
1 50 1 1 100 0.75 9 1448 0 8 6 0 394 0 0
1 50 1 1 100 0.75 9 1449 2 9 6 0 394 0 0
1 50 1 1 100 0.75 9 1450 3 10 7 2 394 0 0
1 50 1 1 100 0.75 9 1451 4 11 5 3 394 0 0
1 50 1 1 100 0.75 9 1452 5 12 6 4 394 0 0
1 50 1 1 100 0.75 9 1453 6 13 5 5 394 0 0
1 50 1 1 100 0.75 9 1454 7 14 7 6 393 0 0
1 50 1 1 100 0.75 9 1455 9 15 4 7 393 0 0
1 50 1 1 100 0.75 9 1456 9 16 7 9 392 0 1
1 50 1 1 100 0.75 9 1457 10 17 8 9 392 0 3
1 50 1 1 100 0.75 9 1458 11 18 6 10 392 0 3
1 50 1 1 100 0.75 9 1459 11 19 12 11 392 0 5
1 50 1 1 100 0.75 9 1460 13 20 8 11 391 0 5
1 50 1 1 100 0.75 9 1461 13 21 13 13 391 0 6
1 50 1 1 100 0.75 9 1462 15 22 8 13 391 0 7
1 50 1 1 100 0.75 9 1463 16 23 10 15 390 0 8
1 50 1 1 100 0.75 9 1464 17 24 13 16 389 0 8
1 50 1 1 100 0.75 9 1465 18 25 10 17 389 0 9
1 50 1 1 100 0.75 9 1466 19 26 13 18 389 0 10
1 50 1 1 100 0.75 9 1467 21 27 12 19 389 0 10
1 50 1 1 100 0.75 9 1468 21 28 15 21 389 0 10
1 50 1 1 100 0.75 9 1469 22 29 14 21 389 0 11
1 50 1 1 100 0.75 9 1470 23 30 16 22 388 0 13
1 50 1 1 100 0.75 9 1471 25 31 13 23 388 0 13
1 50 1 1 100 0.75 9 1472 25 32 17 25 388 0 14
1 50 1 1 100 0.75 9 1473 26 32 15 24 389 1 13
1 50 1 1 100 0.75 9 1474 28 31 17 23 391 3 13
1 50 1 1 100 0.75 9 1475 28 32 16 25 391 3 13
1 50 1 1 100 0.75 9 1476 28 31 17 23 393 5 11
1 50 1 1 100 0.75 9 1477 31 32 15 23 393 5 11
1 50 1 1 100 0.75 9 1478 31 32 14 25 394 6 11
1 50 1 1 100 0.75 9 1479 32 32 15 24 395 7 10
1 50 1 1 100 0.75 9 1480 32 33 15 25 395 7 10
1 50 1 1 100 0.75 9 1481 34 33 19 24 396 8 11
1 50 1 1 100 0.75 9 1482 36 32 13 24 398 10 9
1 50 1 1 100 0.75 9 1483 37 33 13 26 398 10 9
1 50 1 1 100 0.75 9 1484 37 34 16 27 398 10 10
1 50 1 1 100 0.75 9 1485 38 35 17 27 398 10 10
1 50 1 1 100 0.75 9 1486 39 35 15 27 399 11 9
1 50 1 1 100 0.75 9 1487 40 36 17 28 399 11 10
1 50 1 1 100 0.75 9 1488 41 36 13 28 400 12 9
1 50 1 1 100 0.75 9 1489 41 36 16 28 401 13 10
1 50 1 1 100 0.75 9 1490 44 36 12 27 402 14 10
1 50 1 1 100 0.75 9 1491 45 35 13 28 404 16 9
1 50 1 1 100 0.75 9 1492 45 36 9 29 404 16 9
1 50 1 1 100 0.75 9 1493 46 37 18 29 404 16 11
1 50 1 1 100 0.75 9 1494 47 37 16 29 405 17 11
1 50 1 1 100 0.75 9 1495 49 38 14 30 404 17 12
1 50 1 1 100 0.75 9 1496 50 38 13 31 405 18 11
1 50 1 1 100 0.75 9 1497 50 39 17 32 405 18 11
1 50 1 1 100 0.75 9 1498 52 40 17 32 405 18 13
1 50 1 1 100 0.75 9 1499 52 41 16 34 405 18 13
1 50 1 1 100 0.75 9 1500 52 42 22 34 405 18 14
1 50 1 1 100 0.75 9 1501 53 42 19 34 406 19 14
1 50 1 1 100 0.75 9 1502 54 43 22 35 406 19 14
1 50 1 1 100 0.75 9 1503 55 43 19 35 407 20 15
1 50 1 1 100 0.75 9 1504 56 43 24 35 408 21 14
1 50 1 1 100 0.75 9 1505 57 44 20 36 408 21 15
1 50 1 1 100 0.75 9 1506 57 43 17 35 410 23 13
1 50 1 1 100 0.75 9 1507 58 43 21 34 411 24 13
1 50 1 1 100 0.75 9 1508 61 43 20 34 412 25 13
1 50 1 1 100 0.75 9 1509 62 44 17 37 412 25 14
1 50 1 1 100 0.75 9 1510 62 44 18 37 412 26 14
1 50 1 1 100 0.75 9 1511 63 45 19 37 412 26 14
1 50 1 1 100 0.75 9 1512 65 45 14 37 413 27 15
1 50 1 1 100 0.75 9 1513 65 45 16 38 412 28 14
1 50 1 1 100 0.75 9 1514 66 44 19 36 414 30 12
1 50 1 1 100 0.75 9 1515 68 44 20 36 415 31 13
1 50 1 1 100 0.75 9 1516 68 44 18 37 416 32 12
1 50 1 1 100 0.75 9 1517 68 45 26 37 416 32 13
1 50 1 1 100 0.75 9 1518 71 44 20 35 418 34 11
1 50 1 1 100 0.75 9 1519 72 45 20 38 417 34 11
1 50 1 1 100 0.75 9 1520 73 44 17 37 419 36 11
1 50 1 1 100 0.75 9 1521 74 45 15 38 419 36 11
1 50 1 1 100 0.75 9 1522 75 46 18 39 419 36 12
1 50 1 1 100 0.75 9 1523 76 47 21 40 419 36 14
1 50 1 1 100 0.75 9 1524 76 48 15 41 419 36 14
1 50 1 1 100 0.75 9 1525 77 49 23 41 419 36 14
1 50 1 1 100 0.75 9 1526 78 49 24 41 419 37 15
1 50 1 1 100 0.75 9 1527 79 49 22 41 420 38 14
1 50 1 1 100 0.75 9 1528 81 48 20 40 422 40 13
1 50 1 1 100 0.75 9 1529 82 49 21 42 422 40 14
1 50 1 1 100 0.75 9 1530 82 49 17 42 423 41 13
1 50 1 1 100 0.75 9 1531 82 48 18 41 425 43 12
1 50 1 1 100 0.75 9 1532 83 48 20 40 426 44 12
1 50 1 1 100 0.75 9 1533 84 49 19 41 426 44 12
1 50 1 1 100 0.75 9 1534 84 50 18 42 426 44 13
1 50 1 1 100 0.75 9 1535 86 50 24 41 427 45 12
1 50 1 1 100 0.75 9 1536 87 50 23 42 428 46 12
1 50 1 1 100 0.75 9 1537 87 51 21 44 428 46 14
1 50 1 1 100 0.75 9 1538 88 51 22 43 429 47 13
1 50 1 1 100 0.75 9 1539 88 50 21 42 431 49 11
1 50 1 1 100 0.75 9 1540 89 50 25 41 432 50 11
1 50 1 1 100 0.75 9 1541 91 51 16 42 432 50 11
1 50 1 1 100 0.75 9 1542 92 52 20 44 432 50 11
1 50 1 1 100 0.75 9 1543 94 52 17 44 433 51 11
1 50 1 1 100 0.75 9 1544 94 52 23 45 434 52 12
1 50 1 1 100 0.75 9 1545 95 53 22 45 434 52 13
1 50 1 1 100 0.75 9 1546 95 52 21 44 435 54 11
1 50 1 1 100 0.75 9 1547 98 52 19 43 436 55 10
1 50 1 1 100 0.75 9 1548 98 53 15 46 436 55 10
1 50 1 1 100 0.75 9 1549 99 53 18 45 437 56 11
1 50 1 1 100 0.75 9 1550 99 54 18 46 437 56 14
1 50 1 1 100 0.75 9 1551 100 53 17 45 439 58 12
1 50 1 1 100 0.75 9 1552 101 53 20 45 440 59 11
1 50 1 1 100 0.75 9 1553 102 54 22 46 440 59 12
1 50 1 1 100 0.75 9 1554 103 55 24 47 440 59 15
1 50 1 1 100 0.75 9 1555 104 55 21 47 441 60 14
1 50 1 1 100 0.75 9 1556 104 56 19 48 441 60 14
1 50 1 1 100 0.75 9 1557 106 57 21 48 441 60 16
1 50 1 1 100 0.75 9 1558 107 57 24 49 442 61 16
1 50 1 1 100 0.75 9 1559 108 57 19 49 443 62 15
1 50 1 1 100 0.75 9 1560 109 57 24 49 444 63 16
1 50 1 1 100 0.75 9 1561 109 56 21 49 446 65 14
1 50 1 1 100 0.75 9 1562 110 57 26 49 446 65 16
1 50 1 1 100 0.75 9 1563 111 58 25 50 446 65 16
1 50 1 1 100 0.75 9 1564 111 59 27 51 446 65 16
1 50 1 1 100 0.75 9 1565 112 59 27 51 447 66 18
1 50 1 1 100 0.75 9 1566 114 58 24 50 449 68 16
1 50 1 1 100 0.75 9 1567 115 57 19 50 451 70 14
1 50 1 1 100 0.75 9 1568 116 58 16 51 451 70 16
1 50 1 1 100 0.75 9 1569 116 57 22 50 453 72 14
1 50 1 1 100 0.75 9 1570 116 58 20 50 452 72 14
1 50 1 1 100 0.75 9 1571 117 59 23 51 452 72 14
1 50 1 1 100 0.75 9 1572 118 60 27 53 451 72 16
1 50 1 1 100 0.75 9 1573 119 58 18 51 454 75 14
1 50 1 1 100 0.75 9 1574 119 58 14 51 455 76 14
1 50 1 1 100 0.75 9 1575 121 59 17 51 455 76 15
1 50 1 1 100 0.75 9 1576 122 59 20 52 456 77 14
1 50 1 1 100 0.75 9 1577 122 59 20 52 457 78 13
1 50 1 1 100 0.75 9 1578 123 60 22 52 457 78 15
1 50 1 1 100 0.75 9 1579 123 60 25 52 457 79 15
1 50 1 1 100 0.75 9 1580 125 59 21 50 459 81 14
1 50 1 1 100 0.75 9 1581 125 59 21 51 460 82 13
1 50 1 1 100 0.75 9 1582 126 59 21 50 461 83 12
1 50 1 1 100 0.75 9 1583 129 60 22 51 460 83 14
1 50 1 1 100 0.75 9 1584 129 60 23 53 460 84 13
1 50 1 1 100 0.75 9 1585 130 60 18 52 461 85 12
1 50 1 1 100 0.75 9 1586 131 60 18 52 461 86 11
1 50 1 1 100 0.75 9 1587 132 61 27 53 461 86 11
1 50 1 1 100 0.75 9 1588 133 61 20 53 462 87 12
1 50 1 1 100 0.75 9 1589 133 62 26 54 462 87 13
1 50 1 1 100 0.75 9 1590 135 62 23 53 463 88 12
1 50 1 1 100 0.75 9 1590 135 62 62 53 475 88 12
1 50 1 1 100 0.75 9 1620 135 62 62 53 397 88 12
1 50 1 1 100 0.75 10 1621 0 1 1 0 397 0 0
1 50 1 1 100 0.75 10 1622 0 2 2 0 397 0 0
1 50 1 1 100 0.75 10 1623 0 3 3 0 397 0 0
1 50 1 1 100 0.75 10 1624 0 4 4 0 397 0 0
1 50 1 1 100 0.75 10 1625 0 5 5 0 397 0 0
1 50 1 1 100 0.75 10 1626 0 6 6 0 397 0 0
1 50 1 1 100 0.75 10 1627 0 7 7 0 397 0 0
1 50 1 1 100 0.75 10 1628 1 8 7 0 397 0 0
1 50 1 1 100 0.75 10 1629 1 9 8 1 397 0 0
1 50 1 1 100 0.75 10 1630 1 10 9 1 397 0 0
1 50 1 1 100 0.75 10 1631 2 11 8 1 397 0 0
1 50 1 1 100 0.75 10 1632 5 12 6 2 397 0 0
1 50 1 1 100 0.75 10 1633 7 13 5 5 397 0 0
1 50 1 1 100 0.75 10 1634 8 14 6 7 396 0 0
1 50 1 1 100 0.75 10 1635 9 15 6 8 396 0 0
1 50 1 1 100 0.75 10 1636 9 16 6 9 396 0 1
1 50 1 1 100 0.75 10 1637 11 17 5 9 396 0 1
1 50 1 1 100 0.75 10 1638 12 18 6 11 395 0 2
1 50 1 1 100 0.75 10 1639 12 19 7 12 395 0 3
1 50 1 1 100 0.75 10 1640 14 20 9 12 395 0 6
1 50 1 1 100 0.75 10 1641 15 21 7 14 394 0 6
1 50 1 1 100 0.75 10 1642 15 22 12 15 394 0 8
1 50 1 1 100 0.75 10 1643 17 23 12 15 394 0 8
1 50 1 1 100 0.75 10 1644 18 24 10 17 394 0 9
1 50 1 1 100 0.75 10 1645 19 25 11 18 394 0 10
1 50 1 1 100 0.75 10 1646 19 26 12 19 394 0 11
1 50 1 1 100 0.75 10 1647 19 27 14 19 394 0 12
1 50 1 1 100 0.75 10 1648 21 28 13 19 394 0 13
1 50 1 1 100 0.75 10 1649 21 29 16 21 392 0 13
1 50 1 1 100 0.75 10 1650 23 30 13 21 392 0 14
1 50 1 1 100 0.75 10 1651 23 31 15 23 392 0 16
1 50 1 1 100 0.75 10 1652 24 32 19 23 392 0 16
1 50 1 1 100 0.75 10 1653 27 33 15 24 392 0 17
1 50 1 1 100 0.75 10 1654 27 33 15 26 393 1 16
1 50 1 1 100 0.75 10 1655 29 32 15 24 395 3 14
1 50 1 1 100 0.75 10 1656 29 32 19 25 395 4 14
1 50 1 1 100 0.75 10 1657 30 32 18 24 396 5 15
1 50 1 1 100 0.75 10 1658 31 32 18 24 397 6 14
1 50 1 1 100 0.75 10 1659 33 33 13 25 397 6 14
1 50 1 1 100 0.75 10 1660 33 34 22 27 397 6 17
1 50 1 1 100 0.75 10 1661 34 34 15 26 398 7 17
1 50 1 1 100 0.75 10 1662 35 33 17 25 399 9 16
1 50 1 1 100 0.75 10 1663 36 34 18 26 399 9 17
1 50 1 1 100 0.75 10 1664 37 33 18 25 401 11 15
1 50 1 1 100 0.75 10 1665 38 32 14 24 403 13 14
1 50 1 1 100 0.75 10 1666 39 33 18 25 403 13 14
1 50 1 1 100 0.75 10 1667 39 34 20 26 403 13 15
1 50 1 1 100 0.75 10 1668 41 34 15 25 404 14 14
1 50 1 1 100 0.75 10 1669 42 34 14 26 405 15 15
1 50 1 1 100 0.75 10 1670 43 34 18 26 406 16 15
1 50 1 1 100 0.75 10 1671 45 34 16 26 407 17 14
1 50 1 1 100 0.75 10 1672 46 35 21 28 407 17 16
1 50 1 1 100 0.75 10 1673 46 36 17 29 407 17 16
1 50 1 1 100 0.75 10 1674 48 36 15 28 407 18 15
1 50 1 1 100 0.75 10 1675 49 34 16 27 410 21 13
1 50 1 1 100 0.75 10 1676 50 35 15 28 410 21 14
1 50 1 1 100 0.75 10 1677 50 36 20 29 410 21 14
1 50 1 1 100 0.75 10 1678 50 35 18 27 412 23 15
1 50 1 1 100 0.75 10 1679 50 35 20 26 413 24 14
1 50 1 1 100 0.75 10 1680 52 35 19 25 414 25 14
1 50 1 1 100 0.75 10 1681 53 35 23 26 415 26 14
1 50 1 1 100 0.75 10 1682 55 36 17 27 415 26 15
1 50 1 1 100 0.75 10 1683 56 36 19 28 416 27 15
1 50 1 1 100 0.75 10 1684 58 37 19 29 416 27 15
1 50 1 1 100 0.75 10 1685 58 38 21 31 416 27 15
1 50 1 1 100 0.75 10 1686 60 39 22 31 416 27 15
1 50 1 1 100 0.75 10 1687 61 39 18 32 417 28 15
1 50 1 1 100 0.75 10 1688 61 37 16 30 420 31 14
1 50 1 1 100 0.75 10 1689 63 37 19 29 421 32 15
1 50 1 1 100 0.75 10 1690 63 38 14 31 420 32 16
1 50 1 1 100 0.75 10 1691 65 38 16 30 421 33 15
1 50 1 1 100 0.75 10 1692 66 39 20 32 421 33 17
1 50 1 1 100 0.75 10 1693 66 38 21 31 423 35 15
1 50 1 1 100 0.75 10 1694 67 38 13 30 423 36 15
1 50 1 1 100 0.75 10 1695 68 37 20 29 425 38 14
1 50 1 1 100 0.75 10 1696 69 38 20 30 425 38 15
1 50 1 1 100 0.75 10 1697 70 39 19 31 425 38 15
1 50 1 1 100 0.75 10 1698 72 38 19 30 427 40 15
1 50 1 1 100 0.75 10 1699 73 37 12 30 429 42 13
1 50 1 1 100 0.75 10 1700 73 38 15 31 429 42 13
1 50 1 1 100 0.75 10 1701 73 39 17 31 429 42 14
1 50 1 1 100 0.75 10 1702 74 39 17 30 430 43 14
1 50 1 1 100 0.75 10 1703 77 40 15 31 430 43 14
1 50 1 1 100 0.75 10 1704 77 40 17 33 431 44 14
1 50 1 1 100 0.75 10 1705 79 40 17 32 431 45 15
1 50 1 1 100 0.75 10 1706 79 40 15 33 432 46 15
1 50 1 1 100 0.75 10 1707 80 38 16 30 435 49 12
1 50 1 1 100 0.75 10 1708 81 39 15 31 435 49 12
1 50 1 1 100 0.75 10 1709 82 40 17 32 435 49 13
1 50 1 1 100 0.75 10 1710 83 40 16 33 436 50 13
1 50 1 1 100 0.75 10 1711 83 41 18 34 436 50 13
1 50 1 1 100 0.75 10 1712 84 40 13 32 438 52 11
1 50 1 1 100 0.75 10 1713 85 39 15 31 440 54 11
1 50 1 1 100 0.75 10 1714 86 40 18 32 440 54 11
1 50 1 1 100 0.75 10 1715 87 41 17 33 440 54 13
1 50 1 1 100 0.75 10 1716 88 41 11 33 441 55 13
1 50 1 1 100 0.75 10 1717 89 41 17 34 442 56 13
1 50 1 1 100 0.75 10 1718 89 42 15 35 442 56 13
1 50 1 1 100 0.75 10 1719 90 43 14 35 442 56 13
1 50 1 1 100 0.75 10 1720 91 43 20 35 443 57 14
1 50 1 1 100 0.75 10 1721 92 43 18 35 444 58 13
1 50 1 1 100 0.75 10 1722 94 43 17 35 445 59 12
1 50 1 1 100 0.75 10 1723 95 44 20 37 445 59 13
1 50 1 1 100 0.75 10 1724 95 44 19 37 446 60 14
1 50 1 1 100 0.75 10 1725 95 44 16 36 447 61 13
1 50 1 1 100 0.75 10 1726 96 44 15 36 448 62 13
1 50 1 1 100 0.75 10 1727 98 45 19 37 448 62 14
1 50 1 1 100 0.75 10 1728 98 46 16 39 448 62 14
1 50 1 1 100 0.75 10 1729 100 46 19 38 449 63 14
1 50 1 1 100 0.75 10 1730 101 47 20 40 448 63 14
1 50 1 1 100 0.75 10 1731 102 47 23 40 449 64 14
1 50 1 1 100 0.75 10 1732 103 47 20 40 450 65 14
1 50 1 1 100 0.75 10 1733 103 45 21 38 453 68 11
1 50 1 1 100 0.75 10 1734 103 45 15 37 453 69 11
1 50 1 1 100 0.75 10 1735 104 45 19 37 454 70 10
1 50 1 1 100 0.75 10 1736 105 46 15 38 454 70 12
1 50 1 1 100 0.75 10 1737 106 47 17 39 454 70 13
1 50 1 1 100 0.75 10 1738 107 47 16 39 455 71 13
1 50 1 1 100 0.75 10 1739 109 48 15 40 455 71 13
1 50 1 1 100 0.75 10 1740 110 46 15 39 458 74 11
1 50 1 1 100 0.75 10 1741 111 46 16 39 459 75 10
1 50 1 1 100 0.75 10 1742 112 47 18 40 459 75 11
1 50 1 1 100 0.75 10 1743 113 48 20 41 459 75 13
1 50 1 1 100 0.75 10 1744 114 49 20 42 459 75 13
1 50 1 1 100 0.75 10 1745 114 50 20 43 459 75 15
1 50 1 1 100 0.75 10 1746 115 50 22 42 460 76 15
1 50 1 1 100 0.75 10 1747 116 50 14 42 461 77 15
1 50 1 1 100 0.75 10 1748 116 50 23 43 462 78 16
1 50 1 1 100 0.75 10 1749 117 51 20 43 462 78 16
1 50 1 1 100 0.75 10 1750 119 51 23 43 463 79 16
1 50 1 1 100 0.75 10 1751 119 50 20 43 465 81 15
1 50 1 1 100 0.75 10 1752 119 50 22 42 466 82 14
1 50 1 1 100 0.75 10 1753 122 50 20 41 467 83 13
1 50 1 1 100 0.75 10 1754 122 51 19 44 467 83 15
1 50 1 1 100 0.75 10 1755 123 51 19 43 468 84 15
1 50 1 1 100 0.75 10 1756 123 51 18 44 469 85 15
1 50 1 1 100 0.75 10 1757 124 52 20 44 469 85 15
1 50 1 1 100 0.75 10 1758 125 51 24 43 471 87 14
1 50 1 1 100 0.75 10 1759 127 52 18 44 471 87 14
1 50 1 1 100 0.75 10 1760 127 51 18 44 473 89 13
1 50 1 1 100 0.75 10 1761 127 52 19 44 473 89 13
1 50 1 1 100 0.75 10 1762 128 53 19 45 473 89 14
1 50 1 1 100 0.75 10 1763 130 52 23 44 475 91 13
1 50 1 1 100 0.75 10 1764 130 53 21 46 475 91 14
1 50 1 1 100 0.75 10 1765 132 53 22 45 476 92 13
1 50 1 1 100 0.75 10 1766 133 52 22 45 478 94 13
1 50 1 1 100 0.75 10 1767 133 52 17 45 479 95 12
1 50 1 1 100 0.75 10 1768 135 52 17 44 479 96 11
1 50 1 1 100 0.75 10 1769 135 53 19 46 479 96 12
1 50 1 1 100 0.75 10 1770 136 54 16 46 479 96 13
1 50 1 1 100 0.75 10 1770 136 54 54 46 492 96 13
1 50 1 1 100 0.75 10 1800 136 54 54 46 403 96 13
