7 9 1 1 100 0.75 1 1 0 7 7 0 100 0 0
7 9 1 1 100 0.75 1 2 0 14 14 0 100 0 0
7 9 1 1 100 0.75 1 3 0 21 21 0 100 0 0
7 9 1 1 100 0.75 1 4 0 28 28 0 100 0 0
7 9 1 1 100 0.75 1 5 0 35 35 0 100 0 0
7 9 1 1 100 0.75 1 6 0 42 41 0 100 0 0
7 9 1 1 100 0.75 1 7 0 49 48 0 100 0 0
7 9 1 1 100 0.75 1 8 3 56 49 0 100 0 0
7 9 1 1 100 0.75 1 9 7 63 53 3 100 0 0
7 9 1 1 100 0.75 1 10 8 70 60 7 100 0 0
7 9 1 1 100 0.75 1 11 11 77 65 8 100 0 0
7 9 1 1 100 0.75 1 12 12 84 68 11 100 0 0
7 9 1 1 100 0.75 1 13 19 91 70 12 100 0 0
7 9 1 1 100 0.75 1 14 27 98 67 19 100 0 0
7 9 1 1 100 0.75 1 15 31 105 76 27 100 0 2
7 9 1 1 100 0.75 1 16 33 112 80 31 99 0 5
7 9 1 1 100 0.75 1 17 40 119 85 33 99 0 7
7 9 1 1 100 0.75 1 18 47 126 86 40 99 0 9
7 9 1 1 100 0.75 1 19 54 133 89 47 98 0 11
7 9 1 1 100 0.75 1 20 56 140 96 54 98 0 14
7 9 1 1 100 0.75 1 21 62 147 103 56 98 0 19
7 9 1 1 100 0.75 1 22 66 154 108 62 98 0 23
7 9 1 1 100 0.75 1 23 73 161 109 66 98 0 26
7 9 1 1 100 0.75 1 24 79 168 117 73 98 0 29
7 9 1 1 100 0.75 1 25 81 175 128 79 98 0 32
7 9 1 1 100 0.75 1 26 86 182 135 81 98 0 38
7 9 1 1 100 0.75 1 27 97 189 138 86 98 0 41
7 9 1 1 100 0.75 1 28 99 196 148 97 97 0 44
7 9 1 1 100 0.75 1 29 100 203 152 99 97 0 47
7 9 1 1 100 0.75 1 30 111 209 158 99 98 1 51
7 9 1 1 100 0.75 1 31 121 216 160 110 98 1 57
7 9 1 1 100 0.75 1 32 127 221 164 118 100 3 56
7 9 1 1 100 0.75 1 33 135 228 167 124 100 3 57
7 9 1 1 100 0.75 1 34 141 231 166 128 104 7 59
7 9 1 1 100 0.75 1 35 149 236 169 132 106 9 65
7 9 1 1 100 0.75 1 36 151 242 174 139 107 10 66
7 9 1 1 100 0.75 1 37 157 247 181 139 109 12 70
7 9 1 1 100 0.75 1 38 164 246 185 137 117 20 69
7 9 1 1 100 0.75 1 39 173 249 180 140 121 24 72
7 9 1 1 100 0.75 1 40 181 253 180 146 124 27 73
7 9 1 1 100 0.75 1 41 190 260 192 154 124 27 83
7 9 1 1 100 0.75 1 42 199 266 184 162 125 28 85
7 9 1 1 100 0.75 1 43 203 269 195 167 129 32 86
7 9 1 1 100 0.75 1 44 209 271 191 166 134 37 83
7 9 1 1 100 0.75 1 45 213 274 190 168 138 41 83
7 9 1 1 100 0.75 1 46 220 279 194 170 140 43 86
7 9 1 1 100 0.75 1 47 233 280 193 171 146 49 86
7 9 1 1 100 0.75 1 48 241 282 192 180 151 54 88
7 9 1 1 100 0.75 1 49 251 285 198 184 155 58 93
7 9 1 1 100 0.75 1 50 262 291 202 193 156 59 96
7 9 1 1 100 0.75 1 51 268 292 194 198 162 65 93
7 9 1 1 100 0.75 1 52 275 296 200 201 165 68 93
7 9 1 1 100 0.75 1 53 287 301 202 206 167 70 94
7 9 1 1 100 0.75 1 54 295 301 199 211 174 77 93
7 9 1 1 100 0.75 1 55 304 298 191 210 184 87 89
7 9 1 1 100 0.75 1 56 315 300 190 214 189 92 90
7 9 1 1 100 0.75 1 57 321 298 191 216 198 101 89
7 9 1 1 100 0.75 1 58 328 304 200 222 198 102 96
7 9 1 1 100 0.75 1 59 340 304 186 223 205 109 93
7 9 1 1 100 0.75 1 60 343 307 196 231 209 113 95
7 9 1 1 100 0.75 1 61 352 308 202 229 215 119 98
7 9 1 1 100 0.75 1 62 362 311 193 234 219 123 99
7 9 1 1 100 0.75 1 63 370 315 199 242 222 126 101
7 9 1 1 100 0.75 1 64 380 314 193 242 230 134 102
7 9 1 1 100 0.75 1 65 385 314 195 245 237 141 99
7 9 1 1 100 0.75 1 66 389 318 195 247 240 144 101
7 9 1 1 100 0.75 1 67 396 319 206 246 246 150 105
7 9 1 1 100 0.75 1 68 405 324 203 252 248 152 109
7 9 1 1 100 0.75 1 69 415 321 197 252 258 162 108
7 9 1 1 100 0.75 1 70 419 325 204 259 261 165 112
7 9 1 1 100 0.75 1 71 427 328 201 259 265 169 114
7 9 1 1 100 0.75 1 72 433 331 209 264 269 173 115
7 9 1 1 100 0.75 1 73 439 333 197 266 274 178 114
7 9 1 1 100 0.75 1 74 446 333 200 267 280 185 111
7 9 1 1 100 0.75 1 75 450 332 193 268 288 193 112
7 9 1 1 100 0.75 1 76 457 333 190 268 294 199 113
7 9 1 1 100 0.75 1 77 460 334 199 274 300 205 111
7 9 1 1 100 0.75 1 78 466 335 199 273 306 211 111
7 9 1 1 100 0.75 1 79 470 333 198 270 315 220 109
7 9 1 1 100 0.75 1 80 475 332 192 266 323 228 108
7 9 1 1 100 0.75 1 81 478 333 196 268 329 234 106
7 9 1 1 100 0.75 1 82 485 337 192 271 332 237 109
7 9 1 1 100 0.75 1 83 489 336 184 271 340 245 109
7 9 1 1 100 0.75 1 84 496 337 196 274 346 251 112
7 9 1 1 100 0.75 1 85 504 334 174 273 356 261 102
7 9 1 1 100 0.75 1 86 512 335 169 276 362 267 102
7 9 1 1 100 0.75 1 87 515 335 184 280 369 274 98
7 9 1 1 100 0.75 1 88 519 337 165 279 374 279 98
7 9 1 1 100 0.75 1 89 528 335 169 277 383 288 97
7 9 1 1 100 0.75 1 90 531 338 169 284 387 292 98
7 9 1 1 100 0.75 1 91 538 342 166 288 388 295 104
7 9 1 1 100 0.75 1 92 539 343 172 291 394 301 103
7 9 1 1 100 0.75 1 93 544 346 186 290 398 305 111
7 9 1 1 100 0.75 1 94 548 341 169 286 410 317 102
7 9 1 1 100 0.75 1 95 551 345 171 289 413 320 105
7 9 1 1 100 0.75 1 96 553 348 165 291 417 324 106
7 9 1 1 100 0.75 1 97 563 347 181 285 425 332 107
7 9 1 1 100 0.75 1 98 570 346 169 288 433 340 102
7 9 1 1 100 0.75 1 99 574 345 168 289 441 348 100
7 9 1 1 100 0.75 1 100 580 344 160 286 449 356 96
7 9 1 1 100 0.75 1 101 586 347 161 289 453 360 97
7 9 1 1 100 0.75 1 102 591 351 169 292 456 363 100
7 9 1 1 100 0.75 1 103 594 353 173 296 460 368 100
7 9 1 1 100 0.75 1 104 600 355 173 298 465 373 97
7 9 1 1 100 0.75 1 105 607 355 178 299 472 380 100
7 9 1 1 100 0.75 1 106 610 359 168 305 475 383 101
7 9 1 1 100 0.75 1 107 615 363 175 307 478 386 104
7 9 1 1 100 0.75 1 108 617 360 165 305 487 396 101
7 9 1 1 100 0.75 1 109 622 359 162 302 495 404 97
7 9 1 1 100 0.75 1 110 625 363 159 308 498 407 99
7 9 1 1 100 0.75 1 111 628 366 164 309 502 411 103
7 9 1 1 100 0.75 1 112 637 359 166 303 516 425 95
7 9 1 1 100 0.75 1 113 638 361 158 309 521 430 95
7 9 1 1 100 0.75 1 114 641 364 159 309 525 434 94
7 9 1 1 100 0.75 1 115 645 366 169 311 530 439 97
7 9 1 1 100 0.75 1 116 647 368 164 314 535 444 97
7 9 1 1 100 0.75 1 117 654 369 153 314 541 450 96
7 9 1 1 100 0.75 1 118 659 371 157 319 546 455 97
7 9 1 1 100 0.75 1 119 661 373 165 322 551 460 96
7 9 1 1 100 0.75 1 120 662 373 159 321 558 467 93
7 9 1 1 100 0.75 1 121 664 377 164 322 561 470 92
7 9 1 1 100 0.75 1 122 669 379 168 322 565 475 94
7 9 1 1 100 0.75 1 123 671 379 154 324 571 482 92
7 9 1 1 100 0.75 1 124 678 383 163 324 574 485 94
7 9 1 1 100 0.75 1 125 679 382 149 329 582 493 91
7 9 1 1 100 0.75 1 126 680 387 173 334 583 495 94
7 9 1 1 100 0.75 1 127 684 390 152 336 587 499 91
7 9 1 1 100 0.75 1 128 689 392 158 340 592 504 90
7 9 1 1 100 0.75 1 129 691 388 160 338 603 515 84
7 9 1 1 100 0.75 1 130 696 388 148 335 609 522 83
7 9 1 1 100 0.75 1 131 698 386 150 334 617 531 77
7 9 1 1 100 0.75 1 132 703 390 149 335 620 534 82
7 9 1 1 100 0.75 1 133 706 394 158 340 623 537 82
7 9 1 1 100 0.75 1 134 708 396 157 342 628 542 84
7 9 1 1 100 0.75 1 135 713 398 155 342 632 547 86
7 9 1 1 100 0.75 1 136 722 401 154 345 636 551 86
7 9 1 1 100 0.75 1 137 724 401 147 351 643 558 84
7 9 1 1 100 0.75 1 138 726 402 149 351 649 564 83
7 9 1 1 100 0.75 1 139 728 406 157 354 651 567 84
7 9 1 1 100 0.75 1 140 735 407 164 351 656 573 82
7 9 1 1 100 0.75 1 141 739 411 156 358 659 576 81
7 9 1 1 100 0.75 1 142 742 413 154 359 664 581 81
7 9 1 1 100 0.75 1 143 745 417 155 363 667 584 88
7 9 1 1 100 0.75 1 144 747 419 160 367 671 589 93
7 9 1 1 100 0.75 1 145 752 419 156 364 675 596 90
7 9 1 1 100 0.75 1 146 754 425 154 373 674 597 93
7 9 1 1 100 0.75 1 147 755 425 157 372 681 604 92
7 9 1 1 100 0.75 1 148 759 430 152 374 683 606 92
7 9 1 1 100 0.75 1 149 763 432 158 378 688 611 94
7 9 1 1 100 0.75 1 150 765 430 152 378 697 620 91
7 9 1 1 100 0.75 1 150 765 430 430 378 787 620 91
7 9 1 1 100 0.75 1 180 765 430 430 378 97 620 91
7 9 1 1 100 0.75 2 181 0 7 7 0 97 0 0
7 9 1 1 100 0.75 2 182 0 14 14 0 97 0 0
7 9 1 1 100 0.75 2 183 0 21 21 0 97 0 0
7 9 1 1 100 0.75 2 184 0 28 28 0 97 0 0
7 9 1 1 100 0.75 2 185 0 35 34 0 97 0 0
7 9 1 1 100 0.75 2 186 0 42 41 0 97 0 0
7 9 1 1 100 0.75 2 187 0 49 47 0 97 0 0
7 9 1 1 100 0.75 2 188 1 56 53 0 97 0 0
7 9 1 1 100 0.75 2 189 2 63 61 1 97 0 0
7 9 1 1 100 0.75 2 190 7 70 62 2 97 0 0
7 9 1 1 100 0.75 2 191 9 77 65 7 97 0 0
7 9 1 1 100 0.75 2 192 17 84 64 9 97 0 0
7 9 1 1 100 0.75 2 193 19 91 65 17 97 0 0
7 9 1 1 100 0.75 2 194 19 98 77 19 97 0 0
7 9 1 1 100 0.75 2 195 25 105 74 19 97 0 0
7 9 1 1 100 0.75 2 196 31 112 82 25 97 0 2
7 9 1 1 100 0.75 2 197 35 119 86 31 97 0 4
7 9 1 1 100 0.75 2 198 42 126 87 35 97 0 7
7 9 1 1 100 0.75 2 199 48 133 97 42 97 0 11
7 9 1 1 100 0.75 2 200 55 140 100 48 97 0 15
7 9 1 1 100 0.75 2 201 59 147 105 55 97 0 16
7 9 1 1 100 0.75 2 202 63 154 109 59 97 0 17
7 9 1 1 100 0.75 2 203 73 161 111 63 97 0 22
7 9 1 1 100 0.75 2 204 76 168 119 73 97 0 24
7 9 1 1 100 0.75 2 205 81 175 126 76 97 0 28
7 9 1 1 100 0.75 2 206 87 182 135 81 97 0 32
7 9 1 1 100 0.75 2 207 92 189 141 87 97 0 39
7 9 1 1 100 0.75 2 208 97 196 149 92 97 0 42
7 9 1 1 100 0.75 2 209 105 203 150 97 97 0 47
7 9 1 1 100 0.75 2 210 109 210 160 105 97 0 52
7 9 1 1 100 0.75 2 211 119 217 160 109 97 0 55
7 9 1 1 100 0.75 2 212 130 224 164 119 96 0 60
7 9 1 1 100 0.75 2 213 134 228 162 127 99 3 58
7 9 1 1 100 0.75 2 214 142 231 169 127 103 7 61
7 9 1 1 100 0.75 2 215 146 238 172 135 103 7 64
7 9 1 1 100 0.75 2 216 155 243 177 137 105 9 65
7 9 1 1 100 0.75 2 217 159 247 180 143 108 12 66
7 9 1 1 100 0.75 2 218 166 253 184 146 109 13 71
7 9 1 1 100 0.75 2 219 168 258 198 151 111 15 77
7 9 1 1 100 0.75 2 220 176 259 194 147 117 21 79
7 9 1 1 100 0.75 2 221 182 264 200 153 119 23 81
7 9 1 1 100 0.75 2 222 188 270 203 158 120 24 82
7 9 1 1 100 0.75 2 223 196 271 208 158 126 30 81
7 9 1 1 100 0.75 2 224 211 274 198 162 130 34 82
7 9 1 1 100 0.75 2 225 214 275 201 171 136 40 81
7 9 1 1 100 0.75 2 226 223 279 198 172 139 43 80
7 9 1 1 100 0.75 2 227 231 281 197 176 144 48 78
7 9 1 1 100 0.75 2 228 236 284 197 180 148 52 80
7 9 1 1 100 0.75 2 229 245 283 193 177 156 60 76
7 9 1 1 100 0.75 2 230 250 284 195 181 162 66 76
7 9 1 1 100 0.75 2 231 262 291 205 186 162 66 90
7 9 1 1 100 0.75 2 232 271 293 204 193 167 71 87
7 9 1 1 100 0.75 2 233 277 297 202 199 170 74 89
7 9 1 1 100 0.75 2 234 286 298 199 199 176 80 87
7 9 1 1 100 0.75 2 235 296 299 202 203 182 86 86
7 9 1 1 100 0.75 2 236 303 302 202 209 186 90 87
7 9 1 1 100 0.75 2 237 315 305 199 212 190 94 86
7 9 1 1 100 0.75 2 238 323 308 201 221 194 98 87
7 9 1 1 100 0.75 2 239 331 308 208 222 201 105 92
7 9 1 1 100 0.75 2 240 339 309 195 224 207 111 89
7 9 1 1 100 0.75 2 241 351 311 194 227 212 116 90
7 9 1 1 100 0.75 2 242 355 314 200 236 216 120 91
7 9 1 1 100 0.75 2 243 361 318 200 237 219 123 94
7 9 1 1 100 0.75 2 244 370 317 200 235 227 131 94
7 9 1 1 100 0.75 2 245 377 320 200 240 231 135 98
7 9 1 1 100 0.75 2 246 386 321 194 245 237 141 97
7 9 1 1 100 0.75 2 247 391 324 204 250 241 145 99
7 9 1 1 100 0.75 2 248 399 328 201 253 244 148 104
7 9 1 1 100 0.75 2 249 402 331 207 257 248 152 108
7 9 1 1 100 0.75 2 250 413 334 212 256 252 156 108
7 9 1 1 100 0.75 2 251 418 334 201 262 259 163 106
7 9 1 1 100 0.75 2 252 425 334 205 262 266 170 108
7 9 1 1 100 0.75 2 253 431 337 208 266 270 174 112
7 9 1 1 100 0.75 2 254 437 339 207 268 275 179 114
7 9 1 1 100 0.75 2 255 446 340 197 268 281 185 113
7 9 1 1 100 0.75 2 256 455 338 198 270 290 194 107
7 9 1 1 100 0.75 2 257 459 342 207 276 293 197 109
7 9 1 1 100 0.75 2 258 466 342 203 274 300 204 111
7 9 1 1 100 0.75 2 259 470 341 204 275 308 212 109
7 9 1 1 100 0.75 2 260 475 344 191 278 312 216 108
7 9 1 1 100 0.75 2 261 481 348 207 282 315 219 111
7 9 1 1 100 0.75 2 262 487 349 191 283 321 225 112
7 9 1 1 100 0.75 2 263 493 347 207 282 330 234 110
7 9 1 1 100 0.75 2 264 500 344 185 281 340 244 104
7 9 1 1 100 0.75 2 265 507 346 201 283 345 249 107
7 9 1 1 100 0.75 2 266 511 347 194 286 351 255 106
7 9 1 1 100 0.75 2 267 513 349 197 287 356 260 104
7 9 1 1 100 0.75 2 268 520 352 198 288 360 264 108
7 9 1 1 100 0.75 2 269 525 354 194 292 365 269 111
7 9 1 1 100 0.75 2 270 534 350 195 288 375 280 104
7 9 1 1 100 0.75 2 271 538 352 196 296 379 285 104
7 9 1 1 100 0.75 2 272 546 349 188 292 389 295 104
7 9 1 1 100 0.75 2 273 549 352 195 296 393 299 102
7 9 1 1 100 0.75 2 274 553 352 179 293 400 306 98
7 9 1 1 100 0.75 2 275 557 354 186 294 405 311 97
7 9 1 1 100 0.75 2 276 563 360 194 301 405 312 106
7 9 1 1 100 0.75 2 277 567 363 186 304 409 316 110
7 9 1 1 100 0.75 2 278 572 362 194 304 417 324 110
7 9 1 1 100 0.75 2 279 575 359 191 300 427 334 104
7 9 1 1 100 0.75 2 280 583 361 176 301 432 339 104
7 9 1 1 100 0.75 2 281 587 361 191 304 439 346 100
7 9 1 1 100 0.75 2 282 592 362 177 302 445 352 105
7 9 1 1 100 0.75 2 283 601 362 184 304 452 359 101
7 9 1 1 100 0.75 2 284 605 365 189 311 455 363 103
7 9 1 1 100 0.75 2 285 609 364 176 310 463 371 100
7 9 1 1 100 0.75 2 286 612 366 174 312 467 376 96
7 9 1 1 100 0.75 2 287 616 364 180 308 475 385 95
7 9 1 1 100 0.75 2 288 624 365 171 308 481 391 92
7 9 1 1 100 0.75 2 289 627 368 177 315 485 395 93
7 9 1 1 100 0.75 2 290 631 372 176 315 488 398 98
7 9 1 1 100 0.75 2 291 635 371 167 316 496 406 95
7 9 1 1 100 0.75 2 292 639 375 188 318 499 409 96
7 9 1 1 100 0.75 2 293 645 372 172 317 509 419 89
7 9 1 1 100 0.75 2 294 647 373 173 320 515 425 87
7 9 1 1 100 0.75 2 295 653 371 172 315 524 434 84
7 9 1 1 100 0.75 2 296 654 375 168 322 526 437 86
7 9 1 1 100 0.75 2 297 656 376 165 323 532 443 86
7 9 1 1 100 0.75 2 298 661 381 170 324 534 445 88
7 9 1 1 100 0.75 2 299 663 385 185 330 537 448 89
7 9 1 1 100 0.75 2 300 669 385 163 328 544 455 86
7 9 1 1 100 0.75 2 301 673 387 167 333 549 460 86
7 9 1 1 100 0.75 2 302 677 384 169 330 559 470 82
7 9 1 1 100 0.75 2 303 681 385 174 331 565 476 85
7 9 1 1 100 0.75 2 304 687 390 170 334 566 478 87
7 9 1 1 100 0.75 2 305 694 393 166 339 570 482 85
7 9 1 1 100 0.75 2 306 697 398 173 346 572 484 89
7 9 1 1 100 0.75 2 307 700 395 170 342 582 494 85
7 9 1 1 100 0.75 2 308 704 396 167 343 588 500 82
7 9 1 1 100 0.75 2 309 706 397 154 345 594 506 84
7 9 1 1 100 0.75 2 310 710 400 181 345 598 510 86
7 9 1 1 100 0.75 2 311 717 403 164 347 602 514 86
7 9 1 1 100 0.75 2 312 720 408 173 356 604 516 88
7 9 1 1 100 0.75 2 313 727 412 167 356 605 519 90
7 9 1 1 100 0.75 2 314 729 414 179 361 610 524 88
7 9 1 1 100 0.75 2 315 731 417 179 361 614 528 89
7 9 1 1 100 0.75 2 316 733 414 170 362 624 538 83
7 9 1 1 100 0.75 2 317 736 418 175 364 626 541 83
7 9 1 1 100 0.75 2 318 739 423 161 368 627 543 87
7 9 1 1 100 0.75 2 319 742 424 170 370 633 549 83
7 9 1 1 100 0.75 2 320 746 428 176 372 636 552 86
7 9 1 1 100 0.75 2 321 749 424 163 369 647 563 80
7 9 1 1 100 0.75 2 322 750 425 164 369 653 569 82
7 9 1 1 100 0.75 2 323 753 431 166 380 654 570 85
7 9 1 1 100 0.75 2 324 756 433 172 380 658 575 84
7 9 1 1 100 0.75 2 325 759 437 174 382 660 578 89
7 9 1 1 100 0.75 2 326 762 440 174 383 664 582 91
7 9 1 1 100 0.75 2 327 766 441 176 386 670 588 90
7 9 1 1 100 0.75 2 328 770 443 169 388 675 593 87
7 9 1 1 100 0.75 2 329 773 444 168 389 681 599 91
7 9 1 1 100 0.75 2 330 775 446 171 391 686 604 92
7 9 1 1 100 0.75 2 330 775 446 446 391 778 604 92
7 9 1 1 100 0.75 2 360 775 446 446 391 97 604 92
7 9 1 1 100 0.75 3 361 0 7 7 0 97 0 0
7 9 1 1 100 0.75 3 362 0 14 14 0 97 0 0
7 9 1 1 100 0.75 3 363 0 21 21 0 97 0 0
7 9 1 1 100 0.75 3 364 0 28 28 0 97 0 0
7 9 1 1 100 0.75 3 365 0 35 35 0 97 0 0
7 9 1 1 100 0.75 3 366 0 42 42 0 97 0 0
7 9 1 1 100 0.75 3 367 0 49 49 0 97 0 0
7 9 1 1 100 0.75 3 368 2 56 52 0 97 0 0
7 9 1 1 100 0.75 3 369 6 63 56 2 97 0 0
7 9 1 1 100 0.75 3 370 14 70 52 6 97 0 0
7 9 1 1 100 0.75 3 371 15 77 61 14 97 0 0
7 9 1 1 100 0.75 3 372 16 84 66 15 97 0 0
7 9 1 1 100 0.75 3 373 21 91 66 16 97 0 0
7 9 1 1 100 0.75 3 374 26 98 71 21 97 0 0
7 9 1 1 100 0.75 3 375 26 105 79 26 97 0 1
7 9 1 1 100 0.75 3 376 31 112 83 26 97 0 3
7 9 1 1 100 0.75 3 377 37 119 89 31 97 0 6
7 9 1 1 100 0.75 3 378 41 126 97 37 97 0 9
7 9 1 1 100 0.75 3 379 48 133 96 41 97 0 10
7 9 1 1 100 0.75 3 380 51 140 99 48 97 0 13
7 9 1 1 100 0.75 3 381 57 147 108 51 97 0 18
7 9 1 1 100 0.75 3 382 63 154 108 57 97 0 20
7 9 1 1 100 0.75 3 383 65 161 117 63 97 0 21
7 9 1 1 100 0.75 3 384 73 168 121 65 96 0 24
7 9 1 1 100 0.75 3 385 85 175 122 73 96 0 29
7 9 1 1 100 0.75 3 386 93 182 122 85 96 0 32
7 9 1 1 100 0.75 3 387 97 189 130 93 96 0 35
7 9 1 1 100 0.75 3 388 103 196 134 97 96 0 37
7 9 1 1 100 0.75 3 389 108 203 145 103 96 0 43
7 9 1 1 100 0.75 3 390 118 210 145 108 96 0 45
7 9 1 1 100 0.75 3 391 121 215 151 116 98 2 48
7 9 1 1 100 0.75 3 392 126 221 149 118 99 3 51
7 9 1 1 100 0.75 3 393 138 226 160 121 101 5 57
7 9 1 1 100 0.75 3 394 144 232 164 132 102 6 59
7 9 1 1 100 0.75 3 395 151 237 173 136 104 8 63
7 9 1 1 100 0.75 3 396 158 243 177 142 105 9 65
7 9 1 1 100 0.75 3 397 162 246 177 145 109 13 65
7 9 1 1 100 0.75 3 398 169 252 186 148 110 14 71
7 9 1 1 100 0.75 3 399 176 259 189 155 110 14 74
7 9 1 1 100 0.75 3 400 184 262 194 158 114 18 78
7 9 1 1 100 0.75 3 401 191 263 193 160 120 24 75
7 9 1 1 100 0.75 3 402 195 267 199 164 123 27 76
7 9 1 1 100 0.75 3 403 201 269 196 163 128 32 77
7 9 1 1 100 0.75 3 404 208 269 192 162 135 39 73
7 9 1 1 100 0.75 3 405 215 274 197 168 137 41 76
7 9 1 1 100 0.75 3 406 219 281 203 175 137 41 82
7 9 1 1 100 0.75 3 407 225 286 206 177 139 43 87
7 9 1 1 100 0.75 3 408 236 287 211 177 145 49 87
7 9 1 1 100 0.75 3 409 240 287 203 181 152 56 84
7 9 1 1 100 0.75 3 410 250 289 204 180 156 61 84
7 9 1 1 100 0.75 3 411 260 294 198 189 158 63 86
7 9 1 1 100 0.75 3 412 265 296 201 194 163 68 87
7 9 1 1 100 0.75 3 413 274 298 200 195 168 73 87
7 9 1 1 100 0.75 3 414 282 301 199 200 172 77 89
7 9 1 1 100 0.75 3 415 290 299 194 199 181 86 82
7 9 1 1 100 0.75 3 416 298 302 199 203 185 90 82
7 9 1 1 100 0.75 3 417 310 303 193 205 191 96 80
7 9 1 1 100 0.75 3 418 316 304 191 211 194 102 81
7 9 1 1 100 0.75 3 419 325 309 198 217 196 104 87
7 9 1 1 100 0.75 3 420 332 313 199 223 199 107 93
7 9 1 1 100 0.75 3 421 340 319 201 229 200 108 96
7 9 1 1 100 0.75 3 422 345 322 208 233 204 112 102
7 9 1 1 100 0.75 3 423 356 324 210 233 209 117 104
7 9 1 1 100 0.75 3 424 360 325 204 239 215 123 107
7 9 1 1 100 0.75 3 425 368 329 220 241 218 126 112
7 9 1 1 100 0.75 3 426 377 324 211 237 230 138 108
7 9 1 1 100 0.75 3 427 381 327 211 243 234 142 109
7 9 1 1 100 0.75 3 428 391 329 207 244 239 147 108
7 9 1 1 100 0.75 3 429 395 330 204 253 245 153 106
7 9 1 1 100 0.75 3 430 403 333 207 253 249 157 110
7 9 1 1 100 0.75 3 431 411 337 198 260 252 160 114
7 9 1 1 100 0.75 3 432 418 340 202 265 256 164 115
7 9 1 1 100 0.75 3 433 424 342 207 267 261 169 114
7 9 1 1 100 0.75 3 434 435 340 193 267 270 178 110
7 9 1 1 100 0.75 3 435 440 342 202 274 275 183 115
7 9 1 1 100 0.75 3 436 446 339 187 272 285 193 115
7 9 1 1 100 0.75 3 437 453 342 200 277 289 197 116
7 9 1 1 100 0.75 3 438 460 345 204 280 293 201 121
7 9 1 1 100 0.75 3 439 462 344 187 280 301 209 116
7 9 1 1 100 0.75 3 440 468 347 198 281 305 213 119
7 9 1 1 100 0.75 3 441 472 345 196 281 314 222 118
7 9 1 1 100 0.75 3 442 479 341 195 275 325 233 115
7 9 1 1 100 0.75 3 443 483 342 185 278 331 239 116
7 9 1 1 100 0.75 3 444 489 339 187 275 341 249 114
7 9 1 1 100 0.75 3 445 498 341 189 278 345 254 116
7 9 1 1 100 0.75 3 446 501 343 189 283 350 259 116
7 9 1 1 100 0.75 3 447 503 345 200 283 355 264 118
7 9 1 1 100 0.75 3 448 511 346 192 280 359 270 117
7 9 1 1 100 0.75 3 449 518 347 199 282 364 276 117
7 9 1 1 100 0.75 3 450 524 349 197 284 369 281 118
7 9 1 1 100 0.75 3 451 532 349 180 287 376 288 115
7 9 1 1 100 0.75 3 452 535 354 185 295 378 290 123
7 9 1 1 100 0.75 3 453 540 354 189 292 385 297 120
7 9 1 1 100 0.75 3 454 545 352 193 292 394 306 113
7 9 1 1 100 0.75 3 455 552 353 181 293 400 312 112
7 9 1 1 100 0.75 3 456 557 355 189 296 405 317 111
7 9 1 1 100 0.75 3 457 562 349 184 289 418 330 104
7 9 1 1 100 0.75 3 458 565 348 176 287 426 338 103
7 9 1 1 100 0.75 3 459 571 349 185 289 432 344 103
7 9 1 1 100 0.75 3 460 579 352 176 293 435 348 105
7 9 1 1 100 0.75 3 461 584 353 180 297 441 354 108
7 9 1 1 100 0.75 3 462 589 354 163 297 447 360 108
7 9 1 1 100 0.75 3 463 595 354 180 297 454 367 109
7 9 1 1 100 0.75 3 464 599 352 167 297 462 376 103
7 9 1 1 100 0.75 3 465 601 351 162 295 470 384 99
7 9 1 1 100 0.75 3 466 606 356 175 299 472 386 101
7 9 1 1 100 0.75 3 467 613 357 166 299 478 392 103
7 9 1 1 100 0.75 3 468 617 357 179 302 485 399 104
7 9 1 1 100 0.75 3 469 625 356 167 299 493 407 97
7 9 1 1 100 0.75 3 470 628 357 169 303 499 413 95
7 9 1 1 100 0.75 3 471 635 361 167 303 502 416 101
7 9 1 1 100 0.75 3 472 638 362 157 307 508 422 97
7 9 1 1 100 0.75 3 473 641 368 175 311 509 423 102
7 9 1 1 100 0.75 3 474 647 369 165 309 515 429 101
7 9 1 1 100 0.75 3 475 651 372 169 316 519 433 104
7 9 1 1 100 0.75 3 476 655 372 154 316 525 440 100
7 9 1 1 100 0.75 3 477 658 372 164 318 532 447 96
7 9 1 1 100 0.75 3 478 662 366 151 310 545 460 85
7 9 1 1 100 0.75 3 479 666 368 160 312 550 465 88
7 9 1 1 100 0.75 3 480 670 371 156 315 554 469 87
7 9 1 1 100 0.75 3 481 671 371 165 316 561 476 87
7 9 1 1 100 0.75 3 482 676 372 154 316 567 482 90
7 9 1 1 100 0.75 3 483 682 374 167 320 572 487 90
7 9 1 1 100 0.75 3 484 685 378 171 324 575 490 94
7 9 1 1 100 0.75 3 485 691 381 156 326 578 494 93
7 9 1 1 100 0.75 3 486 694 379 162 327 587 503 89
7 9 1 1 100 0.75 3 487 697 382 156 327 591 507 92
7 9 1 1 100 0.75 3 488 702 385 171 330 595 511 93
7 9 1 1 100 0.75 3 489 705 390 161 336 596 513 99
7 9 1 1 100 0.75 3 490 709 385 150 331 608 525 93
7 9 1 1 100 0.75 3 491 712 387 161 333 613 530 95
7 9 1 1 100 0.75 3 492 716 389 155 333 618 535 94
7 9 1 1 100 0.75 3 493 722 393 165 338 621 538 97
7 9 1 1 100 0.75 3 494 727 396 158 341 625 542 98
7 9 1 1 100 0.75 3 495 731 402 162 347 626 543 101
7 9 1 1 100 0.75 3 496 734 406 172 353 628 546 105
7 9 1 1 100 0.75 3 497 736 405 171 351 636 554 103
7 9 1 1 100 0.75 3 498 739 407 173 351 640 559 101
7 9 1 1 100 0.75 3 499 741 403 166 348 651 570 98
7 9 1 1 100 0.75 3 500 743 404 160 350 655 576 98
7 9 1 1 100 0.75 3 501 745 406 171 350 660 581 97
7 9 1 1 100 0.75 3 502 747 410 155 351 663 584 101
7 9 1 1 100 0.75 3 503 750 409 159 355 669 592 99
7 9 1 1 100 0.75 3 504 752 413 157 358 672 595 101
7 9 1 1 100 0.75 3 505 755 415 159 358 677 600 98
7 9 1 1 100 0.75 3 506 755 413 162 359 686 609 96
7 9 1 1 100 0.75 3 507 761 413 161 358 692 616 92
7 9 1 1 100 0.75 3 508 764 416 155 363 694 620 92
7 9 1 1 100 0.75 3 509 766 417 157 362 698 626 95
7 9 1 1 100 0.75 3 510 768 416 159 361 705 634 95
7 9 1 1 100 0.75 3 510 768 416 416 361 800 634 95
7 9 1 1 100 0.75 3 540 768 416 416 361 97 634 95
7 9 1 1 100 0.75 4 541 0 7 7 0 97 0 0
7 9 1 1 100 0.75 4 542 0 14 14 0 97 0 0
7 9 1 1 100 0.75 4 543 0 21 20 0 97 0 0
7 9 1 1 100 0.75 4 544 0 28 28 0 97 0 0
7 9 1 1 100 0.75 4 545 0 35 34 0 97 0 0
7 9 1 1 100 0.75 4 546 0 42 42 0 97 0 0
7 9 1 1 100 0.75 4 547 0 49 48 0 97 0 0
7 9 1 1 100 0.75 4 548 0 56 52 0 97 0 0
7 9 1 1 100 0.75 4 549 4 63 56 0 97 0 0
7 9 1 1 100 0.75 4 550 8 70 61 4 97 0 0
7 9 1 1 100 0.75 4 551 11 77 63 8 97 0 0
7 9 1 1 100 0.75 4 552 15 84 67 11 97 0 0
7 9 1 1 100 0.75 4 553 21 91 67 15 97 0 0
7 9 1 1 100 0.75 4 554 26 98 71 21 97 0 0
7 9 1 1 100 0.75 4 555 28 105 73 26 97 0 0
7 9 1 1 100 0.75 4 556 28 112 84 28 97 0 0
7 9 1 1 100 0.75 4 557 35 119 84 28 97 0 3
7 9 1 1 100 0.75 4 558 39 126 94 35 97 0 7
7 9 1 1 100 0.75 4 559 47 133 95 39 97 0 11
7 9 1 1 100 0.75 4 560 56 140 101 47 97 0 16
7 9 1 1 100 0.75 4 561 62 147 106 56 97 0 18
7 9 1 1 100 0.75 4 562 66 154 113 62 97 0 21
7 9 1 1 100 0.75 4 563 73 161 113 66 97 0 22
7 9 1 1 100 0.75 4 564 78 168 118 73 97 0 23
7 9 1 1 100 0.75 4 565 80 175 127 78 97 0 29
7 9 1 1 100 0.75 4 566 86 182 126 80 97 0 29
7 9 1 1 100 0.75 4 567 93 189 144 86 97 0 40
7 9 1 1 100 0.75 4 568 97 196 145 93 97 0 45
7 9 1 1 100 0.75 4 569 103 203 156 97 97 0 49
7 9 1 1 100 0.75 4 570 106 210 164 103 97 0 55
7 9 1 1 100 0.75 4 571 112 217 172 106 97 0 59
7 9 1 1 100 0.75 4 572 119 224 179 112 97 0 62
7 9 1 1 100 0.75 4 573 129 229 172 117 99 2 61
7 9 1 1 100 0.75 4 574 140 234 178 125 101 4 62
7 9 1 1 100 0.75 4 575 148 239 179 134 103 6 63
7 9 1 1 100 0.75 4 576 155 242 178 138 107 10 65
7 9 1 1 100 0.75 4 577 165 245 173 141 111 14 64
7 9 1 1 100 0.75 4 578 171 250 179 149 113 16 66
7 9 1 1 100 0.75 4 579 178 256 180 154 114 17 69
7 9 1 1 100 0.75 4 580 183 258 186 156 119 22 72
7 9 1 1 100 0.75 4 581 190 263 191 159 121 24 80
7 9 1 1 100 0.75 4 582 196 266 184 162 125 28 83
7 9 1 1 100 0.75 4 583 203 271 201 166 127 30 87
7 9 1 1 100 0.75 4 584 210 273 190 168 132 35 87
7 9 1 1 100 0.75 4 585 220 273 198 168 139 42 88
7 9 1 1 100 0.75 4 586 230 271 183 169 148 51 86
7 9 1 1 100 0.75 4 587 235 276 194 177 150 53 88
7 9 1 1 100 0.75 4 588 242 278 195 177 155 58 91
7 9 1 1 100 0.75 4 589 249 281 196 180 159 62 91
7 9 1 1 100 0.75 4 590 258 287 198 186 160 63 95
7 9 1 1 100 0.75 4 591 263 292 205 193 162 65 100
7 9 1 1 100 0.75 4 592 269 295 209 194 166 69 101
7 9 1 1 100 0.75 4 593 277 300 217 198 168 71 107
7 9 1 1 100 0.75 4 594 281 302 220 201 173 76 109
7 9 1 1 100 0.75 4 595 292 300 217 196 181 85 105
7 9 1 1 100 0.75 4 596 302 303 214 203 185 89 107
7 9 1 1 100 0.75 4 597 311 305 206 208 190 94 104
7 9 1 1 100 0.75 4 598 322 310 217 215 192 96 111
7 9 1 1 100 0.75 4 599 327 313 224 224 196 100 113
7 9 1 1 100 0.75 4 600 336 311 217 221 204 109 107
7 9 1 1 100 0.75 4 601 344 309 202 221 213 118 102
7 9 1 1 100 0.75 4 602 348 309 205 222 220 125 102
7 9 1 1 100 0.75 4 603 358 310 202 220 226 131 100
7 9 1 1 100 0.75 4 604 371 308 192 221 235 140 100
7 9 1 1 100 0.75 4 605 377 312 204 232 238 143 103
7 9 1 1 100 0.75 4 606 383 311 201 231 246 151 105
7 9 1 1 100 0.75 4 607 394 311 194 231 253 158 103
7 9 1 1 100 0.75 4 608 404 313 186 237 258 163 102
7 9 1 1 100 0.75 4 609 412 312 189 239 266 171 97
7 9 1 1 100 0.75 4 610 420 311 186 239 274 179 96
7 9 1 1 100 0.75 4 611 427 316 190 245 276 181 103
7 9 1 1 100 0.75 4 612 433 320 201 249 279 184 106
7 9 1 1 100 0.75 4 613 438 319 199 247 287 192 102
7 9 1 1 100 0.75 4 614 443 323 198 252 290 195 104
7 9 1 1 100 0.75 4 615 448 322 203 250 298 203 102
7 9 1 1 100 0.75 4 616 459 321 194 247 306 211 104
7 9 1 1 100 0.75 4 617 466 325 202 258 309 214 106
7 9 1 1 100 0.75 4 618 472 329 199 262 312 217 110
7 9 1 1 100 0.75 4 619 476 329 195 261 319 224 108
7 9 1 1 100 0.75 4 620 484 330 208 260 325 230 109
7 9 1 1 100 0.75 4 621 489 335 188 267 327 232 113
7 9 1 1 100 0.75 4 622 495 336 194 266 333 238 112
7 9 1 1 100 0.75 4 623 501 333 189 267 343 248 110
7 9 1 1 100 0.75 4 624 504 334 190 270 349 254 109
7 9 1 1 100 0.75 4 625 512 330 170 265 359 265 101
7 9 1 1 100 0.75 4 626 517 333 177 272 362 269 99
7 9 1 1 100 0.75 4 627 523 335 191 273 367 274 100
7 9 1 1 100 0.75 4 628 533 338 184 276 371 278 103
7 9 1 1 100 0.75 4 629 536 339 189 284 377 284 101
7 9 1 1 100 0.75 4 630 542 341 182 282 382 289 102
7 9 1 1 100 0.75 4 631 547 344 188 286 386 293 103
7 9 1 1 100 0.75 4 632 552 345 184 287 392 299 102
7 9 1 1 100 0.75 4 633 555 346 180 292 396 305 105
7 9 1 1 100 0.75 4 634 561 344 186 288 405 314 103
7 9 1 1 100 0.75 4 635 563 341 187 287 415 324 100
7 9 1 1 100 0.75 4 636 568 341 171 284 422 331 99
7 9 1 1 100 0.75 4 637 571 344 173 290 426 335 98
7 9 1 1 100 0.75 4 638 575 347 178 290 430 339 99
7 9 1 1 100 0.75 4 639 578 345 189 286 439 348 100
7 9 1 1 100 0.75 4 640 586 347 175 285 444 353 98
7 9 1 1 100 0.75 4 641 593 349 180 290 449 358 100
7 9 1 1 100 0.75 4 642 593 354 186 296 451 360 105
7 9 1 1 100 0.75 4 643 599 352 168 292 460 369 100
7 9 1 1 100 0.75 4 644 603 352 168 296 467 376 99
7 9 1 1 100 0.75 4 645 607 355 168 298 471 380 102
7 9 1 1 100 0.75 4 646 609 361 173 303 471 381 102
7 9 1 1 100 0.75 4 647 615 361 163 304 478 388 100
7 9 1 1 100 0.75 4 648 618 362 165 308 484 394 104
7 9 1 1 100 0.75 4 649 620 362 162 307 491 401 103
7 9 1 1 100 0.75 4 650 625 361 178 302 498 409 102
7 9 1 1 100 0.75 4 651 629 363 175 307 503 414 101
7 9 1 1 100 0.75 4 652 634 365 179 309 508 419 102
7 9 1 1 100 0.75 4 653 638 367 170 311 513 424 100
7 9 1 1 100 0.75 4 654 643 370 163 315 517 428 100
7 9 1 1 100 0.75 4 655 646 369 167 314 525 436 98
7 9 1 1 100 0.75 4 656 651 366 156 311 535 446 94
7 9 1 1 100 0.75 4 657 656 370 160 316 538 449 95
7 9 1 1 100 0.75 4 658 660 374 170 323 541 452 100
7 9 1 1 100 0.75 4 659 666 375 172 322 547 458 98
7 9 1 1 100 0.75 4 660 668 378 175 326 549 462 104
7 9 1 1 100 0.75 4 661 673 377 176 322 556 470 100
7 9 1 1 100 0.75 4 662 677 381 182 328 558 473 103
7 9 1 1 100 0.75 4 663 680 382 168 329 564 479 100
7 9 1 1 100 0.75 4 664 684 384 167 329 568 484 98
7 9 1 1 100 0.75 4 665 687 386 177 330 572 489 101
7 9 1 1 100 0.75 4 666 691 386 169 331 579 496 98
7 9 1 1 100 0.75 4 667 696 386 165 332 586 503 92
7 9 1 1 100 0.75 4 668 697 384 171 332 595 512 87
7 9 1 1 100 0.75 4 669 700 387 171 333 599 516 90
7 9 1 1 100 0.75 4 670 703 390 163 337 603 520 89
7 9 1 1 100 0.75 4 671 707 392 177 337 607 525 89
7 9 1 1 100 0.75 4 672 708 392 171 338 614 532 88
7 9 1 1 100 0.75 4 673 717 395 166 338 618 536 90
7 9 1 1 100 0.75 4 674 718 397 179 347 622 541 90
7 9 1 1 100 0.75 4 675 722 397 161 342 629 548 91
7 9 1 1 100 0.75 4 676 728 398 176 343 633 554 90
7 9 1 1 100 0.75 4 677 732 402 165 349 636 557 93
7 9 1 1 100 0.75 4 678 734 400 155 347 644 566 85
7 9 1 1 100 0.75 4 679 736 400 156 346 651 573 84
7 9 1 1 100 0.75 4 680 740 402 167 347 656 578 91
7 9 1 1 100 0.75 4 681 745 401 167 345 664 586 86
7 9 1 1 100 0.75 4 682 749 406 166 354 666 588 88
7 9 1 1 100 0.75 4 683 750 408 173 356 671 593 90
7 9 1 1 100 0.75 4 684 751 415 183 362 670 593 94
7 9 1 1 100 0.75 4 685 756 414 175 359 678 601 91
7 9 1 1 100 0.75 4 686 759 417 162 362 682 605 93
7 9 1 1 100 0.75 4 687 763 420 169 366 685 609 94
7 9 1 1 100 0.75 4 688 766 422 160 368 690 614 91
7 9 1 1 100 0.75 4 689 769 426 179 375 693 617 95
7 9 1 1 100 0.75 4 690 772 431 159 378 695 619 94
7 9 1 1 100 0.75 4 690 772 431 431 378 786 619 94
7 9 1 1 100 0.75 4 720 772 431 431 378 97 619 94
7 9 1 1 100 0.75 5 721 0 7 7 0 97 0 0
7 9 1 1 100 0.75 5 722 0 14 14 0 97 0 0
7 9 1 1 100 0.75 5 723 0 21 21 0 97 0 0
7 9 1 1 100 0.75 5 724 0 28 28 0 97 0 0
7 9 1 1 100 0.75 5 725 0 35 34 0 97 0 0
7 9 1 1 100 0.75 5 726 0 42 42 0 97 0 0
7 9 1 1 100 0.75 5 727 0 49 49 0 97 0 0
7 9 1 1 100 0.75 5 728 0 56 56 0 97 0 0
7 9 1 1 100 0.75 5 729 2 63 61 0 97 0 0
7 9 1 1 100 0.75 5 730 5 70 64 2 97 0 0
7 9 1 1 100 0.75 5 731 7 77 67 5 97 0 0
7 9 1 1 100 0.75 5 732 15 84 67 7 97 0 0
7 9 1 1 100 0.75 5 733 19 91 72 15 97 0 0
7 9 1 1 100 0.75 5 734 24 98 71 19 97 0 0
7 9 1 1 100 0.75 5 735 29 105 74 24 97 0 0
7 9 1 1 100 0.75 5 736 34 112 74 29 97 0 0
7 9 1 1 100 0.75 5 737 39 119 81 34 97 0 2
7 9 1 1 100 0.75 5 738 45 126 85 39 97 0 4
7 9 1 1 100 0.75 5 739 50 133 92 45 97 0 9
7 9 1 1 100 0.75 5 740 54 140 97 50 97 0 11
7 9 1 1 100 0.75 5 741 60 147 102 54 97 0 14
7 9 1 1 100 0.75 5 742 65 154 109 60 97 0 18
7 9 1 1 100 0.75 5 743 73 161 111 65 97 0 22
7 9 1 1 100 0.75 5 744 80 168 119 73 97 0 30
7 9 1 1 100 0.75 5 745 86 175 128 80 97 0 34
7 9 1 1 100 0.75 5 746 91 182 132 86 97 0 37
7 9 1 1 100 0.75 5 747 97 189 135 91 97 0 38
7 9 1 1 100 0.75 5 748 101 196 142 97 97 0 43
7 9 1 1 100 0.75 5 749 107 203 151 101 97 0 49
7 9 1 1 100 0.75 5 750 109 210 156 107 96 0 55
7 9 1 1 100 0.75 5 751 117 217 163 109 96 0 62
7 9 1 1 100 0.75 5 752 127 224 166 117 96 0 66
7 9 1 1 100 0.75 5 753 129 231 181 127 95 0 71
7 9 1 1 100 0.75 5 754 135 238 184 129 95 0 74
7 9 1 1 100 0.75 5 755 139 243 191 133 97 2 76
7 9 1 1 100 0.75 5 756 143 249 194 136 98 3 79
7 9 1 1 100 0.75 5 757 153 251 192 135 103 8 78
7 9 1 1 100 0.75 5 758 165 255 195 142 106 11 80
7 9 1 1 100 0.75 5 759 172 252 191 144 116 21 78
7 9 1 1 100 0.75 5 760 177 257 197 149 118 23 78
7 9 1 1 100 0.75 5 761 183 263 195 153 119 24 81
7 9 1 1 100 0.75 5 762 191 265 196 154 124 29 81
7 9 1 1 100 0.75 5 763 199 267 195 157 129 34 79
7 9 1 1 100 0.75 5 764 208 268 192 159 135 40 79
7 9 1 1 100 0.75 5 765 213 272 197 165 138 43 85
7 9 1 1 100 0.75 5 766 220 276 207 167 141 46 90
7 9 1 1 100 0.75 5 767 230 276 198 167 147 53 87
7 9 1 1 100 0.75 5 768 238 277 200 171 153 59 84
7 9 1 1 100 0.75 5 769 246 281 196 176 156 62 84
7 9 1 1 100 0.75 5 770 256 285 204 182 159 65 85
7 9 1 1 100 0.75 5 771 259 286 200 186 165 71 85
7 9 1 1 100 0.75 5 772 265 291 204 187 167 73 87
7 9 1 1 100 0.75 5 773 275 292 206 187 173 79 82
7 9 1 1 100 0.75 5 774 286 292 200 190 180 86 86
7 9 1 1 100 0.75 5 775 295 296 206 198 183 89 90
7 9 1 1 100 0.75 5 776 303 296 185 203 190 96 85
7 9 1 1 100 0.75 5 777 314 300 188 208 193 99 88
7 9 1 1 100 0.75 5 778 320 305 197 218 195 101 94
7 9 1 1 100 0.75 5 779 325 310 203 224 197 103 95
7 9 1 1 100 0.75 5 780 335 310 200 223 204 110 98
7 9 1 1 100 0.75 5 781 339 311 189 228 210 116 97
7 9 1 1 100 0.75 5 782 346 313 204 227 215 121 104
7 9 1 1 100 0.75 5 783 353 315 208 230 220 126 107
7 9 1 1 100 0.75 5 784 358 314 206 230 228 134 106
7 9 1 1 100 0.75 5 785 370 313 199 227 236 142 109
7 9 1 1 100 0.75 5 786 379 319 211 240 237 143 113
7 9 1 1 100 0.75 5 787 389 320 204 244 243 149 109
7 9 1 1 100 0.75 5 788 393 325 206 253 245 151 115
7 9 1 1 100 0.75 5 789 399 327 214 254 250 156 115
7 9 1 1 100 0.75 5 790 411 329 210 255 255 161 116
7 9 1 1 100 0.75 5 791 417 329 206 260 262 168 113
7 9 1 1 100 0.75 5 792 425 331 202 261 267 173 116
7 9 1 1 100 0.75 5 793 434 331 203 262 274 180 121
7 9 1 1 100 0.75 5 794 441 331 211 265 280 187 119
7 9 1 1 100 0.75 5 795 445 333 205 269 285 192 123
7 9 1 1 100 0.75 5 796 449 335 216 270 290 197 123
7 9 1 1 100 0.75 5 797 459 336 212 268 296 203 126
7 9 1 1 100 0.75 5 798 468 332 195 269 306 214 119
7 9 1 1 100 0.75 5 799 474 332 191 273 313 221 117
7 9 1 1 100 0.75 5 800 480 330 188 271 322 230 116
7 9 1 1 100 0.75 5 801 483 328 183 270 331 239 116
7 9 1 1 100 0.75 5 802 488 331 186 272 335 243 117
7 9 1 1 100 0.75 5 803 493 328 191 268 345 253 112
7 9 1 1 100 0.75 5 804 499 331 176 271 349 257 115
7 9 1 1 100 0.75 5 805 503 332 191 273 355 263 118
7 9 1 1 100 0.75 5 806 510 334 183 273 359 268 122
7 9 1 1 100 0.75 5 807 516 337 187 278 363 272 123
7 9 1 1 100 0.75 5 808 521 334 187 274 373 282 117
7 9 1 1 100 0.75 5 809 526 331 168 273 382 292 113
7 9 1 1 100 0.75 5 810 531 330 170 274 390 300 109
7 9 1 1 100 0.75 5 811 536 331 168 277 396 306 106
7 9 1 1 100 0.75 5 812 543 334 180 279 400 310 109
7 9 1 1 100 0.75 5 813 547 337 164 282 404 314 108
7 9 1 1 100 0.75 5 814 556 335 178 278 413 323 102
7 9 1 1 100 0.75 5 815 562 338 169 284 417 327 106
7 9 1 1 100 0.75 5 816 564 336 167 282 426 336 100
7 9 1 1 100 0.75 5 817 570 339 173 281 430 340 99
7 9 1 1 100 0.75 5 818 571 339 182 281 436 347 101
7 9 1 1 100 0.75 5 819 576 337 167 276 445 356 97
7 9 1 1 100 0.75 5 820 579 334 174 274 454 366 92
7 9 1 1 100 0.75 5 821 585 339 160 277 454 368 98
7 9 1 1 100 0.75 5 822 591 339 155 278 461 375 96
7 9 1 1 100 0.75 5 823 596 339 167 282 468 382 94
7 9 1 1 100 0.75 5 824 598 340 148 285 474 388 93
7 9 1 1 100 0.75 5 825 603 339 149 283 482 396 88
7 9 1 1 100 0.75 5 826 609 339 151 284 489 403 88
7 9 1 1 100 0.75 5 827 612 340 164 286 495 409 86
7 9 1 1 100 0.75 5 828 617 344 156 288 498 412 89
7 9 1 1 100 0.75 5 829 621 349 173 295 500 414 94
7 9 1 1 100 0.75 5 830 626 347 161 291 509 423 92
7 9 1 1 100 0.75 5 831 629 352 166 298 511 425 91
7 9 1 1 100 0.75 5 832 635 353 158 298 517 431 93
7 9 1 1 100 0.75 5 833 639 358 169 304 519 433 97
7 9 1 1 100 0.75 5 834 643 360 179 305 524 438 96
7 9 1 1 100 0.75 5 835 648 361 162 305 530 444 94
7 9 1 1 100 0.75 5 836 651 363 165 308 535 449 90
7 9 1 1 100 0.75 5 837 654 361 170 306 544 458 88
7 9 1 1 100 0.75 5 838 661 364 157 308 548 462 88
7 9 1 1 100 0.75 5 839 666 365 157 311 554 468 85
7 9 1 1 100 0.75 5 840 669 366 149 312 560 474 88
7 9 1 1 100 0.75 5 841 675 372 160 316 561 475 88
7 9 1 1 100 0.75 5 842 680 372 156 317 568 482 86
7 9 1 1 100 0.75 5 843 683 375 155 321 572 486 87
7 9 1 1 100 0.75 5 844 687 376 161 323 578 492 87
7 9 1 1 100 0.75 5 845 692 377 167 322 584 498 88
7 9 1 1 100 0.75 5 846 694 380 156 327 588 502 88
7 9 1 1 100 0.75 5 847 697 382 141 329 593 507 89
7 9 1 1 100 0.75 5 848 702 377 149 323 605 519 83
7 9 1 1 100 0.75 5 849 707 379 153 324 610 524 83
7 9 1 1 100 0.75 5 850 712 383 142 331 613 527 84
7 9 1 1 100 0.75 5 851 714 390 158 337 613 527 90
7 9 1 1 100 0.75 5 852 720 390 159 336 619 534 90
7 9 1 1 100 0.75 5 853 720 394 167 343 622 537 92
7 9 1 1 100 0.75 5 854 725 399 161 342 623 539 95
7 9 1 1 100 0.75 5 855 728 402 169 347 627 543 97
7 9 1 1 100 0.75 5 856 732 402 159 349 634 550 95
7 9 1 1 100 0.75 5 857 732 402 160 348 641 557 95
7 9 1 1 100 0.75 5 858 739 406 157 350 644 560 98
7 9 1 1 100 0.75 5 859 742 408 162 354 649 565 98
7 9 1 1 100 0.75 5 860 743 410 146 358 654 570 96
7 9 1 1 100 0.75 5 861 745 412 165 362 659 575 96
7 9 1 1 100 0.75 5 862 749 412 147 359 666 582 94
7 9 1 1 100 0.75 5 863 751 407 158 353 678 594 86
7 9 1 1 100 0.75 5 864 754 411 152 359 681 597 86
7 9 1 1 100 0.75 5 865 757 412 152 358 687 603 89
7 9 1 1 100 0.75 5 866 760 414 153 362 690 608 89
7 9 1 1 100 0.75 5 867 765 417 159 363 693 612 92
7 9 1 1 100 0.75 5 868 768 420 151 369 697 616 96
7 9 1 1 100 0.75 5 869 769 418 160 365 706 625 91
7 9 1 1 100 0.75 5 870 771 420 154 366 711 630 91
7 9 1 1 100 0.75 5 870 771 420 420 366 801 630 91
7 9 1 1 100 0.75 5 900 771 420 420 366 97 630 91
7 9 1 1 100 0.75 6 901 0 7 7 0 97 0 0
7 9 1 1 100 0.75 6 902 0 14 14 0 97 0 0
7 9 1 1 100 0.75 6 903 0 21 21 0 97 0 0
7 9 1 1 100 0.75 6 904 0 28 28 0 97 0 0
7 9 1 1 100 0.75 6 905 0 35 35 0 97 0 0
7 9 1 1 100 0.75 6 906 0 42 42 0 97 0 0
7 9 1 1 100 0.75 6 907 0 49 49 0 97 0 0
7 9 1 1 100 0.75 6 908 0 56 55 0 97 0 0
7 9 1 1 100 0.75 6 909 2 63 61 0 97 0 0
7 9 1 1 100 0.75 6 910 4 70 64 2 97 0 0
7 9 1 1 100 0.75 6 911 9 77 67 4 97 0 0
7 9 1 1 100 0.75 6 912 16 84 67 9 97 0 0
7 9 1 1 100 0.75 6 913 19 91 70 16 97 0 0
7 9 1 1 100 0.75 6 914 25 98 69 19 97 0 0
7 9 1 1 100 0.75 6 915 31 105 70 25 97 0 0
7 9 1 1 100 0.75 6 916 36 112 77 31 97 0 1
7 9 1 1 100 0.75 6 917 39 119 80 36 97 0 3
7 9 1 1 100 0.75 6 918 44 126 89 39 97 0 8
7 9 1 1 100 0.75 6 919 48 133 94 44 97 0 10
7 9 1 1 100 0.75 6 920 54 140 99 48 97 0 15
7 9 1 1 100 0.75 6 921 59 147 106 54 97 0 20
7 9 1 1 100 0.75 6 922 60 154 116 59 97 0 23
7 9 1 1 100 0.75 6 923 66 161 124 60 97 0 31
7 9 1 1 100 0.75 6 924 74 168 126 66 97 0 32
7 9 1 1 100 0.75 6 925 81 175 132 74 97 0 34
7 9 1 1 100 0.75 6 926 87 182 136 81 97 0 39
7 9 1 1 100 0.75 6 927 91 189 140 87 97 0 41
7 9 1 1 100 0.75 6 928 93 196 144 91 97 0 45
7 9 1 1 100 0.75 6 929 99 203 154 93 97 0 46
7 9 1 1 100 0.75 6 930 104 210 158 99 96 0 50
7 9 1 1 100 0.75 6 931 110 217 166 104 96 0 55
7 9 1 1 100 0.75 6 932 114 223 176 109 97 1 61
7 9 1 1 100 0.75 6 933 122 229 175 112 98 2 65
7 9 1 1 100 0.75 6 934 129 235 183 119 99 3 67
7 9 1 1 100 0.75 6 935 133 241 189 125 100 4 69
7 9 1 1 100 0.75 6 936 138 246 195 127 102 6 68
7 9 1 1 100 0.75 6 937 145 249 194 128 106 10 68
7 9 1 1 100 0.75 6 938 153 249 189 128 113 17 65
7 9 1 1 100 0.75 6 939 157 253 196 133 116 20 67
7 9 1 1 100 0.75 6 940 169 253 185 130 123 27 63
7 9 1 1 100 0.75 6 941 179 256 186 138 127 31 64
7 9 1 1 100 0.75 6 942 186 260 187 145 130 34 65
7 9 1 1 100 0.75 6 943 190 263 189 148 133 38 65
7 9 1 1 100 0.75 6 944 196 268 198 150 135 40 69
7 9 1 1 100 0.75 6 945 203 274 195 155 136 41 75
7 9 1 1 100 0.75 6 946 210 278 201 159 139 44 77
7 9 1 1 100 0.75 6 947 220 279 199 160 145 50 80
7 9 1 1 100 0.75 6 948 229 283 204 167 148 53 88
7 9 1 1 100 0.75 6 949 235 281 203 167 156 62 81
7 9 1 1 100 0.75 6 950 247 286 200 171 158 64 84
7 9 1 1 100 0.75 6 951 255 291 204 182 160 66 89
7 9 1 1 100 0.75 6 952 262 294 199 186 164 70 88
7 9 1 1 100 0.75 6 953 272 300 201 192 165 71 94
7 9 1 1 100 0.75 6 954 283 297 198 192 175 81 87
7 9 1 1 100 0.75 6 955 289 303 203 202 176 82 92
7 9 1 1 100 0.75 6 956 294 306 205 204 180 86 94
7 9 1 1 100 0.75 6 957 302 311 208 208 182 88 98
7 9 1 1 100 0.75 6 958 313 315 218 214 184 91 106
7 9 1 1 100 0.75 6 959 320 322 223 225 184 91 111
7 9 1 1 100 0.75 6 960 325 318 217 222 195 102 105
7 9 1 1 100 0.75 6 961 335 321 217 223 199 106 108
7 9 1 1 100 0.75 6 962 346 319 209 224 208 115 106
7 9 1 1 100 0.75 6 963 348 317 208 228 217 124 103
7 9 1 1 100 0.75 6 964 355 320 208 229 220 128 104
7 9 1 1 100 0.75 6 965 362 317 205 226 230 138 101
7 9 1 1 100 0.75 6 966 372 317 206 226 237 145 101
7 9 1 1 100 0.75 6 967 381 321 204 234 239 148 102
7 9 1 1 100 0.75 6 968 386 324 215 240 242 152 104
7 9 1 1 100 0.75 6 969 399 326 213 241 246 157 109
7 9 1 1 100 0.75 6 970 405 327 210 249 252 163 109
7 9 1 1 100 0.75 6 971 410 328 212 251 258 169 108
7 9 1 1 100 0.75 6 972 421 330 207 252 263 174 107
7 9 1 1 100 0.75 6 973 428 335 214 261 265 176 110
7 9 1 1 100 0.75 6 974 434 332 218 259 275 186 108
7 9 1 1 100 0.75 6 975 444 329 197 258 285 196 101
7 9 1 1 100 0.75 6 976 449 327 193 261 294 205 98
7 9 1 1 100 0.75 6 977 456 331 193 264 297 208 103
7 9 1 1 100 0.75 6 978 463 332 199 266 303 214 103
7 9 1 1 100 0.75 6 979 467 333 181 270 309 220 105
7 9 1 1 100 0.75 6 980 475 337 199 275 312 223 109
7 9 1 1 100 0.75 6 981 482 335 184 276 321 232 105
7 9 1 1 100 0.75 6 982 489 338 206 279 325 236 111
7 9 1 1 100 0.75 6 983 492 341 199 283 329 240 115
7 9 1 1 100 0.75 6 984 497 343 208 282 334 245 116
7 9 1 1 100 0.75 6 985 504 342 208 281 342 253 111
7 9 1 1 100 0.75 6 986 511 343 207 282 347 259 115
7 9 1 1 100 0.75 6 987 518 343 199 284 354 266 112
7 9 1 1 100 0.75 6 988 525 343 196 285 361 273 112
7 9 1 1 100 0.75 6 989 529 345 188 287 365 278 109
7 9 1 1 100 0.75 6 990 533 345 194 285 372 285 104
7 9 1 1 100 0.75 6 991 538 347 193 286 376 290 100
7 9 1 1 100 0.75 6 992 545 347 189 285 383 297 98
7 9 1 1 100 0.75 6 993 551 353 201 294 384 298 102
7 9 1 1 100 0.75 6 994 555 351 190 294 393 307 98
7 9 1 1 100 0.75 6 995 558 348 196 291 403 317 95
7 9 1 1 100 0.75 6 996 560 352 189 292 406 320 96
7 9 1 1 100 0.75 6 997 569 352 181 290 413 327 94
7 9 1 1 100 0.75 6 998 575 353 182 295 419 333 91
7 9 1 1 100 0.75 6 999 578 351 182 293 428 342 87
7 9 1 1 100 0.75 6 1000 584 350 172 291 436 350 85
7 9 1 1 100 0.75 6 1001 589 349 177 291 444 358 84
7 9 1 1 100 0.75 6 1002 596 349 169 292 451 365 79
7 9 1 1 100 0.75 6 1003 602 348 171 293 459 373 72
7 9 1 1 100 0.75 6 1004 607 351 162 296 463 377 76
7 9 1 1 100 0.75 6 1005 611 352 152 300 469 383 76
7 9 1 1 100 0.75 6 1006 611 355 173 301 473 387 78
7 9 1 1 100 0.75 6 1007 620 359 170 301 476 390 80
7 9 1 1 100 0.75 6 1008 621 363 174 310 479 393 83
7 9 1 1 100 0.75 6 1009 625 367 177 312 482 396 85
7 9 1 1 100 0.75 6 1010 630 369 161 312 487 401 91
7 9 1 1 100 0.75 6 1011 631 372 157 317 491 405 88
7 9 1 1 100 0.75 6 1012 638 376 176 317 494 408 89
7 9 1 1 100 0.75 6 1013 643 377 171 319 500 414 87
7 9 1 1 100 0.75 6 1014 650 380 181 323 504 418 87
7 9 1 1 100 0.75 6 1015 654 383 185 329 507 422 89
7 9 1 1 100 0.75 6 1016 657 384 173 330 512 428 88
7 9 1 1 100 0.75 6 1017 658 389 188 335 513 430 89
7 9 1 1 100 0.75 6 1018 664 394 178 339 515 432 91
7 9 1 1 100 0.75 6 1019 665 390 178 338 526 443 82
7 9 1 1 100 0.75 6 1020 667 393 186 338 530 447 84
7 9 1 1 100 0.75 6 1021 670 396 184 340 533 451 87
7 9 1 1 100 0.75 6 1022 676 399 178 342 537 455 89
7 9 1 1 100 0.75 6 1023 681 404 183 350 539 457 94
7 9 1 1 100 0.75 6 1024 684 404 184 350 546 464 92
7 9 1 1 100 0.75 6 1025 686 404 191 351 553 471 92
7 9 1 1 100 0.75 6 1026 689 406 178 351 558 476 93
7 9 1 1 100 0.75 6 1027 690 407 183 355 562 482 89
7 9 1 1 100 0.75 6 1028 694 409 179 352 566 487 88
7 9 1 1 100 0.75 6 1029 697 408 173 354 574 495 86
7 9 1 1 100 0.75 6 1030 701 412 184 357 577 498 89
7 9 1 1 100 0.75 6 1031 708 414 180 359 582 503 93
7 9 1 1 100 0.75 6 1032 711 415 192 361 588 509 92
7 9 1 1 100 0.75 6 1033 714 418 179 363 592 513 94
7 9 1 1 100 0.75 6 1034 716 421 193 366 596 517 96
7 9 1 1 100 0.75 6 1035 718 426 175 372 598 519 97
7 9 1 1 100 0.75 6 1036 720 430 191 376 601 522 97
7 9 1 1 100 0.75 6 1037 726 427 177 369 610 532 95
7 9 1 1 100 0.75 6 1038 731 428 190 372 616 538 96
7 9 1 1 100 0.75 6 1039 734 431 184 376 620 542 94
7 9 1 1 100 0.75 6 1040 741 430 180 374 628 550 94
7 9 1 1 100 0.75 6 1041 742 431 177 379 634 556 92
7 9 1 1 100 0.75 6 1042 745 432 174 378 640 562 90
7 9 1 1 100 0.75 6 1043 747 437 183 382 641 564 92
7 9 1 1 100 0.75 6 1044 753 441 177 384 644 567 94
7 9 1 1 100 0.75 6 1045 759 446 175 391 646 569 99
7 9 1 1 100 0.75 6 1046 763 446 172 393 653 576 99
7 9 1 1 100 0.75 6 1047 767 447 177 393 659 582 97
7 9 1 1 100 0.75 6 1048 770 448 176 395 665 588 99
7 9 1 1 100 0.75 6 1049 770 447 171 393 673 596 93
7 9 1 1 100 0.75 6 1050 773 447 176 391 680 603 90
7 9 1 1 100 0.75 6 1050 773 447 447 391 770 603 90
7 9 1 1 100 0.75 6 1080 773 447 447 391 96 603 90
7 9 1 1 100 0.75 7 1081 0 7 7 0 96 0 0
7 9 1 1 100 0.75 7 1082 0 14 14 0 96 0 0
7 9 1 1 100 0.75 7 1083 0 21 21 0 96 0 0
7 9 1 1 100 0.75 7 1084 0 28 28 0 96 0 0
7 9 1 1 100 0.75 7 1085 0 35 35 0 96 0 0
7 9 1 1 100 0.75 7 1086 0 42 39 0 96 0 0
7 9 1 1 100 0.75 7 1087 0 49 49 0 96 0 0
7 9 1 1 100 0.75 7 1088 0 56 55 0 96 0 0
7 9 1 1 100 0.75 7 1089 4 63 57 0 96 0 0
7 9 1 1 100 0.75 7 1090 8 70 58 4 96 0 0
7 9 1 1 100 0.75 7 1091 10 77 65 8 96 0 0
7 9 1 1 100 0.75 7 1092 15 84 68 10 96 0 0
7 9 1 1 100 0.75 7 1093 19 91 70 15 96 0 0
7 9 1 1 100 0.75 7 1094 21 98 76 19 96 0 0
7 9 1 1 100 0.75 7 1095 28 105 75 21 96 0 0
7 9 1 1 100 0.75 7 1096 35 112 76 28 96 0 1
7 9 1 1 100 0.75 7 1097 40 119 81 35 96 0 4
7 9 1 1 100 0.75 7 1098 44 126 87 40 96 0 7
7 9 1 1 100 0.75 7 1099 50 133 94 44 96 0 12
7 9 1 1 100 0.75 7 1100 56 140 96 50 96 0 14
7 9 1 1 100 0.75 7 1101 57 147 103 56 96 0 17
7 9 1 1 100 0.75 7 1102 59 154 112 57 96 0 19
7 9 1 1 100 0.75 7 1103 64 161 121 59 96 0 25
7 9 1 1 100 0.75 7 1104 70 168 124 64 96 0 29
7 9 1 1 100 0.75 7 1105 75 175 131 70 95 0 34
7 9 1 1 100 0.75 7 1106 80 182 142 75 95 0 39
7 9 1 1 100 0.75 7 1107 87 189 145 80 95 0 43
7 9 1 1 100 0.75 7 1108 95 196 146 87 95 0 46
7 9 1 1 100 0.75 7 1109 102 203 149 95 95 0 46
7 9 1 1 100 0.75 7 1110 106 210 156 102 95 0 50
7 9 1 1 100 0.75 7 1111 111 217 161 106 95 0 54
7 9 1 1 100 0.75 7 1112 118 223 166 110 96 1 57
7 9 1 1 100 0.75 7 1113 122 228 175 115 98 3 59
7 9 1 1 100 0.75 7 1114 130 230 175 114 103 8 60
7 9 1 1 100 0.75 7 1115 140 237 176 122 103 8 64
7 9 1 1 100 0.75 7 1116 143 241 185 129 106 11 69
7 9 1 1 100 0.75 7 1117 150 248 189 132 106 11 72
7 9 1 1 100 0.75 7 1118 151 254 197 138 107 12 73
7 9 1 1 100 0.75 7 1119 166 255 189 133 113 18 72
7 9 1 1 100 0.75 7 1120 168 258 190 144 117 22 72
7 9 1 1 100 0.75 7 1121 170 259 199 140 123 28 72
7 9 1 1 100 0.75 7 1122 182 261 196 137 128 33 75
7 9 1 1 100 0.75 7 1123 187 264 198 145 132 37 74
7 9 1 1 100 0.75 7 1124 197 269 191 148 134 39 77
7 9 1 1 100 0.75 7 1125 202 273 200 155 137 42 77
7 9 1 1 100 0.75 7 1126 211 276 200 156 141 46 78
7 9 1 1 100 0.75 7 1127 214 279 200 161 145 50 79
7 9 1 1 100 0.75 7 1128 222 285 200 163 146 51 80
7 9 1 1 100 0.75 7 1129 231 292 206 171 146 51 87
7 9 1 1 100 0.75 7 1130 241 295 207 176 150 55 87
7 9 1 1 100 0.75 7 1131 251 294 198 178 158 63 84
7 9 1 1 100 0.75 7 1132 255 294 209 181 165 70 83
7 9 1 1 100 0.75 7 1133 268 297 201 181 169 74 85
7 9 1 1 100 0.75 7 1134 278 300 207 190 173 78 84
7 9 1 1 100 0.75 7 1135 280 303 207 197 177 82 86
7 9 1 1 100 0.75 7 1136 289 303 205 192 184 89 83
7 9 1 1 100 0.75 7 1137 300 306 208 198 188 93 85
7 9 1 1 100 0.75 7 1138 308 306 197 203 195 100 83
7 9 1 1 100 0.75 7 1139 313 308 203 207 200 105 83
7 9 1 1 100 0.75 7 1140 322 311 204 208 204 109 85
7 9 1 1 100 0.75 7 1141 330 313 212 214 209 114 92
7 9 1 1 100 0.75 7 1142 335 313 203 217 216 121 89
7 9 1 1 100 0.75 7 1143 345 316 210 218 220 125 87
7 9 1 1 100 0.75 7 1144 350 321 212 227 222 127 95
7 9 1 1 100 0.75 7 1145 361 324 210 229 226 131 101
7 9 1 1 100 0.75 7 1146 371 328 213 238 229 134 103
7 9 1 1 100 0.75 7 1147 377 329 210 244 235 140 101
7 9 1 1 100 0.75 7 1148 386 328 205 242 243 148 98
7 9 1 1 100 0.75 7 1149 392 332 202 249 246 151 100
7 9 1 1 100 0.75 7 1150 396 335 208 251 250 155 99
7 9 1 1 100 0.75 7 1151 404 336 207 251 255 161 101
7 9 1 1 100 0.75 7 1152 411 340 204 257 258 164 104
7 9 1 1 100 0.75 7 1153 419 340 207 262 265 171 105
7 9 1 1 100 0.75 7 1154 425 343 211 268 269 175 107
7 9 1 1 100 0.75 7 1155 432 342 210 267 277 183 102
7 9 1 1 100 0.75 7 1156 439 341 206 266 285 191 99
7 9 1 1 100 0.75 7 1157 444 347 206 274 286 192 104
7 9 1 1 100 0.75 7 1158 448 351 208 277 289 195 105
7 9 1 1 100 0.75 7 1159 451 354 215 277 293 199 110
7 9 1 1 100 0.75 7 1160 460 348 206 270 306 212 105
7 9 1 1 100 0.75 7 1161 466 344 207 270 317 223 105
7 9 1 1 100 0.75 7 1162 477 348 191 273 320 226 107
7 9 1 1 100 0.75 7 1163 487 350 203 283 325 231 107
7 9 1 1 100 0.75 7 1164 490 349 187 285 333 239 105
7 9 1 1 100 0.75 7 1165 496 351 198 286 338 244 102
7 9 1 1 100 0.75 7 1166 502 352 186 287 344 250 98
7 9 1 1 100 0.75 7 1167 504 356 196 291 347 253 104
7 9 1 1 100 0.75 7 1168 517 357 192 289 353 259 106
7 9 1 1 100 0.75 7 1169 520 353 189 292 364 270 102
7 9 1 1 100 0.75 7 1170 526 357 189 295 366 273 107
7 9 1 1 100 0.75 7 1171 528 359 190 300 370 278 109
7 9 1 1 100 0.75 7 1172 539 360 191 297 376 284 106
7 9 1 1 100 0.75 7 1173 543 364 189 307 379 287 106
7 9 1 1 100 0.75 7 1174 548 361 192 301 389 297 103
7 9 1 1 100 0.75 7 1175 552 366 193 307 391 299 109
7 9 1 1 100 0.75 7 1176 556 366 192 306 398 306 111
7 9 1 1 100 0.75 7 1177 561 363 190 305 408 316 106
7 9 1 1 100 0.75 7 1178 564 365 194 308 413 321 110
7 9 1 1 100 0.75 7 1179 570 367 191 306 418 326 113
7 9 1 1 100 0.75 7 1180 577 369 192 312 423 331 115
7 9 1 1 100 0.75 7 1181 581 364 174 310 435 343 105
7 9 1 1 100 0.75 7 1182 589 368 190 312 438 346 107
7 9 1 1 100 0.75 7 1183 593 371 188 319 442 350 110
7 9 1 1 100 0.75 7 1184 598 375 197 321 445 353 113
7 9 1 1 100 0.75 7 1185 602 373 186 320 454 362 107
7 9 1 1 100 0.75 7 1186 605 375 182 320 459 367 105
7 9 1 1 100 0.75 7 1187 610 377 187 322 464 372 109
7 9 1 1 100 0.75 7 1188 616 375 180 319 473 381 108
7 9 1 1 100 0.75 7 1189 620 374 177 320 481 389 104
7 9 1 1 100 0.75 7 1190 625 373 180 318 489 397 101
7 9 1 1 100 0.75 7 1191 628 376 184 321 493 401 103
7 9 1 1 100 0.75 7 1192 632 377 188 319 498 407 102
7 9 1 1 100 0.75 7 1193 640 380 196 323 502 411 101
7 9 1 1 100 0.75 7 1194 643 381 179 328 508 417 99
7 9 1 1 100 0.75 7 1195 647 378 180 323 517 427 98
7 9 1 1 100 0.75 7 1196 653 379 171 321 523 433 97
7 9 1 1 100 0.75 7 1197 656 380 178 326 529 439 92
7 9 1 1 100 0.75 7 1198 660 380 165 327 536 446 91
7 9 1 1 100 0.75 7 1199 662 378 169 325 545 455 88
7 9 1 1 100 0.75 7 1200 664 380 174 323 550 460 87
7 9 1 1 100 0.75 7 1201 669 384 181 327 552 463 90
7 9 1 1 100 0.75 7 1202 675 385 173 329 558 469 87
7 9 1 1 100 0.75 7 1203 677 389 187 335 561 472 88
7 9 1 1 100 0.75 7 1204 681 389 165 334 568 479 88
7 9 1 1 100 0.75 7 1205 683 390 165 337 574 485 89
7 9 1 1 100 0.75 7 1206 688 395 176 341 576 487 92
7 9 1 1 100 0.75 7 1207 692 393 169 338 585 496 87
7 9 1 1 100 0.75 7 1208 695 394 172 339 591 502 88
7 9 1 1 100 0.75 7 1209 698 397 172 342 595 506 90
7 9 1 1 100 0.75 7 1210 705 399 174 341 599 511 91
7 9 1 1 100 0.75 7 1211 708 400 165 346 605 517 89
7 9 1 1 100 0.75 7 1212 709 405 165 353 607 519 95
7 9 1 1 100 0.75 7 1213 710 405 183 350 614 526 93
7 9 1 1 100 0.75 7 1214 716 408 180 354 618 530 96
7 9 1 1 100 0.75 7 1215 716 412 179 358 621 533 100
7 9 1 1 100 0.75 7 1216 719 415 176 358 623 537 98
7 9 1 1 100 0.75 7 1217 723 417 170 363 628 542 100
7 9 1 1 100 0.75 7 1218 727 420 163 365 631 546 104
7 9 1 1 100 0.75 7 1219 728 419 169 364 638 554 98
7 9 1 1 100 0.75 7 1220 733 421 181 368 643 559 98
7 9 1 1 100 0.75 7 1221 737 425 164 373 646 562 99
7 9 1 1 100 0.75 7 1222 741 428 177 376 650 566 100
7 9 1 1 100 0.75 7 1223 746 423 171 370 662 578 94
7 9 1 1 100 0.75 7 1224 748 424 164 372 668 584 94
7 9 1 1 100 0.75 7 1225 752 424 164 372 675 591 91
7 9 1 1 100 0.75 7 1226 757 428 177 375 678 594 92
7 9 1 1 100 0.75 7 1227 758 431 163 376 681 598 93
7 9 1 1 100 0.75 7 1228 762 437 173 385 682 599 98
7 9 1 1 100 0.75 7 1229 764 438 180 386 688 605 97
7 9 1 1 100 0.75 7 1230 765 434 172 381 698 616 91
7 9 1 1 100 0.75 7 1230 765 434 434 381 789 616 91
7 9 1 1 100 0.75 7 1260 765 434 434 381 97 616 91
7 9 1 1 100 0.75 8 1261 0 7 7 0 97 0 0
7 9 1 1 100 0.75 8 1262 0 14 14 0 97 0 0
7 9 1 1 100 0.75 8 1263 0 21 21 0 97 0 0
7 9 1 1 100 0.75 8 1264 0 28 28 0 97 0 0
7 9 1 1 100 0.75 8 1265 0 35 35 0 97 0 0
7 9 1 1 100 0.75 8 1266 0 42 42 0 97 0 0
7 9 1 1 100 0.75 8 1267 0 49 47 0 97 0 0
7 9 1 1 100 0.75 8 1268 2 56 52 0 97 0 0
7 9 1 1 100 0.75 8 1269 2 63 61 2 97 0 0
7 9 1 1 100 0.75 8 1270 4 70 65 2 97 0 0
7 9 1 1 100 0.75 8 1271 9 77 66 4 97 0 0
7 9 1 1 100 0.75 8 1272 12 84 71 9 97 0 0
7 9 1 1 100 0.75 8 1273 19 91 70 12 97 0 0
7 9 1 1 100 0.75 8 1274 25 98 68 19 97 0 0
7 9 1 1 100 0.75 8 1275 28 105 73 25 97 0 1
7 9 1 1 100 0.75 8 1276 30 112 80 28 97 0 2
7 9 1 1 100 0.75 8 1277 36 119 84 30 97 0 3
7 9 1 1 100 0.75 8 1278 42 126 88 36 97 0 5
7 9 1 1 100 0.75 8 1279 44 133 94 42 97 0 8
7 9 1 1 100 0.75 8 1280 50 140 103 44 97 0 13
7 9 1 1 100 0.75 8 1281 57 147 107 50 97 0 15
7 9 1 1 100 0.75 8 1282 61 154 115 57 97 0 18
7 9 1 1 100 0.75 8 1283 66 161 121 61 97 0 22
7 9 1 1 100 0.75 8 1284 69 168 124 66 97 0 24
7 9 1 1 100 0.75 8 1285 78 175 132 69 97 0 29
7 9 1 1 100 0.75 8 1286 85 182 131 78 97 0 33
7 9 1 1 100 0.75 8 1287 90 189 141 85 97 0 35
7 9 1 1 100 0.75 8 1288 98 196 143 90 97 0 38
7 9 1 1 100 0.75 8 1289 104 203 152 98 97 0 42
7 9 1 1 100 0.75 8 1290 109 210 157 104 97 0 47
7 9 1 1 100 0.75 8 1291 114 217 163 109 97 0 48
7 9 1 1 100 0.75 8 1292 117 223 172 113 98 1 53
7 9 1 1 100 0.75 8 1293 127 230 174 116 98 1 59
7 9 1 1 100 0.75 8 1294 133 235 179 124 100 3 61
7 9 1 1 100 0.75 8 1295 136 237 182 125 104 8 60
7 9 1 1 100 0.75 8 1296 145 242 184 126 105 10 61
7 9 1 1 100 0.75 8 1297 150 247 189 133 107 12 65
7 9 1 1 100 0.75 8 1298 159 253 188 137 108 13 67
7 9 1 1 100 0.75 8 1299 170 259 189 145 109 14 69
7 9 1 1 100 0.75 8 1300 176 260 191 150 115 20 67
7 9 1 1 100 0.75 8 1301 189 261 184 150 121 26 66
7 9 1 1 100 0.75 8 1302 196 264 186 159 125 30 64
7 9 1 1 100 0.75 8 1303 202 268 190 163 128 33 68
7 9 1 1 100 0.75 8 1304 207 273 191 167 130 35 69
7 9 1 1 100 0.75 8 1305 213 278 198 170 132 37 72
7 9 1 1 100 0.75 8 1306 219 282 199 173 135 40 75
7 9 1 1 100 0.75 8 1307 227 285 201 175 139 44 78
7 9 1 1 100 0.75 8 1308 235 290 213 182 141 46 84
7 9 1 1 100 0.75 8 1309 245 294 207 188 144 49 89
7 9 1 1 100 0.75 8 1310 256 293 209 190 152 57 86
7 9 1 1 100 0.75 8 1311 260 297 210 198 155 60 87
7 9 1 1 100 0.75 8 1312 269 299 209 197 160 65 84
7 9 1 1 100 0.75 8 1313 279 301 197 202 165 70 83
7 9 1 1 100 0.75 8 1314 288 303 199 208 170 75 86
7 9 1 1 100 0.75 8 1315 297 307 206 214 173 78 90
7 9 1 1 100 0.75 8 1316 306 310 213 219 177 82 92
7 9 1 1 100 0.75 8 1317 316 314 219 225 180 85 100
7 9 1 1 100 0.75 8 1318 319 316 208 230 185 90 99
7 9 1 1 100 0.75 8 1319 325 319 212 230 189 94 99
7 9 1 1 100 0.75 8 1320 331 322 221 232 193 98 103
7 9 1 1 100 0.75 8 1321 337 326 222 236 196 101 108
7 9 1 1 100 0.75 8 1322 347 327 220 237 202 107 108
7 9 1 1 100 0.75 8 1323 358 325 213 240 211 116 107
7 9 1 1 100 0.75 8 1324 366 328 213 247 215 120 112
7 9 1 1 100 0.75 8 1325 373 330 214 251 220 125 113
7 9 1 1 100 0.75 8 1326 378 326 200 247 231 136 106
7 9 1 1 100 0.75 8 1327 384 329 223 249 235 140 109
7 9 1 1 100 0.75 8 1328 392 332 208 251 239 144 110
7 9 1 1 100 0.75 8 1329 398 337 213 260 241 146 114
7 9 1 1 100 0.75 8 1330 402 336 206 260 249 154 113
7 9 1 1 100 0.75 8 1331 406 339 218 262 253 158 119
7 9 1 1 100 0.75 8 1332 417 340 209 262 259 164 117
7 9 1 1 100 0.75 8 1333 418 341 212 267 265 170 119
7 9 1 1 100 0.75 8 1334 430 343 213 263 269 175 121
7 9 1 1 100 0.75 8 1335 438 344 207 272 275 181 123
7 9 1 1 100 0.75 8 1336 445 347 216 277 279 185 125
7 9 1 1 100 0.75 8 1337 453 342 206 274 291 197 119
7 9 1 1 100 0.75 8 1338 461 338 199 271 302 208 112
7 9 1 1 100 0.75 8 1339 468 339 191 276 308 214 112
7 9 1 1 100 0.75 8 1340 474 337 194 274 317 223 110
7 9 1 1 100 0.75 8 1341 476 340 189 279 321 227 113
7 9 1 1 100 0.75 8 1342 483 341 191 275 326 233 113
7 9 1 1 100 0.75 8 1343 489 344 188 282 330 237 116
7 9 1 1 100 0.75 8 1344 496 339 184 278 342 249 112
7 9 1 1 100 0.75 8 1345 504 343 196 284 345 252 117
7 9 1 1 100 0.75 8 1346 513 345 201 287 350 257 117
7 9 1 1 100 0.75 8 1347 519 345 185 289 356 264 117
7 9 1 1 100 0.75 8 1348 521 342 190 285 366 274 113
7 9 1 1 100 0.75 8 1349 526 346 190 287 369 277 114
7 9 1 1 100 0.75 8 1350 531 344 197 286 377 286 109
7 9 1 1 100 0.75 8 1351 540 345 186 285 382 292 111
7 9 1 1 100 0.75 8 1352 546 340 177 283 394 304 107
7 9 1 1 100 0.75 8 1353 552 344 168 287 396 307 110
7 9 1 1 100 0.75 8 1354 556 344 182 289 403 314 110
7 9 1 1 100 0.75 8 1355 560 345 182 287 409 320 108
7 9 1 1 100 0.75 8 1356 565 347 182 292 414 325 110
7 9 1 1 100 0.75 8 1357 568 348 181 292 420 331 112
7 9 1 1 100 0.75 8 1358 573 352 180 292 423 334 110
7 9 1 1 100 0.75 8 1359 580 351 188 290 431 342 111
7 9 1 1 100 0.75 8 1360 587 351 188 294 437 349 112
7 9 1 1 100 0.75 8 1361 589 350 170 295 445 357 107
7 9 1 1 100 0.75 8 1362 591 353 177 297 449 361 108
7 9 1 1 100 0.75 8 1363 596 352 173 294 457 369 105
7 9 1 1 100 0.75 8 1364 602 350 169 294 466 378 98
7 9 1 1 100 0.75 8 1365 606 352 168 298 470 383 95
7 9 1 1 100 0.75 8 1366 611 351 165 295 478 391 96
7 9 1 1 100 0.75 8 1367 613 353 167 299 483 396 103
7 9 1 1 100 0.75 8 1368 620 350 163 295 493 406 95
7 9 1 1 100 0.75 8 1369 623 354 171 301 496 409 95
7 9 1 1 100 0.75 8 1370 631 356 176 299 501 414 96
7 9 1 1 100 0.75 8 1371 632 361 168 306 503 416 97
7 9 1 1 100 0.75 8 1372 638 363 171 304 508 421 98
7 9 1 1 100 0.75 8 1373 644 364 168 308 514 427 98
7 9 1 1 100 0.75 8 1374 649 366 176 310 518 432 101
7 9 1 1 100 0.75 8 1375 653 365 181 309 525 440 99
7 9 1 1 100 0.75 8 1376 658 366 164 312 531 446 98
7 9 1 1 100 0.75 8 1377 662 362 162 307 542 457 91
7 9 1 1 100 0.75 8 1378 664 360 163 303 551 466 86
7 9 1 1 100 0.75 8 1379 666 362 170 305 556 471 85
7 9 1 1 100 0.75 8 1380 671 367 158 310 558 473 89
7 9 1 1 100 0.75 8 1381 675 368 170 314 564 479 86
7 9 1 1 100 0.75 8 1382 677 371 151 317 566 483 86
7 9 1 1 100 0.75 8 1383 680 374 167 320 569 487 86
7 9 1 1 100 0.75 8 1384 682 375 160 321 575 493 85
7 9 1 1 100 0.75 8 1385 684 380 170 327 577 495 87
7 9 1 1 100 0.75 8 1386 688 383 162 327 581 499 88
7 9 1 1 100 0.75 8 1387 692 384 161 327 587 505 90
7 9 1 1 100 0.75 8 1388 698 383 158 328 595 513 84
7 9 1 1 100 0.75 8 1389 699 385 160 334 600 518 84
7 9 1 1 100 0.75 8 1390 705 386 157 329 606 524 85
7 9 1 1 100 0.75 8 1391 709 390 163 336 609 527 86
7 9 1 1 100 0.75 8 1392 712 392 165 338 614 532 86
7 9 1 1 100 0.75 8 1393 717 394 164 340 619 537 82
7 9 1 1 100 0.75 8 1394 720 397 161 346 621 541 83
7 9 1 1 100 0.75 8 1395 722 395 154 342 630 550 82
7 9 1 1 100 0.75 8 1396 725 397 161 344 635 555 80
7 9 1 1 100 0.75 8 1397 728 398 148 344 641 561 79
7 9 1 1 100 0.75 8 1398 731 402 149 349 644 564 85
7 9 1 1 100 0.75 8 1399 736 406 162 351 647 567 88
7 9 1 1 100 0.75 8 1400 738 409 164 355 651 571 89
7 9 1 1 100 0.75 8 1401 739 412 172 358 655 575 87
7 9 1 1 100 0.75 8 1402 742 414 160 359 660 580 88
7 9 1 1 100 0.75 8 1403 745 417 164 363 664 584 89
7 9 1 1 100 0.75 8 1404 751 421 160 365 667 587 88
7 9 1 1 100 0.75 8 1405 753 421 165 368 673 594 89
7 9 1 1 100 0.75 8 1406 758 422 161 369 679 600 88
7 9 1 1 100 0.75 8 1407 762 424 163 373 684 605 88
7 9 1 1 100 0.75 8 1408 765 428 159 378 687 608 90
7 9 1 1 100 0.75 8 1409 768 429 168 377 693 614 88
7 9 1 1 100 0.75 8 1410 769 432 163 380 696 618 90
7 9 1 1 100 0.75 8 1410 769 432 432 380 784 618 90
7 9 1 1 100 0.75 8 1440 769 432 432 380 97 618 90
7 9 1 1 100 0.75 9 1441 0 7 7 0 97 0 0
7 9 1 1 100 0.75 9 1442 0 14 14 0 97 0 0
7 9 1 1 100 0.75 9 1443 0 21 21 0 97 0 0
7 9 1 1 100 0.75 9 1444 0 28 28 0 97 0 0
7 9 1 1 100 0.75 9 1445 0 35 35 0 97 0 0
7 9 1 1 100 0.75 9 1446 0 42 41 0 97 0 0
7 9 1 1 100 0.75 9 1447 0 49 47 0 97 0 0
7 9 1 1 100 0.75 9 1448 1 56 53 0 97 0 0
7 9 1 1 100 0.75 9 1449 5 63 54 1 97 0 0
7 9 1 1 100 0.75 9 1450 7 70 60 5 97 0 0
7 9 1 1 100 0.75 9 1451 9 77 66 7 97 0 0
7 9 1 1 100 0.75 9 1452 12 84 72 9 97 0 0
7 9 1 1 100 0.75 9 1453 19 91 69 12 97 0 0
7 9 1 1 100 0.75 9 1454 24 98 72 19 97 0 0
7 9 1 1 100 0.75 9 1455 28 105 75 24 97 0 0
7 9 1 1 100 0.75 9 1456 38 112 73 28 97 0 0
7 9 1 1 100 0.75 9 1457 41 119 82 38 97 0 1
7 9 1 1 100 0.75 9 1458 45 126 85 41 97 0 1
7 9 1 1 100 0.75 9 1459 47 133 93 45 97 0 3
7 9 1 1 100 0.75 9 1460 49 140 100 47 97 0 8
7 9 1 1 100 0.75 9 1461 56 147 108 49 97 0 13
7 9 1 1 100 0.75 9 1462 62 154 111 56 97 0 14
7 9 1 1 100 0.75 9 1463 67 161 120 62 97 0 19
7 9 1 1 100 0.75 9 1464 74 168 123 67 97 0 24
7 9 1 1 100 0.75 9 1465 82 175 130 74 97 0 28
7 9 1 1 100 0.75 9 1466 86 182 131 82 97 0 29
7 9 1 1 100 0.75 9 1467 89 189 138 86 97 0 31
7 9 1 1 100 0.75 9 1468 92 196 144 89 97 0 34
7 9 1 1 100 0.75 9 1469 96 203 159 92 97 0 40
7 9 1 1 100 0.75 9 1470 103 210 161 96 97 0 44
7 9 1 1 100 0.75 9 1471 110 217 165 103 97 0 48
7 9 1 1 100 0.75 9 1472 116 224 175 110 97 0 54
7 9 1 1 100 0.75 9 1473 121 231 179 116 97 0 59
7 9 1 1 100 0.75 9 1474 127 238 188 121 97 0 63
7 9 1 1 100 0.75 9 1475 135 243 187 125 99 2 64
7 9 1 1 100 0.75 9 1476 138 246 190 129 103 6 62
7 9 1 1 100 0.75 9 1477 141 253 191 132 103 6 64
7 9 1 1 100 0.75 9 1478 147 258 203 133 105 8 69
7 9 1 1 100 0.75 9 1479 152 260 200 134 110 13 68
7 9 1 1 100 0.75 9 1480 158 264 202 136 113 16 68
7 9 1 1 100 0.75 9 1481 169 265 198 136 119 22 65
7 9 1 1 100 0.75 9 1482 175 269 202 144 122 25 64
7 9 1 1 100 0.75 9 1483 187 272 202 146 126 29 65
7 9 1 1 100 0.75 9 1484 194 277 199 156 128 31 66
7 9 1 1 100 0.75 9 1485 203 282 202 161 130 33 66
7 9 1 1 100 0.75 9 1486 210 287 202 168 132 35 70
7 9 1 1 100 0.75 9 1487 220 289 200 170 137 40 69
7 9 1 1 100 0.75 9 1488 225 289 203 173 144 47 70
7 9 1 1 100 0.75 9 1489 232 293 206 175 147 50 72
7 9 1 1 100 0.75 9 1490 243 294 211 176 153 56 73
7 9 1 1 100 0.75 9 1491 253 295 202 181 159 62 71
7 9 1 1 100 0.75 9 1492 265 301 209 190 160 63 79
7 9 1 1 100 0.75 9 1493 268 306 215 200 162 65 85
7 9 1 1 100 0.75 9 1494 276 309 217 199 166 69 87
7 9 1 1 100 0.75 9 1495 280 311 220 203 170 74 85
7 9 1 1 100 0.75 9 1496 287 315 209 205 173 77 84
7 9 1 1 100 0.75 9 1497 297 319 217 210 176 80 86
7 9 1 1 100 0.75 9 1498 304 323 224 218 179 83 96
7 9 1 1 100 0.75 9 1499 314 324 220 220 185 89 100
7 9 1 1 100 0.75 9 1500 325 329 216 230 187 91 102
7 9 1 1 100 0.75 9 1501 333 332 224 238 191 95 104
7 9 1 1 100 0.75 9 1502 339 336 227 245 194 98 105
7 9 1 1 100 0.75 9 1503 345 339 225 247 198 102 103
7 9 1 1 100 0.75 9 1504 355 343 230 251 201 105 108
7 9 1 1 100 0.75 9 1505 359 343 235 254 208 112 107
7 9 1 1 100 0.75 9 1506 368 346 229 254 212 116 112
7 9 1 1 100 0.75 9 1507 376 345 231 256 220 124 112
7 9 1 1 100 0.75 9 1508 385 346 223 258 226 130 119
7 9 1 1 100 0.75 9 1509 390 345 228 259 234 138 115
7 9 1 1 100 0.75 9 1510 398 347 215 260 239 143 114
7 9 1 1 100 0.75 9 1511 406 345 224 259 248 152 112
7 9 1 1 100 0.75 9 1512 413 349 220 264 251 155 113
7 9 1 1 100 0.75 9 1513 422 352 219 267 255 159 113
7 9 1 1 100 0.75 9 1514 431 351 209 270 263 167 115
7 9 1 1 100 0.75 9 1515 437 350 221 271 271 175 114
7 9 1 1 100 0.75 9 1516 449 352 218 273 276 180 116
7 9 1 1 100 0.75 9 1517 458 351 211 277 284 188 114
7 9 1 1 100 0.75 9 1518 460 351 215 279 290 195 113
7 9 1 1 100 0.75 9 1519 466 353 212 276 295 200 113
7 9 1 1 100 0.75 9 1520 474 356 213 280 299 204 118
7 9 1 1 100 0.75 9 1521 482 357 211 283 305 210 118
7 9 1 1 100 0.75 9 1522 486 356 212 286 313 218 119
7 9 1 1 100 0.75 9 1523 494 354 196 283 322 227 116
7 9 1 1 100 0.75 9 1524 499 355 216 288 328 233 118
7 9 1 1 100 0.75 9 1525 508 357 206 288 333 238 116
7 9 1 1 100 0.75 9 1526 519 355 203 289 342 247 109
7 9 1 1 100 0.75 9 1527 525 354 196 292 350 255 108
7 9 1 1 100 0.75 9 1528 529 355 196 293 356 261 110
7 9 1 1 100 0.75 9 1529 536 355 193 293 363 268 108
7 9 1 1 100 0.75 9 1530 541 356 187 296 369 274 106
7 9 1 1 100 0.75 9 1531 547 359 208 298 373 278 112
7 9 1 1 100 0.75 9 1532 552 359 200 299 380 285 111
7 9 1 1 100 0.75 9 1533 558 361 204 302 385 290 112
7 9 1 1 100 0.75 9 1534 566 359 189 299 394 299 111
7 9 1 1 100 0.75 9 1535 571 360 190 302 400 305 107
7 9 1 1 100 0.75 9 1536 577 361 181 301 406 311 106
7 9 1 1 100 0.75 9 1537 583 362 199 304 412 317 103
7 9 1 1 100 0.75 9 1538 586 358 187 302 423 328 99
7 9 1 1 100 0.75 9 1539 593 359 192 300 428 334 98
7 9 1 1 100 0.75 9 1540 599 362 180 304 431 338 97
7 9 1 1 100 0.75 9 1541 603 364 184 307 435 343 103
7 9 1 1 100 0.75 9 1542 607 368 177 312 438 346 104
7 9 1 1 100 0.75 9 1543 611 367 173 313 445 354 99
7 9 1 1 100 0.75 9 1544 612 363 158 309 456 365 95
7 9 1 1 100 0.75 9 1545 619 366 174 308 459 369 97
7 9 1 1 100 0.75 9 1546 622 370 182 315 461 372 99
7 9 1 1 100 0.75 9 1547 628 371 175 316 467 378 99
7 9 1 1 100 0.75 9 1548 633 368 164 314 477 388 96
7 9 1 1 100 0.75 9 1549 635 367 176 315 483 396 94
7 9 1 1 100 0.75 9 1550 638 367 183 313 490 403 93
7 9 1 1 100 0.75 9 1551 646 369 178 314 495 408 94
7 9 1 1 100 0.75 9 1552 649 371 170 319 500 413 93
7 9 1 1 100 0.75 9 1553 652 376 174 322 502 415 97
7 9 1 1 100 0.75 9 1554 656 380 182 324 505 418 100
7 9 1 1 100 0.75 9 1555 661 383 170 328 509 422 103
7 9 1 1 100 0.75 9 1556 665 384 179 330 515 428 102
7 9 1 1 100 0.75 9 1557 667 386 183 333 519 433 101
7 9 1 1 100 0.75 9 1558 670 388 167 334 524 438 100
7 9 1 1 100 0.75 9 1559 674 388 170 334 531 445 100
7 9 1 1 100 0.75 9 1560 678 391 176 337 535 449 99
7 9 1 1 100 0.75 9 1561 681 390 181 336 543 457 95
7 9 1 1 100 0.75 9 1562 686 394 176 337 546 460 98
7 9 1 1 100 0.75 9 1563 689 396 174 338 550 465 99
7 9 1 1 100 0.75 9 1564 697 398 174 341 555 470 100
7 9 1 1 100 0.75 9 1565 700 397 175 341 561 478 96
7 9 1 1 100 0.75 9 1566 704 395 161 340 570 487 94
7 9 1 1 100 0.75 9 1567 705 393 161 338 579 496 89
7 9 1 1 100 0.75 9 1568 712 399 161 344 580 497 90
7 9 1 1 100 0.75 9 1569 714 399 169 346 586 504 87
7 9 1 1 100 0.75 9 1570 717 400 162 345 592 510 85
7 9 1 1 100 0.75 9 1571 719 400 168 343 599 517 85
7 9 1 1 100 0.75 9 1572 723 401 174 343 605 523 86
7 9 1 1 100 0.75 9 1573 727 401 164 347 612 530 82
7 9 1 1 100 0.75 9 1574 729 406 170 352 614 532 86
7 9 1 1 100 0.75 9 1575 732 408 170 351 619 537 86
7 9 1 1 100 0.75 9 1576 738 410 155 352 624 542 85
7 9 1 1 100 0.75 9 1577 740 414 183 360 627 545 86
7 9 1 1 100 0.75 9 1578 742 417 162 364 631 549 85
7 9 1 1 100 0.75 9 1579 743 415 164 362 640 558 81
7 9 1 1 100 0.75 9 1580 749 419 170 364 643 561 84
7 9 1 1 100 0.75 9 1581 753 424 164 371 645 563 86
7 9 1 1 100 0.75 9 1582 755 428 170 374 648 566 86
7 9 1 1 100 0.75 9 1583 758 430 166 375 652 571 91
7 9 1 1 100 0.75 9 1584 761 429 163 374 660 579 87
7 9 1 1 100 0.75 9 1585 768 431 167 375 665 584 86
7 9 1 1 100 0.75 9 1586 769 433 176 380 670 589 84
7 9 1 1 100 0.75 9 1587 772 437 165 381 673 592 83
7 9 1 1 100 0.75 9 1588 773 441 172 389 674 595 88
7 9 1 1 100 0.75 9 1589 775 443 178 389 678 600 89
7 9 1 1 100 0.75 9 1590 778 444 180 389 683 606 86
7 9 1 1 100 0.75 9 1590 778 444 444 389 769 606 86
7 9 1 1 100 0.75 9 1620 778 444 444 389 98 606 86
7 9 1 1 100 0.75 10 1621 0 7 7 0 98 0 0
7 9 1 1 100 0.75 10 1622 0 14 14 0 98 0 0
7 9 1 1 100 0.75 10 1623 0 21 21 0 98 0 0
7 9 1 1 100 0.75 10 1624 0 28 28 0 98 0 0
7 9 1 1 100 0.75 10 1625 0 35 35 0 98 0 0
7 9 1 1 100 0.75 10 1626 0 42 42 0 98 0 0
7 9 1 1 100 0.75 10 1627 0 49 48 0 98 0 0
7 9 1 1 100 0.75 10 1628 0 56 54 0 98 0 0
7 9 1 1 100 0.75 10 1629 3 63 58 0 98 0 0
7 9 1 1 100 0.75 10 1630 4 70 64 3 98 0 0
7 9 1 1 100 0.75 10 1631 7 77 69 4 98 0 0
7 9 1 1 100 0.75 10 1632 12 84 71 7 98 0 0
7 9 1 1 100 0.75 10 1633 16 91 72 12 98 0 0
7 9 1 1 100 0.75 10 1634 23 98 70 16 98 0 0
7 9 1 1 100 0.75 10 1635 25 105 77 23 98 0 0
7 9 1 1 100 0.75 10 1636 28 112 84 25 98 0 1
7 9 1 1 100 0.75 10 1637 36 119 86 28 98 0 4
7 9 1 1 100 0.75 10 1638 41 126 87 36 98 0 6
7 9 1 1 100 0.75 10 1639 46 133 91 41 98 0 8
7 9 1 1 100 0.75 10 1640 51 140 102 46 98 0 12
7 9 1 1 100 0.75 10 1641 60 147 103 51 98 0 18
7 9 1 1 100 0.75 10 1642 66 154 107 60 98 0 21
7 9 1 1 100 0.75 10 1643 72 161 112 66 98 0 23
7 9 1 1 100 0.75 10 1644 76 168 112 72 98 0 30
7 9 1 1 100 0.75 10 1645 82 175 127 76 98 0 33
7 9 1 1 100 0.75 10 1646 86 182 132 82 98 0 39
7 9 1 1 100 0.75 10 1647 94 189 139 86 98 0 43
7 9 1 1 100 0.75 10 1648 103 196 140 94 98 0 44
7 9 1 1 100 0.75 10 1649 106 203 151 103 98 0 50
7 9 1 1 100 0.75 10 1650 109 210 163 106 98 0 54
7 9 1 1 100 0.75 10 1651 118 217 165 109 98 0 59
7 9 1 1 100 0.75 10 1652 123 223 171 117 99 1 60
7 9 1 1 100 0.75 10 1653 130 228 167 120 101 3 62
7 9 1 1 100 0.75 10 1654 133 234 183 126 102 4 68
7 9 1 1 100 0.75 10 1655 140 239 184 127 104 6 70
7 9 1 1 100 0.75 10 1656 145 242 185 130 108 10 72
7 9 1 1 100 0.75 10 1657 149 248 192 134 109 11 74
7 9 1 1 100 0.75 10 1658 157 253 194 136 111 13 73
7 9 1 1 100 0.75 10 1659 164 254 194 138 117 19 75
7 9 1 1 100 0.75 10 1660 170 258 199 142 120 22 79
7 9 1 1 100 0.75 10 1661 180 256 190 139 129 31 73
7 9 1 1 100 0.75 10 1662 184 259 189 145 133 35 72
7 9 1 1 100 0.75 10 1663 192 262 192 145 136 39 71
7 9 1 1 100 0.75 10 1664 198 265 191 149 140 43 71
7 9 1 1 100 0.75 10 1665 208 268 196 151 144 47 71
7 9 1 1 100 0.75 10 1666 215 274 200 160 145 48 76
7 9 1 1 100 0.75 10 1667 222 279 198 165 147 50 76
7 9 1 1 100 0.75 10 1668 234 283 200 169 150 53 78
7 9 1 1 100 0.75 10 1669 241 287 208 178 153 56 83
7 9 1 1 100 0.75 10 1670 249 288 200 179 159 62 83
7 9 1 1 100 0.75 10 1671 257 290 203 182 164 67 85
7 9 1 1 100 0.75 10 1672 268 293 203 186 168 71 86
7 9 1 1 100 0.75 10 1673 280 297 205 194 171 74 93
7 9 1 1 100 0.75 10 1674 287 298 198 200 177 80 90
7 9 1 1 100 0.75 10 1675 296 297 205 199 184 88 89
7 9 1 1 100 0.75 10 1676 306 299 193 203 189 93 91
7 9 1 1 100 0.75 10 1677 317 302 201 210 193 97 92
7 9 1 1 100 0.75 10 1678 325 304 196 216 198 102 96
7 9 1 1 100 0.75 10 1679 330 307 205 221 202 106 98
7 9 1 1 100 0.75 10 1680 336 312 208 224 204 108 104
7 9 1 1 100 0.75 10 1681 345 314 214 225 209 113 109
7 9 1 1 100 0.75 10 1682 353 320 214 235 210 114 113
7 9 1 1 100 0.75 10 1683 360 321 222 237 216 120 114
7 9 1 1 100 0.75 10 1684 363 322 213 239 222 126 111
7 9 1 1 100 0.75 10 1685 370 323 221 236 228 132 115
7 9 1 1 100 0.75 10 1686 380 323 209 237 235 139 114
7 9 1 1 100 0.75 10 1687 385 326 212 246 239 143 115
7 9 1 1 100 0.75 10 1688 391 329 210 247 243 147 116
7 9 1 1 100 0.75 10 1689 400 326 214 243 253 157 119
7 9 1 1 100 0.75 10 1690 409 328 206 248 258 162 118
7 9 1 1 100 0.75 10 1691 418 326 205 248 267 171 115
7 9 1 1 100 0.75 10 1692 424 326 195 252 274 178 111
7 9 1 1 100 0.75 10 1693 429 327 200 254 280 184 113
7 9 1 1 100 0.75 10 1694 441 326 190 252 288 192 114
7 9 1 1 100 0.75 10 1695 447 328 199 260 293 197 114
7 9 1 1 100 0.75 10 1696 455 330 198 262 297 202 114
7 9 1 1 100 0.75 10 1697 456 333 203 269 301 206 117
7 9 1 1 100 0.75 10 1698 465 334 202 266 307 212 118
7 9 1 1 100 0.75 10 1699 471 333 197 271 315 220 117
7 9 1 1 100 0.75 10 1700 474 330 189 270 325 230 111
7 9 1 1 100 0.75 10 1701 481 326 194 263 336 241 107
7 9 1 1 100 0.75 10 1702 484 329 195 268 340 245 110
7 9 1 1 100 0.75 10 1703 491 335 182 272 341 246 114
7 9 1 1 100 0.75 10 1704 497 335 198 276 347 253 111
7 9 1 1 100 0.75 10 1705 503 336 196 277 353 259 110
7 9 1 1 100 0.75 10 1706 510 331 178 271 365 271 105
7 9 1 1 100 0.75 10 1707 514 335 177 278 366 274 105
7 9 1 1 100 0.75 10 1708 517 331 187 272 377 285 100
7 9 1 1 100 0.75 10 1709 524 333 181 273 382 290 100
7 9 1 1 100 0.75 10 1710 530 335 167 279 387 295 101
7 9 1 1 100 0.75 10 1711 534 336 177 279 393 301 98
7 9 1 1 100 0.75 10 1712 537 337 176 278 398 307 100
7 9 1 1 100 0.75 10 1713 542 337 178 276 405 314 98
7 9 1 1 100 0.75 10 1714 546 338 182 279 411 320 98
7 9 1 1 100 0.75 10 1715 548 342 183 285 414 323 99
7 9 1 1 100 0.75 10 1716 554 340 169 281 422 332 100
7 9 1 1 100 0.75 10 1717 558 338 168 282 430 341 100
7 9 1 1 100 0.75 10 1718 563 339 169 283 436 347 97
7 9 1 1 100 0.75 10 1719 567 342 172 286 440 351 97
7 9 1 1 100 0.75 10 1720 574 341 173 283 447 359 96
7 9 1 1 100 0.75 10 1721 578 344 167 288 451 363 97
7 9 1 1 100 0.75 10 1722 585 349 177 291 453 365 101
7 9 1 1 100 0.75 10 1723 591 349 154 293 460 372 99
7 9 1 1 100 0.75 10 1724 594 353 166 299 463 375 101
7 9 1 1 100 0.75 10 1725 600 355 169 297 468 380 102
7 9 1 1 100 0.75 10 1726 606 355 175 298 475 387 99
7 9 1 1 100 0.75 10 1727 613 356 168 299 481 393 100
7 9 1 1 100 0.75 10 1728 616 355 158 301 489 401 97
7 9 1 1 100 0.75 10 1729 620 358 166 303 493 405 103
7 9 1 1 100 0.75 10 1730 625 361 167 305 497 409 102
7 9 1 1 100 0.75 10 1731 628 363 166 309 502 414 99
7 9 1 1 100 0.75 10 1732 632 358 157 304 513 426 94
7 9 1 1 100 0.75 10 1733 636 359 167 304 519 432 93
7 9 1 1 100 0.75 10 1734 640 362 163 308 523 436 94
7 9 1 1 100 0.75 10 1735 647 361 163 304 531 444 93
7 9 1 1 100 0.75 10 1736 650 367 154 312 532 445 97
7 9 1 1 100 0.75 10 1737 655 367 158 310 539 452 99
7 9 1 1 100 0.75 10 1738 661 369 157 315 544 457 100
7 9 1 1 100 0.75 10 1739 663 373 166 319 547 460 101
7 9 1 1 100 0.75 10 1740 668 375 163 319 552 465 100
7 9 1 1 100 0.75 10 1741 669 377 169 324 557 470 103
7 9 1 1 100 0.75 10 1742 673 375 169 318 566 479 98
7 9 1 1 100 0.75 10 1743 676 372 162 319 575 489 94
7 9 1 1 100 0.75 10 1744 678 376 174 323 578 492 96
7 9 1 1 100 0.75 10 1745 681 376 161 322 584 499 95
7 9 1 1 100 0.75 10 1746 685 380 163 325 587 502 98
7 9 1 1 100 0.75 10 1747 687 379 159 322 594 510 96
7 9 1 1 100 0.75 10 1748 691 384 157 326 596 512 101
7 9 1 1 100 0.75 10 1749 695 386 153 332 601 517 99
7 9 1 1 100 0.75 10 1750 696 387 159 335 607 523 99
7 9 1 1 100 0.75 10 1751 700 388 157 334 613 529 100
7 9 1 1 100 0.75 10 1752 701 392 177 339 615 532 103
7 9 1 1 100 0.75 10 1753 703 392 159 336 622 539 97
7 9 1 1 100 0.75 10 1754 705 394 171 340 627 544 96
7 9 1 1 100 0.75 10 1755 710 395 157 341 633 550 94
7 9 1 1 100 0.75 10 1756 711 393 174 342 642 559 96
7 9 1 1 100 0.75 10 1757 713 391 150 336 651 568 91
7 9 1 1 100 0.75 10 1758 719 393 151 337 656 573 87
7 9 1 1 100 0.75 10 1759 721 399 151 348 657 574 91
7 9 1 1 100 0.75 10 1760 724 401 154 347 662 579 91
7 9 1 1 100 0.75 10 1761 727 403 159 348 667 584 93
7 9 1 1 100 0.75 10 1762 729 405 154 353 672 589 90
7 9 1 1 100 0.75 10 1763 731 402 140 348 682 599 85
7 9 1 1 100 0.75 10 1764 732 403 154 350 687 605 84
7 9 1 1 100 0.75 10 1765 736 408 155 353 689 607 87
7 9 1 1 100 0.75 10 1766 739 407 147 356 697 615 84
7 9 1 1 100 0.75 10 1767 742 409 157 356 701 620 85
7 9 1 1 100 0.75 10 1768 742 412 145 362 705 624 84
7 9 1 1 100 0.75 10 1769 744 415 164 363 709 628 87
7 9 1 1 100 0.75 10 1770 747 417 157 365 714 633 83
7 9 1 1 100 0.75 10 1770 747 417 417 365 797 633 83
7 9 1 1 100 0.75 10 1800 747 417 417 365 96 633 83
