7 10 5 1 100 0.75 1 1 0 7 7 0 100 0 0
7 10 5 1 100 0.75 1 2 0 14 14 0 100 0 0
7 10 5 1 100 0.75 1 3 0 21 21 0 100 0 0
7 10 5 1 100 0.75 1 4 0 28 28 0 100 0 0
7 10 5 1 100 0.75 1 5 0 35 35 0 100 0 0
7 10 5 1 100 0.75 1 6 0 42 42 0 100 0 0
7 10 5 1 100 0.75 1 7 0 49 49 0 100 0 0
7 10 5 1 100 0.75 1 8 0 56 56 0 100 0 0
7 10 5 1 100 0.75 1 9 1 63 62 0 100 0 0
7 10 5 1 100 0.75 1 10 3 70 67 1 100 0 0
7 10 5 1 100 0.75 1 11 4 77 73 3 100 0 0
7 10 5 1 100 0.75 1 12 5 84 77 4 100 0 0
7 10 5 1 100 0.75 1 13 6 91 82 5 100 0 0
7 10 5 1 100 0.75 1 14 10 98 88 6 100 0 0
7 10 5 1 100 0.75 1 15 14 105 91 10 100 0 0
7 10 5 1 100 0.75 1 16 16 112 97 14 100 0 0
7 10 5 1 100 0.75 1 17 21 119 101 16 100 0 2
7 10 5 1 100 0.75 1 18 22 126 106 21 100 0 2
7 10 5 1 100 0.75 1 19 25 133 112 22 100 0 3
7 10 5 1 100 0.75 1 20 29 140 116 25 100 0 5
7 10 5 1 100 0.75 1 21 30 147 124 29 100 0 7
7 10 5 1 100 0.75 1 22 31 154 133 30 100 0 12
7 10 5 1 100 0.75 1 23 33 161 139 31 100 0 13
7 10 5 1 100 0.75 1 24 36 168 148 33 100 0 17
7 10 5 1 100 0.75 1 25 41 175 152 36 100 0 20
7 10 5 1 100 0.75 1 26 44 182 158 41 100 0 20
7 10 5 1 100 0.75 1 27 46 189 164 44 100 0 24
7 10 5 1 100 0.75 1 28 49 196 170 46 100 0 25
7 10 5 1 100 0.75 1 29 54 203 175 49 100 0 26
7 10 5 1 100 0.75 1 30 57 210 183 54 100 0 28
7 10 5 1 100 0.75 1 31 64 217 183 57 100 0 30
7 10 5 1 100 0.75 1 32 68 224 191 64 100 0 34
7 10 5 1 100 0.75 1 33 73 230 196 67 101 1 35
7 10 5 1 100 0.75 1 34 78 237 198 72 101 1 36
7 10 5 1 100 0.75 1 35 81 244 206 77 100 1 36
7 10 5 1 100 0.75 1 36 83 249 211 78 102 3 39
7 10 5 1 100 0.75 1 37 88 253 209 77 105 6 39
7 10 5 1 100 0.75 1 38 92 258 218 80 107 8 40
7 10 5 1 100 0.75 1 39 97 263 220 82 109 10 42
7 10 5 1 100 0.75 1 40 101 269 227 86 110 11 45
7 10 5 1 100 0.75 1 41 109 274 224 88 112 13 46
7 10 5 1 100 0.75 1 42 115 279 231 94 114 15 47
7 10 5 1 100 0.75 1 43 124 280 224 94 120 21 42
7 10 5 1 100 0.75 1 44 130 286 233 102 121 22 44
7 10 5 1 100 0.75 1 45 136 292 230 107 122 23 45
7 10 5 1 100 0.75 1 46 145 294 232 108 127 28 44
7 10 5 1 100 0.75 1 47 153 299 233 115 129 30 48
7 10 5 1 100 0.75 1 48 156 305 242 122 130 31 49
7 10 5 1 100 0.75 1 49 164 311 243 124 131 32 54
7 10 5 1 100 0.75 1 50 166 316 258 130 133 34 62
7 10 5 1 100 0.75 1 51 172 321 253 130 135 36 65
7 10 5 1 100 0.75 1 52 182 327 257 136 136 37 68
7 10 5 1 100 0.75 1 53 188 330 266 142 140 41 70
7 10 5 1 100 0.75 1 54 201 334 261 145 143 44 75
7 10 5 1 100 0.75 1 55 205 336 262 153 148 49 74
7 10 5 1 100 0.75 1 56 211 342 267 156 149 50 77
7 10 5 1 100 0.75 1 57 219 346 262 159 152 53 77
7 10 5 1 100 0.75 1 58 225 348 269 163 157 58 76
7 10 5 1 100 0.75 1 59 232 351 271 165 161 62 81
7 10 5 1 100 0.75 1 60 238 356 273 170 163 64 82
7 10 5 1 100 0.75 1 61 250 362 278 175 164 65 89
7 10 5 1 100 0.75 1 62 262 366 270 184 167 68 88
7 10 5 1 100 0.75 1 63 271 370 281 193 170 71 89
7 10 5 1 100 0.75 1 64 278 373 273 198 174 75 91
7 10 5 1 100 0.75 1 65 287 372 271 197 182 83 87
7 10 5 1 100 0.75 1 66 295 375 273 203 186 87 92
7 10 5 1 100 0.75 1 67 301 375 265 206 193 94 88
7 10 5 1 100 0.75 1 68 308 378 274 210 197 98 91
7 10 5 1 100 0.75 1 69 315 381 273 215 201 102 96
7 10 5 1 100 0.75 1 70 325 380 274 214 209 110 96
7 10 5 1 100 0.75 1 71 335 384 277 221 212 113 98
7 10 5 1 100 0.75 1 72 344 384 265 224 219 120 96
7 10 5 1 100 0.75 1 73 355 384 264 227 226 127 97
7 10 5 1 100 0.75 1 74 367 384 274 232 233 134 97
7 10 5 1 100 0.75 1 75 378 389 266 242 235 136 101
7 10 5 1 100 0.75 1 76 387 395 267 253 236 137 104
7 10 5 1 100 0.75 1 77 396 396 261 258 242 143 102
7 10 5 1 100 0.75 1 78 406 393 261 257 252 153 102
7 10 5 1 100 0.75 1 79 417 396 260 264 256 157 106
7 10 5 1 100 0.75 1 80 425 401 271 273 258 159 111
7 10 5 1 100 0.75 1 81 435 402 267 276 264 165 111
7 10 5 1 100 0.75 1 82 446 404 252 282 269 170 113
7 10 5 1 100 0.75 1 83 457 405 253 288 275 176 118
7 10 5 1 100 0.75 1 84 463 407 248 294 280 181 117
7 10 5 1 100 0.75 1 85 471 402 251 293 292 193 109
7 10 5 1 100 0.75 1 86 483 406 248 300 295 196 113
7 10 5 1 100 0.75 1 87 491 410 249 310 297 199 120
7 10 5 1 100 0.75 1 88 506 412 249 316 302 204 124
7 10 5 1 100 0.75 1 89 514 412 248 324 309 211 124
7 10 5 1 100 0.75 1 90 521 410 248 323 318 220 120
7 10 5 1 100 0.75 1 91 526 410 242 326 325 227 120
7 10 5 1 100 0.75 1 92 535 414 251 331 328 230 128
7 10 5 1 100 0.75 1 93 542 415 247 336 334 236 129
7 10 5 1 100 0.75 1 94 546 416 239 338 340 242 129
7 10 5 1 100 0.75 1 95 562 415 237 336 348 250 130
7 10 5 1 100 0.75 1 96 565 414 244 348 356 258 132
7 10 5 1 100 0.75 1 97 574 412 239 342 365 267 131
7 10 5 1 100 0.75 1 98 578 411 239 343 373 275 129
7 10 5 1 100 0.75 1 99 586 412 231 344 379 281 129
7 10 5 1 100 0.75 1 100 594 412 227 345 386 288 131
7 10 5 1 100 0.75 1 101 600 411 245 347 394 296 127
7 10 5 1 100 0.75 1 102 607 414 241 350 398 300 133
7 10 5 1 100 0.75 1 103 614 412 216 351 407 309 133
7 10 5 1 100 0.75 1 104 620 411 220 352 415 317 132
7 10 5 1 100 0.75 1 105 625 410 234 352 423 325 129
7 10 5 1 100 0.75 1 106 628 413 235 355 427 329 132
7 10 5 1 100 0.75 1 107 634 412 226 351 434 337 129
7 10 5 1 100 0.75 1 108 637 413 211 355 440 343 128
7 10 5 1 100 0.75 1 109 641 411 218 351 449 352 127
7 10 5 1 100 0.75 1 110 646 411 216 352 456 359 125
7 10 5 1 100 0.75 1 111 647 406 221 349 468 371 119
7 10 5 1 100 0.75 1 112 650 406 208 347 475 378 118
7 10 5 1 100 0.75 1 113 654 410 207 351 478 381 118
7 10 5 1 100 0.75 1 114 659 409 209 350 486 389 118
7 10 5 1 100 0.75 1 115 668 408 205 351 494 397 112
7 10 5 1 100 0.75 1 116 674 408 197 355 499 404 109
7 10 5 1 100 0.75 1 117 678 407 206 354 507 412 108
7 10 5 1 100 0.75 1 118 680 408 204 355 513 418 107
7 10 5 1 100 0.75 1 119 683 404 199 349 524 429 101
7 10 5 1 100 0.75 1 120 689 405 189 351 529 435 99
7 10 5 1 100 0.75 1 121 693 408 196 354 533 439 100
7 10 5 1 100 0.75 1 122 695 409 190 353 539 445 106
7 10 5 1 100 0.75 1 123 704 408 193 350 546 453 102
7 10 5 1 100 0.75 1 124 707 407 173 353 554 461 98
7 10 5 1 100 0.75 1 125 713 405 181 350 563 470 93
7 10 5 1 100 0.75 1 126 717 406 163 353 569 476 93
7 10 5 1 100 0.75 1 127 719 407 180 351 575 482 94
7 10 5 1 100 0.75 1 128 721 410 188 356 579 486 95
7 10 5 1 100 0.75 1 129 725 414 184 361 582 489 92
7 10 5 1 100 0.75 1 130 728 413 183 361 590 497 90
7 10 5 1 100 0.75 1 131 733 415 183 361 595 502 90
7 10 5 1 100 0.75 1 132 734 416 167 362 600 508 89
7 10 5 1 100 0.75 1 133 739 417 174 362 606 514 89
7 10 5 1 100 0.75 1 134 741 418 173 367 612 520 86
7 10 5 1 100 0.75 1 135 742 420 182 366 616 525 87
7 10 5 1 100 0.75 1 136 745 425 189 372 618 527 92
7 10 5 1 100 0.75 1 137 750 423 178 369 627 536 87
7 10 5 1 100 0.75 1 138 753 427 188 373 630 539 89
7 10 5 1 100 0.75 1 139 755 429 173 375 633 544 87
7 10 5 1 100 0.75 1 140 757 429 194 376 640 551 88
7 10 5 1 100 0.75 1 141 758 430 165 378 645 557 89
7 10 5 1 100 0.75 1 142 759 434 181 379 648 560 86
7 10 5 1 100 0.75 1 143 764 433 188 377 656 568 86
7 10 5 1 100 0.75 1 144 769 438 180 383 657 570 90
7 10 5 1 100 0.75 1 145 773 440 177 386 661 575 90
7 10 5 1 100 0.75 1 146 775 443 181 391 665 579 90
7 10 5 1 100 0.75 1 147 778 446 176 392 669 583 92
7 10 5 1 100 0.75 1 148 783 448 175 394 673 588 92
7 10 5 1 100 0.75 1 149 785 449 174 398 679 594 88
7 10 5 1 100 0.75 1 150 788 449 169 397 686 601 85
7 10 5 1 100 0.75 1 150 788 449 449 397 770 601 85
7 10 5 1 100 0.75 1 180 788 449 449 397 109 601 85
7 10 5 1 100 0.75 2 181 0 7 7 0 109 0 0
7 10 5 1 100 0.75 2 182 0 14 14 0 109 0 0
7 10 5 1 100 0.75 2 183 0 21 21 0 109 0 0
7 10 5 1 100 0.75 2 184 0 28 28 0 109 0 0
7 10 5 1 100 0.75 2 185 0 35 35 0 109 0 0
7 10 5 1 100 0.75 2 186 0 42 42 0 109 0 0
7 10 5 1 100 0.75 2 187 0 49 49 0 109 0 0
7 10 5 1 100 0.75 2 188 0 56 55 0 109 0 0
7 10 5 1 100 0.75 2 189 1 63 61 0 109 0 0
7 10 5 1 100 0.75 2 190 2 70 68 1 109 0 0
7 10 5 1 100 0.75 2 191 5 77 70 2 109 0 0
7 10 5 1 100 0.75 2 192 8 84 74 5 109 0 0
7 10 5 1 100 0.75 2 193 12 91 78 8 109 0 0
7 10 5 1 100 0.75 2 194 14 98 84 12 109 0 0
7 10 5 1 100 0.75 2 195 15 105 88 14 109 0 0
7 10 5 1 100 0.75 2 196 16 112 96 15 109 0 0
7 10 5 1 100 0.75 2 197 17 119 101 16 109 0 0
7 10 5 1 100 0.75 2 198 20 126 107 17 109 0 2
7 10 5 1 100 0.75 2 199 26 133 109 20 109 0 3
7 10 5 1 100 0.75 2 200 31 140 116 26 109 0 6
7 10 5 1 100 0.75 2 201 34 147 123 31 109 0 7
7 10 5 1 100 0.75 2 202 36 154 128 34 109 0 8
7 10 5 1 100 0.75 2 203 41 161 134 36 109 0 10
7 10 5 1 100 0.75 2 204 42 168 141 41 109 0 10
7 10 5 1 100 0.75 2 205 47 175 144 42 109 0 12
7 10 5 1 100 0.75 2 206 50 182 151 47 109 0 13
7 10 5 1 100 0.75 2 207 56 189 156 50 109 0 20
7 10 5 1 100 0.75 2 208 63 196 165 56 109 0 23
7 10 5 1 100 0.75 2 209 70 203 167 63 109 0 24
7 10 5 1 100 0.75 2 210 70 210 176 70 109 0 26
7 10 5 1 100 0.75 2 211 73 217 183 70 109 0 29
7 10 5 1 100 0.75 2 212 78 224 184 73 109 0 33
7 10 5 1 100 0.75 2 213 80 231 192 78 109 0 34
7 10 5 1 100 0.75 2 214 87 237 199 79 110 1 38
7 10 5 1 100 0.75 2 215 92 242 200 84 112 3 40
7 10 5 1 100 0.75 2 216 97 249 209 89 112 3 47
7 10 5 1 100 0.75 2 217 102 254 211 92 114 5 48
7 10 5 1 100 0.75 2 218 106 260 216 96 115 6 47
7 10 5 1 100 0.75 2 219 111 265 223 98 117 8 48
7 10 5 1 100 0.75 2 220 112 269 224 100 120 11 46
7 10 5 1 100 0.75 2 221 120 276 224 101 120 11 48
7 10 5 1 100 0.75 2 222 127 281 232 107 122 13 51
7 10 5 1 100 0.75 2 223 130 285 231 111 125 16 52
7 10 5 1 100 0.75 2 224 138 292 239 114 125 16 56
7 10 5 1 100 0.75 2 225 144 296 238 119 128 19 55
7 10 5 1 100 0.75 2 226 148 303 247 125 128 19 60
7 10 5 1 100 0.75 2 227 153 303 241 122 135 26 54
7 10 5 1 100 0.75 2 228 157 307 251 124 138 29 54
7 10 5 1 100 0.75 2 229 162 313 249 127 139 30 59
7 10 5 1 100 0.75 2 230 172 318 253 130 140 32 60
7 10 5 1 100 0.75 2 231 176 321 254 136 144 36 59
7 10 5 1 100 0.75 2 232 188 321 247 133 151 43 58
7 10 5 1 100 0.75 2 233 194 323 249 140 156 48 56
7 10 5 1 100 0.75 2 234 203 328 255 144 158 50 58
7 10 5 1 100 0.75 2 235 210 333 256 151 160 52 58
7 10 5 1 100 0.75 2 236 213 338 259 156 162 54 58
7 10 5 1 100 0.75 2 237 216 343 258 158 164 56 62
7 10 5 1 100 0.75 2 238 224 346 264 157 168 60 64
7 10 5 1 100 0.75 2 239 236 350 272 162 171 63 69
7 10 5 1 100 0.75 2 240 244 351 266 168 177 69 67
7 10 5 1 100 0.75 2 241 250 358 268 176 177 69 74
7 10 5 1 100 0.75 2 242 255 362 278 179 180 72 77
7 10 5 1 100 0.75 2 243 261 365 278 180 184 76 78
7 10 5 1 100 0.75 2 244 269 367 273 181 189 81 76
7 10 5 1 100 0.75 2 245 278 370 282 185 193 85 76
7 10 5 1 100 0.75 2 246 290 374 278 191 196 88 80
7 10 5 1 100 0.75 2 247 301 377 276 199 199 92 82
7 10 5 1 100 0.75 2 248 307 382 288 209 201 94 86
7 10 5 1 100 0.75 2 249 317 386 279 212 204 97 85
7 10 5 1 100 0.75 2 250 321 389 284 218 208 101 84
7 10 5 1 100 0.75 2 251 328 394 282 220 210 103 87
7 10 5 1 100 0.75 2 252 341 394 285 221 217 110 89
7 10 5 1 100 0.75 2 253 352 400 284 234 218 111 96
7 10 5 1 100 0.75 2 254 360 405 294 243 220 113 102
7 10 5 1 100 0.75 2 255 364 406 292 246 226 119 102
7 10 5 1 100 0.75 2 256 373 407 288 245 232 125 103
7 10 5 1 100 0.75 2 257 381 410 294 250 236 129 105
7 10 5 1 100 0.75 2 258 391 406 286 248 247 140 96
7 10 5 1 100 0.75 2 259 398 405 286 250 255 148 99
7 10 5 1 100 0.75 2 260 409 409 279 255 258 151 107
7 10 5 1 100 0.75 2 261 415 412 282 264 262 155 109
7 10 5 1 100 0.75 2 262 425 413 282 264 267 161 106
7 10 5 1 100 0.75 2 263 435 415 271 271 272 166 104
7 10 5 1 100 0.75 2 264 439 417 282 279 277 171 106
7 10 5 1 100 0.75 2 265 453 419 276 278 282 176 112
7 10 5 1 100 0.75 2 266 457 422 273 288 286 180 113
7 10 5 1 100 0.75 2 267 467 425 279 289 290 184 115
7 10 5 1 100 0.75 2 268 475 430 279 299 291 186 122
7 10 5 1 100 0.75 2 269 485 430 280 302 298 193 124
7 10 5 1 100 0.75 2 270 495 429 276 307 306 201 122
7 10 5 1 100 0.75 2 271 502 426 274 308 316 211 119
7 10 5 1 100 0.75 2 272 514 428 269 310 321 216 121
7 10 5 1 100 0.75 2 273 524 425 262 314 331 226 118
7 10 5 1 100 0.75 2 274 528 428 263 325 335 230 119
7 10 5 1 100 0.75 2 275 542 431 254 325 339 234 126
7 10 5 1 100 0.75 2 276 552 430 257 332 347 242 122
7 10 5 1 100 0.75 2 277 560 433 257 338 350 246 127
7 10 5 1 100 0.75 2 278 572 431 259 337 359 255 126
7 10 5 1 100 0.75 2 279 582 430 252 344 367 263 127
7 10 5 1 100 0.75 2 280 588 432 244 350 372 268 126
7 10 5 1 100 0.75 2 281 594 435 254 352 376 272 131
7 10 5 1 100 0.75 2 282 603 435 243 355 383 279 128
7 10 5 1 100 0.75 2 283 606 433 247 355 391 288 125
7 10 5 1 100 0.75 2 284 611 432 240 353 399 296 125
7 10 5 1 100 0.75 2 285 617 435 249 355 403 300 132
7 10 5 1 100 0.75 2 286 622 434 258 354 411 308 134
7 10 5 1 100 0.75 2 287 627 433 234 356 419 316 135
7 10 5 1 100 0.75 2 288 633 430 239 355 429 326 130
7 10 5 1 100 0.75 2 289 645 432 238 359 434 331 132
7 10 5 1 100 0.75 2 290 646 430 224 365 443 340 127
7 10 5 1 100 0.75 2 291 653 424 220 357 455 353 120
7 10 5 1 100 0.75 2 292 658 424 209 361 462 360 116
7 10 5 1 100 0.75 2 293 665 426 214 361 467 365 114
7 10 5 1 100 0.75 2 294 670 426 207 367 473 372 112
7 10 5 1 100 0.75 2 295 674 428 214 369 478 377 112
7 10 5 1 100 0.75 2 296 679 430 219 371 483 382 116
7 10 5 1 100 0.75 2 297 683 425 212 368 495 394 114
7 10 5 1 100 0.75 2 298 688 428 209 371 499 398 114
7 10 5 1 100 0.75 2 299 692 427 211 370 507 406 113
7 10 5 1 100 0.75 2 300 694 430 217 372 511 410 118
7 10 5 1 100 0.75 2 301 698 432 218 375 516 415 125
7 10 5 1 100 0.75 2 302 703 433 211 376 521 421 123
7 10 5 1 100 0.75 2 303 706 427 219 372 534 434 114
7 10 5 1 100 0.75 2 304 711 423 203 367 545 445 110
7 10 5 1 100 0.75 2 305 715 419 197 363 556 456 104
7 10 5 1 100 0.75 2 306 721 422 194 365 560 460 106
7 10 5 1 100 0.75 2 307 722 424 189 370 564 465 107
7 10 5 1 100 0.75 2 308 725 425 205 371 570 471 106
7 10 5 1 100 0.75 2 309 727 427 203 373 575 476 108
7 10 5 1 100 0.75 2 310 730 432 193 378 577 478 114
7 10 5 1 100 0.75 2 311 733 436 194 380 580 481 115
7 10 5 1 100 0.75 2 312 736 434 199 377 589 490 113
7 10 5 1 100 0.75 2 313 737 436 190 382 594 495 111
7 10 5 1 100 0.75 2 314 740 436 199 383 600 502 109
7 10 5 1 100 0.75 2 315 743 434 204 381 609 511 110
7 10 5 1 100 0.75 2 316 747 435 196 381 615 517 108
7 10 5 1 100 0.75 2 317 750 436 192 380 621 523 107
7 10 5 1 100 0.75 2 318 751 434 174 381 630 532 100
7 10 5 1 100 0.75 2 319 754 433 162 378 638 540 96
7 10 5 1 100 0.75 2 320 755 437 189 379 640 543 102
7 10 5 1 100 0.75 2 321 762 434 185 374 650 553 94
7 10 5 1 100 0.75 2 322 764 432 175 377 658 562 89
7 10 5 1 100 0.75 2 323 766 436 170 380 661 565 91
7 10 5 1 100 0.75 2 324 769 439 183 383 664 569 92
7 10 5 1 100 0.75 2 325 772 442 187 387 668 573 92
7 10 5 1 100 0.75 2 326 774 442 173 388 675 580 89
7 10 5 1 100 0.75 2 327 778 438 166 384 686 591 81
7 10 5 1 100 0.75 2 328 783 442 170 389 689 594 83
7 10 5 1 100 0.75 2 329 787 443 164 389 695 600 84
7 10 5 1 100 0.75 2 330 790 443 164 391 702 607 83
7 10 5 1 100 0.75 2 330 790 443 443 391 783 607 83
7 10 5 1 100 0.75 2 360 790 443 443 391 108 607 83
7 10 5 1 100 0.75 3 361 0 7 7 0 108 0 0
7 10 5 1 100 0.75 3 362 0 14 14 0 108 0 0
7 10 5 1 100 0.75 3 363 0 21 21 0 108 0 0
7 10 5 1 100 0.75 3 364 0 28 28 0 108 0 0
7 10 5 1 100 0.75 3 365 0 35 35 0 108 0 0
7 10 5 1 100 0.75 3 366 0 42 42 0 108 0 0
7 10 5 1 100 0.75 3 367 0 49 49 0 108 0 0
7 10 5 1 100 0.75 3 368 1 56 55 0 108 0 0
7 10 5 1 100 0.75 3 369 4 63 59 1 108 0 0
7 10 5 1 100 0.75 3 370 5 70 65 4 108 0 0
7 10 5 1 100 0.75 3 371 6 77 71 5 108 0 0
7 10 5 1 100 0.75 3 372 8 84 76 6 108 0 0
7 10 5 1 100 0.75 3 373 9 91 81 8 108 0 0
7 10 5 1 100 0.75 3 374 10 98 87 9 108 0 0
7 10 5 1 100 0.75 3 375 15 105 88 10 108 0 1
7 10 5 1 100 0.75 3 376 17 112 98 15 108 0 2
7 10 5 1 100 0.75 3 377 19 119 101 17 108 0 3
7 10 5 1 100 0.75 3 378 21 126 108 19 108 0 4
7 10 5 1 100 0.75 3 379 23 133 113 21 108 0 6
7 10 5 1 100 0.75 3 380 29 140 114 23 108 0 7
7 10 5 1 100 0.75 3 381 31 147 123 29 108 0 9
7 10 5 1 100 0.75 3 382 39 154 121 31 108 0 10
7 10 5 1 100 0.75 3 383 42 161 133 39 108 0 14
7 10 5 1 100 0.75 3 384 46 168 135 42 108 0 15
7 10 5 1 100 0.75 3 385 47 175 145 46 108 0 17
7 10 5 1 100 0.75 3 386 50 182 151 47 108 0 17
7 10 5 1 100 0.75 3 387 51 189 163 50 108 0 22
7 10 5 1 100 0.75 3 388 53 196 163 51 108 0 23
7 10 5 1 100 0.75 3 389 58 203 175 53 108 0 28
7 10 5 1 100 0.75 3 390 67 210 177 58 108 0 33
7 10 5 1 100 0.75 3 391 74 216 177 66 109 1 35
7 10 5 1 100 0.75 3 392 75 223 185 73 109 1 37
7 10 5 1 100 0.75 3 393 77 230 193 74 109 1 38
7 10 5 1 100 0.75 3 394 81 235 199 74 111 3 40
7 10 5 1 100 0.75 3 395 85 240 200 76 113 5 39
7 10 5 1 100 0.75 3 396 88 246 206 79 114 6 39
7 10 5 1 100 0.75 3 397 91 252 215 81 115 7 42
7 10 5 1 100 0.75 3 398 95 255 226 80 119 11 47
7 10 5 1 100 0.75 3 399 103 261 223 83 120 12 49
7 10 5 1 100 0.75 3 400 104 267 229 90 121 13 49
7 10 5 1 100 0.75 3 401 109 273 232 90 122 14 51
7 10 5 1 100 0.75 3 402 116 279 234 94 123 15 50
7 10 5 1 100 0.75 3 403 124 283 237 98 126 18 51
7 10 5 1 100 0.75 3 404 132 286 228 102 130 22 51
7 10 5 1 100 0.75 3 405 139 291 233 108 132 24 51
7 10 5 1 100 0.75 3 406 150 295 236 112 135 27 57
7 10 5 1 100 0.75 3 407 153 295 226 116 142 34 50
7 10 5 1 100 0.75 3 408 159 301 240 118 143 35 53
7 10 5 1 100 0.75 3 409 169 308 243 124 143 35 59
7 10 5 1 100 0.75 3 410 171 314 250 133 144 36 61
7 10 5 1 100 0.75 3 411 182 317 246 131 148 40 64
7 10 5 1 100 0.75 3 412 185 323 260 141 149 41 71
7 10 5 1 100 0.75 3 413 198 327 254 141 152 44 79
7 10 5 1 100 0.75 3 414 204 329 257 150 157 49 75
7 10 5 1 100 0.75 3 415 209 331 261 151 162 54 75
7 10 5 1 100 0.75 3 416 215 334 263 152 166 58 75
7 10 5 1 100 0.75 3 417 219 340 275 157 167 59 79
7 10 5 1 100 0.75 3 418 228 344 273 159 170 62 81
7 10 5 1 100 0.75 3 419 238 347 276 164 173 66 84
7 10 5 1 100 0.75 3 420 247 352 272 172 174 68 83
7 10 5 1 100 0.75 3 421 261 355 281 177 178 72 95
7 10 5 1 100 0.75 3 422 267 359 272 188 181 75 93
7 10 5 1 100 0.75 3 423 273 362 280 191 185 79 95
7 10 5 1 100 0.75 3 424 282 368 273 197 186 80 96
7 10 5 1 100 0.75 3 425 285 372 288 203 189 83 98
7 10 5 1 100 0.75 3 426 296 373 280 200 195 89 100
7 10 5 1 100 0.75 3 427 304 374 290 207 201 95 102
7 10 5 1 100 0.75 3 428 316 375 282 209 207 101 105
7 10 5 1 100 0.75 3 429 329 375 278 214 214 108 105
7 10 5 1 100 0.75 3 430 339 377 269 222 219 113 102
7 10 5 1 100 0.75 3 431 355 377 272 225 226 120 102
7 10 5 1 100 0.75 3 432 359 378 259 235 232 126 99
7 10 5 1 100 0.75 3 433 365 380 261 235 237 131 99
7 10 5 1 100 0.75 3 434 375 385 271 239 238 133 106
7 10 5 1 100 0.75 3 435 382 386 265 244 244 139 107
7 10 5 1 100 0.75 3 436 396 382 257 242 254 150 103
7 10 5 1 100 0.75 3 437 402 384 261 254 259 155 105
7 10 5 1 100 0.75 3 438 418 385 260 255 265 161 108
7 10 5 1 100 0.75 3 439 424 389 258 270 268 164 112
7 10 5 1 100 0.75 3 440 428 390 256 270 274 170 107
7 10 5 1 100 0.75 3 441 442 389 253 267 282 178 107
7 10 5 1 100 0.75 3 442 449 394 258 279 284 180 114
7 10 5 1 100 0.75 3 443 461 394 250 281 290 187 120
7 10 5 1 100 0.75 3 444 470 395 256 287 296 193 118
7 10 5 1 100 0.75 3 445 479 395 250 291 303 200 121
7 10 5 1 100 0.75 3 446 487 396 237 297 309 206 121
7 10 5 1 100 0.75 3 447 498 394 243 299 318 215 116
7 10 5 1 100 0.75 3 448 507 395 234 304 324 221 118
7 10 5 1 100 0.75 3 449 514 399 228 311 327 224 123
7 10 5 1 100 0.75 3 450 522 402 237 316 331 228 124
7 10 5 1 100 0.75 3 451 528 405 239 325 335 232 132
7 10 5 1 100 0.75 3 452 535 404 239 324 342 240 132
7 10 5 1 100 0.75 3 453 542 407 246 331 346 244 135
7 10 5 1 100 0.75 3 454 547 402 245 329 358 256 132
7 10 5 1 100 0.75 3 455 552 403 243 329 364 262 132
7 10 5 1 100 0.75 3 456 560 405 233 332 369 267 134
7 10 5 1 100 0.75 3 457 568 405 235 336 376 274 135
7 10 5 1 100 0.75 3 458 575 405 236 339 383 281 136
7 10 5 1 100 0.75 3 459 584 400 232 336 395 293 130
7 10 5 1 100 0.75 3 460 586 397 234 337 405 303 129
7 10 5 1 100 0.75 3 461 594 397 223 334 412 310 128
7 10 5 1 100 0.75 3 462 600 398 215 338 417 316 129
7 10 5 1 100 0.75 3 463 606 398 220 338 424 323 132
7 10 5 1 100 0.75 3 464 610 403 219 345 426 325 135
7 10 5 1 100 0.75 3 465 614 403 219 346 433 332 136
7 10 5 1 100 0.75 3 466 619 394 198 338 449 348 132
7 10 5 1 100 0.75 3 467 624 398 205 341 452 351 134
7 10 5 1 100 0.75 3 468 628 397 214 341 460 359 129
7 10 5 1 100 0.75 3 469 631 398 206 342 465 365 132
7 10 5 1 100 0.75 3 470 633 397 198 340 473 373 131
7 10 5 1 100 0.75 3 471 639 397 214 339 480 380 130
7 10 5 1 100 0.75 3 472 646 393 204 339 490 391 127
7 10 5 1 100 0.75 3 473 650 393 205 339 497 398 123
7 10 5 1 100 0.75 3 474 654 395 193 343 502 403 124
7 10 5 1 100 0.75 3 475 657 394 182 342 509 411 123
7 10 5 1 100 0.75 3 476 661 389 193 334 521 423 118
7 10 5 1 100 0.75 3 477 665 393 191 338 523 426 121
7 10 5 1 100 0.75 3 478 671 387 174 333 536 439 114
7 10 5 1 100 0.75 3 479 673 390 185 335 540 443 115
7 10 5 1 100 0.75 3 480 674 389 180 334 548 451 112
7 10 5 1 100 0.75 3 481 683 386 182 330 557 461 106
7 10 5 1 100 0.75 3 482 685 387 178 335 563 467 106
7 10 5 1 100 0.75 3 483 687 386 177 333 571 475 102
7 10 5 1 100 0.75 3 484 692 385 181 328 579 483 97
7 10 5 1 100 0.75 3 485 696 386 173 331 585 489 100
7 10 5 1 100 0.75 3 486 698 387 171 331 591 495 98
7 10 5 1 100 0.75 3 487 700 389 168 332 596 500 97
7 10 5 1 100 0.75 3 488 705 392 182 334 600 504 103
7 10 5 1 100 0.75 3 489 707 392 182 337 605 511 101
7 10 5 1 100 0.75 3 490 709 396 169 342 607 514 101
7 10 5 1 100 0.75 3 491 714 395 171 340 615 522 97
7 10 5 1 100 0.75 3 492 718 396 172 342 620 528 97
7 10 5 1 100 0.75 3 493 719 395 171 343 628 536 95
7 10 5 1 100 0.75 3 494 723 397 172 342 633 541 98
7 10 5 1 100 0.75 3 495 724 393 166 339 644 552 92
7 10 5 1 100 0.75 3 496 726 397 159 343 647 555 95
7 10 5 1 100 0.75 3 497 731 397 166 342 654 562 94
7 10 5 1 100 0.75 3 498 734 398 167 349 660 568 95
7 10 5 1 100 0.75 3 499 738 402 174 351 663 571 98
7 10 5 1 100 0.75 3 500 741 406 155 355 666 574 101
7 10 5 1 100 0.75 3 501 743 409 170 356 669 578 102
7 10 5 1 100 0.75 3 502 746 409 170 355 676 585 102
7 10 5 1 100 0.75 3 503 749 409 171 356 683 592 98
7 10 5 1 100 0.75 3 504 752 407 177 352 692 601 98
7 10 5 1 100 0.75 3 505 756 409 177 352 697 606 101
7 10 5 1 100 0.75 3 506 761 410 165 356 702 612 102
7 10 5 1 100 0.75 3 507 763 411 157 360 706 618 100
7 10 5 1 100 0.75 3 508 766 414 167 362 710 622 99
7 10 5 1 100 0.75 3 509 766 415 164 362 716 628 96
7 10 5 1 100 0.75 3 510 767 417 161 361 721 633 97
7 10 5 1 100 0.75 3 510 767 417 417 361 816 633 97
7 10 5 1 100 0.75 3 540 767 417 417 361 109 633 97
7 10 5 1 100 0.75 4 541 0 7 7 0 109 0 0
7 10 5 1 100 0.75 4 542 0 14 14 0 109 0 0
7 10 5 1 100 0.75 4 543 0 21 21 0 109 0 0
7 10 5 1 100 0.75 4 544 0 28 28 0 109 0 0
7 10 5 1 100 0.75 4 545 0 35 35 0 109 0 0
7 10 5 1 100 0.75 4 546 0 42 42 0 109 0 0
7 10 5 1 100 0.75 4 547 0 49 49 0 109 0 0
7 10 5 1 100 0.75 4 548 1 56 55 0 109 0 0
7 10 5 1 100 0.75 4 549 1 63 60 1 109 0 0
7 10 5 1 100 0.75 4 550 2 70 67 1 109 0 0
7 10 5 1 100 0.75 4 551 5 77 70 2 109 0 0
7 10 5 1 100 0.75 4 552 8 84 76 5 109 0 0
7 10 5 1 100 0.75 4 553 12 91 77 8 109 0 0
7 10 5 1 100 0.75 4 554 14 98 81 12 109 0 0
7 10 5 1 100 0.75 4 555 14 105 87 14 109 0 0
7 10 5 1 100 0.75 4 556 17 112 93 14 109 0 1
7 10 5 1 100 0.75 4 557 18 119 99 17 109 0 2
7 10 5 1 100 0.75 4 558 23 126 106 18 109 0 5
7 10 5 1 100 0.75 4 559 25 133 108 23 109 0 5
7 10 5 1 100 0.75 4 560 28 140 116 25 109 0 8
7 10 5 1 100 0.75 4 561 31 147 125 28 109 0 14
7 10 5 1 100 0.75 4 562 36 154 127 31 109 0 14
7 10 5 1 100 0.75 4 563 41 161 135 36 109 0 16
7 10 5 1 100 0.75 4 564 47 168 131 41 109 0 16
7 10 5 1 100 0.75 4 565 51 175 138 47 109 0 20
7 10 5 1 100 0.75 4 566 57 182 145 51 109 0 21
7 10 5 1 100 0.75 4 567 59 189 152 57 109 0 23
7 10 5 1 100 0.75 4 568 65 196 155 59 109 0 27
7 10 5 1 100 0.75 4 569 65 203 164 65 109 0 30
7 10 5 1 100 0.75 4 570 73 210 169 65 109 0 34
7 10 5 1 100 0.75 4 571 80 217 174 73 109 0 39
7 10 5 1 100 0.75 4 572 83 224 186 80 109 0 43
7 10 5 1 100 0.75 4 573 89 230 185 82 110 1 44
7 10 5 1 100 0.75 4 574 92 236 198 87 111 2 48
7 10 5 1 100 0.75 4 575 95 242 198 89 112 3 48
7 10 5 1 100 0.75 4 576 103 244 195 87 117 8 45
7 10 5 1 100 0.75 4 577 107 250 201 94 118 9 48
7 10 5 1 100 0.75 4 578 114 254 211 95 121 12 50
7 10 5 1 100 0.75 4 579 119 261 210 102 121 12 54
7 10 5 1 100 0.75 4 580 124 265 219 104 124 15 55
7 10 5 1 100 0.75 4 581 129 271 216 108 125 16 56
7 10 5 1 100 0.75 4 582 132 277 224 112 126 17 58
7 10 5 1 100 0.75 4 583 137 282 234 113 128 19 62
7 10 5 1 100 0.75 4 584 139 288 241 117 129 20 66
7 10 5 1 100 0.75 4 585 143 293 239 117 131 22 69
7 10 5 1 100 0.75 4 586 153 298 245 119 133 24 72
7 10 5 1 100 0.75 4 587 158 299 246 123 139 30 70
7 10 5 1 100 0.75 4 588 166 304 245 127 141 32 72
7 10 5 1 100 0.75 4 589 172 306 240 130 146 37 70
7 10 5 1 100 0.75 4 590 174 305 239 128 154 45 65
7 10 5 1 100 0.75 4 591 177 310 245 128 156 47 66
7 10 5 1 100 0.75 4 592 187 313 243 127 160 51 62
7 10 5 1 100 0.75 4 593 195 318 244 135 162 53 66
7 10 5 1 100 0.75 4 594 203 323 254 141 164 55 71
7 10 5 1 100 0.75 4 595 208 330 262 149 163 55 75
7 10 5 1 100 0.75 4 596 215 331 259 148 169 61 76
7 10 5 1 100 0.75 4 597 221 330 254 148 177 69 73
7 10 5 1 100 0.75 4 598 229 335 256 152 179 71 71
7 10 5 1 100 0.75 4 599 238 339 253 159 182 74 71
7 10 5 1 100 0.75 4 600 247 340 257 162 188 80 72
7 10 5 1 100 0.75 4 601 255 345 255 169 190 82 73
7 10 5 1 100 0.75 4 602 259 345 260 170 197 89 71
7 10 5 1 100 0.75 4 603 270 346 254 169 203 95 70
7 10 5 1 100 0.75 4 604 277 350 255 177 206 98 72
7 10 5 1 100 0.75 4 605 287 354 263 182 209 101 74
7 10 5 1 100 0.75 4 606 294 357 265 188 213 105 79
7 10 5 1 100 0.75 4 607 297 359 273 191 218 110 80
7 10 5 1 100 0.75 4 608 310 364 266 192 220 112 83
7 10 5 1 100 0.75 4 609 318 369 273 204 221 114 88
7 10 5 1 100 0.75 4 610 324 374 268 211 223 116 91
7 10 5 1 100 0.75 4 611 337 378 268 214 226 119 96
7 10 5 1 100 0.75 4 612 347 382 270 225 229 122 105
7 10 5 1 100 0.75 4 613 354 379 262 227 239 132 100
7 10 5 1 100 0.75 4 614 359 382 268 231 242 136 100
7 10 5 1 100 0.75 4 615 368 384 266 232 247 141 103
7 10 5 1 100 0.75 4 616 379 387 265 237 251 145 105
7 10 5 1 100 0.75 4 617 387 391 261 245 254 148 108
7 10 5 1 100 0.75 4 618 402 397 263 255 255 149 115
7 10 5 1 100 0.75 4 619 415 396 259 263 263 157 116
7 10 5 1 100 0.75 4 620 423 399 267 272 267 161 120
7 10 5 1 100 0.75 4 621 432 398 257 275 275 169 117
7 10 5 1 100 0.75 4 622 440 399 258 278 281 175 117
7 10 5 1 100 0.75 4 623 448 400 250 280 287 181 120
7 10 5 1 100 0.75 4 624 457 398 254 282 296 190 121
7 10 5 1 100 0.75 4 625 463 402 255 291 299 193 127
7 10 5 1 100 0.75 4 626 471 403 253 294 305 199 132
7 10 5 1 100 0.75 4 627 481 402 263 294 313 207 130
7 10 5 1 100 0.75 4 628 490 404 245 301 318 212 132
7 10 5 1 100 0.75 4 629 497 405 244 306 324 218 130
7 10 5 1 100 0.75 4 630 503 403 245 304 333 227 128
7 10 5 1 100 0.75 4 631 512 404 252 306 339 233 134
7 10 5 1 100 0.75 4 632 520 405 247 310 345 239 135
7 10 5 1 100 0.75 4 633 526 404 250 312 352 247 136
7 10 5 1 100 0.75 4 634 532 405 238 314 358 253 138
7 10 5 1 100 0.75 4 635 539 407 241 318 363 258 141
7 10 5 1 100 0.75 4 636 546 405 246 318 371 267 141
7 10 5 1 100 0.75 4 637 553 406 227 320 377 273 141
7 10 5 1 100 0.75 4 638 564 404 235 319 386 282 140
7 10 5 1 100 0.75 4 639 572 404 235 325 393 289 136
7 10 5 1 100 0.75 4 640 580 400 229 323 404 300 130
7 10 5 1 100 0.75 4 641 585 396 217 323 415 311 127
7 10 5 1 100 0.75 4 642 592 394 218 319 424 320 125
7 10 5 1 100 0.75 4 643 598 395 209 321 429 326 127
7 10 5 1 100 0.75 4 644 610 393 210 321 437 335 122
7 10 5 1 100 0.75 4 645 617 393 214 326 444 342 122
7 10 5 1 100 0.75 4 646 620 392 220 328 452 350 122
7 10 5 1 100 0.75 4 647 625 393 214 328 458 356 125
7 10 5 1 100 0.75 4 648 634 396 208 332 462 360 128
7 10 5 1 100 0.75 4 649 635 392 204 336 472 371 124
7 10 5 1 100 0.75 4 650 644 390 200 332 480 380 122
7 10 5 1 100 0.75 4 651 646 387 184 333 490 390 123
7 10 5 1 100 0.75 4 652 649 384 181 327 500 400 123
7 10 5 1 100 0.75 4 653 655 389 193 332 502 402 126
7 10 5 1 100 0.75 4 654 659 386 183 331 512 412 118
7 10 5 1 100 0.75 4 655 663 388 185 331 517 417 125
7 10 5 1 100 0.75 4 656 669 393 183 335 519 419 129
7 10 5 1 100 0.75 4 657 674 390 188 336 528 429 130
7 10 5 1 100 0.75 4 658 678 390 190 337 535 436 126
7 10 5 1 100 0.75 4 659 682 393 173 339 539 440 124
7 10 5 1 100 0.75 4 660 687 392 181 336 547 448 124
7 10 5 1 100 0.75 4 661 687 389 177 335 557 458 118
7 10 5 1 100 0.75 4 662 691 390 181 333 563 464 112
7 10 5 1 100 0.75 4 663 691 390 180 335 569 471 109
7 10 5 1 100 0.75 4 664 696 389 175 330 577 479 104
7 10 5 1 100 0.75 4 665 700 388 173 332 585 487 102
7 10 5 1 100 0.75 4 666 702 388 170 333 592 494 99
7 10 5 1 100 0.75 4 667 706 388 177 329 599 501 99
7 10 5 1 100 0.75 4 668 709 385 165 328 609 511 93
7 10 5 1 100 0.75 4 669 712 385 161 330 615 518 92
7 10 5 1 100 0.75 4 670 714 382 155 328 624 528 85
7 10 5 1 100 0.75 4 671 717 381 152 325 632 536 84
7 10 5 1 100 0.75 4 672 724 386 152 329 634 538 90
7 10 5 1 100 0.75 4 673 726 386 162 332 640 545 85
7 10 5 1 100 0.75 4 674 729 390 158 336 642 548 86
7 10 5 1 100 0.75 4 675 734 389 153 335 649 556 85
7 10 5 1 100 0.75 4 676 738 389 163 335 656 563 82
7 10 5 1 100 0.75 4 677 740 388 154 335 664 571 80
7 10 5 1 100 0.75 4 678 745 395 149 341 664 571 85
7 10 5 1 100 0.75 4 679 746 399 162 347 666 574 88
7 10 5 1 100 0.75 4 680 749 401 159 347 671 579 88
7 10 5 1 100 0.75 4 681 750 403 154 350 676 584 89
7 10 5 1 100 0.75 4 682 754 405 173 353 681 589 89
7 10 5 1 100 0.75 4 683 755 406 149 354 686 595 89
7 10 5 1 100 0.75 4 684 760 409 153 355 690 599 89
7 10 5 1 100 0.75 4 685 762 412 157 359 694 603 92
7 10 5 1 100 0.75 4 686 764 413 164 358 700 609 90
7 10 5 1 100 0.75 4 687 768 413 149 359 706 616 87
7 10 5 1 100 0.75 4 688 770 419 163 364 707 617 90
7 10 5 1 100 0.75 4 689 772 421 159 369 712 622 92
7 10 5 1 100 0.75 4 690 775 422 149 371 718 628 89
7 10 5 1 100 0.75 4 690 775 422 422 371 803 628 89
7 10 5 1 100 0.75 4 720 775 422 422 371 108 628 89
7 10 5 1 100 0.75 5 721 0 7 7 0 108 0 0
7 10 5 1 100 0.75 5 722 0 14 14 0 108 0 0
7 10 5 1 100 0.75 5 723 0 21 21 0 108 0 0
7 10 5 1 100 0.75 5 724 0 28 28 0 108 0 0
7 10 5 1 100 0.75 5 725 0 35 35 0 108 0 0
7 10 5 1 100 0.75 5 726 0 42 42 0 108 0 0
7 10 5 1 100 0.75 5 727 0 49 49 0 108 0 0
7 10 5 1 100 0.75 5 728 1 56 55 0 108 0 0
7 10 5 1 100 0.75 5 729 1 63 62 1 107 0 0
7 10 5 1 100 0.75 5 730 3 70 66 1 107 0 0
7 10 5 1 100 0.75 5 731 3 77 74 3 107 0 0
7 10 5 1 100 0.75 5 732 4 84 80 3 107 0 0
7 10 5 1 100 0.75 5 733 7 91 83 4 107 0 0
7 10 5 1 100 0.75 5 734 8 98 88 7 107 0 0
7 10 5 1 100 0.75 5 735 9 105 94 8 107 0 0
7 10 5 1 100 0.75 5 736 11 112 99 9 107 0 0
7 10 5 1 100 0.75 5 737 14 119 104 11 107 0 0
7 10 5 1 100 0.75 5 738 17 126 110 14 107 0 1
7 10 5 1 100 0.75 5 739 21 133 112 17 107 0 1
7 10 5 1 100 0.75 5 740 23 140 117 21 107 0 2
7 10 5 1 100 0.75 5 741 30 147 122 23 107 0 3
7 10 5 1 100 0.75 5 742 32 154 125 30 107 0 3
7 10 5 1 100 0.75 5 743 34 161 132 32 107 0 3
7 10 5 1 100 0.75 5 744 37 168 135 34 107 0 4
7 10 5 1 100 0.75 5 745 38 175 148 37 107 0 8
7 10 5 1 100 0.75 5 746 42 182 153 38 107 0 10
7 10 5 1 100 0.75 5 747 46 189 159 42 107 0 11
7 10 5 1 100 0.75 5 748 49 196 166 46 107 0 13
7 10 5 1 100 0.75 5 749 56 203 172 49 107 0 18
7 10 5 1 100 0.75 5 750 57 210 177 56 107 0 19
7 10 5 1 100 0.75 5 751 61 217 186 57 107 0 22
7 10 5 1 100 0.75 5 752 63 224 188 61 107 0 23
7 10 5 1 100 0.75 5 753 66 231 194 63 107 0 25
7 10 5 1 100 0.75 5 754 68 238 201 66 107 0 28
7 10 5 1 100 0.75 5 755 71 244 211 67 108 1 31
7 10 5 1 100 0.75 5 756 77 249 213 68 110 3 35
7 10 5 1 100 0.75 5 757 83 256 221 74 110 3 38
7 10 5 1 100 0.75 5 758 88 263 225 80 110 3 40
7 10 5 1 100 0.75 5 759 88 270 236 85 110 3 42
7 10 5 1 100 0.75 5 760 93 277 233 85 110 3 42
7 10 5 1 100 0.75 5 761 98 283 241 89 111 4 42
7 10 5 1 100 0.75 5 762 100 290 248 94 111 4 44
7 10 5 1 100 0.75 5 763 104 296 251 95 112 5 45
7 10 5 1 100 0.75 5 764 112 300 252 96 115 8 48
7 10 5 1 100 0.75 5 765 119 305 258 102 117 10 47
7 10 5 1 100 0.75 5 766 125 309 259 106 120 13 48
7 10 5 1 100 0.75 5 767 127 315 260 111 121 14 50
7 10 5 1 100 0.75 5 768 135 317 258 108 126 19 47
7 10 5 1 100 0.75 5 769 140 322 264 114 127 21 50
7 10 5 1 100 0.75 5 770 149 325 263 115 131 25 48
7 10 5 1 100 0.75 5 771 152 331 270 123 132 26 50
7 10 5 1 100 0.75 5 772 162 336 273 124 134 28 58
7 10 5 1 100 0.75 5 773 171 339 276 130 138 32 58
7 10 5 1 100 0.75 5 774 176 341 269 134 143 37 53
7 10 5 1 100 0.75 5 775 187 346 271 137 145 39 58
7 10 5 1 100 0.75 5 776 191 349 269 144 149 43 56
7 10 5 1 100 0.75 5 777 196 354 282 146 151 45 64
7 10 5 1 100 0.75 5 778 203 358 285 148 154 48 66
7 10 5 1 100 0.75 5 779 212 362 288 152 157 51 66
7 10 5 1 100 0.75 5 780 219 367 289 159 159 53 69
7 10 5 1 100 0.75 5 781 227 371 293 164 162 56 74
7 10 5 1 100 0.75 5 782 235 376 296 170 164 58 79
7 10 5 1 100 0.75 5 783 242 381 302 176 166 60 82
7 10 5 1 100 0.75 5 784 252 387 299 182 167 61 84
7 10 5 1 100 0.75 5 785 255 393 309 191 168 62 85
7 10 5 1 100 0.75 5 786 268 395 312 189 172 67 89
7 10 5 1 100 0.75 5 787 274 399 308 200 175 70 92
7 10 5 1 100 0.75 5 788 285 401 310 201 180 75 94
7 10 5 1 100 0.75 5 789 297 404 311 208 184 79 95
7 10 5 1 100 0.75 5 790 305 406 308 216 189 84 96
7 10 5 1 100 0.75 5 791 317 408 301 220 194 89 95
7 10 5 1 100 0.75 5 792 324 406 299 223 203 98 90
7 10 5 1 100 0.75 5 793 329 409 301 226 207 102 91
7 10 5 1 100 0.75 5 794 338 413 312 229 210 105 95
7 10 5 1 100 0.75 5 795 345 413 303 233 216 112 95
7 10 5 1 100 0.75 5 796 354 418 314 239 218 114 102
7 10 5 1 100 0.75 5 797 368 419 307 242 224 120 102
7 10 5 1 100 0.75 5 798 378 418 302 249 232 128 98
7 10 5 1 100 0.75 5 799 389 422 307 256 235 131 101
7 10 5 1 100 0.75 5 800 398 421 302 260 243 139 97
7 10 5 1 100 0.75 5 801 406 423 293 265 248 144 98
7 10 5 1 100 0.75 5 802 412 423 296 269 255 151 100
7 10 5 1 100 0.75 5 803 425 426 289 273 259 155 104
7 10 5 1 100 0.75 5 804 436 428 290 281 264 160 110
7 10 5 1 100 0.75 5 805 450 430 280 289 269 165 111
7 10 5 1 100 0.75 5 806 457 427 289 295 279 175 111
7 10 5 1 100 0.75 5 807 469 433 287 302 280 176 116
7 10 5 1 100 0.75 5 808 475 433 287 308 287 183 118
7 10 5 1 100 0.75 5 809 483 436 274 310 291 187 121
7 10 5 1 100 0.75 5 810 491 439 283 315 295 191 123
7 10 5 1 100 0.75 5 811 503 439 294 317 302 198 126
7 10 5 1 100 0.75 5 812 513 438 282 321 310 206 125
7 10 5 1 100 0.75 5 813 520 440 281 327 315 211 129
7 10 5 1 100 0.75 5 814 525 440 276 328 322 218 130
7 10 5 1 100 0.75 5 815 538 440 279 328 329 225 132
7 10 5 1 100 0.75 5 816 547 442 278 341 334 230 134
7 10 5 1 100 0.75 5 817 554 442 276 343 341 237 133
7 10 5 1 100 0.75 5 818 564 446 270 350 344 240 137
7 10 5 1 100 0.75 5 819 570 440 274 348 356 253 132
7 10 5 1 100 0.75 5 820 580 441 267 349 362 259 130
7 10 5 1 100 0.75 5 821 589 440 268 351 370 267 129
7 10 5 1 100 0.75 5 822 602 441 263 359 376 273 131
7 10 5 1 100 0.75 5 823 609 439 255 366 385 282 133
7 10 5 1 100 0.75 5 824 619 438 252 367 393 290 133
7 10 5 1 100 0.75 5 825 621 437 242 372 401 298 131
7 10 5 1 100 0.75 5 826 626 436 250 369 409 306 131
7 10 5 1 100 0.75 5 827 635 437 243 369 414 312 133
7 10 5 1 100 0.75 5 828 644 434 247 370 424 322 132
7 10 5 1 100 0.75 5 829 648 434 249 373 431 329 133
7 10 5 1 100 0.75 5 830 655 434 240 371 438 336 136
7 10 5 1 100 0.75 5 831 662 430 243 372 449 347 135
7 10 5 1 100 0.75 5 832 667 433 239 376 452 351 139
7 10 5 1 100 0.75 5 833 671 433 235 376 459 358 136
7 10 5 1 100 0.75 5 834 678 433 242 375 466 365 139
7 10 5 1 100 0.75 5 835 684 428 223 374 478 377 132
7 10 5 1 100 0.75 5 836 685 429 242 376 483 383 135
7 10 5 1 100 0.75 5 837 689 428 224 373 491 391 130
7 10 5 1 100 0.75 5 838 695 431 228 377 495 395 134
7 10 5 1 100 0.75 5 839 699 431 225 377 502 402 130
7 10 5 1 100 0.75 5 840 703 436 222 381 504 404 133
7 10 5 1 100 0.75 5 841 708 433 212 377 514 414 127
7 10 5 1 100 0.75 5 842 710 425 209 371 529 429 118
7 10 5 1 100 0.75 5 843 715 424 206 369 537 437 116
7 10 5 1 100 0.75 5 844 718 427 213 373 540 441 118
7 10 5 1 100 0.75 5 845 723 422 207 367 552 453 112
7 10 5 1 100 0.75 5 846 723 419 206 366 562 463 107
7 10 5 1 100 0.75 5 847 725 415 196 360 573 474 102
7 10 5 1 100 0.75 5 848 731 416 205 360 579 480 102
7 10 5 1 100 0.75 5 849 735 415 193 362 586 488 99
7 10 5 1 100 0.75 5 850 739 416 177 363 592 494 97
7 10 5 1 100 0.75 5 851 741 416 189 362 598 501 97
7 10 5 1 100 0.75 5 852 744 420 176 364 601 504 104
7 10 5 1 100 0.75 5 853 750 418 178 361 610 513 100
7 10 5 1 100 0.75 5 854 754 417 187 364 618 521 95
7 10 5 1 100 0.75 5 855 754 417 175 365 625 528 94
7 10 5 1 100 0.75 5 856 756 421 175 365 628 531 96
7 10 5 1 100 0.75 5 857 760 422 192 365 634 537 93
7 10 5 1 100 0.75 5 858 762 426 185 371 637 540 93
7 10 5 1 100 0.75 5 859 764 431 174 378 639 542 98
7 10 5 1 100 0.75 5 860 766 430 178 376 647 550 95
7 10 5 1 100 0.75 5 861 771 434 166 377 650 553 103
7 10 5 1 100 0.75 5 862 771 436 169 384 655 558 101
7 10 5 1 100 0.75 5 863 771 436 181 383 662 565 97
7 10 5 1 100 0.75 5 864 778 436 173 380 669 572 97
7 10 5 1 100 0.75 5 865 779 435 183 382 677 580 95
7 10 5 1 100 0.75 5 866 783 440 175 385 679 582 97
7 10 5 1 100 0.75 5 867 785 441 165 386 685 588 96
7 10 5 1 100 0.75 5 868 788 438 173 383 695 598 94
7 10 5 1 100 0.75 5 869 788 441 168 387 698 602 97
7 10 5 1 100 0.75 5 870 790 444 173 389 702 606 94
7 10 5 1 100 0.75 5 870 790 444 444 389 796 606 94
7 10 5 1 100 0.75 5 900 790 444 444 389 109 606 94
7 10 5 1 100 0.75 6 901 0 7 7 0 109 0 0
7 10 5 1 100 0.75 6 902 0 14 14 0 109 0 0
7 10 5 1 100 0.75 6 903 0 21 21 0 109 0 0
7 10 5 1 100 0.75 6 904 0 28 28 0 109 0 0
7 10 5 1 100 0.75 6 905 0 35 35 0 109 0 0
7 10 5 1 100 0.75 6 906 0 42 42 0 109 0 0
7 10 5 1 100 0.75 6 907 0 49 49 0 109 0 0
7 10 5 1 100 0.75 6 908 0 56 56 0 109 0 0
7 10 5 1 100 0.75 6 909 1 63 61 0 109 0 0
7 10 5 1 100 0.75 6 910 1 70 67 1 109 0 0
7 10 5 1 100 0.75 6 911 9 77 68 1 109 0 0
7 10 5 1 100 0.75 6 912 12 84 71 9 109 0 0
7 10 5 1 100 0.75 6 913 13 91 77 12 109 0 0
7 10 5 1 100 0.75 6 914 14 98 83 13 109 0 0
7 10 5 1 100 0.75 6 915 15 105 89 14 109 0 0
7 10 5 1 100 0.75 6 916 17 112 93 15 109 0 0
7 10 5 1 100 0.75 6 917 19 119 97 17 109 0 1
7 10 5 1 100 0.75 6 918 24 126 104 19 109 0 3
7 10 5 1 100 0.75 6 919 26 133 113 24 109 0 7
7 10 5 1 100 0.75 6 920 31 140 118 26 109 0 9
7 10 5 1 100 0.75 6 921 36 147 122 31 109 0 10
7 10 5 1 100 0.75 6 922 39 154 127 36 109 0 12
7 10 5 1 100 0.75 6 923 44 161 130 39 109 0 12
7 10 5 1 100 0.75 6 924 45 168 137 44 109 0 14
7 10 5 1 100 0.75 6 925 46 175 146 45 109 0 15
7 10 5 1 100 0.75 6 926 52 182 149 46 109 0 18
7 10 5 1 100 0.75 6 927 57 189 156 52 109 0 20
7 10 5 1 100 0.75 6 928 62 196 164 57 109 0 25
7 10 5 1 100 0.75 6 929 63 203 170 62 109 0 28
7 10 5 1 100 0.75 6 930 67 210 180 63 109 0 32
7 10 5 1 100 0.75 6 931 68 217 178 67 109 0 34
7 10 5 1 100 0.75 6 932 70 224 192 68 109 0 34
7 10 5 1 100 0.75 6 933 76 231 196 70 109 0 38
7 10 5 1 100 0.75 6 934 81 236 199 74 111 2 41
7 10 5 1 100 0.75 6 935 87 242 201 78 112 3 44
7 10 5 1 100 0.75 6 936 93 248 207 83 113 4 45
7 10 5 1 100 0.75 6 937 96 253 214 87 115 6 45
7 10 5 1 100 0.75 6 938 101 257 210 87 118 9 46
7 10 5 1 100 0.75 6 939 106 262 212 90 119 11 46
7 10 5 1 100 0.75 6 940 110 268 221 94 120 12 48
7 10 5 1 100 0.75 6 941 114 272 223 95 123 15 50
7 10 5 1 100 0.75 6 942 119 277 228 97 125 17 51
7 10 5 1 100 0.75 6 943 125 282 230 100 127 19 56
7 10 5 1 100 0.75 6 944 135 286 228 103 130 22 54
7 10 5 1 100 0.75 6 945 140 291 233 111 132 24 55
7 10 5 1 100 0.75 6 946 150 295 230 113 135 27 54
7 10 5 1 100 0.75 6 947 155 300 240 122 137 29 55
7 10 5 1 100 0.75 6 948 158 303 239 123 141 33 54
7 10 5 1 100 0.75 6 949 167 306 240 122 145 37 54
7 10 5 1 100 0.75 6 950 172 308 241 126 150 42 52
7 10 5 1 100 0.75 6 951 181 312 241 128 153 45 54
7 10 5 1 100 0.75 6 952 187 317 246 135 155 47 60
7 10 5 1 100 0.75 6 953 190 320 255 137 159 51 62
7 10 5 1 100 0.75 6 954 200 325 254 138 161 53 65
7 10 5 1 100 0.75 6 955 207 330 254 146 163 55 66
7 10 5 1 100 0.75 6 956 213 334 246 150 166 58 67
7 10 5 1 100 0.75 6 957 221 338 257 153 169 61 70
7 10 5 1 100 0.75 6 958 231 342 255 158 172 64 73
7 10 5 1 100 0.75 6 959 242 344 255 165 177 69 78
7 10 5 1 100 0.75 6 960 249 347 256 172 181 73 76
7 10 5 1 100 0.75 6 961 254 354 261 179 180 73 80
7 10 5 1 100 0.75 6 962 262 357 263 180 184 77 80
7 10 5 1 100 0.75 6 963 270 362 266 186 186 79 83
7 10 5 1 100 0.75 6 964 281 365 263 191 190 83 86
7 10 5 1 100 0.75 6 965 286 371 276 202 191 84 90
7 10 5 1 100 0.75 6 966 293 371 280 201 198 91 91
7 10 5 1 100 0.75 6 967 300 378 283 209 198 91 101
7 10 5 1 100 0.75 6 968 309 378 280 209 205 98 97
7 10 5 1 100 0.75 6 969 318 379 275 213 210 104 95
7 10 5 1 100 0.75 6 970 328 380 275 216 216 110 98
7 10 5 1 100 0.75 6 971 337 382 275 221 221 115 101
7 10 5 1 100 0.75 6 972 350 385 271 229 225 119 106
7 10 5 1 100 0.75 6 973 359 386 261 238 231 125 104
7 10 5 1 100 0.75 6 974 367 389 262 243 235 129 102
7 10 5 1 100 0.75 6 975 376 390 267 246 241 135 103
7 10 5 1 100 0.75 6 976 387 393 259 251 245 139 105
7 10 5 1 100 0.75 6 977 392 392 270 254 253 147 103
7 10 5 1 100 0.75 6 978 405 397 259 257 255 149 111
7 10 5 1 100 0.75 6 979 413 395 272 262 264 158 112
7 10 5 1 100 0.75 6 980 429 397 259 266 269 163 112
7 10 5 1 100 0.75 6 981 436 398 258 277 275 169 111
7 10 5 1 100 0.75 6 982 446 399 258 282 281 175 113
7 10 5 1 100 0.75 6 983 455 403 253 289 284 178 118
7 10 5 1 100 0.75 6 984 463 403 261 293 291 185 116
7 10 5 1 100 0.75 6 985 474 401 242 294 300 194 113
7 10 5 1 100 0.75 6 986 480 403 259 300 305 199 116
7 10 5 1 100 0.75 6 987 491 404 243 301 311 205 122
7 10 5 1 100 0.75 6 988 498 404 258 307 317 212 126
7 10 5 1 100 0.75 6 989 511 408 259 312 320 215 130
7 10 5 1 100 0.75 6 990 519 408 245 319 327 222 129
7 10 5 1 100 0.75 6 991 530 413 260 325 329 224 140
7 10 5 1 100 0.75 6 992 540 409 239 326 340 235 135
7 10 5 1 100 0.75 6 993 543 411 243 335 345 240 133
7 10 5 1 100 0.75 6 994 548 411 246 331 352 247 135
7 10 5 1 100 0.75 6 995 556 409 236 331 361 256 134
7 10 5 1 100 0.75 6 996 566 411 243 338 366 261 142
7 10 5 1 100 0.75 6 997 569 412 236 342 372 267 145
7 10 5 1 100 0.75 6 998 574 412 243 343 379 274 146
7 10 5 1 100 0.75 6 999 578 412 235 341 386 281 149
7 10 5 1 100 0.75 6 1000 583 413 238 343 391 287 148
7 10 5 1 100 0.75 6 1001 590 407 221 338 404 300 138
7 10 5 1 100 0.75 6 1002 599 404 221 336 414 310 136
7 10 5 1 100 0.75 6 1003 607 404 216 338 421 317 138
7 10 5 1 100 0.75 6 1004 614 401 207 336 431 327 136
7 10 5 1 100 0.75 6 1005 617 402 206 339 437 333 135
7 10 5 1 100 0.75 6 1006 626 398 196 334 448 344 127
7 10 5 1 100 0.75 6 1007 631 401 209 343 452 348 132
7 10 5 1 100 0.75 6 1008 636 401 194 341 459 355 128
7 10 5 1 100 0.75 6 1009 642 402 211 342 465 361 129
7 10 5 1 100 0.75 6 1010 645 401 194 344 473 369 129
7 10 5 1 100 0.75 6 1011 651 397 200 339 484 380 125
7 10 5 1 100 0.75 6 1012 654 395 191 337 493 389 119
7 10 5 1 100 0.75 6 1013 657 390 192 334 505 401 113
7 10 5 1 100 0.75 6 1014 663 392 185 336 510 406 115
7 10 5 1 100 0.75 6 1015 666 392 197 339 517 413 113
7 10 5 1 100 0.75 6 1016 668 392 174 338 524 420 113
7 10 5 1 100 0.75 6 1017 670 394 194 341 528 425 115
7 10 5 1 100 0.75 6 1018 673 394 198 338 535 432 110
7 10 5 1 100 0.75 6 1019 679 390 174 335 546 443 106
7 10 5 1 100 0.75 6 1020 683 389 169 337 554 451 103
7 10 5 1 100 0.75 6 1021 688 391 173 337 559 456 105
7 10 5 1 100 0.75 6 1022 690 391 184 337 566 463 103
7 10 5 1 100 0.75 6 1023 692 388 186 334 576 473 98
7 10 5 1 100 0.75 6 1024 697 391 169 335 580 477 98
7 10 5 1 100 0.75 6 1025 699 392 180 339 586 483 96
7 10 5 1 100 0.75 6 1026 703 397 181 341 588 485 100
7 10 5 1 100 0.75 6 1027 708 399 176 345 593 490 103
7 10 5 1 100 0.75 6 1028 709 398 170 346 599 498 99
7 10 5 1 100 0.75 6 1029 712 398 161 342 606 505 95
7 10 5 1 100 0.75 6 1030 716 397 170 343 614 513 94
7 10 5 1 100 0.75 6 1031 718 398 166 347 620 519 95
7 10 5 1 100 0.75 6 1032 722 401 167 347 624 523 97
7 10 5 1 100 0.75 6 1033 725 401 167 349 631 530 95
7 10 5 1 100 0.75 6 1034 728 406 173 354 633 532 96
7 10 5 1 100 0.75 6 1035 731 406 177 354 640 539 91
7 10 5 1 100 0.75 6 1036 735 408 169 354 645 544 92
7 10 5 1 100 0.75 6 1037 739 408 165 352 652 551 94
7 10 5 1 100 0.75 6 1038 741 408 182 353 657 558 91
7 10 5 1 100 0.75 6 1039 744 406 173 349 666 567 86
7 10 5 1 100 0.75 6 1040 748 411 165 356 668 569 92
7 10 5 1 100 0.75 6 1041 752 416 175 361 670 571 94
7 10 5 1 100 0.75 6 1042 754 418 171 368 675 576 94
7 10 5 1 100 0.75 6 1043 755 421 169 368 679 580 95
7 10 5 1 100 0.75 6 1044 757 421 178 367 685 587 91
7 10 5 1 100 0.75 6 1045 760 421 173 368 691 594 91
7 10 5 1 100 0.75 6 1046 764 420 161 365 697 602 89
7 10 5 1 100 0.75 6 1047 767 421 166 367 703 608 90
7 10 5 1 100 0.75 6 1048 773 423 167 369 707 613 95
7 10 5 1 100 0.75 6 1049 776 427 164 377 710 616 96
7 10 5 1 100 0.75 6 1050 778 428 167 376 716 622 94
7 10 5 1 100 0.75 6 1050 778 428 428 376 807 622 94
7 10 5 1 100 0.75 6 1080 778 428 428 376 108 622 94
7 10 5 1 100 0.75 7 1081 0 7 7 0 108 0 0
7 10 5 1 100 0.75 7 1082 0 14 14 0 108 0 0
7 10 5 1 100 0.75 7 1083 0 21 21 0 108 0 0
7 10 5 1 100 0.75 7 1084 0 28 28 0 108 0 0
7 10 5 1 100 0.75 7 1085 0 35 35 0 108 0 0
7 10 5 1 100 0.75 7 1086 0 42 42 0 108 0 0
7 10 5 1 100 0.75 7 1087 0 49 49 0 108 0 0
7 10 5 1 100 0.75 7 1088 1 56 55 0 108 0 0
7 10 5 1 100 0.75 7 1089 2 63 61 1 108 0 0
7 10 5 1 100 0.75 7 1090 7 70 62 2 108 0 0
7 10 5 1 100 0.75 7 1091 8 77 68 7 108 0 0
7 10 5 1 100 0.75 7 1092 11 84 70 8 108 0 0
7 10 5 1 100 0.75 7 1093 15 91 76 11 108 0 0
7 10 5 1 100 0.75 7 1094 15 98 79 15 108 0 0
7 10 5 1 100 0.75 7 1095 16 105 89 15 107 0 1
7 10 5 1 100 0.75 7 1096 17 112 95 16 107 0 2
7 10 5 1 100 0.75 7 1097 19 119 101 17 107 0 4
7 10 5 1 100 0.75 7 1098 21 126 108 19 107 0 5
7 10 5 1 100 0.75 7 1099 22 133 115 21 107 0 7
7 10 5 1 100 0.75 7 1100 25 140 123 22 107 0 10
7 10 5 1 100 0.75 7 1101 26 147 127 25 107 0 13
7 10 5 1 100 0.75 7 1102 30 154 134 26 107 0 13
7 10 5 1 100 0.75 7 1103 37 161 137 30 107 0 15
7 10 5 1 100 0.75 7 1104 37 168 145 37 107 0 16
7 10 5 1 100 0.75 7 1105 41 175 149 37 107 0 19
7 10 5 1 100 0.75 7 1106 41 182 159 41 107 0 19
7 10 5 1 100 0.75 7 1107 49 189 158 41 107 0 20
7 10 5 1 100 0.75 7 1108 50 196 169 49 107 0 22
7 10 5 1 100 0.75 7 1109 54 203 173 50 107 0 24
7 10 5 1 100 0.75 7 1110 58 210 179 54 107 0 29
7 10 5 1 100 0.75 7 1111 64 216 181 57 108 1 30
7 10 5 1 100 0.75 7 1112 69 222 184 62 109 2 31
7 10 5 1 100 0.75 7 1113 74 229 186 67 109 2 33
7 10 5 1 100 0.75 7 1114 76 236 190 72 109 2 34
7 10 5 1 100 0.75 7 1115 80 243 204 74 108 2 36
7 10 5 1 100 0.75 7 1116 87 249 205 77 109 3 36
7 10 5 1 100 0.75 7 1117 91 254 211 82 111 5 36
7 10 5 1 100 0.75 7 1118 99 256 207 81 116 10 37
7 10 5 1 100 0.75 7 1119 103 262 214 88 117 11 39
7 10 5 1 100 0.75 7 1120 106 268 222 91 118 12 42
7 10 5 1 100 0.75 7 1121 109 273 225 92 120 14 43
7 10 5 1 100 0.75 7 1122 116 279 233 94 121 15 44
7 10 5 1 100 0.75 7 1123 123 284 236 99 123 17 46
7 10 5 1 100 0.75 7 1124 133 289 229 104 125 19 48
7 10 5 1 100 0.75 7 1125 139 293 236 111 128 22 50
7 10 5 1 100 0.75 7 1126 145 299 242 116 129 23 55
7 10 5 1 100 0.75 7 1127 149 303 247 119 132 26 56
7 10 5 1 100 0.75 7 1128 152 308 250 121 134 28 55
7 10 5 1 100 0.75 7 1129 158 314 254 123 135 29 60
7 10 5 1 100 0.75 7 1130 168 317 257 125 139 33 61
7 10 5 1 100 0.75 7 1131 174 320 256 131 143 37 60
7 10 5 1 100 0.75 7 1132 178 326 271 138 144 38 64
7 10 5 1 100 0.75 7 1133 188 332 274 141 145 39 69
7 10 5 1 100 0.75 7 1134 193 335 272 147 149 43 67
7 10 5 1 100 0.75 7 1135 201 339 272 149 152 46 68
7 10 5 1 100 0.75 7 1136 204 346 283 157 152 46 72
7 10 5 1 100 0.75 7 1137 216 351 280 158 154 48 72
7 10 5 1 100 0.75 7 1138 226 353 273 165 159 53 75
7 10 5 1 100 0.75 7 1139 231 355 277 171 164 58 74
7 10 5 1 100 0.75 7 1140 237 358 283 172 168 62 75
7 10 5 1 100 0.75 7 1141 245 362 279 176 171 65 77
7 10 5 1 100 0.75 7 1142 251 365 282 180 175 69 80
7 10 5 1 100 0.75 7 1143 259 367 277 182 179 74 79
7 10 5 1 100 0.75 7 1144 267 370 280 186 183 78 82
7 10 5 1 100 0.75 7 1145 274 370 276 188 190 85 82
7 10 5 1 100 0.75 7 1146 287 373 281 191 194 89 87
7 10 5 1 100 0.75 7 1147 295 376 274 200 198 93 87
7 10 5 1 100 0.75 7 1148 309 380 278 205 201 96 90
7 10 5 1 100 0.75 7 1149 316 384 275 217 204 99 90
7 10 5 1 100 0.75 7 1150 325 386 281 219 209 104 91
7 10 5 1 100 0.75 7 1151 335 391 281 226 211 106 95
7 10 5 1 100 0.75 7 1152 345 392 276 230 217 112 95
7 10 5 1 100 0.75 7 1153 355 394 273 236 222 117 97
7 10 5 1 100 0.75 7 1154 364 400 284 246 223 118 102
7 10 5 1 100 0.75 7 1155 373 401 281 249 229 124 105
7 10 5 1 100 0.75 7 1156 379 402 285 252 234 130 106
7 10 5 1 100 0.75 7 1157 389 407 283 257 236 132 113
7 10 5 1 100 0.75 7 1158 394 410 285 264 240 136 112
7 10 5 1 100 0.75 7 1159 406 408 282 262 249 145 113
7 10 5 1 100 0.75 7 1160 414 410 284 272 253 150 115
7 10 5 1 100 0.75 7 1161 422 411 284 275 258 156 116
7 10 5 1 100 0.75 7 1162 433 409 274 274 267 165 116
7 10 5 1 100 0.75 7 1163 447 408 264 277 275 173 115
7 10 5 1 100 0.75 7 1164 455 405 258 285 285 183 109
7 10 5 1 100 0.75 7 1165 462 410 254 293 287 185 114
7 10 5 1 100 0.75 7 1166 469 413 267 297 290 189 120
7 10 5 1 100 0.75 7 1167 477 416 267 301 294 193 126
7 10 5 1 100 0.75 7 1168 481 417 272 304 300 199 124
7 10 5 1 100 0.75 7 1169 493 419 254 306 305 204 125
7 10 5 1 100 0.75 7 1170 499 417 267 311 313 213 128
7 10 5 1 100 0.75 7 1171 503 417 262 311 320 220 131
7 10 5 1 100 0.75 7 1172 512 419 262 312 325 225 130
7 10 5 1 100 0.75 7 1173 521 417 255 316 333 234 132
7 10 5 1 100 0.75 7 1174 526 419 257 322 338 239 133
7 10 5 1 100 0.75 7 1175 535 418 252 320 345 247 135
7 10 5 1 100 0.75 7 1176 544 419 258 325 351 253 138
7 10 5 1 100 0.75 7 1177 554 417 241 326 360 262 131
7 10 5 1 100 0.75 7 1178 559 421 244 335 363 265 131
7 10 5 1 100 0.75 7 1179 567 416 240 330 375 277 127
7 10 5 1 100 0.75 7 1180 573 418 240 334 380 282 130
7 10 5 1 100 0.75 7 1181 580 417 229 334 388 290 130
7 10 5 1 100 0.75 7 1182 584 417 238 335 394 297 129
7 10 5 1 100 0.75 7 1183 593 417 224 338 401 304 132
7 10 5 1 100 0.75 7 1184 602 416 224 340 409 312 132
7 10 5 1 100 0.75 7 1185 606 412 212 343 420 323 129
7 10 5 1 100 0.75 7 1186 611 410 218 343 429 332 128
7 10 5 1 100 0.75 7 1187 613 409 206 342 437 340 126
7 10 5 1 100 0.75 7 1188 619 407 211 337 446 349 126
7 10 5 1 100 0.75 7 1189 624 410 201 343 450 353 127
7 10 5 1 100 0.75 7 1190 632 409 217 341 458 361 127
7 10 5 1 100 0.75 7 1191 640 408 198 342 466 369 126
7 10 5 1 100 0.75 7 1192 643 411 216 352 470 373 129
7 10 5 1 100 0.75 7 1193 646 404 206 344 483 387 119
7 10 5 1 100 0.75 7 1194 651 407 211 349 487 391 120
7 10 5 1 100 0.75 7 1195 656 408 204 349 493 397 120
7 10 5 1 100 0.75 7 1196 662 406 205 346 502 406 118
7 10 5 1 100 0.75 7 1197 666 409 198 354 506 410 119
7 10 5 1 100 0.75 7 1198 668 407 191 353 514 419 117
7 10 5 1 100 0.75 7 1199 672 410 182 356 517 423 120
7 10 5 1 100 0.75 7 1200 675 408 189 355 525 432 119
7 10 5 1 100 0.75 7 1201 678 404 189 350 534 443 111
7 10 5 1 100 0.75 7 1202 679 400 183 347 545 454 105
7 10 5 1 100 0.75 7 1203 685 401 179 345 551 460 109
7 10 5 1 100 0.75 7 1204 686 403 187 348 556 465 106
7 10 5 1 100 0.75 7 1205 691 406 180 347 560 469 107
7 10 5 1 100 0.75 7 1206 695 404 197 348 568 478 108
7 10 5 1 100 0.75 7 1207 699 404 185 348 575 485 105
7 10 5 1 100 0.75 7 1208 700 404 173 348 582 492 104
7 10 5 1 100 0.75 7 1209 707 406 170 350 587 497 106
7 10 5 1 100 0.75 7 1210 711 407 164 355 593 503 102
7 10 5 1 100 0.75 7 1211 714 409 176 355 598 508 102
7 10 5 1 100 0.75 7 1212 717 406 169 352 608 518 96
7 10 5 1 100 0.75 7 1213 720 408 173 355 613 523 97
7 10 5 1 100 0.75 7 1214 725 412 179 355 616 526 99
7 10 5 1 100 0.75 7 1215 727 414 173 361 621 531 97
7 10 5 1 100 0.75 7 1216 729 416 170 361 626 536 102
7 10 5 1 100 0.75 7 1217 731 420 187 365 629 539 105
7 10 5 1 100 0.75 7 1218 736 411 165 354 645 555 92
7 10 5 1 100 0.75 7 1219 738 410 164 357 653 563 89
7 10 5 1 100 0.75 7 1220 739 414 167 360 656 566 91
7 10 5 1 100 0.75 7 1221 744 414 163 359 663 573 89
7 10 5 1 100 0.75 7 1222 748 416 164 362 668 578 88
7 10 5 1 100 0.75 7 1223 751 416 173 363 675 585 87
7 10 5 1 100 0.75 7 1224 754 417 156 363 681 591 85
7 10 5 1 100 0.75 7 1225 758 419 175 365 686 596 86
7 10 5 1 100 0.75 7 1226 761 425 173 372 687 597 93
7 10 5 1 100 0.75 7 1227 761 426 160 374 692 603 90
7 10 5 1 100 0.75 7 1228 764 430 171 375 695 606 94
7 10 5 1 100 0.75 7 1229 765 434 158 380 698 609 98
7 10 5 1 100 0.75 7 1230 767 439 171 385 700 611 99
7 10 5 1 100 0.75 7 1230 767 439 439 385 796 611 99
7 10 5 1 100 0.75 7 1260 767 439 439 385 109 611 99
7 10 5 1 100 0.75 8 1261 0 7 7 0 109 0 0
7 10 5 1 100 0.75 8 1262 0 14 14 0 109 0 0
7 10 5 1 100 0.75 8 1263 0 21 21 0 109 0 0
7 10 5 1 100 0.75 8 1264 0 28 28 0 109 0 0
7 10 5 1 100 0.75 8 1265 0 35 35 0 109 0 0
7 10 5 1 100 0.75 8 1266 0 42 42 0 109 0 0
7 10 5 1 100 0.75 8 1267 2 49 46 0 109 0 0
7 10 5 1 100 0.75 8 1268 2 56 54 2 109 0 0
7 10 5 1 100 0.75 8 1269 4 63 57 2 109 0 0
7 10 5 1 100 0.75 8 1270 4 70 64 4 109 0 0
7 10 5 1 100 0.75 8 1271 7 77 69 4 109 0 0
7 10 5 1 100 0.75 8 1272 9 84 74 7 109 0 0
7 10 5 1 100 0.75 8 1273 12 91 75 9 109 0 0
7 10 5 1 100 0.75 8 1274 15 98 83 12 109 0 1
7 10 5 1 100 0.75 8 1275 18 105 86 15 109 0 2
7 10 5 1 100 0.75 8 1276 22 112 87 18 109 0 2
7 10 5 1 100 0.75 8 1277 24 119 96 22 109 0 4
7 10 5 1 100 0.75 8 1278 26 126 100 24 109 0 4
7 10 5 1 100 0.75 8 1279 30 133 110 26 109 0 8
7 10 5 1 100 0.75 8 1280 33 140 114 30 109 0 10
7 10 5 1 100 0.75 8 1281 40 147 118 33 109 0 12
7 10 5 1 100 0.75 8 1282 43 154 122 40 109 0 15
7 10 5 1 100 0.75 8 1283 45 161 131 43 109 0 17
7 10 5 1 100 0.75 8 1284 48 168 137 45 109 0 20
7 10 5 1 100 0.75 8 1285 51 175 146 48 109 0 21
7 10 5 1 100 0.75 8 1286 53 182 147 51 109 0 24
7 10 5 1 100 0.75 8 1287 57 189 159 53 109 0 28
7 10 5 1 100 0.75 8 1288 61 196 166 57 109 0 34
7 10 5 1 100 0.75 8 1289 66 203 171 61 109 0 37
7 10 5 1 100 0.75 8 1290 69 210 172 66 109 0 38
7 10 5 1 100 0.75 8 1291 72 217 186 69 109 0 39
7 10 5 1 100 0.75 8 1292 79 221 181 69 112 3 39
7 10 5 1 100 0.75 8 1293 85 228 188 76 112 3 40
7 10 5 1 100 0.75 8 1294 86 233 192 80 114 5 41
7 10 5 1 100 0.75 8 1295 89 239 201 80 115 6 44
7 10 5 1 100 0.75 8 1296 95 246 205 83 115 6 46
7 10 5 1 100 0.75 8 1297 99 251 205 87 117 8 49
7 10 5 1 100 0.75 8 1298 105 255 211 88 120 11 47
7 10 5 1 100 0.75 8 1299 109 261 216 93 121 12 51
7 10 5 1 100 0.75 8 1300 118 264 213 93 125 16 51
7 10 5 1 100 0.75 8 1301 125 270 214 101 126 17 52
7 10 5 1 100 0.75 8 1302 133 273 214 105 130 21 49
7 10 5 1 100 0.75 8 1303 140 277 217 110 133 24 50
7 10 5 1 100 0.75 8 1304 143 280 216 113 137 28 49
7 10 5 1 100 0.75 8 1305 151 283 223 112 141 32 51
7 10 5 1 100 0.75 8 1306 158 289 216 119 142 33 52
7 10 5 1 100 0.75 8 1307 160 292 229 123 146 37 52
7 10 5 1 100 0.75 8 1308 170 296 225 122 149 40 55
7 10 5 1 100 0.75 8 1309 175 302 233 131 150 41 58
7 10 5 1 100 0.75 8 1310 182 307 242 134 152 43 63
7 10 5 1 100 0.75 8 1311 191 311 238 139 155 46 62
7 10 5 1 100 0.75 8 1312 197 317 240 148 156 47 64
7 10 5 1 100 0.75 8 1313 203 323 248 153 155 48 71
7 10 5 1 100 0.75 8 1314 211 328 248 157 157 50 72
7 10 5 1 100 0.75 8 1315 216 332 253 162 160 53 75
7 10 5 1 100 0.75 8 1316 226 332 253 161 167 60 73
7 10 5 1 100 0.75 8 1317 237 335 250 167 171 64 72
7 10 5 1 100 0.75 8 1318 251 339 243 175 174 67 77
7 10 5 1 100 0.75 8 1319 261 341 251 184 179 72 78
7 10 5 1 100 0.75 8 1320 267 345 247 191 182 75 79
7 10 5 1 100 0.75 8 1321 274 349 256 194 185 78 82
7 10 5 1 100 0.75 8 1322 281 355 261 200 186 79 86
7 10 5 1 100 0.75 8 1323 292 359 260 204 189 82 92
7 10 5 1 100 0.75 8 1324 302 359 256 208 196 89 91
7 10 5 1 100 0.75 8 1325 311 361 250 213 201 94 92
7 10 5 1 100 0.75 8 1326 319 366 269 220 203 96 104
7 10 5 1 100 0.75 8 1327 327 370 267 225 206 99 108
7 10 5 1 100 0.75 8 1328 334 371 264 228 212 105 105
7 10 5 1 100 0.75 8 1329 346 376 266 233 214 107 109
7 10 5 1 100 0.75 8 1330 358 378 259 240 219 112 111
7 10 5 1 100 0.75 8 1331 367 378 259 246 226 119 114
7 10 5 1 100 0.75 8 1332 378 379 259 249 232 125 116
7 10 5 1 100 0.75 8 1333 393 381 252 255 237 130 116
7 10 5 1 100 0.75 8 1334 403 381 246 264 244 137 116
7 10 5 1 100 0.75 8 1335 408 385 250 273 246 140 117
7 10 5 1 100 0.75 8 1336 416 389 264 276 249 143 121
7 10 5 1 100 0.75 8 1337 423 387 258 277 258 152 121
7 10 5 1 100 0.75 8 1338 433 386 265 276 266 160 120
7 10 5 1 100 0.75 8 1339 438 388 259 282 271 165 123
7 10 5 1 100 0.75 8 1340 445 389 268 283 277 171 127
7 10 5 1 100 0.75 8 1341 455 388 258 284 285 179 127
7 10 5 1 100 0.75 8 1342 460 383 248 285 297 191 119
7 10 5 1 100 0.75 8 1343 469 386 247 290 301 195 124
7 10 5 1 100 0.75 8 1344 477 384 248 292 309 204 122
7 10 5 1 100 0.75 8 1345 490 383 231 293 317 212 119
7 10 5 1 100 0.75 8 1346 502 386 231 304 321 216 123
7 10 5 1 100 0.75 8 1347 510 387 230 311 327 222 122
7 10 5 1 100 0.75 8 1348 516 388 233 314 333 228 127
7 10 5 1 100 0.75 8 1349 527 389 232 315 338 234 129
7 10 5 1 100 0.75 8 1350 537 385 224 317 349 245 120
7 10 5 1 100 0.75 8 1351 542 387 230 324 354 250 124
7 10 5 1 100 0.75 8 1352 551 389 231 326 359 255 128
7 10 5 1 100 0.75 8 1353 559 390 233 331 365 261 132
7 10 5 1 100 0.75 8 1354 562 394 236 336 367 264 137
7 10 5 1 100 0.75 8 1355 567 394 228 334 374 271 137
7 10 5 1 100 0.75 8 1356 574 387 224 326 388 285 129
7 10 5 1 100 0.75 8 1357 579 391 233 335 390 288 133
7 10 5 1 100 0.75 8 1358 587 389 224 331 399 297 130
7 10 5 1 100 0.75 8 1359 593 387 218 332 408 306 126
7 10 5 1 100 0.75 8 1360 595 383 217 327 419 317 120
7 10 5 1 100 0.75 8 1361 598 385 208 330 424 322 123
7 10 5 1 100 0.75 8 1362 605 383 216 325 433 331 118
7 10 5 1 100 0.75 8 1363 610 387 207 332 435 334 123
7 10 5 1 100 0.75 8 1364 614 388 224 333 441 340 121
7 10 5 1 100 0.75 8 1365 618 388 212 333 448 347 120
7 10 5 1 100 0.75 8 1366 624 386 209 330 457 356 118
7 10 5 1 100 0.75 8 1367 628 381 194 324 469 368 114
7 10 5 1 100 0.75 8 1368 634 380 202 322 477 376 111
7 10 5 1 100 0.75 8 1369 637 383 200 325 481 380 110
7 10 5 1 100 0.75 8 1370 642 383 197 328 488 387 108
7 10 5 1 100 0.75 8 1371 643 378 201 325 500 399 101
7 10 5 1 100 0.75 8 1372 648 377 186 324 508 407 102
7 10 5 1 100 0.75 8 1373 654 381 186 326 511 410 104
7 10 5 1 100 0.75 8 1374 659 385 193 330 514 413 103
7 10 5 1 100 0.75 8 1375 663 387 186 332 519 418 105
7 10 5 1 100 0.75 8 1376 665 385 181 332 528 427 107
7 10 5 1 100 0.75 8 1377 668 385 173 328 535 434 105
7 10 5 1 100 0.75 8 1378 672 386 185 331 541 440 103
7 10 5 1 100 0.75 8 1379 676 389 189 336 545 444 104
7 10 5 1 100 0.75 8 1380 680 389 178 333 551 451 102
7 10 5 1 100 0.75 8 1381 686 387 178 329 560 460 100
7 10 5 1 100 0.75 8 1382 691 390 185 336 564 464 100
7 10 5 1 100 0.75 8 1383 693 392 176 340 569 469 102
7 10 5 1 100 0.75 8 1384 696 391 167 337 576 477 96
7 10 5 1 100 0.75 8 1385 701 391 173 336 583 484 96
7 10 5 1 100 0.75 8 1386 702 393 173 340 587 489 96
7 10 5 1 100 0.75 8 1387 707 393 177 338 594 496 90
7 10 5 1 100 0.75 8 1388 709 392 170 337 602 504 88
7 10 5 1 100 0.75 8 1389 716 394 155 339 606 509 89
7 10 5 1 100 0.75 8 1390 717 401 180 348 605 509 96
7 10 5 1 100 0.75 8 1391 722 405 165 350 608 512 97
7 10 5 1 100 0.75 8 1392 725 406 189 351 614 518 97
7 10 5 1 100 0.75 8 1393 727 406 179 350 621 525 97
7 10 5 1 100 0.75 8 1394 732 406 171 349 628 532 92
7 10 5 1 100 0.75 8 1395 735 408 169 353 633 537 92
7 10 5 1 100 0.75 8 1396 739 409 166 354 638 543 93
7 10 5 1 100 0.75 8 1397 744 410 175 354 644 549 93
7 10 5 1 100 0.75 8 1398 747 406 168 352 655 560 87
7 10 5 1 100 0.75 8 1399 750 407 164 352 661 566 85
7 10 5 1 100 0.75 8 1400 754 412 171 359 662 568 88
7 10 5 1 100 0.75 8 1401 755 416 175 364 664 571 90
7 10 5 1 100 0.75 8 1402 756 421 177 365 666 573 95
7 10 5 1 100 0.75 8 1403 759 424 178 367 670 577 95
7 10 5 1 100 0.75 8 1404 762 426 170 369 675 582 94
7 10 5 1 100 0.75 8 1405 764 425 181 369 683 590 91
7 10 5 1 100 0.75 8 1406 770 425 160 370 690 597 93
7 10 5 1 100 0.75 8 1407 771 429 176 377 693 600 98
7 10 5 1 100 0.75 8 1408 772 434 193 380 695 602 98
7 10 5 1 100 0.75 8 1409 776 435 178 379 701 608 96
7 10 5 1 100 0.75 8 1410 778 433 174 379 710 617 92
7 10 5 1 100 0.75 8 1410 778 433 433 379 801 617 92
7 10 5 1 100 0.75 8 1440 778 433 433 379 108 617 92
7 10 5 1 100 0.75 9 1441 0 7 7 0 108 0 0
7 10 5 1 100 0.75 9 1442 0 14 14 0 108 0 0
7 10 5 1 100 0.75 9 1443 0 21 21 0 108 0 0
7 10 5 1 100 0.75 9 1444 0 28 28 0 108 0 0
7 10 5 1 100 0.75 9 1445 0 35 35 0 108 0 0
7 10 5 1 100 0.75 9 1446 0 42 41 0 108 0 0
7 10 5 1 100 0.75 9 1447 0 49 49 0 108 0 0
7 10 5 1 100 0.75 9 1448 0 56 55 0 108 0 0
7 10 5 1 100 0.75 9 1449 0 63 61 0 108 0 0
7 10 5 1 100 0.75 9 1450 1 70 68 0 108 0 0
7 10 5 1 100 0.75 9 1451 5 77 71 1 108 0 0
7 10 5 1 100 0.75 9 1452 5 84 78 5 108 0 0
7 10 5 1 100 0.75 9 1453 5 91 86 5 108 0 0
7 10 5 1 100 0.75 9 1454 8 98 90 5 108 0 0
7 10 5 1 100 0.75 9 1455 8 105 96 8 108 0 0
7 10 5 1 100 0.75 9 1456 14 112 97 8 108 0 0
7 10 5 1 100 0.75 9 1457 17 119 103 14 108 0 1
7 10 5 1 100 0.75 9 1458 22 126 105 17 108 0 1
7 10 5 1 100 0.75 9 1459 26 133 109 22 108 0 2
7 10 5 1 100 0.75 9 1460 28 140 114 26 108 0 2
7 10 5 1 100 0.75 9 1461 31 147 119 28 108 0 2
7 10 5 1 100 0.75 9 1462 32 154 125 31 108 0 4
7 10 5 1 100 0.75 9 1463 38 161 130 32 108 0 9
7 10 5 1 100 0.75 9 1464 39 168 138 38 108 0 10
7 10 5 1 100 0.75 9 1465 43 175 148 39 108 0 15
7 10 5 1 100 0.75 9 1466 49 182 152 43 108 0 20
7 10 5 1 100 0.75 9 1467 51 189 156 49 108 0 21
7 10 5 1 100 0.75 9 1468 55 196 164 51 108 0 23
7 10 5 1 100 0.75 9 1469 60 203 166 55 108 0 24
7 10 5 1 100 0.75 9 1470 64 210 171 60 108 0 27
7 10 5 1 100 0.75 9 1471 71 217 180 64 108 0 32
7 10 5 1 100 0.75 9 1472 74 223 179 70 109 1 33
7 10 5 1 100 0.75 9 1473 77 230 193 73 109 1 38
7 10 5 1 100 0.75 9 1474 85 237 195 76 109 1 41
7 10 5 1 100 0.75 9 1475 87 244 201 84 109 1 44
7 10 5 1 100 0.75 9 1476 93 250 203 85 110 2 47
7 10 5 1 100 0.75 9 1477 97 257 209 91 110 2 48
7 10 5 1 100 0.75 9 1478 101 261 215 92 112 5 51
7 10 5 1 100 0.75 9 1479 105 267 224 95 113 6 52
7 10 5 1 100 0.75 9 1480 108 274 226 99 113 6 54
7 10 5 1 100 0.75 9 1481 111 279 237 100 115 8 55
7 10 5 1 100 0.75 9 1482 120 283 232 100 118 11 57
7 10 5 1 100 0.75 9 1483 121 287 243 106 121 14 56
7 10 5 1 100 0.75 9 1484 126 290 242 103 125 18 59
7 10 5 1 100 0.75 9 1485 131 295 244 106 127 20 62
7 10 5 1 100 0.75 9 1486 138 298 254 107 131 24 60
7 10 5 1 100 0.75 9 1487 147 301 247 110 135 28 59
7 10 5 1 100 0.75 9 1488 150 308 252 119 135 28 60
7 10 5 1 100 0.75 9 1489 157 309 250 116 141 34 59
7 10 5 1 100 0.75 9 1490 162 314 257 122 143 36 60
7 10 5 1 100 0.75 9 1491 166 316 258 122 148 41 56
7 10 5 1 100 0.75 9 1492 171 321 258 124 150 43 59
7 10 5 1 100 0.75 9 1493 179 324 256 125 154 47 61
7 10 5 1 100 0.75 9 1494 186 326 264 128 159 52 64
7 10 5 1 100 0.75 9 1495 194 328 253 131 163 57 61
7 10 5 1 100 0.75 9 1496 199 333 263 137 165 59 62
7 10 5 1 100 0.75 9 1497 207 338 267 141 167 61 64
7 10 5 1 100 0.75 9 1498 214 344 271 148 168 62 67
7 10 5 1 100 0.75 9 1499 216 346 266 150 172 67 63
7 10 5 1 100 0.75 9 1500 218 348 278 147 177 72 63
7 10 5 1 100 0.75 9 1501 227 348 271 142 184 79 59
7 10 5 1 100 0.75 9 1502 242 355 269 152 184 79 67
7 10 5 1 100 0.75 9 1503 250 359 271 164 187 82 70
7 10 5 1 100 0.75 9 1504 254 361 268 168 192 87 71
7 10 5 1 100 0.75 9 1505 262 366 270 171 194 89 72
7 10 5 1 100 0.75 9 1506 269 371 276 178 196 91 75
7 10 5 1 100 0.75 9 1507 276 376 280 185 198 93 74
7 10 5 1 100 0.75 9 1508 279 380 284 190 201 96 72
7 10 5 1 100 0.75 9 1509 291 382 290 188 206 101 77
7 10 5 1 100 0.75 9 1510 302 387 288 198 208 103 82
7 10 5 1 100 0.75 9 1511 312 388 284 204 214 109 80
7 10 5 1 100 0.75 9 1512 321 390 275 211 219 114 78
7 10 5 1 100 0.75 9 1513 331 392 288 215 224 119 80
7 10 5 1 100 0.75 9 1514 336 396 287 222 227 122 80
7 10 5 1 100 0.75 9 1515 346 400 293 224 230 125 83
7 10 5 1 100 0.75 9 1516 354 403 291 230 234 129 86
7 10 5 1 100 0.75 9 1517 366 406 289 234 238 133 90
7 10 5 1 100 0.75 9 1518 375 406 290 241 245 140 88
7 10 5 1 100 0.75 9 1519 385 406 287 243 252 147 92
7 10 5 1 100 0.75 9 1520 392 410 289 252 255 150 97
7 10 5 1 100 0.75 9 1521 402 411 289 255 261 156 95
7 10 5 1 100 0.75 9 1522 408 413 285 260 266 161 99
7 10 5 1 100 0.75 9 1523 422 419 281 266 267 162 101
7 10 5 1 100 0.75 9 1524 431 422 286 276 271 166 109
7 10 5 1 100 0.75 9 1525 441 425 283 282 275 170 113
7 10 5 1 100 0.75 9 1526 449 428 277 289 279 174 117
7 10 5 1 100 0.75 9 1527 457 430 292 293 284 179 121
7 10 5 1 100 0.75 9 1528 467 431 282 297 290 185 122
7 10 5 1 100 0.75 9 1529 479 432 279 302 296 191 122
7 10 5 1 100 0.75 9 1530 484 434 287 311 301 196 124
7 10 5 1 100 0.75 9 1531 494 436 285 313 306 201 128
7 10 5 1 100 0.75 9 1532 499 439 284 323 310 205 132
7 10 5 1 100 0.75 9 1533 507 442 290 326 314 209 134
7 10 5 1 100 0.75 9 1534 519 442 287 327 321 216 137
7 10 5 1 100 0.75 9 1535 530 440 275 334 330 225 137
7 10 5 1 100 0.75 9 1536 538 439 261 337 338 233 138
7 10 5 1 100 0.75 9 1537 548 442 273 345 342 237 141
7 10 5 1 100 0.75 9 1538 556 441 261 349 349 245 143
7 10 5 1 100 0.75 9 1539 565 436 255 348 361 257 137
7 10 5 1 100 0.75 9 1540 571 433 246 349 371 267 134
7 10 5 1 100 0.75 9 1541 579 433 249 353 378 274 135
7 10 5 1 100 0.75 9 1542 584 437 255 360 381 277 145
7 10 5 1 100 0.75 9 1543 588 436 247 359 389 285 144
7 10 5 1 100 0.75 9 1544 599 433 245 355 399 295 143
7 10 5 1 100 0.75 9 1545 603 429 241 357 410 306 139
7 10 5 1 100 0.75 9 1546 610 430 247 357 415 312 144
7 10 5 1 100 0.75 9 1547 614 431 242 359 418 318 143
7 10 5 1 100 0.75 9 1548 618 430 252 356 426 326 147
7 10 5 1 100 0.75 9 1549 628 433 253 358 430 330 147
7 10 5 1 100 0.75 9 1550 637 433 236 361 437 337 145
7 10 5 1 100 0.75 9 1551 643 433 233 364 444 344 148
7 10 5 1 100 0.75 9 1552 648 431 226 366 453 353 147
7 10 5 1 100 0.75 9 1553 657 428 234 364 463 363 143
7 10 5 1 100 0.75 9 1554 660 422 210 364 476 376 136
7 10 5 1 100 0.75 9 1555 664 418 220 362 487 387 128
7 10 5 1 100 0.75 9 1556 667 418 206 363 494 394 127
7 10 5 1 100 0.75 9 1557 673 418 216 362 501 401 127
7 10 5 1 100 0.75 9 1558 676 413 193 360 513 413 120
7 10 5 1 100 0.75 9 1559 681 415 211 360 518 418 121
7 10 5 1 100 0.75 9 1560 689 414 204 358 525 426 117
7 10 5 1 100 0.75 9 1561 694 414 208 364 532 433 118
7 10 5 1 100 0.75 9 1562 696 411 201 359 541 443 115
7 10 5 1 100 0.75 9 1563 698 407 199 352 552 454 109
7 10 5 1 100 0.75 9 1564 701 405 199 349 561 463 107
7 10 5 1 100 0.75 9 1565 707 407 195 350 566 468 107
7 10 5 1 100 0.75 9 1566 709 409 192 357 571 473 106
7 10 5 1 100 0.75 9 1567 712 407 195 352 580 482 106
7 10 5 1 100 0.75 9 1568 716 407 196 351 586 489 106
7 10 5 1 100 0.75 9 1569 720 410 175 353 590 493 104
7 10 5 1 100 0.75 9 1570 723 409 181 355 598 501 101
7 10 5 1 100 0.75 9 1571 725 409 170 354 605 508 97
7 10 5 1 100 0.75 9 1572 730 410 177 356 611 514 100
7 10 5 1 100 0.75 9 1573 733 410 185 359 618 521 100
7 10 5 1 100 0.75 9 1574 737 411 178 356 623 527 100
7 10 5 1 100 0.75 9 1575 740 416 178 365 625 529 101
7 10 5 1 100 0.75 9 1576 741 414 184 361 634 538 96
7 10 5 1 100 0.75 9 1577 746 414 178 359 641 545 92
7 10 5 1 100 0.75 9 1578 748 414 184 360 648 552 92
7 10 5 1 100 0.75 9 1579 753 416 192 361 653 557 96
7 10 5 1 100 0.75 9 1580 756 422 188 371 654 558 99
7 10 5 1 100 0.75 9 1581 759 423 183 370 659 564 96
7 10 5 1 100 0.75 9 1582 764 424 192 370 665 570 97
7 10 5 1 100 0.75 9 1583 765 423 165 369 673 578 94
7 10 5 1 100 0.75 9 1584 769 423 180 368 680 585 92
7 10 5 1 100 0.75 9 1585 773 422 162 366 687 593 88
7 10 5 1 100 0.75 9 1586 773 426 175 370 689 596 94
7 10 5 1 100 0.75 9 1587 776 429 168 372 692 600 97
7 10 5 1 100 0.75 9 1588 778 430 179 376 698 606 95
7 10 5 1 100 0.75 9 1589 781 429 166 376 705 614 90
7 10 5 1 100 0.75 9 1590 783 430 173 379 710 620 92
7 10 5 1 100 0.75 9 1590 783 430 430 379 802 620 92
7 10 5 1 100 0.75 9 1620 783 430 430 379 108 620 92
7 10 5 1 100 0.75 10 1621 0 7 7 0 108 0 0
7 10 5 1 100 0.75 10 1622 0 14 14 0 108 0 0
7 10 5 1 100 0.75 10 1623 0 21 21 0 108 0 0
7 10 5 1 100 0.75 10 1624 0 28 28 0 108 0 0
7 10 5 1 100 0.75 10 1625 0 35 35 0 108 0 0
7 10 5 1 100 0.75 10 1626 0 42 42 0 108 0 0
7 10 5 1 100 0.75 10 1627 0 49 49 0 108 0 0
7 10 5 1 100 0.75 10 1628 1 56 54 0 108 0 0
7 10 5 1 100 0.75 10 1629 1 63 61 1 108 0 0
7 10 5 1 100 0.75 10 1630 3 70 67 1 108 0 0
7 10 5 1 100 0.75 10 1631 6 77 71 3 108 0 0
7 10 5 1 100 0.75 10 1632 9 84 74 6 108 0 0
7 10 5 1 100 0.75 10 1633 12 91 76 9 108 0 0
7 10 5 1 100 0.75 10 1634 14 98 82 12 108 0 0
7 10 5 1 100 0.75 10 1635 18 105 85 14 108 0 0
7 10 5 1 100 0.75 10 1636 22 112 90 18 108 0 1
7 10 5 1 100 0.75 10 1637 23 119 97 22 108 0 3
7 10 5 1 100 0.75 10 1638 27 126 103 23 108 0 4
7 10 5 1 100 0.75 10 1639 28 133 109 27 108 0 6
7 10 5 1 100 0.75 10 1640 34 140 115 28 108 0 9
7 10 5 1 100 0.75 10 1641 38 147 115 34 108 0 11
7 10 5 1 100 0.75 10 1642 38 154 129 38 108 0 12
7 10 5 1 100 0.75 10 1643 43 161 133 38 108 0 17
7 10 5 1 100 0.75 10 1644 46 168 140 43 108 0 18
7 10 5 1 100 0.75 10 1645 50 175 144 46 108 0 19
7 10 5 1 100 0.75 10 1646 52 182 149 50 108 0 23
7 10 5 1 100 0.75 10 1647 57 189 154 52 108 0 27
7 10 5 1 100 0.75 10 1648 64 196 160 57 108 0 30
7 10 5 1 100 0.75 10 1649 68 203 164 64 108 0 31
7 10 5 1 100 0.75 10 1650 69 210 175 68 108 0 31
7 10 5 1 100 0.75 10 1651 72 217 185 69 108 0 35
7 10 5 1 100 0.75 10 1652 74 224 189 72 108 0 37
7 10 5 1 100 0.75 10 1653 77 229 196 72 110 2 39
7 10 5 1 100 0.75 10 1654 80 235 201 74 111 3 40
7 10 5 1 100 0.75 10 1655 84 240 205 75 113 5 41
7 10 5 1 100 0.75 10 1656 91 245 208 77 115 7 44
7 10 5 1 100 0.75 10 1657 98 251 208 83 116 8 45
7 10 5 1 100 0.75 10 1658 102 253 209 85 121 13 41
7 10 5 1 100 0.75 10 1659 105 260 217 89 121 13 42
7 10 5 1 100 0.75 10 1660 109 265 213 90 123 15 41
7 10 5 1 100 0.75 10 1661 113 270 218 92 125 17 42
7 10 5 1 100 0.75 10 1662 120 275 221 94 127 19 42
7 10 5 1 100 0.75 10 1663 124 279 228 98 130 22 42
7 10 5 1 100 0.75 10 1664 132 286 234 102 130 22 49
7 10 5 1 100 0.75 10 1665 142 290 235 107 133 25 51
7 10 5 1 100 0.75 10 1666 152 293 227 113 137 29 48
7 10 5 1 100 0.75 10 1667 155 297 235 120 140 32 49
7 10 5 1 100 0.75 10 1668 160 301 232 121 143 35 46
7 10 5 1 100 0.75 10 1669 166 308 242 126 143 35 50
7 10 5 1 100 0.75 10 1670 171 313 242 130 145 37 52
7 10 5 1 100 0.75 10 1671 176 318 250 133 147 39 55
7 10 5 1 100 0.75 10 1672 187 324 252 137 148 40 59
7 10 5 1 100 0.75 10 1673 192 323 255 140 156 48 64
7 10 5 1 100 0.75 10 1674 203 327 253 142 159 51 63
7 10 5 1 100 0.75 10 1675 205 332 257 151 160 53 64
7 10 5 1 100 0.75 10 1676 210 337 260 151 162 55 67
7 10 5 1 100 0.75 10 1677 216 342 270 155 164 57 69
7 10 5 1 100 0.75 10 1678 224 346 259 158 167 60 68
7 10 5 1 100 0.75 10 1679 235 348 266 161 172 65 70
7 10 5 1 100 0.75 10 1680 246 350 258 167 177 70 71
7 10 5 1 100 0.75 10 1681 252 356 268 178 178 71 76
7 10 5 1 100 0.75 10 1682 262 363 273 184 177 71 81
7 10 5 1 100 0.75 10 1683 265 366 273 190 181 75 79
7 10 5 1 100 0.75 10 1684 272 367 271 187 187 81 77
7 10 5 1 100 0.75 10 1685 279 369 275 189 192 86 78
7 10 5 1 100 0.75 10 1686 289 375 270 196 193 87 82
7 10 5 1 100 0.75 10 1687 294 379 272 204 196 90 87
7 10 5 1 100 0.75 10 1688 306 379 275 203 203 97 89
7 10 5 1 100 0.75 10 1689 316 381 278 210 208 102 91
7 10 5 1 100 0.75 10 1690 324 382 275 214 214 108 89
7 10 5 1 100 0.75 10 1691 335 384 271 217 219 113 89
7 10 5 1 100 0.75 10 1692 345 386 269 224 224 118 86
7 10 5 1 100 0.75 10 1693 358 390 275 234 227 121 90
7 10 5 1 100 0.75 10 1694 368 393 262 243 231 125 91
7 10 5 1 100 0.75 10 1695 373 397 270 251 234 128 95
7 10 5 1 100 0.75 10 1696 383 402 284 254 236 130 106
7 10 5 1 100 0.75 10 1697 394 404 273 261 241 135 103
7 10 5 1 100 0.75 10 1698 400 405 276 267 247 141 111
7 10 5 1 100 0.75 10 1699 413 404 269 266 255 149 111
7 10 5 1 100 0.75 10 1700 422 407 276 276 259 153 116
7 10 5 1 100 0.75 10 1701 433 409 271 280 264 158 120
7 10 5 1 100 0.75 10 1702 440 413 281 292 266 161 121
7 10 5 1 100 0.75 10 1703 449 414 272 295 272 167 119
7 10 5 1 100 0.75 10 1704 460 412 274 295 281 176 124
7 10 5 1 100 0.75 10 1705 467 412 262 303 288 183 120
7 10 5 1 100 0.75 10 1706 472 416 276 308 291 186 126
7 10 5 1 100 0.75 10 1707 481 415 262 305 299 194 125
7 10 5 1 100 0.75 10 1708 491 418 269 311 303 198 126
7 10 5 1 100 0.75 10 1709 508 419 266 316 309 204 131
7 10 5 1 100 0.75 10 1710 511 420 259 329 315 210 129
7 10 5 1 100 0.75 10 1711 522 419 261 326 323 218 130
7 10 5 1 100 0.75 10 1712 532 420 256 331 329 224 134
7 10 5 1 100 0.75 10 1713 541 419 243 337 336 232 131
7 10 5 1 100 0.75 10 1714 545 420 239 340 342 238 129
7 10 5 1 100 0.75 10 1715 556 418 246 337 351 247 130
7 10 5 1 100 0.75 10 1716 561 416 247 343 360 256 128
7 10 5 1 100 0.75 10 1717 565 419 247 349 364 260 132
7 10 5 1 100 0.75 10 1718 569 422 250 352 368 264 135
7 10 5 1 100 0.75 10 1719 578 413 245 341 384 280 132
7 10 5 1 100 0.75 10 1720 585 411 234 341 393 289 126
7 10 5 1 100 0.75 10 1721 591 414 238 347 397 293 128
7 10 5 1 100 0.75 10 1722 596 416 244 348 402 298 131
7 10 5 1 100 0.75 10 1723 604 411 237 345 414 310 129
7 10 5 1 100 0.75 10 1724 610 409 235 346 422 319 123
7 10 5 1 100 0.75 10 1725 615 408 213 347 430 327 118
7 10 5 1 100 0.75 10 1726 620 411 221 349 433 331 120
7 10 5 1 100 0.75 10 1727 627 411 234 350 440 338 120
7 10 5 1 100 0.75 10 1728 632 412 228 351 446 344 121
7 10 5 1 100 0.75 10 1729 635 411 211 354 454 352 117
7 10 5 1 100 0.75 10 1730 640 412 208 356 460 358 122
7 10 5 1 100 0.75 10 1731 647 411 210 354 467 366 121
7 10 5 1 100 0.75 10 1732 650 411 208 359 474 373 120
7 10 5 1 100 0.75 10 1733 655 413 217 357 479 378 122
7 10 5 1 100 0.75 10 1734 658 412 211 358 487 386 119
7 10 5 1 100 0.75 10 1735 661 407 194 353 499 398 115
7 10 5 1 100 0.75 10 1736 667 407 208 350 506 405 116
7 10 5 1 100 0.75 10 1737 671 410 189 356 510 409 119
7 10 5 1 100 0.75 10 1738 673 407 184 352 520 419 116
7 10 5 1 100 0.75 10 1739 679 406 188 350 527 427 115
7 10 5 1 100 0.75 10 1740 683 404 195 353 535 436 109
7 10 5 1 100 0.75 10 1741 686 407 195 353 539 440 108
7 10 5 1 100 0.75 10 1742 691 406 187 354 547 448 104
7 10 5 1 100 0.75 10 1743 691 408 178 357 551 453 105
7 10 5 1 100 0.75 10 1744 695 411 198 358 555 457 108
7 10 5 1 100 0.75 10 1745 701 410 180 354 563 465 104
7 10 5 1 100 0.75 10 1746 702 413 186 359 567 469 107
7 10 5 1 100 0.75 10 1747 705 410 179 354 577 479 103
7 10 5 1 100 0.75 10 1748 709 408 188 355 586 488 98
7 10 5 1 100 0.75 10 1749 712 412 172 359 588 491 105
7 10 5 1 100 0.75 10 1750 717 412 176 357 594 498 103
7 10 5 1 100 0.75 10 1751 718 412 171 361 601 505 103
7 10 5 1 100 0.75 10 1752 722 416 176 362 604 508 102
7 10 5 1 100 0.75 10 1753 726 415 174 360 612 516 98
7 10 5 1 100 0.75 10 1754 731 416 182 361 618 522 99
7 10 5 1 100 0.75 10 1755 733 417 185 363 624 528 98
7 10 5 1 100 0.75 10 1756 738 416 180 360 632 536 91
7 10 5 1 100 0.75 10 1757 740 416 172 362 639 543 87
7 10 5 1 100 0.75 10 1758 741 419 178 364 643 547 92
7 10 5 1 100 0.75 10 1759 742 423 176 367 646 550 92
7 10 5 1 100 0.75 10 1760 744 424 171 367 652 556 92
7 10 5 1 100 0.75 10 1761 745 425 161 369 656 562 93
7 10 5 1 100 0.75 10 1762 750 425 164 366 663 569 93
7 10 5 1 100 0.75 10 1763 752 428 167 373 667 573 95
7 10 5 1 100 0.75 10 1764 753 431 181 379 671 577 96
7 10 5 1 100 0.75 10 1765 759 433 169 377 676 582 95
7 10 5 1 100 0.75 10 1766 760 432 165 378 683 590 92
7 10 5 1 100 0.75 10 1767 764 433 156 381 689 596 91
7 10 5 1 100 0.75 10 1768 764 435 173 384 693 601 90
7 10 5 1 100 0.75 10 1769 768 438 178 384 696 605 90
7 10 5 1 100 0.75 10 1770 771 436 163 384 705 614 89
7 10 5 1 100 0.75 10 1770 771 436 436 384 790 614 89
7 10 5 1 100 0.75 10 1800 771 436 436 384 108 614 89
