2 5 5 1 100 0.75 1 1 0 2 2 0 100 0 0
2 5 5 1 100 0.75 1 2 0 4 4 0 100 0 0
2 5 5 1 100 0.75 1 3 0 6 6 0 100 0 0
2 5 5 1 100 0.75 1 4 0 8 8 0 100 0 0
2 5 5 1 100 0.75 1 5 0 10 10 0 100 0 0
2 5 5 1 100 0.75 1 6 0 12 12 0 100 0 0
2 5 5 1 100 0.75 1 7 0 14 14 0 100 0 0
2 5 5 1 100 0.75 1 8 0 16 16 0 100 0 0
2 5 5 1 100 0.75 1 9 0 18 18 0 100 0 0
2 5 5 1 100 0.75 1 10 0 20 20 0 100 0 0
2 5 5 1 100 0.75 1 11 0 22 22 0 100 0 0
2 5 5 1 100 0.75 1 12 0 24 23 0 100 0 0
2 5 5 1 100 0.75 1 13 0 26 23 0 100 0 0
2 5 5 1 100 0.75 1 14 0 28 28 0 100 0 0
2 5 5 1 100 0.75 1 15 1 30 27 0 100 0 0
2 5 5 1 100 0.75 1 16 3 32 29 1 100 0 0
2 5 5 1 100 0.75 1 17 3 34 31 3 100 0 0
2 5 5 1 100 0.75 1 18 5 36 30 3 100 0 0
2 5 5 1 100 0.75 1 19 6 38 31 5 100 0 0
2 5 5 1 100 0.75 1 20 6 40 33 6 100 0 0
2 5 5 1 100 0.75 1 21 6 42 34 6 99 0 0
2 5 5 1 100 0.75 1 22 7 44 37 6 99 0 1
2 5 5 1 100 0.75 1 23 8 46 41 7 99 0 2
2 5 5 1 100 0.75 1 24 9 48 40 8 99 0 2
2 5 5 1 100 0.75 1 25 11 50 40 9 99 0 3
2 5 5 1 100 0.75 1 26 11 52 46 11 99 0 4
2 5 5 1 100 0.75 1 27 11 54 48 11 99 0 5
2 5 5 1 100 0.75 1 28 12 56 47 11 99 0 5
2 5 5 1 100 0.75 1 29 12 58 49 12 99 0 5
2 5 5 1 100 0.75 1 30 14 60 49 12 99 0 7
2 5 5 1 100 0.75 1 31 16 62 52 14 99 0 7
2 5 5 1 100 0.75 1 32 17 64 54 16 99 0 8
2 5 5 1 100 0.75 1 33 20 66 53 17 99 0 10
2 5 5 1 100 0.75 1 34 23 68 52 20 99 0 10
2 5 5 1 100 0.75 1 35 24 70 51 23 99 0 11
2 5 5 1 100 0.75 1 36 25 72 54 24 99 0 11
2 5 5 1 100 0.75 1 37 29 74 53 25 99 0 12
2 5 5 1 100 0.75 1 38 30 76 60 29 99 0 14
2 5 5 1 100 0.75 1 39 30 78 58 30 99 0 14
2 5 5 1 100 0.75 1 40 32 80 65 30 99 0 17
2 5 5 1 100 0.75 1 41 33 81 66 31 100 1 17
2 5 5 1 100 0.75 1 42 34 82 69 31 101 2 18
2 5 5 1 100 0.75 1 43 36 83 68 31 102 3 17
2 5 5 1 100 0.75 1 44 38 85 69 33 102 3 20
2 5 5 1 100 0.75 1 45 40 85 66 33 104 5 20
2 5 5 1 100 0.75 1 46 41 86 72 34 105 6 20
2 5 5 1 100 0.75 1 47 43 87 69 34 106 7 20
2 5 5 1 100 0.75 1 48 44 89 74 36 106 7 22
2 5 5 1 100 0.75 1 49 46 90 73 36 107 8 22
2 5 5 1 100 0.75 1 50 49 91 75 37 108 9 22
2 5 5 1 100 0.75 1 51 51 92 71 39 109 10 23
2 5 5 1 100 0.75 1 52 53 94 74 41 109 10 25
2 5 5 1 100 0.75 1 53 53 94 76 41 111 12 23
2 5 5 1 100 0.75 1 54 54 96 79 41 111 12 25
2 5 5 1 100 0.75 1 55 54 96 81 40 113 14 24
2 5 5 1 100 0.75 1 56 55 97 72 39 114 15 23
2 5 5 1 100 0.75 1 57 57 97 81 38 116 17 23
2 5 5 1 100 0.75 1 58 59 98 77 39 117 18 25
2 5 5 1 100 0.75 1 59 61 99 78 40 118 19 25
2 5 5 1 100 0.75 1 60 63 101 81 42 117 19 26
2 5 5 1 100 0.75 1 61 64 101 82 42 119 21 24
2 5 5 1 100 0.75 1 62 68 99 77 39 123 25 21
2 5 5 1 100 0.75 1 63 69 101 80 43 123 25 21
2 5 5 1 100 0.75 1 64 70 100 80 41 126 28 19
2 5 5 1 100 0.75 1 65 71 101 74 41 127 29 19
2 5 5 1 100 0.75 1 66 72 103 85 42 127 29 22
2 5 5 1 100 0.75 1 67 77 104 75 42 128 30 22
2 5 5 1 100 0.75 1 68 81 103 76 44 131 33 21
2 5 5 1 100 0.75 1 69 84 105 78 48 131 33 22
2 5 5 1 100 0.75 1 70 86 105 80 49 133 35 23
2 5 5 1 100 0.75 1 71 89 106 73 50 134 36 22
2 5 5 1 100 0.75 1 72 91 107 81 52 135 37 23
2 5 5 1 100 0.75 1 73 92 107 76 52 137 39 22
2 5 5 1 100 0.75 1 74 97 108 80 52 138 40 24
2 5 5 1 100 0.75 1 75 98 109 80 56 139 41 26
2 5 5 1 100 0.75 1 76 101 110 83 57 140 42 27
2 5 5 1 100 0.75 1 77 102 110 81 58 142 44 25
2 5 5 1 100 0.75 1 78 102 110 82 57 144 46 26
2 5 5 1 100 0.75 1 79 104 111 85 56 145 47 28
2 5 5 1 100 0.75 1 80 105 113 87 58 145 47 28
2 5 5 1 100 0.75 1 81 107 114 89 58 145 48 29
2 5 5 1 100 0.75 1 82 111 115 90 59 146 49 31
2 5 5 1 100 0.75 1 83 114 116 87 62 147 50 33
2 5 5 1 100 0.75 1 84 118 117 85 64 148 51 32
2 5 5 1 100 0.75 1 85 122 117 85 66 150 53 31
2 5 5 1 100 0.75 1 86 124 117 84 68 152 55 29
2 5 5 1 100 0.75 1 87 125 117 88 68 154 57 30
2 5 5 1 100 0.75 1 88 128 119 84 69 153 57 30
2 5 5 1 100 0.75 1 89 131 119 85 70 155 59 33
2 5 5 1 100 0.75 1 90 132 119 82 71 157 61 32
2 5 5 1 100 0.75 1 91 135 118 85 69 160 64 31
2 5 5 1 100 0.75 1 92 139 118 79 70 162 66 30
2 5 5 1 100 0.75 1 93 141 119 87 73 163 67 32
2 5 5 1 100 0.75 1 94 145 119 75 73 165 69 32
2 5 5 1 100 0.75 1 95 149 120 82 76 166 70 32
2 5 5 1 100 0.75 1 96 151 120 80 78 168 72 33
2 5 5 1 100 0.75 1 97 153 119 80 78 171 75 31
2 5 5 1 100 0.75 1 98 155 119 78 79 173 77 31
2 5 5 1 100 0.75 1 99 159 119 77 79 175 79 33
2 5 5 1 100 0.75 1 100 163 120 75 82 175 80 32
2 5 5 1 100 0.75 1 101 163 119 78 83 178 83 31
2 5 5 1 100 0.75 1 102 169 120 79 82 179 84 33
2 5 5 1 100 0.75 1 103 170 122 83 88 179 84 35
2 5 5 1 100 0.75 1 104 172 123 87 88 180 85 35
2 5 5 1 100 0.75 1 105 175 125 84 90 180 85 36
2 5 5 1 100 0.75 1 106 178 122 76 88 185 90 32
2 5 5 1 100 0.75 1 107 179 122 83 89 187 92 33
2 5 5 1 100 0.75 1 108 183 121 74 87 190 95 31
2 5 5 1 100 0.75 1 109 184 122 81 90 190 96 32
2 5 5 1 100 0.75 1 110 187 123 81 90 191 97 32
2 5 5 1 100 0.75 1 111 189 122 79 90 194 100 30
2 5 5 1 100 0.75 1 112 194 124 81 92 194 100 33
2 5 5 1 100 0.75 1 113 199 123 76 94 197 103 32
2 5 5 1 100 0.75 1 114 200 122 75 96 199 106 31
2 5 5 1 100 0.75 1 115 202 123 75 96 200 107 32
2 5 5 1 100 0.75 1 116 205 123 73 96 202 109 32
2 5 5 1 100 0.75 1 117 207 124 73 99 203 110 33
2 5 5 1 100 0.75 1 118 208 123 71 99 206 113 31
2 5 5 1 100 0.75 1 119 211 122 66 97 209 116 30
2 5 5 1 100 0.75 1 120 213 123 76 99 210 117 33
2 5 5 1 100 0.75 1 121 215 123 71 99 212 119 34
2 5 5 1 100 0.75 1 122 217 124 76 100 212 120 35
2 5 5 1 100 0.75 1 123 219 122 72 98 216 124 34
2 5 5 1 100 0.75 1 124 220 123 71 99 217 125 37
2 5 5 1 100 0.75 1 125 223 124 73 100 218 126 37
2 5 5 1 100 0.75 1 126 224 123 78 100 221 129 35
2 5 5 1 100 0.75 1 127 226 123 71 99 223 131 34
2 5 5 1 100 0.75 1 128 229 125 70 103 223 131 35
2 5 5 1 100 0.75 1 129 230 126 70 105 224 132 37
2 5 5 1 100 0.75 1 130 230 126 65 104 226 134 37
2 5 5 1 100 0.75 1 131 235 128 74 104 226 134 38
2 5 5 1 100 0.75 1 132 237 129 69 108 227 135 37
2 5 5 1 100 0.75 1 133 238 126 67 106 231 140 34
2 5 5 1 100 0.75 1 134 241 125 70 104 234 143 35
2 5 5 1 100 0.75 1 135 245 127 68 107 234 143 37
2 5 5 1 100 0.75 1 136 245 125 66 107 238 147 34
2 5 5 1 100 0.75 1 137 247 125 68 105 240 149 33
2 5 5 1 100 0.75 1 138 249 125 71 106 242 151 33
2 5 5 1 100 0.75 1 139 252 124 66 105 245 154 34
2 5 5 1 100 0.75 1 140 254 123 74 105 248 157 34
2 5 5 1 100 0.75 1 141 254 125 71 107 248 157 35
2 5 5 1 100 0.75 1 142 256 125 68 106 250 159 35
2 5 5 1 100 0.75 1 143 257 124 74 107 253 162 32
2 5 5 1 100 0.75 1 144 258 125 70 107 253 163 32
2 5 5 1 100 0.75 1 145 258 124 66 105 256 166 31
2 5 5 1 100 0.75 1 146 262 122 65 101 260 170 30
2 5 5 1 100 0.75 1 147 263 124 66 105 260 170 34
2 5 5 1 100 0.75 1 148 265 124 64 104 261 172 32
2 5 5 1 100 0.75 1 149 267 124 65 104 263 174 32
2 5 5 1 100 0.75 1 150 269 125 64 107 264 175 31
2 5 5 1 100 0.75 1 150 269 125 125 107 294 175 31
2 5 5 1 100 0.75 1 180 269 125 125 107 54 175 31
2 5 5 1 100 0.75 2 181 0 2 2 0 54 0 0
2 5 5 1 100 0.75 2 182 0 4 4 0 54 0 0
2 5 5 1 100 0.75 2 183 0 6 6 0 54 0 0
2 5 5 1 100 0.75 2 184 0 8 8 0 54 0 0
2 5 5 1 100 0.75 2 185 0 10 10 0 54 0 0
2 5 5 1 100 0.75 2 186 0 12 12 0 54 0 0
2 5 5 1 100 0.75 2 187 0 14 14 0 54 0 0
2 5 5 1 100 0.75 2 188 0 16 16 0 54 0 0
2 5 5 1 100 0.75 2 189 0 18 18 0 54 0 0
2 5 5 1 100 0.75 2 190 0 20 20 0 54 0 0
2 5 5 1 100 0.75 2 191 0 22 22 0 54 0 0
2 5 5 1 100 0.75 2 192 1 24 22 0 54 0 0
2 5 5 1 100 0.75 2 193 1 26 25 1 54 0 0
2 5 5 1 100 0.75 2 194 2 28 26 1 54 0 0
2 5 5 1 100 0.75 2 195 2 30 28 2 54 0 0
2 5 5 1 100 0.75 2 196 2 32 30 2 54 0 0
2 5 5 1 100 0.75 2 197 2 34 32 2 54 0 0
2 5 5 1 100 0.75 2 198 3 36 33 2 54 0 0
2 5 5 1 100 0.75 2 199 3 38 35 3 54 0 0
2 5 5 1 100 0.75 2 200 3 40 38 3 54 0 0
2 5 5 1 100 0.75 2 201 4 42 40 3 54 0 1
2 5 5 1 100 0.75 2 202 5 44 40 4 54 0 1
2 5 5 1 100 0.75 2 203 6 46 41 5 54 0 1
2 5 5 1 100 0.75 2 204 7 48 42 6 54 0 1
2 5 5 1 100 0.75 2 205 8 50 43 7 54 0 1
2 5 5 1 100 0.75 2 206 8 52 47 8 54 0 1
2 5 5 1 100 0.75 2 207 8 54 47 8 54 0 1
2 5 5 1 100 0.75 2 208 8 56 52 8 54 0 1
2 5 5 1 100 0.75 2 209 8 58 53 8 54 0 1
2 5 5 1 100 0.75 2 210 9 60 54 8 54 0 2
2 5 5 1 100 0.75 2 211 12 62 56 9 54 0 3
2 5 5 1 100 0.75 2 212 13 64 58 12 54 0 4
2 5 5 1 100 0.75 2 213 14 66 60 13 54 0 5
2 5 5 1 100 0.75 2 214 16 68 60 14 54 0 5
2 5 5 1 100 0.75 2 215 16 70 62 16 54 0 5
2 5 5 1 100 0.75 2 216 16 72 63 16 54 0 5
2 5 5 1 100 0.75 2 217 16 74 65 16 54 0 5
2 5 5 1 100 0.75 2 218 19 76 67 16 54 0 7
2 5 5 1 100 0.75 2 219 19 78 69 19 54 0 9
2 5 5 1 100 0.75 2 220 19 80 71 19 53 0 9
2 5 5 1 100 0.75 2 221 21 81 71 18 54 1 9
2 5 5 1 100 0.75 2 222 22 83 75 20 54 1 11
2 5 5 1 100 0.75 2 223 22 85 77 21 54 1 11
2 5 5 1 100 0.75 2 224 23 87 76 21 54 1 11
2 5 5 1 100 0.75 2 225 24 88 77 21 55 2 10
2 5 5 1 100 0.75 2 226 25 90 82 22 55 2 10
2 5 5 1 100 0.75 2 227 26 91 80 22 56 3 9
2 5 5 1 100 0.75 2 228 28 93 82 23 56 3 9
2 5 5 1 100 0.75 2 229 29 94 84 24 57 4 10
2 5 5 1 100 0.75 2 230 30 96 82 25 57 4 10
2 5 5 1 100 0.75 2 231 31 98 85 26 57 4 10
2 5 5 1 100 0.75 2 232 31 99 86 26 57 5 10
2 5 5 1 100 0.75 2 233 32 101 88 26 57 5 11
2 5 5 1 100 0.75 2 234 35 102 86 26 58 6 11
2 5 5 1 100 0.75 2 235 35 104 93 29 58 6 14
2 5 5 1 100 0.75 2 236 35 104 93 27 60 8 13
2 5 5 1 100 0.75 2 237 36 106 94 27 60 8 13
2 5 5 1 100 0.75 2 238 37 106 93 26 62 10 11
2 5 5 1 100 0.75 2 239 37 107 95 26 63 11 11
2 5 5 1 100 0.75 2 240 37 109 98 26 63 11 11
2 5 5 1 100 0.75 2 241 37 110 101 25 64 12 12
2 5 5 1 100 0.75 2 242 41 112 101 25 64 12 13
2 5 5 1 100 0.75 2 243 41 114 98 29 64 12 13
2 5 5 1 100 0.75 2 244 43 116 104 29 64 12 14
2 5 5 1 100 0.75 2 245 44 117 104 30 65 13 13
2 5 5 1 100 0.75 2 246 45 118 105 30 66 14 13
2 5 5 1 100 0.75 2 247 47 120 100 31 66 14 13
2 5 5 1 100 0.75 2 248 49 121 103 32 67 15 12
2 5 5 1 100 0.75 2 249 49 123 104 34 67 15 12
2 5 5 1 100 0.75 2 250 52 124 105 33 68 16 13
2 5 5 1 100 0.75 2 251 54 123 102 33 71 19 11
2 5 5 1 100 0.75 2 252 57 125 104 35 71 19 12
2 5 5 1 100 0.75 2 253 59 126 103 37 72 20 12
2 5 5 1 100 0.75 2 254 61 127 105 38 73 21 11
2 5 5 1 100 0.75 2 255 62 129 105 40 73 21 11
2 5 5 1 100 0.75 2 256 66 129 102 40 75 23 10
2 5 5 1 100 0.75 2 257 66 131 105 44 75 23 11
2 5 5 1 100 0.75 2 258 72 133 103 44 75 23 13
2 5 5 1 100 0.75 2 259 72 134 105 49 76 24 15
2 5 5 1 100 0.75 2 260 72 136 113 49 76 24 18
2 5 5 1 100 0.75 2 261 74 136 106 47 78 26 16
2 5 5 1 100 0.75 2 262 78 138 111 49 78 26 18
2 5 5 1 100 0.75 2 263 81 140 113 53 77 26 19
2 5 5 1 100 0.75 2 264 82 142 113 56 77 26 20
2 5 5 1 100 0.75 2 265 85 142 111 55 79 28 19
2 5 5 1 100 0.75 2 266 88 144 116 58 79 28 23
2 5 5 1 100 0.75 2 267 90 146 112 61 79 28 23
2 5 5 1 100 0.75 2 268 93 146 114 61 81 30 21
2 5 5 1 100 0.75 2 269 95 148 119 64 81 30 24
2 5 5 1 100 0.75 2 270 98 149 119 65 82 31 26
2 5 5 1 100 0.75 2 271 100 150 115 67 83 32 26
2 5 5 1 100 0.75 2 272 102 151 118 68 84 33 26
2 5 5 1 100 0.75 2 273 104 152 122 69 85 34 27
2 5 5 1 100 0.75 2 274 109 154 122 71 85 34 31
2 5 5 1 100 0.75 2 275 111 153 122 73 88 37 30
2 5 5 1 100 0.75 2 276 112 154 124 74 89 38 30
2 5 5 1 100 0.75 2 277 115 153 116 72 92 41 28
2 5 5 1 100 0.75 2 278 117 153 117 73 94 43 29
2 5 5 1 100 0.75 2 279 118 153 118 73 96 45 28
2 5 5 1 100 0.75 2 280 120 154 121 73 97 46 29
2 5 5 1 100 0.75 2 281 122 154 116 73 98 48 28
2 5 5 1 100 0.75 2 282 125 155 122 74 99 49 31
2 5 5 1 100 0.75 2 283 128 156 118 76 99 50 31
2 5 5 1 100 0.75 2 284 131 157 120 78 100 51 31
2 5 5 1 100 0.75 2 285 134 156 121 78 103 54 30
2 5 5 1 100 0.75 2 286 137 157 122 80 104 55 31
2 5 5 1 100 0.75 2 287 138 158 122 82 105 56 31
2 5 5 1 100 0.75 2 288 145 159 114 82 106 57 31
2 5 5 1 100 0.75 2 289 146 158 119 86 108 60 30
2 5 5 1 100 0.75 2 290 150 160 119 87 108 60 30
2 5 5 1 100 0.75 2 291 150 159 120 88 111 63 30
2 5 5 1 100 0.75 2 292 154 160 110 87 112 64 32
2 5 5 1 100 0.75 2 293 157 162 123 91 112 64 35
2 5 5 1 100 0.75 2 294 160 160 118 90 116 68 32
2 5 5 1 100 0.75 2 295 163 160 118 91 118 70 34
2 5 5 1 100 0.75 2 296 165 161 116 93 119 71 35
2 5 5 1 100 0.75 2 297 168 161 116 94 121 73 36
2 5 5 1 100 0.75 2 298 170 162 115 96 122 74 35
2 5 5 1 100 0.75 2 299 172 162 118 96 124 76 35
2 5 5 1 100 0.75 2 300 176 161 117 95 127 79 33
2 5 5 1 100 0.75 2 301 182 160 107 96 130 82 33
2 5 5 1 100 0.75 2 302 184 161 117 102 131 83 38
2 5 5 1 100 0.75 2 303 187 162 105 104 132 84 38
2 5 5 1 100 0.75 2 304 189 163 114 107 133 85 40
2 5 5 1 100 0.75 2 305 190 163 111 108 135 87 41
2 5 5 1 100 0.75 2 306 192 165 116 109 135 87 42
2 5 5 1 100 0.75 2 307 192 164 115 108 138 90 41
2 5 5 1 100 0.75 2 308 192 164 116 106 140 92 43
2 5 5 1 100 0.75 2 309 195 162 119 102 144 96 43
2 5 5 1 100 0.75 2 310 199 161 116 102 147 99 41
2 5 5 1 100 0.75 2 311 204 160 116 103 150 102 40
2 5 5 1 100 0.75 2 312 205 160 116 107 152 104 40
2 5 5 1 100 0.75 2 313 209 160 107 106 153 106 39
2 5 5 1 100 0.75 2 314 211 161 113 109 154 107 39
2 5 5 1 100 0.75 2 315 212 161 110 109 156 109 37
2 5 5 1 100 0.75 2 316 212 162 110 109 157 110 38
2 5 5 1 100 0.75 2 317 214 162 110 107 159 112 39
2 5 5 1 100 0.75 2 318 219 158 110 103 165 118 35
2 5 5 1 100 0.75 2 319 225 157 105 105 168 121 34
2 5 5 1 100 0.75 2 320 226 158 105 110 169 122 35
2 5 5 1 100 0.75 2 321 228 159 104 110 170 123 36
2 5 5 1 100 0.75 2 322 230 158 100 111 173 126 34
2 5 5 1 100 0.75 2 323 233 160 101 113 173 126 35
2 5 5 1 100 0.75 2 324 234 159 97 113 176 129 32
2 5 5 1 100 0.75 2 325 238 156 94 109 181 134 30
2 5 5 1 100 0.75 2 326 240 155 96 110 183 137 31
2 5 5 1 100 0.75 2 327 248 157 92 112 183 137 33
2 5 5 1 100 0.75 2 328 251 154 91 115 188 142 30
2 5 5 1 100 0.75 2 329 252 154 92 116 190 144 28
2 5 5 1 100 0.75 2 330 254 154 87 115 192 146 28
2 5 5 1 100 0.75 2 330 254 154 154 115 220 146 28
2 5 5 1 100 0.75 2 360 254 154 154 115 54 146 28
2 5 5 1 100 0.75 3 361 0 2 2 0 54 0 0
2 5 5 1 100 0.75 3 362 0 4 4 0 54 0 0
2 5 5 1 100 0.75 3 363 0 6 6 0 54 0 0
2 5 5 1 100 0.75 3 364 0 8 8 0 54 0 0
2 5 5 1 100 0.75 3 365 0 10 10 0 54 0 0
2 5 5 1 100 0.75 3 366 0 12 12 0 54 0 0
2 5 5 1 100 0.75 3 367 0 14 14 0 54 0 0
2 5 5 1 100 0.75 3 368 0 16 16 0 54 0 0
2 5 5 1 100 0.75 3 369 0 18 18 0 54 0 0
2 5 5 1 100 0.75 3 370 0 20 20 0 54 0 0
2 5 5 1 100 0.75 3 371 0 22 22 0 54 0 0
2 5 5 1 100 0.75 3 372 0 24 24 0 54 0 0
2 5 5 1 100 0.75 3 373 0 26 26 0 54 0 0
2 5 5 1 100 0.75 3 374 0 28 28 0 54 0 0
2 5 5 1 100 0.75 3 375 0 30 30 0 54 0 0
2 5 5 1 100 0.75 3 376 2 32 30 0 54 0 0
2 5 5 1 100 0.75 3 377 2 34 32 2 54 0 0
2 5 5 1 100 0.75 3 378 2 36 34 2 54 0 0
2 5 5 1 100 0.75 3 379 2 38 36 2 54 0 0
2 5 5 1 100 0.75 3 380 2 40 38 2 54 0 0
2 5 5 1 100 0.75 3 381 2 42 40 2 54 0 0
2 5 5 1 100 0.75 3 382 2 44 42 2 54 0 0
2 5 5 1 100 0.75 3 383 3 46 45 2 54 0 1
2 5 5 1 100 0.75 3 384 3 48 47 3 54 0 1
2 5 5 1 100 0.75 3 385 3 50 49 3 54 0 1
2 5 5 1 100 0.75 3 386 5 52 49 3 54 0 1
2 5 5 1 100 0.75 3 387 5 54 50 5 54 0 1
2 5 5 1 100 0.75 3 388 5 56 53 5 54 0 1
2 5 5 1 100 0.75 3 389 5 58 53 5 54 0 1
2 5 5 1 100 0.75 3 390 5 60 58 5 54 0 1
2 5 5 1 100 0.75 3 391 6 62 59 5 54 0 1
2 5 5 1 100 0.75 3 392 8 64 58 6 54 0 1
2 5 5 1 100 0.75 3 393 8 66 59 8 54 0 1
2 5 5 1 100 0.75 3 394 8 68 65 8 54 0 3
2 5 5 1 100 0.75 3 395 9 70 65 8 54 0 3
2 5 5 1 100 0.75 3 396 10 72 65 9 54 0 3
2 5 5 1 100 0.75 3 397 11 74 67 10 54 0 3
2 5 5 1 100 0.75 3 398 12 76 70 11 54 0 4
2 5 5 1 100 0.75 3 399 13 77 70 11 55 1 3
2 5 5 1 100 0.75 3 400 14 79 72 12 55 1 4
2 5 5 1 100 0.75 3 401 15 81 73 13 55 1 4
2 5 5 1 100 0.75 3 402 17 83 72 14 55 1 4
2 5 5 1 100 0.75 3 403 17 85 78 16 55 1 6
2 5 5 1 100 0.75 3 404 20 87 76 16 55 1 7
2 5 5 1 100 0.75 3 405 21 89 79 19 55 1 7
2 5 5 1 100 0.75 3 406 21 91 80 20 55 1 8
2 5 5 1 100 0.75 3 407 22 93 84 20 55 1 10
2 5 5 1 100 0.75 3 408 24 95 83 21 55 1 10
2 5 5 1 100 0.75 3 409 25 96 85 22 56 2 10
2 5 5 1 100 0.75 3 410 26 98 89 23 56 2 12
2 5 5 1 100 0.75 3 411 27 99 91 23 57 3 13
2 5 5 1 100 0.75 3 412 27 101 93 24 57 3 14
2 5 5 1 100 0.75 3 413 27 103 94 24 57 3 14
2 5 5 1 100 0.75 3 414 29 105 96 24 56 3 15
2 5 5 1 100 0.75 3 415 30 106 98 26 57 4 16
2 5 5 1 100 0.75 3 416 30 108 101 27 57 4 16
2 5 5 1 100 0.75 3 417 31 110 102 27 57 4 18
2 5 5 1 100 0.75 3 418 34 111 102 27 58 5 18
2 5 5 1 100 0.75 3 419 37 112 101 29 59 6 17
2 5 5 1 100 0.75 3 420 38 113 100 31 60 7 16
2 5 5 1 100 0.75 3 421 40 115 100 32 60 7 17
2 5 5 1 100 0.75 3 422 40 115 102 32 62 9 17
2 5 5 1 100 0.75 3 423 42 115 100 30 64 11 16
2 5 5 1 100 0.75 3 424 45 117 103 32 64 11 16
2 5 5 1 100 0.75 3 425 47 118 98 34 65 12 15
2 5 5 1 100 0.75 3 426 48 120 105 36 65 12 19
2 5 5 1 100 0.75 3 427 53 121 102 36 66 13 20
2 5 5 1 100 0.75 3 428 57 123 103 41 66 13 21
2 5 5 1 100 0.75 3 429 58 125 101 45 66 13 21
2 5 5 1 100 0.75 3 430 58 125 101 44 67 15 19
2 5 5 1 100 0.75 3 431 59 124 106 41 70 18 20
2 5 5 1 100 0.75 3 432 61 124 105 40 72 20 20
2 5 5 1 100 0.75 3 433 64 126 103 42 72 20 21
2 5 5 1 100 0.75 3 434 67 127 105 44 73 21 21
2 5 5 1 100 0.75 3 435 69 128 109 46 74 22 22
2 5 5 1 100 0.75 3 436 75 129 107 47 75 23 22
2 5 5 1 100 0.75 3 437 78 131 105 53 75 23 22
2 5 5 1 100 0.75 3 438 78 132 104 55 76 24 21
2 5 5 1 100 0.75 3 439 80 131 108 52 79 27 20
2 5 5 1 100 0.75 3 440 83 133 104 54 79 27 21
2 5 5 1 100 0.75 3 441 86 135 109 57 78 27 23
2 5 5 1 100 0.75 3 442 89 136 107 59 79 28 24
2 5 5 1 100 0.75 3 443 91 138 115 62 79 28 28
2 5 5 1 100 0.75 3 444 96 138 113 62 81 30 29
2 5 5 1 100 0.75 3 445 100 138 109 65 83 32 28
2 5 5 1 100 0.75 3 446 101 137 108 66 86 35 27
2 5 5 1 100 0.75 3 447 103 138 108 66 87 36 27
2 5 5 1 100 0.75 3 448 107 138 110 66 89 38 29
2 5 5 1 100 0.75 3 449 109 139 106 69 90 39 28
2 5 5 1 100 0.75 3 450 109 139 108 69 92 41 30
2 5 5 1 100 0.75 3 451 110 140 112 68 93 42 32
2 5 5 1 100 0.75 3 452 114 142 110 69 93 42 33
2 5 5 1 100 0.75 3 453 115 142 112 71 95 44 33
2 5 5 1 100 0.75 3 454 123 142 103 72 97 46 31
2 5 5 1 100 0.75 3 455 123 144 106 80 97 46 33
2 5 5 1 100 0.75 3 456 125 146 112 80 97 46 37
2 5 5 1 100 0.75 3 457 128 146 109 81 99 48 35
2 5 5 1 100 0.75 3 458 131 145 109 81 102 51 32
2 5 5 1 100 0.75 3 459 133 143 107 80 106 55 32
2 5 5 1 100 0.75 3 460 135 143 106 80 108 57 33
2 5 5 1 100 0.75 3 461 136 145 112 82 108 57 39
2 5 5 1 100 0.75 3 462 139 144 109 80 111 60 38
2 5 5 1 100 0.75 3 463 142 145 112 82 112 61 39
2 5 5 1 100 0.75 3 464 144 146 114 85 113 62 40
2 5 5 1 100 0.75 3 465 146 143 107 82 118 67 36
2 5 5 1 100 0.75 3 466 147 143 107 82 120 69 37
2 5 5 1 100 0.75 3 467 151 143 108 82 122 71 36
2 5 5 1 100 0.75 3 468 156 143 102 84 124 73 35
2 5 5 1 100 0.75 3 469 160 143 98 88 126 75 34
2 5 5 1 100 0.75 3 470 163 143 101 90 128 77 35
2 5 5 1 100 0.75 3 471 163 145 104 93 128 77 36
2 5 5 1 100 0.75 3 472 169 145 99 91 130 79 36
2 5 5 1 100 0.75 3 473 171 146 102 96 131 80 36
2 5 5 1 100 0.75 3 474 173 146 100 96 133 82 36
2 5 5 1 100 0.75 3 475 177 145 104 95 135 85 39
2 5 5 1 100 0.75 3 476 181 142 96 94 140 90 36
2 5 5 1 100 0.75 3 477 187 143 96 97 141 91 36
2 5 5 1 100 0.75 3 478 190 142 93 100 144 94 35
2 5 5 1 100 0.75 3 479 190 142 93 101 146 96 37
2 5 5 1 100 0.75 3 480 191 141 96 100 149 99 36
2 5 5 1 100 0.75 3 481 195 141 89 99 151 101 36
2 5 5 1 100 0.75 3 482 197 141 92 102 152 103 36
2 5 5 1 100 0.75 3 483 201 141 95 102 154 105 38
2 5 5 1 100 0.75 3 484 206 143 88 106 154 105 40
2 5 5 1 100 0.75 3 485 208 145 97 111 154 105 45
2 5 5 1 100 0.75 3 486 210 144 95 110 157 108 44
2 5 5 1 100 0.75 3 487 213 143 91 109 160 111 42
2 5 5 1 100 0.75 3 488 218 144 87 111 161 112 43
2 5 5 1 100 0.75 3 489 220 145 93 115 162 113 43
2 5 5 1 100 0.75 3 490 223 145 92 115 164 115 45
2 5 5 1 100 0.75 3 491 227 146 90 117 165 116 47
2 5 5 1 100 0.75 3 492 229 145 93 119 168 119 46
2 5 5 1 100 0.75 3 493 230 144 92 118 171 122 44
2 5 5 1 100 0.75 3 494 232 142 86 115 175 126 43
2 5 5 1 100 0.75 3 495 234 140 90 114 179 130 41
2 5 5 1 100 0.75 3 496 236 141 86 115 180 131 43
2 5 5 1 100 0.75 3 497 238 140 85 115 183 134 40
2 5 5 1 100 0.75 3 498 243 141 87 116 184 135 43
2 5 5 1 100 0.75 3 499 243 140 86 118 187 138 43
2 5 5 1 100 0.75 3 500 243 140 87 116 189 140 43
2 5 5 1 100 0.75 3 501 247 140 82 114 191 142 41
2 5 5 1 100 0.75 3 502 251 138 76 114 194 146 39
2 5 5 1 100 0.75 3 503 253 135 75 113 199 151 35
2 5 5 1 100 0.75 3 504 255 137 80 115 199 151 38
2 5 5 1 100 0.75 3 505 258 134 77 112 204 156 36
2 5 5 1 100 0.75 3 506 261 134 75 113 206 158 35
2 5 5 1 100 0.75 3 507 263 134 74 114 208 160 33
2 5 5 1 100 0.75 3 508 263 135 79 116 209 161 34
2 5 5 1 100 0.75 3 509 266 136 79 115 210 162 37
2 5 5 1 100 0.75 3 510 266 135 80 116 213 165 36
2 5 5 1 100 0.75 3 510 266 135 135 116 246 165 36
2 5 5 1 100 0.75 3 540 266 135 135 116 54 165 36
2 5 5 1 100 0.75 4 541 0 2 2 0 54 0 0
2 5 5 1 100 0.75 4 542 0 4 4 0 54 0 0
2 5 5 1 100 0.75 4 543 0 6 6 0 54 0 0
2 5 5 1 100 0.75 4 544 0 8 8 0 54 0 0
2 5 5 1 100 0.75 4 545 0 10 10 0 54 0 0
2 5 5 1 100 0.75 4 546 0 12 12 0 54 0 0
2 5 5 1 100 0.75 4 547 0 14 14 0 54 0 0
2 5 5 1 100 0.75 4 548 0 16 15 0 54 0 0
2 5 5 1 100 0.75 4 549 0 18 18 0 54 0 0
2 5 5 1 100 0.75 4 550 1 20 19 0 54 0 0
2 5 5 1 100 0.75 4 551 1 22 21 1 54 0 0
2 5 5 1 100 0.75 4 552 2 24 22 1 54 0 0
2 5 5 1 100 0.75 4 553 2 26 24 2 54 0 0
2 5 5 1 100 0.75 4 554 2 28 25 2 54 0 0
2 5 5 1 100 0.75 4 555 4 30 26 2 54 0 0
2 5 5 1 100 0.75 4 556 4 32 28 4 54 0 0
2 5 5 1 100 0.75 4 557 4 34 29 4 54 0 0
2 5 5 1 100 0.75 4 558 5 36 32 4 54 0 1
2 5 5 1 100 0.75 4 559 6 38 33 5 54 0 2
2 5 5 1 100 0.75 4 560 6 40 36 6 54 0 2
2 5 5 1 100 0.75 4 561 6 42 38 6 54 0 2
2 5 5 1 100 0.75 4 562 7 44 41 6 54 0 3
2 5 5 1 100 0.75 4 563 8 46 41 7 54 0 3
2 5 5 1 100 0.75 4 564 9 48 43 8 54 0 3
2 5 5 1 100 0.75 4 565 9 50 44 9 54 0 3
2 5 5 1 100 0.75 4 566 10 52 44 9 54 0 4
2 5 5 1 100 0.75 4 567 11 54 47 10 54 0 5
2 5 5 1 100 0.75 4 568 12 56 50 11 54 0 5
2 5 5 1 100 0.75 4 569 13 58 51 12 54 0 5
2 5 5 1 100 0.75 4 570 14 60 52 13 54 0 5
2 5 5 1 100 0.75 4 571 16 62 54 14 54 0 6
2 5 5 1 100 0.75 4 572 17 64 53 16 54 0 6
2 5 5 1 100 0.75 4 573 18 66 56 17 54 0 6
2 5 5 1 100 0.75 4 574 19 68 58 18 54 0 7
2 5 5 1 100 0.75 4 575 19 69 61 18 55 1 7
2 5 5 1 100 0.75 4 576 19 71 63 18 55 1 8
2 5 5 1 100 0.75 4 577 20 73 66 18 55 1 8
2 5 5 1 100 0.75 4 578 22 74 64 18 55 2 8
2 5 5 1 100 0.75 4 579 22 75 68 19 56 3 9
2 5 5 1 100 0.75 4 580 23 77 69 19 56 3 9
2 5 5 1 100 0.75 4 581 25 78 66 19 57 4 10
2 5 5 1 100 0.75 4 582 28 80 67 21 57 4 10
2 5 5 1 100 0.75 4 583 29 81 67 23 58 5 9
2 5 5 1 100 0.75 4 584 32 83 67 24 58 5 9
2 5 5 1 100 0.75 4 585 33 85 71 27 58 5 11
2 5 5 1 100 0.75 4 586 33 87 71 28 58 5 11
2 5 5 1 100 0.75 4 587 34 89 74 28 58 5 11
2 5 5 1 100 0.75 4 588 34 90 74 28 59 6 11
2 5 5 1 100 0.75 4 589 36 92 79 28 59 6 14
2 5 5 1 100 0.75 4 590 41 93 76 29 60 7 15
2 5 5 1 100 0.75 4 591 42 95 80 34 60 7 17
2 5 5 1 100 0.75 4 592 42 97 82 35 60 7 18
2 5 5 1 100 0.75 4 593 44 97 80 33 62 9 17
2 5 5 1 100 0.75 4 594 48 99 77 35 62 9 17
2 5 5 1 100 0.75 4 595 50 100 79 38 63 10 17
2 5 5 1 100 0.75 4 596 51 101 80 39 64 11 17
2 5 5 1 100 0.75 4 597 53 102 80 39 65 12 18
2 5 5 1 100 0.75 4 598 54 102 83 39 67 14 18
2 5 5 1 100 0.75 4 599 56 104 85 40 67 14 19
2 5 5 1 100 0.75 4 600 57 105 87 41 68 15 19
2 5 5 1 100 0.75 4 601 58 107 89 42 68 15 20
2 5 5 1 100 0.75 4 602 61 109 92 43 68 15 24
2 5 5 1 100 0.75 4 603 61 110 91 45 69 16 24
2 5 5 1 100 0.75 4 604 63 110 92 43 71 18 22
2 5 5 1 100 0.75 4 605 66 111 90 45 72 19 23
2 5 5 1 100 0.75 4 606 67 112 91 47 73 20 24
2 5 5 1 100 0.75 4 607 68 113 93 47 74 21 24
2 5 5 1 100 0.75 4 608 70 113 90 46 76 23 23
2 5 5 1 100 0.75 4 609 72 114 92 47 77 24 23
2 5 5 1 100 0.75 4 610 73 115 91 48 77 25 23
2 5 5 1 100 0.75 4 611 74 117 97 49 77 25 24
2 5 5 1 100 0.75 4 612 76 117 95 48 79 27 25
2 5 5 1 100 0.75 4 613 78 119 96 50 79 27 27
2 5 5 1 100 0.75 4 614 78 118 96 49 82 30 24
2 5 5 1 100 0.75 4 615 78 117 97 46 85 33 22
2 5 5 1 100 0.75 4 616 84 119 96 46 85 33 23
2 5 5 1 100 0.75 4 617 85 120 99 51 86 34 22
2 5 5 1 100 0.75 4 618 90 121 95 51 87 35 22
2 5 5 1 100 0.75 4 619 90 122 99 55 88 36 21
2 5 5 1 100 0.75 4 620 94 122 95 53 90 38 22
2 5 5 1 100 0.75 4 621 95 121 93 55 93 41 19
2 5 5 1 100 0.75 4 622 98 121 90 54 95 43 17
2 5 5 1 100 0.75 4 623 99 123 97 57 95 43 18
2 5 5 1 100 0.75 4 624 103 124 97 57 96 44 20
2 5 5 1 100 0.75 4 625 105 126 100 61 96 44 23
2 5 5 1 100 0.75 4 626 107 127 101 62 97 45 23
2 5 5 1 100 0.75 4 627 109 127 96 62 98 47 21
2 5 5 1 100 0.75 4 628 113 127 100 62 100 49 24
2 5 5 1 100 0.75 4 629 116 128 98 65 101 50 24
2 5 5 1 100 0.75 4 630 118 129 99 67 102 51 24
2 5 5 1 100 0.75 4 631 121 129 97 67 104 53 23
2 5 5 1 100 0.75 4 632 126 129 94 68 106 55 24
2 5 5 1 100 0.75 4 633 126 130 97 72 107 56 24
2 5 5 1 100 0.75 4 634 127 132 99 72 107 56 25
2 5 5 1 100 0.75 4 635 133 132 96 71 109 58 24
2 5 5 1 100 0.75 4 636 136 133 98 76 110 59 26
2 5 5 1 100 0.75 4 637 138 135 102 79 110 59 28
2 5 5 1 100 0.75 4 638 141 135 98 79 112 61 27
2 5 5 1 100 0.75 4 639 142 137 104 82 112 61 30
2 5 5 1 100 0.75 4 640 143 138 101 82 113 62 30
2 5 5 1 100 0.75 4 641 145 140 101 83 113 62 30
2 5 5 1 100 0.75 4 642 150 140 104 84 115 64 33
2 5 5 1 100 0.75 4 643 154 138 99 86 119 68 31
2 5 5 1 100 0.75 4 644 157 139 96 89 119 69 32
2 5 5 1 100 0.75 4 645 161 139 96 91 121 71 32
2 5 5 1 100 0.75 4 646 164 139 93 93 123 73 31
2 5 5 1 100 0.75 4 647 166 138 95 93 126 76 30
2 5 5 1 100 0.75 4 648 168 139 93 94 127 77 31
2 5 5 1 100 0.75 4 649 169 140 99 95 128 78 32
2 5 5 1 100 0.75 4 650 172 139 98 94 131 81 34
2 5 5 1 100 0.75 4 651 175 140 99 97 132 82 36
2 5 5 1 100 0.75 4 652 178 139 94 98 135 85 34
2 5 5 1 100 0.75 4 653 180 141 102 101 135 85 39
2 5 5 1 100 0.75 4 654 183 142 99 102 135 86 41
2 5 5 1 100 0.75 4 655 187 142 97 104 137 88 40
2 5 5 1 100 0.75 4 656 189 142 98 106 139 90 39
2 5 5 1 100 0.75 4 657 190 144 98 109 139 90 41
2 5 5 1 100 0.75 4 658 192 142 93 106 143 94 40
2 5 5 1 100 0.75 4 659 196 142 100 107 145 96 42
2 5 5 1 100 0.75 4 660 199 143 91 110 146 97 41
2 5 5 1 100 0.75 4 661 202 144 96 115 147 98 43
2 5 5 1 100 0.75 4 662 205 143 90 115 150 101 44
2 5 5 1 100 0.75 4 663 207 144 96 117 151 102 45
2 5 5 1 100 0.75 4 664 208 144 101 117 153 104 45
2 5 5 1 100 0.75 4 665 212 142 89 114 157 108 42
2 5 5 1 100 0.75 4 666 214 141 88 115 160 111 40
2 5 5 1 100 0.75 4 667 216 140 90 114 163 114 39
2 5 5 1 100 0.75 4 668 219 141 91 117 164 115 41
2 5 5 1 100 0.75 4 669 220 140 88 117 167 118 40
2 5 5 1 100 0.75 4 670 224 138 89 114 171 122 38
2 5 5 1 100 0.75 4 671 225 139 87 117 172 123 39
2 5 5 1 100 0.75 4 672 226 138 87 115 175 126 38
2 5 5 1 100 0.75 4 673 226 139 97 115 175 127 40
2 5 5 1 100 0.75 4 674 228 136 87 110 180 132 37
2 5 5 1 100 0.75 4 675 228 135 95 109 182 135 36
2 5 5 1 100 0.75 4 676 231 135 89 107 184 137 35
2 5 5 1 100 0.75 4 677 234 136 94 112 185 138 35
2 5 5 1 100 0.75 4 678 236 132 84 109 190 144 32
2 5 5 1 100 0.75 4 679 239 134 84 111 189 144 34
2 5 5 1 100 0.75 4 680 241 135 86 113 190 145 33
2 5 5 1 100 0.75 4 681 243 136 84 114 191 146 32
2 5 5 1 100 0.75 4 682 244 134 76 112 195 150 30
2 5 5 1 100 0.75 4 683 244 135 81 112 196 151 30
2 5 5 1 100 0.75 4 684 246 136 94 111 196 152 37
2 5 5 1 100 0.75 4 685 247 138 86 114 195 152 37
2 5 5 1 100 0.75 4 686 251 139 84 114 196 153 37
2 5 5 1 100 0.75 4 687 253 139 87 117 198 155 38
2 5 5 1 100 0.75 4 688 255 135 75 114 204 161 33
2 5 5 1 100 0.75 4 689 255 132 80 111 209 166 29
2 5 5 1 100 0.75 4 690 259 133 74 111 209 167 29
2 5 5 1 100 0.75 4 690 259 133 133 111 236 167 29
2 5 5 1 100 0.75 4 720 259 133 133 111 54 167 29
2 5 5 1 100 0.75 5 721 0 2 2 0 54 0 0
2 5 5 1 100 0.75 5 722 0 4 4 0 54 0 0
2 5 5 1 100 0.75 5 723 0 6 6 0 54 0 0
2 5 5 1 100 0.75 5 724 0 8 8 0 54 0 0
2 5 5 1 100 0.75 5 725 0 10 10 0 54 0 0
2 5 5 1 100 0.75 5 726 0 12 12 0 54 0 0
2 5 5 1 100 0.75 5 727 0 14 14 0 54 0 0
2 5 5 1 100 0.75 5 728 1 16 15 0 54 0 0
2 5 5 1 100 0.75 5 729 2 18 16 1 54 0 0
2 5 5 1 100 0.75 5 730 2 20 18 2 54 0 0
2 5 5 1 100 0.75 5 731 3 22 18 2 54 0 0
2 5 5 1 100 0.75 5 732 3 24 21 3 54 0 0
2 5 5 1 100 0.75 5 733 3 26 22 3 54 0 0
2 5 5 1 100 0.75 5 734 3 28 25 3 54 0 0
2 5 5 1 100 0.75 5 735 4 30 26 3 54 0 0
2 5 5 1 100 0.75 5 736 4 32 30 4 54 0 2
2 5 5 1 100 0.75 5 737 4 34 32 4 54 0 2
2 5 5 1 100 0.75 5 738 4 36 35 4 54 0 2
2 5 5 1 100 0.75 5 739 6 38 33 4 54 0 2
2 5 5 1 100 0.75 5 740 7 40 36 6 54 0 2
2 5 5 1 100 0.75 5 741 7 42 37 7 53 0 2
2 5 5 1 100 0.75 5 742 9 44 38 7 53 0 2
2 5 5 1 100 0.75 5 743 10 46 40 9 53 0 3
2 5 5 1 100 0.75 5 744 10 48 41 10 53 0 3
2 5 5 1 100 0.75 5 745 10 50 41 10 52 0 3
2 5 5 1 100 0.75 5 746 12 52 45 10 52 0 4
2 5 5 1 100 0.75 5 747 12 54 48 12 52 0 5
2 5 5 1 100 0.75 5 748 13 56 49 12 52 0 5
2 5 5 1 100 0.75 5 749 13 58 52 13 52 0 6
2 5 5 1 100 0.75 5 750 14 60 54 13 52 0 7
2 5 5 1 100 0.75 5 751 14 62 57 14 52 0 8
2 5 5 1 100 0.75 5 752 14 63 59 13 53 1 7
2 5 5 1 100 0.75 5 753 16 65 60 13 53 1 9
2 5 5 1 100 0.75 5 754 18 66 60 14 54 2 8
2 5 5 1 100 0.75 5 755 18 68 63 16 54 2 9
2 5 5 1 100 0.75 5 756 19 70 64 16 54 2 9
2 5 5 1 100 0.75 5 757 19 72 65 17 54 2 9
2 5 5 1 100 0.75 5 758 19 73 68 16 55 3 9
2 5 5 1 100 0.75 5 759 20 75 67 16 55 3 9
2 5 5 1 100 0.75 5 760 20 77 71 17 55 3 9
2 5 5 1 100 0.75 5 761 22 79 74 17 55 3 11
2 5 5 1 100 0.75 5 762 23 80 75 18 56 4 11
2 5 5 1 100 0.75 5 763 23 82 77 19 56 4 11
2 5 5 1 100 0.75 5 764 26 84 76 19 56 4 11
2 5 5 1 100 0.75 5 765 29 84 73 20 58 6 9
2 5 5 1 100 0.75 5 766 29 86 76 23 58 6 10
2 5 5 1 100 0.75 5 767 30 88 77 23 58 6 10
2 5 5 1 100 0.75 5 768 31 90 80 24 58 6 11
2 5 5 1 100 0.75 5 769 33 91 78 24 59 7 10
2 5 5 1 100 0.75 5 770 33 92 81 25 60 8 10
2 5 5 1 100 0.75 5 771 35 94 84 25 60 8 13
2 5 5 1 100 0.75 5 772 36 95 87 26 61 9 15
2 5 5 1 100 0.75 5 773 39 96 83 26 62 10 14
2 5 5 1 100 0.75 5 774 40 98 83 29 62 10 15
2 5 5 1 100 0.75 5 775 41 99 85 29 63 11 14
2 5 5 1 100 0.75 5 776 42 99 87 28 65 13 13
2 5 5 1 100 0.75 5 777 44 100 85 28 66 14 13
2 5 5 1 100 0.75 5 778 46 102 88 30 66 14 14
2 5 5 1 100 0.75 5 779 48 104 90 32 66 14 16
2 5 5 1 100 0.75 5 780 51 105 87 33 67 15 15
2 5 5 1 100 0.75 5 781 53 107 92 36 67 15 17
2 5 5 1 100 0.75 5 782 56 109 93 38 67 15 18
2 5 5 1 100 0.75 5 783 58 110 91 40 68 16 18
2 5 5 1 100 0.75 5 784 61 112 93 42 68 16 19
2 5 5 1 100 0.75 5 785 63 113 91 44 69 17 21
2 5 5 1 100 0.75 5 786 63 115 96 46 69 17 21
2 5 5 1 100 0.75 5 787 63 117 97 46 69 17 22
2 5 5 1 100 0.75 5 788 63 119 103 46 69 17 24
2 5 5 1 100 0.75 5 789 64 119 104 44 71 19 24
2 5 5 1 100 0.75 5 790 67 116 97 40 76 24 21
2 5 5 1 100 0.75 5 791 70 118 102 43 76 24 23
2 5 5 1 100 0.75 5 792 75 118 96 44 78 26 25
2 5 5 1 100 0.75 5 793 77 119 97 48 79 27 24
2 5 5 1 100 0.75 5 794 78 119 98 49 81 29 22
2 5 5 1 100 0.75 5 795 79 121 96 50 81 29 22
2 5 5 1 100 0.75 5 796 79 123 100 51 81 29 22
2 5 5 1 100 0.75 5 797 80 124 102 50 82 30 24
2 5 5 1 100 0.75 5 798 83 126 105 51 82 30 27
2 5 5 1 100 0.75 5 799 87 126 104 52 84 32 29
2 5 5 1 100 0.75 5 800 90 126 103 54 86 34 30
2 5 5 1 100 0.75 5 801 90 126 103 55 88 36 28
2 5 5 1 100 0.75 5 802 91 128 105 55 88 36 29
2 5 5 1 100 0.75 5 803 93 129 102 55 89 37 28
2 5 5 1 100 0.75 5 804 96 131 106 57 89 37 29
2 5 5 1 100 0.75 5 805 99 130 102 57 92 40 26
2 5 5 1 100 0.75 5 806 100 132 106 60 92 40 26
2 5 5 1 100 0.75 5 807 102 131 105 58 95 43 29
2 5 5 1 100 0.75 5 808 104 131 102 59 97 45 27
2 5 5 1 100 0.75 5 809 108 132 100 60 97 46 26
2 5 5 1 100 0.75 5 810 110 129 93 59 102 51 21
2 5 5 1 100 0.75 5 811 113 131 98 62 102 51 24
2 5 5 1 100 0.75 5 812 115 133 100 65 102 51 26
2 5 5 1 100 0.75 5 813 117 135 101 67 102 51 27
2 5 5 1 100 0.75 5 814 120 135 101 68 104 53 28
2 5 5 1 100 0.75 5 815 120 132 101 66 109 58 25
2 5 5 1 100 0.75 5 816 121 132 101 64 111 60 25
2 5 5 1 100 0.75 5 817 123 132 99 63 113 62 25
2 5 5 1 100 0.75 5 818 128 134 100 65 113 62 27
2 5 5 1 100 0.75 5 819 131 134 102 68 115 64 27
2 5 5 1 100 0.75 5 820 135 136 104 71 114 64 30
2 5 5 1 100 0.75 5 821 138 138 105 76 114 64 32
2 5 5 1 100 0.75 5 822 141 137 100 76 117 67 30
2 5 5 1 100 0.75 5 823 143 139 100 79 117 67 30
2 5 5 1 100 0.75 5 824 144 139 101 79 119 69 29
2 5 5 1 100 0.75 5 825 148 141 104 80 118 69 32
2 5 5 1 100 0.75 5 826 149 141 105 82 120 71 33
2 5 5 1 100 0.75 5 827 152 140 104 80 123 74 32
2 5 5 1 100 0.75 5 828 157 139 106 80 126 77 35
2 5 5 1 100 0.75 5 829 159 141 100 85 126 77 37
2 5 5 1 100 0.75 5 830 159 140 105 84 129 80 36
2 5 5 1 100 0.75 5 831 162 139 98 81 132 83 34
2 5 5 1 100 0.75 5 832 164 140 102 83 132 84 36
2 5 5 1 100 0.75 5 833 168 141 103 84 133 85 35
2 5 5 1 100 0.75 5 834 169 140 102 86 136 88 35
2 5 5 1 100 0.75 5 835 173 139 99 84 139 91 35
2 5 5 1 100 0.75 5 836 174 139 96 87 141 93 35
2 5 5 1 100 0.75 5 837 180 141 96 89 141 93 37
2 5 5 1 100 0.75 5 838 183 141 99 93 143 95 36
2 5 5 1 100 0.75 5 839 186 143 97 96 143 95 38
2 5 5 1 100 0.75 5 840 187 144 97 98 144 96 38
2 5 5 1 100 0.75 5 841 191 145 98 98 145 97 40
2 5 5 1 100 0.75 5 842 195 146 103 101 146 98 42
2 5 5 1 100 0.75 5 843 198 146 99 103 148 100 42
2 5 5 1 100 0.75 5 844 202 147 104 105 149 101 46
2 5 5 1 100 0.75 5 845 205 144 103 104 154 106 44
2 5 5 1 100 0.75 5 846 208 143 98 104 157 109 42
2 5 5 1 100 0.75 5 847 209 140 91 102 162 114 39
2 5 5 1 100 0.75 5 848 214 141 95 102 163 115 39
2 5 5 1 100 0.75 5 849 219 139 95 103 167 119 40
2 5 5 1 100 0.75 5 850 223 139 84 106 169 121 38
2 5 5 1 100 0.75 5 851 226 140 87 109 170 122 40
2 5 5 1 100 0.75 5 852 232 140 85 110 172 124 39
2 5 5 1 100 0.75 5 853 234 139 83 113 175 127 39
2 5 5 1 100 0.75 5 854 236 140 85 114 176 128 40
2 5 5 1 100 0.75 5 855 237 139 84 114 179 131 42
2 5 5 1 100 0.75 5 856 239 140 89 114 180 132 43
2 5 5 1 100 0.75 5 857 242 139 84 113 183 135 44
2 5 5 1 100 0.75 5 858 243 140 87 115 184 136 47
2 5 5 1 100 0.75 5 859 245 141 89 115 185 137 48
2 5 5 1 100 0.75 5 860 247 141 93 116 187 139 50
2 5 5 1 100 0.75 5 861 251 139 90 114 191 143 48
2 5 5 1 100 0.75 5 862 253 138 90 115 194 146 46
2 5 5 1 100 0.75 5 863 256 139 95 116 195 147 47
2 5 5 1 100 0.75 5 864 259 137 84 115 199 151 45
2 5 5 1 100 0.75 5 865 264 139 87 118 199 151 45
2 5 5 1 100 0.75 5 866 265 138 81 120 202 154 43
2 5 5 1 100 0.75 5 867 267 138 81 119 204 156 44
2 5 5 1 100 0.75 5 868 270 136 82 117 208 160 43
2 5 5 1 100 0.75 5 869 270 138 87 120 208 160 45
2 5 5 1 100 0.75 5 870 272 135 80 115 213 165 43
2 5 5 1 100 0.75 5 870 272 135 135 115 253 165 43
2 5 5 1 100 0.75 5 900 272 135 135 115 54 165 43
2 5 5 1 100 0.75 6 901 0 2 2 0 54 0 0
2 5 5 1 100 0.75 6 902 0 4 4 0 54 0 0
2 5 5 1 100 0.75 6 903 0 6 6 0 54 0 0
2 5 5 1 100 0.75 6 904 0 8 8 0 54 0 0
2 5 5 1 100 0.75 6 905 0 10 10 0 54 0 0
2 5 5 1 100 0.75 6 906 0 12 12 0 54 0 0
2 5 5 1 100 0.75 6 907 0 14 14 0 54 0 0
2 5 5 1 100 0.75 6 908 1 16 15 0 54 0 0
2 5 5 1 100 0.75 6 909 1 18 17 1 54 0 0
2 5 5 1 100 0.75 6 910 1 20 19 1 54 0 0
2 5 5 1 100 0.75 6 911 1 22 20 1 54 0 0
2 5 5 1 100 0.75 6 912 1 24 23 1 54 0 0
2 5 5 1 100 0.75 6 913 2 26 24 1 54 0 0
2 5 5 1 100 0.75 6 914 2 28 26 2 54 0 0
2 5 5 1 100 0.75 6 915 4 30 27 2 54 0 0
2 5 5 1 100 0.75 6 916 4 32 29 4 54 0 0
2 5 5 1 100 0.75 6 917 4 34 31 4 54 0 0
2 5 5 1 100 0.75 6 918 4 36 32 4 54 0 0
2 5 5 1 100 0.75 6 919 6 38 33 4 54 0 0
2 5 5 1 100 0.75 6 920 7 40 35 6 54 0 0
2 5 5 1 100 0.75 6 921 8 42 35 7 54 0 0
2 5 5 1 100 0.75 6 922 8 44 39 8 54 0 1
2 5 5 1 100 0.75 6 923 10 46 40 8 54 0 1
2 5 5 1 100 0.75 6 924 10 48 40 10 54 0 1
2 5 5 1 100 0.75 6 925 11 50 43 10 54 0 1
2 5 5 1 100 0.75 6 926 12 52 45 11 54 0 2
2 5 5 1 100 0.75 6 927 12 54 48 12 54 0 2
2 5 5 1 100 0.75 6 928 12 56 51 12 54 0 3
2 5 5 1 100 0.75 6 929 12 58 54 12 54 0 4
2 5 5 1 100 0.75 6 930 12 60 55 12 54 0 4
2 5 5 1 100 0.75 6 931 12 62 60 12 54 0 6
2 5 5 1 100 0.75 6 932 13 64 61 12 54 0 7
2 5 5 1 100 0.75 6 933 14 66 62 13 54 0 7
2 5 5 1 100 0.75 6 934 16 68 63 14 54 0 7
2 5 5 1 100 0.75 6 935 16 70 64 16 54 0 7
2 5 5 1 100 0.75 6 936 17 72 65 16 54 0 7
2 5 5 1 100 0.75 6 937 17 74 68 17 54 0 7
2 5 5 1 100 0.75 6 938 18 76 66 17 54 0 7
2 5 5 1 100 0.75 6 939 20 78 69 18 54 0 7
2 5 5 1 100 0.75 6 940 22 79 69 19 55 1 8
2 5 5 1 100 0.75 6 941 22 81 73 21 55 1 9
2 5 5 1 100 0.75 6 942 24 83 74 21 55 1 9
2 5 5 1 100 0.75 6 943 25 85 76 23 55 1 10
2 5 5 1 100 0.75 6 944 26 86 75 23 56 2 9
2 5 5 1 100 0.75 6 945 28 88 77 24 56 2 9
2 5 5 1 100 0.75 6 946 33 89 73 25 57 3 9
2 5 5 1 100 0.75 6 947 33 90 74 29 58 4 9
2 5 5 1 100 0.75 6 948 33 90 75 27 60 6 8
2 5 5 1 100 0.75 6 949 34 92 81 27 60 6 8
2 5 5 1 100 0.75 6 950 35 93 81 27 61 7 8
2 5 5 1 100 0.75 6 951 37 95 81 28 61 7 8
2 5 5 1 100 0.75 6 952 38 97 84 30 61 7 10
2 5 5 1 100 0.75 6 953 40 99 87 31 61 7 12
2 5 5 1 100 0.75 6 954 41 101 90 33 61 7 13
2 5 5 1 100 0.75 6 955 42 102 89 33 62 8 12
2 5 5 1 100 0.75 6 956 43 103 91 33 63 9 11
2 5 5 1 100 0.75 6 957 44 105 87 34 63 9 12
2 5 5 1 100 0.75 6 958 44 107 89 35 63 9 13
2 5 5 1 100 0.75 6 959 44 109 98 35 63 9 14
2 5 5 1 100 0.75 6 960 46 110 97 34 64 10 15
2 5 5 1 100 0.75 6 961 47 111 97 35 65 11 15
2 5 5 1 100 0.75 6 962 49 113 96 36 65 11 16
2 5 5 1 100 0.75 6 963 51 115 99 38 65 11 16
2 5 5 1 100 0.75 6 964 52 115 100 38 67 13 15
2 5 5 1 100 0.75 6 965 53 115 99 37 69 15 13
2 5 5 1 100 0.75 6 966 54 117 99 38 69 15 13
2 5 5 1 100 0.75 6 967 56 118 99 38 70 16 12
2 5 5 1 100 0.75 6 968 59 119 100 39 71 17 13
2 5 5 1 100 0.75 6 969 63 120 98 41 72 18 14
2 5 5 1 100 0.75 6 970 64 120 100 43 74 20 12
2 5 5 1 100 0.75 6 971 68 122 97 44 74 20 13
2 5 5 1 100 0.75 6 972 68 124 99 48 74 20 13
2 5 5 1 100 0.75 6 973 70 126 101 48 74 20 13
2 5 5 1 100 0.75 6 974 71 127 102 49 75 21 12
2 5 5 1 100 0.75 6 975 71 129 108 50 75 21 14
2 5 5 1 100 0.75 6 976 73 130 105 49 76 22 15
2 5 5 1 100 0.75 6 977 75 128 106 47 80 26 12
2 5 5 1 100 0.75 6 978 82 129 100 48 81 27 15
2 5 5 1 100 0.75 6 979 84 130 104 54 82 28 14
2 5 5 1 100 0.75 6 980 86 132 102 56 82 28 14
2 5 5 1 100 0.75 6 981 86 134 107 58 82 28 16
2 5 5 1 100 0.75 6 982 87 136 108 58 82 28 16
2 5 5 1 100 0.75 6 983 87 138 111 59 82 28 17
2 5 5 1 100 0.75 6 984 90 139 114 58 83 29 19
2 5 5 1 100 0.75 6 985 92 141 112 61 83 29 19
2 5 5 1 100 0.75 6 986 95 142 118 62 84 30 22
2 5 5 1 100 0.75 6 987 99 144 114 65 84 30 25
2 5 5 1 100 0.75 6 988 100 146 117 70 84 30 25
2 5 5 1 100 0.75 6 989 103 146 117 69 86 32 23
2 5 5 1 100 0.75 6 990 104 148 115 72 86 32 24
2 5 5 1 100 0.75 6 991 108 147 115 70 89 35 22
2 5 5 1 100 0.75 6 992 110 148 116 73 90 36 24
2 5 5 1 100 0.75 6 993 112 147 112 72 93 39 22
2 5 5 1 100 0.75 6 994 114 147 112 72 95 41 23
2 5 5 1 100 0.75 6 995 118 149 113 75 95 41 25
2 5 5 1 100 0.75 6 996 120 150 116 78 96 42 27
2 5 5 1 100 0.75 6 997 124 152 113 80 96 42 28
2 5 5 1 100 0.75 6 998 124 153 119 83 97 43 28
2 5 5 1 100 0.75 6 999 125 155 116 83 97 43 31
2 5 5 1 100 0.75 6 1000 127 157 122 84 97 43 33
2 5 5 1 100 0.75 6 1001 131 155 116 83 101 47 32
2 5 5 1 100 0.75 6 1002 132 153 118 83 105 51 31
2 5 5 1 100 0.75 6 1003 133 154 115 83 106 52 32
2 5 5 1 100 0.75 6 1004 140 155 117 83 107 53 35
2 5 5 1 100 0.75 6 1005 142 155 114 88 109 55 33
2 5 5 1 100 0.75 6 1006 143 156 119 89 110 56 32
2 5 5 1 100 0.75 6 1007 145 157 117 90 111 57 34
2 5 5 1 100 0.75 6 1008 148 158 119 91 112 58 35
2 5 5 1 100 0.75 6 1009 150 158 115 92 114 60 35
2 5 5 1 100 0.75 6 1010 153 159 116 93 115 61 34
2 5 5 1 100 0.75 6 1011 156 160 116 95 116 62 35
2 5 5 1 100 0.75 6 1012 162 160 122 96 118 64 39
2 5 5 1 100 0.75 6 1013 166 160 113 100 120 66 39
2 5 5 1 100 0.75 6 1014 168 159 112 102 123 69 37
2 5 5 1 100 0.75 6 1015 170 159 113 102 125 71 37
2 5 5 1 100 0.75 6 1016 172 158 109 101 128 74 36
2 5 5 1 100 0.75 6 1017 175 159 106 104 129 75 35
2 5 5 1 100 0.75 6 1018 180 159 105 105 131 77 35
2 5 5 1 100 0.75 6 1019 184 159 109 108 133 79 37
2 5 5 1 100 0.75 6 1020 188 157 104 108 137 83 38
2 5 5 1 100 0.75 6 1021 191 158 104 111 138 84 38
2 5 5 1 100 0.75 6 1022 194 157 103 111 141 87 37
2 5 5 1 100 0.75 6 1023 195 158 103 113 142 88 38
2 5 5 1 100 0.75 6 1024 200 158 107 112 144 90 40
2 5 5 1 100 0.75 6 1025 203 159 104 116 145 91 42
2 5 5 1 100 0.75 6 1026 208 158 103 116 148 94 43
2 5 5 1 100 0.75 6 1027 210 158 106 119 150 96 42
2 5 5 1 100 0.75 6 1028 213 157 106 118 153 99 42
2 5 5 1 100 0.75 6 1029 217 158 98 120 154 100 43
2 5 5 1 100 0.75 6 1030 220 158 104 122 156 102 42
2 5 5 1 100 0.75 6 1031 224 157 100 122 159 105 42
2 5 5 1 100 0.75 6 1032 227 158 100 125 160 106 43
2 5 5 1 100 0.75 6 1033 228 158 101 127 162 108 46
2 5 5 1 100 0.75 6 1034 231 155 100 124 167 113 43
2 5 5 1 100 0.75 6 1035 233 155 95 125 169 115 42
2 5 5 1 100 0.75 6 1036 237 153 96 123 173 119 41
2 5 5 1 100 0.75 6 1037 237 153 101 125 175 121 42
2 5 5 1 100 0.75 6 1038 237 154 98 124 176 122 41
2 5 5 1 100 0.75 6 1039 240 153 99 121 179 125 43
2 5 5 1 100 0.75 6 1040 244 152 99 121 182 128 43
2 5 5 1 100 0.75 6 1041 248 151 93 122 185 131 40
2 5 5 1 100 0.75 6 1042 248 151 99 124 187 133 40
2 5 5 1 100 0.75 6 1043 251 152 97 123 188 134 44
2 5 5 1 100 0.75 6 1044 251 151 92 124 191 137 41
2 5 5 1 100 0.75 6 1045 253 151 95 122 193 139 39
2 5 5 1 100 0.75 6 1046 258 151 91 122 195 141 38
2 5 5 1 100 0.75 6 1047 263 152 93 126 196 142 39
2 5 5 1 100 0.75 6 1048 264 151 90 128 199 145 39
2 5 5 1 100 0.75 6 1049 266 150 95 126 202 148 38
2 5 5 1 100 0.75 6 1050 268 150 85 126 204 150 38
2 5 5 1 100 0.75 6 1050 268 150 150 126 241 150 38
2 5 5 1 100 0.75 6 1080 268 150 150 126 54 150 38
2 5 5 1 100 0.75 7 1081 0 2 2 0 54 0 0
2 5 5 1 100 0.75 7 1082 0 4 4 0 54 0 0
2 5 5 1 100 0.75 7 1083 0 6 6 0 54 0 0
2 5 5 1 100 0.75 7 1084 0 8 8 0 54 0 0
2 5 5 1 100 0.75 7 1085 0 10 10 0 54 0 0
2 5 5 1 100 0.75 7 1086 0 12 12 0 54 0 0
2 5 5 1 100 0.75 7 1087 0 14 14 0 54 0 0
2 5 5 1 100 0.75 7 1088 0 16 15 0 54 0 0
2 5 5 1 100 0.75 7 1089 0 18 17 0 54 0 0
2 5 5 1 100 0.75 7 1090 1 20 18 0 54 0 0
2 5 5 1 100 0.75 7 1091 1 22 21 1 54 0 0
2 5 5 1 100 0.75 7 1092 1 24 23 1 54 0 0
2 5 5 1 100 0.75 7 1093 1 26 25 1 54 0 0
2 5 5 1 100 0.75 7 1094 2 28 26 1 54 0 0
2 5 5 1 100 0.75 7 1095 5 30 25 2 54 0 0
2 5 5 1 100 0.75 7 1096 6 32 26 5 54 0 0
2 5 5 1 100 0.75 7 1097 6 34 29 6 53 0 1
2 5 5 1 100 0.75 7 1098 6 36 30 6 53 0 1
2 5 5 1 100 0.75 7 1099 6 38 33 6 53 0 1
2 5 5 1 100 0.75 7 1100 6 40 34 6 53 0 1
2 5 5 1 100 0.75 7 1101 6 42 38 6 53 0 2
2 5 5 1 100 0.75 7 1102 6 44 39 6 53 0 3
2 5 5 1 100 0.75 7 1103 9 46 41 6 53 0 4
2 5 5 1 100 0.75 7 1104 9 48 45 9 53 0 5
2 5 5 1 100 0.75 7 1105 11 50 44 9 53 0 5
2 5 5 1 100 0.75 7 1106 12 52 45 11 53 0 5
2 5 5 1 100 0.75 7 1107 12 54 47 12 53 0 5
2 5 5 1 100 0.75 7 1108 12 56 48 12 53 0 5
2 5 5 1 100 0.75 7 1109 13 58 50 12 53 0 5
2 5 5 1 100 0.75 7 1110 15 60 49 13 53 0 5
2 5 5 1 100 0.75 7 1111 16 62 53 15 53 0 7
2 5 5 1 100 0.75 7 1112 17 64 53 16 53 0 7
2 5 5 1 100 0.75 7 1113 18 65 55 16 54 1 6
2 5 5 1 100 0.75 7 1114 20 67 59 17 54 1 7
2 5 5 1 100 0.75 7 1115 21 69 59 19 54 1 7
2 5 5 1 100 0.75 7 1116 21 70 61 19 55 2 7
2 5 5 1 100 0.75 7 1117 23 72 61 19 55 2 7
2 5 5 1 100 0.75 7 1118 24 74 63 21 55 2 9
2 5 5 1 100 0.75 7 1119 25 76 65 22 55 2 10
2 5 5 1 100 0.75 7 1120 25 78 66 23 55 2 10
2 5 5 1 100 0.75 7 1121 25 79 72 22 56 3 10
2 5 5 1 100 0.75 7 1122 30 79 67 20 58 5 10
2 5 5 1 100 0.75 7 1123 34 81 65 25 58 5 10
2 5 5 1 100 0.75 7 1124 35 83 66 29 58 5 10
2 5 5 1 100 0.75 7 1125 36 85 69 30 58 5 12
2 5 5 1 100 0.75 7 1126 37 87 71 31 58 5 13
2 5 5 1 100 0.75 7 1127 38 89 72 32 58 5 13
2 5 5 1 100 0.75 7 1128 38 91 74 33 58 5 13
2 5 5 1 100 0.75 7 1129 38 92 76 32 59 6 15
2 5 5 1 100 0.75 7 1130 40 93 79 31 60 7 18
2 5 5 1 100 0.75 7 1131 41 94 80 32 61 8 17
2 5 5 1 100 0.75 7 1132 43 96 82 33 61 8 19
2 5 5 1 100 0.75 7 1133 45 98 81 35 61 8 19
2 5 5 1 100 0.75 7 1134 50 99 81 36 62 9 20
2 5 5 1 100 0.75 7 1135 52 101 80 41 62 9 20
2 5 5 1 100 0.75 7 1136 52 100 79 40 65 12 17
2 5 5 1 100 0.75 7 1137 53 101 80 39 66 13 18
2 5 5 1 100 0.75 7 1138 55 102 81 39 67 14 18
2 5 5 1 100 0.75 7 1139 57 104 83 41 67 14 20
2 5 5 1 100 0.75 7 1140 61 105 79 42 68 15 19
2 5 5 1 100 0.75 7 1141 63 106 84 45 69 16 23
2 5 5 1 100 0.75 7 1142 64 108 84 47 69 16 24
2 5 5 1 100 0.75 7 1143 66 109 88 47 70 17 24
2 5 5 1 100 0.75 7 1144 68 110 87 48 71 18 24
2 5 5 1 100 0.75 7 1145 69 111 88 49 72 19 24
2 5 5 1 100 0.75 7 1146 69 112 91 49 73 20 23
2 5 5 1 100 0.75 7 1147 72 111 89 46 76 23 22
2 5 5 1 100 0.75 7 1148 76 112 86 48 77 24 23
2 5 5 1 100 0.75 7 1149 79 112 88 50 79 26 23
2 5 5 1 100 0.75 7 1150 80 114 91 53 79 26 25
2 5 5 1 100 0.75 7 1151 81 116 91 54 79 26 25
2 5 5 1 100 0.75 7 1152 81 116 93 53 81 28 25
2 5 5 1 100 0.75 7 1153 82 116 90 51 83 30 23
2 5 5 1 100 0.75 7 1154 83 118 96 52 83 30 25
2 5 5 1 100 0.75 7 1155 84 119 99 52 84 31 27
2 5 5 1 100 0.75 7 1156 86 119 97 51 86 33 28
2 5 5 1 100 0.75 7 1157 86 120 101 53 87 34 28
2 5 5 1 100 0.75 7 1158 93 120 96 51 89 36 27
2 5 5 1 100 0.75 7 1159 94 119 96 55 92 39 24
2 5 5 1 100 0.75 7 1160 95 121 95 56 92 39 24
2 5 5 1 100 0.75 7 1161 98 120 92 54 95 42 21
2 5 5 1 100 0.75 7 1162 98 122 92 57 95 42 22
2 5 5 1 100 0.75 7 1163 103 122 95 55 97 44 21
2 5 5 1 100 0.75 7 1164 105 124 95 60 97 44 22
2 5 5 1 100 0.75 7 1165 105 125 94 61 98 45 21
2 5 5 1 100 0.75 7 1166 107 126 102 60 99 46 25
2 5 5 1 100 0.75 7 1167 111 128 95 62 99 46 25
2 5 5 1 100 0.75 7 1168 114 127 94 63 102 49 23
2 5 5 1 100 0.75 7 1169 115 128 91 66 103 50 24
2 5 5 1 100 0.75 7 1170 119 127 97 64 106 53 22
2 5 5 1 100 0.75 7 1171 123 128 92 67 107 54 22
2 5 5 1 100 0.75 7 1172 126 128 93 69 109 56 21
2 5 5 1 100 0.75 7 1173 127 129 88 71 110 57 20
2 5 5 1 100 0.75 7 1174 127 129 95 70 112 59 19
2 5 5 1 100 0.75 7 1175 132 129 87 68 114 61 20
2 5 5 1 100 0.75 7 1176 132 130 94 72 115 62 22
2 5 5 1 100 0.75 7 1177 132 131 92 71 116 63 23
2 5 5 1 100 0.75 7 1178 135 133 101 72 116 63 28
2 5 5 1 100 0.75 7 1179 141 135 97 75 116 63 31
2 5 5 1 100 0.75 7 1180 142 135 100 79 118 65 32
2 5 5 1 100 0.75 7 1181 145 136 100 79 119 66 31
2 5 5 1 100 0.75 7 1182 146 137 101 81 120 67 31
2 5 5 1 100 0.75 7 1183 154 137 94 80 122 69 32
2 5 5 1 100 0.75 7 1184 155 139 94 89 122 69 32
2 5 5 1 100 0.75 7 1185 156 139 95 88 124 71 31
2 5 5 1 100 0.75 7 1186 160 140 99 88 125 72 32
2 5 5 1 100 0.75 7 1187 165 139 93 89 128 75 35
2 5 5 1 100 0.75 7 1188 167 140 99 93 129 76 35
2 5 5 1 100 0.75 7 1189 170 142 100 95 129 76 37
2 5 5 1 100 0.75 7 1190 172 142 100 96 131 78 38
2 5 5 1 100 0.75 7 1191 175 143 102 97 132 79 41
2 5 5 1 100 0.75 7 1192 176 145 104 100 132 79 43
2 5 5 1 100 0.75 7 1193 179 143 96 97 136 83 40
2 5 5 1 100 0.75 7 1194 180 143 98 98 138 85 42
2 5 5 1 100 0.75 7 1195 183 143 105 97 140 87 45
2 5 5 1 100 0.75 7 1196 184 142 100 98 141 90 45
2 5 5 1 100 0.75 7 1197 186 142 103 98 143 92 46
2 5 5 1 100 0.75 7 1198 189 141 103 97 146 95 45
2 5 5 1 100 0.75 7 1199 192 140 101 97 149 98 43
2 5 5 1 100 0.75 7 1200 194 141 97 99 150 99 43
2 5 5 1 100 0.75 7 1201 197 141 93 99 152 101 44
2 5 5 1 100 0.75 7 1202 200 139 92 98 156 105 41
2 5 5 1 100 0.75 7 1203 202 139 92 99 158 107 42
2 5 5 1 100 0.75 7 1204 204 140 95 100 159 108 42
2 5 5 1 100 0.75 7 1205 208 140 94 100 161 110 42
2 5 5 1 100 0.75 7 1206 212 141 89 103 162 111 44
2 5 5 1 100 0.75 7 1207 216 138 85 102 167 116 40
2 5 5 1 100 0.75 7 1208 219 140 85 107 167 116 41
2 5 5 1 100 0.75 7 1209 220 141 82 109 168 117 40
2 5 5 1 100 0.75 7 1210 223 136 90 103 175 124 35
2 5 5 1 100 0.75 7 1211 225 138 91 106 175 124 39
2 5 5 1 100 0.75 7 1212 230 133 83 101 182 131 33
2 5 5 1 100 0.75 7 1213 231 133 84 104 184 133 33
2 5 5 1 100 0.75 7 1214 234 133 80 103 185 135 34
2 5 5 1 100 0.75 7 1215 234 133 84 104 187 137 35
2 5 5 1 100 0.75 7 1216 237 132 84 102 190 140 35
2 5 5 1 100 0.75 7 1217 239 133 81 104 191 141 34
2 5 5 1 100 0.75 7 1218 242 133 75 104 193 143 36
2 5 5 1 100 0.75 7 1219 245 133 85 105 194 145 37
2 5 5 1 100 0.75 7 1220 248 133 80 107 196 147 38
2 5 5 1 100 0.75 7 1221 250 133 82 108 198 149 38
2 5 5 1 100 0.75 7 1222 253 130 79 105 203 154 33
2 5 5 1 100 0.75 7 1223 255 130 80 106 205 156 33
2 5 5 1 100 0.75 7 1224 256 132 81 108 205 156 35
2 5 5 1 100 0.75 7 1225 260 132 80 107 207 158 34
2 5 5 1 100 0.75 7 1226 262 133 80 111 208 159 37
2 5 5 1 100 0.75 7 1227 264 135 85 113 208 159 39
2 5 5 1 100 0.75 7 1228 266 135 82 114 210 161 40
2 5 5 1 100 0.75 7 1229 269 133 81 112 213 165 37
2 5 5 1 100 0.75 7 1230 271 133 82 113 215 167 37
2 5 5 1 100 0.75 7 1230 271 133 133 113 252 167 37
2 5 5 1 100 0.75 7 1260 271 133 133 113 54 167 37
2 5 5 1 100 0.75 8 1261 0 2 2 0 54 0 0
2 5 5 1 100 0.75 8 1262 0 4 4 0 54 0 0
2 5 5 1 100 0.75 8 1263 0 6 6 0 54 0 0
2 5 5 1 100 0.75 8 1264 0 8 8 0 54 0 0
2 5 5 1 100 0.75 8 1265 0 10 10 0 54 0 0
2 5 5 1 100 0.75 8 1266 0 12 12 0 54 0 0
2 5 5 1 100 0.75 8 1267 0 14 14 0 54 0 0
2 5 5 1 100 0.75 8 1268 0 16 16 0 54 0 0
2 5 5 1 100 0.75 8 1269 0 18 18 0 54 0 0
2 5 5 1 100 0.75 8 1270 0 20 20 0 54 0 0
2 5 5 1 100 0.75 8 1271 0 22 22 0 54 0 0
2 5 5 1 100 0.75 8 1272 0 24 24 0 54 0 0
2 5 5 1 100 0.75 8 1273 0 26 26 0 54 0 0
2 5 5 1 100 0.75 8 1274 0 28 28 0 54 0 0
2 5 5 1 100 0.75 8 1275 1 30 29 0 54 0 0
2 5 5 1 100 0.75 8 1276 1 32 31 1 54 0 0
2 5 5 1 100 0.75 8 1277 1 34 33 1 54 0 0
2 5 5 1 100 0.75 8 1278 1 36 35 1 54 0 0
2 5 5 1 100 0.75 8 1279 2 38 36 1 54 0 0
2 5 5 1 100 0.75 8 1280 3 40 37 2 54 0 0
2 5 5 1 100 0.75 8 1281 3 42 38 3 54 0 0
2 5 5 1 100 0.75 8 1282 4 44 40 3 54 0 0
2 5 5 1 100 0.75 8 1283 4 46 42 4 54 0 0
2 5 5 1 100 0.75 8 1284 5 48 43 4 54 0 0
2 5 5 1 100 0.75 8 1285 6 50 45 5 54 0 0
2 5 5 1 100 0.75 8 1286 6 52 47 6 54 0 0
2 5 5 1 100 0.75 8 1287 6 54 50 6 54 0 1
2 5 5 1 100 0.75 8 1288 7 56 52 6 54 0 1
2 5 5 1 100 0.75 8 1289 7 58 53 7 54 0 1
2 5 5 1 100 0.75 8 1290 7 60 56 7 54 0 2
2 5 5 1 100 0.75 8 1291 7 62 57 7 54 0 3
2 5 5 1 100 0.75 8 1292 7 64 62 7 54 0 4
2 5 5 1 100 0.75 8 1293 9 66 61 7 54 0 4
2 5 5 1 100 0.75 8 1294 10 68 62 9 54 0 4
2 5 5 1 100 0.75 8 1295 12 70 62 10 54 0 5
2 5 5 1 100 0.75 8 1296 12 72 65 12 54 0 5
2 5 5 1 100 0.75 8 1297 13 74 65 12 54 0 5
2 5 5 1 100 0.75 8 1298 14 76 67 13 54 0 5
2 5 5 1 100 0.75 8 1299 14 78 66 14 54 0 5
2 5 5 1 100 0.75 8 1300 16 80 69 14 54 0 6
2 5 5 1 100 0.75 8 1301 17 82 71 16 54 0 7
2 5 5 1 100 0.75 8 1302 17 84 77 17 54 0 10
2 5 5 1 100 0.75 8 1303 19 85 75 16 55 1 9
2 5 5 1 100 0.75 8 1304 19 87 77 18 55 1 9
2 5 5 1 100 0.75 8 1305 20 89 79 18 55 1 11
2 5 5 1 100 0.75 8 1306 21 90 80 18 56 2 10
2 5 5 1 100 0.75 8 1307 22 92 81 19 56 2 11
2 5 5 1 100 0.75 8 1308 22 93 82 19 57 3 11
2 5 5 1 100 0.75 8 1309 22 95 87 19 57 3 11
2 5 5 1 100 0.75 8 1310 22 96 85 18 58 4 10
2 5 5 1 100 0.75 8 1311 24 98 88 18 58 4 12
2 5 5 1 100 0.75 8 1312 27 100 88 20 58 4 12
2 5 5 1 100 0.75 8 1313 29 102 90 23 58 4 13
2 5 5 1 100 0.75 8 1314 31 104 91 25 58 4 14
2 5 5 1 100 0.75 8 1315 33 104 89 25 60 6 12
2 5 5 1 100 0.75 8 1316 34 105 90 26 61 7 11
2 5 5 1 100 0.75 8 1317 34 107 90 27 61 7 11
2 5 5 1 100 0.75 8 1318 36 107 87 25 63 9 9
2 5 5 1 100 0.75 8 1319 39 109 91 27 63 9 12
2 5 5 1 100 0.75 8 1320 43 110 90 29 64 10 14
2 5 5 1 100 0.75 8 1321 46 112 90 33 64 10 15
2 5 5 1 100 0.75 8 1322 50 114 90 36 64 10 18
2 5 5 1 100 0.75 8 1323 51 115 94 39 65 11 18
2 5 5 1 100 0.75 8 1324 54 116 92 39 66 12 17
2 5 5 1 100 0.75 8 1325 55 117 92 41 67 13 18
2 5 5 1 100 0.75 8 1326 56 119 94 42 67 13 19
2 5 5 1 100 0.75 8 1327 57 120 98 42 68 14 21
2 5 5 1 100 0.75 8 1328 58 121 101 42 69 15 25
2 5 5 1 100 0.75 8 1329 62 123 100 43 69 15 27
2 5 5 1 100 0.75 8 1330 64 123 105 45 71 17 29
2 5 5 1 100 0.75 8 1331 65 124 102 46 72 18 28
2 5 5 1 100 0.75 8 1332 66 126 110 47 72 18 31
2 5 5 1 100 0.75 8 1333 70 128 107 48 72 18 32
2 5 5 1 100 0.75 8 1334 71 128 107 50 74 20 31
2 5 5 1 100 0.75 8 1335 75 130 108 51 74 20 32
2 5 5 1 100 0.75 8 1336 76 131 107 54 74 21 32
2 5 5 1 100 0.75 8 1337 77 132 111 54 75 22 34
2 5 5 1 100 0.75 8 1338 78 133 107 54 76 23 33
2 5 5 1 100 0.75 8 1339 81 134 101 54 77 24 32
2 5 5 1 100 0.75 8 1340 84 133 109 54 80 27 30
2 5 5 1 100 0.75 8 1341 89 133 103 55 82 29 31
2 5 5 1 100 0.75 8 1342 90 132 104 57 85 32 29
2 5 5 1 100 0.75 8 1343 93 132 103 56 87 34 29
2 5 5 1 100 0.75 8 1344 98 133 101 58 88 35 30
2 5 5 1 100 0.75 8 1345 103 132 97 60 91 38 28
2 5 5 1 100 0.75 8 1346 105 130 97 61 95 42 26
2 5 5 1 100 0.75 8 1347 105 131 100 62 96 43 27
2 5 5 1 100 0.75 8 1348 109 131 97 60 98 45 29
2 5 5 1 100 0.75 8 1349 110 131 100 62 100 47 29
2 5 5 1 100 0.75 8 1350 111 132 100 62 101 48 29
2 5 5 1 100 0.75 8 1351 112 130 102 59 105 52 28
2 5 5 1 100 0.75 8 1352 116 132 96 60 105 52 31
2 5 5 1 100 0.75 8 1353 120 134 104 64 105 52 33
2 5 5 1 100 0.75 8 1354 124 135 102 67 106 53 33
2 5 5 1 100 0.75 8 1355 124 136 104 70 107 54 33
2 5 5 1 100 0.75 8 1356 124 136 107 68 109 56 33
2 5 5 1 100 0.75 8 1357 124 134 98 64 113 60 30
2 5 5 1 100 0.75 8 1358 125 134 104 62 115 62 28
2 5 5 1 100 0.75 8 1359 125 135 105 62 116 63 27
2 5 5 1 100 0.75 8 1360 133 136 103 62 117 64 30
2 5 5 1 100 0.75 8 1361 137 138 107 70 117 64 31
2 5 5 1 100 0.75 8 1362 137 140 109 74 117 64 33
2 5 5 1 100 0.75 8 1363 139 141 106 73 118 65 32
2 5 5 1 100 0.75 8 1364 142 141 105 73 120 67 30
2 5 5 1 100 0.75 8 1365 143 140 103 73 123 70 28
2 5 5 1 100 0.75 8 1366 144 138 101 71 127 74 24
2 5 5 1 100 0.75 8 1367 148 135 97 67 132 79 24
2 5 5 1 100 0.75 8 1368 150 136 97 71 133 80 28
2 5 5 1 100 0.75 8 1369 153 137 99 72 134 81 29
2 5 5 1 100 0.75 8 1370 156 139 99 75 134 81 31
2 5 5 1 100 0.75 8 1371 157 136 101 73 139 86 26
2 5 5 1 100 0.75 8 1372 159 138 100 74 139 86 29
2 5 5 1 100 0.75 8 1373 161 139 102 75 140 87 30
2 5 5 1 100 0.75 8 1374 164 139 101 75 142 89 30
2 5 5 1 100 0.75 8 1375 165 140 104 77 142 90 31
2 5 5 1 100 0.75 8 1376 168 139 98 75 145 93 29
2 5 5 1 100 0.75 8 1377 170 139 106 76 147 95 32
2 5 5 1 100 0.75 8 1378 177 140 95 77 148 96 31
2 5 5 1 100 0.75 8 1379 180 142 96 84 148 96 33
2 5 5 1 100 0.75 8 1380 183 143 95 86 149 97 33
2 5 5 1 100 0.75 8 1381 185 145 99 89 149 97 35
2 5 5 1 100 0.75 8 1382 189 147 102 91 149 97 37
2 5 5 1 100 0.75 8 1383 192 147 98 93 151 99 36
2 5 5 1 100 0.75 8 1384 194 145 96 92 155 103 33
2 5 5 1 100 0.75 8 1385 197 146 100 93 156 104 35
2 5 5 1 100 0.75 8 1386 200 146 99 94 158 106 35
2 5 5 1 100 0.75 8 1387 204 145 99 94 161 109 36
2 5 5 1 100 0.75 8 1388 206 144 98 95 164 112 35
2 5 5 1 100 0.75 8 1389 207 144 101 95 166 114 34
2 5 5 1 100 0.75 8 1390 207 145 101 96 167 115 36
2 5 5 1 100 0.75 8 1391 209 147 99 96 167 115 37
2 5 5 1 100 0.75 8 1392 210 144 98 93 171 120 36
2 5 5 1 100 0.75 8 1393 213 145 101 93 172 121 36
2 5 5 1 100 0.75 8 1394 218 142 94 91 177 126 34
2 5 5 1 100 0.75 8 1395 220 144 99 96 177 126 36
2 5 5 1 100 0.75 8 1396 222 143 100 95 180 129 33
2 5 5 1 100 0.75 8 1397 222 143 98 95 182 131 31
2 5 5 1 100 0.75 8 1398 226 145 97 95 182 131 32
2 5 5 1 100 0.75 8 1399 228 145 93 98 184 133 31
2 5 5 1 100 0.75 8 1400 230 145 95 98 186 135 32
2 5 5 1 100 0.75 8 1401 232 145 96 98 188 137 32
2 5 5 1 100 0.75 8 1402 238 144 94 97 191 140 32
2 5 5 1 100 0.75 8 1403 238 143 83 100 194 143 29
2 5 5 1 100 0.75 8 1404 239 144 95 99 195 144 30
2 5 5 1 100 0.75 8 1405 242 144 93 98 197 146 30
2 5 5 1 100 0.75 8 1406 244 146 92 101 197 146 30
2 5 5 1 100 0.75 8 1407 247 144 87 99 201 150 27
2 5 5 1 100 0.75 8 1408 248 145 89 101 202 151 28
2 5 5 1 100 0.75 8 1409 253 146 93 102 203 152 32
2 5 5 1 100 0.75 8 1410 258 145 84 104 206 155 31
2 5 5 1 100 0.75 8 1410 258 145 145 104 235 155 31
2 5 5 1 100 0.75 8 1440 258 145 145 104 54 155 31
2 5 5 1 100 0.75 9 1441 0 2 2 0 54 0 0
2 5 5 1 100 0.75 9 1442 0 4 4 0 54 0 0
2 5 5 1 100 0.75 9 1443 0 6 6 0 54 0 0
2 5 5 1 100 0.75 9 1444 0 8 8 0 54 0 0
2 5 5 1 100 0.75 9 1445 0 10 10 0 54 0 0
2 5 5 1 100 0.75 9 1446 0 12 12 0 54 0 0
2 5 5 1 100 0.75 9 1447 0 14 14 0 54 0 0
2 5 5 1 100 0.75 9 1448 0 16 16 0 54 0 0
2 5 5 1 100 0.75 9 1449 0 18 18 0 54 0 0
2 5 5 1 100 0.75 9 1450 0 20 20 0 54 0 0
2 5 5 1 100 0.75 9 1451 0 22 22 0 54 0 0
2 5 5 1 100 0.75 9 1452 0 24 24 0 54 0 0
2 5 5 1 100 0.75 9 1453 0 26 26 0 54 0 0
2 5 5 1 100 0.75 9 1454 2 28 26 0 54 0 0
2 5 5 1 100 0.75 9 1455 2 30 28 2 54 0 0
2 5 5 1 100 0.75 9 1456 2 32 30 2 54 0 0
2 5 5 1 100 0.75 9 1457 3 34 31 2 54 0 0
2 5 5 1 100 0.75 9 1458 4 36 32 3 54 0 0
2 5 5 1 100 0.75 9 1459 4 38 34 4 54 0 0
2 5 5 1 100 0.75 9 1460 4 40 36 4 54 0 0
2 5 5 1 100 0.75 9 1461 5 42 37 4 54 0 0
2 5 5 1 100 0.75 9 1462 5 44 41 5 54 0 2
2 5 5 1 100 0.75 9 1463 7 46 41 5 54 0 2
2 5 5 1 100 0.75 9 1464 7 48 44 7 54 0 3
2 5 5 1 100 0.75 9 1465 8 50 45 7 54 0 3
2 5 5 1 100 0.75 9 1466 10 52 44 8 54 0 3
2 5 5 1 100 0.75 9 1467 10 54 48 10 54 0 3
2 5 5 1 100 0.75 9 1468 11 56 50 10 54 0 3
2 5 5 1 100 0.75 9 1469 11 58 51 11 54 0 3
2 5 5 1 100 0.75 9 1470 11 60 54 11 54 0 3
2 5 5 1 100 0.75 9 1471 11 62 56 11 54 0 4
2 5 5 1 100 0.75 9 1472 13 64 58 11 54 0 4
2 5 5 1 100 0.75 9 1473 16 66 59 13 54 0 5
2 5 5 1 100 0.75 9 1474 18 68 59 16 54 0 6
2 5 5 1 100 0.75 9 1475 18 70 62 18 54 0 7
2 5 5 1 100 0.75 9 1476 18 72 64 18 54 0 7
2 5 5 1 100 0.75 9 1477 20 74 63 18 54 0 7
2 5 5 1 100 0.75 9 1478 20 76 66 20 54 0 7
2 5 5 1 100 0.75 9 1479 21 78 69 20 54 0 8
2 5 5 1 100 0.75 9 1480 21 80 74 21 54 0 11
2 5 5 1 100 0.75 9 1481 22 81 74 20 55 1 11
2 5 5 1 100 0.75 9 1482 23 82 76 20 56 2 11
2 5 5 1 100 0.75 9 1483 26 84 72 21 56 2 11
2 5 5 1 100 0.75 9 1484 27 85 74 23 57 3 10
2 5 5 1 100 0.75 9 1485 28 87 77 24 57 3 11
2 5 5 1 100 0.75 9 1486 30 89 77 25 57 3 11
2 5 5 1 100 0.75 9 1487 30 91 77 27 57 3 12
2 5 5 1 100 0.75 9 1488 31 93 79 27 57 3 12
2 5 5 1 100 0.75 9 1489 32 94 82 27 58 4 12
2 5 5 1 100 0.75 9 1490 36 95 82 27 59 5 15
2 5 5 1 100 0.75 9 1491 38 95 79 29 61 7 13
2 5 5 1 100 0.75 9 1492 41 97 81 31 61 7 15
2 5 5 1 100 0.75 9 1493 43 99 84 34 61 7 15
2 5 5 1 100 0.75 9 1494 46 101 82 36 61 7 16
2 5 5 1 100 0.75 9 1495 47 103 81 39 61 7 16
2 5 5 1 100 0.75 9 1496 49 104 84 39 62 8 17
2 5 5 1 100 0.75 9 1497 49 104 83 39 64 10 17
2 5 5 1 100 0.75 9 1498 51 104 83 37 66 12 17
2 5 5 1 100 0.75 9 1499 54 106 87 39 66 12 18
2 5 5 1 100 0.75 9 1500 57 108 87 42 66 12 20
2 5 5 1 100 0.75 9 1501 57 110 92 45 66 12 23
2 5 5 1 100 0.75 9 1502 59 111 93 44 67 13 23
2 5 5 1 100 0.75 9 1503 61 112 96 45 67 14 24
2 5 5 1 100 0.75 9 1504 64 114 89 47 67 14 24
2 5 5 1 100 0.75 9 1505 64 115 93 50 68 15 24
2 5 5 1 100 0.75 9 1506 65 116 97 49 69 16 26
2 5 5 1 100 0.75 9 1507 67 115 95 47 72 19 25
2 5 5 1 100 0.75 9 1508 67 116 99 48 73 20 26
2 5 5 1 100 0.75 9 1509 68 118 100 48 73 20 26
2 5 5 1 100 0.75 9 1510 70 119 100 48 74 21 27
2 5 5 1 100 0.75 9 1511 74 121 104 50 74 21 29
2 5 5 1 100 0.75 9 1512 75 122 102 53 75 22 29
2 5 5 1 100 0.75 9 1513 77 123 102 53 76 23 28
2 5 5 1 100 0.75 9 1514 77 123 103 53 78 25 27
2 5 5 1 100 0.75 9 1515 80 123 98 51 80 27 26
2 5 5 1 100 0.75 9 1516 83 122 97 51 83 30 23
2 5 5 1 100 0.75 9 1517 86 123 98 53 84 31 23
2 5 5 1 100 0.75 9 1518 90 124 94 55 85 32 24
2 5 5 1 100 0.75 9 1519 90 125 98 58 86 33 24
2 5 5 1 100 0.75 9 1520 92 124 96 55 89 36 23
2 5 5 1 100 0.75 9 1521 93 126 100 57 89 36 24
2 5 5 1 100 0.75 9 1522 95 124 99 54 93 40 22
2 5 5 1 100 0.75 9 1523 97 126 100 56 92 40 24
2 5 5 1 100 0.75 9 1524 98 127 103 57 93 41 24
2 5 5 1 100 0.75 9 1525 99 127 105 56 95 43 27
2 5 5 1 100 0.75 9 1526 99 127 104 55 97 45 25
2 5 5 1 100 0.75 9 1527 101 127 103 54 99 47 24
2 5 5 1 100 0.75 9 1528 104 128 104 55 100 48 24
2 5 5 1 100 0.75 9 1529 107 129 103 57 101 49 26
2 5 5 1 100 0.75 9 1530 110 128 100 57 104 52 25
2 5 5 1 100 0.75 9 1531 111 130 103 60 104 52 25
2 5 5 1 100 0.75 9 1532 112 131 103 60 105 53 24
2 5 5 1 100 0.75 9 1533 115 132 101 60 106 54 24
2 5 5 1 100 0.75 9 1534 117 134 105 63 106 54 27
2 5 5 1 100 0.75 9 1535 121 135 105 64 107 55 27
2 5 5 1 100 0.75 9 1536 123 137 106 68 107 55 30
2 5 5 1 100 0.75 9 1537 124 135 104 66 111 59 28
2 5 5 1 100 0.75 9 1538 126 136 106 66 112 60 28
2 5 5 1 100 0.75 9 1539 130 136 99 66 114 62 27
2 5 5 1 100 0.75 9 1540 133 135 102 67 117 65 25
2 5 5 1 100 0.75 9 1541 135 136 103 69 118 66 26
2 5 5 1 100 0.75 9 1542 139 137 104 70 119 67 27
2 5 5 1 100 0.75 9 1543 144 138 101 73 120 68 30
2 5 5 1 100 0.75 9 1544 146 139 102 77 121 69 30
2 5 5 1 100 0.75 9 1545 150 137 95 75 125 73 26
2 5 5 1 100 0.75 9 1546 152 138 95 79 126 74 26
2 5 5 1 100 0.75 9 1547 153 138 102 79 128 76 29
2 5 5 1 100 0.75 9 1548 155 140 101 80 128 76 30
2 5 5 1 100 0.75 9 1549 158 142 98 82 128 76 33
2 5 5 1 100 0.75 9 1550 160 143 105 84 129 77 34
2 5 5 1 100 0.75 9 1551 162 143 106 84 131 79 37
2 5 5 1 100 0.75 9 1552 167 143 108 84 133 81 37
2 5 5 1 100 0.75 9 1553 171 143 104 87 135 83 37
2 5 5 1 100 0.75 9 1554 173 144 103 90 135 84 36
2 5 5 1 100 0.75 9 1555 174 145 104 91 136 85 37
2 5 5 1 100 0.75 9 1556 175 145 108 90 138 87 37
2 5 5 1 100 0.75 9 1557 178 145 107 89 140 89 38
2 5 5 1 100 0.75 9 1558 183 145 100 90 142 91 37
2 5 5 1 100 0.75 9 1559 183 145 107 93 144 93 36
2 5 5 1 100 0.75 9 1560 185 146 107 92 145 94 37
2 5 5 1 100 0.75 9 1561 186 143 109 90 150 99 34
2 5 5 1 100 0.75 9 1562 192 143 102 89 152 101 33
2 5 5 1 100 0.75 9 1563 197 144 104 94 153 102 33
2 5 5 1 100 0.75 9 1564 199 145 98 98 154 103 32
2 5 5 1 100 0.75 9 1565 200 145 98 98 156 105 34
2 5 5 1 100 0.75 9 1566 203 145 101 98 158 107 34
2 5 5 1 100 0.75 9 1567 205 144 94 98 161 110 33
2 5 5 1 100 0.75 9 1568 208 145 94 99 162 111 34
2 5 5 1 100 0.75 9 1569 212 144 91 99 165 114 32
2 5 5 1 100 0.75 9 1570 217 143 91 100 168 117 32
2 5 5 1 100 0.75 9 1571 220 140 86 100 173 122 29
2 5 5 1 100 0.75 9 1572 225 142 88 103 173 122 31
2 5 5 1 100 0.75 9 1573 229 144 86 108 173 122 31
2 5 5 1 100 0.75 9 1574 233 143 85 109 176 125 31
2 5 5 1 100 0.75 9 1575 235 144 84 112 177 126 30
2 5 5 1 100 0.75 9 1576 238 144 87 112 179 128 32
2 5 5 1 100 0.75 9 1577 241 144 89 113 181 130 36
2 5 5 1 100 0.75 9 1578 242 143 82 113 184 133 33
2 5 5 1 100 0.75 9 1579 244 145 88 114 184 133 36
2 5 5 1 100 0.75 9 1580 245 145 91 115 186 135 37
2 5 5 1 100 0.75 9 1581 249 145 89 114 188 137 40
2 5 5 1 100 0.75 9 1582 253 146 86 117 189 138 39
2 5 5 1 100 0.75 9 1583 257 145 84 118 192 141 39
2 5 5 1 100 0.75 9 1584 260 145 84 120 194 143 39
2 5 5 1 100 0.75 9 1585 262 145 86 121 196 145 39
2 5 5 1 100 0.75 9 1586 264 146 82 122 197 146 39
2 5 5 1 100 0.75 9 1587 267 147 90 123 198 147 39
2 5 5 1 100 0.75 9 1588 267 146 79 124 201 150 37
2 5 5 1 100 0.75 9 1589 271 147 87 123 202 151 40
2 5 5 1 100 0.75 9 1590 273 146 81 124 205 154 40
2 5 5 1 100 0.75 9 1590 273 146 146 124 244 154 40
2 5 5 1 100 0.75 9 1620 273 146 146 124 54 154 40
2 5 5 1 100 0.75 10 1621 0 2 2 0 54 0 0
2 5 5 1 100 0.75 10 1622 0 4 4 0 54 0 0
2 5 5 1 100 0.75 10 1623 0 6 6 0 54 0 0
2 5 5 1 100 0.75 10 1624 0 8 8 0 54 0 0
2 5 5 1 100 0.75 10 1625 0 10 10 0 54 0 0
2 5 5 1 100 0.75 10 1626 0 12 12 0 54 0 0
2 5 5 1 100 0.75 10 1627 0 14 14 0 54 0 0
2 5 5 1 100 0.75 10 1628 0 16 16 0 54 0 0
2 5 5 1 100 0.75 10 1629 1 18 17 0 54 0 0
2 5 5 1 100 0.75 10 1630 1 20 19 1 54 0 0
2 5 5 1 100 0.75 10 1631 1 22 21 1 54 0 0
2 5 5 1 100 0.75 10 1632 1 24 23 1 54 0 0
2 5 5 1 100 0.75 10 1633 2 26 24 1 54 0 0
2 5 5 1 100 0.75 10 1634 3 28 25 2 54 0 0
2 5 5 1 100 0.75 10 1635 3 30 27 3 54 0 0
2 5 5 1 100 0.75 10 1636 3 32 30 3 54 0 1
2 5 5 1 100 0.75 10 1637 3 34 32 3 54 0 1
2 5 5 1 100 0.75 10 1638 5 36 32 3 54 0 1
2 5 5 1 100 0.75 10 1639 7 38 32 5 54 0 1
2 5 5 1 100 0.75 10 1640 7 40 34 7 54 0 1
2 5 5 1 100 0.75 10 1641 8 42 37 7 54 0 3
2 5 5 1 100 0.75 10 1642 8 44 38 8 54 0 3
2 5 5 1 100 0.75 10 1643 8 46 41 8 54 0 3
2 5 5 1 100 0.75 10 1644 8 48 42 8 54 0 3
2 5 5 1 100 0.75 10 1645 8 50 45 8 54 0 4
2 5 5 1 100 0.75 10 1646 10 52 48 8 54 0 6
2 5 5 1 100 0.75 10 1647 12 54 49 10 54 0 6
2 5 5 1 100 0.75 10 1648 12 56 50 12 54 0 6
2 5 5 1 100 0.75 10 1649 12 58 53 12 54 0 7
2 5 5 1 100 0.75 10 1650 13 60 54 12 54 0 7
2 5 5 1 100 0.75 10 1651 15 62 54 13 54 0 7
2 5 5 1 100 0.75 10 1652 15 64 55 15 54 0 7
2 5 5 1 100 0.75 10 1653 16 65 56 14 55 1 6
2 5 5 1 100 0.75 10 1654 16 67 61 15 55 1 8
2 5 5 1 100 0.75 10 1655 17 69 61 15 55 1 8
2 5 5 1 100 0.75 10 1656 17 71 62 16 55 1 8
2 5 5 1 100 0.75 10 1657 17 71 62 14 57 3 6
2 5 5 1 100 0.75 10 1658 20 73 66 14 57 3 9
2 5 5 1 100 0.75 10 1659 20 75 69 17 57 3 9
2 5 5 1 100 0.75 10 1660 23 77 69 17 56 3 10
2 5 5 1 100 0.75 10 1661 26 79 67 20 56 3 10
2 5 5 1 100 0.75 10 1662 26 80 68 22 57 4 9
2 5 5 1 100 0.75 10 1663 27 81 67 21 58 5 9
2 5 5 1 100 0.75 10 1664 28 81 68 20 60 7 7
2 5 5 1 100 0.75 10 1665 28 83 71 21 60 7 8
2 5 5 1 100 0.75 10 1666 30 85 72 21 60 7 9
2 5 5 1 100 0.75 10 1667 32 87 73 23 60 7 10
2 5 5 1 100 0.75 10 1668 33 89 78 25 60 7 13
2 5 5 1 100 0.75 10 1669 33 91 81 26 60 7 14
2 5 5 1 100 0.75 10 1670 33 93 81 26 60 7 14
2 5 5 1 100 0.75 10 1671 34 94 84 25 61 8 15
2 5 5 1 100 0.75 10 1672 35 96 86 26 61 8 15
2 5 5 1 100 0.75 10 1673 38 98 85 27 61 8 16
2 5 5 1 100 0.75 10 1674 40 99 85 29 62 9 16
2 5 5 1 100 0.75 10 1675 41 101 88 31 62 9 18
2 5 5 1 100 0.75 10 1676 41 103 91 32 62 9 18
2 5 5 1 100 0.75 10 1677 42 104 88 31 63 10 17
2 5 5 1 100 0.75 10 1678 43 103 88 29 66 13 14
2 5 5 1 100 0.75 10 1679 45 105 88 30 66 13 15
2 5 5 1 100 0.75 10 1680 47 107 93 32 66 13 18
2 5 5 1 100 0.75 10 1681 50 107 90 32 68 15 18
2 5 5 1 100 0.75 10 1682 53 109 91 35 68 15 18
2 5 5 1 100 0.75 10 1683 56 109 87 36 70 17 17
2 5 5 1 100 0.75 10 1684 56 110 91 38 71 18 16
2 5 5 1 100 0.75 10 1685 56 112 94 38 71 18 18
2 5 5 1 100 0.75 10 1686 56 112 92 36 73 20 16
2 5 5 1 100 0.75 10 1687 58 114 97 36 73 20 18
2 5 5 1 100 0.75 10 1688 61 114 97 36 75 22 20
2 5 5 1 100 0.75 10 1689 65 115 97 38 76 23 23
2 5 5 1 100 0.75 10 1690 66 115 95 40 78 25 22
2 5 5 1 100 0.75 10 1691 69 117 97 41 78 25 23
2 5 5 1 100 0.75 10 1692 70 119 97 44 78 25 23
2 5 5 1 100 0.75 10 1693 71 119 97 43 80 27 21
2 5 5 1 100 0.75 10 1694 73 121 97 45 80 27 21
2 5 5 1 100 0.75 10 1695 75 122 98 46 81 28 23
2 5 5 1 100 0.75 10 1696 77 123 99 47 82 29 26
2 5 5 1 100 0.75 10 1697 79 124 101 48 83 30 27
2 5 5 1 100 0.75 10 1698 81 125 102 49 84 31 27
2 5 5 1 100 0.75 10 1699 84 125 101 49 86 33 26
2 5 5 1 100 0.75 10 1700 86 127 103 52 86 33 27
2 5 5 1 100 0.75 10 1701 87 128 104 53 87 34 27
2 5 5 1 100 0.75 10 1702 88 130 106 54 87 34 28
2 5 5 1 100 0.75 10 1703 89 130 112 53 89 36 28
2 5 5 1 100 0.75 10 1704 92 131 106 53 90 37 27
2 5 5 1 100 0.75 10 1705 96 128 103 51 94 42 23
2 5 5 1 100 0.75 10 1706 98 129 100 54 95 43 25
2 5 5 1 100 0.75 10 1707 99 128 105 53 98 46 24
2 5 5 1 100 0.75 10 1708 102 129 102 53 99 47 24
2 5 5 1 100 0.75 10 1709 105 131 103 57 99 47 25
2 5 5 1 100 0.75 10 1710 109 133 100 60 99 47 26
2 5 5 1 100 0.75 10 1711 110 134 103 63 100 48 27
2 5 5 1 100 0.75 10 1712 112 133 102 61 103 51 26
2 5 5 1 100 0.75 10 1713 118 134 98 62 104 52 27
2 5 5 1 100 0.75 10 1714 123 134 95 66 106 54 27
2 5 5 1 100 0.75 10 1715 124 134 98 69 108 56 27
2 5 5 1 100 0.75 10 1716 125 135 100 70 109 57 30
2 5 5 1 100 0.75 10 1717 129 135 101 69 111 59 32
2 5 5 1 100 0.75 10 1718 134 135 96 71 113 61 31
2 5 5 1 100 0.75 10 1719 137 137 98 76 113 61 31
2 5 5 1 100 0.75 10 1720 139 139 103 79 113 61 38
2 5 5 1 100 0.75 10 1721 143 139 102 79 114 63 39
2 5 5 1 100 0.75 10 1722 148 139 101 81 116 65 40
2 5 5 1 100 0.75 10 1723 149 140 102 85 117 66 40
2 5 5 1 100 0.75 10 1724 153 140 102 84 119 68 40
2 5 5 1 100 0.75 10 1725 155 141 102 87 120 69 43
2 5 5 1 100 0.75 10 1726 159 140 99 86 123 72 42
2 5 5 1 100 0.75 10 1727 163 141 100 89 124 73 44
2 5 5 1 100 0.75 10 1728 165 141 101 91 126 75 43
2 5 5 1 100 0.75 10 1729 170 142 109 92 127 76 46
2 5 5 1 100 0.75 10 1730 173 141 105 94 130 79 43
2 5 5 1 100 0.75 10 1731 178 139 96 93 134 83 42
2 5 5 1 100 0.75 10 1732 181 139 95 96 136 85 43
2 5 5 1 100 0.75 10 1733 182 140 99 98 137 86 43
2 5 5 1 100 0.75 10 1734 186 139 94 96 140 89 42
2 5 5 1 100 0.75 10 1735 190 138 93 97 143 92 42
2 5 5 1 100 0.75 10 1736 192 136 89 97 147 96 42
2 5 5 1 100 0.75 10 1737 194 137 92 98 148 97 44
2 5 5 1 100 0.75 10 1738 197 137 95 98 150 99 47
2 5 5 1 100 0.75 10 1739 201 137 91 99 152 101 47
2 5 5 1 100 0.75 10 1740 205 134 89 98 157 106 43
2 5 5 1 100 0.75 10 1741 207 133 82 100 160 109 42
2 5 5 1 100 0.75 10 1742 209 134 93 101 161 110 44
2 5 5 1 100 0.75 10 1743 213 133 82 100 164 113 43
2 5 5 1 100 0.75 10 1744 215 134 89 105 165 114 45
2 5 5 1 100 0.75 10 1745 221 134 82 105 167 116 44
2 5 5 1 100 0.75 10 1746 222 132 86 107 171 120 43
2 5 5 1 100 0.75 10 1747 224 131 83 105 174 123 42
2 5 5 1 100 0.75 10 1748 226 130 82 104 177 126 41
2 5 5 1 100 0.75 10 1749 230 130 82 104 179 128 40
2 5 5 1 100 0.75 10 1750 234 129 78 105 182 131 41
2 5 5 1 100 0.75 10 1751 237 131 81 109 182 131 45
2 5 5 1 100 0.75 10 1752 238 131 82 110 184 133 46
2 5 5 1 100 0.75 10 1753 240 132 85 110 185 134 48
2 5 5 1 100 0.75 10 1754 241 130 88 108 189 138 45
2 5 5 1 100 0.75 10 1755 243 126 82 103 195 144 40
2 5 5 1 100 0.75 10 1756 245 126 82 103 196 146 42
2 5 5 1 100 0.75 10 1757 247 127 80 104 197 147 42
2 5 5 1 100 0.75 10 1758 249 125 82 102 201 151 42
2 5 5 1 100 0.75 10 1759 252 127 80 105 201 151 43
2 5 5 1 100 0.75 10 1760 254 125 80 104 205 155 39
2 5 5 1 100 0.75 10 1761 255 124 77 103 208 158 38
2 5 5 1 100 0.75 10 1762 261 123 76 101 211 161 36
2 5 5 1 100 0.75 10 1763 262 125 74 107 211 161 38
2 5 5 1 100 0.75 10 1764 265 125 69 106 213 163 36
2 5 5 1 100 0.75 10 1765 265 125 79 107 215 165 36
2 5 5 1 100 0.75 10 1766 267 125 76 105 217 167 37
2 5 5 1 100 0.75 10 1767 269 122 67 105 222 172 33
2 5 5 1 100 0.75 10 1768 270 119 70 103 227 177 30
2 5 5 1 100 0.75 10 1769 272 117 64 100 231 181 30
2 5 5 1 100 0.75 10 1770 273 118 64 101 232 182 30
2 5 5 1 100 0.75 10 1770 273 118 118 101 261 182 30
2 5 5 1 100 0.75 10 1800 273 118 118 101 54 182 30
