11 5 5 1 100 0.75 1 1 0 11 11 0 100 0 0
11 5 5 1 100 0.75 1 2 0 22 22 0 100 0 0
11 5 5 1 100 0.75 1 3 0 33 33 0 100 0 0
11 5 5 1 100 0.75 1 4 0 44 44 0 100 0 0
11 5 5 1 100 0.75 1 5 0 55 55 0 100 0 0
11 5 5 1 100 0.75 1 6 0 66 66 0 100 0 0
11 5 5 1 100 0.75 1 7 0 77 77 0 100 0 0
11 5 5 1 100 0.75 1 8 1 88 86 0 100 0 0
11 5 5 1 100 0.75 1 9 2 99 95 1 100 0 0
11 5 5 1 100 0.75 1 10 5 110 104 2 100 0 0
11 5 5 1 100 0.75 1 11 8 121 112 5 100 0 0
11 5 5 1 100 0.75 1 12 10 132 121 8 100 0 0
11 5 5 1 100 0.75 1 13 14 143 127 10 100 0 0
11 5 5 1 100 0.75 1 14 19 154 135 14 100 0 0
11 5 5 1 100 0.75 1 15 24 165 141 19 100 0 1
11 5 5 1 100 0.75 1 16 26 176 150 24 99 0 1
11 5 5 1 100 0.75 1 17 33 187 154 26 99 0 4
11 5 5 1 100 0.75 1 18 35 198 166 33 99 0 5
11 5 5 1 100 0.75 1 19 38 209 179 35 99 0 7
11 5 5 1 100 0.75 1 20 39 220 190 38 98 0 9
11 5 5 1 100 0.75 1 21 41 231 203 39 98 0 11
11 5 5 1 100 0.75 1 22 45 242 216 41 98 0 16
11 5 5 1 100 0.75 1 23 54 253 216 45 98 0 17
11 5 5 1 100 0.75 1 24 58 264 231 54 98 0 21
11 5 5 1 100 0.75 1 25 64 275 236 58 98 0 26
11 5 5 1 100 0.75 1 26 66 286 253 64 98 0 29
11 5 5 1 100 0.75 1 27 69 297 255 66 98 0 29
11 5 5 1 100 0.75 1 28 73 308 267 69 98 0 30
11 5 5 1 100 0.75 1 29 76 319 271 73 98 0 32
11 5 5 1 100 0.75 1 30 83 330 287 76 98 0 36
11 5 5 1 100 0.75 1 31 90 341 296 83 98 0 44
11 5 5 1 100 0.75 1 32 98 351 306 89 99 1 46
11 5 5 1 100 0.75 1 33 102 362 317 97 99 1 47
11 5 5 1 100 0.75 1 34 108 371 323 99 101 3 46
11 5 5 1 100 0.75 1 35 115 381 328 104 102 4 49
11 5 5 1 100 0.75 1 36 116 391 339 110 103 5 50
11 5 5 1 100 0.75 1 37 123 400 344 109 105 7 50
11 5 5 1 100 0.75 1 38 132 411 352 116 105 7 54
11 5 5 1 100 0.75 1 39 140 417 363 120 110 12 56
11 5 5 1 100 0.75 1 40 147 422 361 122 116 18 54
11 5 5 1 100 0.75 1 41 153 430 367 126 119 21 55
11 5 5 1 100 0.75 1 42 159 437 379 128 123 25 55
11 5 5 1 100 0.75 1 43 164 447 386 133 124 26 56
11 5 5 1 100 0.75 1 44 175 456 386 136 126 28 57
11 5 5 1 100 0.75 1 45 179 464 392 144 129 31 58
11 5 5 1 100 0.75 1 46 191 473 402 146 131 33 63
11 5 5 1 100 0.75 1 47 206 483 400 157 132 34 66
11 5 5 1 100 0.75 1 48 212 491 405 169 135 37 67
11 5 5 1 100 0.75 1 49 221 500 418 173 137 39 72
11 5 5 1 100 0.75 1 50 230 509 425 180 139 41 72
11 5 5 1 100 0.75 1 51 233 514 427 184 145 47 71
11 5 5 1 100 0.75 1 52 252 522 421 185 148 50 75
11 5 5 1 100 0.75 1 53 261 530 430 202 151 53 78
11 5 5 1 100 0.75 1 54 272 539 438 209 153 55 90
11 5 5 1 100 0.75 1 55 279 545 442 216 158 60 92
11 5 5 1 100 0.75 1 56 293 551 438 219 163 65 96
11 5 5 1 100 0.75 1 57 300 557 449 229 168 70 97
11 5 5 1 100 0.75 1 58 310 564 451 232 172 74 98
11 5 5 1 100 0.75 1 59 317 570 455 240 177 79 96
11 5 5 1 100 0.75 1 60 333 578 456 245 180 82 109
11 5 5 1 100 0.75 1 61 344 586 465 258 183 85 114
11 5 5 1 100 0.75 1 62 359 593 469 266 187 89 119
11 5 5 1 100 0.75 1 63 375 599 475 276 192 94 126
11 5 5 1 100 0.75 1 64 388 608 469 290 194 96 130
11 5 5 1 100 0.75 1 65 403 616 478 301 197 99 133
11 5 5 1 100 0.75 1 66 414 617 471 306 207 109 130
11 5 5 1 100 0.75 1 67 427 623 473 313 212 114 135
11 5 5 1 100 0.75 1 68 442 631 475 326 215 117 141
11 5 5 1 100 0.75 1 69 452 636 477 338 221 123 147
11 5 5 1 100 0.75 1 70 472 641 478 343 227 129 155
11 5 5 1 100 0.75 1 71 485 644 477 356 235 137 155
11 5 5 1 100 0.75 1 72 499 645 478 360 245 147 157
11 5 5 1 100 0.75 1 73 512 649 475 370 252 154 161
11 5 5 1 100 0.75 1 74 529 647 469 372 265 167 161
11 5 5 1 100 0.75 1 75 546 654 474 387 269 171 168
11 5 5 1 100 0.75 1 76 557 658 464 397 275 178 165
11 5 5 1 100 0.75 1 77 575 660 461 401 284 187 171
11 5 5 1 100 0.75 1 78 591 660 458 411 295 198 170
11 5 5 1 100 0.75 1 79 605 662 460 420 304 207 174
11 5 5 1 100 0.75 1 80 619 661 441 427 316 219 175
11 5 5 1 100 0.75 1 81 630 669 463 441 319 222 183
11 5 5 1 100 0.75 1 82 648 676 454 449 323 226 194
11 5 5 1 100 0.75 1 83 663 677 460 459 333 236 192
11 5 5 1 100 0.75 1 84 677 678 445 470 343 246 198
11 5 5 1 100 0.75 1 85 690 679 439 480 353 256 200
11 5 5 1 100 0.75 1 86 708 680 438 485 363 266 210
11 5 5 1 100 0.75 1 87 719 676 427 492 378 281 205
11 5 5 1 100 0.75 1 88 733 681 431 501 383 287 214
11 5 5 1 100 0.75 1 89 742 681 428 510 394 298 212
11 5 5 1 100 0.75 1 90 755 681 423 509 405 309 215
11 5 5 1 100 0.75 1 91 767 683 421 514 414 318 230
11 5 5 1 100 0.75 1 92 780 685 417 523 423 327 230
11 5 5 1 100 0.75 1 93 794 689 423 536 430 334 237
11 5 5 1 100 0.75 1 94 801 680 403 538 449 354 233
11 5 5 1 100 0.75 1 95 816 683 415 540 457 362 242
11 5 5 1 100 0.75 1 96 820 682 405 548 469 374 238
11 5 5 1 100 0.75 1 97 826 678 387 546 484 389 228
11 5 5 1 100 0.75 1 98 838 676 378 545 497 402 232
11 5 5 1 100 0.75 1 99 852 677 372 552 507 412 238
11 5 5 1 100 0.75 1 100 861 672 350 554 523 428 235
11 5 5 1 100 0.75 1 101 870 672 375 555 534 439 235
11 5 5 1 100 0.75 1 102 878 670 371 557 547 452 231
11 5 5 1 100 0.75 1 103 884 669 358 558 558 464 234
11 5 5 1 100 0.75 1 104 893 661 351 553 577 483 221
11 5 5 1 100 0.75 1 105 898 666 336 562 583 489 229
11 5 5 1 100 0.75 1 106 902 661 336 560 599 505 226
11 5 5 1 100 0.75 1 107 909 651 311 548 618 526 217
11 5 5 1 100 0.75 1 108 919 653 328 557 627 535 218
11 5 5 1 100 0.75 1 109 922 647 308 555 643 552 210
11 5 5 1 100 0.75 1 110 931 645 299 553 656 565 207
11 5 5 1 100 0.75 1 111 935 646 303 559 666 575 209
11 5 5 1 100 0.75 1 112 938 643 298 555 680 589 203
11 5 5 1 100 0.75 1 113 941 638 301 545 696 605 197
11 5 5 1 100 0.75 1 114 944 638 276 551 707 616 196
11 5 5 1 100 0.75 1 115 948 635 277 552 721 630 196
11 5 5 1 100 0.75 1 116 949 633 279 549 734 643 191
11 5 5 1 100 0.75 1 117 951 632 285 546 746 655 190
11 5 5 1 100 0.75 1 118 953 633 277 551 756 665 187
11 5 5 1 100 0.75 1 119 955 629 266 544 771 680 176
11 5 5 1 100 0.75 1 120 957 631 277 549 780 689 180
11 5 5 1 100 0.75 1 121 960 629 246 544 792 702 179
11 5 5 1 100 0.75 1 122 965 632 264 551 800 710 180
11 5 5 1 100 0.75 1 123 967 634 253 551 809 719 179
11 5 5 1 100 0.75 1 124 967 629 259 544 824 735 169
11 5 5 1 100 0.75 1 125 970 628 253 541 835 747 168
11 5 5 1 100 0.75 1 126 972 629 238 545 845 757 168
11 5 5 1 100 0.75 1 127 974 631 239 542 854 766 168
11 5 5 1 100 0.75 1 128 975 632 229 549 864 776 168
11 5 5 1 100 0.75 1 129 979 633 222 551 874 786 168
11 5 5 1 100 0.75 1 130 980 635 237 556 883 795 164
11 5 5 1 100 0.75 1 131 980 635 231 553 894 806 157
11 5 5 1 100 0.75 1 132 980 635 239 550 905 817 155
11 5 5 1 100 0.75 1 133 981 638 235 554 912 825 152
11 5 5 1 100 0.75 1 134 983 639 220 555 922 835 149
11 5 5 1 100 0.75 1 135 985 635 209 552 937 850 146
11 5 5 1 100 0.75 1 136 987 641 217 561 941 855 149
11 5 5 1 100 0.75 1 137 988 645 225 564 948 862 150
11 5 5 1 100 0.75 1 138 989 648 213 562 956 870 150
11 5 5 1 100 0.75 1 139 992 651 250 566 962 878 148
11 5 5 1 100 0.75 1 140 992 653 219 567 971 887 147
11 5 5 1 100 0.75 1 141 993 650 241 567 985 901 141
11 5 5 1 100 0.75 1 142 994 652 199 570 994 910 140
11 5 5 1 100 0.75 1 143 995 654 220 569 1003 919 135
11 5 5 1 100 0.75 1 144 996 658 228 575 1010 926 135
11 5 5 1 100 0.75 1 145 996 661 227 577 1017 934 137
11 5 5 1 100 0.75 1 146 997 659 215 575 1030 947 132
11 5 5 1 100 0.75 1 147 998 665 221 581 1035 952 138
11 5 5 1 100 0.75 1 148 998 664 203 581 1047 964 139
11 5 5 1 100 0.75 1 149 998 668 211 585 1052 971 138
11 5 5 1 100 0.75 1 150 998 671 220 587 1060 979 139
11 5 5 1 100 0.75 1 150 998 671 671 587 1192 979 139
11 5 5 1 100 0.75 1 180 998 671 671 587 54 979 139
11 5 5 1 100 0.75 2 181 0 11 11 0 54 0 0
11 5 5 1 100 0.75 2 182 0 22 22 0 54 0 0
11 5 5 1 100 0.75 2 183 0 33 33 0 54 0 0
11 5 5 1 100 0.75 2 184 0 44 44 0 54 0 0
11 5 5 1 100 0.75 2 185 0 55 55 0 54 0 0
11 5 5 1 100 0.75 2 186 0 66 66 0 54 0 0
11 5 5 1 100 0.75 2 187 0 77 77 0 54 0 0
11 5 5 1 100 0.75 2 188 0 88 88 0 54 0 0
11 5 5 1 100 0.75 2 189 1 99 97 0 54 0 0
11 5 5 1 100 0.75 2 190 2 110 105 1 54 0 0
11 5 5 1 100 0.75 2 191 3 121 116 2 54 0 0
11 5 5 1 100 0.75 2 192 4 132 124 3 54 0 0
11 5 5 1 100 0.75 2 193 7 143 136 4 54 0 0
11 5 5 1 100 0.75 2 194 12 154 141 7 54 0 0
11 5 5 1 100 0.75 2 195 12 165 151 12 54 0 0
11 5 5 1 100 0.75 2 196 14 176 159 12 54 0 0
11 5 5 1 100 0.75 2 197 18 187 170 14 54 0 1
11 5 5 1 100 0.75 2 198 20 198 179 18 54 0 2
11 5 5 1 100 0.75 2 199 23 209 190 20 54 0 3
11 5 5 1 100 0.75 2 200 26 220 199 23 54 0 4
11 5 5 1 100 0.75 2 201 32 231 208 26 54 0 7
11 5 5 1 100 0.75 2 202 34 242 217 32 54 0 10
11 5 5 1 100 0.75 2 203 36 253 226 34 54 0 12
11 5 5 1 100 0.75 2 204 39 264 238 36 54 0 14
11 5 5 1 100 0.75 2 205 42 275 249 39 54 0 15
11 5 5 1 100 0.75 2 206 45 286 261 42 54 0 18
11 5 5 1 100 0.75 2 207 46 297 272 45 54 0 19
11 5 5 1 100 0.75 2 208 49 308 285 46 54 0 24
11 5 5 1 100 0.75 2 209 54 319 292 49 54 0 28
11 5 5 1 100 0.75 2 210 57 330 301 54 54 0 29
11 5 5 1 100 0.75 2 211 62 341 312 57 54 0 32
11 5 5 1 100 0.75 2 212 62 352 326 62 54 0 33
11 5 5 1 100 0.75 2 213 67 362 331 61 55 1 36
11 5 5 1 100 0.75 2 214 68 373 345 66 55 1 36
11 5 5 1 100 0.75 2 215 72 384 354 67 55 1 39
11 5 5 1 100 0.75 2 216 80 394 364 70 56 2 43
11 5 5 1 100 0.75 2 217 82 402 369 75 59 5 41
11 5 5 1 100 0.75 2 218 87 412 378 76 60 6 43
11 5 5 1 100 0.75 2 219 89 421 386 79 62 8 42
11 5 5 1 100 0.75 2 220 96 427 386 76 67 13 39
11 5 5 1 100 0.75 2 221 103 437 393 82 68 14 42
11 5 5 1 100 0.75 2 222 109 445 398 86 71 17 42
11 5 5 1 100 0.75 2 223 115 454 404 90 73 19 45
11 5 5 1 100 0.75 2 224 120 464 414 95 74 20 48
11 5 5 1 100 0.75 2 225 125 473 419 98 76 22 48
11 5 5 1 100 0.75 2 226 128 481 428 100 79 25 47
11 5 5 1 100 0.75 2 227 139 489 431 100 82 28 50
11 5 5 1 100 0.75 2 228 147 496 437 107 86 32 53
11 5 5 1 100 0.75 2 229 156 505 445 113 88 34 57
11 5 5 1 100 0.75 2 230 160 514 447 120 90 36 56
11 5 5 1 100 0.75 2 231 165 521 456 121 93 40 56
11 5 5 1 100 0.75 2 232 175 530 464 124 95 42 59
11 5 5 1 100 0.75 2 233 183 539 470 132 97 44 60
11 5 5 1 100 0.75 2 234 194 549 475 139 98 45 63
11 5 5 1 100 0.75 2 235 203 559 481 149 99 46 66
11 5 5 1 100 0.75 2 236 212 570 495 158 99 46 74
11 5 5 1 100 0.75 2 237 220 576 500 163 104 51 72
11 5 5 1 100 0.75 2 238 226 579 496 164 112 59 67
11 5 5 1 100 0.75 2 239 231 588 506 168 114 61 69
11 5 5 1 100 0.75 2 240 245 595 506 172 118 65 73
11 5 5 1 100 0.75 2 241 253 603 513 183 121 68 79
11 5 5 1 100 0.75 2 242 267 614 520 191 121 68 84
11 5 5 1 100 0.75 2 243 276 623 530 203 123 70 92
11 5 5 1 100 0.75 2 244 285 631 537 209 126 73 96
11 5 5 1 100 0.75 2 245 293 637 544 213 131 78 96
11 5 5 1 100 0.75 2 246 302 644 544 217 135 82 96
11 5 5 1 100 0.75 2 247 314 646 540 219 144 91 98
11 5 5 1 100 0.75 2 248 326 652 531 226 149 96 101
11 5 5 1 100 0.75 2 249 342 658 540 234 154 101 109
11 5 5 1 100 0.75 2 250 353 668 546 249 155 102 116
11 5 5 1 100 0.75 2 251 365 675 557 258 159 106 118
11 5 5 1 100 0.75 2 252 371 683 565 269 162 109 120
11 5 5 1 100 0.75 2 253 381 689 562 272 167 114 122
11 5 5 1 100 0.75 2 254 393 694 572 276 173 120 125
11 5 5 1 100 0.75 2 255 404 702 568 288 176 123 129
11 5 5 1 100 0.75 2 256 418 705 568 292 184 131 132
11 5 5 1 100 0.75 2 257 432 708 563 301 192 139 135
11 5 5 1 100 0.75 2 258 447 712 567 312 198 146 136
11 5 5 1 100 0.75 2 259 460 718 562 325 203 151 140
11 5 5 1 100 0.75 2 260 472 718 560 331 214 162 135
11 5 5 1 100 0.75 2 261 481 722 560 339 221 169 136
11 5 5 1 100 0.75 2 262 489 730 563 347 224 172 143
11 5 5 1 100 0.75 2 263 504 733 561 349 232 180 147
11 5 5 1 100 0.75 2 264 515 736 565 362 240 188 149
11 5 5 1 100 0.75 2 265 532 741 570 369 245 194 155
11 5 5 1 100 0.75 2 266 551 740 561 376 257 206 158
11 5 5 1 100 0.75 2 267 572 749 552 394 259 208 172
11 5 5 1 100 0.75 2 268 582 751 570 410 268 217 168
11 5 5 1 100 0.75 2 269 593 752 551 412 278 227 166
11 5 5 1 100 0.75 2 270 605 756 547 418 285 234 166
11 5 5 1 100 0.75 2 271 623 759 546 426 293 242 172
11 5 5 1 100 0.75 2 272 638 761 531 440 302 251 176
11 5 5 1 100 0.75 2 273 659 759 532 444 315 264 185
11 5 5 1 100 0.75 2 274 674 764 526 461 321 270 193
11 5 5 1 100 0.75 2 275 690 773 536 479 323 272 206
11 5 5 1 100 0.75 2 276 710 771 530 485 336 285 205
11 5 5 1 100 0.75 2 277 721 772 516 502 346 295 203
11 5 5 1 100 0.75 2 278 736 777 508 512 352 301 211
11 5 5 1 100 0.75 2 279 747 777 524 522 363 312 215
11 5 5 1 100 0.75 2 280 764 775 499 523 376 325 219
11 5 5 1 100 0.75 2 281 784 776 494 539 386 335 224
11 5 5 1 100 0.75 2 282 797 777 495 554 396 345 224
11 5 5 1 100 0.75 2 283 812 777 485 564 407 356 232
11 5 5 1 100 0.75 2 284 821 776 488 577 419 368 235
11 5 5 1 100 0.75 2 285 832 782 491 586 424 373 241
11 5 5 1 100 0.75 2 286 849 779 476 589 438 387 239
11 5 5 1 100 0.75 2 287 862 776 471 594 452 401 243
11 5 5 1 100 0.75 2 288 874 776 465 603 463 412 253
11 5 5 1 100 0.75 2 289 884 774 456 611 476 425 254
11 5 5 1 100 0.75 2 290 893 772 441 617 489 438 260
11 5 5 1 100 0.75 2 291 902 767 437 620 505 454 257
11 5 5 1 100 0.75 2 292 912 764 437 620 519 468 250
11 5 5 1 100 0.75 2 293 920 763 436 627 530 480 253
11 5 5 1 100 0.75 2 294 929 759 408 627 545 495 254
11 5 5 1 100 0.75 2 295 939 754 404 631 561 511 253
11 5 5 1 100 0.75 2 296 939 750 397 635 575 526 249
11 5 5 1 100 0.75 2 297 947 743 385 628 593 544 252
11 5 5 1 100 0.75 2 298 953 748 389 636 599 550 255
11 5 5 1 100 0.75 2 299 957 747 377 643 611 562 254
11 5 5 1 100 0.75 2 300 964 744 379 642 625 576 260
11 5 5 1 100 0.75 2 301 970 740 370 642 640 591 259
11 5 5 1 100 0.75 2 302 977 738 361 642 653 604 256
11 5 5 1 100 0.75 2 303 982 730 347 638 672 623 248
11 5 5 1 100 0.75 2 304 984 722 344 633 690 642 241
11 5 5 1 100 0.75 2 305 988 720 329 634 703 655 237
11 5 5 1 100 0.75 2 306 990 720 330 634 714 666 237
11 5 5 1 100 0.75 2 307 992 719 336 633 726 678 240
11 5 5 1 100 0.75 2 308 994 714 331 627 741 694 235
11 5 5 1 100 0.75 2 309 995 702 296 618 764 717 219
11 5 5 1 100 0.75 2 310 995 700 307 616 777 730 220
11 5 5 1 100 0.75 2 311 995 694 290 609 793 747 212
11 5 5 1 100 0.75 2 312 996 696 305 610 801 756 213
11 5 5 1 100 0.75 2 313 998 695 285 610 813 768 212
11 5 5 1 100 0.75 2 314 999 694 288 607 825 780 208
11 5 5 1 100 0.75 2 315 999 688 266 604 842 797 202
11 5 5 1 100 0.75 2 316 1000 687 268 602 854 809 197
11 5 5 1 100 0.75 2 317 1000 685 278 599 867 822 192
11 5 5 1 100 0.75 2 318 1001 686 265 603 875 832 191
11 5 5 1 100 0.75 2 319 1002 680 267 595 892 849 182
11 5 5 1 100 0.75 2 320 1003 677 255 591 904 863 177
11 5 5 1 100 0.75 2 321 1003 671 238 589 920 880 167
11 5 5 1 100 0.75 2 322 1003 672 242 589 929 890 168
11 5 5 1 100 0.75 2 323 1004 676 243 593 936 897 168
11 5 5 1 100 0.75 2 324 1005 677 241 595 946 907 167
11 5 5 1 100 0.75 2 325 1005 677 228 593 957 918 159
11 5 5 1 100 0.75 2 326 1005 675 244 590 968 931 152
11 5 5 1 100 0.75 2 327 1006 675 230 592 979 942 151
11 5 5 1 100 0.75 2 328 1007 676 231 591 989 952 147
11 5 5 1 100 0.75 2 329 1007 678 227 594 998 961 144
11 5 5 1 100 0.75 2 330 1008 676 227 593 1011 974 142
11 5 5 1 100 0.75 2 330 1008 676 676 593 1150 974 142
11 5 5 1 100 0.75 2 360 1008 676 676 593 54 974 142
11 5 5 1 100 0.75 3 361 0 11 11 0 54 0 0
11 5 5 1 100 0.75 3 362 0 22 22 0 54 0 0
11 5 5 1 100 0.75 3 363 0 33 33 0 54 0 0
11 5 5 1 100 0.75 3 364 0 44 44 0 54 0 0
11 5 5 1 100 0.75 3 365 0 55 55 0 54 0 0
11 5 5 1 100 0.75 3 366 0 66 66 0 54 0 0
11 5 5 1 100 0.75 3 367 0 77 77 0 54 0 0
11 5 5 1 100 0.75 3 368 0 88 88 0 54 0 0
11 5 5 1 100 0.75 3 369 0 99 99 0 54 0 0
11 5 5 1 100 0.75 3 370 1 110 108 0 54 0 0
11 5 5 1 100 0.75 3 371 1 121 119 1 54 0 0
11 5 5 1 100 0.75 3 372 3 132 125 1 54 0 0
11 5 5 1 100 0.75 3 373 6 143 136 3 54 0 0
11 5 5 1 100 0.75 3 374 6 154 148 6 54 0 0
11 5 5 1 100 0.75 3 375 6 165 158 6 54 0 0
11 5 5 1 100 0.75 3 376 9 176 166 6 54 0 0
11 5 5 1 100 0.75 3 377 11 187 175 9 54 0 1
11 5 5 1 100 0.75 3 378 16 198 183 11 54 0 1
11 5 5 1 100 0.75 3 379 18 209 193 16 54 0 2
11 5 5 1 100 0.75 3 380 20 220 205 18 54 0 4
11 5 5 1 100 0.75 3 381 21 231 215 20 54 0 4
11 5 5 1 100 0.75 3 382 25 242 220 21 54 0 4
11 5 5 1 100 0.75 3 383 26 253 233 25 54 0 5
11 5 5 1 100 0.75 3 384 27 264 243 26 54 0 7
11 5 5 1 100 0.75 3 385 28 275 256 27 54 0 8
11 5 5 1 100 0.75 3 386 32 286 269 28 54 0 9
11 5 5 1 100 0.75 3 387 35 297 279 32 54 0 10
11 5 5 1 100 0.75 3 388 41 308 287 35 54 0 12
11 5 5 1 100 0.75 3 389 44 319 297 41 54 0 12
11 5 5 1 100 0.75 3 390 46 330 308 44 54 0 13
11 5 5 1 100 0.75 3 391 49 341 313 46 54 0 13
11 5 5 1 100 0.75 3 392 51 352 326 49 54 0 13
11 5 5 1 100 0.75 3 393 56 362 335 50 55 1 15
11 5 5 1 100 0.75 3 394 61 373 342 55 55 1 16
11 5 5 1 100 0.75 3 395 64 384 353 60 55 1 19
11 5 5 1 100 0.75 3 396 73 394 361 62 56 2 25
11 5 5 1 100 0.75 3 397 74 405 369 71 56 2 26
11 5 5 1 100 0.75 3 398 75 415 384 71 57 3 28
11 5 5 1 100 0.75 3 399 75 426 394 72 57 3 30
11 5 5 1 100 0.75 3 400 77 435 402 70 59 5 30
11 5 5 1 100 0.75 3 401 81 446 413 72 59 5 33
11 5 5 1 100 0.75 3 402 85 454 425 73 62 8 33
11 5 5 1 100 0.75 3 403 96 462 420 74 65 11 34
11 5 5 1 100 0.75 3 404 100 472 438 84 66 12 39
11 5 5 1 100 0.75 3 405 107 483 438 88 66 12 39
11 5 5 1 100 0.75 3 406 109 494 449 95 66 12 40
11 5 5 1 100 0.75 3 407 109 504 460 96 67 13 39
11 5 5 1 100 0.75 3 408 111 515 472 96 67 13 42
11 5 5 1 100 0.75 3 409 115 526 480 98 67 13 45
11 5 5 1 100 0.75 3 410 124 536 489 101 68 14 49
11 5 5 1 100 0.75 3 411 133 546 497 109 68 15 56
11 5 5 1 100 0.75 3 412 141 556 504 118 69 16 56
11 5 5 1 100 0.75 3 413 151 562 504 121 74 21 56
11 5 5 1 100 0.75 3 414 155 570 516 128 77 24 53
11 5 5 1 100 0.75 3 415 159 579 514 130 79 26 51
11 5 5 1 100 0.75 3 416 165 583 517 127 86 33 47
11 5 5 1 100 0.75 3 417 175 593 526 132 87 34 52
11 5 5 1 100 0.75 3 418 181 603 538 141 88 35 56
11 5 5 1 100 0.75 3 419 191 612 540 145 90 37 60
11 5 5 1 100 0.75 3 420 200 621 544 153 92 39 63
11 5 5 1 100 0.75 3 421 207 629 560 159 95 42 67
11 5 5 1 100 0.75 3 422 220 632 553 159 103 50 62
11 5 5 1 100 0.75 3 423 227 642 560 171 104 51 63
11 5 5 1 100 0.75 3 424 230 652 569 177 105 52 67
11 5 5 1 100 0.75 3 425 244 662 579 180 106 53 73
11 5 5 1 100 0.75 3 426 248 669 583 190 110 57 70
11 5 5 1 100 0.75 3 427 261 679 590 196 111 58 79
11 5 5 1 100 0.75 3 428 273 684 591 203 117 64 80
11 5 5 1 100 0.75 3 429 281 693 598 213 119 66 84
11 5 5 1 100 0.75 3 430 297 697 599 215 126 73 84
11 5 5 1 100 0.75 3 431 304 705 599 230 129 76 85
11 5 5 1 100 0.75 3 432 310 714 615 236 131 78 89
11 5 5 1 100 0.75 3 433 323 724 620 241 132 79 96
11 5 5 1 100 0.75 3 434 333 732 621 252 135 82 102
11 5 5 1 100 0.75 3 435 350 737 627 256 141 88 108
11 5 5 1 100 0.75 3 436 359 743 623 269 146 93 106
11 5 5 1 100 0.75 3 437 374 747 629 272 153 100 110
11 5 5 1 100 0.75 3 438 390 755 630 285 156 103 117
11 5 5 1 100 0.75 3 439 398 758 624 295 164 111 116
11 5 5 1 100 0.75 3 440 407 767 635 301 166 113 120
11 5 5 1 100 0.75 3 441 422 774 640 307 170 117 124
11 5 5 1 100 0.75 3 442 435 779 641 317 176 123 128
11 5 5 1 100 0.75 3 443 449 784 637 326 182 129 132
11 5 5 1 100 0.75 3 444 461 787 637 334 190 137 132
11 5 5 1 100 0.75 3 445 482 793 642 342 195 142 147
11 5 5 1 100 0.75 3 446 494 800 640 362 199 146 149
11 5 5 1 100 0.75 3 447 502 805 643 371 205 152 151
11 5 5 1 100 0.75 3 448 519 808 638 371 213 160 152
11 5 5 1 100 0.75 3 449 533 810 632 383 222 169 157
11 5 5 1 100 0.75 3 450 551 815 633 396 228 175 163
11 5 5 1 100 0.75 3 451 566 820 632 410 234 181 168
11 5 5 1 100 0.75 3 452 588 823 631 423 242 189 176
11 5 5 1 100 0.75 3 453 614 823 627 438 253 200 178
11 5 5 1 100 0.75 3 454 623 828 619 460 258 206 180
11 5 5 1 100 0.75 3 455 640 832 627 466 265 213 183
11 5 5 1 100 0.75 3 456 654 834 619 476 274 222 190
11 5 5 1 100 0.75 3 457 670 835 614 485 284 232 198
11 5 5 1 100 0.75 3 458 683 840 609 501 290 238 204
11 5 5 1 100 0.75 3 459 702 845 607 517 296 244 224
11 5 5 1 100 0.75 3 460 719 844 600 527 308 256 221
11 5 5 1 100 0.75 3 461 736 846 598 542 317 265 229
11 5 5 1 100 0.75 3 462 757 843 593 547 330 279 228
11 5 5 1 100 0.75 3 463 772 840 578 563 343 293 233
11 5 5 1 100 0.75 3 464 784 843 573 574 351 301 243
11 5 5 1 100 0.75 3 465 798 847 576 587 358 308 247
11 5 5 1 100 0.75 3 466 821 845 566 593 371 321 255
11 5 5 1 100 0.75 3 467 835 846 555 614 381 331 259
11 5 5 1 100 0.75 3 468 847 845 544 623 393 343 266
11 5 5 1 100 0.75 3 469 861 844 544 629 405 355 269
11 5 5 1 100 0.75 3 470 878 844 540 638 415 366 283
11 5 5 1 100 0.75 3 471 891 839 517 645 430 382 277
11 5 5 1 100 0.75 3 472 900 836 516 655 444 396 275
11 5 5 1 100 0.75 3 473 912 839 522 661 452 404 282
11 5 5 1 100 0.75 3 474 927 833 490 663 469 421 290
11 5 5 1 100 0.75 3 475 935 828 486 672 485 437 283
11 5 5 1 100 0.75 3 476 946 824 472 680 500 452 282
11 5 5 1 100 0.75 3 477 957 823 470 691 512 464 284
11 5 5 1 100 0.75 3 478 967 817 459 691 528 481 282
11 5 5 1 100 0.75 3 479 973 809 434 691 547 500 278
11 5 5 1 100 0.75 3 480 979 808 441 694 559 512 279
11 5 5 1 100 0.75 3 481 986 803 417 692 575 528 282
11 5 5 1 100 0.75 3 482 994 796 407 693 593 546 284
11 5 5 1 100 0.75 3 483 1000 790 408 695 610 563 285
11 5 5 1 100 0.75 3 484 1005 780 394 688 629 584 275
11 5 5 1 100 0.75 3 485 1008 779 392 686 640 596 277
11 5 5 1 100 0.75 3 486 1012 769 378 677 660 617 269
11 5 5 1 100 0.75 3 487 1015 762 365 675 678 635 262
11 5 5 1 100 0.75 3 488 1018 759 362 673 692 649 262
11 5 5 1 100 0.75 3 489 1018 751 351 666 711 668 254
11 5 5 1 100 0.75 3 490 1019 743 341 656 730 687 247
11 5 5 1 100 0.75 3 491 1020 741 341 656 743 700 243
11 5 5 1 100 0.75 3 492 1020 740 335 657 755 712 242
11 5 5 1 100 0.75 3 493 1020 735 327 652 770 728 235
11 5 5 1 100 0.75 3 494 1020 728 328 643 788 746 227
11 5 5 1 100 0.75 3 495 1020 722 317 637 805 763 220
11 5 5 1 100 0.75 3 496 1020 726 327 640 812 770 221
11 5 5 1 100 0.75 3 497 1021 721 301 635 828 786 212
11 5 5 1 100 0.75 3 498 1021 716 296 633 844 802 209
11 5 5 1 100 0.75 3 499 1021 706 278 623 865 823 196
11 5 5 1 100 0.75 3 500 1021 701 259 618 881 839 185
11 5 5 1 100 0.75 3 501 1021 697 269 612 895 854 180
11 5 5 1 100 0.75 3 502 1023 695 256 613 907 867 172
11 5 5 1 100 0.75 3 503 1024 690 238 608 923 883 166
11 5 5 1 100 0.75 3 504 1024 690 255 607 934 894 163
11 5 5 1 100 0.75 3 505 1024 689 259 603 945 906 163
11 5 5 1 100 0.75 3 506 1025 688 246 608 957 918 159
11 5 5 1 100 0.75 3 507 1025 685 224 603 971 932 153
11 5 5 1 100 0.75 3 508 1026 685 250 599 982 943 150
11 5 5 1 100 0.75 3 509 1026 688 223 603 988 951 146
11 5 5 1 100 0.75 3 510 1027 691 231 611 996 959 149
11 5 5 1 100 0.75 3 510 1027 691 691 611 1139 959 149
11 5 5 1 100 0.75 3 540 1027 691 691 611 54 959 149
11 5 5 1 100 0.75 4 541 0 11 11 0 54 0 0
11 5 5 1 100 0.75 4 542 0 22 22 0 54 0 0
11 5 5 1 100 0.75 4 543 0 33 33 0 54 0 0
11 5 5 1 100 0.75 4 544 0 44 44 0 54 0 0
11 5 5 1 100 0.75 4 545 0 55 55 0 54 0 0
11 5 5 1 100 0.75 4 546 0 66 66 0 54 0 0
11 5 5 1 100 0.75 4 547 0 77 77 0 54 0 0
11 5 5 1 100 0.75 4 548 0 88 88 0 54 0 0
11 5 5 1 100 0.75 4 549 0 99 99 0 54 0 0
11 5 5 1 100 0.75 4 550 0 110 110 0 54 0 0
11 5 5 1 100 0.75 4 551 1 121 119 0 54 0 0
11 5 5 1 100 0.75 4 552 4 132 128 1 54 0 0
11 5 5 1 100 0.75 4 553 5 143 138 4 54 0 0
11 5 5 1 100 0.75 4 554 9 154 144 5 54 0 0
11 5 5 1 100 0.75 4 555 12 165 153 9 54 0 0
11 5 5 1 100 0.75 4 556 13 176 162 12 54 0 0
11 5 5 1 100 0.75 4 557 13 187 173 13 54 0 0
11 5 5 1 100 0.75 4 558 16 198 182 13 54 0 1
11 5 5 1 100 0.75 4 559 17 209 193 16 54 0 1
11 5 5 1 100 0.75 4 560 22 220 201 17 53 0 3
11 5 5 1 100 0.75 4 561 25 231 212 22 53 0 7
11 5 5 1 100 0.75 4 562 25 242 221 25 53 0 7
11 5 5 1 100 0.75 4 563 29 253 233 25 53 0 9
11 5 5 1 100 0.75 4 564 31 264 242 29 53 0 10
11 5 5 1 100 0.75 4 565 35 275 250 31 53 0 10
11 5 5 1 100 0.75 4 566 37 286 262 35 53 0 13
11 5 5 1 100 0.75 4 567 41 297 274 37 53 0 17
11 5 5 1 100 0.75 4 568 44 308 284 41 52 0 20
11 5 5 1 100 0.75 4 569 45 319 295 44 52 0 21
11 5 5 1 100 0.75 4 570 48 330 303 45 52 0 24
11 5 5 1 100 0.75 4 571 50 341 316 48 52 0 25
11 5 5 1 100 0.75 4 572 57 352 322 50 52 0 25
11 5 5 1 100 0.75 4 573 59 363 331 57 52 0 27
11 5 5 1 100 0.75 4 574 62 374 342 59 52 0 29
11 5 5 1 100 0.75 4 575 65 382 351 59 55 3 30
11 5 5 1 100 0.75 4 576 69 391 358 60 57 5 28
11 5 5 1 100 0.75 4 577 72 401 368 63 58 6 29
11 5 5 1 100 0.75 4 578 78 411 372 65 59 7 30
11 5 5 1 100 0.75 4 579 85 421 385 70 60 8 35
11 5 5 1 100 0.75 4 580 87 432 393 77 60 8 38
11 5 5 1 100 0.75 4 581 87 442 402 78 61 9 38
11 5 5 1 100 0.75 4 582 93 452 412 77 62 10 39
11 5 5 1 100 0.75 4 583 95 458 417 78 67 15 36
11 5 5 1 100 0.75 4 584 101 465 424 76 71 19 35
11 5 5 1 100 0.75 4 585 103 476 435 82 71 19 37
11 5 5 1 100 0.75 4 586 110 486 441 83 72 20 40
11 5 5 1 100 0.75 4 587 121 493 445 86 76 24 42
11 5 5 1 100 0.75 4 588 129 504 451 98 76 24 42
11 5 5 1 100 0.75 4 589 131 515 463 106 76 24 43
11 5 5 1 100 0.75 4 590 137 523 471 105 79 27 43
11 5 5 1 100 0.75 4 591 142 534 472 111 79 27 48
11 5 5 1 100 0.75 4 592 146 542 485 113 82 30 49
11 5 5 1 100 0.75 4 593 157 548 483 112 87 35 47
11 5 5 1 100 0.75 4 594 165 557 492 121 89 37 52
11 5 5 1 100 0.75 4 595 175 566 498 128 91 39 60
11 5 5 1 100 0.75 4 596 182 575 506 136 93 41 59
11 5 5 1 100 0.75 4 597 188 582 510 139 97 45 57
11 5 5 1 100 0.75 4 598 196 590 518 142 100 48 60
11 5 5 1 100 0.75 4 599 203 600 525 149 101 49 62
11 5 5 1 100 0.75 4 600 209 610 536 155 102 50 65
11 5 5 1 100 0.75 4 601 218 621 551 161 102 50 72
11 5 5 1 100 0.75 4 602 224 630 556 169 104 52 77
11 5 5 1 100 0.75 4 603 232 638 560 172 107 55 80
11 5 5 1 100 0.75 4 604 238 645 572 176 111 59 80
11 5 5 1 100 0.75 4 605 256 654 567 181 113 61 87
11 5 5 1 100 0.75 4 606 268 658 566 192 120 68 83
11 5 5 1 100 0.75 4 607 276 667 574 203 122 70 86
11 5 5 1 100 0.75 4 608 289 676 583 210 124 72 91
11 5 5 1 100 0.75 4 609 301 683 576 219 128 76 92
11 5 5 1 100 0.75 4 610 311 687 581 224 135 83 89
11 5 5 1 100 0.75 4 611 319 692 576 229 141 89 85
11 5 5 1 100 0.75 4 612 331 698 581 233 146 94 93
11 5 5 1 100 0.75 4 613 351 703 580 241 152 100 99
11 5 5 1 100 0.75 4 614 356 710 594 258 156 104 105
11 5 5 1 100 0.75 4 615 368 721 600 263 156 104 113
11 5 5 1 100 0.75 4 616 387 728 602 273 160 108 124
11 5 5 1 100 0.75 4 617 398 736 603 289 163 111 126
11 5 5 1 100 0.75 4 618 412 738 605 292 172 120 124
11 5 5 1 100 0.75 4 619 424 743 604 301 178 126 127
11 5 5 1 100 0.75 4 620 441 744 601 303 188 136 127
11 5 5 1 100 0.75 4 621 457 750 603 316 193 141 136
11 5 5 1 100 0.75 4 622 469 755 599 328 199 147 133
11 5 5 1 100 0.75 4 623 486 763 609 340 202 150 142
11 5 5 1 100 0.75 4 624 507 770 603 355 206 154 152
11 5 5 1 100 0.75 4 625 522 776 605 372 211 159 156
11 5 5 1 100 0.75 4 626 530 784 614 385 214 162 161
11 5 5 1 100 0.75 4 627 545 787 606 385 222 170 166
11 5 5 1 100 0.75 4 628 560 793 621 397 227 175 172
11 5 5 1 100 0.75 4 629 578 794 613 406 237 185 174
11 5 5 1 100 0.75 4 630 589 798 612 420 244 192 184
11 5 5 1 100 0.75 4 631 608 795 600 420 258 206 188
11 5 5 1 100 0.75 4 632 627 792 589 432 272 220 189
11 5 5 1 100 0.75 4 633 642 795 580 447 279 228 188
11 5 5 1 100 0.75 4 634 657 804 587 462 281 230 198
11 5 5 1 100 0.75 4 635 668 806 578 476 290 239 198
11 5 5 1 100 0.75 4 636 684 808 567 487 298 248 208
11 5 5 1 100 0.75 4 637 698 809 571 500 308 258 212
11 5 5 1 100 0.75 4 638 711 805 559 504 323 273 210
11 5 5 1 100 0.75 4 639 729 807 554 513 332 282 216
11 5 5 1 100 0.75 4 640 744 810 561 534 340 290 228
11 5 5 1 100 0.75 4 641 759 812 555 541 349 299 233
11 5 5 1 100 0.75 4 642 772 811 543 552 361 311 236
11 5 5 1 100 0.75 4 643 784 810 537 560 373 323 236
11 5 5 1 100 0.75 4 644 796 811 513 570 382 333 245
11 5 5 1 100 0.75 4 645 807 813 531 579 391 342 248
11 5 5 1 100 0.75 4 646 826 815 525 590 400 351 255
11 5 5 1 100 0.75 4 647 837 808 518 594 418 369 251
11 5 5 1 100 0.75 4 648 847 806 510 604 430 382 254
11 5 5 1 100 0.75 4 649 863 800 496 602 447 399 250
11 5 5 1 100 0.75 4 650 872 798 482 614 460 412 250
11 5 5 1 100 0.75 4 651 879 796 488 618 473 425 248
11 5 5 1 100 0.75 4 652 891 793 468 622 485 439 249
11 5 5 1 100 0.75 4 653 899 796 459 634 493 447 255
11 5 5 1 100 0.75 4 654 913 796 460 639 504 458 261
11 5 5 1 100 0.75 4 655 919 791 455 645 520 474 260
11 5 5 1 100 0.75 4 656 929 783 449 638 539 493 257
11 5 5 1 100 0.75 4 657 937 779 429 639 554 508 256
11 5 5 1 100 0.75 4 658 946 778 421 644 565 520 253
11 5 5 1 100 0.75 4 659 953 771 416 646 582 538 249
11 5 5 1 100 0.75 4 660 957 766 406 645 598 554 246
11 5 5 1 100 0.75 4 661 969 764 407 649 611 567 250
11 5 5 1 100 0.75 4 662 974 755 380 646 629 587 238
11 5 5 1 100 0.75 4 663 978 753 387 649 641 600 236
11 5 5 1 100 0.75 4 664 986 751 374 648 654 613 234
11 5 5 1 100 0.75 4 665 990 747 361 651 669 628 229
11 5 5 1 100 0.75 4 666 997 742 365 648 685 644 230
11 5 5 1 100 0.75 4 667 997 739 333 653 698 658 225
11 5 5 1 100 0.75 4 668 999 734 359 647 714 674 224
11 5 5 1 100 0.75 4 669 1001 734 336 646 725 685 228
11 5 5 1 100 0.75 4 670 1002 731 326 643 739 699 221
11 5 5 1 100 0.75 4 671 1005 722 320 636 759 719 212
11 5 5 1 100 0.75 4 672 1006 725 322 642 767 727 212
11 5 5 1 100 0.75 4 673 1006 720 321 637 782 743 209
11 5 5 1 100 0.75 4 674 1006 716 300 631 797 758 204
11 5 5 1 100 0.75 4 675 1008 708 289 626 816 777 192
11 5 5 1 100 0.75 4 676 1008 712 289 629 823 784 194
11 5 5 1 100 0.75 4 677 1009 715 296 632 831 792 200
11 5 5 1 100 0.75 4 678 1009 718 303 637 839 800 201
11 5 5 1 100 0.75 4 679 1010 720 284 638 848 809 201
11 5 5 1 100 0.75 4 680 1012 712 287 629 866 828 185
11 5 5 1 100 0.75 4 681 1013 709 285 625 880 842 180
11 5 5 1 100 0.75 4 682 1013 705 275 623 895 857 175
11 5 5 1 100 0.75 4 683 1013 700 266 619 910 873 167
11 5 5 1 100 0.75 4 684 1015 698 266 615 923 886 162
11 5 5 1 100 0.75 4 685 1016 698 266 616 934 897 160
11 5 5 1 100 0.75 4 686 1016 700 253 616 943 906 160
11 5 5 1 100 0.75 4 687 1017 701 261 619 953 916 157
11 5 5 1 100 0.75 4 688 1018 699 246 615 965 929 150
11 5 5 1 100 0.75 4 689 1018 698 247 612 974 941 147
11 5 5 1 100 0.75 4 690 1019 704 237 622 979 946 147
11 5 5 1 100 0.75 4 690 1019 704 704 622 1118 946 147
11 5 5 1 100 0.75 4 720 1019 704 704 622 54 946 147
11 5 5 1 100 0.75 5 721 0 11 11 0 54 0 0
11 5 5 1 100 0.75 5 722 0 22 22 0 54 0 0
11 5 5 1 100 0.75 5 723 0 33 33 0 54 0 0
11 5 5 1 100 0.75 5 724 0 44 44 0 54 0 0
11 5 5 1 100 0.75 5 725 0 55 55 0 54 0 0
11 5 5 1 100 0.75 5 726 0 66 66 0 54 0 0
11 5 5 1 100 0.75 5 727 0 77 77 0 54 0 0
11 5 5 1 100 0.75 5 728 0 88 88 0 54 0 0
11 5 5 1 100 0.75 5 729 0 99 99 0 54 0 0
11 5 5 1 100 0.75 5 730 0 110 110 0 54 0 0
11 5 5 1 100 0.75 5 731 3 121 118 0 54 0 0
11 5 5 1 100 0.75 5 732 5 132 125 3 54 0 0
11 5 5 1 100 0.75 5 733 6 143 135 5 54 0 0
11 5 5 1 100 0.75 5 734 7 154 145 6 54 0 0
11 5 5 1 100 0.75 5 735 11 165 150 7 54 0 0
11 5 5 1 100 0.75 5 736 12 176 164 11 54 0 0
11 5 5 1 100 0.75 5 737 14 187 173 12 54 0 0
11 5 5 1 100 0.75 5 738 17 198 181 14 54 0 2
11 5 5 1 100 0.75 5 739 20 209 192 17 54 0 3
11 5 5 1 100 0.75 5 740 22 220 203 20 54 0 4
11 5 5 1 100 0.75 5 741 24 231 209 22 54 0 4
11 5 5 1 100 0.75 5 742 28 242 221 24 54 0 8
11 5 5 1 100 0.75 5 743 30 253 229 28 54 0 9
11 5 5 1 100 0.75 5 744 33 264 240 30 54 0 10
11 5 5 1 100 0.75 5 745 34 275 253 33 54 0 12
11 5 5 1 100 0.75 5 746 37 286 260 34 54 0 14
11 5 5 1 100 0.75 5 747 39 297 273 37 54 0 18
11 5 5 1 100 0.75 5 748 43 308 280 39 54 0 20
11 5 5 1 100 0.75 5 749 47 319 290 43 54 0 23
11 5 5 1 100 0.75 5 750 50 330 302 47 54 0 24
11 5 5 1 100 0.75 5 751 53 341 312 50 54 0 25
11 5 5 1 100 0.75 5 752 60 352 320 53 54 0 27
11 5 5 1 100 0.75 5 753 62 363 329 60 54 0 29
11 5 5 1 100 0.75 5 754 70 374 337 62 54 0 31
11 5 5 1 100 0.75 5 755 70 384 350 69 55 1 32
11 5 5 1 100 0.75 5 756 80 393 353 67 57 3 36
11 5 5 1 100 0.75 5 757 83 403 360 76 58 4 35
11 5 5 1 100 0.75 5 758 85 413 373 78 59 5 37
11 5 5 1 100 0.75 5 759 87 422 383 78 61 7 38
11 5 5 1 100 0.75 5 760 92 431 391 78 63 9 41
11 5 5 1 100 0.75 5 761 99 440 397 81 65 11 41
11 5 5 1 100 0.75 5 762 103 450 410 87 66 12 44
11 5 5 1 100 0.75 5 763 111 459 412 89 68 14 46
11 5 5 1 100 0.75 5 764 121 469 422 96 69 15 50
11 5 5 1 100 0.75 5 765 127 478 424 104 71 17 48
11 5 5 1 100 0.75 5 766 132 484 432 105 76 22 45
11 5 5 1 100 0.75 5 767 135 494 440 109 77 23 45
11 5 5 1 100 0.75 5 768 138 503 453 110 79 25 49
11 5 5 1 100 0.75 5 769 141 514 462 113 79 25 51
11 5 5 1 100 0.75 5 770 149 522 468 113 82 28 52
11 5 5 1 100 0.75 5 771 159 531 475 120 84 30 57
11 5 5 1 100 0.75 5 772 165 540 483 128 86 32 63
11 5 5 1 100 0.75 5 773 174 550 488 133 87 33 66
11 5 5 1 100 0.75 5 774 177 556 493 137 92 38 64
11 5 5 1 100 0.75 5 775 185 563 494 136 96 42 61
11 5 5 1 100 0.75 5 776 189 571 502 141 99 45 61
11 5 5 1 100 0.75 5 777 199 578 504 141 103 49 61
11 5 5 1 100 0.75 5 778 208 586 511 149 106 52 66
11 5 5 1 100 0.75 5 779 216 591 514 152 112 58 68
11 5 5 1 100 0.75 5 780 225 602 520 161 112 58 70
11 5 5 1 100 0.75 5 781 234 607 525 164 118 64 69
11 5 5 1 100 0.75 5 782 242 617 531 172 119 65 74
11 5 5 1 100 0.75 5 783 246 627 542 179 119 66 76
11 5 5 1 100 0.75 5 784 253 634 545 182 123 70 78
11 5 5 1 100 0.75 5 785 258 641 552 186 127 74 83
11 5 5 1 100 0.75 5 786 271 648 550 189 131 78 87
11 5 5 1 100 0.75 5 787 281 655 562 201 135 82 90
11 5 5 1 100 0.75 5 788 294 663 566 208 138 85 95
11 5 5 1 100 0.75 5 789 301 670 565 218 142 89 95
11 5 5 1 100 0.75 5 790 313 679 572 223 144 91 101
11 5 5 1 100 0.75 5 791 321 685 577 230 149 96 102
11 5 5 1 100 0.75 5 792 331 692 578 235 153 100 102
11 5 5 1 100 0.75 5 793 343 698 577 241 158 105 106
11 5 5 1 100 0.75 5 794 352 704 592 249 163 110 113
11 5 5 1 100 0.75 5 795 369 711 588 255 167 114 116
11 5 5 1 100 0.75 5 796 383 715 590 266 174 121 122
11 5 5 1 100 0.75 5 797 395 719 591 277 181 128 125
11 5 5 1 100 0.75 5 798 404 727 586 286 184 131 127
11 5 5 1 100 0.75 5 799 416 735 595 295 187 134 135
11 5 5 1 100 0.75 5 800 429 742 599 303 191 138 139
11 5 5 1 100 0.75 5 801 440 744 592 307 199 147 135
11 5 5 1 100 0.75 5 802 451 748 600 313 206 154 145
11 5 5 1 100 0.75 5 803 467 756 604 323 209 157 153
11 5 5 1 100 0.75 5 804 484 762 610 335 214 162 158
11 5 5 1 100 0.75 5 805 498 759 592 340 228 176 156
11 5 5 1 100 0.75 5 806 512 764 586 351 234 182 158
11 5 5 1 100 0.75 5 807 525 764 584 361 245 193 160
11 5 5 1 100 0.75 5 808 540 771 588 373 249 197 160
11 5 5 1 100 0.75 5 809 554 776 577 389 255 203 168
11 5 5 1 100 0.75 5 810 565 777 584 399 265 213 168
11 5 5 1 100 0.75 5 811 583 782 583 407 271 219 172
11 5 5 1 100 0.75 5 812 599 787 581 419 277 225 182
11 5 5 1 100 0.75 5 813 611 789 570 428 286 234 186
11 5 5 1 100 0.75 5 814 631 791 568 434 295 243 194
11 5 5 1 100 0.75 5 815 651 796 563 453 301 249 204
11 5 5 1 100 0.75 5 816 667 799 576 472 308 257 210
11 5 5 1 100 0.75 5 817 682 798 556 480 320 269 213
11 5 5 1 100 0.75 5 818 694 800 561 492 329 278 212
11 5 5 1 100 0.75 5 819 709 797 544 496 343 292 216
11 5 5 1 100 0.75 5 820 724 793 532 504 358 307 215
11 5 5 1 100 0.75 5 821 742 791 524 512 371 320 217
11 5 5 1 100 0.75 5 822 756 796 524 528 377 326 227
11 5 5 1 100 0.75 5 823 776 797 511 541 386 336 233
11 5 5 1 100 0.75 5 824 789 792 508 551 402 352 231
11 5 5 1 100 0.75 5 825 809 792 485 560 413 363 232
11 5 5 1 100 0.75 5 826 824 796 489 582 420 370 238
11 5 5 1 100 0.75 5 827 839 801 488 594 426 376 251
11 5 5 1 100 0.75 5 828 853 805 490 614 432 383 257
11 5 5 1 100 0.75 5 829 868 803 483 623 445 396 259
11 5 5 1 100 0.75 5 830 881 796 470 629 463 414 260
11 5 5 1 100 0.75 5 831 895 793 446 635 476 428 263
11 5 5 1 100 0.75 5 832 908 789 461 642 491 443 269
11 5 5 1 100 0.75 5 833 916 785 440 648 506 458 274
11 5 5 1 100 0.75 5 834 929 787 445 654 515 467 281
11 5 5 1 100 0.75 5 835 941 786 433 662 527 479 283
11 5 5 1 100 0.75 5 836 950 777 417 660 547 499 279
11 5 5 1 100 0.75 5 837 955 768 405 658 567 519 278
11 5 5 1 100 0.75 5 838 965 763 392 654 582 535 278
11 5 5 1 100 0.75 5 839 969 762 391 660 594 547 280
11 5 5 1 100 0.75 5 840 974 763 394 668 604 557 291
11 5 5 1 100 0.75 5 841 982 759 384 664 619 572 290
11 5 5 1 100 0.75 5 842 985 753 371 662 636 589 286
11 5 5 1 100 0.75 5 843 993 755 371 667 645 598 289
11 5 5 1 100 0.75 5 844 993 749 372 665 661 615 283
11 5 5 1 100 0.75 5 845 994 746 354 660 674 629 282
11 5 5 1 100 0.75 5 846 998 746 367 661 685 640 287
11 5 5 1 100 0.75 5 847 998 738 344 654 703 659 279
11 5 5 1 100 0.75 5 848 999 724 335 638 727 684 263
11 5 5 1 100 0.75 5 849 1000 720 339 634 742 699 256
11 5 5 1 100 0.75 5 850 1000 713 324 627 760 717 250
11 5 5 1 100 0.75 5 851 1003 706 312 621 778 735 243
11 5 5 1 100 0.75 5 852 1003 701 287 618 794 751 235
11 5 5 1 100 0.75 5 853 1003 694 283 607 812 769 225
11 5 5 1 100 0.75 5 854 1005 692 282 612 825 782 222
11 5 5 1 100 0.75 5 855 1006 687 268 604 840 798 213
11 5 5 1 100 0.75 5 856 1006 680 274 595 857 816 205
11 5 5 1 100 0.75 5 857 1006 669 255 581 879 838 194
11 5 5 1 100 0.75 5 858 1007 667 258 580 890 851 190
11 5 5 1 100 0.75 5 859 1007 668 258 584 900 861 189
11 5 5 1 100 0.75 5 860 1008 666 253 584 911 874 185
11 5 5 1 100 0.75 5 861 1009 669 234 585 919 882 186
11 5 5 1 100 0.75 5 862 1009 656 230 572 943 906 172
11 5 5 1 100 0.75 5 863 1009 655 233 575 955 918 166
11 5 5 1 100 0.75 5 864 1011 651 226 569 969 933 158
11 5 5 1 100 0.75 5 865 1011 651 221 570 980 944 162
11 5 5 1 100 0.75 5 866 1013 651 224 566 990 955 162
11 5 5 1 100 0.75 5 867 1013 656 209 572 996 961 162
11 5 5 1 100 0.75 5 868 1014 658 217 577 1004 970 164
11 5 5 1 100 0.75 5 869 1014 658 211 576 1015 981 167
11 5 5 1 100 0.75 5 870 1014 654 219 570 1029 996 158
11 5 5 1 100 0.75 5 870 1014 654 654 570 1184 996 158
11 5 5 1 100 0.75 5 900 1014 654 654 570 54 996 158
11 5 5 1 100 0.75 6 901 0 11 11 0 54 0 0
11 5 5 1 100 0.75 6 902 0 22 22 0 54 0 0
11 5 5 1 100 0.75 6 903 0 33 33 0 54 0 0
11 5 5 1 100 0.75 6 904 0 44 44 0 54 0 0
11 5 5 1 100 0.75 6 905 0 55 55 0 54 0 0
11 5 5 1 100 0.75 6 906 0 66 66 0 54 0 0
11 5 5 1 100 0.75 6 907 0 77 77 0 54 0 0
11 5 5 1 100 0.75 6 908 0 88 88 0 54 0 0
11 5 5 1 100 0.75 6 909 1 99 97 0 54 0 0
11 5 5 1 100 0.75 6 910 2 110 108 1 54 0 0
11 5 5 1 100 0.75 6 911 3 121 118 2 54 0 0
11 5 5 1 100 0.75 6 912 4 132 128 3 54 0 0
11 5 5 1 100 0.75 6 913 6 143 137 4 54 0 0
11 5 5 1 100 0.75 6 914 7 154 146 6 54 0 0
11 5 5 1 100 0.75 6 915 9 165 155 7 54 0 0
11 5 5 1 100 0.75 6 916 11 176 163 9 54 0 1
11 5 5 1 100 0.75 6 917 14 187 173 11 54 0 2
11 5 5 1 100 0.75 6 918 14 198 185 14 54 0 2
11 5 5 1 100 0.75 6 919 16 209 195 14 54 0 4
11 5 5 1 100 0.75 6 920 18 220 204 16 54 0 4
11 5 5 1 100 0.75 6 921 23 231 214 18 54 0 5
11 5 5 1 100 0.75 6 922 25 242 224 23 54 0 6
11 5 5 1 100 0.75 6 923 27 253 234 25 54 0 8
11 5 5 1 100 0.75 6 924 29 264 246 27 54 0 11
11 5 5 1 100 0.75 6 925 32 275 254 29 54 0 12
11 5 5 1 100 0.75 6 926 35 286 263 32 54 0 13
11 5 5 1 100 0.75 6 927 37 297 277 35 54 0 15
11 5 5 1 100 0.75 6 928 40 308 282 37 54 0 17
11 5 5 1 100 0.75 6 929 40 319 299 40 54 0 19
11 5 5 1 100 0.75 6 930 47 330 306 40 54 0 21
11 5 5 1 100 0.75 6 931 51 340 313 46 55 1 22
11 5 5 1 100 0.75 6 932 51 351 326 50 55 1 23
11 5 5 1 100 0.75 6 933 55 361 338 49 56 2 25
11 5 5 1 100 0.75 6 934 61 371 342 52 57 3 24
11 5 5 1 100 0.75 6 935 66 382 351 58 57 3 26
11 5 5 1 100 0.75 6 936 71 393 359 63 57 3 26
11 5 5 1 100 0.75 6 937 74 403 368 67 58 4 26
11 5 5 1 100 0.75 6 938 79 413 378 69 59 5 30
11 5 5 1 100 0.75 6 939 84 423 387 73 60 6 31
11 5 5 1 100 0.75 6 940 87 433 397 77 61 7 32
11 5 5 1 100 0.75 6 941 91 441 401 77 64 10 31
11 5 5 1 100 0.75 6 942 95 450 409 79 66 12 33
11 5 5 1 100 0.75 6 943 101 461 421 83 66 12 39
11 5 5 1 100 0.75 6 944 107 469 424 86 69 15 39
11 5 5 1 100 0.75 6 945 113 480 435 92 69 15 42
11 5 5 1 100 0.75 6 946 118 486 440 93 74 20 40
11 5 5 1 100 0.75 6 947 128 495 444 96 76 22 42
11 5 5 1 100 0.75 6 948 133 505 452 105 77 23 43
11 5 5 1 100 0.75 6 949 138 515 459 109 78 24 45
11 5 5 1 100 0.75 6 950 145 524 470 112 80 26 47
11 5 5 1 100 0.75 6 951 154 535 477 120 80 26 53
11 5 5 1 100 0.75 6 952 157 546 490 129 80 26 57
11 5 5 1 100 0.75 6 953 170 554 493 129 83 29 58
11 5 5 1 100 0.75 6 954 174 564 507 141 84 30 62
11 5 5 1 100 0.75 6 955 175 571 514 141 88 34 62
11 5 5 1 100 0.75 6 956 179 581 522 142 89 35 65
11 5 5 1 100 0.75 6 957 187 590 531 145 91 37 72
11 5 5 1 100 0.75 6 958 196 597 535 149 95 41 74
11 5 5 1 100 0.75 6 959 202 605 537 155 98 44 78
11 5 5 1 100 0.75 6 960 212 615 549 160 99 45 84
11 5 5 1 100 0.75 6 961 224 619 544 164 106 52 84
11 5 5 1 100 0.75 6 962 230 626 548 172 110 56 80
11 5 5 1 100 0.75 6 963 238 634 554 175 113 59 80
11 5 5 1 100 0.75 6 964 248 641 555 181 117 63 80
11 5 5 1 100 0.75 6 965 262 647 556 186 122 68 83
11 5 5 1 100 0.75 6 966 270 656 565 199 124 70 84
11 5 5 1 100 0.75 6 967 279 666 576 207 125 71 92
11 5 5 1 100 0.75 6 968 292 673 571 212 129 75 97
11 5 5 1 100 0.75 6 969 304 679 576 220 134 80 102
11 5 5 1 100 0.75 6 970 311 690 585 234 134 80 109
11 5 5 1 100 0.75 6 971 321 693 583 234 142 88 105
11 5 5 1 100 0.75 6 972 329 697 587 238 149 95 107
11 5 5 1 100 0.75 6 973 345 706 594 246 151 97 114
11 5 5 1 100 0.75 6 974 354 707 585 255 161 107 107
11 5 5 1 100 0.75 6 975 374 710 571 258 169 115 105
11 5 5 1 100 0.75 6 976 386 713 582 272 177 123 106
11 5 5 1 100 0.75 6 977 393 720 588 281 181 127 107
11 5 5 1 100 0.75 6 978 406 725 576 282 187 133 112
11 5 5 1 100 0.75 6 979 416 734 592 297 189 135 117
11 5 5 1 100 0.75 6 980 433 745 595 308 188 135 129
11 5 5 1 100 0.75 6 981 449 752 595 324 192 139 136
11 5 5 1 100 0.75 6 982 461 762 605 343 193 140 148
11 5 5 1 100 0.75 6 983 470 768 610 351 198 145 153
11 5 5 1 100 0.75 6 984 483 770 608 351 207 154 153
11 5 5 1 100 0.75 6 985 495 767 597 353 221 168 147
11 5 5 1 100 0.75 6 986 510 771 595 361 228 175 150
11 5 5 1 100 0.75 6 987 520 775 595 374 235 182 150
11 5 5 1 100 0.75 6 988 538 780 599 381 241 188 161
11 5 5 1 100 0.75 6 989 548 784 608 396 248 195 169
11 5 5 1 100 0.75 6 990 564 787 596 402 256 203 169
11 5 5 1 100 0.75 6 991 576 792 592 414 262 209 170
11 5 5 1 100 0.75 6 992 591 795 595 420 270 217 176
11 5 5 1 100 0.75 6 993 607 799 588 432 277 224 182
11 5 5 1 100 0.75 6 994 623 803 589 445 284 231 188
11 5 5 1 100 0.75 6 995 635 802 575 454 296 243 191
11 5 5 1 100 0.75 6 996 653 803 569 459 305 253 194
11 5 5 1 100 0.75 6 997 670 806 571 473 313 261 197
11 5 5 1 100 0.75 6 998 681 808 562 490 322 270 203
11 5 5 1 100 0.75 6 999 698 807 555 495 333 282 202
11 5 5 1 100 0.75 6 1000 710 809 561 509 342 291 211
11 5 5 1 100 0.75 6 1001 722 810 548 516 352 301 213
11 5 5 1 100 0.75 6 1002 737 809 540 522 364 313 216
11 5 5 1 100 0.75 6 1003 755 812 549 536 372 321 222
11 5 5 1 100 0.75 6 1004 764 807 535 543 388 337 229
11 5 5 1 100 0.75 6 1005 777 809 540 547 397 346 233
11 5 5 1 100 0.75 6 1006 797 811 519 559 406 355 243
11 5 5 1 100 0.75 6 1007 814 810 518 571 418 367 243
11 5 5 1 100 0.75 6 1008 824 807 501 578 432 381 242
11 5 5 1 100 0.75 6 1009 837 810 515 588 440 389 249
11 5 5 1 100 0.75 6 1010 856 810 501 596 451 400 260
11 5 5 1 100 0.75 6 1011 870 807 486 603 465 414 259
11 5 5 1 100 0.75 6 1012 874 806 481 612 477 426 262
11 5 5 1 100 0.75 6 1013 880 803 482 616 491 440 260
11 5 5 1 100 0.75 6 1014 892 803 470 621 502 451 269
11 5 5 1 100 0.75 6 1015 902 799 468 631 517 466 273
11 5 5 1 100 0.75 6 1016 910 797 450 637 528 479 275
11 5 5 1 100 0.75 6 1017 921 792 450 637 544 495 275
11 5 5 1 100 0.75 6 1018 927 795 439 647 552 503 284
11 5 5 1 100 0.75 6 1019 936 791 442 646 567 518 283
11 5 5 1 100 0.75 6 1020 944 787 413 648 581 533 283
11 5 5 1 100 0.75 6 1021 953 771 413 640 608 560 270
11 5 5 1 100 0.75 6 1022 959 772 407 644 618 570 279
11 5 5 1 100 0.75 6 1023 966 766 399 642 635 587 272
11 5 5 1 100 0.75 6 1024 973 761 389 640 651 603 269
11 5 5 1 100 0.75 6 1025 979 759 399 642 664 616 263
11 5 5 1 100 0.75 6 1026 983 755 383 647 678 631 260
11 5 5 1 100 0.75 6 1027 988 749 356 641 695 648 259
11 5 5 1 100 0.75 6 1028 989 747 365 645 708 661 254
11 5 5 1 100 0.75 6 1029 996 741 337 641 725 678 245
11 5 5 1 100 0.75 6 1030 998 730 317 636 746 700 235
11 5 5 1 100 0.75 6 1031 1001 726 318 633 761 715 236
11 5 5 1 100 0.75 6 1032 1005 721 322 628 777 731 233
11 5 5 1 100 0.75 6 1033 1007 715 295 627 794 748 222
11 5 5 1 100 0.75 6 1034 1009 714 300 627 803 760 224
11 5 5 1 100 0.75 6 1035 1010 708 287 622 820 777 218
11 5 5 1 100 0.75 6 1036 1012 707 289 623 832 789 220
11 5 5 1 100 0.75 6 1037 1013 708 273 624 841 799 216
11 5 5 1 100 0.75 6 1038 1014 696 284 613 864 822 207
11 5 5 1 100 0.75 6 1039 1014 689 268 604 880 840 200
11 5 5 1 100 0.75 6 1040 1015 692 277 611 888 848 199
11 5 5 1 100 0.75 6 1041 1017 686 270 604 904 865 189
11 5 5 1 100 0.75 6 1042 1017 684 255 601 917 878 187
11 5 5 1 100 0.75 6 1043 1018 685 265 605 927 888 186
11 5 5 1 100 0.75 6 1044 1018 681 248 599 942 903 182
11 5 5 1 100 0.75 6 1045 1018 678 238 597 956 917 177
11 5 5 1 100 0.75 6 1046 1018 681 219 600 964 925 177
11 5 5 1 100 0.75 6 1047 1018 687 249 601 969 930 181
11 5 5 1 100 0.75 6 1048 1019 687 242 604 979 941 177
11 5 5 1 100 0.75 6 1049 1019 683 243 603 994 956 170
11 5 5 1 100 0.75 6 1050 1019 681 233 599 1007 969 166
11 5 5 1 100 0.75 6 1050 1019 681 681 599 1170 969 166
11 5 5 1 100 0.75 6 1080 1019 681 681 599 54 969 166
11 5 5 1 100 0.75 7 1081 0 11 11 0 54 0 0
11 5 5 1 100 0.75 7 1082 0 22 22 0 54 0 0
11 5 5 1 100 0.75 7 1083 0 33 33 0 54 0 0
11 5 5 1 100 0.75 7 1084 0 44 44 0 54 0 0
11 5 5 1 100 0.75 7 1085 0 55 55 0 54 0 0
11 5 5 1 100 0.75 7 1086 0 66 66 0 54 0 0
11 5 5 1 100 0.75 7 1087 0 77 77 0 54 0 0
11 5 5 1 100 0.75 7 1088 0 88 88 0 54 0 0
11 5 5 1 100 0.75 7 1089 0 99 99 0 54 0 0
11 5 5 1 100 0.75 7 1090 3 110 106 0 54 0 0
11 5 5 1 100 0.75 7 1091 4 121 117 3 54 0 0
11 5 5 1 100 0.75 7 1092 6 132 125 4 54 0 0
11 5 5 1 100 0.75 7 1093 6 143 137 6 54 0 0
11 5 5 1 100 0.75 7 1094 8 154 145 6 54 0 0
11 5 5 1 100 0.75 7 1095 10 165 153 8 54 0 0
11 5 5 1 100 0.75 7 1096 11 176 164 10 54 0 0
11 5 5 1 100 0.75 7 1097 13 187 174 11 54 0 2
11 5 5 1 100 0.75 7 1098 17 198 183 13 54 0 2
11 5 5 1 100 0.75 7 1099 17 209 192 17 54 0 3
11 5 5 1 100 0.75 7 1100 20 220 203 17 54 0 4
11 5 5 1 100 0.75 7 1101 25 231 212 20 54 0 6
11 5 5 1 100 0.75 7 1102 28 242 220 25 54 0 8
11 5 5 1 100 0.75 7 1103 29 253 232 28 54 0 8
11 5 5 1 100 0.75 7 1104 32 264 242 29 54 0 10
11 5 5 1 100 0.75 7 1105 36 275 251 32 54 0 11
11 5 5 1 100 0.75 7 1106 37 286 262 36 54 0 13
11 5 5 1 100 0.75 7 1107 39 297 271 37 53 0 14
11 5 5 1 100 0.75 7 1108 42 308 283 39 53 0 16
11 5 5 1 100 0.75 7 1109 47 319 293 42 53 0 19
11 5 5 1 100 0.75 7 1110 50 330 302 47 53 0 19
11 5 5 1 100 0.75 7 1111 54 341 310 50 53 0 20
11 5 5 1 100 0.75 7 1112 57 351 320 53 54 1 24
11 5 5 1 100 0.75 7 1113 60 362 333 56 54 1 26
11 5 5 1 100 0.75 7 1114 64 373 338 59 54 1 27
11 5 5 1 100 0.75 7 1115 67 383 349 62 55 2 29
11 5 5 1 100 0.75 7 1116 70 394 360 65 55 2 30
11 5 5 1 100 0.75 7 1117 76 403 368 66 57 4 35
11 5 5 1 100 0.75 7 1118 83 412 374 70 59 6 34
11 5 5 1 100 0.75 7 1119 85 422 385 76 60 7 36
11 5 5 1 100 0.75 7 1120 88 433 394 78 60 7 38
11 5 5 1 100 0.75 7 1121 90 442 406 79 62 9 39
11 5 5 1 100 0.75 7 1122 93 453 414 81 62 9 40
11 5 5 1 100 0.75 7 1123 99 459 416 79 67 14 38
11 5 5 1 100 0.75 7 1124 102 469 427 84 68 15 41
11 5 5 1 100 0.75 7 1125 107 479 441 86 69 16 44
11 5 5 1 100 0.75 7 1126 114 490 443 91 69 16 47
11 5 5 1 100 0.75 7 1127 115 496 449 93 74 21 43
11 5 5 1 100 0.75 7 1128 124 507 458 94 74 21 46
11 5 5 1 100 0.75 7 1129 130 516 467 101 76 23 46
11 5 5 1 100 0.75 7 1130 136 525 470 105 78 25 47
11 5 5 1 100 0.75 7 1131 143 532 473 108 82 29 44
11 5 5 1 100 0.75 7 1132 148 539 479 111 86 33 44
11 5 5 1 100 0.75 7 1133 154 548 487 115 88 35 47
11 5 5 1 100 0.75 7 1134 158 557 494 120 90 37 46
11 5 5 1 100 0.75 7 1135 163 567 498 123 91 38 47
11 5 5 1 100 0.75 7 1136 172 576 509 127 93 40 52
11 5 5 1 100 0.75 7 1137 180 584 514 134 96 43 54
11 5 5 1 100 0.75 7 1138 187 592 520 139 98 46 56
11 5 5 1 100 0.75 7 1139 194 600 527 143 101 49 59
11 5 5 1 100 0.75 7 1140 196 610 539 149 102 50 62
11 5 5 1 100 0.75 7 1141 204 618 543 148 105 53 64
11 5 5 1 100 0.75 7 1142 211 627 550 155 107 55 66
11 5 5 1 100 0.75 7 1143 218 636 560 160 108 57 68
11 5 5 1 100 0.75 7 1144 229 640 560 160 115 64 69
11 5 5 1 100 0.75 7 1145 241 649 566 169 117 66 74
11 5 5 1 100 0.75 7 1146 250 659 567 180 118 67 77
11 5 5 1 100 0.75 7 1147 260 667 574 188 121 70 78
11 5 5 1 100 0.75 7 1148 265 676 581 196 123 72 80
11 5 5 1 100 0.75 7 1149 274 686 589 201 124 73 84
11 5 5 1 100 0.75 7 1150 279 694 598 207 127 76 86
11 5 5 1 100 0.75 7 1151 290 701 602 209 131 80 90
11 5 5 1 100 0.75 7 1152 305 707 598 215 136 85 93
11 5 5 1 100 0.75 7 1153 318 713 610 226 141 90 97
11 5 5 1 100 0.75 7 1154 328 721 608 236 144 93 101
11 5 5 1 100 0.75 7 1155 339 727 614 241 149 98 103
11 5 5 1 100 0.75 7 1156 351 732 609 246 155 104 104
11 5 5 1 100 0.75 7 1157 359 738 614 254 160 109 102
11 5 5 1 100 0.75 7 1158 373 743 613 256 166 115 102
11 5 5 1 100 0.75 7 1159 388 749 619 267 171 120 110
11 5 5 1 100 0.75 7 1160 399 752 614 275 179 128 109
11 5 5 1 100 0.75 7 1161 413 760 614 289 182 131 118
11 5 5 1 100 0.75 7 1162 422 768 624 301 185 134 120
11 5 5 1 100 0.75 7 1163 437 774 622 307 190 139 125
11 5 5 1 100 0.75 7 1164 450 777 620 316 198 147 127
11 5 5 1 100 0.75 7 1165 461 784 628 330 202 151 132
11 5 5 1 100 0.75 7 1166 475 792 635 340 205 154 145
11 5 5 1 100 0.75 7 1167 489 797 631 349 211 160 150
11 5 5 1 100 0.75 7 1168 508 806 635 362 213 162 160
11 5 5 1 100 0.75 7 1169 520 808 638 378 222 171 160
11 5 5 1 100 0.75 7 1170 533 810 631 384 231 180 160
11 5 5 1 100 0.75 7 1171 555 815 635 394 237 186 170
11 5 5 1 100 0.75 7 1172 567 816 621 409 247 196 171
11 5 5 1 100 0.75 7 1173 582 818 628 413 256 205 174
11 5 5 1 100 0.75 7 1174 595 823 617 429 262 211 180
11 5 5 1 100 0.75 7 1175 620 827 616 437 269 218 191
11 5 5 1 100 0.75 7 1176 633 831 611 459 276 225 197
11 5 5 1 100 0.75 7 1177 645 833 620 469 285 234 207
11 5 5 1 100 0.75 7 1178 660 836 605 477 293 242 206
11 5 5 1 100 0.75 7 1179 682 833 590 488 307 256 212
11 5 5 1 100 0.75 7 1180 694 836 592 508 315 264 214
11 5 5 1 100 0.75 7 1181 707 834 580 512 328 277 215
11 5 5 1 100 0.75 7 1182 725 836 583 524 337 286 226
11 5 5 1 100 0.75 7 1183 743 835 561 534 349 298 229
11 5 5 1 100 0.75 7 1184 760 834 559 549 361 310 231
11 5 5 1 100 0.75 7 1185 772 840 556 569 366 315 235
11 5 5 1 100 0.75 7 1186 786 840 559 574 377 326 243
11 5 5 1 100 0.75 7 1187 802 835 547 579 393 342 244
11 5 5 1 100 0.75 7 1188 819 836 543 589 403 352 248
11 5 5 1 100 0.75 7 1189 830 833 530 597 417 366 250
11 5 5 1 100 0.75 7 1190 846 835 543 605 426 375 264
11 5 5 1 100 0.75 7 1191 865 831 532 612 441 390 274
11 5 5 1 100 0.75 7 1192 877 828 520 626 455 404 274
11 5 5 1 100 0.75 7 1193 888 827 509 634 466 416 277
11 5 5 1 100 0.75 7 1194 895 832 510 644 471 422 286
11 5 5 1 100 0.75 7 1195 909 823 496 636 491 442 279
11 5 5 1 100 0.75 7 1196 920 815 474 642 510 461 275
11 5 5 1 100 0.75 7 1197 928 809 470 649 525 478 271
11 5 5 1 100 0.75 7 1198 938 809 460 655 536 489 276
11 5 5 1 100 0.75 7 1199 946 804 460 653 551 505 276
11 5 5 1 100 0.75 7 1200 954 798 434 656 568 522 268
11 5 5 1 100 0.75 7 1201 967 797 428 665 580 534 268
11 5 5 1 100 0.75 7 1202 975 793 413 673 594 549 265
11 5 5 1 100 0.75 7 1203 980 794 420 682 603 559 272
11 5 5 1 100 0.75 7 1204 984 790 419 679 616 574 268
11 5 5 1 100 0.75 7 1205 988 786 408 676 630 589 261
11 5 5 1 100 0.75 7 1206 994 780 384 673 647 606 262
11 5 5 1 100 0.75 7 1207 998 775 381 675 663 622 258
11 5 5 1 100 0.75 7 1208 1005 763 366 666 686 645 256
11 5 5 1 100 0.75 7 1209 1008 749 361 656 710 670 242
11 5 5 1 100 0.75 7 1210 1013 740 349 651 729 690 237
11 5 5 1 100 0.75 7 1211 1015 740 324 653 740 701 235
11 5 5 1 100 0.75 7 1212 1015 740 333 656 750 712 235
11 5 5 1 100 0.75 7 1213 1015 734 349 650 766 729 235
11 5 5 1 100 0.75 7 1214 1017 730 327 643 779 744 228
11 5 5 1 100 0.75 7 1215 1019 726 320 641 794 759 219
11 5 5 1 100 0.75 7 1216 1020 726 306 641 805 770 225
11 5 5 1 100 0.75 7 1217 1020 725 298 640 817 782 222
11 5 5 1 100 0.75 7 1218 1022 724 297 639 828 794 225
11 5 5 1 100 0.75 7 1219 1022 718 294 636 844 811 220
11 5 5 1 100 0.75 7 1220 1023 717 291 633 856 823 214
11 5 5 1 100 0.75 7 1221 1024 716 302 631 868 835 212
11 5 5 1 100 0.75 7 1222 1024 717 276 634 878 845 208
11 5 5 1 100 0.75 7 1223 1025 710 284 623 896 863 198
11 5 5 1 100 0.75 7 1224 1025 703 267 620 914 881 186
11 5 5 1 100 0.75 7 1225 1025 701 271 621 927 894 179
11 5 5 1 100 0.75 7 1226 1025 699 272 619 939 907 179
11 5 5 1 100 0.75 7 1227 1025 698 267 615 951 919 170
11 5 5 1 100 0.75 7 1228 1025 691 256 607 969 937 160
11 5 5 1 100 0.75 7 1229 1025 693 248 610 978 946 157
11 5 5 1 100 0.75 7 1230 1025 692 255 611 990 958 152
11 5 5 1 100 0.75 7 1230 1025 692 692 611 1137 958 152
11 5 5 1 100 0.75 7 1260 1025 692 692 611 54 958 152
11 5 5 1 100 0.75 8 1261 0 11 11 0 54 0 0
11 5 5 1 100 0.75 8 1262 0 22 22 0 54 0 0
11 5 5 1 100 0.75 8 1263 0 33 33 0 54 0 0
11 5 5 1 100 0.75 8 1264 0 44 44 0 54 0 0
11 5 5 1 100 0.75 8 1265 0 55 55 0 54 0 0
11 5 5 1 100 0.75 8 1266 0 66 66 0 54 0 0
11 5 5 1 100 0.75 8 1267 0 77 77 0 54 0 0
11 5 5 1 100 0.75 8 1268 0 88 88 0 54 0 0
11 5 5 1 100 0.75 8 1269 0 99 97 0 54 0 0
11 5 5 1 100 0.75 8 1270 1 110 108 0 54 0 0
11 5 5 1 100 0.75 8 1271 2 121 117 1 54 0 0
11 5 5 1 100 0.75 8 1272 5 132 127 2 54 0 0
11 5 5 1 100 0.75 8 1273 5 143 136 5 54 0 0
11 5 5 1 100 0.75 8 1274 9 154 142 5 54 0 0
11 5 5 1 100 0.75 8 1275 12 165 152 9 54 0 0
11 5 5 1 100 0.75 8 1276 12 176 163 12 54 0 0
11 5 5 1 100 0.75 8 1277 15 187 173 12 54 0 1
11 5 5 1 100 0.75 8 1278 15 198 184 15 54 0 2
11 5 5 1 100 0.75 8 1279 15 209 197 15 54 0 3
11 5 5 1 100 0.75 8 1280 21 220 203 15 54 0 5
11 5 5 1 100 0.75 8 1281 26 231 210 21 54 0 6
11 5 5 1 100 0.75 8 1282 30 242 220 26 54 0 8
11 5 5 1 100 0.75 8 1283 33 253 230 30 54 0 9
11 5 5 1 100 0.75 8 1284 35 264 241 33 54 0 10
11 5 5 1 100 0.75 8 1285 36 275 251 35 54 0 11
11 5 5 1 100 0.75 8 1286 38 286 258 36 54 0 11
11 5 5 1 100 0.75 8 1287 39 297 273 38 54 0 13
11 5 5 1 100 0.75 8 1288 43 308 284 39 54 0 16
11 5 5 1 100 0.75 8 1289 46 319 294 43 54 0 17
11 5 5 1 100 0.75 8 1290 51 330 300 46 54 0 18
11 5 5 1 100 0.75 8 1291 56 341 310 51 54 0 20
11 5 5 1 100 0.75 8 1292 58 352 321 56 54 0 22
11 5 5 1 100 0.75 8 1293 62 363 331 58 54 0 22
11 5 5 1 100 0.75 8 1294 63 373 341 61 55 1 22
11 5 5 1 100 0.75 8 1295 68 383 349 61 56 2 21
11 5 5 1 100 0.75 8 1296 72 393 359 65 57 3 23
11 5 5 1 100 0.75 8 1297 76 402 363 67 59 5 22
11 5 5 1 100 0.75 8 1298 83 412 374 70 60 6 22
11 5 5 1 100 0.75 8 1299 86 421 380 75 62 8 24
11 5 5 1 100 0.75 8 1300 89 432 394 78 62 8 25
11 5 5 1 100 0.75 8 1301 94 442 401 80 63 9 29
11 5 5 1 100 0.75 8 1302 95 452 409 84 64 10 28
11 5 5 1 100 0.75 8 1303 101 461 419 83 66 12 32
11 5 5 1 100 0.75 8 1304 104 471 429 88 67 13 34
11 5 5 1 100 0.75 8 1305 112 481 433 90 68 14 36
11 5 5 1 100 0.75 8 1306 120 492 447 98 68 14 42
11 5 5 1 100 0.75 8 1307 126 501 451 104 70 16 41
11 5 5 1 100 0.75 8 1308 129 510 459 108 72 18 42
11 5 5 1 100 0.75 8 1309 132 519 468 109 74 20 42
11 5 5 1 100 0.75 8 1310 139 529 475 111 75 21 44
11 5 5 1 100 0.75 8 1311 145 540 484 118 75 21 46
11 5 5 1 100 0.75 8 1312 152 550 492 123 76 22 48
11 5 5 1 100 0.75 8 1313 156 560 504 129 77 23 51
11 5 5 1 100 0.75 8 1314 167 567 511 129 81 27 54
11 5 5 1 100 0.75 8 1315 168 577 521 140 82 28 58
11 5 5 1 100 0.75 8 1316 174 586 522 139 84 30 57
11 5 5 1 100 0.75 8 1317 177 593 531 141 88 34 56
11 5 5 1 100 0.75 8 1318 184 602 537 142 90 36 61
11 5 5 1 100 0.75 8 1319 193 610 545 146 93 39 61
11 5 5 1 100 0.75 8 1320 202 617 549 151 97 43 62
11 5 5 1 100 0.75 8 1321 213 626 557 158 99 45 69
11 5 5 1 100 0.75 8 1322 220 634 560 166 102 48 68
11 5 5 1 100 0.75 8 1323 226 643 568 172 104 50 70
11 5 5 1 100 0.75 8 1324 230 650 577 174 108 54 69
11 5 5 1 100 0.75 8 1325 240 655 574 173 114 60 69
11 5 5 1 100 0.75 8 1326 244 664 578 182 116 62 71
11 5 5 1 100 0.75 8 1327 256 673 587 184 118 64 75
11 5 5 1 100 0.75 8 1328 267 680 589 192 122 68 77
11 5 5 1 100 0.75 8 1329 279 687 595 199 126 72 81
11 5 5 1 100 0.75 8 1330 286 695 599 209 129 75 85
11 5 5 1 100 0.75 8 1331 294 703 607 214 132 78 88
11 5 5 1 100 0.75 8 1332 308 707 600 216 139 85 86
11 5 5 1 100 0.75 8 1333 319 716 606 233 141 87 87
11 5 5 1 100 0.75 8 1334 327 723 612 241 145 91 89
11 5 5 1 100 0.75 8 1335 339 730 607 245 149 95 96
11 5 5 1 100 0.75 8 1336 349 735 617 252 155 101 96
11 5 5 1 100 0.75 8 1337 360 742 611 259 159 105 100
11 5 5 1 100 0.75 8 1338 376 748 616 269 164 110 101
11 5 5 1 100 0.75 8 1339 386 756 620 282 167 113 103
11 5 5 1 100 0.75 8 1340 401 761 626 288 173 119 115
11 5 5 1 100 0.75 8 1341 412 770 628 305 175 121 121
11 5 5 1 100 0.75 8 1342 426 776 631 312 180 126 125
11 5 5 1 100 0.75 8 1343 437 786 634 327 181 127 135
11 5 5 1 100 0.75 8 1344 449 793 639 335 185 131 142
11 5 5 1 100 0.75 8 1345 463 796 635 342 193 139 146
11 5 5 1 100 0.75 8 1346 478 799 640 350 201 147 149
11 5 5 1 100 0.75 8 1347 490 803 638 362 208 154 154
11 5 5 1 100 0.75 8 1348 509 808 637 370 214 160 160
11 5 5 1 100 0.75 8 1349 524 814 636 385 219 165 166
11 5 5 1 100 0.75 8 1350 538 815 632 391 229 175 165
11 5 5 1 100 0.75 8 1351 553 822 633 404 233 179 172
11 5 5 1 100 0.75 8 1352 568 829 645 418 237 183 178
11 5 5 1 100 0.75 8 1353 584 836 633 433 241 187 190
11 5 5 1 100 0.75 8 1354 602 835 633 441 253 199 190
11 5 5 1 100 0.75 8 1355 619 834 617 448 265 211 190
11 5 5 1 100 0.75 8 1356 644 842 627 469 268 214 201
11 5 5 1 100 0.75 8 1357 655 845 618 491 276 222 198
11 5 5 1 100 0.75 8 1358 671 843 614 490 289 235 197
11 5 5 1 100 0.75 8 1359 686 843 605 499 300 246 201
11 5 5 1 100 0.75 8 1360 705 839 590 504 314 261 198
11 5 5 1 100 0.75 8 1361 720 841 598 518 323 270 207
11 5 5 1 100 0.75 8 1362 740 837 575 526 338 285 202
11 5 5 1 100 0.75 8 1363 764 838 575 544 348 295 214
11 5 5 1 100 0.75 8 1364 775 838 557 562 359 306 215
11 5 5 1 100 0.75 8 1365 792 834 559 564 374 321 216
11 5 5 1 100 0.75 8 1366 809 838 548 580 381 328 226
11 5 5 1 100 0.75 8 1367 831 839 535 595 391 338 232
11 5 5 1 100 0.75 8 1368 850 836 529 609 405 352 234
11 5 5 1 100 0.75 8 1369 862 835 532 623 417 364 240
11 5 5 1 100 0.75 8 1370 875 837 522 634 426 373 253
11 5 5 1 100 0.75 8 1371 890 841 517 646 433 380 261
11 5 5 1 100 0.75 8 1372 900 849 521 670 436 383 275
11 5 5 1 100 0.75 8 1373 913 840 507 667 456 403 270
11 5 5 1 100 0.75 8 1374 924 842 487 681 465 412 283
11 5 5 1 100 0.75 8 1375 936 838 496 684 480 427 293
11 5 5 1 100 0.75 8 1376 946 833 484 687 496 443 292
11 5 5 1 100 0.75 8 1377 950 831 489 694 509 456 294
11 5 5 1 100 0.75 8 1378 957 827 476 696 522 471 293
11 5 5 1 100 0.75 8 1379 962 823 466 698 537 486 294
11 5 5 1 100 0.75 8 1380 974 819 436 699 552 501 291
11 5 5 1 100 0.75 8 1381 980 809 438 695 573 522 286
11 5 5 1 100 0.75 8 1382 986 803 434 696 589 539 283
11 5 5 1 100 0.75 8 1383 993 795 399 690 607 558 280
11 5 5 1 100 0.75 8 1384 999 797 399 698 616 567 287
11 5 5 1 100 0.75 8 1385 1007 792 405 697 632 583 281
11 5 5 1 100 0.75 8 1386 1009 789 384 700 646 597 279
11 5 5 1 100 0.75 8 1387 1011 782 374 695 664 615 272
11 5 5 1 100 0.75 8 1388 1012 776 364 688 681 632 266
11 5 5 1 100 0.75 8 1389 1017 769 348 679 699 650 259
11 5 5 1 100 0.75 8 1390 1017 763 352 678 716 667 252
11 5 5 1 100 0.75 8 1391 1019 763 354 678 726 678 247
11 5 5 1 100 0.75 8 1392 1020 750 360 664 749 702 238
11 5 5 1 100 0.75 8 1393 1023 739 321 655 771 724 227
11 5 5 1 100 0.75 8 1394 1023 733 308 650 788 741 223
11 5 5 1 100 0.75 8 1395 1023 728 307 645 803 757 212
11 5 5 1 100 0.75 8 1396 1024 723 286 637 819 773 208
11 5 5 1 100 0.75 8 1397 1026 718 284 634 835 789 197
11 5 5 1 100 0.75 8 1398 1026 718 281 636 846 800 194
11 5 5 1 100 0.75 8 1399 1026 718 277 636 857 811 192
11 5 5 1 100 0.75 8 1400 1026 713 272 631 873 827 184
11 5 5 1 100 0.75 8 1401 1026 709 266 626 888 842 174
11 5 5 1 100 0.75 8 1402 1026 701 260 617 907 861 165
11 5 5 1 100 0.75 8 1403 1026 706 277 619 912 867 167
11 5 5 1 100 0.75 8 1404 1027 706 255 619 923 878 166
11 5 5 1 100 0.75 8 1405 1027 706 252 619 934 889 164
11 5 5 1 100 0.75 8 1406 1027 703 239 621 947 903 158
11 5 5 1 100 0.75 8 1407 1027 702 231 619 958 915 153
11 5 5 1 100 0.75 8 1408 1027 700 236 616 971 928 151
11 5 5 1 100 0.75 8 1409 1027 701 249 620 980 938 147
11 5 5 1 100 0.75 8 1410 1027 702 235 618 989 948 144
11 5 5 1 100 0.75 8 1410 1027 702 702 618 1128 948 144
11 5 5 1 100 0.75 8 1440 1027 702 702 618 54 948 144
11 5 5 1 100 0.75 9 1441 0 11 11 0 54 0 0
11 5 5 1 100 0.75 9 1442 0 22 22 0 54 0 0
11 5 5 1 100 0.75 9 1443 0 33 33 0 54 0 0
11 5 5 1 100 0.75 9 1444 0 44 44 0 54 0 0
11 5 5 1 100 0.75 9 1445 0 55 55 0 54 0 0
11 5 5 1 100 0.75 9 1446 0 66 66 0 54 0 0
11 5 5 1 100 0.75 9 1447 1 77 76 0 54 0 0
11 5 5 1 100 0.75 9 1448 1 88 86 1 54 0 0
11 5 5 1 100 0.75 9 1449 2 99 97 1 54 0 0
11 5 5 1 100 0.75 9 1450 3 110 106 2 54 0 0
11 5 5 1 100 0.75 9 1451 4 121 117 3 54 0 0
11 5 5 1 100 0.75 9 1452 6 132 124 4 54 0 0
11 5 5 1 100 0.75 9 1453 6 143 135 6 54 0 0
11 5 5 1 100 0.75 9 1454 9 154 144 6 54 0 0
11 5 5 1 100 0.75 9 1455 14 165 151 9 54 0 1
11 5 5 1 100 0.75 9 1456 17 176 159 14 54 0 2
11 5 5 1 100 0.75 9 1457 21 187 167 17 54 0 2
11 5 5 1 100 0.75 9 1458 22 198 178 21 54 0 3
11 5 5 1 100 0.75 9 1459 23 209 190 22 54 0 3
11 5 5 1 100 0.75 9 1460 27 220 195 23 54 0 4
11 5 5 1 100 0.75 9 1461 30 231 208 27 54 0 5
11 5 5 1 100 0.75 9 1462 34 242 215 30 54 0 6
11 5 5 1 100 0.75 9 1463 36 253 226 34 54 0 8
11 5 5 1 100 0.75 9 1464 39 264 239 36 54 0 13
11 5 5 1 100 0.75 9 1465 42 275 252 39 54 0 15
11 5 5 1 100 0.75 9 1466 43 286 264 42 54 0 17
11 5 5 1 100 0.75 9 1467 53 297 266 43 54 0 18
11 5 5 1 100 0.75 9 1468 57 308 278 53 54 0 22
11 5 5 1 100 0.75 9 1469 60 319 288 57 54 0 25
11 5 5 1 100 0.75 9 1470 60 330 301 60 54 0 26
11 5 5 1 100 0.75 9 1471 65 340 308 59 55 1 28
11 5 5 1 100 0.75 9 1472 68 351 319 64 55 1 29
11 5 5 1 100 0.75 9 1473 69 362 333 67 55 1 30
11 5 5 1 100 0.75 9 1474 74 372 341 67 56 2 31
11 5 5 1 100 0.75 9 1475 78 383 356 72 56 2 38
11 5 5 1 100 0.75 9 1476 82 393 360 75 57 3 39
11 5 5 1 100 0.75 9 1477 86 402 366 77 59 5 39
11 5 5 1 100 0.75 9 1478 88 411 378 79 61 7 39
11 5 5 1 100 0.75 9 1479 93 421 384 80 62 8 40
11 5 5 1 100 0.75 9 1480 98 431 395 84 63 9 40
11 5 5 1 100 0.75 9 1481 103 438 399 85 66 13 38
11 5 5 1 100 0.75 9 1482 110 449 407 90 66 13 44
11 5 5 1 100 0.75 9 1483 112 457 411 94 69 16 42
11 5 5 1 100 0.75 9 1484 118 462 417 90 75 22 37
11 5 5 1 100 0.75 9 1485 126 473 426 96 75 22 40
11 5 5 1 100 0.75 9 1486 133 482 430 102 77 24 42
11 5 5 1 100 0.75 9 1487 144 492 436 108 78 25 46
11 5 5 1 100 0.75 9 1488 149 500 442 116 81 28 47
11 5 5 1 100 0.75 9 1489 157 508 447 118 84 31 51
11 5 5 1 100 0.75 9 1490 162 516 450 123 87 34 50
11 5 5 1 100 0.75 9 1491 166 525 460 126 89 36 50
11 5 5 1 100 0.75 9 1492 175 536 472 130 89 36 58
11 5 5 1 100 0.75 9 1493 184 543 472 137 93 40 60
11 5 5 1 100 0.75 9 1494 191 551 481 143 96 43 66
11 5 5 1 100 0.75 9 1495 205 558 484 146 100 47 71
11 5 5 1 100 0.75 9 1496 213 567 489 158 102 49 76
11 5 5 1 100 0.75 9 1497 220 576 500 164 104 51 77
11 5 5 1 100 0.75 9 1498 226 584 506 168 107 54 80
11 5 5 1 100 0.75 9 1499 233 592 512 171 110 57 81
11 5 5 1 100 0.75 9 1500 242 603 521 179 110 57 89
11 5 5 1 100 0.75 9 1501 247 611 526 186 113 60 89
11 5 5 1 100 0.75 9 1502 257 620 541 189 115 62 99
11 5 5 1 100 0.75 9 1503 265 631 551 200 115 62 107
11 5 5 1 100 0.75 9 1504 276 636 547 202 121 68 105
11 5 5 1 100 0.75 9 1505 287 643 548 210 125 72 108
11 5 5 1 100 0.75 9 1506 298 650 555 217 129 76 110
11 5 5 1 100 0.75 9 1507 307 657 556 225 133 80 114
11 5 5 1 100 0.75 9 1508 314 663 561 229 138 85 113
11 5 5 1 100 0.75 9 1509 327 667 556 230 145 92 113
11 5 5 1 100 0.75 9 1510 335 673 560 239 150 97 112
11 5 5 1 100 0.75 9 1511 348 676 556 240 158 105 109
11 5 5 1 100 0.75 9 1512 367 681 554 248 164 111 112
11 5 5 1 100 0.75 9 1513 382 684 552 261 172 119 112
11 5 5 1 100 0.75 9 1514 392 691 562 275 176 123 116
11 5 5 1 100 0.75 9 1515 403 693 552 277 185 132 109
11 5 5 1 100 0.75 9 1516 416 698 562 282 191 138 113
11 5 5 1 100 0.75 9 1517 429 702 558 288 198 145 119
11 5 5 1 100 0.75 9 1518 443 705 555 294 206 153 115
11 5 5 1 100 0.75 9 1519 458 712 560 305 210 157 129
11 5 5 1 100 0.75 9 1520 479 718 559 318 215 162 138
11 5 5 1 100 0.75 9 1521 489 719 552 333 225 172 137
11 5 5 1 100 0.75 9 1522 503 721 549 339 234 181 140
11 5 5 1 100 0.75 9 1523 520 727 543 349 239 186 144
11 5 5 1 100 0.75 9 1524 532 735 563 365 242 189 153
11 5 5 1 100 0.75 9 1525 546 741 556 377 247 194 157
11 5 5 1 100 0.75 9 1526 561 745 564 385 253 201 162
11 5 5 1 100 0.75 9 1527 574 750 552 398 259 207 170
11 5 5 1 100 0.75 9 1528 588 757 571 412 263 211 181
11 5 5 1 100 0.75 9 1529 604 762 564 422 269 217 190
11 5 5 1 100 0.75 9 1530 617 765 552 434 277 225 194
11 5 5 1 100 0.75 9 1531 630 772 566 452 281 229 205
11 5 5 1 100 0.75 9 1532 643 769 553 455 295 243 207
11 5 5 1 100 0.75 9 1533 660 769 554 461 306 254 208
11 5 5 1 100 0.75 9 1534 686 775 546 477 311 259 218
11 5 5 1 100 0.75 9 1535 703 776 548 499 321 269 221
11 5 5 1 100 0.75 9 1536 716 778 536 511 330 278 231
11 5 5 1 100 0.75 9 1537 733 780 541 522 339 287 235
11 5 5 1 100 0.75 9 1538 750 778 523 529 351 300 237
11 5 5 1 100 0.75 9 1539 764 772 508 536 368 317 234
11 5 5 1 100 0.75 9 1540 777 772 499 544 379 328 237
11 5 5 1 100 0.75 9 1541 796 771 489 553 391 340 244
11 5 5 1 100 0.75 9 1542 810 774 506 567 399 348 252
11 5 5 1 100 0.75 9 1543 825 775 501 579 408 358 262
11 5 5 1 100 0.75 9 1544 836 767 472 580 427 377 259
11 5 5 1 100 0.75 9 1545 850 768 472 590 437 387 267
11 5 5 1 100 0.75 9 1546 858 764 452 596 452 402 267
11 5 5 1 100 0.75 9 1547 874 760 445 593 466 417 266
11 5 5 1 100 0.75 9 1548 885 758 449 603 479 430 273
11 5 5 1 100 0.75 9 1549 893 754 437 604 494 445 274
11 5 5 1 100 0.75 9 1550 906 756 432 613 503 454 287
11 5 5 1 100 0.75 9 1551 917 754 423 622 515 467 283
11 5 5 1 100 0.75 9 1552 932 749 421 624 531 483 285
11 5 5 1 100 0.75 9 1553 942 740 410 628 551 503 279
11 5 5 1 100 0.75 9 1554 951 739 402 633 563 515 275
11 5 5 1 100 0.75 9 1555 960 731 374 632 581 534 273
11 5 5 1 100 0.75 9 1556 962 734 384 636 589 542 280
11 5 5 1 100 0.75 9 1557 970 721 357 621 613 566 268
11 5 5 1 100 0.75 9 1558 972 716 370 627 629 582 268
11 5 5 1 100 0.75 9 1559 976 713 346 624 643 596 267
11 5 5 1 100 0.75 9 1560 978 708 344 624 658 612 269
11 5 5 1 100 0.75 9 1561 979 701 331 613 676 630 263
11 5 5 1 100 0.75 9 1562 980 701 342 615 687 641 264
11 5 5 1 100 0.75 9 1563 983 692 324 603 707 661 256
11 5 5 1 100 0.75 9 1564 987 689 314 599 721 675 251
11 5 5 1 100 0.75 9 1565 989 682 299 592 739 693 243
11 5 5 1 100 0.75 9 1566 990 674 294 589 758 712 237
11 5 5 1 100 0.75 9 1567 990 668 282 583 775 729 227
11 5 5 1 100 0.75 9 1568 991 663 265 577 790 745 217
11 5 5 1 100 0.75 9 1569 992 662 277 574 802 757 214
11 5 5 1 100 0.75 9 1570 995 659 261 572 816 771 208
11 5 5 1 100 0.75 9 1571 998 660 258 575 826 781 205
11 5 5 1 100 0.75 9 1572 999 651 251 566 846 801 193
11 5 5 1 100 0.75 9 1573 1000 651 257 569 856 812 192
11 5 5 1 100 0.75 9 1574 1000 653 255 572 865 821 190
11 5 5 1 100 0.75 9 1575 1001 646 232 563 881 839 180
11 5 5 1 100 0.75 9 1576 1004 643 239 558 894 853 174
11 5 5 1 100 0.75 9 1577 1004 638 237 556 910 869 171
11 5 5 1 100 0.75 9 1578 1006 632 217 546 927 886 165
11 5 5 1 100 0.75 9 1579 1007 629 221 542 941 900 159
11 5 5 1 100 0.75 9 1580 1008 628 225 545 953 912 154
11 5 5 1 100 0.75 9 1581 1009 629 210 549 963 922 150
11 5 5 1 100 0.75 9 1582 1010 622 224 540 981 940 137
11 5 5 1 100 0.75 9 1583 1010 627 215 542 987 946 140
11 5 5 1 100 0.75 9 1584 1010 633 217 550 991 951 143
11 5 5 1 100 0.75 9 1585 1010 633 197 550 1001 962 145
11 5 5 1 100 0.75 9 1586 1012 635 204 553 1010 971 144
11 5 5 1 100 0.75 9 1587 1013 640 208 556 1016 977 146
11 5 5 1 100 0.75 9 1588 1014 642 198 560 1025 986 146
11 5 5 1 100 0.75 9 1589 1014 647 200 563 1030 992 144
11 5 5 1 100 0.75 9 1590 1014 651 200 566 1036 999 143
11 5 5 1 100 0.75 9 1590 1014 651 651 566 1176 999 143
11 5 5 1 100 0.75 9 1620 1014 651 651 566 54 999 143
11 5 5 1 100 0.75 10 1621 0 11 11 0 54 0 0
11 5 5 1 100 0.75 10 1622 0 22 22 0 54 0 0
11 5 5 1 100 0.75 10 1623 0 33 33 0 54 0 0
11 5 5 1 100 0.75 10 1624 0 44 44 0 54 0 0
11 5 5 1 100 0.75 10 1625 0 55 55 0 54 0 0
11 5 5 1 100 0.75 10 1626 0 66 64 0 54 0 0
11 5 5 1 100 0.75 10 1627 0 77 77 0 54 0 0
11 5 5 1 100 0.75 10 1628 0 88 86 0 54 0 0
11 5 5 1 100 0.75 10 1629 2 99 96 0 54 0 0
11 5 5 1 100 0.75 10 1630 4 110 104 2 54 0 0
11 5 5 1 100 0.75 10 1631 4 121 114 4 54 0 0
11 5 5 1 100 0.75 10 1632 7 132 123 4 54 0 0
11 5 5 1 100 0.75 10 1633 8 143 135 7 54 0 0
11 5 5 1 100 0.75 10 1634 9 154 143 8 54 0 0
11 5 5 1 100 0.75 10 1635 11 165 152 9 54 0 0
11 5 5 1 100 0.75 10 1636 12 176 162 11 54 0 1
11 5 5 1 100 0.75 10 1637 14 187 174 12 54 0 3
11 5 5 1 100 0.75 10 1638 16 198 184 14 54 0 4
11 5 5 1 100 0.75 10 1639 18 209 193 16 54 0 7
11 5 5 1 100 0.75 10 1640 23 220 201 18 54 0 7
11 5 5 1 100 0.75 10 1641 24 231 211 23 54 0 8
11 5 5 1 100 0.75 10 1642 29 242 221 24 54 0 8
11 5 5 1 100 0.75 10 1643 32 253 228 29 54 0 10
11 5 5 1 100 0.75 10 1644 35 264 239 32 54 0 11
11 5 5 1 100 0.75 10 1645 38 275 247 35 54 0 13
11 5 5 1 100 0.75 10 1646 38 286 261 38 54 0 15
11 5 5 1 100 0.75 10 1647 42 297 271 38 54 0 18
11 5 5 1 100 0.75 10 1648 46 308 283 42 54 0 20
11 5 5 1 100 0.75 10 1649 51 319 288 46 54 0 23
11 5 5 1 100 0.75 10 1650 57 330 299 51 54 0 23
11 5 5 1 100 0.75 10 1651 58 341 310 57 54 0 25
11 5 5 1 100 0.75 10 1652 59 352 325 58 54 0 28
11 5 5 1 100 0.75 10 1653 67 362 330 58 55 1 30
11 5 5 1 100 0.75 10 1654 69 373 340 66 55 1 31
11 5 5 1 100 0.75 10 1655 73 383 350 67 56 2 32
11 5 5 1 100 0.75 10 1656 80 390 350 67 60 6 34
11 5 5 1 100 0.75 10 1657 89 400 359 73 61 7 34
11 5 5 1 100 0.75 10 1658 93 410 367 81 62 8 38
11 5 5 1 100 0.75 10 1659 96 420 377 84 63 9 37
11 5 5 1 100 0.75 10 1660 97 430 385 86 64 10 40
11 5 5 1 100 0.75 10 1661 100 440 396 86 65 11 42
11 5 5 1 100 0.75 10 1662 108 449 403 87 67 13 42
11 5 5 1 100 0.75 10 1663 112 458 411 93 69 15 47
11 5 5 1 100 0.75 10 1664 121 468 424 96 70 16 52
11 5 5 1 100 0.75 10 1665 126 476 431 102 73 19 56
11 5 5 1 100 0.75 10 1666 130 484 434 106 76 22 54
11 5 5 1 100 0.75 10 1667 135 495 446 110 76 22 56
11 5 5 1 100 0.75 10 1668 140 501 449 110 81 27 54
11 5 5 1 100 0.75 10 1669 147 511 454 114 82 28 58
11 5 5 1 100 0.75 10 1670 151 520 466 119 84 30 60
11 5 5 1 100 0.75 10 1671 159 529 468 121 86 32 66
11 5 5 1 100 0.75 10 1672 166 538 479 127 88 34 68
11 5 5 1 100 0.75 10 1673 175 543 480 128 94 40 65
11 5 5 1 100 0.75 10 1674 182 552 486 135 96 42 67
11 5 5 1 100 0.75 10 1675 188 561 491 140 98 44 70
11 5 5 1 100 0.75 10 1676 196 571 502 146 99 45 73
11 5 5 1 100 0.75 10 1677 203 580 513 152 101 47 74
11 5 5 1 100 0.75 10 1678 209 587 510 156 105 51 72
11 5 5 1 100 0.75 10 1679 219 594 514 158 109 55 74
11 5 5 1 100 0.75 10 1680 226 599 520 164 115 61 76
11 5 5 1 100 0.75 10 1681 239 605 517 166 120 66 79
11 5 5 1 100 0.75 10 1682 248 611 522 174 125 71 76
11 5 5 1 100 0.75 10 1683 263 619 524 183 128 74 81
11 5 5 1 100 0.75 10 1684 270 629 532 198 129 75 84
11 5 5 1 100 0.75 10 1685 280 635 532 200 134 80 85
11 5 5 1 100 0.75 10 1686 288 643 545 207 137 83 86
11 5 5 1 100 0.75 10 1687 301 649 542 210 142 88 89
11 5 5 1 100 0.75 10 1688 311 655 543 218 147 93 88
11 5 5 1 100 0.75 10 1689 327 659 545 225 154 100 94
11 5 5 1 100 0.75 10 1690 342 666 548 238 158 104 100
11 5 5 1 100 0.75 10 1691 357 672 543 248 162 109 105
11 5 5 1 100 0.75 10 1692 363 681 560 263 164 111 107
11 5 5 1 100 0.75 10 1693 367 689 556 266 167 114 112
11 5 5 1 100 0.75 10 1694 377 694 570 266 173 120 113
11 5 5 1 100 0.75 10 1695 391 698 564 269 180 127 116
11 5 5 1 100 0.75 10 1696 407 705 563 281 184 131 122
11 5 5 1 100 0.75 10 1697 419 713 573 294 187 134 128
11 5 5 1 100 0.75 10 1698 437 720 577 303 191 138 140
11 5 5 1 100 0.75 10 1699 454 729 578 320 193 140 144
11 5 5 1 100 0.75 10 1700 461 730 574 328 203 150 141
11 5 5 1 100 0.75 10 1701 473 736 577 331 208 155 140
11 5 5 1 100 0.75 10 1702 490 741 577 339 214 161 148
11 5 5 1 100 0.75 10 1703 503 745 572 352 220 168 157
11 5 5 1 100 0.75 10 1704 521 750 579 361 226 174 160
11 5 5 1 100 0.75 10 1705 539 757 581 376 230 178 170
11 5 5 1 100 0.75 10 1706 553 763 586 393 235 183 177
11 5 5 1 100 0.75 10 1707 571 764 575 400 245 193 178
11 5 5 1 100 0.75 10 1708 585 767 577 415 253 201 177
11 5 5 1 100 0.75 10 1709 602 766 549 421 265 213 180
11 5 5 1 100 0.75 10 1710 616 765 556 433 277 225 181
11 5 5 1 100 0.75 10 1711 632 768 549 440 285 233 187
11 5 5 1 100 0.75 10 1712 650 775 554 454 289 237 201
11 5 5 1 100 0.75 10 1713 667 771 554 461 303 252 204
11 5 5 1 100 0.75 10 1714 682 774 543 476 311 260 213
11 5 5 1 100 0.75 10 1715 700 776 550 486 320 269 217
11 5 5 1 100 0.75 10 1716 719 781 539 502 326 275 223
11 5 5 1 100 0.75 10 1717 732 779 533 511 339 288 222
11 5 5 1 100 0.75 10 1718 743 782 524 525 347 296 225
11 5 5 1 100 0.75 10 1719 753 782 530 529 357 307 230
11 5 5 1 100 0.75 10 1720 771 782 524 535 368 318 239
11 5 5 1 100 0.75 10 1721 789 784 520 549 376 327 251
11 5 5 1 100 0.75 10 1722 801 779 509 557 392 343 240
11 5 5 1 100 0.75 10 1723 808 777 503 560 405 356 247
11 5 5 1 100 0.75 10 1724 820 782 512 569 411 362 259
11 5 5 1 100 0.75 10 1725 831 780 487 575 424 375 261
11 5 5 1 100 0.75 10 1726 841 778 475 584 437 388 259
11 5 5 1 100 0.75 10 1727 858 777 469 590 449 400 261
11 5 5 1 100 0.75 10 1728 871 776 468 600 461 412 266
11 5 5 1 100 0.75 10 1729 880 767 450 597 481 432 257
11 5 5 1 100 0.75 10 1730 891 763 460 596 496 447 257
11 5 5 1 100 0.75 10 1731 901 757 435 602 513 464 253
11 5 5 1 100 0.75 10 1732 908 755 444 610 526 477 252
11 5 5 1 100 0.75 10 1733 918 755 424 614 537 488 257
11 5 5 1 100 0.75 10 1734 926 753 411 618 550 501 260
11 5 5 1 100 0.75 10 1735 935 750 412 621 564 515 262
11 5 5 1 100 0.75 10 1736 947 750 388 627 573 526 265
11 5 5 1 100 0.75 10 1737 955 740 404 622 594 547 255
11 5 5 1 100 0.75 10 1738 957 728 364 620 617 570 244
11 5 5 1 100 0.75 10 1739 963 728 389 622 628 581 248
11 5 5 1 100 0.75 10 1740 966 721 354 618 643 599 243
11 5 5 1 100 0.75 10 1741 971 719 367 615 656 612 246
11 5 5 1 100 0.75 10 1742 978 718 363 619 668 624 247
11 5 5 1 100 0.75 10 1743 984 713 342 622 684 640 246
11 5 5 1 100 0.75 10 1744 990 708 335 621 699 656 241
11 5 5 1 100 0.75 10 1745 992 706 328 622 711 669 242
11 5 5 1 100 0.75 10 1746 993 707 317 625 720 679 239
11 5 5 1 100 0.75 10 1747 997 702 301 615 736 695 235
11 5 5 1 100 0.75 10 1748 999 702 304 615 747 706 236
11 5 5 1 100 0.75 10 1749 999 699 307 613 761 720 234
11 5 5 1 100 0.75 10 1750 1000 694 296 608 777 736 229
11 5 5 1 100 0.75 10 1751 1003 691 297 606 790 750 229
11 5 5 1 100 0.75 10 1752 1004 688 286 604 803 764 224
11 5 5 1 100 0.75 10 1753 1006 681 280 598 821 782 215
11 5 5 1 100 0.75 10 1754 1006 678 270 597 835 796 208
11 5 5 1 100 0.75 10 1755 1007 679 266 595 845 806 207
11 5 5 1 100 0.75 10 1756 1008 677 272 595 857 819 207
11 5 5 1 100 0.75 10 1757 1008 678 267 597 867 829 204
11 5 5 1 100 0.75 10 1758 1008 673 255 588 883 845 196
11 5 5 1 100 0.75 10 1759 1009 669 232 587 897 860 190
11 5 5 1 100 0.75 10 1760 1011 668 245 585 909 872 188
11 5 5 1 100 0.75 10 1761 1011 668 245 583 919 883 185
11 5 5 1 100 0.75 10 1762 1011 663 232 580 933 899 176
11 5 5 1 100 0.75 10 1763 1012 665 229 582 942 908 176
11 5 5 1 100 0.75 10 1764 1012 660 225 575 958 924 169
11 5 5 1 100 0.75 10 1765 1012 664 243 583 965 931 172
11 5 5 1 100 0.75 10 1766 1014 663 239 580 977 943 169
11 5 5 1 100 0.75 10 1767 1014 665 215 582 986 952 164
11 5 5 1 100 0.75 10 1768 1017 665 235 579 996 963 164
11 5 5 1 100 0.75 10 1769 1017 663 210 580 1009 976 160
11 5 5 1 100 0.75 10 1770 1019 659 209 577 1024 991 153
11 5 5 1 100 0.75 10 1770 1019 659 659 577 1171 991 153
11 5 5 1 100 0.75 10 1800 1019 659 659 577 54 991 153
