4 90 5 1 100 0.75 1 1 0 4 4 0 100 0 0
4 90 5 1 100 0.75 1 2 0 8 8 0 100 0 0
4 90 5 1 100 0.75 1 3 0 12 12 0 100 0 0
4 90 5 1 100 0.75 1 4 0 16 16 0 100 0 0
4 90 5 1 100 0.75 1 5 0 20 20 0 100 0 0
4 90 5 1 100 0.75 1 6 0 24 24 0 100 0 0
4 90 5 1 100 0.75 1 7 0 28 28 0 100 0 0
4 90 5 1 100 0.75 1 8 0 32 32 0 100 0 0
4 90 5 1 100 0.75 1 9 1 36 34 0 100 0 0
4 90 5 1 100 0.75 1 10 2 40 38 1 100 0 0
4 90 5 1 100 0.75 1 11 4 44 39 2 100 0 0
4 90 5 1 100 0.75 1 12 9 48 37 4 100 0 0
4 90 5 1 100 0.75 1 13 9 52 42 9 100 0 0
4 90 5 1 100 0.75 1 14 15 56 40 9 100 0 0
4 90 5 1 100 0.75 1 15 18 60 40 15 100 0 0
4 90 5 1 100 0.75 1 16 21 64 42 18 100 0 0
4 90 5 1 100 0.75 1 17 24 68 43 21 100 0 1
4 90 5 1 100 0.75 1 18 29 72 43 24 100 0 2
4 90 5 1 100 0.75 1 19 32 76 49 29 100 0 2
4 90 5 1 100 0.75 1 20 35 80 50 32 100 0 5
4 90 5 1 100 0.75 1 21 37 84 50 35 100 0 5
4 90 5 1 100 0.75 1 22 41 88 60 37 100 0 11
4 90 5 1 100 0.75 1 23 45 92 60 41 100 0 12
4 90 5 1 100 0.75 1 24 50 96 62 45 100 0 13
4 90 5 1 100 0.75 1 25 52 100 69 50 100 0 18
4 90 5 1 100 0.75 1 26 58 104 70 52 100 0 21
4 90 5 1 100 0.75 1 27 64 108 72 58 100 0 24
4 90 5 1 100 0.75 1 28 70 109 67 64 100 0 25
4 90 5 1 100 0.75 1 29 72 109 68 70 100 0 28
4 90 5 1 100 0.75 1 30 74 109 71 72 100 0 33
4 90 5 1 100 0.75 1 31 76 109 73 74 100 0 36
4 90 5 1 100 0.75 1 32 82 109 71 76 100 0 39
4 90 5 1 100 0.75 1 33 86 109 70 82 100 0 42
4 90 5 1 100 0.75 1 34 88 109 69 86 100 0 46
4 90 5 1 100 0.75 1 35 91 109 78 88 100 0 55
4 90 5 1 100 0.75 1 36 94 107 71 89 102 2 54
4 90 5 1 100 0.75 1 37 95 107 75 90 104 4 53
4 90 5 1 100 0.75 1 38 96 109 80 91 104 4 54
4 90 5 1 100 0.75 1 39 96 105 74 88 108 8 54
4 90 5 1 100 0.75 1 40 96 104 83 83 113 13 53
4 90 5 1 100 0.75 1 41 97 105 78 80 116 16 54
4 90 5 1 100 0.75 1 42 99 107 82 79 118 18 54
4 90 5 1 100 0.75 1 43 101 109 84 81 118 18 54
4 90 5 1 100 0.75 1 44 103 107 87 81 120 20 55
4 90 5 1 100 0.75 1 45 103 103 78 78 126 26 49
4 90 5 1 100 0.75 1 46 106 104 75 76 129 29 47
4 90 5 1 100 0.75 1 47 107 105 78 78 132 32 44
4 90 5 1 100 0.75 1 48 107 107 77 78 134 34 42
4 90 5 1 100 0.75 1 49 108 106 70 76 137 37 41
4 90 5 1 100 0.75 1 50 109 103 68 74 143 43 35
4 90 5 1 100 0.75 1 51 109 101 68 72 149 49 30
4 90 5 1 100 0.75 1 52 109 104 67 73 150 50 31
4 90 5 1 100 0.75 1 53 109 106 70 74 152 52 32
4 90 5 1 100 0.75 1 54 109 106 69 73 155 55 31
4 90 5 1 100 0.75 1 55 109 105 64 72 159 59 28
4 90 5 1 100 0.75 1 56 109 105 63 72 163 63 26
4 90 5 1 100 0.75 1 57 109 104 65 72 168 68 24
4 90 5 1 100 0.75 1 58 109 107 66 73 169 69 25
4 90 5 1 100 0.75 1 59 109 109 63 79 169 69 28
4 90 5 1 100 0.75 1 60 109 106 55 78 172 72 25
4 90 5 1 100 0.75 1 61 109 108 60 80 173 73 27
4 90 5 1 100 0.75 1 62 109 108 57 83 174 74 27
4 90 5 1 100 0.75 1 63 109 109 54 87 174 74 31
4 90 5 1 100 0.75 1 64 109 107 54 92 176 76 34
4 90 5 1 100 0.75 1 65 109 108 50 95 177 77 35
4 90 5 1 100 0.75 1 66 109 108 63 95 178 78 38
4 90 5 1 100 0.75 1 67 109 109 60 96 178 78 39
4 90 5 1 100 0.75 1 68 109 109 59 97 178 78 41
4 90 5 1 100 0.75 1 69 109 107 57 99 180 80 42
4 90 5 1 100 0.75 1 70 109 108 64 99 181 81 49
4 90 5 1 100 0.75 1 71 109 105 64 95 185 85 50
4 90 5 1 100 0.75 1 72 109 108 67 94 186 86 49
4 90 5 1 100 0.75 1 73 109 107 68 93 188 88 49
4 90 5 1 100 0.75 1 74 109 107 68 94 190 90 48
4 90 5 1 100 0.75 1 75 109 107 68 92 192 92 47
4 90 5 1 100 0.75 1 76 109 108 71 92 193 93 47
4 90 5 1 100 0.75 1 77 109 107 68 91 195 95 45
4 90 5 1 100 0.75 1 78 109 107 63 91 197 97 43
4 90 5 1 100 0.75 1 79 109 104 64 89 202 102 39
4 90 5 1 100 0.75 1 80 109 106 67 88 204 104 38
4 90 5 1 100 0.75 1 81 109 105 63 85 208 108 36
4 90 5 1 100 0.75 1 82 109 104 56 82 213 113 31
4 90 5 1 100 0.75 1 83 109 104 60 81 217 117 29
4 90 5 1 100 0.75 1 84 109 107 59 82 218 118 29
4 90 5 1 100 0.75 1 85 109 108 59 84 219 119 29
4 90 5 1 100 0.75 1 86 109 106 58 82 222 122 29
4 90 5 1 100 0.75 1 87 109 108 60 85 223 123 30
4 90 5 1 100 0.75 1 88 109 102 53 81 230 130 25
4 90 5 1 100 0.75 1 89 109 103 56 80 233 133 24
4 90 5 1 100 0.75 1 90 109 104 53 80 236 136 23
4 90 5 1 100 0.75 1 91 109 105 54 80 239 139 23
4 90 5 1 100 0.75 1 92 109 109 54 85 239 139 25
4 90 5 1 100 0.75 1 93 109 108 51 86 239 140 26
4 90 5 1 100 0.75 1 94 109 108 52 87 240 141 29
4 90 5 1 100 0.75 1 95 109 109 60 89 240 141 32
4 90 5 1 100 0.75 1 96 109 107 46 90 242 143 31
4 90 5 1 100 0.75 1 97 109 109 51 94 242 143 34
4 90 5 1 100 0.75 1 98 109 109 53 97 242 143 38
4 90 5 1 100 0.75 1 99 109 109 55 101 242 143 40
4 90 5 1 100 0.75 1 100 109 107 54 101 244 145 40
4 90 5 1 100 0.75 1 101 109 107 52 99 246 147 40
4 90 5 1 100 0.75 1 102 109 107 57 99 248 149 39
4 90 5 1 100 0.75 1 103 109 108 54 98 249 150 40
4 90 5 1 100 0.75 1 104 109 107 62 98 251 152 42
4 90 5 1 100 0.75 1 105 109 108 59 98 252 153 44
4 90 5 1 100 0.75 1 106 109 106 64 95 255 156 44
4 90 5 1 100 0.75 1 107 109 106 63 92 258 159 41
4 90 5 1 100 0.75 1 108 109 105 56 88 262 163 37
4 90 5 1 100 0.75 1 109 109 107 57 88 264 165 35
4 90 5 1 100 0.75 1 110 109 108 66 91 265 166 36
4 90 5 1 100 0.75 1 111 109 106 52 89 268 169 34
4 90 5 1 100 0.75 1 112 109 107 60 89 270 171 32
4 90 5 1 100 0.75 1 113 109 106 51 86 273 174 29
4 90 5 1 100 0.75 1 114 109 108 53 86 274 175 28
4 90 5 1 100 0.75 1 115 109 103 47 84 280 181 22
4 90 5 1 100 0.75 1 116 109 106 52 87 281 182 24
4 90 5 1 100 0.75 1 117 109 107 53 86 283 184 23
4 90 5 1 100 0.75 1 118 109 108 54 87 284 185 23
4 90 5 1 100 0.75 1 119 109 106 48 87 287 188 21
4 90 5 1 100 0.75 1 120 109 108 49 88 288 189 20
4 90 5 1 100 0.75 1 121 109 106 46 87 291 192 19
4 90 5 1 100 0.75 1 122 109 105 49 85 295 196 19
4 90 5 1 100 0.75 1 123 109 109 45 89 295 196 21
4 90 5 1 100 0.75 1 124 109 107 44 88 297 198 20
4 90 5 1 100 0.75 1 125 109 106 41 91 300 201 18
4 90 5 1 100 0.75 1 126 109 109 44 92 300 201 21
4 90 5 1 100 0.75 1 127 109 109 48 93 300 201 23
4 90 5 1 100 0.75 1 128 109 108 44 93 301 202 22
4 90 5 1 100 0.75 1 129 109 108 47 93 302 203 22
4 90 5 1 100 0.75 1 130 109 109 46 97 302 203 23
4 90 5 1 100 0.75 1 131 109 108 49 99 303 204 25
4 90 5 1 100 0.75 1 132 109 108 49 99 304 205 27
4 90 5 1 100 0.75 1 133 109 108 49 98 305 206 27
4 90 5 1 100 0.75 1 134 109 108 45 100 306 207 27
4 90 5 1 100 0.75 1 135 109 108 49 100 307 208 27
4 90 5 1 100 0.75 1 136 109 109 46 101 307 208 27
4 90 5 1 100 0.75 1 137 109 105 50 98 311 212 26
4 90 5 1 100 0.75 1 138 109 109 47 99 311 212 28
4 90 5 1 100 0.75 1 139 109 107 48 97 313 214 26
4 90 5 1 100 0.75 1 140 109 107 50 96 315 216 26
4 90 5 1 100 0.75 1 141 109 106 48 93 318 219 23
4 90 5 1 100 0.75 1 142 109 107 53 94 320 221 23
4 90 5 1 100 0.75 1 143 109 108 49 94 321 222 23
4 90 5 1 100 0.75 1 144 109 108 48 93 322 223 23
4 90 5 1 100 0.75 1 145 109 108 51 93 323 224 22
4 90 5 1 100 0.75 1 146 109 106 46 93 326 227 19
4 90 5 1 100 0.75 1 147 109 107 44 93 328 229 18
4 90 5 1 100 0.75 1 148 109 107 41 92 330 231 18
4 90 5 1 100 0.75 1 149 109 108 43 95 331 232 17
4 90 5 1 100 0.75 1 150 109 108 47 95 331 233 16
4 90 5 1 100 0.75 1 150 109 108 108 95 347 233 16
4 90 5 1 100 0.75 1 180 109 108 108 95 308 233 16
4 90 5 1 100 0.75 2 181 0 4 4 0 308 0 0
4 90 5 1 100 0.75 2 182 0 8 8 0 308 0 0
4 90 5 1 100 0.75 2 183 0 12 12 0 308 0 0
4 90 5 1 100 0.75 2 184 0 16 16 0 308 0 0
4 90 5 1 100 0.75 2 185 0 20 20 0 308 0 0
4 90 5 1 100 0.75 2 186 0 24 24 0 308 0 0
4 90 5 1 100 0.75 2 187 1 28 25 0 308 0 0
4 90 5 1 100 0.75 2 188 4 32 28 1 308 0 0
4 90 5 1 100 0.75 2 189 9 36 26 4 308 0 0
4 90 5 1 100 0.75 2 190 11 40 27 9 308 0 0
4 90 5 1 100 0.75 2 191 13 44 30 11 308 0 0
4 90 5 1 100 0.75 2 192 18 48 26 13 308 0 0
4 90 5 1 100 0.75 2 193 22 52 25 18 308 0 0
4 90 5 1 100 0.75 2 194 25 56 26 22 308 0 0
4 90 5 1 100 0.75 2 195 29 60 26 25 308 0 3
4 90 5 1 100 0.75 2 196 35 64 26 29 308 0 5
4 90 5 1 100 0.75 2 197 39 68 30 35 308 0 7
4 90 5 1 100 0.75 2 198 44 72 29 39 308 0 7
4 90 5 1 100 0.75 2 199 46 76 41 44 308 0 12
4 90 5 1 100 0.75 2 200 52 80 36 46 308 0 15
4 90 5 1 100 0.75 2 201 54 84 33 52 308 0 17
4 90 5 1 100 0.75 2 202 59 88 36 54 308 0 20
4 90 5 1 100 0.75 2 203 64 92 40 59 308 0 27
4 90 5 1 100 0.75 2 204 67 96 50 64 308 0 30
4 90 5 1 100 0.75 2 205 71 100 51 67 308 0 33
4 90 5 1 100 0.75 2 206 74 104 60 71 308 0 36
4 90 5 1 100 0.75 2 207 78 108 59 74 308 0 42
4 90 5 1 100 0.75 2 208 81 109 64 78 307 0 44
4 90 5 1 100 0.75 2 209 87 109 61 81 307 0 47
4 90 5 1 100 0.75 2 210 90 109 56 87 307 0 51
4 90 5 1 100 0.75 2 211 93 107 62 88 309 2 51
4 90 5 1 100 0.75 2 212 98 108 60 90 310 3 52
4 90 5 1 100 0.75 2 213 105 108 60 94 311 4 54
4 90 5 1 100 0.75 2 214 107 107 51 99 313 6 55
4 90 5 1 100 0.75 2 215 109 106 52 98 316 9 55
4 90 5 1 100 0.75 2 216 109 107 53 98 318 11 58
4 90 5 1 100 0.75 2 217 109 109 63 98 318 11 61
4 90 5 1 100 0.75 2 218 109 100 56 89 327 20 53
4 90 5 1 100 0.75 2 219 109 101 52 86 330 23 53
4 90 5 1 100 0.75 2 220 109 104 62 87 331 24 58
4 90 5 1 100 0.75 2 221 109 107 72 87 332 25 59
4 90 5 1 100 0.75 2 222 109 108 70 87 333 26 59
4 90 5 1 100 0.75 2 223 109 102 71 82 340 33 54
4 90 5 1 100 0.75 2 224 109 99 50 78 347 40 47
4 90 5 1 100 0.75 2 225 109 101 57 77 349 42 45
4 90 5 1 100 0.75 2 226 109 102 57 76 352 45 44
4 90 5 1 100 0.75 2 227 109 104 55 79 354 47 42
4 90 5 1 100 0.75 2 228 109 105 56 78 357 50 41
4 90 5 1 100 0.75 2 229 109 105 56 77 361 54 39
4 90 5 1 100 0.75 2 230 109 105 53 76 365 58 38
4 90 5 1 100 0.75 2 231 109 108 58 77 366 59 37
4 90 5 1 100 0.75 2 232 109 103 47 74 372 65 33
4 90 5 1 100 0.75 2 233 109 106 48 80 373 66 34
4 90 5 1 100 0.75 2 234 109 108 46 79 374 67 38
4 90 5 1 100 0.75 2 235 109 106 47 80 377 70 35
4 90 5 1 100 0.75 2 236 109 107 52 83 379 72 35
4 90 5 1 100 0.75 2 237 109 107 49 86 381 74 36
4 90 5 1 100 0.75 2 238 109 105 36 85 385 78 34
4 90 5 1 100 0.75 2 239 109 104 47 81 390 83 33
4 90 5 1 100 0.75 2 240 109 106 46 82 392 85 35
4 90 5 1 100 0.75 2 241 109 108 42 85 393 86 35
4 90 5 1 100 0.75 2 242 109 109 45 90 393 86 39
4 90 5 1 100 0.75 2 243 109 107 48 90 395 88 40
4 90 5 1 100 0.75 2 244 109 108 55 90 396 89 44
4 90 5 1 100 0.75 2 245 109 107 51 90 398 91 43
4 90 5 1 100 0.75 2 246 109 106 55 89 401 94 42
4 90 5 1 100 0.75 2 247 109 107 48 92 403 96 42
4 90 5 1 100 0.75 2 248 109 109 54 97 403 96 46
4 90 5 1 100 0.75 2 249 109 109 58 97 403 96 49
4 90 5 1 100 0.75 2 250 109 107 48 97 405 98 49
4 90 5 1 100 0.75 2 251 109 106 47 94 408 101 47
4 90 5 1 100 0.75 2 252 109 106 55 94 411 104 47
4 90 5 1 100 0.75 2 253 109 106 58 93 414 107 47
4 90 5 1 100 0.75 2 254 109 108 53 93 415 108 49
4 90 5 1 100 0.75 2 255 109 108 53 95 416 109 49
4 90 5 1 100 0.75 2 256 109 105 50 92 420 113 46
4 90 5 1 100 0.75 2 257 109 106 48 89 423 116 44
4 90 5 1 100 0.75 2 258 109 106 51 88 426 119 42
4 90 5 1 100 0.75 2 259 109 104 49 84 431 124 39
4 90 5 1 100 0.75 2 260 109 101 48 80 438 131 34
4 90 5 1 100 0.75 2 261 109 104 49 82 439 132 34
4 90 5 1 100 0.75 2 262 109 107 57 83 440 133 34
4 90 5 1 100 0.75 2 263 109 107 54 83 442 135 33
4 90 5 1 100 0.75 2 264 109 108 53 83 442 136 32
4 90 5 1 100 0.75 2 265 109 105 49 82 446 140 28
4 90 5 1 100 0.75 2 266 109 106 41 85 449 143 27
4 90 5 1 100 0.75 2 267 109 108 46 87 450 144 28
4 90 5 1 100 0.75 2 268 109 105 42 85 454 148 27
4 90 5 1 100 0.75 2 269 109 108 38 88 455 149 29
4 90 5 1 100 0.75 2 270 109 106 41 87 458 152 27
4 90 5 1 100 0.75 2 271 109 107 39 87 460 154 27
4 90 5 1 100 0.75 2 272 109 106 43 86 463 157 26
4 90 5 1 100 0.75 2 273 109 107 45 86 465 159 27
4 90 5 1 100 0.75 2 274 109 109 35 89 465 159 28
4 90 5 1 100 0.75 2 275 109 108 40 93 466 160 28
4 90 5 1 100 0.75 2 276 109 107 44 94 468 162 30
4 90 5 1 100 0.75 2 277 109 108 40 94 469 163 30
4 90 5 1 100 0.75 2 278 109 108 38 94 470 164 30
4 90 5 1 100 0.75 2 279 109 108 41 96 471 165 31
4 90 5 1 100 0.75 2 280 109 107 37 97 473 167 30
4 90 5 1 100 0.75 2 281 109 108 45 99 474 168 30
4 90 5 1 100 0.75 2 282 109 109 45 100 474 168 35
4 90 5 1 100 0.75 2 283 109 108 42 100 475 169 34
4 90 5 1 100 0.75 2 284 109 106 43 97 478 172 33
4 90 5 1 100 0.75 2 285 109 106 36 97 481 175 32
4 90 5 1 100 0.75 2 286 109 107 42 95 483 177 32
4 90 5 1 100 0.75 2 287 109 107 41 94 485 179 34
4 90 5 1 100 0.75 2 288 109 107 42 93 487 181 33
4 90 5 1 100 0.75 2 289 109 107 46 92 489 183 31
4 90 5 1 100 0.75 2 290 109 105 46 90 493 187 28
4 90 5 1 100 0.75 2 291 109 108 47 90 494 188 28
4 90 5 1 100 0.75 2 292 109 108 42 89 495 189 28
4 90 5 1 100 0.75 2 293 109 107 35 93 497 191 26
4 90 5 1 100 0.75 2 294 109 106 43 92 500 194 24
4 90 5 1 100 0.75 2 295 109 109 34 93 500 194 25
4 90 5 1 100 0.75 2 296 109 107 34 92 502 196 24
4 90 5 1 100 0.75 2 297 109 107 39 92 504 198 22
4 90 5 1 100 0.75 2 298 109 105 38 92 508 202 19
4 90 5 1 100 0.75 2 299 109 108 36 94 509 203 18
4 90 5 1 100 0.75 2 300 109 108 42 93 509 204 23
4 90 5 1 100 0.75 2 301 109 108 33 93 510 205 23
4 90 5 1 100 0.75 2 302 109 108 39 96 511 206 23
4 90 5 1 100 0.75 2 303 109 107 39 95 513 208 22
4 90 5 1 100 0.75 2 304 109 108 39 95 514 209 23
4 90 5 1 100 0.75 2 305 109 108 37 96 515 210 25
4 90 5 1 100 0.75 2 306 109 105 42 94 519 214 22
4 90 5 1 100 0.75 2 307 109 108 40 95 520 215 22
4 90 5 1 100 0.75 2 308 109 109 39 97 520 215 23
4 90 5 1 100 0.75 2 309 109 109 43 97 520 215 25
4 90 5 1 100 0.75 2 310 109 107 42 96 522 217 25
4 90 5 1 100 0.75 2 311 109 109 37 98 522 217 26
4 90 5 1 100 0.75 2 312 109 108 40 98 523 218 25
4 90 5 1 100 0.75 2 313 109 107 40 98 525 220 26
4 90 5 1 100 0.75 2 314 109 109 44 102 525 220 26
4 90 5 1 100 0.75 2 315 109 109 39 103 525 220 27
4 90 5 1 100 0.75 2 316 109 107 39 102 527 222 25
4 90 5 1 100 0.75 2 317 109 108 40 101 528 223 25
4 90 5 1 100 0.75 2 318 109 104 35 97 533 228 22
4 90 5 1 100 0.75 2 319 109 108 40 98 533 228 23
4 90 5 1 100 0.75 2 320 109 107 37 96 535 230 23
4 90 5 1 100 0.75 2 321 109 108 32 96 536 231 24
4 90 5 1 100 0.75 2 322 109 106 40 94 539 234 21
4 90 5 1 100 0.75 2 323 109 107 34 93 540 236 20
4 90 5 1 100 0.75 2 324 109 109 40 95 540 236 20
4 90 5 1 100 0.75 2 325 109 108 36 95 541 237 19
4 90 5 1 100 0.75 2 326 109 109 34 97 541 237 19
4 90 5 1 100 0.75 2 327 109 108 34 99 542 238 19
4 90 5 1 100 0.75 2 328 109 107 36 98 544 240 17
4 90 5 1 100 0.75 2 329 109 108 32 99 545 241 16
4 90 5 1 100 0.75 2 330 109 106 34 98 548 244 15
4 90 5 1 100 0.75 2 330 109 106 106 98 563 244 15
4 90 5 1 100 0.75 2 360 109 106 106 98 487 244 15
4 90 5 1 100 0.75 3 361 0 4 4 0 487 0 0
4 90 5 1 100 0.75 3 362 0 8 8 0 487 0 0
4 90 5 1 100 0.75 3 363 0 12 12 0 487 0 0
4 90 5 1 100 0.75 3 364 0 16 16 0 487 0 0
4 90 5 1 100 0.75 3 365 0 20 19 0 487 0 0
4 90 5 1 100 0.75 3 366 0 24 23 0 487 0 0
4 90 5 1 100 0.75 3 367 0 28 27 0 487 0 0
4 90 5 1 100 0.75 3 368 2 32 26 0 487 0 0
4 90 5 1 100 0.75 3 369 5 36 26 2 487 0 0
4 90 5 1 100 0.75 3 370 11 40 21 5 487 0 0
4 90 5 1 100 0.75 3 371 16 44 22 11 487 0 0
4 90 5 1 100 0.75 3 372 19 48 17 16 487 0 0
4 90 5 1 100 0.75 3 373 24 52 22 19 487 0 0
4 90 5 1 100 0.75 3 374 30 56 16 24 487 0 0
4 90 5 1 100 0.75 3 375 31 60 17 30 487 0 1
4 90 5 1 100 0.75 3 376 37 64 18 31 487 0 2
4 90 5 1 100 0.75 3 377 39 68 26 37 487 0 7
4 90 5 1 100 0.75 3 378 46 72 27 39 487 0 13
4 90 5 1 100 0.75 3 379 49 76 32 46 487 0 15
4 90 5 1 100 0.75 3 380 55 80 30 49 487 0 20
4 90 5 1 100 0.75 3 381 58 84 32 55 487 0 23
4 90 5 1 100 0.75 3 382 62 88 36 58 487 0 24
4 90 5 1 100 0.75 3 383 64 92 35 62 487 0 24
4 90 5 1 100 0.75 3 384 69 96 40 64 487 0 27
4 90 5 1 100 0.75 3 385 71 100 50 69 487 0 33
4 90 5 1 100 0.75 3 386 75 104 53 71 487 0 33
4 90 5 1 100 0.75 3 387 79 108 50 75 487 0 38
4 90 5 1 100 0.75 3 388 86 109 53 79 487 0 43
4 90 5 1 100 0.75 3 389 90 109 41 86 487 0 44
4 90 5 1 100 0.75 3 390 93 109 43 90 487 0 49
4 90 5 1 100 0.75 3 391 98 109 43 93 487 0 51
4 90 5 1 100 0.75 3 392 102 108 46 97 488 1 55
4 90 5 1 100 0.75 3 393 104 109 37 101 488 1 58
4 90 5 1 100 0.75 3 394 109 102 41 96 495 8 53
4 90 5 1 100 0.75 3 395 109 104 41 99 497 10 56
4 90 5 1 100 0.75 3 396 109 102 57 93 503 16 54
4 90 5 1 100 0.75 3 397 109 103 44 90 506 19 53
4 90 5 1 100 0.75 3 398 109 103 57 86 510 23 54
4 90 5 1 100 0.75 3 399 109 107 60 86 510 23 55
4 90 5 1 100 0.75 3 400 109 105 47 82 514 27 52
4 90 5 1 100 0.75 3 401 109 106 55 80 517 30 54
4 90 5 1 100 0.75 3 402 109 105 54 78 521 34 51
4 90 5 1 100 0.75 3 403 109 106 57 78 524 37 48
4 90 5 1 100 0.75 3 404 109 108 54 83 525 38 47
4 90 5 1 100 0.75 3 405 109 108 50 84 526 39 46
4 90 5 1 100 0.75 3 406 109 105 42 83 530 43 42
4 90 5 1 100 0.75 3 407 109 107 49 86 532 45 41
4 90 5 1 100 0.75 3 408 109 104 44 83 537 50 36
4 90 5 1 100 0.75 3 409 109 103 39 82 542 55 32
4 90 5 1 100 0.75 3 410 109 103 44 82 546 59 32
4 90 5 1 100 0.75 3 411 109 103 33 81 550 63 31
4 90 5 1 100 0.75 3 412 109 103 39 80 554 67 30
4 90 5 1 100 0.75 3 413 109 105 39 78 556 69 30
4 90 5 1 100 0.75 3 414 109 106 39 78 559 72 29
4 90 5 1 100 0.75 3 415 109 107 29 78 561 74 29
4 90 5 1 100 0.75 3 416 109 105 44 78 565 78 26
4 90 5 1 100 0.75 3 417 109 106 33 77 568 81 26
4 90 5 1 100 0.75 3 418 109 106 37 81 571 84 26
4 90 5 1 100 0.75 3 419 109 109 41 84 571 84 27
4 90 5 1 100 0.75 3 420 109 109 35 87 571 84 29
4 90 5 1 100 0.75 3 421 109 109 29 92 571 84 32
4 90 5 1 100 0.75 3 422 109 108 35 96 572 85 33
4 90 5 1 100 0.75 3 423 109 109 33 97 572 85 36
4 90 5 1 100 0.75 3 424 109 109 37 101 572 85 41
4 90 5 1 100 0.75 3 425 109 108 39 102 573 86 42
4 90 5 1 100 0.75 3 426 109 105 40 102 577 90 41
4 90 5 1 100 0.75 3 427 109 109 40 102 577 90 44
4 90 5 1 100 0.75 3 428 109 107 44 101 579 92 43
4 90 5 1 100 0.75 3 429 109 106 37 98 582 95 42
4 90 5 1 100 0.75 3 430 109 106 39 96 585 98 40
4 90 5 1 100 0.75 3 431 109 107 47 94 587 100 44
4 90 5 1 100 0.75 3 432 109 109 49 94 587 100 47
4 90 5 1 100 0.75 3 433 109 106 39 91 590 103 45
4 90 5 1 100 0.75 3 434 109 107 50 90 591 105 43
4 90 5 1 100 0.75 3 435 109 107 45 92 593 107 42
4 90 5 1 100 0.75 3 436 109 106 41 90 596 110 39
4 90 5 1 100 0.75 3 437 109 105 40 89 600 114 36
4 90 5 1 100 0.75 3 438 109 106 35 88 603 117 33
4 90 5 1 100 0.75 3 439 109 108 36 90 604 118 32
4 90 5 1 100 0.75 3 440 109 108 35 90 605 119 31
4 90 5 1 100 0.75 3 441 109 106 42 89 608 122 29
4 90 5 1 100 0.75 3 442 109 105 35 87 612 126 27
4 90 5 1 100 0.75 3 443 109 104 44 85 617 131 23
4 90 5 1 100 0.75 3 444 109 105 34 82 620 134 22
4 90 5 1 100 0.75 3 445 109 107 36 85 622 136 22
4 90 5 1 100 0.75 3 446 109 107 32 86 624 138 22
4 90 5 1 100 0.75 3 447 109 108 44 87 625 139 23
4 90 5 1 100 0.75 3 448 109 106 43 86 628 142 21
4 90 5 1 100 0.75 3 449 109 106 31 84 631 145 20
4 90 5 1 100 0.75 3 450 109 108 32 88 632 146 19
4 90 5 1 100 0.75 3 451 109 108 37 89 633 147 19
4 90 5 1 100 0.75 3 452 109 107 39 90 635 149 19
4 90 5 1 100 0.75 3 453 109 109 38 94 635 149 22
4 90 5 1 100 0.75 3 454 109 109 36 96 635 149 22
4 90 5 1 100 0.75 3 455 109 108 34 97 636 150 21
4 90 5 1 100 0.75 3 456 109 109 38 98 636 150 24
4 90 5 1 100 0.75 3 457 109 109 40 102 636 150 27
4 90 5 1 100 0.75 3 458 109 109 37 104 636 150 28
4 90 5 1 100 0.75 3 459 109 107 30 104 638 152 28
4 90 5 1 100 0.75 3 460 109 107 43 103 640 154 29
4 90 5 1 100 0.75 3 461 109 107 36 101 642 156 30
4 90 5 1 100 0.75 3 462 109 107 38 100 644 158 29
4 90 5 1 100 0.75 3 463 109 108 36 99 645 159 30
4 90 5 1 100 0.75 3 464 109 107 35 98 647 161 30
4 90 5 1 100 0.75 3 465 109 108 43 97 648 162 30
4 90 5 1 100 0.75 3 466 109 109 42 97 648 162 32
4 90 5 1 100 0.75 3 467 109 106 39 94 651 165 30
4 90 5 1 100 0.75 3 468 109 107 32 94 653 167 29
4 90 5 1 100 0.75 3 469 109 109 39 97 653 167 29
4 90 5 1 100 0.75 3 470 109 108 46 97 654 168 28
4 90 5 1 100 0.75 3 471 109 107 37 96 656 170 26
4 90 5 1 100 0.75 3 472 109 108 37 97 657 171 25
4 90 5 1 100 0.75 3 473 109 105 27 96 661 175 21
4 90 5 1 100 0.75 3 474 109 108 26 95 662 176 20
4 90 5 1 100 0.75 3 475 109 108 41 95 663 177 21
4 90 5 1 100 0.75 3 476 109 107 35 95 665 179 21
4 90 5 1 100 0.75 3 477 109 107 36 95 667 181 21
4 90 5 1 100 0.75 3 478 109 106 31 92 670 184 20
4 90 5 1 100 0.75 3 479 109 108 39 92 671 185 20
4 90 5 1 100 0.75 3 480 109 106 33 91 674 188 18
4 90 5 1 100 0.75 3 481 109 105 33 91 678 192 14
4 90 5 1 100 0.75 3 482 109 108 30 92 679 193 14
4 90 5 1 100 0.75 3 483 109 109 32 92 679 193 16
4 90 5 1 100 0.75 3 484 109 108 27 92 680 194 16
4 90 5 1 100 0.75 3 485 109 108 30 93 681 195 16
4 90 5 1 100 0.75 3 486 109 108 34 95 682 196 16
4 90 5 1 100 0.75 3 487 109 109 30 97 682 196 19
4 90 5 1 100 0.75 3 488 109 109 30 100 682 196 21
4 90 5 1 100 0.75 3 489 109 109 35 101 682 196 23
4 90 5 1 100 0.75 3 490 109 109 27 105 682 196 23
4 90 5 1 100 0.75 3 491 109 109 24 106 682 196 24
4 90 5 1 100 0.75 3 492 109 108 37 106 682 197 26
4 90 5 1 100 0.75 3 493 109 108 30 106 683 198 27
4 90 5 1 100 0.75 3 494 109 105 35 103 687 202 26
4 90 5 1 100 0.75 3 495 109 108 30 102 688 203 26
4 90 5 1 100 0.75 3 496 109 109 36 102 688 203 26
4 90 5 1 100 0.75 3 497 109 106 41 99 691 206 25
4 90 5 1 100 0.75 3 498 109 107 33 97 693 208 23
4 90 5 1 100 0.75 3 499 109 108 36 96 694 209 24
4 90 5 1 100 0.75 3 500 109 108 39 95 695 210 23
4 90 5 1 100 0.75 3 501 109 108 32 95 696 211 22
4 90 5 1 100 0.75 3 502 109 108 32 96 697 212 21
4 90 5 1 100 0.75 3 503 109 106 32 95 700 215 18
4 90 5 1 100 0.75 3 504 109 108 30 96 701 216 17
4 90 5 1 100 0.75 3 505 109 108 28 98 701 217 16
4 90 5 1 100 0.75 3 506 109 108 25 98 702 218 15
4 90 5 1 100 0.75 3 507 109 108 31 98 703 219 15
4 90 5 1 100 0.75 3 508 109 107 31 97 705 221 14
4 90 5 1 100 0.75 3 509 109 106 31 95 708 224 12
4 90 5 1 100 0.75 3 510 109 107 26 95 710 226 12
4 90 5 1 100 0.75 3 510 109 107 107 95 722 226 12
4 90 5 1 100 0.75 3 540 109 107 107 95 580 226 12
4 90 5 1 100 0.75 4 541 0 4 4 0 580 0 0
4 90 5 1 100 0.75 4 542 0 8 8 0 580 0 0
4 90 5 1 100 0.75 4 543 0 12 12 0 580 0 0
4 90 5 1 100 0.75 4 544 0 16 16 0 580 0 0
4 90 5 1 100 0.75 4 545 0 20 20 0 580 0 0
4 90 5 1 100 0.75 4 546 0 24 24 0 580 0 0
4 90 5 1 100 0.75 4 547 1 28 22 0 580 0 0
4 90 5 1 100 0.75 4 548 4 32 26 1 580 0 0
4 90 5 1 100 0.75 4 549 7 36 20 4 580 0 0
4 90 5 1 100 0.75 4 550 13 40 22 7 580 0 0
4 90 5 1 100 0.75 4 551 17 44 19 13 580 0 0
4 90 5 1 100 0.75 4 552 20 48 18 17 580 0 0
4 90 5 1 100 0.75 4 553 27 52 18 20 580 0 0
4 90 5 1 100 0.75 4 554 31 56 14 27 580 0 0
4 90 5 1 100 0.75 4 555 33 60 22 31 580 0 3
4 90 5 1 100 0.75 4 556 37 64 17 33 580 0 6
4 90 5 1 100 0.75 4 557 42 68 21 37 580 0 9
4 90 5 1 100 0.75 4 558 45 72 27 42 580 0 13
4 90 5 1 100 0.75 4 559 50 76 21 45 580 0 16
4 90 5 1 100 0.75 4 560 54 80 29 50 580 0 19
4 90 5 1 100 0.75 4 561 58 84 35 54 579 0 24
4 90 5 1 100 0.75 4 562 62 88 28 58 579 0 26
4 90 5 1 100 0.75 4 563 67 92 34 62 579 0 28
4 90 5 1 100 0.75 4 564 71 96 32 67 579 0 33
4 90 5 1 100 0.75 4 565 72 100 46 71 579 0 34
4 90 5 1 100 0.75 4 566 77 104 37 72 579 0 37
4 90 5 1 100 0.75 4 567 79 108 54 77 579 0 43
4 90 5 1 100 0.75 4 568 84 109 42 79 579 0 44
4 90 5 1 100 0.75 4 569 88 109 47 84 579 0 49
4 90 5 1 100 0.75 4 570 92 109 45 88 579 0 51
4 90 5 1 100 0.75 4 571 97 108 48 91 580 1 55
4 90 5 1 100 0.75 4 572 102 109 39 96 580 1 58
4 90 5 1 100 0.75 4 573 106 102 39 94 587 8 53
4 90 5 1 100 0.75 4 574 108 104 38 96 589 10 55
4 90 5 1 100 0.75 4 575 109 108 44 98 589 10 57
4 90 5 1 100 0.75 4 576 109 107 42 97 591 12 59
4 90 5 1 100 0.75 4 577 109 105 54 93 595 16 58
4 90 5 1 100 0.75 4 578 109 106 49 90 598 19 55
4 90 5 1 100 0.75 4 579 109 106 54 87 601 22 55
4 90 5 1 100 0.75 4 580 109 102 54 81 608 29 51
4 90 5 1 100 0.75 4 581 109 104 49 79 610 31 51
4 90 5 1 100 0.75 4 582 109 102 46 78 616 37 47
4 90 5 1 100 0.75 4 583 109 105 45 80 617 38 46
4 90 5 1 100 0.75 4 584 109 106 50 79 620 41 43
4 90 5 1 100 0.75 4 585 109 105 43 79 624 45 39
4 90 5 1 100 0.75 4 586 109 106 47 78 627 48 36
4 90 5 1 100 0.75 4 587 109 105 37 76 631 52 33
4 90 5 1 100 0.75 4 588 109 109 47 83 631 52 34
4 90 5 1 100 0.75 4 589 109 106 37 81 634 55 34
4 90 5 1 100 0.75 4 590 109 105 38 82 638 59 31
4 90 5 1 100 0.75 4 591 109 106 40 81 641 62 30
4 90 5 1 100 0.75 4 592 109 106 44 84 644 65 32
4 90 5 1 100 0.75 4 593 109 108 38 86 645 66 32
4 90 5 1 100 0.75 4 594 109 105 38 84 649 70 33
4 90 5 1 100 0.75 4 595 109 105 31 85 653 74 31
4 90 5 1 100 0.75 4 596 109 107 42 85 655 76 32
4 90 5 1 100 0.75 4 597 109 106 37 83 658 79 32
4 90 5 1 100 0.75 4 598 109 108 42 85 659 80 33
4 90 5 1 100 0.75 4 599 109 106 44 85 662 83 35
4 90 5 1 100 0.75 4 600 109 108 35 89 663 84 36
4 90 5 1 100 0.75 4 601 109 109 43 91 663 84 39
4 90 5 1 100 0.75 4 602 109 109 40 93 662 84 42
4 90 5 1 100 0.75 4 603 109 109 40 97 662 84 43
4 90 5 1 100 0.75 4 604 109 109 43 100 662 84 45
4 90 5 1 100 0.75 4 605 109 107 35 100 664 86 44
4 90 5 1 100 0.75 4 606 109 109 35 102 664 86 47
4 90 5 1 100 0.75 4 607 109 106 37 102 667 89 46
4 90 5 1 100 0.75 4 608 109 106 44 101 670 92 46
4 90 5 1 100 0.75 4 609 109 107 34 99 672 94 46
4 90 5 1 100 0.75 4 610 109 106 41 96 675 97 48
4 90 5 1 100 0.75 4 611 109 106 32 93 678 100 47
4 90 5 1 100 0.75 4 612 109 104 41 88 683 105 44
4 90 5 1 100 0.75 4 613 109 106 35 87 685 107 43
4 90 5 1 100 0.75 4 614 109 107 38 86 687 109 44
4 90 5 1 100 0.75 4 615 109 109 35 88 687 109 45
4 90 5 1 100 0.75 4 616 109 108 43 90 688 110 44
4 90 5 1 100 0.75 4 617 109 104 34 87 693 115 39
4 90 5 1 100 0.75 4 618 109 104 32 86 697 119 35
4 90 5 1 100 0.75 4 619 109 105 28 86 700 122 32
4 90 5 1 100 0.75 4 620 109 108 37 88 701 123 33
4 90 5 1 100 0.75 4 621 109 106 29 88 704 126 30
4 90 5 1 100 0.75 4 622 109 106 37 88 707 129 29
4 90 5 1 100 0.75 4 623 109 106 37 86 710 132 28
4 90 5 1 100 0.75 4 624 109 107 30 85 712 134 27
4 90 5 1 100 0.75 4 625 109 106 34 83 715 137 25
4 90 5 1 100 0.75 4 626 109 107 39 85 717 139 25
4 90 5 1 100 0.75 4 627 109 107 35 87 719 141 27
4 90 5 1 100 0.75 4 628 109 106 30 88 722 144 25
4 90 5 1 100 0.75 4 629 109 105 35 85 726 148 24
4 90 5 1 100 0.75 4 630 109 105 37 83 730 152 20
4 90 5 1 100 0.75 4 631 109 109 38 86 730 152 22
4 90 5 1 100 0.75 4 632 109 108 33 88 731 153 23
4 90 5 1 100 0.75 4 633 109 108 33 91 732 154 26
4 90 5 1 100 0.75 4 634 109 109 32 91 732 154 29
4 90 5 1 100 0.75 4 635 109 108 37 94 733 155 29
4 90 5 1 100 0.75 4 636 109 109 29 94 733 155 30
4 90 5 1 100 0.75 4 637 109 109 34 100 733 155 32
4 90 5 1 100 0.75 4 638 109 107 27 100 735 157 32
4 90 5 1 100 0.75 4 639 109 108 33 103 736 158 32
4 90 5 1 100 0.75 4 640 109 108 30 102 737 159 31
4 90 5 1 100 0.75 4 641 109 106 31 101 740 162 30
4 90 5 1 100 0.75 4 642 109 108 36 100 741 163 31
4 90 5 1 100 0.75 4 643 109 108 35 99 742 164 31
4 90 5 1 100 0.75 4 644 109 106 34 97 745 167 32
4 90 5 1 100 0.75 4 645 109 108 40 96 746 168 33
4 90 5 1 100 0.75 4 646 109 108 36 96 747 169 35
4 90 5 1 100 0.75 4 647 109 107 37 95 749 171 33
4 90 5 1 100 0.75 4 648 109 107 38 94 750 173 33
4 90 5 1 100 0.75 4 649 109 105 34 92 754 177 29
4 90 5 1 100 0.75 4 650 109 107 35 92 756 179 27
4 90 5 1 100 0.75 4 651 109 107 40 92 758 181 25
4 90 5 1 100 0.75 4 652 109 108 26 91 759 182 24
4 90 5 1 100 0.75 4 653 109 107 29 92 761 184 23
4 90 5 1 100 0.75 4 654 109 107 26 91 762 186 21
4 90 5 1 100 0.75 4 655 109 108 34 92 763 187 21
4 90 5 1 100 0.75 4 656 109 107 31 91 765 189 20
4 90 5 1 100 0.75 4 657 109 108 33 95 766 190 20
4 90 5 1 100 0.75 4 658 109 108 32 96 767 191 20
4 90 5 1 100 0.75 4 659 109 105 26 93 771 195 17
4 90 5 1 100 0.75 4 660 109 108 31 93 772 196 19
4 90 5 1 100 0.75 4 661 109 107 33 93 774 198 19
4 90 5 1 100 0.75 4 662 109 108 28 94 774 199 18
4 90 5 1 100 0.75 4 663 109 105 26 93 778 203 15
4 90 5 1 100 0.75 4 664 109 109 35 95 778 203 19
4 90 5 1 100 0.75 4 665 109 109 32 96 778 203 20
4 90 5 1 100 0.75 4 666 109 106 32 93 781 206 18
4 90 5 1 100 0.75 4 667 109 109 26 95 780 206 21
4 90 5 1 100 0.75 4 668 109 108 28 97 781 207 22
4 90 5 1 100 0.75 4 669 109 109 30 99 781 207 23
4 90 5 1 100 0.75 4 670 109 109 31 101 781 207 24
4 90 5 1 100 0.75 4 671 109 109 26 103 781 207 26
4 90 5 1 100 0.75 4 672 109 109 29 105 781 207 26
4 90 5 1 100 0.75 4 673 109 107 23 103 783 209 24
4 90 5 1 100 0.75 4 674 109 109 27 104 783 209 27
4 90 5 1 100 0.75 4 675 109 108 27 105 784 210 28
4 90 5 1 100 0.75 4 676 109 107 30 104 786 212 29
4 90 5 1 100 0.75 4 677 109 107 33 102 788 214 27
4 90 5 1 100 0.75 4 678 109 107 31 100 790 216 28
4 90 5 1 100 0.75 4 679 109 108 31 99 791 217 27
4 90 5 1 100 0.75 4 680 109 108 28 98 792 218 26
4 90 5 1 100 0.75 4 681 109 108 29 97 793 219 28
4 90 5 1 100 0.75 4 682 109 109 26 99 793 219 29
4 90 5 1 100 0.75 4 683 109 106 29 97 796 222 26
4 90 5 1 100 0.75 4 684 109 106 25 96 799 225 23
4 90 5 1 100 0.75 4 685 109 108 30 95 800 226 22
4 90 5 1 100 0.75 4 686 109 106 17 95 803 229 19
4 90 5 1 100 0.75 4 687 109 107 28 94 805 231 17
4 90 5 1 100 0.75 4 688 109 108 26 94 806 232 16
4 90 5 1 100 0.75 4 689 109 108 28 94 807 233 16
4 90 5 1 100 0.75 4 690 109 108 23 94 808 234 16
4 90 5 1 100 0.75 4 690 109 108 108 94 824 234 16
4 90 5 1 100 0.75 4 720 109 108 108 94 652 234 16
4 90 5 1 100 0.75 5 721 0 4 4 0 652 0 0
4 90 5 1 100 0.75 5 722 0 8 8 0 652 0 0
4 90 5 1 100 0.75 5 723 0 12 12 0 652 0 0
4 90 5 1 100 0.75 5 724 0 16 16 0 652 0 0
4 90 5 1 100 0.75 5 725 0 20 20 0 652 0 0
4 90 5 1 100 0.75 5 726 0 24 22 0 652 0 0
4 90 5 1 100 0.75 5 727 2 28 25 0 652 0 0
4 90 5 1 100 0.75 5 728 4 32 22 2 652 0 0
4 90 5 1 100 0.75 5 729 8 36 23 4 652 0 0
4 90 5 1 100 0.75 5 730 11 40 19 8 652 0 0
4 90 5 1 100 0.75 5 731 16 44 17 11 652 0 0
4 90 5 1 100 0.75 5 732 22 48 17 16 652 0 0
4 90 5 1 100 0.75 5 733 24 52 16 22 652 0 0
4 90 5 1 100 0.75 5 734 32 56 15 24 652 0 1
4 90 5 1 100 0.75 5 735 35 60 18 32 651 0 2
4 90 5 1 100 0.75 5 736 37 64 17 35 651 0 5
4 90 5 1 100 0.75 5 737 41 68 26 37 651 0 8
4 90 5 1 100 0.75 5 738 44 72 20 41 651 0 9
4 90 5 1 100 0.75 5 739 49 76 28 44 651 0 16
4 90 5 1 100 0.75 5 740 53 80 28 49 651 0 19
4 90 5 1 100 0.75 5 741 58 84 33 53 651 0 23
4 90 5 1 100 0.75 5 742 61 88 32 58 651 0 26
4 90 5 1 100 0.75 5 743 64 92 38 61 651 0 28
4 90 5 1 100 0.75 5 744 69 96 39 64 651 0 29
4 90 5 1 100 0.75 5 745 75 100 37 69 651 0 30
4 90 5 1 100 0.75 5 746 77 104 35 75 651 0 31
4 90 5 1 100 0.75 5 747 83 108 33 77 651 0 35
4 90 5 1 100 0.75 5 748 85 109 45 83 651 0 41
4 90 5 1 100 0.75 5 749 90 108 36 84 652 1 41
4 90 5 1 100 0.75 5 750 93 109 45 89 652 1 45
4 90 5 1 100 0.75 5 751 96 109 42 92 652 1 46
4 90 5 1 100 0.75 5 752 103 108 43 94 653 2 51
4 90 5 1 100 0.75 5 753 108 108 36 100 654 3 53
4 90 5 1 100 0.75 5 754 108 106 37 102 657 6 53
4 90 5 1 100 0.75 5 755 109 105 36 98 661 10 53
4 90 5 1 100 0.75 5 756 109 104 38 94 666 15 52
4 90 5 1 100 0.75 5 757 109 104 37 91 670 19 49
4 90 5 1 100 0.75 5 758 109 106 40 89 672 21 50
4 90 5 1 100 0.75 5 759 109 106 51 86 675 24 52
4 90 5 1 100 0.75 5 760 109 109 54 86 675 24 57
4 90 5 1 100 0.75 5 761 109 106 45 84 678 27 54
4 90 5 1 100 0.75 5 762 109 108 42 85 679 28 54
4 90 5 1 100 0.75 5 763 109 107 44 86 681 30 53
4 90 5 1 100 0.75 5 764 109 105 38 86 685 34 49
4 90 5 1 100 0.75 5 765 109 105 38 88 688 38 45
4 90 5 1 100 0.75 5 766 109 105 39 87 692 42 41
4 90 5 1 100 0.75 5 767 109 106 36 86 695 45 39
4 90 5 1 100 0.75 5 768 109 104 34 83 700 50 34
4 90 5 1 100 0.75 5 769 109 105 31 81 703 53 34
4 90 5 1 100 0.75 5 770 109 105 44 79 707 57 33
4 90 5 1 100 0.75 5 771 109 106 44 78 710 60 32
4 90 5 1 100 0.75 5 772 109 108 44 79 711 61 36
4 90 5 1 100 0.75 5 773 109 104 33 78 716 66 32
4 90 5 1 100 0.75 5 774 109 105 36 80 719 69 30
4 90 5 1 100 0.75 5 775 109 105 37 80 723 73 27
4 90 5 1 100 0.75 5 776 109 108 32 84 724 74 28
4 90 5 1 100 0.75 5 777 109 109 44 87 724 74 29
4 90 5 1 100 0.75 5 778 109 104 27 85 729 79 26
4 90 5 1 100 0.75 5 779 109 106 36 86 731 81 24
4 90 5 1 100 0.75 5 780 109 107 36 87 733 83 25
4 90 5 1 100 0.75 5 781 109 109 37 90 733 83 27
4 90 5 1 100 0.75 5 782 109 109 30 92 733 83 30
4 90 5 1 100 0.75 5 783 109 109 31 98 733 83 33
4 90 5 1 100 0.75 5 784 109 109 34 99 733 83 36
4 90 5 1 100 0.75 5 785 109 106 33 97 736 86 35
4 90 5 1 100 0.75 5 786 109 107 34 97 738 88 34
4 90 5 1 100 0.75 5 787 109 105 31 97 742 92 32
4 90 5 1 100 0.75 5 788 109 108 32 98 743 93 32
4 90 5 1 100 0.75 5 789 109 108 27 98 744 94 34
4 90 5 1 100 0.75 5 790 109 107 34 96 746 96 36
4 90 5 1 100 0.75 5 791 109 106 38 93 749 99 33
4 90 5 1 100 0.75 5 792 109 107 40 91 751 101 33
4 90 5 1 100 0.75 5 793 109 108 37 91 752 102 34
4 90 5 1 100 0.75 5 794 109 107 33 91 754 104 33
4 90 5 1 100 0.75 5 795 109 108 41 93 755 105 35
4 90 5 1 100 0.75 5 796 109 109 39 97 755 105 35
4 90 5 1 100 0.75 5 797 109 106 38 94 758 108 32
4 90 5 1 100 0.75 5 798 109 107 28 94 760 110 30
4 90 5 1 100 0.75 5 799 109 107 33 95 762 112 28
4 90 5 1 100 0.75 5 800 109 106 35 93 765 115 27
4 90 5 1 100 0.75 5 801 109 108 36 95 766 116 28
4 90 5 1 100 0.75 5 802 109 104 32 90 771 121 25
4 90 5 1 100 0.75 5 803 109 108 34 91 771 121 26
4 90 5 1 100 0.75 5 804 109 106 32 90 774 124 24
4 90 5 1 100 0.75 5 805 109 107 26 90 776 126 23
4 90 5 1 100 0.75 5 806 109 107 39 90 778 128 23
4 90 5 1 100 0.75 5 807 109 109 30 92 778 128 24
4 90 5 1 100 0.75 5 808 109 104 35 89 783 133 20
4 90 5 1 100 0.75 5 809 109 106 36 90 785 135 18
4 90 5 1 100 0.75 5 810 109 107 33 90 787 137 19
4 90 5 1 100 0.75 5 811 109 107 28 91 789 139 18
4 90 5 1 100 0.75 5 812 109 109 32 93 789 139 20
4 90 5 1 100 0.75 5 813 109 108 30 93 790 140 19
4 90 5 1 100 0.75 5 814 109 109 29 96 790 140 20
4 90 5 1 100 0.75 5 815 109 109 27 97 790 140 22
4 90 5 1 100 0.75 5 816 109 108 25 98 791 141 22
4 90 5 1 100 0.75 5 817 109 107 28 100 793 143 22
4 90 5 1 100 0.75 5 818 109 109 32 102 793 143 25
4 90 5 1 100 0.75 5 819 109 109 27 103 793 143 25
4 90 5 1 100 0.75 5 820 109 107 28 102 795 145 24
4 90 5 1 100 0.75 5 821 109 107 34 100 797 147 24
4 90 5 1 100 0.75 5 822 109 107 31 100 799 149 23
4 90 5 1 100 0.75 5 823 109 106 25 97 802 152 22
4 90 5 1 100 0.75 5 824 109 108 30 96 803 153 22
4 90 5 1 100 0.75 5 825 109 109 27 98 803 153 23
4 90 5 1 100 0.75 5 826 109 108 32 98 804 154 23
4 90 5 1 100 0.75 5 827 109 108 23 97 805 155 23
4 90 5 1 100 0.75 5 828 109 108 26 96 806 156 24
4 90 5 1 100 0.75 5 829 109 107 27 98 808 158 22
4 90 5 1 100 0.75 5 830 109 108 25 98 809 159 21
4 90 5 1 100 0.75 5 831 109 109 24 101 809 159 21
4 90 5 1 100 0.75 5 832 109 107 27 101 811 161 21
4 90 5 1 100 0.75 5 833 109 106 33 98 814 164 18
4 90 5 1 100 0.75 5 834 109 108 24 97 815 165 17
4 90 5 1 100 0.75 5 835 109 108 25 97 816 166 17
4 90 5 1 100 0.75 5 836 109 109 28 98 816 166 20
4 90 5 1 100 0.75 5 837 109 108 33 99 817 167 21
4 90 5 1 100 0.75 5 838 109 105 23 97 821 171 18
4 90 5 1 100 0.75 5 839 109 109 28 97 821 171 19
4 90 5 1 100 0.75 5 840 109 107 28 97 823 173 17
4 90 5 1 100 0.75 5 841 109 107 21 98 825 175 15
4 90 5 1 100 0.75 5 842 109 107 28 97 826 177 15
4 90 5 1 100 0.75 5 843 109 106 20 94 829 180 12
4 90 5 1 100 0.75 5 844 109 109 30 95 829 180 14
4 90 5 1 100 0.75 5 845 109 109 24 96 829 180 15
4 90 5 1 100 0.75 5 846 109 109 29 98 829 180 16
4 90 5 1 100 0.75 5 847 109 109 29 100 829 180 17
4 90 5 1 100 0.75 5 848 109 108 29 100 830 181 18
4 90 5 1 100 0.75 5 849 109 109 28 102 830 181 19
4 90 5 1 100 0.75 5 850 109 108 25 102 831 182 18
4 90 5 1 100 0.75 5 851 109 108 27 106 832 183 18
4 90 5 1 100 0.75 5 852 109 107 34 104 834 185 19
4 90 5 1 100 0.75 5 853 109 106 26 101 837 188 16
4 90 5 1 100 0.75 5 854 109 109 22 101 837 188 17
4 90 5 1 100 0.75 5 855 109 109 33 101 837 188 19
4 90 5 1 100 0.75 5 856 109 108 25 100 838 189 19
4 90 5 1 100 0.75 5 857 109 107 28 99 840 191 18
4 90 5 1 100 0.75 5 858 109 108 25 98 841 192 17
4 90 5 1 100 0.75 5 859 109 109 31 99 841 192 17
4 90 5 1 100 0.75 5 860 109 109 29 102 840 192 17
4 90 5 1 100 0.75 5 861 109 108 27 102 841 193 16
4 90 5 1 100 0.75 5 862 109 108 26 103 842 194 15
4 90 5 1 100 0.75 5 863 109 109 28 103 842 194 15
4 90 5 1 100 0.75 5 864 109 107 25 101 844 196 14
4 90 5 1 100 0.75 5 865 109 108 29 103 845 197 14
4 90 5 1 100 0.75 5 866 109 107 20 102 847 199 13
4 90 5 1 100 0.75 5 867 109 107 20 100 849 201 11
4 90 5 1 100 0.75 5 868 109 109 33 100 849 201 11
4 90 5 1 100 0.75 5 869 109 108 20 100 850 202 12
4 90 5 1 100 0.75 5 870 109 109 26 100 850 202 12
4 90 5 1 100 0.75 5 870 109 109 109 100 861 202 12
4 90 5 1 100 0.75 5 900 109 109 109 100 668 202 12
4 90 5 1 100 0.75 6 901 0 4 4 0 668 0 0
4 90 5 1 100 0.75 6 902 0 8 8 0 668 0 0
4 90 5 1 100 0.75 6 903 0 12 12 0 668 0 0
4 90 5 1 100 0.75 6 904 0 16 16 0 668 0 0
4 90 5 1 100 0.75 6 905 0 20 19 0 668 0 0
4 90 5 1 100 0.75 6 906 0 24 21 0 668 0 0
4 90 5 1 100 0.75 6 907 0 28 26 0 668 0 0
4 90 5 1 100 0.75 6 908 2 32 23 0 668 0 0
4 90 5 1 100 0.75 6 909 8 36 17 2 668 0 0
4 90 5 1 100 0.75 6 910 14 40 21 8 668 0 0
4 90 5 1 100 0.75 6 911 17 44 14 14 668 0 0
4 90 5 1 100 0.75 6 912 22 48 18 17 668 0 0
4 90 5 1 100 0.75 6 913 25 52 19 22 668 0 0
4 90 5 1 100 0.75 6 914 29 56 15 25 668 0 0
4 90 5 1 100 0.75 6 915 34 60 13 29 668 0 0
4 90 5 1 100 0.75 6 916 38 64 17 34 668 0 2
4 90 5 1 100 0.75 6 917 41 68 21 38 668 0 4
4 90 5 1 100 0.75 6 918 46 72 24 41 668 0 8
4 90 5 1 100 0.75 6 919 49 76 24 46 668 0 12
4 90 5 1 100 0.75 6 920 54 80 28 49 668 0 13
4 90 5 1 100 0.75 6 921 57 84 31 54 668 0 17
4 90 5 1 100 0.75 6 922 61 88 35 57 668 0 18
4 90 5 1 100 0.75 6 923 67 92 33 61 668 0 21
4 90 5 1 100 0.75 6 924 69 96 43 67 668 0 24
4 90 5 1 100 0.75 6 925 75 100 34 69 667 0 29
4 90 5 1 100 0.75 6 926 78 104 42 75 666 0 31
4 90 5 1 100 0.75 6 927 81 108 45 78 666 0 34
4 90 5 1 100 0.75 6 928 87 109 45 81 666 0 38
4 90 5 1 100 0.75 6 929 89 109 46 87 666 0 39
4 90 5 1 100 0.75 6 930 94 109 45 89 666 0 44
4 90 5 1 100 0.75 6 931 99 109 52 94 666 0 47
4 90 5 1 100 0.75 6 932 102 108 42 98 667 1 47
4 90 5 1 100 0.75 6 933 105 109 44 101 667 1 52
4 90 5 1 100 0.75 6 934 108 104 39 99 672 6 48
4 90 5 1 100 0.75 6 935 109 107 41 101 673 7 53
4 90 5 1 100 0.75 6 936 109 106 45 99 676 10 52
4 90 5 1 100 0.75 6 937 109 106 48 96 679 13 52
4 90 5 1 100 0.75 6 938 109 105 48 92 682 17 52
4 90 5 1 100 0.75 6 939 109 109 45 92 682 17 54
4 90 5 1 100 0.75 6 940 109 105 48 89 686 21 51
4 90 5 1 100 0.75 6 941 109 107 50 87 688 23 51
4 90 5 1 100 0.75 6 942 109 106 49 85 691 26 51
4 90 5 1 100 0.75 6 943 109 106 42 86 694 29 48
4 90 5 1 100 0.75 6 944 109 106 50 85 697 32 45
4 90 5 1 100 0.75 6 945 109 102 40 80 704 39 38
4 90 5 1 100 0.75 6 946 109 105 44 82 705 40 38
4 90 5 1 100 0.75 6 947 109 103 40 80 711 46 32
4 90 5 1 100 0.75 6 948 109 107 40 80 711 46 33
4 90 5 1 100 0.75 6 949 109 109 45 84 711 46 35
4 90 5 1 100 0.75 6 950 109 106 40 83 713 49 34
4 90 5 1 100 0.75 6 951 109 106 41 85 716 52 32
4 90 5 1 100 0.75 6 952 109 104 40 82 721 57 29
4 90 5 1 100 0.75 6 953 109 105 37 83 724 60 28
4 90 5 1 100 0.75 6 954 109 107 35 84 726 62 29
4 90 5 1 100 0.75 6 955 109 108 42 87 727 63 28
4 90 5 1 100 0.75 6 956 109 106 35 86 729 66 30
4 90 5 1 100 0.75 6 957 109 104 32 84 734 71 26
4 90 5 1 100 0.75 6 958 109 105 40 82 737 74 26
4 90 5 1 100 0.75 6 959 109 108 31 84 738 75 26
4 90 5 1 100 0.75 6 960 109 108 42 84 739 76 29
4 90 5 1 100 0.75 6 961 109 108 36 91 739 77 31
4 90 5 1 100 0.75 6 962 109 109 41 92 739 77 33
4 90 5 1 100 0.75 6 963 109 109 29 94 739 77 33
4 90 5 1 100 0.75 6 964 109 109 39 98 739 77 34
4 90 5 1 100 0.75 6 965 109 107 35 96 741 79 32
4 90 5 1 100 0.75 6 966 109 108 37 102 742 80 32
4 90 5 1 100 0.75 6 967 109 109 30 104 741 80 35
4 90 5 1 100 0.75 6 968 109 106 39 101 744 83 36
4 90 5 1 100 0.75 6 969 109 107 36 100 746 85 34
4 90 5 1 100 0.75 6 970 109 106 41 98 749 88 36
4 90 5 1 100 0.75 6 971 109 108 41 97 750 89 36
4 90 5 1 100 0.75 6 972 109 107 48 95 752 91 37
4 90 5 1 100 0.75 6 973 109 104 51 91 757 96 36
4 90 5 1 100 0.75 6 974 109 108 44 91 757 96 37
4 90 5 1 100 0.75 6 975 109 107 49 91 759 98 35
4 90 5 1 100 0.75 6 976 109 104 37 87 764 103 30
4 90 5 1 100 0.75 6 977 109 106 38 87 766 105 28
4 90 5 1 100 0.75 6 978 109 107 39 88 768 107 26
4 90 5 1 100 0.75 6 979 109 108 35 90 769 108 26
4 90 5 1 100 0.75 6 980 109 108 43 90 770 109 25
4 90 5 1 100 0.75 6 981 109 107 24 91 772 111 23
4 90 5 1 100 0.75 6 982 109 108 38 92 773 112 24
4 90 5 1 100 0.75 6 983 109 108 32 93 774 113 24
4 90 5 1 100 0.75 6 984 109 107 28 94 776 115 23
4 90 5 1 100 0.75 6 985 109 108 33 97 777 116 23
4 90 5 1 100 0.75 6 986 109 109 27 99 777 116 24
4 90 5 1 100 0.75 6 987 109 105 30 96 781 120 21
4 90 5 1 100 0.75 6 988 109 105 30 94 785 124 21
4 90 5 1 100 0.75 6 989 109 106 36 91 788 127 19
4 90 5 1 100 0.75 6 990 109 107 25 90 790 129 19
4 90 5 1 100 0.75 6 991 109 108 38 92 791 130 21
4 90 5 1 100 0.75 6 992 109 107 29 91 793 132 19
4 90 5 1 100 0.75 6 993 109 108 34 91 793 133 20
4 90 5 1 100 0.75 6 994 109 109 32 92 793 133 21
4 90 5 1 100 0.75 6 995 109 108 36 93 794 134 21
4 90 5 1 100 0.75 6 996 109 109 39 96 794 134 21
4 90 5 1 100 0.75 6 997 109 108 27 99 795 135 22
4 90 5 1 100 0.75 6 998 109 109 36 103 795 135 25
4 90 5 1 100 0.75 6 999 109 109 34 103 795 135 26
4 90 5 1 100 0.75 6 1000 109 109 35 105 795 135 27
4 90 5 1 100 0.75 6 1001 109 107 29 105 797 137 27
4 90 5 1 100 0.75 6 1002 109 109 34 105 797 137 27
4 90 5 1 100 0.75 6 1003 109 107 40 104 799 139 28
4 90 5 1 100 0.75 6 1004 109 107 34 102 801 141 30
4 90 5 1 100 0.75 6 1005 109 108 30 101 802 142 30
4 90 5 1 100 0.75 6 1006 109 108 34 101 803 143 30
4 90 5 1 100 0.75 6 1007 109 107 39 99 805 145 28
4 90 5 1 100 0.75 6 1008 109 106 35 96 808 148 26
4 90 5 1 100 0.75 6 1009 109 107 31 95 810 150 24
4 90 5 1 100 0.75 6 1010 109 107 24 94 812 152 23
4 90 5 1 100 0.75 6 1011 109 108 38 93 813 153 22
4 90 5 1 100 0.75 6 1012 109 108 27 95 814 154 21
4 90 5 1 100 0.75 6 1013 109 108 39 96 815 155 20
4 90 5 1 100 0.75 6 1014 109 107 37 95 817 157 18
4 90 5 1 100 0.75 6 1015 109 107 36 93 819 159 16
4 90 5 1 100 0.75 6 1016 109 108 27 94 820 160 16
4 90 5 1 100 0.75 6 1017 109 107 31 95 822 162 14
4 90 5 1 100 0.75 6 1018 109 108 27 98 823 163 13
4 90 5 1 100 0.75 6 1019 109 107 33 97 825 165 13
4 90 5 1 100 0.75 6 1020 109 107 27 96 827 167 12
4 90 5 1 100 0.75 6 1021 109 105 34 92 831 171 9
4 90 5 1 100 0.75 6 1022 109 108 26 94 832 172 9
4 90 5 1 100 0.75 6 1023 109 107 30 92 834 174 10
4 90 5 1 100 0.75 6 1024 109 109 31 94 834 174 14
4 90 5 1 100 0.75 6 1025 109 109 24 96 834 174 15
4 90 5 1 100 0.75 6 1026 109 109 24 97 834 174 16
4 90 5 1 100 0.75 6 1027 109 109 25 99 834 174 17
4 90 5 1 100 0.75 6 1028 109 108 22 101 835 175 16
4 90 5 1 100 0.75 6 1029 109 109 20 104 835 175 18
4 90 5 1 100 0.75 6 1030 109 109 25 105 835 175 20
4 90 5 1 100 0.75 6 1031 109 108 29 105 836 176 19
4 90 5 1 100 0.75 6 1032 109 109 26 107 836 176 22
4 90 5 1 100 0.75 6 1033 109 109 27 107 836 176 23
4 90 5 1 100 0.75 6 1034 109 109 30 107 836 176 25
4 90 5 1 100 0.75 6 1035 109 108 32 106 837 177 26
4 90 5 1 100 0.75 6 1036 109 108 34 105 837 178 25
4 90 5 1 100 0.75 6 1037 109 108 26 105 838 179 26
4 90 5 1 100 0.75 6 1038 109 108 28 104 839 180 25
4 90 5 1 100 0.75 6 1039 109 105 31 101 843 184 22
4 90 5 1 100 0.75 6 1040 109 109 26 101 843 184 22
4 90 5 1 100 0.75 6 1041 109 109 35 101 843 184 22
4 90 5 1 100 0.75 6 1042 109 107 30 99 845 186 20
4 90 5 1 100 0.75 6 1043 109 106 30 97 848 189 17
4 90 5 1 100 0.75 6 1044 109 109 30 98 848 189 18
4 90 5 1 100 0.75 6 1045 109 108 26 97 849 190 17
4 90 5 1 100 0.75 6 1046 109 106 24 96 851 193 15
4 90 5 1 100 0.75 6 1047 109 107 21 98 853 195 13
4 90 5 1 100 0.75 6 1048 109 108 20 97 854 196 12
4 90 5 1 100 0.75 6 1049 109 109 32 97 854 196 12
4 90 5 1 100 0.75 6 1050 109 106 30 96 857 199 9
4 90 5 1 100 0.75 6 1050 109 106 106 96 866 199 9
4 90 5 1 100 0.75 6 1080 109 106 106 96 655 199 9
4 90 5 1 100 0.75 7 1081 0 4 4 0 655 0 0
4 90 5 1 100 0.75 7 1082 0 8 8 0 655 0 0
4 90 5 1 100 0.75 7 1083 0 12 12 0 655 0 0
4 90 5 1 100 0.75 7 1084 0 16 16 0 655 0 0
4 90 5 1 100 0.75 7 1085 0 20 18 0 655 0 0
4 90 5 1 100 0.75 7 1086 0 24 20 0 655 0 0
4 90 5 1 100 0.75 7 1087 1 28 21 0 655 0 0
4 90 5 1 100 0.75 7 1088 3 32 23 1 655 0 0
4 90 5 1 100 0.75 7 1089 7 36 17 3 655 0 0
4 90 5 1 100 0.75 7 1090 13 40 18 7 655 0 0
4 90 5 1 100 0.75 7 1091 18 44 17 13 655 0 0
4 90 5 1 100 0.75 7 1092 22 48 16 18 655 0 0
4 90 5 1 100 0.75 7 1093 26 52 12 22 655 0 0
4 90 5 1 100 0.75 7 1094 31 56 10 26 655 0 0
4 90 5 1 100 0.75 7 1095 34 60 19 31 655 0 0
4 90 5 1 100 0.75 7 1096 38 64 15 34 655 0 1
4 90 5 1 100 0.75 7 1097 41 68 17 38 655 0 6
4 90 5 1 100 0.75 7 1098 46 72 26 41 655 0 12
4 90 5 1 100 0.75 7 1099 52 76 27 46 655 0 16
4 90 5 1 100 0.75 7 1100 54 80 28 52 655 0 18
4 90 5 1 100 0.75 7 1101 57 84 31 54 655 0 20
4 90 5 1 100 0.75 7 1102 64 88 28 57 655 0 26
4 90 5 1 100 0.75 7 1103 67 92 30 64 655 0 28
4 90 5 1 100 0.75 7 1104 71 96 39 67 655 0 28
4 90 5 1 100 0.75 7 1105 74 100 36 71 655 0 32
4 90 5 1 100 0.75 7 1106 77 104 40 74 655 0 35
4 90 5 1 100 0.75 7 1107 81 108 50 77 655 0 38
4 90 5 1 100 0.75 7 1108 87 109 34 81 655 0 40
4 90 5 1 100 0.75 7 1109 90 109 50 87 655 0 43
4 90 5 1 100 0.75 7 1110 93 109 42 90 655 0 49
4 90 5 1 100 0.75 7 1111 98 109 35 93 655 0 51
4 90 5 1 100 0.75 7 1112 103 108 39 97 656 1 53
4 90 5 1 100 0.75 7 1113 105 107 43 100 658 3 53
4 90 5 1 100 0.75 7 1114 109 107 49 100 660 5 54
4 90 5 1 100 0.75 7 1115 109 105 39 100 664 9 52
4 90 5 1 100 0.75 7 1116 109 106 37 97 667 12 53
4 90 5 1 100 0.75 7 1117 109 103 53 91 673 18 50
4 90 5 1 100 0.75 7 1118 109 103 39 87 677 22 48
4 90 5 1 100 0.75 7 1119 109 105 51 85 679 24 50
4 90 5 1 100 0.75 7 1120 109 106 40 83 682 27 48
4 90 5 1 100 0.75 7 1121 109 108 37 82 683 28 48
4 90 5 1 100 0.75 7 1122 109 106 44 82 686 31 48
4 90 5 1 100 0.75 7 1123 109 108 51 84 686 32 47
4 90 5 1 100 0.75 7 1124 109 106 41 84 689 35 44
4 90 5 1 100 0.75 7 1125 109 105 39 86 693 39 40
4 90 5 1 100 0.75 7 1126 109 107 29 87 695 41 38
4 90 5 1 100 0.75 7 1127 109 104 38 85 700 46 34
4 90 5 1 100 0.75 7 1128 109 105 33 85 703 49 32
4 90 5 1 100 0.75 7 1129 109 106 30 84 706 52 30
4 90 5 1 100 0.75 7 1130 109 105 35 81 710 56 28
4 90 5 1 100 0.75 7 1131 109 108 36 83 711 57 30
4 90 5 1 100 0.75 7 1132 109 107 36 85 713 59 35
4 90 5 1 100 0.75 7 1133 109 106 32 85 716 62 32
4 90 5 1 100 0.75 7 1134 109 106 43 83 718 65 32
4 90 5 1 100 0.75 7 1135 109 108 38 86 719 66 33
4 90 5 1 100 0.75 7 1136 109 105 33 86 723 70 30
4 90 5 1 100 0.75 7 1137 109 108 34 87 724 71 32
4 90 5 1 100 0.75 7 1138 109 105 33 88 727 75 29
4 90 5 1 100 0.75 7 1139 109 107 41 87 729 77 32
4 90 5 1 100 0.75 7 1140 109 109 32 89 729 77 32
4 90 5 1 100 0.75 7 1141 109 109 34 93 729 77 35
4 90 5 1 100 0.75 7 1142 109 107 33 93 731 79 35
4 90 5 1 100 0.75 7 1143 109 108 32 94 732 80 38
4 90 5 1 100 0.75 7 1144 109 108 38 97 733 81 39
4 90 5 1 100 0.75 7 1145 109 107 33 96 735 83 39
4 90 5 1 100 0.75 7 1146 109 109 32 99 735 83 40
4 90 5 1 100 0.75 7 1147 109 106 36 100 738 86 38
4 90 5 1 100 0.75 7 1148 109 107 41 98 740 88 38
4 90 5 1 100 0.75 7 1149 109 108 46 97 741 89 39
4 90 5 1 100 0.75 7 1150 109 103 37 91 747 95 35
4 90 5 1 100 0.75 7 1151 109 105 45 90 749 97 35
4 90 5 1 100 0.75 7 1152 109 107 40 90 751 99 34
4 90 5 1 100 0.75 7 1153 109 107 42 90 753 101 37
4 90 5 1 100 0.75 7 1154 109 109 44 90 753 101 38
4 90 5 1 100 0.75 7 1155 109 107 38 90 755 103 36
4 90 5 1 100 0.75 7 1156 109 108 40 91 756 104 35
4 90 5 1 100 0.75 7 1157 109 105 41 89 760 108 31
4 90 5 1 100 0.75 7 1158 109 106 31 87 763 111 30
4 90 5 1 100 0.75 7 1159 109 109 42 92 763 111 30
4 90 5 1 100 0.75 7 1160 109 105 33 92 767 115 27
4 90 5 1 100 0.75 7 1161 109 107 34 93 769 117 26
4 90 5 1 100 0.75 7 1162 109 107 21 91 771 119 24
4 90 5 1 100 0.75 7 1163 109 105 34 88 775 123 22
4 90 5 1 100 0.75 7 1164 109 108 35 89 776 124 23
4 90 5 1 100 0.75 7 1165 109 109 34 91 776 124 23
4 90 5 1 100 0.75 7 1166 109 106 33 92 779 127 25
4 90 5 1 100 0.75 7 1167 109 108 29 92 780 128 26
4 90 5 1 100 0.75 7 1168 109 108 37 93 781 129 28
4 90 5 1 100 0.75 7 1169 109 107 34 94 783 131 26
4 90 5 1 100 0.75 7 1170 109 104 27 90 788 136 24
4 90 5 1 100 0.75 7 1171 109 107 32 94 789 137 23
4 90 5 1 100 0.75 7 1172 109 108 40 95 790 138 24
4 90 5 1 100 0.75 7 1173 109 108 32 94 791 139 25
4 90 5 1 100 0.75 7 1174 109 109 34 95 791 139 26
4 90 5 1 100 0.75 7 1175 109 108 29 97 792 140 26
4 90 5 1 100 0.75 7 1176 109 109 33 98 792 140 28
4 90 5 1 100 0.75 7 1177 109 107 34 97 794 142 29
4 90 5 1 100 0.75 7 1178 109 109 26 99 794 142 34
4 90 5 1 100 0.75 7 1179 109 108 30 102 795 143 33
4 90 5 1 100 0.75 7 1180 109 107 30 102 797 145 31
4 90 5 1 100 0.75 7 1181 109 105 33 98 801 149 30
4 90 5 1 100 0.75 7 1182 109 108 27 98 802 150 31
4 90 5 1 100 0.75 7 1183 109 109 33 99 802 150 32
4 90 5 1 100 0.75 7 1184 109 108 32 98 803 151 33
4 90 5 1 100 0.75 7 1185 109 107 28 98 805 153 32
4 90 5 1 100 0.75 7 1186 109 106 32 95 808 156 32
4 90 5 1 100 0.75 7 1187 109 108 37 95 809 157 33
4 90 5 1 100 0.75 7 1188 109 107 36 93 811 159 31
4 90 5 1 100 0.75 7 1189 109 108 35 97 812 160 32
4 90 5 1 100 0.75 7 1190 109 106 27 96 815 163 29
4 90 5 1 100 0.75 7 1191 109 106 37 93 818 166 28
4 90 5 1 100 0.75 7 1192 109 109 27 93 818 166 28
4 90 5 1 100 0.75 7 1193 109 107 28 93 820 168 26
4 90 5 1 100 0.75 7 1194 109 108 31 95 821 169 26
4 90 5 1 100 0.75 7 1195 109 106 29 93 824 172 25
4 90 5 1 100 0.75 7 1196 109 107 27 93 826 174 26
4 90 5 1 100 0.75 7 1197 109 105 30 90 829 178 23
4 90 5 1 100 0.75 7 1198 109 108 29 92 830 179 22
4 90 5 1 100 0.75 7 1199 109 109 30 95 830 179 22
4 90 5 1 100 0.75 7 1200 109 107 33 94 832 181 24
4 90 5 1 100 0.75 7 1201 109 108 37 93 833 182 24
4 90 5 1 100 0.75 7 1202 109 108 39 94 834 183 26
4 90 5 1 100 0.75 7 1203 109 106 29 93 837 186 24
4 90 5 1 100 0.75 7 1204 109 108 27 94 838 187 24
4 90 5 1 100 0.75 7 1205 109 109 30 97 838 187 28
4 90 5 1 100 0.75 7 1206 109 107 27 99 840 189 27
4 90 5 1 100 0.75 7 1207 109 107 33 97 842 191 26
4 90 5 1 100 0.75 7 1208 109 109 27 98 842 191 28
4 90 5 1 100 0.75 7 1209 109 108 33 99 843 192 28
4 90 5 1 100 0.75 7 1210 109 107 25 97 845 194 29
4 90 5 1 100 0.75 7 1211 109 107 34 97 847 196 28
4 90 5 1 100 0.75 7 1212 109 109 31 99 847 196 31
4 90 5 1 100 0.75 7 1213 109 109 29 100 847 196 33
4 90 5 1 100 0.75 7 1214 109 105 29 96 851 200 29
4 90 5 1 100 0.75 7 1215 109 108 21 98 852 201 29
4 90 5 1 100 0.75 7 1216 109 107 25 97 854 203 28
4 90 5 1 100 0.75 7 1217 109 108 31 96 854 204 27
4 90 5 1 100 0.75 7 1218 109 106 29 95 857 207 26
4 90 5 1 100 0.75 7 1219 109 108 33 96 858 208 26
4 90 5 1 100 0.75 7 1220 109 108 25 96 859 209 25
4 90 5 1 100 0.75 7 1221 109 107 30 94 861 211 23
4 90 5 1 100 0.75 7 1222 109 108 22 96 862 212 24
4 90 5 1 100 0.75 7 1223 109 106 29 95 865 215 21
4 90 5 1 100 0.75 7 1224 109 107 24 94 867 217 20
4 90 5 1 100 0.75 7 1225 109 107 25 93 869 219 18
4 90 5 1 100 0.75 7 1226 109 108 19 95 870 220 17
4 90 5 1 100 0.75 7 1227 109 108 31 96 871 221 16
4 90 5 1 100 0.75 7 1228 109 106 25 94 874 224 13
4 90 5 1 100 0.75 7 1229 109 107 29 93 876 226 14
4 90 5 1 100 0.75 7 1230 109 107 22 92 878 228 12
4 90 5 1 100 0.75 7 1230 109 107 107 92 890 228 12
4 90 5 1 100 0.75 7 1260 109 107 107 92 669 228 12
4 90 5 1 100 0.75 8 1261 0 4 4 0 669 0 0
4 90 5 1 100 0.75 8 1262 0 8 8 0 669 0 0
4 90 5 1 100 0.75 8 1263 0 12 12 0 669 0 0
4 90 5 1 100 0.75 8 1264 0 16 16 0 669 0 0
4 90 5 1 100 0.75 8 1265 0 20 19 0 669 0 0
4 90 5 1 100 0.75 8 1266 0 24 23 0 669 0 0
4 90 5 1 100 0.75 8 1267 1 28 23 0 669 0 0
4 90 5 1 100 0.75 8 1268 5 32 22 1 669 0 0
4 90 5 1 100 0.75 8 1269 9 36 21 5 669 0 0
4 90 5 1 100 0.75 8 1270 14 40 16 9 669 0 0
4 90 5 1 100 0.75 8 1271 17 44 22 14 669 0 0
4 90 5 1 100 0.75 8 1272 22 48 19 17 669 0 0
4 90 5 1 100 0.75 8 1273 26 52 18 22 669 0 0
4 90 5 1 100 0.75 8 1274 29 56 18 26 669 0 0
4 90 5 1 100 0.75 8 1275 35 60 14 29 669 0 3
4 90 5 1 100 0.75 8 1276 38 64 14 35 669 0 4
4 90 5 1 100 0.75 8 1277 43 68 30 38 669 0 9
4 90 5 1 100 0.75 8 1278 47 72 25 43 669 0 11
4 90 5 1 100 0.75 8 1279 50 76 27 47 669 0 14
4 90 5 1 100 0.75 8 1280 53 80 29 50 669 0 17
4 90 5 1 100 0.75 8 1281 58 84 35 53 669 0 18
4 90 5 1 100 0.75 8 1282 62 88 26 58 669 0 23
4 90 5 1 100 0.75 8 1283 65 92 35 62 669 0 27
4 90 5 1 100 0.75 8 1284 69 96 35 65 669 0 31
4 90 5 1 100 0.75 8 1285 74 100 43 69 669 0 32
4 90 5 1 100 0.75 8 1286 76 104 39 74 669 0 35
4 90 5 1 100 0.75 8 1287 80 108 42 76 669 0 37
4 90 5 1 100 0.75 8 1288 86 109 44 80 669 0 41
4 90 5 1 100 0.75 8 1289 87 109 42 86 669 0 45
4 90 5 1 100 0.75 8 1290 92 107 44 85 671 2 44
4 90 5 1 100 0.75 8 1291 97 108 49 89 672 3 46
4 90 5 1 100 0.75 8 1292 101 107 39 92 674 5 50
4 90 5 1 100 0.75 8 1293 105 108 45 95 675 6 52
4 90 5 1 100 0.75 8 1294 108 105 40 95 679 10 49
4 90 5 1 100 0.75 8 1295 109 109 42 98 679 10 51
4 90 5 1 100 0.75 8 1296 109 108 49 98 680 11 55
4 90 5 1 100 0.75 8 1297 109 107 45 96 681 13 55
4 90 5 1 100 0.75 8 1298 109 103 42 91 687 19 52
4 90 5 1 100 0.75 8 1299 109 106 38 91 688 20 55
4 90 5 1 100 0.75 8 1300 109 106 51 91 691 23 56
4 90 5 1 100 0.75 8 1301 109 105 42 88 695 27 53
4 90 5 1 100 0.75 8 1302 109 107 52 87 697 29 52
4 90 5 1 100 0.75 8 1303 109 104 44 84 702 34 48
4 90 5 1 100 0.75 8 1304 109 107 44 85 703 35 47
4 90 5 1 100 0.75 8 1305 109 105 47 83 707 39 45
4 90 5 1 100 0.75 8 1306 109 107 47 81 709 41 43
4 90 5 1 100 0.75 8 1307 109 106 42 82 712 44 42
4 90 5 1 100 0.75 8 1308 109 105 39 83 716 48 39
4 90 5 1 100 0.75 8 1309 109 106 39 84 719 51 36
4 90 5 1 100 0.75 8 1310 109 105 42 83 723 55 33
4 90 5 1 100 0.75 8 1311 109 107 30 82 725 57 34
4 90 5 1 100 0.75 8 1312 109 107 33 84 726 59 33
4 90 5 1 100 0.75 8 1313 109 103 37 81 731 65 27
4 90 5 1 100 0.75 8 1314 109 105 37 81 733 67 26
4 90 5 1 100 0.75 8 1315 109 108 37 84 734 68 28
4 90 5 1 100 0.75 8 1316 109 106 34 84 736 71 28
4 90 5 1 100 0.75 8 1317 109 106 33 83 739 74 25
4 90 5 1 100 0.75 8 1318 109 107 31 86 741 76 25
4 90 5 1 100 0.75 8 1319 109 105 35 85 745 80 24
4 90 5 1 100 0.75 8 1320 109 108 31 85 746 81 25
4 90 5 1 100 0.75 8 1321 109 109 39 89 746 81 28
4 90 5 1 100 0.75 8 1322 109 107 35 90 748 83 26
4 90 5 1 100 0.75 8 1323 109 109 35 93 748 83 28
4 90 5 1 100 0.75 8 1324 109 106 30 92 751 86 30
4 90 5 1 100 0.75 8 1325 109 109 37 95 751 86 32
4 90 5 1 100 0.75 8 1326 109 107 34 96 753 88 32
4 90 5 1 100 0.75 8 1327 109 107 37 96 755 90 33
4 90 5 1 100 0.75 8 1328 109 108 34 99 756 91 33
4 90 5 1 100 0.75 8 1329 109 108 38 98 757 92 32
4 90 5 1 100 0.75 8 1330 109 108 37 98 758 93 33
4 90 5 1 100 0.75 8 1331 109 107 37 97 760 95 36
4 90 5 1 100 0.75 8 1332 109 107 38 97 762 97 34
4 90 5 1 100 0.75 8 1333 109 108 45 97 763 98 36
4 90 5 1 100 0.75 8 1334 109 108 44 97 764 99 37
4 90 5 1 100 0.75 8 1335 109 108 38 98 765 100 37
4 90 5 1 100 0.75 8 1336 109 108 39 99 765 101 36
4 90 5 1 100 0.75 8 1337 109 107 34 98 767 103 35
4 90 5 1 100 0.75 8 1338 109 108 33 97 767 104 35
4 90 5 1 100 0.75 8 1339 109 106 30 95 770 107 33
4 90 5 1 100 0.75 8 1340 109 108 30 97 771 108 34
4 90 5 1 100 0.75 8 1341 109 105 32 94 775 112 30
4 90 5 1 100 0.75 8 1342 109 104 32 91 780 117 26
4 90 5 1 100 0.75 8 1343 109 106 36 90 782 119 25
4 90 5 1 100 0.75 8 1344 109 107 36 88 784 121 24
4 90 5 1 100 0.75 8 1345 109 107 39 88 785 123 22
4 90 5 1 100 0.75 8 1346 109 108 36 88 786 124 24
4 90 5 1 100 0.75 8 1347 109 108 32 90 786 125 25
4 90 5 1 100 0.75 8 1348 109 106 37 88 789 128 23
4 90 5 1 100 0.75 8 1349 109 106 34 88 792 131 20
4 90 5 1 100 0.75 8 1350 109 107 30 90 794 133 19
4 90 5 1 100 0.75 8 1351 109 106 29 91 797 136 16
4 90 5 1 100 0.75 8 1352 109 109 36 92 797 136 18
4 90 5 1 100 0.75 8 1353 109 109 26 95 797 136 19
4 90 5 1 100 0.75 8 1354 109 106 23 94 800 139 17
4 90 5 1 100 0.75 8 1355 109 108 27 94 801 140 19
4 90 5 1 100 0.75 8 1356 109 107 30 94 803 142 20
4 90 5 1 100 0.75 8 1357 109 109 34 96 803 142 22
4 90 5 1 100 0.75 8 1358 109 109 27 99 803 142 24
4 90 5 1 100 0.75 8 1359 109 109 25 101 803 142 26
4 90 5 1 100 0.75 8 1360 109 108 32 102 804 143 28
4 90 5 1 100 0.75 8 1361 109 109 27 102 804 143 28
4 90 5 1 100 0.75 8 1362 109 109 32 103 804 143 28
4 90 5 1 100 0.75 8 1363 109 105 34 102 808 147 25
4 90 5 1 100 0.75 8 1364 109 107 34 101 810 149 27
4 90 5 1 100 0.75 8 1365 109 107 36 100 812 151 26
4 90 5 1 100 0.75 8 1366 109 109 39 100 812 151 28
4 90 5 1 100 0.75 8 1367 109 108 29 99 813 152 28
4 90 5 1 100 0.75 8 1368 109 108 32 99 814 153 27
4 90 5 1 100 0.75 8 1369 109 108 31 98 815 154 26
4 90 5 1 100 0.75 8 1370 109 107 29 96 817 156 26
4 90 5 1 100 0.75 8 1371 109 107 25 95 819 158 26
4 90 5 1 100 0.75 8 1372 109 109 37 99 819 158 26
4 90 5 1 100 0.75 8 1373 109 106 27 97 822 161 23
4 90 5 1 100 0.75 8 1374 109 107 26 97 824 163 22
4 90 5 1 100 0.75 8 1375 109 107 27 96 826 165 20
4 90 5 1 100 0.75 8 1376 109 108 30 96 827 166 19
4 90 5 1 100 0.75 8 1377 109 107 33 94 829 168 17
4 90 5 1 100 0.75 8 1378 109 108 35 95 830 169 19
4 90 5 1 100 0.75 8 1379 109 108 31 96 831 170 20
4 90 5 1 100 0.75 8 1380 109 107 33 95 833 172 18
4 90 5 1 100 0.75 8 1381 109 108 25 95 834 173 19
4 90 5 1 100 0.75 8 1382 109 108 28 97 835 174 18
4 90 5 1 100 0.75 8 1383 109 108 27 98 836 175 18
4 90 5 1 100 0.75 8 1384 109 104 25 94 841 180 13
4 90 5 1 100 0.75 8 1385 109 107 22 95 841 181 14
4 90 5 1 100 0.75 8 1386 109 107 34 94 843 183 12
4 90 5 1 100 0.75 8 1387 109 109 30 95 842 183 13
4 90 5 1 100 0.75 8 1388 109 109 29 98 841 183 15
4 90 5 1 100 0.75 8 1389 109 107 30 96 843 185 15
4 90 5 1 100 0.75 8 1390 109 109 32 97 843 185 16
4 90 5 1 100 0.75 8 1391 109 109 34 99 843 185 16
4 90 5 1 100 0.75 8 1392 109 109 29 101 843 185 18
4 90 5 1 100 0.75 8 1393 109 108 24 103 844 186 17
4 90 5 1 100 0.75 8 1394 109 108 27 105 845 187 18
4 90 5 1 100 0.75 8 1395 109 108 27 104 846 188 17
4 90 5 1 100 0.75 8 1396 109 109 29 104 846 188 17
4 90 5 1 100 0.75 8 1397 109 108 35 104 847 189 17
4 90 5 1 100 0.75 8 1398 109 106 32 102 850 192 15
4 90 5 1 100 0.75 8 1399 109 108 27 101 851 193 18
4 90 5 1 100 0.75 8 1400 109 109 34 101 851 193 18
4 90 5 1 100 0.75 8 1401 109 109 33 102 851 193 21
4 90 5 1 100 0.75 8 1402 109 109 34 102 851 193 21
4 90 5 1 100 0.75 8 1403 109 108 31 103 852 194 20
4 90 5 1 100 0.75 8 1404 109 106 32 100 855 197 18
4 90 5 1 100 0.75 8 1405 109 108 29 100 856 198 18
4 90 5 1 100 0.75 8 1406 109 109 32 101 855 198 18
4 90 5 1 100 0.75 8 1407 109 106 23 100 858 201 15
4 90 5 1 100 0.75 8 1408 109 109 29 101 858 201 16
4 90 5 1 100 0.75 8 1409 109 109 33 101 858 201 18
4 90 5 1 100 0.75 8 1410 109 107 24 99 860 203 16
4 90 5 1 100 0.75 8 1410 109 107 107 99 876 203 16
4 90 5 1 100 0.75 8 1440 109 107 107 99 666 203 16
4 90 5 1 100 0.75 9 1441 0 4 4 0 666 0 0
4 90 5 1 100 0.75 9 1442 0 8 8 0 666 0 0
4 90 5 1 100 0.75 9 1443 0 12 12 0 666 0 0
4 90 5 1 100 0.75 9 1444 0 16 15 0 666 0 0
4 90 5 1 100 0.75 9 1445 0 20 16 0 666 0 0
4 90 5 1 100 0.75 9 1446 0 24 24 0 666 0 0
4 90 5 1 100 0.75 9 1447 1 28 24 0 666 0 0
4 90 5 1 100 0.75 9 1448 2 32 25 1 666 0 0
4 90 5 1 100 0.75 9 1449 6 36 26 2 666 0 0
4 90 5 1 100 0.75 9 1450 12 40 25 6 666 0 0
4 90 5 1 100 0.75 9 1451 18 44 18 12 666 0 0
4 90 5 1 100 0.75 9 1452 20 48 15 18 666 0 0
4 90 5 1 100 0.75 9 1453 25 52 14 20 666 0 0
4 90 5 1 100 0.75 9 1454 30 56 14 25 666 0 0
4 90 5 1 100 0.75 9 1455 33 60 13 30 666 0 1
4 90 5 1 100 0.75 9 1456 38 64 17 33 666 0 1
4 90 5 1 100 0.75 9 1457 42 68 19 38 666 0 5
4 90 5 1 100 0.75 9 1458 46 72 27 42 666 0 10
4 90 5 1 100 0.75 9 1459 51 76 25 46 666 0 11
4 90 5 1 100 0.75 9 1460 53 80 27 51 666 0 13
4 90 5 1 100 0.75 9 1461 57 84 26 53 666 0 18
4 90 5 1 100 0.75 9 1462 63 88 28 57 666 0 23
4 90 5 1 100 0.75 9 1463 66 92 26 63 666 0 24
4 90 5 1 100 0.75 9 1464 68 96 35 66 666 0 27
4 90 5 1 100 0.75 9 1465 74 100 42 68 666 0 28
4 90 5 1 100 0.75 9 1466 79 104 36 74 666 0 31
4 90 5 1 100 0.75 9 1467 80 108 40 79 666 0 34
4 90 5 1 100 0.75 9 1468 86 109 40 80 666 0 37
4 90 5 1 100 0.75 9 1469 90 109 43 86 665 0 42
4 90 5 1 100 0.75 9 1470 93 109 42 90 665 0 43
4 90 5 1 100 0.75 9 1471 98 109 47 93 665 0 44
4 90 5 1 100 0.75 9 1472 100 108 44 97 666 1 46
4 90 5 1 100 0.75 9 1473 106 108 42 98 667 2 48
4 90 5 1 100 0.75 9 1474 108 107 40 102 669 4 50
4 90 5 1 100 0.75 9 1475 109 105 37 100 673 8 50
4 90 5 1 100 0.75 9 1476 109 106 41 98 676 11 48
4 90 5 1 100 0.75 9 1477 109 107 46 96 678 13 48
4 90 5 1 100 0.75 9 1478 109 104 38 91 683 18 46
4 90 5 1 100 0.75 9 1479 109 106 46 89 684 20 49
4 90 5 1 100 0.75 9 1480 109 106 47 86 687 23 48
4 90 5 1 100 0.75 9 1481 109 108 46 87 688 24 49
4 90 5 1 100 0.75 9 1482 109 105 56 85 692 28 48
4 90 5 1 100 0.75 9 1483 109 107 44 85 694 30 46
4 90 5 1 100 0.75 9 1484 109 104 47 83 699 35 41
4 90 5 1 100 0.75 9 1485 109 107 45 85 700 36 40
4 90 5 1 100 0.75 9 1486 109 106 40 84 703 39 37
4 90 5 1 100 0.75 9 1487 109 108 31 89 704 40 37
4 90 5 1 100 0.75 9 1488 109 107 39 88 706 42 35
4 90 5 1 100 0.75 9 1489 109 107 30 89 708 44 35
4 90 5 1 100 0.75 9 1490 109 104 36 85 713 49 31
4 90 5 1 100 0.75 9 1491 109 105 22 85 716 52 30
4 90 5 1 100 0.75 9 1492 109 106 38 87 719 55 30
4 90 5 1 100 0.75 9 1493 109 106 42 85 721 58 29
4 90 5 1 100 0.75 9 1494 109 106 31 85 724 61 30
4 90 5 1 100 0.75 9 1495 109 106 30 84 727 64 27
4 90 5 1 100 0.75 9 1496 109 108 29 85 728 65 28
4 90 5 1 100 0.75 9 1497 109 107 37 85 730 67 27
4 90 5 1 100 0.75 9 1498 109 104 36 82 735 72 25
4 90 5 1 100 0.75 9 1499 109 107 34 86 736 73 29
4 90 5 1 100 0.75 9 1500 109 109 39 89 736 73 29
4 90 5 1 100 0.75 9 1501 109 108 36 92 737 74 32
4 90 5 1 100 0.75 9 1502 109 106 33 91 740 77 31
4 90 5 1 100 0.75 9 1503 109 109 36 95 740 77 32
4 90 5 1 100 0.75 9 1504 109 108 34 96 741 78 32
4 90 5 1 100 0.75 9 1505 109 109 35 98 741 78 36
4 90 5 1 100 0.75 9 1506 109 108 34 98 742 79 38
4 90 5 1 100 0.75 9 1507 109 108 31 100 743 80 38
4 90 5 1 100 0.75 9 1508 109 107 38 100 745 82 40
4 90 5 1 100 0.75 9 1509 109 107 38 98 747 84 38
4 90 5 1 100 0.75 9 1510 109 108 48 100 748 85 41
4 90 5 1 100 0.75 9 1511 109 106 36 98 751 88 41
4 90 5 1 100 0.75 9 1512 109 108 45 98 752 89 41
4 90 5 1 100 0.75 9 1513 109 106 37 95 755 92 38
4 90 5 1 100 0.75 9 1514 109 108 50 94 756 93 40
4 90 5 1 100 0.75 9 1515 109 108 49 94 757 94 40
4 90 5 1 100 0.75 9 1516 109 106 40 92 760 97 37
4 90 5 1 100 0.75 9 1517 109 106 40 92 763 100 36
4 90 5 1 100 0.75 9 1518 109 104 34 88 768 105 31
4 90 5 1 100 0.75 9 1519 109 106 36 87 770 107 30
4 90 5 1 100 0.75 9 1520 109 108 37 89 771 108 29
4 90 5 1 100 0.75 9 1521 109 107 37 88 773 110 28
4 90 5 1 100 0.75 9 1522 109 107 37 89 775 112 27
4 90 5 1 100 0.75 9 1523 109 108 38 90 776 113 27
4 90 5 1 100 0.75 9 1524 109 107 27 89 778 115 28
4 90 5 1 100 0.75 9 1525 109 104 28 89 783 120 23
4 90 5 1 100 0.75 9 1526 109 104 33 87 786 124 20
4 90 5 1 100 0.75 9 1527 109 106 33 87 788 126 20
4 90 5 1 100 0.75 9 1528 109 106 33 87 791 129 18
4 90 5 1 100 0.75 9 1529 109 109 33 89 791 129 19
4 90 5 1 100 0.75 9 1530 109 108 35 91 792 130 20
4 90 5 1 100 0.75 9 1531 109 109 29 91 792 130 21
4 90 5 1 100 0.75 9 1532 109 106 27 91 795 133 21
4 90 5 1 100 0.75 9 1533 109 109 36 92 795 133 21
4 90 5 1 100 0.75 9 1534 109 108 32 96 796 134 21
4 90 5 1 100 0.75 9 1535 109 108 31 99 797 135 23
4 90 5 1 100 0.75 9 1536 109 109 41 101 797 135 23
4 90 5 1 100 0.75 9 1537 109 107 26 101 798 137 24
4 90 5 1 100 0.75 9 1538 109 109 40 102 798 137 25
4 90 5 1 100 0.75 9 1539 109 107 36 100 800 139 25
4 90 5 1 100 0.75 9 1540 109 107 33 98 802 141 26
4 90 5 1 100 0.75 9 1541 109 108 42 100 803 142 29
4 90 5 1 100 0.75 9 1542 109 109 35 100 803 142 32
4 90 5 1 100 0.75 9 1543 109 109 35 101 803 142 32
4 90 5 1 100 0.75 9 1544 109 107 36 100 804 144 33
4 90 5 1 100 0.75 9 1545 109 108 36 99 805 145 32
4 90 5 1 100 0.75 9 1546 109 108 33 100 806 146 31
4 90 5 1 100 0.75 9 1547 109 106 30 99 809 149 30
4 90 5 1 100 0.75 9 1548 109 108 34 100 810 150 29
4 90 5 1 100 0.75 9 1549 109 108 33 99 811 151 28
4 90 5 1 100 0.75 9 1550 109 106 34 97 814 154 25
4 90 5 1 100 0.75 9 1551 109 108 38 96 815 155 25
4 90 5 1 100 0.75 9 1552 109 106 31 93 818 158 24
4 90 5 1 100 0.75 9 1553 109 108 31 95 819 159 24
4 90 5 1 100 0.75 9 1554 109 108 35 95 820 160 24
4 90 5 1 100 0.75 9 1555 109 106 24 93 823 163 21
4 90 5 1 100 0.75 9 1556 109 108 29 94 824 164 20
4 90 5 1 100 0.75 9 1557 109 106 26 93 827 167 17
4 90 5 1 100 0.75 9 1558 109 107 33 93 829 169 15
4 90 5 1 100 0.75 9 1559 109 105 25 91 833 173 11
4 90 5 1 100 0.75 9 1560 109 107 27 91 835 175 12
4 90 5 1 100 0.75 9 1561 109 109 21 92 835 175 12
4 90 5 1 100 0.75 9 1562 109 108 26 92 836 176 11
4 90 5 1 100 0.75 9 1563 109 108 26 94 837 177 12
4 90 5 1 100 0.75 9 1564 109 108 32 94 838 178 13
4 90 5 1 100 0.75 9 1565 109 108 34 94 839 179 14
4 90 5 1 100 0.75 9 1566 109 109 33 98 839 179 15
4 90 5 1 100 0.75 9 1567 109 108 26 100 839 180 14
4 90 5 1 100 0.75 9 1568 109 108 27 100 840 181 14
4 90 5 1 100 0.75 9 1569 109 108 30 102 841 182 14
4 90 5 1 100 0.75 9 1570 109 109 25 102 841 182 16
4 90 5 1 100 0.75 9 1571 109 109 34 103 841 182 17
4 90 5 1 100 0.75 9 1572 109 108 27 103 842 183 16
4 90 5 1 100 0.75 9 1573 109 109 31 104 841 183 17
4 90 5 1 100 0.75 9 1574 109 108 32 104 842 184 19
4 90 5 1 100 0.75 9 1575 109 108 28 103 842 185 18
4 90 5 1 100 0.75 9 1576 109 109 30 104 842 185 21
4 90 5 1 100 0.75 9 1577 109 108 31 104 843 186 21
4 90 5 1 100 0.75 9 1578 109 109 33 105 843 186 21
4 90 5 1 100 0.75 9 1579 109 108 23 104 844 187 22
4 90 5 1 100 0.75 9 1580 109 108 38 103 845 188 21
4 90 5 1 100 0.75 9 1581 109 108 31 103 846 189 21
4 90 5 1 100 0.75 9 1582 109 109 28 103 846 189 21
4 90 5 1 100 0.75 9 1583 109 108 37 103 847 190 20
4 90 5 1 100 0.75 9 1584 109 106 24 101 850 193 19
4 90 5 1 100 0.75 9 1585 109 107 30 100 852 195 17
4 90 5 1 100 0.75 9 1586 109 108 33 99 853 196 16
4 90 5 1 100 0.75 9 1587 109 106 27 96 856 199 13
4 90 5 1 100 0.75 9 1588 109 109 21 97 856 199 13
4 90 5 1 100 0.75 9 1589 109 107 31 97 857 201 12
4 90 5 1 100 0.75 9 1590 109 109 29 97 857 201 12
4 90 5 1 100 0.75 9 1590 109 109 109 97 869 201 12
4 90 5 1 100 0.75 9 1620 109 109 109 97 651 201 12
4 90 5 1 100 0.75 10 1621 0 4 4 0 651 0 0
4 90 5 1 100 0.75 10 1622 0 8 8 0 651 0 0
4 90 5 1 100 0.75 10 1623 0 12 12 0 651 0 0
4 90 5 1 100 0.75 10 1624 0 16 16 0 651 0 0
4 90 5 1 100 0.75 10 1625 0 20 20 0 651 0 0
4 90 5 1 100 0.75 10 1626 0 24 23 0 651 0 0
4 90 5 1 100 0.75 10 1627 2 28 24 0 651 0 0
4 90 5 1 100 0.75 10 1628 3 32 26 2 651 0 0
4 90 5 1 100 0.75 10 1629 6 36 27 3 651 0 0
4 90 5 1 100 0.75 10 1630 13 40 18 6 651 0 0
4 90 5 1 100 0.75 10 1631 17 44 16 13 651 0 0
4 90 5 1 100 0.75 10 1632 21 48 13 17 651 0 0
4 90 5 1 100 0.75 10 1633 26 52 16 21 651 0 0
4 90 5 1 100 0.75 10 1634 30 56 13 26 651 0 0
4 90 5 1 100 0.75 10 1635 33 60 17 30 651 0 1
4 90 5 1 100 0.75 10 1636 36 64 14 33 651 0 4
4 90 5 1 100 0.75 10 1637 40 68 25 36 651 0 5
4 90 5 1 100 0.75 10 1638 44 72 24 40 651 0 8
4 90 5 1 100 0.75 10 1639 51 76 26 44 651 0 12
4 90 5 1 100 0.75 10 1640 53 80 25 51 651 0 15
4 90 5 1 100 0.75 10 1641 58 84 30 53 651 0 20
4 90 5 1 100 0.75 10 1642 60 88 26 58 651 0 23
4 90 5 1 100 0.75 10 1643 64 92 40 60 651 0 26
4 90 5 1 100 0.75 10 1644 69 96 38 64 651 0 29
4 90 5 1 100 0.75 10 1645 72 100 41 69 651 0 29
4 90 5 1 100 0.75 10 1646 77 104 47 72 651 0 31
4 90 5 1 100 0.75 10 1647 83 108 44 77 651 0 33
4 90 5 1 100 0.75 10 1648 86 109 38 83 651 0 34
4 90 5 1 100 0.75 10 1649 88 109 42 86 651 0 38
4 90 5 1 100 0.75 10 1650 93 109 38 88 651 0 42
4 90 5 1 100 0.75 10 1651 98 109 41 93 651 0 44
4 90 5 1 100 0.75 10 1652 102 109 34 98 651 0 49
4 90 5 1 100 0.75 10 1653 107 108 40 101 652 1 52
4 90 5 1 100 0.75 10 1654 109 106 33 103 655 4 52
4 90 5 1 100 0.75 10 1655 109 108 38 104 656 5 54
4 90 5 1 100 0.75 10 1656 109 106 42 101 659 8 53
4 90 5 1 100 0.75 10 1657 109 102 46 94 666 15 48
4 90 5 1 100 0.75 10 1658 109 104 38 92 668 17 52
4 90 5 1 100 0.75 10 1659 109 106 46 90 670 19 51
4 90 5 1 100 0.75 10 1660 109 104 45 85 675 24 53
4 90 5 1 100 0.75 10 1661 109 105 49 83 678 27 51
4 90 5 1 100 0.75 10 1662 109 106 42 82 681 30 48
4 90 5 1 100 0.75 10 1663 109 107 50 81 683 32 46
4 90 5 1 100 0.75 10 1664 109 108 41 82 684 33 45
4 90 5 1 100 0.75 10 1665 109 108 37 85 685 34 44
4 90 5 1 100 0.75 10 1666 109 105 40 84 689 38 40
4 90 5 1 100 0.75 10 1667 109 106 31 86 692 41 37
4 90 5 1 100 0.75 10 1668 109 106 35 88 695 44 36
4 90 5 1 100 0.75 10 1669 109 107 30 86 697 46 36
4 90 5 1 100 0.75 10 1670 109 103 24 86 703 52 31
4 90 5 1 100 0.75 10 1671 109 105 40 87 704 54 29
4 90 5 1 100 0.75 10 1672 109 105 33 83 708 58 30
4 90 5 1 100 0.75 10 1673 109 106 42 81 711 61 32
4 90 5 1 100 0.75 10 1674 109 106 37 81 714 64 32
4 90 5 1 100 0.75 10 1675 109 106 35 82 717 67 32
4 90 5 1 100 0.75 10 1676 109 107 35 82 719 69 32
4 90 5 1 100 0.75 10 1677 109 107 45 83 721 71 34
4 90 5 1 100 0.75 10 1678 109 106 41 83 724 74 31
4 90 5 1 100 0.75 10 1679 109 106 31 84 727 77 28
4 90 5 1 100 0.75 10 1680 109 108 36 88 728 78 30
4 90 5 1 100 0.75 10 1681 109 109 30 90 728 78 33
4 90 5 1 100 0.75 10 1682 109 109 35 95 728 78 33
4 90 5 1 100 0.75 10 1683 109 108 32 96 729 79 32
4 90 5 1 100 0.75 10 1684 109 109 32 98 729 79 35
4 90 5 1 100 0.75 10 1685 109 109 33 99 729 79 38
4 90 5 1 100 0.75 10 1686 109 109 38 101 729 79 40
4 90 5 1 100 0.75 10 1687 109 104 33 101 734 84 36
4 90 5 1 100 0.75 10 1688 109 107 32 101 735 85 38
4 90 5 1 100 0.75 10 1689 109 108 37 101 735 86 40
4 90 5 1 100 0.75 10 1690 109 104 35 96 740 91 36
4 90 5 1 100 0.75 10 1691 109 104 34 92 744 95 33
4 90 5 1 100 0.75 10 1692 109 104 32 89 748 99 30
4 90 5 1 100 0.75 10 1693 109 105 37 86 751 102 29
4 90 5 1 100 0.75 10 1694 109 109 40 86 751 102 32
4 90 5 1 100 0.75 10 1695 109 109 33 87 751 102 33
4 90 5 1 100 0.75 10 1696 109 107 30 88 753 104 32
4 90 5 1 100 0.75 10 1697 109 107 28 89 755 106 30
4 90 5 1 100 0.75 10 1698 109 108 34 90 756 107 29
4 90 5 1 100 0.75 10 1699 109 107 27 92 758 109 27
4 90 5 1 100 0.75 10 1700 109 107 26 94 760 111 25
4 90 5 1 100 0.75 10 1701 109 105 28 94 764 115 21
4 90 5 1 100 0.75 10 1702 109 107 29 93 766 117 21
4 90 5 1 100 0.75 10 1703 109 108 30 93 767 118 22
4 90 5 1 100 0.75 10 1704 109 105 26 89 771 122 20
4 90 5 1 100 0.75 10 1705 109 107 31 89 773 124 19
4 90 5 1 100 0.75 10 1706 109 108 32 90 774 125 22
4 90 5 1 100 0.75 10 1707 109 107 40 90 776 127 22
4 90 5 1 100 0.75 10 1708 109 109 29 91 776 127 23
4 90 5 1 100 0.75 10 1709 109 108 32 94 777 128 23
4 90 5 1 100 0.75 10 1710 109 108 34 96 778 129 22
4 90 5 1 100 0.75 10 1711 109 106 27 94 781 132 20
4 90 5 1 100 0.75 10 1712 109 109 22 98 781 132 21
4 90 5 1 100 0.75 10 1713 109 108 26 99 782 133 22
4 90 5 1 100 0.75 10 1714 109 106 32 97 785 136 21
4 90 5 1 100 0.75 10 1715 109 109 36 100 785 136 25
4 90 5 1 100 0.75 10 1716 109 109 31 100 785 136 25
4 90 5 1 100 0.75 10 1717 109 109 37 100 785 136 27
4 90 5 1 100 0.75 10 1718 109 109 34 101 785 136 27
4 90 5 1 100 0.75 10 1719 109 108 34 104 786 137 31
4 90 5 1 100 0.75 10 1720 109 106 22 101 789 140 28
4 90 5 1 100 0.75 10 1721 109 107 35 99 791 142 28
4 90 5 1 100 0.75 10 1722 109 106 33 98 794 145 26
4 90 5 1 100 0.75 10 1723 109 108 35 99 795 146 25
4 90 5 1 100 0.75 10 1724 109 107 27 97 797 148 24
4 90 5 1 100 0.75 10 1725 109 107 30 95 799 150 24
4 90 5 1 100 0.75 10 1726 109 108 35 94 800 151 25
4 90 5 1 100 0.75 10 1727 109 108 33 93 801 152 24
4 90 5 1 100 0.75 10 1728 109 109 44 96 801 152 24
4 90 5 1 100 0.75 10 1729 109 108 30 96 802 153 25
4 90 5 1 100 0.75 10 1730 109 105 33 95 806 157 22
4 90 5 1 100 0.75 10 1731 109 107 31 96 808 159 20
4 90 5 1 100 0.75 10 1732 109 108 25 96 809 160 19
4 90 5 1 100 0.75 10 1733 109 107 30 96 811 162 17
4 90 5 1 100 0.75 10 1734 109 108 25 96 812 163 17
4 90 5 1 100 0.75 10 1735 109 106 27 95 815 166 17
4 90 5 1 100 0.75 10 1736 109 107 28 93 817 168 16
4 90 5 1 100 0.75 10 1737 109 108 33 93 818 169 18
4 90 5 1 100 0.75 10 1738 109 108 26 94 819 170 19
4 90 5 1 100 0.75 10 1739 109 108 26 96 820 171 19
4 90 5 1 100 0.75 10 1740 109 108 24 97 821 172 19
4 90 5 1 100 0.75 10 1741 109 108 28 97 822 173 18
4 90 5 1 100 0.75 10 1742 109 108 20 98 823 174 19
4 90 5 1 100 0.75 10 1743 109 109 28 99 823 174 20
4 90 5 1 100 0.75 10 1744 109 108 31 101 824 175 21
4 90 5 1 100 0.75 10 1745 109 107 27 101 826 177 20
4 90 5 1 100 0.75 10 1746 109 108 34 100 827 178 20
4 90 5 1 100 0.75 10 1747 109 108 21 101 828 179 22
4 90 5 1 100 0.75 10 1748 109 109 29 102 828 179 23
4 90 5 1 100 0.75 10 1749 109 109 31 102 828 179 24
4 90 5 1 100 0.75 10 1750 109 109 32 103 828 179 25
4 90 5 1 100 0.75 10 1751 109 108 32 103 828 180 25
4 90 5 1 100 0.75 10 1752 109 107 31 102 830 182 25
4 90 5 1 100 0.75 10 1753 109 107 26 100 832 184 24
4 90 5 1 100 0.75 10 1754 109 107 33 100 834 186 24
4 90 5 1 100 0.75 10 1755 109 109 28 102 834 186 24
4 90 5 1 100 0.75 10 1756 109 109 25 102 834 186 24
4 90 5 1 100 0.75 10 1757 109 106 26 99 837 189 21
4 90 5 1 100 0.75 10 1758 109 106 29 96 840 192 19
4 90 5 1 100 0.75 10 1759 109 109 29 97 840 192 19
4 90 5 1 100 0.75 10 1760 109 109 32 97 840 192 21
4 90 5 1 100 0.75 10 1761 109 108 33 100 841 193 21
4 90 5 1 100 0.75 10 1762 109 107 26 99 843 195 20
4 90 5 1 100 0.75 10 1763 109 107 27 98 845 197 18
4 90 5 1 100 0.75 10 1764 109 106 26 95 848 200 15
4 90 5 1 100 0.75 10 1765 109 108 32 96 849 201 14
4 90 5 1 100 0.75 10 1766 109 108 28 99 850 202 14
4 90 5 1 100 0.75 10 1767 109 107 23 97 852 204 14
4 90 5 1 100 0.75 10 1768 109 108 28 96 853 205 13
4 90 5 1 100 0.75 10 1769 109 109 28 96 853 205 14
4 90 5 1 100 0.75 10 1770 109 108 26 97 854 206 13
4 90 5 1 100 0.75 10 1770 109 108 108 97 867 206 13
4 90 5 1 100 0.75 10 1800 109 108 108 97 678 206 13
