3 1 1 1 100 0.75 1 1 0 3 3 0 100 0 0
3 1 1 1 100 0.75 1 2 0 6 6 0 100 0 0
3 1 1 1 100 0.75 1 3 0 9 9 0 100 0 0
3 1 1 1 100 0.75 1 4 0 12 12 0 100 0 0
3 1 1 1 100 0.75 1 5 0 15 15 0 100 0 0
3 1 1 1 100 0.75 1 6 0 18 18 0 100 0 0
3 1 1 1 100 0.75 1 7 0 21 21 0 100 0 0
3 1 1 1 100 0.75 1 8 2 24 21 0 100 0 0
3 1 1 1 100 0.75 1 9 2 27 25 2 100 0 0
3 1 1 1 100 0.75 1 10 2 30 27 2 100 0 0
3 1 1 1 100 0.75 1 11 3 33 29 2 100 0 0
3 1 1 1 100 0.75 1 12 3 36 32 3 100 0 0
3 1 1 1 100 0.75 1 13 5 39 34 3 100 0 0
3 1 1 1 100 0.75 1 14 7 42 35 5 100 0 0
3 1 1 1 100 0.75 1 15 7 45 39 7 99 0 1
3 1 1 1 100 0.75 1 16 9 48 39 7 99 0 2
3 1 1 1 100 0.75 1 17 10 51 42 9 99 0 2
3 1 1 1 100 0.75 1 18 10 54 45 10 99 0 2
3 1 1 1 100 0.75 1 19 11 57 48 10 99 0 3
3 1 1 1 100 0.75 1 20 12 60 50 11 99 0 3
3 1 1 1 100 0.75 1 21 13 63 54 12 99 0 6
3 1 1 1 100 0.75 1 22 17 66 53 13 99 0 7
3 1 1 1 100 0.75 1 23 18 69 56 17 99 0 7
3 1 1 1 100 0.75 1 24 21 72 57 18 99 0 9
3 1 1 1 100 0.75 1 25 22 75 61 21 98 0 9
3 1 1 1 100 0.75 1 26 24 78 62 22 98 0 10
3 1 1 1 100 0.75 1 27 26 81 63 24 98 0 10
3 1 1 1 100 0.75 1 28 30 84 64 26 98 0 12
3 1 1 1 100 0.75 1 29 32 87 64 30 98 0 13
3 1 1 1 100 0.75 1 30 35 90 66 32 98 0 15
3 1 1 1 100 0.75 1 31 36 93 70 35 98 0 17
3 1 1 1 100 0.75 1 32 38 96 76 36 98 0 17
3 1 1 1 100 0.75 1 33 40 99 74 38 98 0 18
3 1 1 1 100 0.75 1 34 43 101 78 39 99 1 19
3 1 1 1 100 0.75 1 35 48 104 80 42 99 1 19
3 1 1 1 100 0.75 1 36 49 105 82 45 101 3 21
3 1 1 1 100 0.75 1 37 50 108 83 46 101 3 22
3 1 1 1 100 0.75 1 38 54 110 84 46 102 4 22
3 1 1 1 100 0.75 1 39 56 110 82 47 105 7 20
3 1 1 1 100 0.75 1 40 60 113 81 49 105 7 21
3 1 1 1 100 0.75 1 41 63 113 84 50 108 10 19
3 1 1 1 100 0.75 1 42 67 116 85 53 108 10 23
3 1 1 1 100 0.75 1 43 69 119 88 57 108 10 24
3 1 1 1 100 0.75 1 44 71 120 88 57 110 12 23
3 1 1 1 100 0.75 1 45 71 123 91 59 110 12 24
3 1 1 1 100 0.75 1 46 74 124 95 57 112 14 23
3 1 1 1 100 0.75 1 47 78 126 94 59 113 15 26
3 1 1 1 100 0.75 1 48 80 129 98 63 113 15 28
3 1 1 1 100 0.75 1 49 81 131 102 64 114 16 28
3 1 1 1 100 0.75 1 50 87 133 101 64 115 17 29
3 1 1 1 100 0.75 1 51 88 135 106 69 115 18 29
3 1 1 1 100 0.75 1 52 92 136 98 68 117 20 28
3 1 1 1 100 0.75 1 53 95 138 102 71 118 21 28
3 1 1 1 100 0.75 1 54 99 139 107 72 120 23 29
3 1 1 1 100 0.75 1 55 103 142 102 76 120 23 31
3 1 1 1 100 0.75 1 56 106 142 101 77 123 26 29
3 1 1 1 100 0.75 1 57 107 143 106 78 125 28 29
3 1 1 1 100 0.75 1 58 112 144 102 77 127 30 28
3 1 1 1 100 0.75 1 59 115 147 107 82 127 30 30
3 1 1 1 100 0.75 1 60 124 149 102 84 128 31 32
3 1 1 1 100 0.75 1 61 125 149 109 90 131 34 31
3 1 1 1 100 0.75 1 62 129 150 107 89 133 36 33
3 1 1 1 100 0.75 1 63 130 152 114 92 133 37 34
3 1 1 1 100 0.75 1 64 130 153 112 91 135 39 33
3 1 1 1 100 0.75 1 65 132 154 112 89 137 41 33
3 1 1 1 100 0.75 1 66 136 156 120 90 138 42 36
3 1 1 1 100 0.75 1 67 139 156 119 91 141 45 36
3 1 1 1 100 0.75 1 68 145 157 122 92 143 47 38
3 1 1 1 100 0.75 1 69 149 160 114 98 143 47 39
3 1 1 1 100 0.75 1 70 151 162 119 101 144 48 42
3 1 1 1 100 0.75 1 71 154 163 117 101 146 50 40
3 1 1 1 100 0.75 1 72 157 163 115 102 149 53 38
3 1 1 1 100 0.75 1 73 161 165 117 104 150 54 40
3 1 1 1 100 0.75 1 74 166 166 117 106 152 56 42
3 1 1 1 100 0.75 1 75 168 166 113 108 155 59 45
3 1 1 1 100 0.75 1 76 172 166 115 107 158 62 44
3 1 1 1 100 0.75 1 77 174 169 121 112 158 62 46
3 1 1 1 100 0.75 1 78 176 169 117 111 161 65 47
3 1 1 1 100 0.75 1 79 180 171 118 112 161 66 46
3 1 1 1 100 0.75 1 80 184 172 117 115 163 68 46
3 1 1 1 100 0.75 1 81 189 170 120 114 168 73 45
3 1 1 1 100 0.75 1 82 193 171 119 117 170 75 46
3 1 1 1 100 0.75 1 83 197 172 109 120 172 77 47
3 1 1 1 100 0.75 1 84 199 170 115 119 177 82 46
3 1 1 1 100 0.75 1 85 205 171 110 119 179 84 45
3 1 1 1 100 0.75 1 86 208 173 123 124 180 85 47
3 1 1 1 100 0.75 1 87 213 174 107 125 182 87 48
3 1 1 1 100 0.75 1 88 216 173 113 128 186 91 46
3 1 1 1 100 0.75 1 89 218 176 113 131 186 91 52
3 1 1 1 100 0.75 1 90 219 175 114 129 190 95 49
3 1 1 1 100 0.75 1 91 222 174 111 126 194 99 48
3 1 1 1 100 0.75 1 92 224 175 111 127 196 101 50
3 1 1 1 100 0.75 1 93 226 175 121 126 199 104 51
3 1 1 1 100 0.75 1 94 231 175 114 125 202 107 53
3 1 1 1 100 0.75 1 95 237 174 115 126 206 111 50
3 1 1 1 100 0.75 1 96 241 173 111 128 210 115 49
3 1 1 1 100 0.75 1 97 243 175 111 133 211 116 50
3 1 1 1 100 0.75 1 98 245 177 117 134 212 117 51
3 1 1 1 100 0.75 1 99 249 179 114 136 213 118 52
3 1 1 1 100 0.75 1 100 251 179 111 138 216 121 51
3 1 1 1 100 0.75 1 101 254 177 106 136 221 126 48
3 1 1 1 100 0.75 1 102 259 177 103 136 223 129 48
3 1 1 1 100 0.75 1 103 263 177 107 138 226 132 51
3 1 1 1 100 0.75 1 104 271 176 105 139 230 136 49
3 1 1 1 100 0.75 1 105 274 176 102 144 233 139 49
3 1 1 1 100 0.75 1 106 277 176 101 144 236 142 50
3 1 1 1 100 0.75 1 107 279 177 104 146 238 144 52
3 1 1 1 100 0.75 1 108 282 174 100 142 244 150 47
3 1 1 1 100 0.75 1 109 284 175 100 143 246 152 46
3 1 1 1 100 0.75 1 110 288 178 108 145 246 152 50
3 1 1 1 100 0.75 1 111 290 175 109 143 252 158 49
3 1 1 1 100 0.75 1 112 292 174 106 141 256 162 50
3 1 1 1 100 0.75 1 113 298 175 104 142 258 164 50
3 1 1 1 100 0.75 1 114 298 176 109 146 260 166 50
3 1 1 1 100 0.75 1 115 301 176 107 143 263 169 49
3 1 1 1 100 0.75 1 116 308 177 104 144 265 171 48
3 1 1 1 100 0.75 1 117 310 180 102 152 265 171 49
3 1 1 1 100 0.75 1 118 311 179 102 150 269 175 46
3 1 1 1 100 0.75 1 119 315 180 107 149 271 177 45
3 1 1 1 100 0.75 1 120 319 180 108 150 274 180 48
3 1 1 1 100 0.75 1 121 320 181 100 152 274 182 48
3 1 1 1 100 0.75 1 122 321 182 103 153 276 184 48
3 1 1 1 100 0.75 1 123 325 179 96 148 282 190 44
3 1 1 1 100 0.75 1 124 329 180 107 150 283 192 49
3 1 1 1 100 0.75 1 125 333 178 103 149 287 197 45
3 1 1 1 100 0.75 1 126 335 179 102 153 288 199 45
3 1 1 1 100 0.75 1 127 339 178 99 152 292 203 44
3 1 1 1 100 0.75 1 128 340 180 96 155 292 204 45
3 1 1 1 100 0.75 1 129 344 179 106 152 296 208 42
3 1 1 1 100 0.75 1 130 347 180 97 155 298 210 43
3 1 1 1 100 0.75 1 131 350 178 95 153 302 215 43
3 1 1 1 100 0.75 1 132 353 178 102 154 305 218 44
3 1 1 1 100 0.75 1 133 354 180 95 156 306 219 47
3 1 1 1 100 0.75 1 134 355 182 105 158 307 220 49
3 1 1 1 100 0.75 1 135 359 184 102 159 308 221 50
3 1 1 1 100 0.75 1 136 359 185 104 161 310 223 50
3 1 1 1 100 0.75 1 137 361 186 103 160 312 225 53
3 1 1 1 100 0.75 1 138 364 187 100 161 313 227 53
3 1 1 1 100 0.75 1 139 365 186 87 162 317 231 51
3 1 1 1 100 0.75 1 140 368 188 106 164 318 232 53
3 1 1 1 100 0.75 1 141 371 189 92 165 320 234 51
3 1 1 1 100 0.75 1 142 373 186 95 162 326 240 46
3 1 1 1 100 0.75 1 143 376 186 92 161 329 243 44
3 1 1 1 100 0.75 1 144 378 187 96 164 331 245 43
3 1 1 1 100 0.75 1 145 379 188 92 164 333 247 45
3 1 1 1 100 0.75 1 146 380 188 102 163 336 250 47
3 1 1 1 100 0.75 1 147 383 189 94 162 338 252 47
3 1 1 1 100 0.75 1 148 386 188 108 161 342 256 43
3 1 1 1 100 0.75 1 149 390 189 94 162 344 258 43
3 1 1 1 100 0.75 1 150 396 185 93 159 351 265 40
3 1 1 1 100 0.75 1 150 396 185 185 159 391 265 40
3 1 1 1 100 0.75 1 180 396 185 185 159 11 265 40
3 1 1 1 100 0.75 2 181 0 3 3 0 11 0 0
3 1 1 1 100 0.75 2 182 0 6 6 0 11 0 0
3 1 1 1 100 0.75 2 183 0 9 9 0 11 0 0
3 1 1 1 100 0.75 2 184 0 12 12 0 11 0 0
3 1 1 1 100 0.75 2 185 0 15 15 0 11 0 0
3 1 1 1 100 0.75 2 186 0 18 18 0 11 0 0
3 1 1 1 100 0.75 2 187 0 21 21 0 11 0 0
3 1 1 1 100 0.75 2 188 0 24 24 0 11 0 0
3 1 1 1 100 0.75 2 189 0 27 26 0 11 0 0
3 1 1 1 100 0.75 2 190 0 30 29 0 11 0 0
3 1 1 1 100 0.75 2 191 2 33 31 0 11 0 0
3 1 1 1 100 0.75 2 192 2 36 34 2 11 0 0
3 1 1 1 100 0.75 2 193 2 39 37 2 11 0 0
3 1 1 1 100 0.75 2 194 2 42 40 2 11 0 0
3 1 1 1 100 0.75 2 195 2 45 43 2 11 0 0
3 1 1 1 100 0.75 2 196 2 48 46 2 11 0 0
3 1 1 1 100 0.75 2 197 2 51 49 2 11 0 0
3 1 1 1 100 0.75 2 198 3 54 51 2 11 0 0
3 1 1 1 100 0.75 2 199 3 57 55 3 11 0 1
3 1 1 1 100 0.75 2 200 4 60 58 3 11 0 1
3 1 1 1 100 0.75 2 201 5 63 59 4 11 0 1
3 1 1 1 100 0.75 2 202 5 66 61 5 11 0 1
3 1 1 1 100 0.75 2 203 5 69 66 5 11 0 1
3 1 1 1 100 0.75 2 204 5 72 68 5 11 0 1
3 1 1 1 100 0.75 2 205 7 75 71 5 11 0 1
3 1 1 1 100 0.75 2 206 7 78 73 7 11 0 1
3 1 1 1 100 0.75 2 207 8 81 77 7 11 0 1
3 1 1 1 100 0.75 2 208 12 84 77 8 11 0 2
3 1 1 1 100 0.75 2 209 12 87 80 12 11 0 2
3 1 1 1 100 0.75 2 210 12 90 83 12 11 0 2
3 1 1 1 100 0.75 2 211 12 93 86 12 11 0 2
3 1 1 1 100 0.75 2 212 12 96 90 12 11 0 3
3 1 1 1 100 0.75 2 213 13 99 93 12 11 0 4
3 1 1 1 100 0.75 2 214 13 102 96 13 11 0 4
3 1 1 1 100 0.75 2 215 15 105 101 13 11 0 6
3 1 1 1 100 0.75 2 216 16 108 103 15 11 0 7
3 1 1 1 100 0.75 2 217 16 111 107 16 11 0 7
3 1 1 1 100 0.75 2 218 17 114 109 16 11 0 7
3 1 1 1 100 0.75 2 219 19 116 109 16 12 1 6
3 1 1 1 100 0.75 2 220 19 119 112 18 12 1 6
3 1 1 1 100 0.75 2 221 19 122 116 18 12 1 7
3 1 1 1 100 0.75 2 222 22 125 117 18 12 1 8
3 1 1 1 100 0.75 2 223 25 127 117 20 13 2 8
3 1 1 1 100 0.75 2 224 26 130 120 23 13 2 9
3 1 1 1 100 0.75 2 225 27 133 123 24 13 2 9
3 1 1 1 100 0.75 2 226 28 136 125 25 13 2 9
3 1 1 1 100 0.75 2 227 29 139 129 26 13 2 10
3 1 1 1 100 0.75 2 228 31 141 129 26 14 3 9
3 1 1 1 100 0.75 2 229 32 144 132 28 14 3 11
3 1 1 1 100 0.75 2 230 33 147 138 29 14 3 13
3 1 1 1 100 0.75 2 231 35 150 139 30 14 3 14
3 1 1 1 100 0.75 2 232 37 152 141 31 15 4 14
3 1 1 1 100 0.75 2 233 39 154 141 32 16 5 14
3 1 1 1 100 0.75 2 234 39 157 145 34 16 5 15
3 1 1 1 100 0.75 2 235 40 159 147 33 17 6 14
3 1 1 1 100 0.75 2 236 40 160 150 32 19 8 13
3 1 1 1 100 0.75 2 237 41 163 153 32 19 8 13
3 1 1 1 100 0.75 2 238 41 166 154 33 19 8 14
3 1 1 1 100 0.75 2 239 41 168 157 32 20 9 15
3 1 1 1 100 0.75 2 240 43 170 161 31 21 10 16
3 1 1 1 100 0.75 2 241 46 173 163 33 21 10 16
3 1 1 1 100 0.75 2 242 47 175 164 35 22 11 15
3 1 1 1 100 0.75 2 243 49 177 164 35 23 12 15
3 1 1 1 100 0.75 2 244 51 179 166 36 24 13 15
3 1 1 1 100 0.75 2 245 52 181 164 37 25 14 14
3 1 1 1 100 0.75 2 246 52 184 170 38 25 14 14
3 1 1 1 100 0.75 2 247 54 186 169 37 26 15 14
3 1 1 1 100 0.75 2 248 54 188 173 38 27 16 14
3 1 1 1 100 0.75 2 249 57 190 175 37 28 17 16
3 1 1 1 100 0.75 2 250 59 191 174 38 30 19 15
3 1 1 1 100 0.75 2 251 61 194 180 41 30 19 17
3 1 1 1 100 0.75 2 252 63 197 181 43 30 19 17
3 1 1 1 100 0.75 2 253 64 199 182 44 31 20 17
3 1 1 1 100 0.75 2 254 64 202 187 45 31 20 18
3 1 1 1 100 0.75 2 255 67 205 187 45 31 20 19
3 1 1 1 100 0.75 2 256 69 205 186 45 34 23 16
3 1 1 1 100 0.75 2 257 74 207 186 46 35 24 18
3 1 1 1 100 0.75 2 258 74 209 189 50 36 25 17
3 1 1 1 100 0.75 2 259 75 212 191 50 36 25 19
3 1 1 1 100 0.75 2 260 75 213 191 49 38 27 19
3 1 1 1 100 0.75 2 261 77 216 195 49 38 27 20
3 1 1 1 100 0.75 2 262 79 218 197 50 39 28 21
3 1 1 1 100 0.75 2 263 81 221 200 52 39 28 22
3 1 1 1 100 0.75 2 264 82 224 204 54 39 28 24
3 1 1 1 100 0.75 2 265 83 224 206 52 42 31 24
3 1 1 1 100 0.75 2 266 84 226 208 52 43 32 23
3 1 1 1 100 0.75 2 267 86 225 203 49 47 36 20
3 1 1 1 100 0.75 2 268 91 228 206 51 47 36 22
3 1 1 1 100 0.75 2 269 92 231 208 56 47 36 23
3 1 1 1 100 0.75 2 270 92 233 212 56 48 37 24
3 1 1 1 100 0.75 2 271 93 234 209 54 50 39 23
3 1 1 1 100 0.75 2 272 97 237 213 55 50 39 24
3 1 1 1 100 0.75 2 273 99 239 211 58 51 40 25
3 1 1 1 100 0.75 2 274 104 242 214 60 51 40 26
3 1 1 1 100 0.75 2 275 110 242 211 62 54 43 27
3 1 1 1 100 0.75 2 276 112 245 213 68 54 43 29
3 1 1 1 100 0.75 2 277 114 246 213 68 56 45 28
3 1 1 1 100 0.75 2 278 116 249 211 71 56 45 28
3 1 1 1 100 0.75 2 279 117 249 215 70 59 48 27
3 1 1 1 100 0.75 2 280 122 249 214 68 62 51 26
3 1 1 1 100 0.75 2 281 127 250 215 71 64 53 27
3 1 1 1 100 0.75 2 282 130 252 213 75 65 54 29
3 1 1 1 100 0.75 2 283 134 253 215 76 67 56 31
3 1 1 1 100 0.75 2 284 134 254 218 79 69 58 30
3 1 1 1 100 0.75 2 285 137 256 220 78 70 59 33
3 1 1 1 100 0.75 2 286 140 259 223 81 70 59 33
3 1 1 1 100 0.75 2 287 146 260 219 82 72 61 34
3 1 1 1 100 0.75 2 288 153 261 222 86 74 63 34
3 1 1 1 100 0.75 2 289 158 263 219 92 75 64 34
3 1 1 1 100 0.75 2 290 162 263 219 94 78 67 35
3 1 1 1 100 0.75 2 291 164 265 223 97 79 68 36
3 1 1 1 100 0.75 2 292 167 268 224 99 79 68 36
3 1 1 1 100 0.75 2 293 172 270 223 101 80 69 38
3 1 1 1 100 0.75 2 294 173 272 227 105 81 70 41
3 1 1 1 100 0.75 2 295 177 273 228 104 83 72 46
3 1 1 1 100 0.75 2 296 184 274 225 107 85 74 46
3 1 1 1 100 0.75 2 297 188 275 225 114 87 76 47
3 1 1 1 100 0.75 2 298 192 278 228 118 87 76 50
3 1 1 1 100 0.75 2 299 198 277 224 118 91 80 48
3 1 1 1 100 0.75 2 300 205 276 221 120 95 84 48
3 1 1 1 100 0.75 2 301 209 275 218 123 99 88 46
3 1 1 1 100 0.75 2 302 211 275 214 124 102 91 45
3 1 1 1 100 0.75 2 303 215 278 224 126 102 91 50
3 1 1 1 100 0.75 2 304 223 278 221 127 105 94 51
3 1 1 1 100 0.75 2 305 227 280 220 135 106 95 51
3 1 1 1 100 0.75 2 306 230 281 222 137 108 97 53
3 1 1 1 100 0.75 2 307 235 282 223 138 110 99 58
3 1 1 1 100 0.75 2 308 239 283 226 141 112 101 60
3 1 1 1 100 0.75 2 309 243 285 221 144 113 102 62
3 1 1 1 100 0.75 2 310 245 284 229 144 117 106 61
3 1 1 1 100 0.75 2 311 250 284 226 143 120 109 62
3 1 1 1 100 0.75 2 312 255 282 224 144 125 114 62
3 1 1 1 100 0.75 2 313 258 281 220 145 129 118 61
3 1 1 1 100 0.75 2 314 262 279 217 143 134 123 58
3 1 1 1 100 0.75 2 315 269 279 210 144 137 126 59
3 1 1 1 100 0.75 2 316 274 281 217 150 138 127 61
3 1 1 1 100 0.75 2 317 284 282 209 153 140 129 61
3 1 1 1 100 0.75 2 318 286 284 210 162 141 130 63
3 1 1 1 100 0.75 2 319 292 284 208 162 144 133 67
3 1 1 1 100 0.75 2 320 298 284 205 166 147 136 65
3 1 1 1 100 0.75 2 321 304 284 202 169 150 139 66
3 1 1 1 100 0.75 2 322 307 281 200 169 156 145 63
3 1 1 1 100 0.75 2 323 312 281 195 170 159 148 65
3 1 1 1 100 0.75 2 324 319 277 187 169 166 155 63
3 1 1 1 100 0.75 2 325 326 278 197 174 168 157 69
3 1 1 1 100 0.75 2 326 329 276 192 176 173 162 65
3 1 1 1 100 0.75 2 327 335 272 185 172 180 169 63
3 1 1 1 100 0.75 2 328 340 272 185 177 182 172 63
3 1 1 1 100 0.75 2 329 345 274 186 182 183 173 68
3 1 1 1 100 0.75 2 330 353 274 179 185 186 176 70
3 1 1 1 100 0.75 2 330 353 274 274 185 251 176 70
3 1 1 1 100 0.75 2 360 353 274 274 185 11 176 70
3 1 1 1 100 0.75 3 361 0 3 3 0 11 0 0
3 1 1 1 100 0.75 3 362 0 6 6 0 11 0 0
3 1 1 1 100 0.75 3 363 0 9 9 0 11 0 0
3 1 1 1 100 0.75 3 364 0 12 12 0 11 0 0
3 1 1 1 100 0.75 3 365 0 15 15 0 11 0 0
3 1 1 1 100 0.75 3 366 0 18 18 0 11 0 0
3 1 1 1 100 0.75 3 367 0 21 21 0 11 0 0
3 1 1 1 100 0.75 3 368 0 24 24 0 11 0 0
3 1 1 1 100 0.75 3 369 0 27 27 0 11 0 0
3 1 1 1 100 0.75 3 370 0 30 30 0 11 0 0
3 1 1 1 100 0.75 3 371 0 33 33 0 11 0 0
3 1 1 1 100 0.75 3 372 1 36 35 0 11 0 0
3 1 1 1 100 0.75 3 373 1 39 38 1 11 0 0
3 1 1 1 100 0.75 3 374 1 42 41 1 11 0 0
3 1 1 1 100 0.75 3 375 2 45 42 1 11 0 0
3 1 1 1 100 0.75 3 376 2 48 46 2 11 0 0
3 1 1 1 100 0.75 3 377 5 51 46 2 11 0 0
3 1 1 1 100 0.75 3 378 6 54 48 5 11 0 0
3 1 1 1 100 0.75 3 379 6 57 51 6 11 0 0
3 1 1 1 100 0.75 3 380 7 60 54 6 11 0 1
3 1 1 1 100 0.75 3 381 7 63 57 7 11 0 1
3 1 1 1 100 0.75 3 382 8 66 59 7 11 0 1
3 1 1 1 100 0.75 3 383 10 69 61 8 11 0 1
3 1 1 1 100 0.75 3 384 10 72 66 10 11 0 3
3 1 1 1 100 0.75 3 385 11 75 67 10 11 0 3
3 1 1 1 100 0.75 3 386 11 78 71 11 11 0 4
3 1 1 1 100 0.75 3 387 11 81 73 11 11 0 4
3 1 1 1 100 0.75 3 388 11 84 78 11 11 0 5
3 1 1 1 100 0.75 3 389 11 87 81 11 11 0 5
3 1 1 1 100 0.75 3 390 11 90 85 11 11 0 7
3 1 1 1 100 0.75 3 391 13 93 86 11 11 0 8
3 1 1 1 100 0.75 3 392 14 96 90 13 11 0 8
3 1 1 1 100 0.75 3 393 14 99 94 14 11 0 9
3 1 1 1 100 0.75 3 394 15 102 93 14 11 0 9
3 1 1 1 100 0.75 3 395 16 105 97 15 11 0 9
3 1 1 1 100 0.75 3 396 19 107 97 15 12 1 8
3 1 1 1 100 0.75 3 397 19 110 100 18 12 1 8
3 1 1 1 100 0.75 3 398 19 113 104 18 12 1 9
3 1 1 1 100 0.75 3 399 19 116 109 18 12 1 11
3 1 1 1 100 0.75 3 400 21 117 108 16 14 3 9
3 1 1 1 100 0.75 3 401 22 119 109 17 15 4 8
3 1 1 1 100 0.75 3 402 22 122 114 18 15 4 10
3 1 1 1 100 0.75 3 403 24 125 117 18 15 4 12
3 1 1 1 100 0.75 3 404 25 128 119 20 15 4 13
3 1 1 1 100 0.75 3 405 26 130 120 20 16 5 12
3 1 1 1 100 0.75 3 406 27 130 120 18 19 8 9
3 1 1 1 100 0.75 3 407 28 133 124 19 19 8 11
3 1 1 1 100 0.75 3 408 28 136 127 20 19 8 12
3 1 1 1 100 0.75 3 409 32 139 126 20 19 8 12
3 1 1 1 100 0.75 3 410 32 141 129 23 20 9 12
3 1 1 1 100 0.75 3 411 32 144 132 23 20 9 13
3 1 1 1 100 0.75 3 412 32 147 137 23 20 9 14
3 1 1 1 100 0.75 3 413 33 150 140 23 20 9 14
3 1 1 1 100 0.75 3 414 35 153 142 24 20 9 15
3 1 1 1 100 0.75 3 415 37 155 143 25 21 10 15
3 1 1 1 100 0.75 3 416 37 157 145 26 22 11 16
3 1 1 1 100 0.75 3 417 40 160 149 26 22 11 18
3 1 1 1 100 0.75 3 418 42 163 149 29 22 11 18
3 1 1 1 100 0.75 3 419 43 163 148 28 25 14 15
3 1 1 1 100 0.75 3 420 44 166 150 29 25 14 15
3 1 1 1 100 0.75 3 421 44 169 156 30 25 14 18
3 1 1 1 100 0.75 3 422 46 172 159 30 25 14 20
3 1 1 1 100 0.75 3 423 48 170 156 27 30 19 15
3 1 1 1 100 0.75 3 424 49 173 157 29 30 19 17
3 1 1 1 100 0.75 3 425 49 176 165 30 30 19 19
3 1 1 1 100 0.75 3 426 52 178 164 29 31 20 19
3 1 1 1 100 0.75 3 427 53 181 167 32 31 20 20
3 1 1 1 100 0.75 3 428 54 183 168 32 32 21 20
3 1 1 1 100 0.75 3 429 57 186 170 33 32 21 21
3 1 1 1 100 0.75 3 430 60 186 170 33 35 24 20
3 1 1 1 100 0.75 3 431 65 188 168 35 36 25 19
3 1 1 1 100 0.75 3 432 67 190 168 39 37 26 19
3 1 1 1 100 0.75 3 433 71 192 167 40 38 27 19
3 1 1 1 100 0.75 3 434 72 195 171 44 38 27 22
3 1 1 1 100 0.75 3 435 72 197 172 44 39 28 21
3 1 1 1 100 0.75 3 436 75 200 178 44 39 28 23
3 1 1 1 100 0.75 3 437 78 202 176 46 40 29 24
3 1 1 1 100 0.75 3 438 79 202 183 46 43 32 23
3 1 1 1 100 0.75 3 439 82 204 182 46 44 33 22
3 1 1 1 100 0.75 3 440 87 206 181 48 45 34 24
3 1 1 1 100 0.75 3 441 90 209 182 53 45 34 26
3 1 1 1 100 0.75 3 442 92 210 183 54 47 36 24
3 1 1 1 100 0.75 3 443 95 211 181 54 49 38 23
3 1 1 1 100 0.75 3 444 95 213 185 56 50 39 25
3 1 1 1 100 0.75 3 445 98 216 190 56 50 39 27
3 1 1 1 100 0.75 3 446 103 217 188 57 52 41 26
3 1 1 1 100 0.75 3 447 107 219 188 61 53 42 28
3 1 1 1 100 0.75 3 448 112 220 188 63 55 44 29
3 1 1 1 100 0.75 3 449 112 221 190 66 57 46 30
3 1 1 1 100 0.75 3 450 116 224 190 66 57 46 32
3 1 1 1 100 0.75 3 451 119 225 192 68 59 48 31
3 1 1 1 100 0.75 3 452 121 225 188 68 62 51 28
3 1 1 1 100 0.75 3 453 123 225 190 67 65 54 29
3 1 1 1 100 0.75 3 454 126 228 194 69 65 54 31
3 1 1 1 100 0.75 3 455 128 231 199 72 65 54 34
3 1 1 1 100 0.75 3 456 128 233 202 73 66 55 34
3 1 1 1 100 0.75 3 457 133 235 196 72 67 56 34
3 1 1 1 100 0.75 3 458 134 238 209 77 67 56 38
3 1 1 1 100 0.75 3 459 137 239 204 76 69 58 39
3 1 1 1 100 0.75 3 460 144 241 204 78 69 59 40
3 1 1 1 100 0.75 3 461 145 237 202 78 76 66 35
3 1 1 1 100 0.75 3 462 147 240 204 79 76 66 38
3 1 1 1 100 0.75 3 463 152 243 204 81 76 66 38
3 1 1 1 100 0.75 3 464 152 245 210 85 77 67 40
3 1 1 1 100 0.75 3 465 155 247 207 84 78 68 40
3 1 1 1 100 0.75 3 466 158 244 203 81 84 74 34
3 1 1 1 100 0.75 3 467 160 244 205 82 87 77 36
3 1 1 1 100 0.75 3 468 165 245 203 82 89 79 39
3 1 1 1 100 0.75 3 469 167 244 204 83 93 83 37
3 1 1 1 100 0.75 3 470 170 247 205 85 93 83 40
3 1 1 1 100 0.75 3 471 175 248 203 87 95 85 40
3 1 1 1 100 0.75 3 472 177 251 208 92 95 85 40
3 1 1 1 100 0.75 3 473 179 251 210 91 98 88 41
3 1 1 1 100 0.75 3 474 181 251 208 90 101 91 39
3 1 1 1 100 0.75 3 475 184 252 212 90 103 93 42
3 1 1 1 100 0.75 3 476 186 254 212 92 104 94 41
3 1 1 1 100 0.75 3 477 190 254 210 92 107 97 42
3 1 1 1 100 0.75 3 478 194 255 210 94 109 99 42
3 1 1 1 100 0.75 3 479 200 256 210 96 111 101 44
3 1 1 1 100 0.75 3 480 205 256 206 99 114 104 42
3 1 1 1 100 0.75 3 481 209 258 206 103 115 105 43
3 1 1 1 100 0.75 3 482 211 257 201 103 119 109 41
3 1 1 1 100 0.75 3 483 217 258 204 103 121 111 40
3 1 1 1 100 0.75 3 484 220 259 200 107 123 113 41
3 1 1 1 100 0.75 3 485 224 260 206 109 124 115 42
3 1 1 1 100 0.75 3 486 227 259 199 109 128 119 40
3 1 1 1 100 0.75 3 487 233 261 206 111 129 120 45
3 1 1 1 100 0.75 3 488 237 262 201 115 131 122 44
3 1 1 1 100 0.75 3 489 242 263 205 117 133 124 45
3 1 1 1 100 0.75 3 490 246 263 205 119 136 127 45
3 1 1 1 100 0.75 3 491 250 264 204 122 138 129 46
3 1 1 1 100 0.75 3 492 251 262 204 121 143 134 44
3 1 1 1 100 0.75 3 493 253 262 205 120 146 137 44
3 1 1 1 100 0.75 3 494 255 264 206 121 147 138 45
3 1 1 1 100 0.75 3 495 260 265 206 122 149 140 45
3 1 1 1 100 0.75 3 496 265 267 202 126 150 141 48
3 1 1 1 100 0.75 3 497 270 266 200 127 154 145 47
3 1 1 1 100 0.75 3 498 273 267 201 131 156 147 48
3 1 1 1 100 0.75 3 499 278 269 204 133 157 148 48
3 1 1 1 100 0.75 3 500 280 269 207 135 160 151 49
3 1 1 1 100 0.75 3 501 281 271 205 136 161 152 49
3 1 1 1 100 0.75 3 502 285 271 208 135 164 155 50
3 1 1 1 100 0.75 3 503 286 268 198 134 170 161 47
3 1 1 1 100 0.75 3 504 292 268 208 132 173 164 51
3 1 1 1 100 0.75 3 505 297 267 199 134 176 168 51
3 1 1 1 100 0.75 3 506 301 269 202 140 177 169 51
3 1 1 1 100 0.75 3 507 305 270 199 142 179 171 55
3 1 1 1 100 0.75 3 508 309 271 199 144 181 173 53
3 1 1 1 100 0.75 3 509 313 273 198 148 182 174 53
3 1 1 1 100 0.75 3 510 315 274 201 151 184 176 52
3 1 1 1 100 0.75 3 510 315 274 274 151 232 176 52
3 1 1 1 100 0.75 3 540 315 274 274 151 11 176 52
3 1 1 1 100 0.75 4 541 0 3 3 0 11 0 0
3 1 1 1 100 0.75 4 542 0 6 6 0 11 0 0
3 1 1 1 100 0.75 4 543 0 9 9 0 11 0 0
3 1 1 1 100 0.75 4 544 0 12 12 0 11 0 0
3 1 1 1 100 0.75 4 545 0 15 15 0 11 0 0
3 1 1 1 100 0.75 4 546 0 18 18 0 11 0 0
3 1 1 1 100 0.75 4 547 0 21 21 0 11 0 0
3 1 1 1 100 0.75 4 548 0 24 24 0 11 0 0
3 1 1 1 100 0.75 4 549 0 27 27 0 11 0 0
3 1 1 1 100 0.75 4 550 0 30 30 0 11 0 0
3 1 1 1 100 0.75 4 551 0 33 33 0 11 0 0
3 1 1 1 100 0.75 4 552 1 36 35 0 11 0 0
3 1 1 1 100 0.75 4 553 1 39 38 1 11 0 0
3 1 1 1 100 0.75 4 554 1 42 41 1 11 0 0
3 1 1 1 100 0.75 4 555 1 45 44 1 11 0 0
3 1 1 1 100 0.75 4 556 1 48 47 1 11 0 0
3 1 1 1 100 0.75 4 557 1 51 50 1 11 0 0
3 1 1 1 100 0.75 4 558 1 54 53 1 11 0 0
3 1 1 1 100 0.75 4 559 1 57 56 1 11 0 0
3 1 1 1 100 0.75 4 560 2 60 59 1 11 0 1
3 1 1 1 100 0.75 4 561 2 63 62 2 11 0 1
3 1 1 1 100 0.75 4 562 3 66 64 2 11 0 1
3 1 1 1 100 0.75 4 563 4 69 65 3 11 0 1
3 1 1 1 100 0.75 4 564 4 72 69 4 11 0 1
3 1 1 1 100 0.75 4 565 5 75 71 4 11 0 1
3 1 1 1 100 0.75 4 566 5 78 74 5 11 0 1
3 1 1 1 100 0.75 4 567 6 81 77 5 11 0 1
3 1 1 1 100 0.75 4 568 6 84 80 6 11 0 1
3 1 1 1 100 0.75 4 569 7 87 82 6 11 0 1
3 1 1 1 100 0.75 4 570 7 90 86 7 11 0 1
3 1 1 1 100 0.75 4 571 7 93 90 7 11 0 1
3 1 1 1 100 0.75 4 572 7 96 93 7 11 0 1
3 1 1 1 100 0.75 4 573 9 99 95 7 11 0 2
3 1 1 1 100 0.75 4 574 9 102 99 9 11 0 3
3 1 1 1 100 0.75 4 575 10 105 100 9 11 0 3
3 1 1 1 100 0.75 4 576 10 108 104 10 11 0 3
3 1 1 1 100 0.75 4 577 11 111 107 10 11 0 4
3 1 1 1 100 0.75 4 578 11 113 109 10 12 1 3
3 1 1 1 100 0.75 4 579 13 116 110 10 12 1 3
3 1 1 1 100 0.75 4 580 13 119 114 12 12 1 3
3 1 1 1 100 0.75 4 581 14 122 117 12 12 1 4
3 1 1 1 100 0.75 4 582 14 125 120 13 12 1 4
3 1 1 1 100 0.75 4 583 15 128 123 13 12 1 5
3 1 1 1 100 0.75 4 584 15 131 125 14 12 1 5
3 1 1 1 100 0.75 4 585 15 134 130 14 12 1 6
3 1 1 1 100 0.75 4 586 17 137 132 14 12 1 6
3 1 1 1 100 0.75 4 587 18 140 135 16 12 1 6
3 1 1 1 100 0.75 4 588 19 143 136 17 12 1 6
3 1 1 1 100 0.75 4 589 19 146 141 18 12 1 7
3 1 1 1 100 0.75 4 590 19 148 142 17 13 2 7
3 1 1 1 100 0.75 4 591 21 151 145 17 13 2 7
3 1 1 1 100 0.75 4 592 22 153 146 18 14 3 6
3 1 1 1 100 0.75 4 593 22 155 149 18 15 4 5
3 1 1 1 100 0.75 4 594 24 158 150 18 15 4 6
3 1 1 1 100 0.75 4 595 24 161 154 20 15 4 7
3 1 1 1 100 0.75 4 596 25 164 157 20 15 4 7
3 1 1 1 100 0.75 4 597 25 167 160 21 15 4 7
3 1 1 1 100 0.75 4 598 26 170 163 21 15 4 8
3 1 1 1 100 0.75 4 599 27 172 163 21 16 5 8
3 1 1 1 100 0.75 4 600 27 175 168 22 16 5 9
3 1 1 1 100 0.75 4 601 28 177 169 21 17 6 8
3 1 1 1 100 0.75 4 602 30 179 169 21 18 7 9
3 1 1 1 100 0.75 4 603 31 182 172 23 18 7 9
3 1 1 1 100 0.75 4 604 32 185 175 24 18 7 9
3 1 1 1 100 0.75 4 605 32 186 176 23 20 9 7
3 1 1 1 100 0.75 4 606 33 189 179 23 20 9 7
3 1 1 1 100 0.75 4 607 34 192 181 24 20 9 7
3 1 1 1 100 0.75 4 608 34 195 184 25 20 9 7
3 1 1 1 100 0.75 4 609 35 198 188 25 20 9 10
3 1 1 1 100 0.75 4 610 36 201 191 26 20 9 10
3 1 1 1 100 0.75 4 611 38 203 192 26 21 10 10
3 1 1 1 100 0.75 4 612 40 206 194 28 21 10 10
3 1 1 1 100 0.75 4 613 40 208 197 29 22 11 10
3 1 1 1 100 0.75 4 614 41 211 198 29 22 11 10
3 1 1 1 100 0.75 4 615 42 214 202 30 22 11 11
3 1 1 1 100 0.75 4 616 42 217 204 31 22 11 11
3 1 1 1 100 0.75 4 617 44 218 204 29 24 13 11
3 1 1 1 100 0.75 4 618 49 220 203 30 25 14 10
3 1 1 1 100 0.75 4 619 51 223 206 35 25 14 11
3 1 1 1 100 0.75 4 620 53 225 206 36 26 15 10
3 1 1 1 100 0.75 4 621 54 228 209 38 26 15 10
3 1 1 1 100 0.75 4 622 54 230 211 38 27 16 10
3 1 1 1 100 0.75 4 623 57 233 213 38 27 16 11
3 1 1 1 100 0.75 4 624 58 236 214 41 27 16 11
3 1 1 1 100 0.75 4 625 60 239 219 42 27 16 14
3 1 1 1 100 0.75 4 626 63 241 220 44 28 17 15
3 1 1 1 100 0.75 4 627 65 243 224 46 28 18 16
3 1 1 1 100 0.75 4 628 66 245 225 47 29 19 17
3 1 1 1 100 0.75 4 629 67 247 227 47 30 20 16
3 1 1 1 100 0.75 4 630 69 249 227 47 31 21 16
3 1 1 1 100 0.75 4 631 70 252 233 49 31 21 16
3 1 1 1 100 0.75 4 632 71 255 235 51 31 21 17
3 1 1 1 100 0.75 4 633 74 257 237 51 32 22 19
3 1 1 1 100 0.75 4 634 77 259 238 53 33 23 20
3 1 1 1 100 0.75 4 635 78 262 239 56 33 23 21
3 1 1 1 100 0.75 4 636 78 263 242 55 35 25 20
3 1 1 1 100 0.75 4 637 78 266 246 55 35 25 20
3 1 1 1 100 0.75 4 638 81 269 246 55 35 25 22
3 1 1 1 100 0.75 4 639 82 272 251 58 35 25 24
3 1 1 1 100 0.75 4 640 84 274 253 58 36 26 25
3 1 1 1 100 0.75 4 641 86 276 253 59 37 27 26
3 1 1 1 100 0.75 4 642 91 276 255 58 40 30 26
3 1 1 1 100 0.75 4 643 93 279 254 63 40 30 26
3 1 1 1 100 0.75 4 644 94 280 256 63 42 32 24
3 1 1 1 100 0.75 4 645 95 281 258 62 44 34 24
3 1 1 1 100 0.75 4 646 98 284 259 63 44 34 25
3 1 1 1 100 0.75 4 647 101 285 261 64 46 36 24
3 1 1 1 100 0.75 4 648 102 285 258 64 49 39 21
3 1 1 1 100 0.75 4 649 105 288 264 65 49 39 24
3 1 1 1 100 0.75 4 650 109 290 265 67 50 40 25
3 1 1 1 100 0.75 4 651 113 292 264 70 51 41 26
3 1 1 1 100 0.75 4 652 113 293 263 72 53 43 24
3 1 1 1 100 0.75 4 653 114 296 269 72 53 43 27
3 1 1 1 100 0.75 4 654 119 297 268 71 55 45 27
3 1 1 1 100 0.75 4 655 121 299 269 75 56 46 27
3 1 1 1 100 0.75 4 656 125 302 267 77 56 46 27
3 1 1 1 100 0.75 4 657 127 302 267 79 59 49 28
3 1 1 1 100 0.75 4 658 130 304 271 80 60 50 27
3 1 1 1 100 0.75 4 659 131 304 265 80 63 53 24
3 1 1 1 100 0.75 4 660 133 304 264 80 66 56 21
3 1 1 1 100 0.75 4 661 135 307 270 83 66 56 24
3 1 1 1 100 0.75 4 662 137 310 271 85 66 56 26
3 1 1 1 100 0.75 4 663 139 312 278 86 67 57 26
3 1 1 1 100 0.75 4 664 145 312 271 85 70 60 25
3 1 1 1 100 0.75 4 665 147 315 273 92 70 60 28
3 1 1 1 100 0.75 4 666 149 313 272 89 75 65 26
3 1 1 1 100 0.75 4 667 151 315 275 92 76 66 27
3 1 1 1 100 0.75 4 668 155 316 271 92 78 68 25
3 1 1 1 100 0.75 4 669 157 318 280 95 79 69 25
3 1 1 1 100 0.75 4 670 160 321 278 97 79 69 26
3 1 1 1 100 0.75 4 671 161 324 283 100 79 69 28
3 1 1 1 100 0.75 4 672 167 326 284 100 80 70 31
3 1 1 1 100 0.75 4 673 170 327 284 105 82 72 30
3 1 1 1 100 0.75 4 674 176 328 282 106 84 74 31
3 1 1 1 100 0.75 4 675 182 330 284 111 85 75 31
3 1 1 1 100 0.75 4 676 184 332 284 116 86 76 30
3 1 1 1 100 0.75 4 677 190 333 286 116 88 78 30
3 1 1 1 100 0.75 4 678 192 334 282 121 90 80 28
3 1 1 1 100 0.75 4 679 197 336 279 122 91 81 28
3 1 1 1 100 0.75 4 680 200 335 280 123 95 85 30
3 1 1 1 100 0.75 4 681 207 337 284 125 96 86 32
3 1 1 1 100 0.75 4 682 210 339 287 131 97 87 37
3 1 1 1 100 0.75 4 683 217 341 288 133 98 88 40
3 1 1 1 100 0.75 4 684 222 342 281 138 100 90 41
3 1 1 1 100 0.75 4 685 224 345 293 143 100 90 46
3 1 1 1 100 0.75 4 686 225 345 291 142 103 93 45
3 1 1 1 100 0.75 4 687 226 346 288 141 105 95 44
3 1 1 1 100 0.75 4 688 230 348 295 141 106 96 48
3 1 1 1 100 0.75 4 689 235 348 291 143 109 99 48
3 1 1 1 100 0.75 4 690 242 351 299 148 109 99 54
3 1 1 1 100 0.75 4 690 242 351 351 148 161 99 54
3 1 1 1 100 0.75 4 720 242 351 351 148 11 99 54
3 1 1 1 100 0.75 5 721 0 3 3 0 11 0 0
3 1 1 1 100 0.75 5 722 0 6 6 0 11 0 0
3 1 1 1 100 0.75 5 723 0 9 9 0 11 0 0
3 1 1 1 100 0.75 5 724 0 12 12 0 11 0 0
3 1 1 1 100 0.75 5 725 0 15 15 0 11 0 0
3 1 1 1 100 0.75 5 726 0 18 18 0 11 0 0
3 1 1 1 100 0.75 5 727 0 21 21 0 11 0 0
3 1 1 1 100 0.75 5 728 0 24 24 0 11 0 0
3 1 1 1 100 0.75 5 729 1 27 26 0 11 0 0
3 1 1 1 100 0.75 5 730 1 30 29 1 11 0 0
3 1 1 1 100 0.75 5 731 2 33 31 1 11 0 0
3 1 1 1 100 0.75 5 732 2 36 34 2 11 0 0
3 1 1 1 100 0.75 5 733 2 39 37 2 11 0 0
3 1 1 1 100 0.75 5 734 2 42 40 2 11 0 0
3 1 1 1 100 0.75 5 735 2 45 43 2 11 0 0
3 1 1 1 100 0.75 5 736 3 48 46 2 11 0 1
3 1 1 1 100 0.75 5 737 3 51 49 3 11 0 1
3 1 1 1 100 0.75 5 738 4 54 51 3 11 0 1
3 1 1 1 100 0.75 5 739 4 57 54 4 11 0 1
3 1 1 1 100 0.75 5 740 4 60 56 4 11 0 1
3 1 1 1 100 0.75 5 741 4 63 59 4 11 0 1
3 1 1 1 100 0.75 5 742 4 66 63 4 11 0 1
3 1 1 1 100 0.75 5 743 5 69 65 4 11 0 1
3 1 1 1 100 0.75 5 744 5 72 68 5 11 0 1
3 1 1 1 100 0.75 5 745 5 75 73 5 11 0 1
3 1 1 1 100 0.75 5 746 6 78 74 5 11 0 1
3 1 1 1 100 0.75 5 747 6 81 77 6 11 0 1
3 1 1 1 100 0.75 5 748 7 84 79 6 11 0 1
3 1 1 1 100 0.75 5 749 7 87 82 7 11 0 1
3 1 1 1 100 0.75 5 750 7 90 85 7 11 0 1
3 1 1 1 100 0.75 5 751 7 93 89 7 11 0 2
3 1 1 1 100 0.75 5 752 7 96 92 7 11 0 2
3 1 1 1 100 0.75 5 753 9 99 94 7 11 0 3
3 1 1 1 100 0.75 5 754 9 101 94 8 12 1 2
3 1 1 1 100 0.75 5 755 9 104 99 8 12 1 2
3 1 1 1 100 0.75 5 756 10 107 101 8 12 1 3
3 1 1 1 100 0.75 5 757 10 110 105 9 12 1 3
3 1 1 1 100 0.75 5 758 12 113 106 9 12 1 3
3 1 1 1 100 0.75 5 759 12 116 109 11 12 1 3
3 1 1 1 100 0.75 5 760 12 119 112 11 12 1 3
3 1 1 1 100 0.75 5 761 13 122 116 11 12 1 4
3 1 1 1 100 0.75 5 762 13 125 118 12 12 1 4
3 1 1 1 100 0.75 5 763 13 128 121 12 12 1 5
3 1 1 1 100 0.75 5 764 14 131 123 12 12 1 5
3 1 1 1 100 0.75 5 765 15 134 127 13 12 1 6
3 1 1 1 100 0.75 5 766 16 137 130 14 12 1 6
3 1 1 1 100 0.75 5 767 19 140 130 15 12 1 6
3 1 1 1 100 0.75 5 768 19 143 133 18 12 1 6
3 1 1 1 100 0.75 5 769 19 146 137 18 12 1 6
3 1 1 1 100 0.75 5 770 20 148 138 17 13 2 5
3 1 1 1 100 0.75 5 771 20 150 140 17 14 3 4
3 1 1 1 100 0.75 5 772 20 152 142 16 15 4 4
3 1 1 1 100 0.75 5 773 22 155 146 16 15 4 6
3 1 1 1 100 0.75 5 774 23 158 147 18 15 4 7
3 1 1 1 100 0.75 5 775 25 161 152 19 15 4 9
3 1 1 1 100 0.75 5 776 26 164 154 21 15 4 9
3 1 1 1 100 0.75 5 777 26 167 157 22 15 4 9
3 1 1 1 100 0.75 5 778 26 169 159 21 16 5 8
3 1 1 1 100 0.75 5 779 26 171 161 20 17 6 7
3 1 1 1 100 0.75 5 780 27 174 165 20 17 6 7
3 1 1 1 100 0.75 5 781 29 177 168 21 17 6 9
3 1 1 1 100 0.75 5 782 31 180 169 23 17 6 9
3 1 1 1 100 0.75 5 783 33 182 172 24 18 7 10
3 1 1 1 100 0.75 5 784 34 185 173 26 18 7 10
3 1 1 1 100 0.75 5 785 35 188 176 27 18 7 10
3 1 1 1 100 0.75 5 786 35 191 178 28 18 7 10
3 1 1 1 100 0.75 5 787 37 194 181 28 18 7 11
3 1 1 1 100 0.75 5 788 37 197 184 30 18 7 12
3 1 1 1 100 0.75 5 789 39 199 186 29 19 8 13
3 1 1 1 100 0.75 5 790 41 200 186 29 21 10 11
3 1 1 1 100 0.75 5 791 43 202 188 30 22 11 10
3 1 1 1 100 0.75 5 792 45 205 191 32 22 11 12
3 1 1 1 100 0.75 5 793 45 207 192 33 23 12 11
3 1 1 1 100 0.75 5 794 45 209 195 32 24 13 10
3 1 1 1 100 0.75 5 795 50 212 194 32 24 13 12
3 1 1 1 100 0.75 5 796 52 214 195 36 25 14 12
3 1 1 1 100 0.75 5 797 53 217 196 38 25 14 13
3 1 1 1 100 0.75 5 798 55 220 201 39 25 14 14
3 1 1 1 100 0.75 5 799 57 222 201 40 26 15 16
3 1 1 1 100 0.75 5 800 60 224 201 41 27 16 16
3 1 1 1 100 0.75 5 801 61 226 204 43 28 17 15
3 1 1 1 100 0.75 5 802 64 228 206 43 29 18 16
3 1 1 1 100 0.75 5 803 69 231 207 46 29 18 19
3 1 1 1 100 0.75 5 804 70 233 209 50 30 19 20
3 1 1 1 100 0.75 5 805 72 236 212 51 30 19 21
3 1 1 1 100 0.75 5 806 73 239 216 53 30 19 23
3 1 1 1 100 0.75 5 807 75 240 216 52 32 21 22
3 1 1 1 100 0.75 5 808 76 243 220 54 32 21 24
3 1 1 1 100 0.75 5 809 79 245 221 54 33 22 24
3 1 1 1 100 0.75 5 810 80 247 224 56 34 23 26
3 1 1 1 100 0.75 5 811 85 249 225 56 35 24 27
3 1 1 1 100 0.75 5 812 87 250 224 60 37 26 27
3 1 1 1 100 0.75 5 813 89 253 225 62 37 26 27
3 1 1 1 100 0.75 5 814 92 255 227 63 38 27 27
3 1 1 1 100 0.75 5 815 95 255 229 63 41 30 27
3 1 1 1 100 0.75 5 816 101 258 226 66 41 30 28
3 1 1 1 100 0.75 5 817 104 260 226 71 42 31 29
3 1 1 1 100 0.75 5 818 104 261 229 72 44 33 28
3 1 1 1 100 0.75 5 819 106 264 232 72 44 33 32
3 1 1 1 100 0.75 5 820 108 265 233 72 46 35 32
3 1 1 1 100 0.75 5 821 109 268 238 74 46 35 33
3 1 1 1 100 0.75 5 822 115 267 232 72 50 39 31
3 1 1 1 100 0.75 5 823 116 270 239 78 50 39 34
3 1 1 1 100 0.75 5 824 119 271 240 77 52 41 36
3 1 1 1 100 0.75 5 825 119 271 241 77 55 44 34
3 1 1 1 100 0.75 5 826 123 270 236 73 59 48 30
3 1 1 1 100 0.75 5 827 127 271 234 75 61 50 30
3 1 1 1 100 0.75 5 828 131 273 234 78 62 51 30
3 1 1 1 100 0.75 5 829 134 275 239 81 62 52 31
3 1 1 1 100 0.75 5 830 136 276 237 82 64 54 30
3 1 1 1 100 0.75 5 831 137 278 241 83 65 55 32
3 1 1 1 100 0.75 5 832 140 280 241 84 66 56 31
3 1 1 1 100 0.75 5 833 144 282 242 86 67 57 30
3 1 1 1 100 0.75 5 834 149 283 242 88 69 59 33
3 1 1 1 100 0.75 5 835 149 284 246 91 71 61 34
3 1 1 1 100 0.75 5 836 154 286 245 90 72 62 35
3 1 1 1 100 0.75 5 837 158 286 245 92 75 65 35
3 1 1 1 100 0.75 5 838 159 287 248 94 77 67 34
3 1 1 1 100 0.75 5 839 162 287 245 92 80 70 34
3 1 1 1 100 0.75 5 840 165 288 242 94 82 72 35
3 1 1 1 100 0.75 5 841 171 289 241 95 84 74 37
3 1 1 1 100 0.75 5 842 177 291 243 100 85 75 40
3 1 1 1 100 0.75 5 843 179 292 242 104 87 77 39
3 1 1 1 100 0.75 5 844 185 292 243 103 90 80 42
3 1 1 1 100 0.75 5 845 188 295 243 109 90 80 43
3 1 1 1 100 0.75 5 846 191 296 242 110 92 82 42
3 1 1 1 100 0.75 5 847 195 298 242 112 93 83 43
3 1 1 1 100 0.75 5 848 197 300 249 115 93 84 46
3 1 1 1 100 0.75 5 849 201 303 253 118 93 84 50
3 1 1 1 100 0.75 5 850 204 304 251 120 95 86 50
3 1 1 1 100 0.75 5 851 208 306 251 122 96 87 50
3 1 1 1 100 0.75 5 852 211 308 259 126 97 88 54
3 1 1 1 100 0.75 5 853 214 307 256 125 101 92 53
3 1 1 1 100 0.75 5 854 218 302 243 121 109 100 46
3 1 1 1 100 0.75 5 855 223 303 248 123 111 102 49
3 1 1 1 100 0.75 5 856 229 304 247 126 112 104 50
3 1 1 1 100 0.75 5 857 233 304 246 129 115 107 49
3 1 1 1 100 0.75 5 858 237 306 249 132 116 108 49
3 1 1 1 100 0.75 5 859 243 307 245 134 117 110 52
3 1 1 1 100 0.75 5 860 248 306 244 137 121 114 51
3 1 1 1 100 0.75 5 861 254 306 236 139 124 117 51
3 1 1 1 100 0.75 5 862 260 304 236 140 129 122 52
3 1 1 1 100 0.75 5 863 265 306 239 145 130 123 55
3 1 1 1 100 0.75 5 864 268 306 237 147 133 126 56
3 1 1 1 100 0.75 5 865 273 307 241 148 135 128 58
3 1 1 1 100 0.75 5 866 274 307 232 150 138 131 58
3 1 1 1 100 0.75 5 867 279 309 243 151 139 132 62
3 1 1 1 100 0.75 5 868 284 306 235 150 145 138 59
3 1 1 1 100 0.75 5 869 290 309 238 155 145 138 64
3 1 1 1 100 0.75 5 870 297 309 239 158 148 141 65
3 1 1 1 100 0.75 5 870 297 309 309 158 209 141 65
3 1 1 1 100 0.75 5 900 297 309 309 158 11 141 65
3 1 1 1 100 0.75 6 901 0 3 3 0 11 0 0
3 1 1 1 100 0.75 6 902 0 6 6 0 11 0 0
3 1 1 1 100 0.75 6 903 0 9 9 0 11 0 0
3 1 1 1 100 0.75 6 904 0 12 12 0 11 0 0
3 1 1 1 100 0.75 6 905 0 15 15 0 11 0 0
3 1 1 1 100 0.75 6 906 0 18 18 0 11 0 0
3 1 1 1 100 0.75 6 907 0 21 21 0 11 0 0
3 1 1 1 100 0.75 6 908 0 24 24 0 11 0 0
3 1 1 1 100 0.75 6 909 0 27 27 0 11 0 0
3 1 1 1 100 0.75 6 910 0 30 30 0 11 0 0
3 1 1 1 100 0.75 6 911 1 33 32 0 11 0 0
3 1 1 1 100 0.75 6 912 1 36 35 1 11 0 0
3 1 1 1 100 0.75 6 913 1 39 38 1 11 0 0
3 1 1 1 100 0.75 6 914 1 42 40 1 11 0 0
3 1 1 1 100 0.75 6 915 1 45 44 1 11 0 0
3 1 1 1 100 0.75 6 916 1 48 46 1 11 0 0
3 1 1 1 100 0.75 6 917 2 51 48 1 11 0 0
3 1 1 1 100 0.75 6 918 4 54 50 2 11 0 0
3 1 1 1 100 0.75 6 919 6 57 52 4 11 0 1
3 1 1 1 100 0.75 6 920 7 60 54 6 11 0 1
3 1 1 1 100 0.75 6 921 7 63 57 7 11 0 1
3 1 1 1 100 0.75 6 922 7 66 60 7 11 0 1
3 1 1 1 100 0.75 6 923 7 69 63 7 11 0 1
3 1 1 1 100 0.75 6 924 7 72 66 7 11 0 1
3 1 1 1 100 0.75 6 925 7 75 71 7 11 0 3
3 1 1 1 100 0.75 6 926 7 78 75 7 11 0 5
3 1 1 1 100 0.75 6 927 7 81 79 7 11 0 6
3 1 1 1 100 0.75 6 928 7 84 83 7 11 0 7
3 1 1 1 100 0.75 6 929 8 87 86 7 11 0 7
3 1 1 1 100 0.75 6 930 8 90 87 8 11 0 7
3 1 1 1 100 0.75 6 931 9 93 91 8 11 0 7
3 1 1 1 100 0.75 6 932 10 96 93 9 11 0 7
3 1 1 1 100 0.75 6 933 12 99 94 10 11 0 7
3 1 1 1 100 0.75 6 934 12 102 97 12 11 0 7
3 1 1 1 100 0.75 6 935 13 105 99 12 11 0 7
3 1 1 1 100 0.75 6 936 14 107 101 12 12 1 7
3 1 1 1 100 0.75 6 937 16 110 102 13 12 1 7
3 1 1 1 100 0.75 6 938 16 113 106 15 12 1 8
3 1 1 1 100 0.75 6 939 16 116 109 15 12 1 9
3 1 1 1 100 0.75 6 940 17 119 112 15 12 1 9
3 1 1 1 100 0.75 6 941 18 120 113 14 14 3 9
3 1 1 1 100 0.75 6 942 18 123 117 15 14 3 9
3 1 1 1 100 0.75 6 943 21 125 117 14 15 4 9
3 1 1 1 100 0.75 6 944 21 127 122 16 16 5 11
3 1 1 1 100 0.75 6 945 21 129 123 15 17 6 10
3 1 1 1 100 0.75 6 946 22 132 126 15 17 6 10
3 1 1 1 100 0.75 6 947 23 135 128 16 17 6 10
3 1 1 1 100 0.75 6 948 23 137 131 16 18 7 10
3 1 1 1 100 0.75 6 949 25 140 132 16 18 7 11
3 1 1 1 100 0.75 6 950 26 143 135 18 18 7 13
3 1 1 1 100 0.75 6 951 26 145 138 18 19 8 13
3 1 1 1 100 0.75 6 952 27 148 141 18 19 8 13
3 1 1 1 100 0.75 6 953 29 151 142 19 19 8 14
3 1 1 1 100 0.75 6 954 31 154 143 21 19 8 14
3 1 1 1 100 0.75 6 955 32 157 147 23 19 8 14
3 1 1 1 100 0.75 6 956 35 160 149 24 19 8 15
3 1 1 1 100 0.75 6 957 35 161 151 25 21 10 14
3 1 1 1 100 0.75 6 958 37 163 152 24 22 11 13
3 1 1 1 100 0.75 6 959 39 165 152 25 23 12 13
3 1 1 1 100 0.75 6 960 41 168 156 27 23 12 15
3 1 1 1 100 0.75 6 961 43 169 155 27 25 14 13
3 1 1 1 100 0.75 6 962 46 172 156 29 25 14 14
3 1 1 1 100 0.75 6 963 49 175 156 32 25 14 16
3 1 1 1 100 0.75 6 964 50 176 160 33 27 16 15
3 1 1 1 100 0.75 6 965 52 178 160 33 28 17 15
3 1 1 1 100 0.75 6 966 55 179 160 33 30 19 14
3 1 1 1 100 0.75 6 967 57 182 165 36 30 19 18
3 1 1 1 100 0.75 6 968 58 183 165 36 32 21 17
3 1 1 1 100 0.75 6 969 62 185 165 36 33 22 18
3 1 1 1 100 0.75 6 970 63 188 170 41 33 22 21
3 1 1 1 100 0.75 6 971 65 191 174 42 33 22 22
3 1 1 1 100 0.75 6 972 67 193 173 43 34 23 21
3 1 1 1 100 0.75 6 973 68 196 177 45 34 23 21
3 1 1 1 100 0.75 6 974 69 199 182 46 34 23 24
3 1 1 1 100 0.75 6 975 71 202 181 47 34 23 25
3 1 1 1 100 0.75 6 976 73 203 183 47 36 25 25
3 1 1 1 100 0.75 6 977 78 203 182 46 39 28 24
3 1 1 1 100 0.75 6 978 80 206 185 51 39 28 25
3 1 1 1 100 0.75 6 979 86 208 184 53 40 29 25
3 1 1 1 100 0.75 6 980 90 210 180 58 41 30 25
3 1 1 1 100 0.75 6 981 91 213 186 62 41 30 27
3 1 1 1 100 0.75 6 982 94 216 188 63 41 30 28
3 1 1 1 100 0.75 6 983 97 217 189 64 43 32 28
3 1 1 1 100 0.75 6 984 98 218 191 65 45 34 29
3 1 1 1 100 0.75 6 985 100 218 190 63 48 37 29
3 1 1 1 100 0.75 6 986 105 218 190 62 51 40 29
3 1 1 1 100 0.75 6 987 111 219 189 65 53 42 31
3 1 1 1 100 0.75 6 988 115 222 192 71 53 42 33
3 1 1 1 100 0.75 6 989 117 223 193 73 55 44 34
3 1 1 1 100 0.75 6 990 119 226 194 75 55 44 34
3 1 1 1 100 0.75 6 991 122 229 196 77 55 44 35
3 1 1 1 100 0.75 6 992 129 229 192 77 58 47 35
3 1 1 1 100 0.75 6 993 132 228 190 80 62 51 35
3 1 1 1 100 0.75 6 994 134 230 195 82 63 52 36
3 1 1 1 100 0.75 6 995 138 232 197 83 64 53 40
3 1 1 1 100 0.75 6 996 143 235 198 88 64 53 44
3 1 1 1 100 0.75 6 997 145 237 200 92 65 54 45
3 1 1 1 100 0.75 6 998 148 238 200 92 67 56 45
3 1 1 1 100 0.75 6 999 153 241 204 95 67 56 48
3 1 1 1 100 0.75 6 1000 159 242 204 98 69 58 52
3 1 1 1 100 0.75 6 1001 163 242 202 102 72 61 52
3 1 1 1 100 0.75 6 1002 167 245 204 106 72 61 55
3 1 1 1 100 0.75 6 1003 172 242 197 104 78 67 52
3 1 1 1 100 0.75 6 1004 174 244 200 108 79 68 54
3 1 1 1 100 0.75 6 1005 175 243 201 106 83 72 52
3 1 1 1 100 0.75 6 1006 177 243 196 104 86 75 51
3 1 1 1 100 0.75 6 1007 184 246 206 106 86 75 58
3 1 1 1 100 0.75 6 1008 191 245 195 109 89 79 56
3 1 1 1 100 0.75 6 1009 194 245 200 113 92 82 57
3 1 1 1 100 0.75 6 1010 200 245 196 114 95 85 59
3 1 1 1 100 0.75 6 1011 209 243 191 116 100 90 57
3 1 1 1 100 0.75 6 1012 214 243 185 122 102 93 56
3 1 1 1 100 0.75 6 1013 215 245 194 126 103 94 56
3 1 1 1 100 0.75 6 1014 223 244 187 123 107 98 55
3 1 1 1 100 0.75 6 1015 226 244 184 128 110 101 58
3 1 1 1 100 0.75 6 1016 230 245 187 129 112 103 60
3 1 1 1 100 0.75 6 1017 235 244 189 129 116 107 59
3 1 1 1 100 0.75 6 1018 239 245 191 132 118 109 62
3 1 1 1 100 0.75 6 1019 242 246 193 134 120 111 67
3 1 1 1 100 0.75 6 1020 248 243 187 131 126 117 62
3 1 1 1 100 0.75 6 1021 251 243 187 134 129 120 64
3 1 1 1 100 0.75 6 1022 258 242 190 134 133 124 65
3 1 1 1 100 0.75 6 1023 258 244 189 140 134 125 64
3 1 1 1 100 0.75 6 1024 264 240 182 135 141 132 60
3 1 1 1 100 0.75 6 1025 270 242 185 141 142 133 65
3 1 1 1 100 0.75 6 1026 272 241 175 143 146 137 61
3 1 1 1 100 0.75 6 1027 276 242 184 144 148 139 63
3 1 1 1 100 0.75 6 1028 281 241 180 144 152 143 63
3 1 1 1 100 0.75 6 1029 290 241 174 147 155 146 66
3 1 1 1 100 0.75 6 1030 295 241 172 154 158 149 67
3 1 1 1 100 0.75 6 1031 300 241 173 156 161 152 67
3 1 1 1 100 0.75 6 1032 302 242 177 159 163 154 68
3 1 1 1 100 0.75 6 1033 309 241 173 157 167 158 69
3 1 1 1 100 0.75 6 1034 313 237 158 158 174 165 63
3 1 1 1 100 0.75 6 1035 319 238 168 161 176 167 64
3 1 1 1 100 0.75 6 1036 321 236 169 163 181 172 65
3 1 1 1 100 0.75 6 1037 326 233 162 159 186 178 64
3 1 1 1 100 0.75 6 1038 328 231 164 159 191 183 61
3 1 1 1 100 0.75 6 1039 332 233 160 162 192 184 63
3 1 1 1 100 0.75 6 1040 333 232 164 163 196 188 61
3 1 1 1 100 0.75 6 1041 339 231 164 161 200 192 64
3 1 1 1 100 0.75 6 1042 344 231 159 164 203 195 65
3 1 1 1 100 0.75 6 1043 348 230 155 165 207 199 62
3 1 1 1 100 0.75 6 1044 358 231 155 167 209 201 64
3 1 1 1 100 0.75 6 1045 361 231 151 174 212 204 64
3 1 1 1 100 0.75 6 1046 366 230 147 173 216 208 62
3 1 1 1 100 0.75 6 1047 373 229 134 175 220 212 63
3 1 1 1 100 0.75 6 1048 374 228 147 178 224 216 61
3 1 1 1 100 0.75 6 1049 382 228 140 177 227 219 63
3 1 1 1 100 0.75 6 1050 391 226 134 180 232 224 62
3 1 1 1 100 0.75 6 1050 391 226 226 180 292 224 62
3 1 1 1 100 0.75 6 1080 391 226 226 180 11 224 62
3 1 1 1 100 0.75 7 1081 0 3 3 0 11 0 0
3 1 1 1 100 0.75 7 1082 0 6 6 0 11 0 0
3 1 1 1 100 0.75 7 1083 0 9 9 0 11 0 0
3 1 1 1 100 0.75 7 1084 0 12 12 0 11 0 0
3 1 1 1 100 0.75 7 1085 0 15 15 0 11 0 0
3 1 1 1 100 0.75 7 1086 0 18 18 0 11 0 0
3 1 1 1 100 0.75 7 1087 0 21 21 0 11 0 0
3 1 1 1 100 0.75 7 1088 0 24 24 0 11 0 0
3 1 1 1 100 0.75 7 1089 1 27 25 0 11 0 0
3 1 1 1 100 0.75 7 1090 2 30 28 1 11 0 0
3 1 1 1 100 0.75 7 1091 3 33 30 2 11 0 0
3 1 1 1 100 0.75 7 1092 3 36 33 3 11 0 0
3 1 1 1 100 0.75 7 1093 4 39 35 3 11 0 0
3 1 1 1 100 0.75 7 1094 4 42 38 4 11 0 0
3 1 1 1 100 0.75 7 1095 4 45 41 4 11 0 0
3 1 1 1 100 0.75 7 1096 4 48 44 4 11 0 0
3 1 1 1 100 0.75 7 1097 5 51 47 4 11 0 1
3 1 1 1 100 0.75 7 1098 5 54 51 5 11 0 2
3 1 1 1 100 0.75 7 1099 5 57 52 5 11 0 3
3 1 1 1 100 0.75 7 1100 5 60 57 5 11 0 3
3 1 1 1 100 0.75 7 1101 6 63 59 5 11 0 3
3 1 1 1 100 0.75 7 1102 7 66 62 6 11 0 3
3 1 1 1 100 0.75 7 1103 7 69 64 7 11 0 3
3 1 1 1 100 0.75 7 1104 7 72 68 7 11 0 3
3 1 1 1 100 0.75 7 1105 8 75 71 7 11 0 4
3 1 1 1 100 0.75 7 1106 8 78 74 8 11 0 4
3 1 1 1 100 0.75 7 1107 8 81 76 8 11 0 4
3 1 1 1 100 0.75 7 1108 8 84 80 8 11 0 4
3 1 1 1 100 0.75 7 1109 10 87 81 8 11 0 5
3 1 1 1 100 0.75 7 1110 11 90 85 10 11 0 6
3 1 1 1 100 0.75 7 1111 12 93 86 11 11 0 6
3 1 1 1 100 0.75 7 1112 12 96 91 12 11 0 7
3 1 1 1 100 0.75 7 1113 13 99 93 12 11 0 7
3 1 1 1 100 0.75 7 1114 15 102 94 13 11 0 7
3 1 1 1 100 0.75 7 1115 15 104 95 14 12 1 6
3 1 1 1 100 0.75 7 1116 16 106 98 13 13 2 6
3 1 1 1 100 0.75 7 1117 18 108 99 13 14 3 6
3 1 1 1 100 0.75 7 1118 18 111 102 15 14 3 6
3 1 1 1 100 0.75 7 1119 19 114 105 15 14 3 7
3 1 1 1 100 0.75 7 1120 20 117 106 16 14 3 7
3 1 1 1 100 0.75 7 1121 21 120 112 17 14 3 9
3 1 1 1 100 0.75 7 1122 22 122 112 17 15 4 8
3 1 1 1 100 0.75 7 1123 23 125 116 18 15 4 9
3 1 1 1 100 0.75 7 1124 23 127 117 18 16 5 8
3 1 1 1 100 0.75 7 1125 24 130 122 18 16 5 9
3 1 1 1 100 0.75 7 1126 27 133 121 19 16 5 10
3 1 1 1 100 0.75 7 1127 27 136 125 22 16 5 10
3 1 1 1 100 0.75 7 1128 31 138 124 21 17 6 11
3 1 1 1 100 0.75 7 1129 31 140 127 24 18 7 10
3 1 1 1 100 0.75 7 1130 31 143 129 24 18 7 11
3 1 1 1 100 0.75 7 1131 31 146 132 24 18 7 11
3 1 1 1 100 0.75 7 1132 33 149 135 24 18 7 11
3 1 1 1 100 0.75 7 1133 36 152 137 26 18 7 13
3 1 1 1 100 0.75 7 1134 37 154 140 28 19 8 14
3 1 1 1 100 0.75 7 1135 37 157 143 29 19 8 15
3 1 1 1 100 0.75 7 1136 38 158 146 27 21 10 14
3 1 1 1 100 0.75 7 1137 41 159 143 26 23 12 12
3 1 1 1 100 0.75 7 1138 41 162 146 29 23 12 12
3 1 1 1 100 0.75 7 1139 42 165 149 29 23 12 12
3 1 1 1 100 0.75 7 1140 44 168 153 30 23 12 15
3 1 1 1 100 0.75 7 1141 45 169 156 30 25 14 16
3 1 1 1 100 0.75 7 1142 47 172 157 31 25 14 16
3 1 1 1 100 0.75 7 1143 48 174 160 32 26 15 16
3 1 1 1 100 0.75 7 1144 51 176 161 32 27 16 16
3 1 1 1 100 0.75 7 1145 52 179 164 35 27 16 16
3 1 1 1 100 0.75 7 1146 54 181 164 35 28 17 15
3 1 1 1 100 0.75 7 1147 56 184 166 37 28 17 15
3 1 1 1 100 0.75 7 1148 57 185 167 37 30 19 13
3 1 1 1 100 0.75 7 1149 58 187 169 37 31 20 13
3 1 1 1 100 0.75 7 1150 61 189 169 37 32 21 15
3 1 1 1 100 0.75 7 1151 61 191 169 39 33 22 14
3 1 1 1 100 0.75 7 1152 66 194 174 39 33 22 17
3 1 1 1 100 0.75 7 1153 67 196 174 43 33 23 16
3 1 1 1 100 0.75 7 1154 69 199 178 44 33 23 18
3 1 1 1 100 0.75 7 1155 71 201 178 45 34 24 18
3 1 1 1 100 0.75 7 1156 73 201 180 44 37 27 16
3 1 1 1 100 0.75 7 1157 74 203 181 45 38 28 16
3 1 1 1 100 0.75 7 1158 75 205 182 45 39 29 16
3 1 1 1 100 0.75 7 1159 78 207 183 45 40 30 18
3 1 1 1 100 0.75 7 1160 83 209 184 47 41 31 18
3 1 1 1 100 0.75 7 1161 86 212 184 52 41 31 20
3 1 1 1 100 0.75 7 1162 86 215 188 55 41 31 21
3 1 1 1 100 0.75 7 1163 89 218 191 55 41 31 22
3 1 1 1 100 0.75 7 1164 92 220 190 57 42 32 22
3 1 1 1 100 0.75 7 1165 94 223 193 60 42 32 22
3 1 1 1 100 0.75 7 1166 95 225 196 61 43 33 22
3 1 1 1 100 0.75 7 1167 97 228 200 62 43 33 24
3 1 1 1 100 0.75 7 1168 101 230 199 63 44 34 27
3 1 1 1 100 0.75 7 1169 106 232 198 66 45 35 27
3 1 1 1 100 0.75 7 1170 109 230 195 67 50 40 23
3 1 1 1 100 0.75 7 1171 111 233 198 70 50 40 23
3 1 1 1 100 0.75 7 1172 112 235 204 71 51 41 24
3 1 1 1 100 0.75 7 1173 115 237 202 71 52 42 26
3 1 1 1 100 0.75 7 1174 115 239 204 73 53 43 25
3 1 1 1 100 0.75 7 1175 117 239 206 70 56 46 24
3 1 1 1 100 0.75 7 1176 122 242 208 72 56 46 27
3 1 1 1 100 0.75 7 1177 124 244 214 76 57 47 31
3 1 1 1 100 0.75 7 1178 127 243 210 74 61 51 29
3 1 1 1 100 0.75 7 1179 131 244 207 75 63 53 27
3 1 1 1 100 0.75 7 1180 133 247 210 79 63 53 28
3 1 1 1 100 0.75 7 1181 138 249 208 80 64 54 28
3 1 1 1 100 0.75 7 1182 138 252 211 85 64 54 29
3 1 1 1 100 0.75 7 1183 141 254 214 84 65 55 29
3 1 1 1 100 0.75 7 1184 144 256 215 86 66 56 29
3 1 1 1 100 0.75 7 1185 148 257 213 87 68 58 30
3 1 1 1 100 0.75 7 1186 151 260 215 91 68 58 31
3 1 1 1 100 0.75 7 1187 156 260 216 91 71 61 33
3 1 1 1 100 0.75 7 1188 161 260 211 93 74 64 32
3 1 1 1 100 0.75 7 1189 164 261 214 96 76 66 32
3 1 1 1 100 0.75 7 1190 166 264 212 99 76 66 34
3 1 1 1 100 0.75 7 1191 169 266 216 101 77 67 35
3 1 1 1 100 0.75 7 1192 172 268 212 103 78 68 34
3 1 1 1 100 0.75 7 1193 175 266 218 101 83 73 32
3 1 1 1 100 0.75 7 1194 182 265 207 100 87 77 31
3 1 1 1 100 0.75 7 1195 184 268 214 107 87 77 36
3 1 1 1 100 0.75 7 1196 188 269 218 107 89 79 37
3 1 1 1 100 0.75 7 1197 192 271 213 110 90 80 38
3 1 1 1 100 0.75 7 1198 196 274 218 116 90 80 40
3 1 1 1 100 0.75 7 1199 198 276 213 119 91 81 41
3 1 1 1 100 0.75 7 1200 201 278 221 120 92 82 44
3 1 1 1 100 0.75 7 1201 209 279 215 121 94 84 45
3 1 1 1 100 0.75 7 1202 211 280 219 128 95 86 47
3 1 1 1 100 0.75 7 1203 220 281 212 128 97 88 49
3 1 1 1 100 0.75 7 1204 223 281 213 134 100 91 49
3 1 1 1 100 0.75 7 1205 226 280 211 133 104 95 50
3 1 1 1 100 0.75 7 1206 229 282 215 135 105 96 50
3 1 1 1 100 0.75 7 1207 233 283 215 136 107 98 50
3 1 1 1 100 0.75 7 1208 235 285 218 140 107 99 50
3 1 1 1 100 0.75 7 1209 239 285 220 139 110 102 52
3 1 1 1 100 0.75 7 1210 243 283 214 139 115 107 50
3 1 1 1 100 0.75 7 1211 247 283 221 141 118 110 54
3 1 1 1 100 0.75 7 1212 252 285 213 145 119 111 56
3 1 1 1 100 0.75 7 1213 255 287 217 150 120 112 55
3 1 1 1 100 0.75 7 1214 262 287 215 150 123 115 57
3 1 1 1 100 0.75 7 1215 266 285 208 152 128 120 54
3 1 1 1 100 0.75 7 1216 271 288 210 156 128 120 56
3 1 1 1 100 0.75 7 1217 273 287 210 157 132 124 57
3 1 1 1 100 0.75 7 1218 280 288 206 158 134 126 61
3 1 1 1 100 0.75 7 1219 281 289 211 163 136 128 61
3 1 1 1 100 0.75 7 1220 284 287 208 159 140 133 58
3 1 1 1 100 0.75 7 1221 295 287 208 160 143 136 59
3 1 1 1 100 0.75 7 1222 299 285 197 166 148 141 58
3 1 1 1 100 0.75 7 1223 307 281 190 164 155 148 53
3 1 1 1 100 0.75 7 1224 309 281 193 169 158 151 52
3 1 1 1 100 0.75 7 1225 313 283 196 171 159 152 55
3 1 1 1 100 0.75 7 1226 317 284 190 173 161 154 56
3 1 1 1 100 0.75 7 1227 319 283 197 173 165 158 55
3 1 1 1 100 0.75 7 1228 327 284 185 173 167 160 59
3 1 1 1 100 0.75 7 1229 331 285 197 180 169 162 61
3 1 1 1 100 0.75 7 1230 339 283 192 179 174 167 64
3 1 1 1 100 0.75 7 1230 339 283 283 179 234 167 64
3 1 1 1 100 0.75 7 1260 339 283 283 179 11 167 64
3 1 1 1 100 0.75 8 1261 0 3 3 0 11 0 0
3 1 1 1 100 0.75 8 1262 0 6 6 0 11 0 0
3 1 1 1 100 0.75 8 1263 0 9 9 0 11 0 0
3 1 1 1 100 0.75 8 1264 0 12 12 0 11 0 0
3 1 1 1 100 0.75 8 1265 0 15 15 0 11 0 0
3 1 1 1 100 0.75 8 1266 0 18 18 0 11 0 0
3 1 1 1 100 0.75 8 1267 0 21 21 0 11 0 0
3 1 1 1 100 0.75 8 1268 0 24 24 0 11 0 0
3 1 1 1 100 0.75 8 1269 0 27 27 0 11 0 0
3 1 1 1 100 0.75 8 1270 0 30 30 0 11 0 0
3 1 1 1 100 0.75 8 1271 1 33 32 0 11 0 0
3 1 1 1 100 0.75 8 1272 1 36 35 1 11 0 0
3 1 1 1 100 0.75 8 1273 1 39 38 1 11 0 0
3 1 1 1 100 0.75 8 1274 2 42 40 1 11 0 0
3 1 1 1 100 0.75 8 1275 2 45 42 2 11 0 0
3 1 1 1 100 0.75 8 1276 3 48 44 2 10 0 0
3 1 1 1 100 0.75 8 1277 3 51 48 3 10 0 0
3 1 1 1 100 0.75 8 1278 3 54 52 3 10 0 0
3 1 1 1 100 0.75 8 1279 4 57 53 3 10 0 0
3 1 1 1 100 0.75 8 1280 4 60 56 4 10 0 0
3 1 1 1 100 0.75 8 1281 4 63 59 4 10 0 0
3 1 1 1 100 0.75 8 1282 4 66 63 4 10 0 0
3 1 1 1 100 0.75 8 1283 5 69 66 4 10 0 1
3 1 1 1 100 0.75 8 1284 6 72 67 5 10 0 1
3 1 1 1 100 0.75 8 1285 9 75 68 6 10 0 1
3 1 1 1 100 0.75 8 1286 9 78 71 9 10 0 1
3 1 1 1 100 0.75 8 1287 9 81 75 9 10 0 2
3 1 1 1 100 0.75 8 1288 9 84 78 9 10 0 2
3 1 1 1 100 0.75 8 1289 9 87 81 9 10 0 2
3 1 1 1 100 0.75 8 1290 9 90 84 9 10 0 2
3 1 1 1 100 0.75 8 1291 9 93 88 9 10 0 2
3 1 1 1 100 0.75 8 1292 9 96 91 9 10 0 4
3 1 1 1 100 0.75 8 1293 11 99 96 9 10 0 6
3 1 1 1 100 0.75 8 1294 11 102 99 11 10 0 6
3 1 1 1 100 0.75 8 1295 13 105 99 11 10 0 6
3 1 1 1 100 0.75 8 1296 13 108 101 13 10 0 6
3 1 1 1 100 0.75 8 1297 14 111 105 13 10 0 6
3 1 1 1 100 0.75 8 1298 14 114 108 14 10 0 6
3 1 1 1 100 0.75 8 1299 14 117 111 14 10 0 6
3 1 1 1 100 0.75 8 1300 16 119 112 13 11 1 5
3 1 1 1 100 0.75 8 1301 17 122 115 15 11 1 6
3 1 1 1 100 0.75 8 1302 18 125 117 16 11 1 6
3 1 1 1 100 0.75 8 1303 18 128 122 17 11 1 7
3 1 1 1 100 0.75 8 1304 19 131 124 17 11 1 8
3 1 1 1 100 0.75 8 1305 21 133 125 17 12 2 7
3 1 1 1 100 0.75 8 1306 22 136 127 19 12 2 7
3 1 1 1 100 0.75 8 1307 22 139 131 20 12 2 7
3 1 1 1 100 0.75 8 1308 22 141 134 19 13 3 8
3 1 1 1 100 0.75 8 1309 22 143 137 18 14 4 8
3 1 1 1 100 0.75 8 1310 23 146 139 18 14 4 8
3 1 1 1 100 0.75 8 1311 23 148 139 18 15 5 8
3 1 1 1 100 0.75 8 1312 25 151 143 18 15 5 10
3 1 1 1 100 0.75 8 1313 26 153 147 19 16 6 9
3 1 1 1 100 0.75 8 1314 27 156 148 20 16 6 9
3 1 1 1 100 0.75 8 1315 29 159 149 21 16 6 9
3 1 1 1 100 0.75 8 1316 29 161 151 22 17 7 8
3 1 1 1 100 0.75 8 1317 30 164 154 22 17 7 8
3 1 1 1 100 0.75 8 1318 31 167 157 23 17 7 8
3 1 1 1 100 0.75 8 1319 33 169 158 23 18 8 7
3 1 1 1 100 0.75 8 1320 34 172 159 25 18 8 7
3 1 1 1 100 0.75 8 1321 34 175 163 26 18 8 8
3 1 1 1 100 0.75 8 1322 34 177 165 25 19 9 8
3 1 1 1 100 0.75 8 1323 35 180 169 25 19 9 10
3 1 1 1 100 0.75 8 1324 38 183 169 26 19 9 10
3 1 1 1 100 0.75 8 1325 38 185 171 28 20 10 10
3 1 1 1 100 0.75 8 1326 38 187 176 27 21 11 10
3 1 1 1 100 0.75 8 1327 41 189 175 26 22 12 10
3 1 1 1 100 0.75 8 1328 44 191 175 28 23 13 10
3 1 1 1 100 0.75 8 1329 45 193 177 30 24 14 9
3 1 1 1 100 0.75 8 1330 46 196 180 31 24 14 9
3 1 1 1 100 0.75 8 1331 48 198 181 31 25 15 9
3 1 1 1 100 0.75 8 1332 50 201 184 33 25 15 11
3 1 1 1 100 0.75 8 1333 50 204 187 35 25 15 11
3 1 1 1 100 0.75 8 1334 51 207 188 35 25 15 11
3 1 1 1 100 0.75 8 1335 55 210 191 36 25 15 13
3 1 1 1 100 0.75 8 1336 58 213 194 40 25 15 15
3 1 1 1 100 0.75 8 1337 59 216 196 43 25 15 15
3 1 1 1 100 0.75 8 1338 59 218 199 43 26 16 15
3 1 1 1 100 0.75 8 1339 61 221 202 43 26 16 16
3 1 1 1 100 0.75 8 1340 64 224 203 45 26 16 17
3 1 1 1 100 0.75 8 1341 64 225 204 46 28 18 15
3 1 1 1 100 0.75 8 1342 65 228 210 46 28 18 17
3 1 1 1 100 0.75 8 1343 70 229 208 45 30 20 17
3 1 1 1 100 0.75 8 1344 71 231 210 49 31 21 17
3 1 1 1 100 0.75 8 1345 71 232 212 48 33 23 15
3 1 1 1 100 0.75 8 1346 74 235 209 48 33 23 15
3 1 1 1 100 0.75 8 1347 77 238 212 51 33 23 16
3 1 1 1 100 0.75 8 1348 79 241 215 55 33 23 17
3 1 1 1 100 0.75 8 1349 79 242 216 55 35 25 15
3 1 1 1 100 0.75 8 1350 85 243 215 53 37 27 16
3 1 1 1 100 0.75 8 1351 88 246 218 59 37 27 18
3 1 1 1 100 0.75 8 1352 91 249 217 62 37 27 18
3 1 1 1 100 0.75 8 1353 91 252 222 65 37 27 19
3 1 1 1 100 0.75 8 1354 92 252 220 62 40 30 18
3 1 1 1 100 0.75 8 1355 93 254 226 62 41 31 19
3 1 1 1 100 0.75 8 1356 96 257 227 63 41 31 20
3 1 1 1 100 0.75 8 1357 98 260 232 66 41 31 23
3 1 1 1 100 0.75 8 1358 101 261 233 66 43 33 25
3 1 1 1 100 0.75 8 1359 108 262 230 67 45 35 26
3 1 1 1 100 0.75 8 1360 108 265 233 74 45 35 26
3 1 1 1 100 0.75 8 1361 109 267 237 74 46 36 25
3 1 1 1 100 0.75 8 1362 110 269 238 74 47 37 25
3 1 1 1 100 0.75 8 1363 113 270 238 73 49 39 24
3 1 1 1 100 0.75 8 1364 115 273 239 76 49 39 25
3 1 1 1 100 0.75 8 1365 117 276 243 78 49 39 27
3 1 1 1 100 0.75 8 1366 121 278 248 79 50 40 32
3 1 1 1 100 0.75 8 1367 122 281 252 83 50 40 34
3 1 1 1 100 0.75 8 1368 124 282 247 82 52 42 32
3 1 1 1 100 0.75 8 1369 125 285 252 84 52 42 33
3 1 1 1 100 0.75 8 1370 125 285 256 82 55 45 32
3 1 1 1 100 0.75 8 1371 129 285 252 79 58 48 31
3 1 1 1 100 0.75 8 1372 133 286 247 82 60 50 30
3 1 1 1 100 0.75 8 1373 134 288 251 86 61 51 32
3 1 1 1 100 0.75 8 1374 138 289 249 85 63 53 32
3 1 1 1 100 0.75 8 1375 140 289 250 86 66 56 29
3 1 1 1 100 0.75 8 1376 144 291 250 88 67 57 28
3 1 1 1 100 0.75 8 1377 146 291 248 90 70 60 25
3 1 1 1 100 0.75 8 1378 147 293 250 91 71 61 25
3 1 1 1 100 0.75 8 1379 154 295 244 91 72 62 27
3 1 1 1 100 0.75 8 1380 158 298 247 98 72 62 29
3 1 1 1 100 0.75 8 1381 160 300 250 101 73 63 29
3 1 1 1 100 0.75 8 1382 166 300 248 100 76 66 28
3 1 1 1 100 0.75 8 1383 167 300 253 103 79 69 30
3 1 1 1 100 0.75 8 1384 173 301 246 102 81 71 30
3 1 1 1 100 0.75 8 1385 179 302 246 106 83 73 30
3 1 1 1 100 0.75 8 1386 182 304 246 111 84 74 31
3 1 1 1 100 0.75 8 1387 189 303 248 110 88 78 33
3 1 1 1 100 0.75 8 1388 190 306 254 117 88 78 37
3 1 1 1 100 0.75 8 1389 195 308 251 117 89 79 38
3 1 1 1 100 0.75 8 1390 197 310 253 121 89 80 39
3 1 1 1 100 0.75 8 1391 203 313 255 124 89 80 43
3 1 1 1 100 0.75 8 1392 210 312 251 126 93 84 42
3 1 1 1 100 0.75 8 1393 214 314 250 132 94 85 45
3 1 1 1 100 0.75 8 1394 216 316 256 135 95 86 51
3 1 1 1 100 0.75 8 1395 220 319 256 137 95 86 52
3 1 1 1 100 0.75 8 1396 222 322 264 141 95 86 53
3 1 1 1 100 0.75 8 1397 227 323 262 141 97 88 53
3 1 1 1 100 0.75 8 1398 229 324 264 144 99 90 53
3 1 1 1 100 0.75 8 1399 235 322 259 142 104 95 52
3 1 1 1 100 0.75 8 1400 241 324 264 148 105 96 54
3 1 1 1 100 0.75 8 1401 245 325 257 152 107 98 54
3 1 1 1 100 0.75 8 1402 249 326 261 154 109 100 54
3 1 1 1 100 0.75 8 1403 255 325 250 155 113 104 53
3 1 1 1 100 0.75 8 1404 258 324 256 157 117 108 52
3 1 1 1 100 0.75 8 1405 263 324 248 157 120 111 52
3 1 1 1 100 0.75 8 1406 266 323 250 158 124 115 51
3 1 1 1 100 0.75 8 1407 271 321 250 156 129 120 52
3 1 1 1 100 0.75 8 1408 279 322 246 159 131 122 56
3 1 1 1 100 0.75 8 1409 283 321 243 164 135 126 54
3 1 1 1 100 0.75 8 1410 285 323 244 167 136 127 56
3 1 1 1 100 0.75 8 1410 285 323 323 167 190 127 56
3 1 1 1 100 0.75 8 1440 285 323 323 167 11 127 56
3 1 1 1 100 0.75 9 1441 0 3 3 0 11 0 0
3 1 1 1 100 0.75 9 1442 0 6 6 0 11 0 0
3 1 1 1 100 0.75 9 1443 0 9 9 0 11 0 0
3 1 1 1 100 0.75 9 1444 0 12 12 0 11 0 0
3 1 1 1 100 0.75 9 1445 0 15 15 0 11 0 0
3 1 1 1 100 0.75 9 1446 0 18 18 0 11 0 0
3 1 1 1 100 0.75 9 1447 0 21 21 0 11 0 0
3 1 1 1 100 0.75 9 1448 1 24 23 0 11 0 0
3 1 1 1 100 0.75 9 1449 1 27 26 1 11 0 0
3 1 1 1 100 0.75 9 1450 2 30 28 1 11 0 0
3 1 1 1 100 0.75 9 1451 2 33 30 2 11 0 0
3 1 1 1 100 0.75 9 1452 2 36 34 2 11 0 0
3 1 1 1 100 0.75 9 1453 3 39 36 2 11 0 0
3 1 1 1 100 0.75 9 1454 3 42 39 3 11 0 0
3 1 1 1 100 0.75 9 1455 3 45 43 3 11 0 0
3 1 1 1 100 0.75 9 1456 3 48 46 3 11 0 0
3 1 1 1 100 0.75 9 1457 3 51 49 3 11 0 0
3 1 1 1 100 0.75 9 1458 3 54 52 3 11 0 0
3 1 1 1 100 0.75 9 1459 5 57 54 3 11 0 0
3 1 1 1 100 0.75 9 1460 6 60 56 5 11 0 0
3 1 1 1 100 0.75 9 1461 6 63 59 6 11 0 1
3 1 1 1 100 0.75 9 1462 7 66 61 6 11 0 1
3 1 1 1 100 0.75 9 1463 7 69 64 7 11 0 1
3 1 1 1 100 0.75 9 1464 7 72 68 7 11 0 1
3 1 1 1 100 0.75 9 1465 8 75 70 7 11 0 1
3 1 1 1 100 0.75 9 1466 8 78 72 8 11 0 1
3 1 1 1 100 0.75 9 1467 10 81 76 8 11 0 1
3 1 1 1 100 0.75 9 1468 10 84 78 10 11 0 2
3 1 1 1 100 0.75 9 1469 10 87 82 10 11 0 2
3 1 1 1 100 0.75 9 1470 11 90 85 10 11 0 3
3 1 1 1 100 0.75 9 1471 12 93 86 11 11 0 3
3 1 1 1 100 0.75 9 1472 12 96 90 12 11 0 3
3 1 1 1 100 0.75 9 1473 12 99 93 12 11 0 4
3 1 1 1 100 0.75 9 1474 12 102 98 12 11 0 4
3 1 1 1 100 0.75 9 1475 12 105 102 12 11 0 5
3 1 1 1 100 0.75 9 1476 13 108 104 12 11 0 5
3 1 1 1 100 0.75 9 1477 13 111 107 13 11 0 5
3 1 1 1 100 0.75 9 1478 13 114 112 13 11 0 6
3 1 1 1 100 0.75 9 1479 15 117 113 13 11 0 6
3 1 1 1 100 0.75 9 1480 15 120 116 15 11 0 6
3 1 1 1 100 0.75 9 1481 16 122 115 14 12 1 5
3 1 1 1 100 0.75 9 1482 16 125 120 15 12 1 5
3 1 1 1 100 0.75 9 1483 16 128 123 15 12 1 5
3 1 1 1 100 0.75 9 1484 16 131 126 15 12 1 5
3 1 1 1 100 0.75 9 1485 16 133 129 14 13 2 4
3 1 1 1 100 0.75 9 1486 16 135 132 13 13 3 4
3 1 1 1 100 0.75 9 1487 18 138 134 13 13 3 5
3 1 1 1 100 0.75 9 1488 18 141 137 15 13 3 5
3 1 1 1 100 0.75 9 1489 18 144 140 15 13 3 6
3 1 1 1 100 0.75 9 1490 19 147 140 15 13 3 6
3 1 1 1 100 0.75 9 1491 19 150 145 16 13 3 6
3 1 1 1 100 0.75 9 1492 19 152 146 15 14 4 5
3 1 1 1 100 0.75 9 1493 21 155 148 15 14 4 5
3 1 1 1 100 0.75 9 1494 22 158 151 17 14 4 7
3 1 1 1 100 0.75 9 1495 23 160 153 17 15 5 6
3 1 1 1 100 0.75 9 1496 25 162 153 17 16 6 5
3 1 1 1 100 0.75 9 1497 26 165 155 19 16 6 5
3 1 1 1 100 0.75 9 1498 26 168 159 20 16 6 6
3 1 1 1 100 0.75 9 1499 27 171 160 20 16 6 6
3 1 1 1 100 0.75 9 1500 27 174 165 21 16 6 7
3 1 1 1 100 0.75 9 1501 28 177 169 21 16 6 8
3 1 1 1 100 0.75 9 1502 28 179 170 21 17 7 7
3 1 1 1 100 0.75 9 1503 29 182 174 21 17 7 8
3 1 1 1 100 0.75 9 1504 33 185 175 22 17 7 10
3 1 1 1 100 0.75 9 1505 36 186 174 24 19 9 8
3 1 1 1 100 0.75 9 1506 37 189 176 27 19 9 8
3 1 1 1 100 0.75 9 1507 37 192 179 28 19 9 9
3 1 1 1 100 0.75 9 1508 38 195 182 28 19 9 9
3 1 1 1 100 0.75 9 1509 41 197 181 28 20 10 8
3 1 1 1 100 0.75 9 1510 42 200 183 31 20 10 8
3 1 1 1 100 0.75 9 1511 42 202 186 31 21 11 9
3 1 1 1 100 0.75 9 1512 45 205 189 31 21 11 12
3 1 1 1 100 0.75 9 1513 46 208 196 34 21 11 16
3 1 1 1 100 0.75 9 1514 48 211 196 35 21 11 16
3 1 1 1 100 0.75 9 1515 50 214 199 37 21 11 17
3 1 1 1 100 0.75 9 1516 51 217 202 39 21 11 18
3 1 1 1 100 0.75 9 1517 53 219 202 39 22 12 19
3 1 1 1 100 0.75 9 1518 53 221 206 40 23 13 18
3 1 1 1 100 0.75 9 1519 54 224 209 40 23 13 18
3 1 1 1 100 0.75 9 1520 56 225 207 39 25 15 19
3 1 1 1 100 0.75 9 1521 59 228 212 41 25 15 20
3 1 1 1 100 0.75 9 1522 60 229 214 42 27 17 20
3 1 1 1 100 0.75 9 1523 61 232 216 43 27 17 20
3 1 1 1 100 0.75 9 1524 64 235 218 44 27 17 23
3 1 1 1 100 0.75 9 1525 66 237 219 46 28 18 22
3 1 1 1 100 0.75 9 1526 66 240 221 48 28 18 23
3 1 1 1 100 0.75 9 1527 68 241 222 46 30 20 22
3 1 1 1 100 0.75 9 1528 69 242 223 47 32 22 20
3 1 1 1 100 0.75 9 1529 73 245 221 48 32 22 22
3 1 1 1 100 0.75 9 1530 76 247 225 51 33 23 22
3 1 1 1 100 0.75 9 1531 79 246 221 50 37 27 20
3 1 1 1 100 0.75 9 1532 82 248 223 52 38 28 21
3 1 1 1 100 0.75 9 1533 84 250 225 54 39 29 20
3 1 1 1 100 0.75 9 1534 88 253 224 56 39 29 20
3 1 1 1 100 0.75 9 1535 91 254 225 58 41 31 21
3 1 1 1 100 0.75 9 1536 92 255 227 59 43 33 21
3 1 1 1 100 0.75 9 1537 98 258 228 60 43 33 22
3 1 1 1 100 0.75 9 1538 101 261 230 66 43 33 25
3 1 1 1 100 0.75 9 1539 105 260 227 65 47 37 23
3 1 1 1 100 0.75 9 1540 110 263 226 69 46 37 26
3 1 1 1 100 0.75 9 1541 111 265 232 73 47 38 28
3 1 1 1 100 0.75 9 1542 116 268 236 74 47 38 32
3 1 1 1 100 0.75 9 1543 117 270 235 78 48 39 31
3 1 1 1 100 0.75 9 1544 122 270 237 76 51 42 31
3 1 1 1 100 0.75 9 1545 127 273 238 81 51 42 35
3 1 1 1 100 0.75 9 1546 129 275 237 85 52 43 34
3 1 1 1 100 0.75 9 1547 134 277 239 86 53 44 40
3 1 1 1 100 0.75 9 1548 136 280 246 91 53 44 42
3 1 1 1 100 0.75 9 1549 142 282 245 92 54 45 46
3 1 1 1 100 0.75 9 1550 144 284 247 97 55 46 47
3 1 1 1 100 0.75 9 1551 148 286 252 98 56 47 49
3 1 1 1 100 0.75 9 1552 154 286 245 99 59 50 49
3 1 1 1 100 0.75 9 1553 158 287 247 103 61 52 50
3 1 1 1 100 0.75 9 1554 161 288 244 105 63 54 49
3 1 1 1 100 0.75 9 1555 163 287 251 104 67 58 48
3 1 1 1 100 0.75 9 1556 167 288 246 104 69 60 49
3 1 1 1 100 0.75 9 1557 172 289 246 107 71 62 49
3 1 1 1 100 0.75 9 1558 177 289 249 109 74 65 50
3 1 1 1 100 0.75 9 1559 181 291 249 113 75 66 52
3 1 1 1 100 0.75 9 1560 186 289 245 112 80 71 51
3 1 1 1 100 0.75 9 1561 190 291 247 116 81 72 53
3 1 1 1 100 0.75 9 1562 195 291 236 117 84 75 52
3 1 1 1 100 0.75 9 1563 203 291 239 120 87 78 53
3 1 1 1 100 0.75 9 1564 209 286 232 120 95 86 50
3 1 1 1 100 0.75 9 1565 216 286 226 123 98 89 52
3 1 1 1 100 0.75 9 1566 221 286 231 129 101 92 53
3 1 1 1 100 0.75 9 1567 226 288 228 133 102 93 54
3 1 1 1 100 0.75 9 1568 230 290 230 137 103 94 55
3 1 1 1 100 0.75 9 1569 236 291 229 140 105 96 57
3 1 1 1 100 0.75 9 1570 243 292 232 144 107 98 60
3 1 1 1 100 0.75 9 1571 248 292 229 149 110 101 61
3 1 1 1 100 0.75 9 1572 252 289 225 148 116 107 62
3 1 1 1 100 0.75 9 1573 263 291 227 151 117 108 65
3 1 1 1 100 0.75 9 1574 271 290 225 158 120 112 67
3 1 1 1 100 0.75 9 1575 278 290 222 164 123 115 68
3 1 1 1 100 0.75 9 1576 286 291 220 169 125 117 68
3 1 1 1 100 0.75 9 1577 287 290 216 173 129 121 67
3 1 1 1 100 0.75 9 1578 293 291 223 172 131 123 72
3 1 1 1 100 0.75 9 1579 298 291 225 175 134 126 74
3 1 1 1 100 0.75 9 1580 309 291 210 177 137 129 79
3 1 1 1 100 0.75 9 1581 317 288 212 185 143 135 80
3 1 1 1 100 0.75 9 1582 323 290 217 192 144 136 88
3 1 1 1 100 0.75 9 1583 330 291 216 196 146 138 89
3 1 1 1 100 0.75 9 1584 332 287 217 196 153 145 84
3 1 1 1 100 0.75 9 1585 338 286 207 195 157 149 81
3 1 1 1 100 0.75 9 1586 345 287 212 200 159 151 87
3 1 1 1 100 0.75 9 1587 351 286 200 203 163 155 84
3 1 1 1 100 0.75 9 1588 356 283 207 204 169 161 88
3 1 1 1 100 0.75 9 1589 364 276 199 199 179 171 85
3 1 1 1 100 0.75 9 1590 373 276 195 204 182 174 88
3 1 1 1 100 0.75 9 1590 373 276 276 204 265 174 88
3 1 1 1 100 0.75 9 1620 373 276 276 204 11 174 88
3 1 1 1 100 0.75 10 1621 0 3 3 0 11 0 0
3 1 1 1 100 0.75 10 1622 0 6 6 0 11 0 0
3 1 1 1 100 0.75 10 1623 0 9 9 0 11 0 0
3 1 1 1 100 0.75 10 1624 0 12 12 0 11 0 0
3 1 1 1 100 0.75 10 1625 0 15 15 0 11 0 0
3 1 1 1 100 0.75 10 1626 0 18 18 0 11 0 0
3 1 1 1 100 0.75 10 1627 0 21 21 0 11 0 0
3 1 1 1 100 0.75 10 1628 0 24 24 0 11 0 0
3 1 1 1 100 0.75 10 1629 0 27 27 0 11 0 0
3 1 1 1 100 0.75 10 1630 0 30 29 0 11 0 0
3 1 1 1 100 0.75 10 1631 0 33 33 0 11 0 0
3 1 1 1 100 0.75 10 1632 0 36 35 0 11 0 0
3 1 1 1 100 0.75 10 1633 1 39 38 0 11 0 0
3 1 1 1 100 0.75 10 1634 4 42 38 1 11 0 0
3 1 1 1 100 0.75 10 1635 4 45 40 4 11 0 0
3 1 1 1 100 0.75 10 1636 4 48 44 4 11 0 0
3 1 1 1 100 0.75 10 1637 4 51 47 4 11 0 0
3 1 1 1 100 0.75 10 1638 4 54 50 4 11 0 0
3 1 1 1 100 0.75 10 1639 4 57 52 4 11 0 0
3 1 1 1 100 0.75 10 1640 4 60 57 4 11 0 1
3 1 1 1 100 0.75 10 1641 6 63 60 4 11 0 3
3 1 1 1 100 0.75 10 1642 8 66 62 6 11 0 4
3 1 1 1 100 0.75 10 1643 8 69 65 8 11 0 4
3 1 1 1 100 0.75 10 1644 9 72 67 8 11 0 4
3 1 1 1 100 0.75 10 1645 9 75 70 9 11 0 4
3 1 1 1 100 0.75 10 1646 9 78 73 9 11 0 4
3 1 1 1 100 0.75 10 1647 9 81 74 9 11 0 4
3 1 1 1 100 0.75 10 1648 10 84 79 9 11 0 5
3 1 1 1 100 0.75 10 1649 10 87 82 10 11 0 8
3 1 1 1 100 0.75 10 1650 10 90 86 10 11 0 8
3 1 1 1 100 0.75 10 1651 10 93 90 10 11 0 8
3 1 1 1 100 0.75 10 1652 10 96 92 10 11 0 8
3 1 1 1 100 0.75 10 1653 11 99 96 10 11 0 8
3 1 1 1 100 0.75 10 1654 13 102 98 11 11 0 8
3 1 1 1 100 0.75 10 1655 14 105 100 13 11 0 9
3 1 1 1 100 0.75 10 1656 15 107 101 13 12 1 8
3 1 1 1 100 0.75 10 1657 15 110 105 14 12 1 8
3 1 1 1 100 0.75 10 1658 15 111 106 12 14 3 6
3 1 1 1 100 0.75 10 1659 15 114 109 12 14 3 6
3 1 1 1 100 0.75 10 1660 17 116 109 11 15 4 5
3 1 1 1 100 0.75 10 1661 19 119 112 13 15 4 7
3 1 1 1 100 0.75 10 1662 21 122 114 15 15 4 8
3 1 1 1 100 0.75 10 1663 21 125 118 17 15 4 9
3 1 1 1 100 0.75 10 1664 22 127 120 16 16 5 9
3 1 1 1 100 0.75 10 1665 22 129 121 16 17 6 8
3 1 1 1 100 0.75 10 1666 22 132 125 16 17 6 8
3 1 1 1 100 0.75 10 1667 24 133 125 14 19 8 7
3 1 1 1 100 0.75 10 1668 24 136 128 16 19 8 8
3 1 1 1 100 0.75 10 1669 27 139 130 16 19 8 9
3 1 1 1 100 0.75 10 1670 28 142 133 19 19 8 11
3 1 1 1 100 0.75 10 1671 31 145 134 20 19 8 11
3 1 1 1 100 0.75 10 1672 32 148 136 23 19 8 11
3 1 1 1 100 0.75 10 1673 32 151 139 24 19 8 11
3 1 1 1 100 0.75 10 1674 33 153 140 23 20 9 10
3 1 1 1 100 0.75 10 1675 35 156 144 24 20 9 11
3 1 1 1 100 0.75 10 1676 36 158 147 25 21 10 12
3 1 1 1 100 0.75 10 1677 36 160 148 25 22 11 11
3 1 1 1 100 0.75 10 1678 39 162 151 24 23 12 12
3 1 1 1 100 0.75 10 1679 39 164 152 26 24 13 13
3 1 1 1 100 0.75 10 1680 40 166 156 25 25 14 13
3 1 1 1 100 0.75 10 1681 40 169 160 26 25 14 14
3 1 1 1 100 0.75 10 1682 45 172 160 26 25 14 15
3 1 1 1 100 0.75 10 1683 45 175 162 31 25 14 17
3 1 1 1 100 0.75 10 1684 48 178 164 31 25 14 17
3 1 1 1 100 0.75 10 1685 50 179 164 32 27 16 16
3 1 1 1 100 0.75 10 1686 52 181 166 33 28 17 16
3 1 1 1 100 0.75 10 1687 53 184 170 35 28 17 17
3 1 1 1 100 0.75 10 1688 53 187 170 36 28 17 17
3 1 1 1 100 0.75 10 1689 55 189 174 35 29 18 18
3 1 1 1 100 0.75 10 1690 56 191 175 36 30 19 18
3 1 1 1 100 0.75 10 1691 58 193 178 36 31 20 17
3 1 1 1 100 0.75 10 1692 62 194 176 36 33 22 17
3 1 1 1 100 0.75 10 1693 65 197 180 40 33 22 17
3 1 1 1 100 0.75 10 1694 65 199 181 42 34 23 18
3 1 1 1 100 0.75 10 1695 65 201 183 41 35 24 17
3 1 1 1 100 0.75 10 1696 66 203 187 40 36 25 17
3 1 1 1 100 0.75 10 1697 69 205 186 40 37 26 17
3 1 1 1 100 0.75 10 1698 69 208 189 43 37 26 18
3 1 1 1 100 0.75 10 1699 71 209 192 41 39 28 19
3 1 1 1 100 0.75 10 1700 75 211 196 42 40 29 21
3 1 1 1 100 0.75 10 1701 75 213 197 45 41 30 20
3 1 1 1 100 0.75 10 1702 76 215 196 45 42 31 19
3 1 1 1 100 0.75 10 1703 77 216 197 44 44 33 17
3 1 1 1 100 0.75 10 1704 77 218 201 44 45 34 16
3 1 1 1 100 0.75 10 1705 79 221 205 44 45 34 18
3 1 1 1 100 0.75 10 1706 83 224 203 46 45 34 20
3 1 1 1 100 0.75 10 1707 87 225 202 48 47 36 18
3 1 1 1 100 0.75 10 1708 89 227 205 51 48 37 20
3 1 1 1 100 0.75 10 1709 91 229 206 52 49 38 19
3 1 1 1 100 0.75 10 1710 94 230 208 52 51 40 19
3 1 1 1 100 0.75 10 1711 94 232 209 54 52 41 18
3 1 1 1 100 0.75 10 1712 96 235 210 55 52 41 19
3 1 1 1 100 0.75 10 1713 98 238 214 57 51 41 21
3 1 1 1 100 0.75 10 1714 99 240 219 58 52 42 22
3 1 1 1 100 0.75 10 1715 102 241 217 57 54 44 22
3 1 1 1 100 0.75 10 1716 105 242 221 58 56 46 21
3 1 1 1 100 0.75 10 1717 107 243 216 59 57 48 20
3 1 1 1 100 0.75 10 1718 109 245 224 60 58 49 20
3 1 1 1 100 0.75 10 1719 111 247 218 61 59 50 20
3 1 1 1 100 0.75 10 1720 117 250 224 63 59 50 21
3 1 1 1 100 0.75 10 1721 120 253 222 69 59 50 23
3 1 1 1 100 0.75 10 1722 122 253 222 69 62 53 20
3 1 1 1 100 0.75 10 1723 123 254 222 69 64 55 19
3 1 1 1 100 0.75 10 1724 128 256 225 69 65 56 21
3 1 1 1 100 0.75 10 1725 129 258 225 73 66 57 21
3 1 1 1 100 0.75 10 1726 132 261 227 75 66 57 22
3 1 1 1 100 0.75 10 1727 135 264 232 78 66 57 26
3 1 1 1 100 0.75 10 1728 141 267 231 81 66 57 29
3 1 1 1 100 0.75 10 1729 145 269 233 86 67 58 30
3 1 1 1 100 0.75 10 1730 146 267 224 85 72 63 27
3 1 1 1 100 0.75 10 1731 148 270 232 86 72 63 29
3 1 1 1 100 0.75 10 1732 153 270 229 85 75 66 29
3 1 1 1 100 0.75 10 1733 159 271 230 88 77 68 29
3 1 1 1 100 0.75 10 1734 162 274 231 94 77 68 31
3 1 1 1 100 0.75 10 1735 167 277 239 97 77 68 35
3 1 1 1 100 0.75 10 1736 170 278 232 100 79 70 35
3 1 1 1 100 0.75 10 1737 172 280 237 102 80 71 35
3 1 1 1 100 0.75 10 1738 177 282 238 103 81 72 36
3 1 1 1 100 0.75 10 1739 182 284 236 107 82 73 37
3 1 1 1 100 0.75 10 1740 185 286 240 111 83 74 42
3 1 1 1 100 0.75 10 1741 188 288 238 113 84 75 45
3 1 1 1 100 0.75 10 1742 191 289 237 115 86 77 44
3 1 1 1 100 0.75 10 1743 194 289 241 115 89 80 46
3 1 1 1 100 0.75 10 1744 200 289 236 115 92 83 45
3 1 1 1 100 0.75 10 1745 203 292 244 121 92 83 49
3 1 1 1 100 0.75 10 1746 210 292 242 121 95 86 49
3 1 1 1 100 0.75 10 1747 215 291 241 125 99 90 48
3 1 1 1 100 0.75 10 1748 218 292 241 128 101 92 46
3 1 1 1 100 0.75 10 1749 224 294 238 130 102 93 48
3 1 1 1 100 0.75 10 1750 227 294 234 134 105 96 45
3 1 1 1 100 0.75 10 1751 229 294 239 134 108 99 45
3 1 1 1 100 0.75 10 1752 230 295 240 134 110 101 46
3 1 1 1 100 0.75 10 1753 235 296 244 133 112 103 48
3 1 1 1 100 0.75 10 1754 242 297 241 136 114 105 52
3 1 1 1 100 0.75 10 1755 245 297 238 140 117 108 52
3 1 1 1 100 0.75 10 1756 248 297 238 140 120 111 53
3 1 1 1 100 0.75 10 1757 251 299 245 142 121 112 55
3 1 1 1 100 0.75 10 1758 255 298 240 141 125 116 53
3 1 1 1 100 0.75 10 1759 257 297 235 141 129 120 51
3 1 1 1 100 0.75 10 1760 263 295 233 138 134 125 48
3 1 1 1 100 0.75 10 1761 269 295 227 142 137 128 52
3 1 1 1 100 0.75 10 1762 273 296 232 148 138 130 53
3 1 1 1 100 0.75 10 1763 280 295 230 149 142 134 51
3 1 1 1 100 0.75 10 1764 290 296 225 154 144 136 52
3 1 1 1 100 0.75 10 1765 294 298 217 163 145 137 54
3 1 1 1 100 0.75 10 1766 299 298 221 165 148 140 55
3 1 1 1 100 0.75 10 1767 305 300 219 169 149 141 57
3 1 1 1 100 0.75 10 1768 307 301 226 173 151 143 63
3 1 1 1 100 0.75 10 1769 311 300 228 171 155 147 63
3 1 1 1 100 0.75 10 1770 319 300 222 173 158 150 62
3 1 1 1 100 0.75 10 1770 319 300 300 173 219 150 62
3 1 1 1 100 0.75 10 1800 319 300 300 173 11 150 62
