4 10 5 1 100 0.75 1 1 0 4 4 0 100 0 0
4 10 5 1 100 0.75 1 2 0 8 8 0 100 0 0
4 10 5 1 100 0.75 1 3 0 12 12 0 100 0 0
4 10 5 1 100 0.75 1 4 0 16 16 0 100 0 0
4 10 5 1 100 0.75 1 5 0 20 20 0 100 0 0
4 10 5 1 100 0.75 1 6 0 24 24 0 100 0 0
4 10 5 1 100 0.75 1 7 0 28 28 0 100 0 0
4 10 5 1 100 0.75 1 8 1 32 31 0 100 0 0
4 10 5 1 100 0.75 1 9 1 36 35 1 100 0 0
4 10 5 1 100 0.75 1 10 3 40 36 1 100 0 0
4 10 5 1 100 0.75 1 11 4 44 39 3 100 0 0
4 10 5 1 100 0.75 1 12 6 48 41 4 100 0 0
4 10 5 1 100 0.75 1 13 6 52 45 6 100 0 0
4 10 5 1 100 0.75 1 14 6 56 49 6 100 0 0
4 10 5 1 100 0.75 1 15 7 60 52 6 100 0 0
4 10 5 1 100 0.75 1 16 11 64 54 7 100 0 1
4 10 5 1 100 0.75 1 17 12 68 56 11 100 0 1
4 10 5 1 100 0.75 1 18 13 72 61 12 100 0 4
4 10 5 1 100 0.75 1 19 14 76 66 13 100 0 4
4 10 5 1 100 0.75 1 20 15 80 68 14 100 0 6
4 10 5 1 100 0.75 1 21 18 84 69 15 100 0 6
4 10 5 1 100 0.75 1 22 19 88 74 18 100 0 6
4 10 5 1 100 0.75 1 23 20 92 75 19 100 0 7
4 10 5 1 100 0.75 1 24 20 96 85 20 100 0 10
4 10 5 1 100 0.75 1 25 20 100 90 20 100 0 11
4 10 5 1 100 0.75 1 26 22 104 91 20 100 0 12
4 10 5 1 100 0.75 1 27 22 108 97 22 100 0 12
4 10 5 1 100 0.75 1 28 23 112 101 22 100 0 14
4 10 5 1 100 0.75 1 29 26 116 101 23 100 0 15
4 10 5 1 100 0.75 1 30 29 120 105 26 100 0 17
4 10 5 1 100 0.75 1 31 30 124 110 29 100 0 17
4 10 5 1 100 0.75 1 32 30 128 113 30 100 0 17
4 10 5 1 100 0.75 1 33 32 130 116 28 102 2 16
4 10 5 1 100 0.75 1 34 32 134 120 30 102 2 17
4 10 5 1 100 0.75 1 35 34 138 123 30 102 2 18
4 10 5 1 100 0.75 1 36 36 141 121 31 103 3 19
4 10 5 1 100 0.75 1 37 38 143 131 31 105 5 19
4 10 5 1 100 0.75 1 38 40 147 127 33 105 5 21
4 10 5 1 100 0.75 1 39 41 151 132 35 105 5 21
4 10 5 1 100 0.75 1 40 44 151 132 32 108 9 17
4 10 5 1 100 0.75 1 41 48 154 131 34 109 10 16
4 10 5 1 100 0.75 1 42 51 156 131 36 111 12 14
4 10 5 1 100 0.75 1 43 54 160 136 39 111 12 16
4 10 5 1 100 0.75 1 44 58 164 136 42 111 12 18
4 10 5 1 100 0.75 1 45 62 167 138 45 112 13 18
4 10 5 1 100 0.75 1 46 64 169 137 47 114 15 17
4 10 5 1 100 0.75 1 47 65 173 140 49 114 15 20
4 10 5 1 100 0.75 1 48 66 175 145 48 116 17 21
4 10 5 1 100 0.75 1 49 68 179 152 49 116 17 23
4 10 5 1 100 0.75 1 50 74 182 149 50 117 18 25
4 10 5 1 100 0.75 1 51 77 184 156 54 119 20 26
4 10 5 1 100 0.75 1 52 80 188 161 57 119 20 30
4 10 5 1 100 0.75 1 53 83 189 158 57 122 23 28
4 10 5 1 100 0.75 1 54 88 192 158 59 123 24 28
4 10 5 1 100 0.75 1 55 92 195 159 63 124 25 29
4 10 5 1 100 0.75 1 56 96 198 160 66 125 26 29
4 10 5 1 100 0.75 1 57 101 202 158 70 125 26 30
4 10 5 1 100 0.75 1 58 104 205 166 74 126 27 35
4 10 5 1 100 0.75 1 59 109 207 163 75 128 29 34
4 10 5 1 100 0.75 1 60 109 211 171 80 128 29 35
4 10 5 1 100 0.75 1 61 112 214 175 79 128 30 38
4 10 5 1 100 0.75 1 62 117 218 175 82 128 30 42
4 10 5 1 100 0.75 1 63 119 222 185 87 128 30 46
4 10 5 1 100 0.75 1 64 126 225 182 88 129 31 49
4 10 5 1 100 0.75 1 65 129 224 184 90 134 36 46
4 10 5 1 100 0.75 1 66 136 226 178 91 136 38 48
4 10 5 1 100 0.75 1 67 141 226 177 94 140 42 44
4 10 5 1 100 0.75 1 68 143 226 172 95 144 46 41
4 10 5 1 100 0.75 1 69 145 228 184 95 146 48 43
4 10 5 1 100 0.75 1 70 152 230 174 95 148 50 43
4 10 5 1 100 0.75 1 71 158 233 180 101 149 51 48
4 10 5 1 100 0.75 1 72 165 237 183 107 149 51 52
4 10 5 1 100 0.75 1 73 167 237 182 110 153 55 52
4 10 5 1 100 0.75 1 74 171 239 182 111 155 57 52
4 10 5 1 100 0.75 1 75 179 242 184 114 156 58 55
4 10 5 1 100 0.75 1 76 184 243 183 119 159 61 55
4 10 5 1 100 0.75 1 77 188 243 179 120 163 65 53
4 10 5 1 100 0.75 1 78 194 245 184 122 165 67 53
4 10 5 1 100 0.75 1 79 198 244 185 123 170 72 54
4 10 5 1 100 0.75 1 80 205 244 180 124 174 76 53
4 10 5 1 100 0.75 1 81 206 244 179 127 178 80 51
4 10 5 1 100 0.75 1 82 211 246 184 126 180 82 57
4 10 5 1 100 0.75 1 83 216 250 186 131 180 82 60
4 10 5 1 100 0.75 1 84 225 253 189 135 181 83 63
4 10 5 1 100 0.75 1 85 231 254 187 141 184 86 63
4 10 5 1 100 0.75 1 86 240 254 185 143 188 90 62
4 10 5 1 100 0.75 1 87 244 253 186 147 193 95 62
4 10 5 1 100 0.75 1 88 251 253 182 148 197 99 60
4 10 5 1 100 0.75 1 89 255 254 179 153 200 102 60
4 10 5 1 100 0.75 1 90 259 256 176 155 202 104 64
4 10 5 1 100 0.75 1 91 264 258 186 158 204 106 67
4 10 5 1 100 0.75 1 92 270 258 174 159 208 110 68
4 10 5 1 100 0.75 1 93 277 260 183 164 210 112 74
4 10 5 1 100 0.75 1 94 284 261 175 169 213 115 74
4 10 5 1 100 0.75 1 95 290 259 178 170 219 121 73
4 10 5 1 100 0.75 1 96 297 261 175 174 221 123 78
4 10 5 1 100 0.75 1 97 304 264 184 181 222 124 81
4 10 5 1 100 0.75 1 98 310 265 175 185 225 127 81
4 10 5 1 100 0.75 1 99 315 265 179 188 229 131 83
4 10 5 1 100 0.75 1 100 320 266 175 191 232 134 87
4 10 5 1 100 0.75 1 101 328 265 181 191 237 139 88
4 10 5 1 100 0.75 1 102 336 258 156 189 248 150 82
4 10 5 1 100 0.75 1 103 345 260 163 196 250 152 83
4 10 5 1 100 0.75 1 104 349 262 171 203 252 154 88
4 10 5 1 100 0.75 1 105 355 264 166 206 254 156 93
4 10 5 1 100 0.75 1 106 361 261 160 205 261 163 92
4 10 5 1 100 0.75 1 107 365 262 157 208 264 166 93
4 10 5 1 100 0.75 1 108 369 262 159 210 268 170 95
4 10 5 1 100 0.75 1 109 374 260 164 209 273 176 98
4 10 5 1 100 0.75 1 110 381 260 162 210 277 180 100
4 10 5 1 100 0.75 1 111 386 259 156 213 282 185 101
4 10 5 1 100 0.75 1 112 392 257 152 212 288 191 100
4 10 5 1 100 0.75 1 113 396 255 154 212 294 197 100
4 10 5 1 100 0.75 1 114 401 254 149 211 299 202 98
4 10 5 1 100 0.75 1 115 404 252 151 212 305 208 95
4 10 5 1 100 0.75 1 116 409 251 146 210 310 213 94
4 10 5 1 100 0.75 1 117 415 253 149 214 312 215 94
4 10 5 1 100 0.75 1 118 420 253 153 217 316 219 97
4 10 5 1 100 0.75 1 119 423 251 147 218 322 225 96
4 10 5 1 100 0.75 1 120 427 248 136 215 328 232 93
4 10 5 1 100 0.75 1 121 429 246 131 213 334 238 90
4 10 5 1 100 0.75 1 122 431 246 133 214 338 242 89
4 10 5 1 100 0.75 1 123 434 243 128 210 345 249 84
4 10 5 1 100 0.75 1 124 438 239 135 207 353 257 82
4 10 5 1 100 0.75 1 125 440 236 119 205 360 264 80
4 10 5 1 100 0.75 1 126 442 236 119 203 364 268 80
4 10 5 1 100 0.75 1 127 444 231 114 199 373 277 73
4 10 5 1 100 0.75 1 128 448 227 119 196 381 285 70
4 10 5 1 100 0.75 1 129 448 226 113 195 386 290 69
4 10 5 1 100 0.75 1 130 454 226 118 192 389 294 67
4 10 5 1 100 0.75 1 131 457 227 112 195 392 297 67
4 10 5 1 100 0.75 1 132 459 227 114 197 396 301 67
4 10 5 1 100 0.75 1 133 460 228 110 197 398 304 65
4 10 5 1 100 0.75 1 134 461 226 105 193 404 310 65
4 10 5 1 100 0.75 1 135 465 225 114 190 409 315 63
4 10 5 1 100 0.75 1 136 468 224 107 191 414 320 60
4 10 5 1 100 0.75 1 137 470 227 108 195 414 321 64
4 10 5 1 100 0.75 1 138 473 225 106 192 420 327 62
4 10 5 1 100 0.75 1 139 478 226 98 193 423 330 61
4 10 5 1 100 0.75 1 140 480 227 106 197 426 333 60
4 10 5 1 100 0.75 1 141 486 230 98 198 427 334 61
4 10 5 1 100 0.75 1 142 488 231 109 201 430 337 61
4 10 5 1 100 0.75 1 143 492 228 107 196 437 344 60
4 10 5 1 100 0.75 1 144 493 225 100 195 444 351 55
4 10 5 1 100 0.75 1 145 495 224 94 194 449 356 55
4 10 5 1 100 0.75 1 146 498 225 105 193 452 359 55
4 10 5 1 100 0.75 1 147 501 228 108 196 453 360 57
4 10 5 1 100 0.75 1 148 504 230 100 198 455 362 56
4 10 5 1 100 0.75 1 149 507 231 107 199 458 365 57
4 10 5 1 100 0.75 1 150 508 229 98 196 464 371 53
4 10 5 1 100 0.75 1 150 508 229 229 196 516 371 53
4 10 5 1 100 0.75 1 180 508 229 229 196 107 371 53
4 10 5 1 100 0.75 2 181 0 4 4 0 107 0 0
4 10 5 1 100 0.75 2 182 0 8 8 0 107 0 0
4 10 5 1 100 0.75 2 183 0 12 12 0 107 0 0
4 10 5 1 100 0.75 2 184 0 16 16 0 107 0 0
4 10 5 1 100 0.75 2 185 0 20 20 0 107 0 0
4 10 5 1 100 0.75 2 186 0 24 24 0 107 0 0
4 10 5 1 100 0.75 2 187 0 28 28 0 107 0 0
4 10 5 1 100 0.75 2 188 2 32 29 0 107 0 0
4 10 5 1 100 0.75 2 189 2 36 34 2 107 0 0
4 10 5 1 100 0.75 2 190 3 40 37 2 107 0 0
4 10 5 1 100 0.75 2 191 3 44 37 3 106 0 0
4 10 5 1 100 0.75 2 192 4 48 44 3 106 0 0
4 10 5 1 100 0.75 2 193 5 52 45 4 106 0 0
4 10 5 1 100 0.75 2 194 8 56 47 5 106 0 0
4 10 5 1 100 0.75 2 195 10 60 50 8 106 0 1
4 10 5 1 100 0.75 2 196 10 64 56 10 106 0 2
4 10 5 1 100 0.75 2 197 13 68 56 10 106 0 2
4 10 5 1 100 0.75 2 198 15 72 57 13 106 0 3
4 10 5 1 100 0.75 2 199 15 76 62 15 106 0 3
4 10 5 1 100 0.75 2 200 17 80 65 15 106 0 4
4 10 5 1 100 0.75 2 201 19 84 68 17 106 0 4
4 10 5 1 100 0.75 2 202 24 88 71 19 106 0 6
4 10 5 1 100 0.75 2 203 26 92 71 24 106 0 8
4 10 5 1 100 0.75 2 204 29 96 74 26 106 0 9
4 10 5 1 100 0.75 2 205 30 100 79 29 106 0 13
4 10 5 1 100 0.75 2 206 31 104 83 30 106 0 13
4 10 5 1 100 0.75 2 207 35 108 84 31 106 0 14
4 10 5 1 100 0.75 2 208 35 112 91 35 106 0 14
4 10 5 1 100 0.75 2 209 36 116 96 35 106 0 17
4 10 5 1 100 0.75 2 210 39 120 99 36 106 0 20
4 10 5 1 100 0.75 2 211 40 124 104 39 106 0 21
4 10 5 1 100 0.75 2 212 42 127 109 39 107 1 24
4 10 5 1 100 0.75 2 213 44 131 108 41 107 1 24
4 10 5 1 100 0.75 2 214 46 133 116 41 109 3 25
4 10 5 1 100 0.75 2 215 50 137 114 43 109 3 25
4 10 5 1 100 0.75 2 216 52 140 111 46 110 4 24
4 10 5 1 100 0.75 2 217 57 144 116 48 109 4 26
4 10 5 1 100 0.75 2 218 62 146 116 51 111 6 25
4 10 5 1 100 0.75 2 219 69 150 113 56 111 6 27
4 10 5 1 100 0.75 2 220 74 153 116 62 112 7 27
4 10 5 1 100 0.75 2 221 75 157 120 67 112 7 28
4 10 5 1 100 0.75 2 222 77 159 122 66 114 9 29
4 10 5 1 100 0.75 2 223 82 161 121 66 116 11 29
4 10 5 1 100 0.75 2 224 87 162 120 68 119 14 27
4 10 5 1 100 0.75 2 225 95 164 123 71 121 16 31
4 10 5 1 100 0.75 2 226 97 167 122 78 122 17 35
4 10 5 1 100 0.75 2 227 101 169 126 78 124 19 38
4 10 5 1 100 0.75 2 228 104 169 131 78 128 23 36
4 10 5 1 100 0.75 2 229 107 173 131 81 128 23 38
4 10 5 1 100 0.75 2 230 110 176 133 84 129 24 37
4 10 5 1 100 0.75 2 231 114 178 135 85 131 26 37
4 10 5 1 100 0.75 2 232 118 181 139 88 132 27 42
4 10 5 1 100 0.75 2 233 122 184 144 91 133 28 45
4 10 5 1 100 0.75 2 234 125 187 149 95 134 29 44
4 10 5 1 100 0.75 2 235 127 189 151 96 136 31 44
4 10 5 1 100 0.75 2 236 130 191 156 96 138 33 46
4 10 5 1 100 0.75 2 237 134 193 152 97 140 35 46
4 10 5 1 100 0.75 2 238 137 196 153 100 141 36 49
4 10 5 1 100 0.75 2 239 142 197 149 100 144 39 48
4 10 5 1 100 0.75 2 240 146 198 153 103 147 42 49
4 10 5 1 100 0.75 2 241 153 202 158 107 147 42 51
4 10 5 1 100 0.75 2 242 157 203 158 111 150 45 52
4 10 5 1 100 0.75 2 243 162 203 151 111 152 49 49
4 10 5 1 100 0.75 2 244 166 201 151 110 158 55 48
4 10 5 1 100 0.75 2 245 171 203 146 112 159 57 47
4 10 5 1 100 0.75 2 246 173 205 152 115 161 59 51
4 10 5 1 100 0.75 2 247 178 205 151 113 165 63 48
4 10 5 1 100 0.75 2 248 183 206 148 115 167 66 45
4 10 5 1 100 0.75 2 249 192 208 155 118 168 68 48
4 10 5 1 100 0.75 2 250 197 210 151 125 170 70 49
4 10 5 1 100 0.75 2 251 198 213 153 129 171 71 51
4 10 5 1 100 0.75 2 252 203 215 157 128 173 73 56
4 10 5 1 100 0.75 2 253 209 216 154 130 176 76 54
4 10 5 1 100 0.75 2 254 214 218 148 134 178 78 53
4 10 5 1 100 0.75 2 255 216 220 155 138 179 80 55
4 10 5 1 100 0.75 2 256 219 220 159 136 183 84 56
4 10 5 1 100 0.75 2 257 229 218 154 133 189 90 59
4 10 5 1 100 0.75 2 258 231 220 153 141 191 92 58
4 10 5 1 100 0.75 2 259 237 221 147 142 194 95 55
4 10 5 1 100 0.75 2 260 242 223 151 146 196 97 58
4 10 5 1 100 0.75 2 261 247 224 146 148 199 100 59
4 10 5 1 100 0.75 2 262 251 222 151 148 205 106 56
4 10 5 1 100 0.75 2 263 257 225 139 151 206 107 57
4 10 5 1 100 0.75 2 264 258 225 136 154 210 111 54
4 10 5 1 100 0.75 2 265 262 228 155 154 211 112 63
4 10 5 1 100 0.75 2 266 270 230 144 157 213 114 62
4 10 5 1 100 0.75 2 267 274 229 151 161 218 119 61
4 10 5 1 100 0.75 2 268 282 231 146 163 220 121 64
4 10 5 1 100 0.75 2 269 284 231 150 167 224 125 62
4 10 5 1 100 0.75 2 270 289 231 150 165 228 129 64
4 10 5 1 100 0.75 2 271 294 230 138 165 233 134 62
4 10 5 1 100 0.75 2 272 299 232 144 169 235 136 63
4 10 5 1 100 0.75 2 273 303 234 157 172 237 138 65
4 10 5 1 100 0.75 2 274 308 236 154 176 238 140 70
4 10 5 1 100 0.75 2 275 314 233 141 174 245 147 65
4 10 5 1 100 0.75 2 276 317 232 140 175 250 152 66
4 10 5 1 100 0.75 2 277 324 232 140 174 254 156 65
4 10 5 1 100 0.75 2 278 327 234 143 179 256 158 67
4 10 5 1 100 0.75 2 279 329 238 145 182 256 158 70
4 10 5 1 100 0.75 2 280 333 239 153 182 259 161 71
4 10 5 1 100 0.75 2 281 337 239 149 183 263 165 71
4 10 5 1 100 0.75 2 282 344 239 145 183 267 169 72
4 10 5 1 100 0.75 2 283 347 242 148 189 267 170 74
4 10 5 1 100 0.75 2 284 349 241 151 187 272 175 75
4 10 5 1 100 0.75 2 285 354 234 140 181 283 186 66
4 10 5 1 100 0.75 2 286 359 235 141 183 286 189 65
4 10 5 1 100 0.75 2 287 363 237 136 186 288 191 65
4 10 5 1 100 0.75 2 288 368 237 134 187 292 195 62
4 10 5 1 100 0.75 2 289 369 241 136 195 292 195 65
4 10 5 1 100 0.75 2 290 375 238 136 189 299 202 65
4 10 5 1 100 0.75 2 291 383 240 126 193 301 204 66
4 10 5 1 100 0.75 2 292 389 239 124 197 306 209 65
4 10 5 1 100 0.75 2 293 394 237 121 197 311 215 62
4 10 5 1 100 0.75 2 294 398 237 123 198 315 219 62
4 10 5 1 100 0.75 2 295 399 236 123 197 320 224 62
4 10 5 1 100 0.75 2 296 404 239 129 199 321 225 64
4 10 5 1 100 0.75 2 297 406 238 123 200 325 230 61
4 10 5 1 100 0.75 2 298 413 238 125 198 328 234 60
4 10 5 1 100 0.75 2 299 417 239 126 205 331 237 66
4 10 5 1 100 0.75 2 300 423 237 123 203 337 243 64
4 10 5 1 100 0.75 2 301 427 236 117 205 341 248 63
4 10 5 1 100 0.75 2 302 430 238 123 207 343 250 62
4 10 5 1 100 0.75 2 303 432 239 128 207 346 253 61
4 10 5 1 100 0.75 2 304 435 242 129 208 347 254 64
4 10 5 1 100 0.75 2 305 439 244 127 209 349 256 66
4 10 5 1 100 0.75 2 306 442 245 129 211 352 259 67
4 10 5 1 100 0.75 2 307 444 244 126 211 356 264 67
4 10 5 1 100 0.75 2 308 447 242 129 208 362 270 66
4 10 5 1 100 0.75 2 309 447 245 128 211 363 271 67
4 10 5 1 100 0.75 2 310 456 244 124 207 368 276 63
4 10 5 1 100 0.75 2 311 459 241 125 210 375 283 57
4 10 5 1 100 0.75 2 312 461 243 112 211 377 285 58
4 10 5 1 100 0.75 2 313 464 243 127 210 381 289 55
4 10 5 1 100 0.75 2 314 469 246 115 214 382 290 59
4 10 5 1 100 0.75 2 315 471 246 112 215 386 294 58
4 10 5 1 100 0.75 2 316 476 246 118 214 390 298 55
4 10 5 1 100 0.75 2 317 478 244 121 213 396 304 51
4 10 5 1 100 0.75 2 318 483 246 118 214 398 306 54
4 10 5 1 100 0.75 2 319 487 248 116 217 400 308 55
4 10 5 1 100 0.75 2 320 488 248 111 218 404 312 55
4 10 5 1 100 0.75 2 321 490 249 130 216 407 315 54
4 10 5 1 100 0.75 2 322 494 249 116 214 410 319 53
4 10 5 1 100 0.75 2 323 496 247 113 214 416 325 50
4 10 5 1 100 0.75 2 324 500 248 116 217 419 328 51
4 10 5 1 100 0.75 2 325 501 250 115 219 421 330 52
4 10 5 1 100 0.75 2 326 503 250 120 217 423 334 53
4 10 5 1 100 0.75 2 327 508 251 118 216 426 337 50
4 10 5 1 100 0.75 2 328 513 252 112 218 428 340 49
4 10 5 1 100 0.75 2 329 513 253 110 221 431 343 48
4 10 5 1 100 0.75 2 330 517 253 110 220 434 347 49
4 10 5 1 100 0.75 2 330 517 253 253 220 479 347 49
4 10 5 1 100 0.75 2 360 517 253 253 220 106 347 49
4 10 5 1 100 0.75 3 361 0 4 4 0 106 0 0
4 10 5 1 100 0.75 3 362 0 8 8 0 106 0 0
4 10 5 1 100 0.75 3 363 0 12 12 0 106 0 0
4 10 5 1 100 0.75 3 364 0 16 16 0 106 0 0
4 10 5 1 100 0.75 3 365 0 20 20 0 106 0 0
4 10 5 1 100 0.75 3 366 0 24 23 0 106 0 0
4 10 5 1 100 0.75 3 367 0 28 28 0 106 0 0
4 10 5 1 100 0.75 3 368 0 32 31 0 106 0 0
4 10 5 1 100 0.75 3 369 0 36 36 0 106 0 0
4 10 5 1 100 0.75 3 370 0 40 39 0 106 0 0
4 10 5 1 100 0.75 3 371 0 44 44 0 106 0 0
4 10 5 1 100 0.75 3 372 2 48 45 0 106 0 0
4 10 5 1 100 0.75 3 373 5 52 47 2 106 0 0
4 10 5 1 100 0.75 3 374 9 56 47 5 106 0 0
4 10 5 1 100 0.75 3 375 11 60 48 9 106 0 0
4 10 5 1 100 0.75 3 376 12 64 52 11 106 0 0
4 10 5 1 100 0.75 3 377 14 68 54 12 106 0 0
4 10 5 1 100 0.75 3 378 15 72 57 14 106 0 0
4 10 5 1 100 0.75 3 379 16 76 60 15 106 0 1
4 10 5 1 100 0.75 3 380 17 80 65 16 106 0 1
4 10 5 1 100 0.75 3 381 18 84 69 17 106 0 3
4 10 5 1 100 0.75 3 382 20 88 76 18 106 0 6
4 10 5 1 100 0.75 3 383 23 92 76 20 106 0 6
4 10 5 1 100 0.75 3 384 24 96 79 23 106 0 7
4 10 5 1 100 0.75 3 385 28 100 84 24 106 0 9
4 10 5 1 100 0.75 3 386 32 104 84 28 106 0 11
4 10 5 1 100 0.75 3 387 35 108 84 32 106 0 12
4 10 5 1 100 0.75 3 388 37 112 87 35 106 0 12
4 10 5 1 100 0.75 3 389 39 116 92 37 106 0 13
4 10 5 1 100 0.75 3 390 39 120 96 39 106 0 15
4 10 5 1 100 0.75 3 391 41 124 102 39 106 0 18
4 10 5 1 100 0.75 3 392 41 128 105 41 106 0 18
4 10 5 1 100 0.75 3 393 47 132 111 41 106 0 22
4 10 5 1 100 0.75 3 394 51 136 114 47 106 0 23
4 10 5 1 100 0.75 3 395 55 140 113 51 106 0 25
4 10 5 1 100 0.75 3 396 58 143 117 54 106 1 25
4 10 5 1 100 0.75 3 397 59 146 120 56 107 2 26
4 10 5 1 100 0.75 3 398 62 150 119 57 107 2 27
4 10 5 1 100 0.75 3 399 63 154 123 60 107 2 28
4 10 5 1 100 0.75 3 400 64 154 123 57 111 6 26
4 10 5 1 100 0.75 3 401 66 156 128 56 113 8 25
4 10 5 1 100 0.75 3 402 66 159 132 57 114 9 26
4 10 5 1 100 0.75 3 403 70 163 134 57 114 9 29
4 10 5 1 100 0.75 3 404 74 167 136 61 114 9 31
4 10 5 1 100 0.75 3 405 77 169 140 63 116 11 30
4 10 5 1 100 0.75 3 406 81 171 136 64 117 13 29
4 10 5 1 100 0.75 3 407 85 173 138 66 119 15 28
4 10 5 1 100 0.75 3 408 86 177 143 70 119 15 30
4 10 5 1 100 0.75 3 409 88 180 144 70 120 16 29
4 10 5 1 100 0.75 3 410 91 182 150 70 122 18 31
4 10 5 1 100 0.75 3 411 94 182 143 69 126 22 29
4 10 5 1 100 0.75 3 412 101 186 146 72 126 22 33
4 10 5 1 100 0.75 3 413 104 185 144 74 131 27 29
4 10 5 1 100 0.75 3 414 110 189 148 77 131 27 32
4 10 5 1 100 0.75 3 415 117 192 141 82 132 28 31
4 10 5 1 100 0.75 3 416 122 195 144 88 133 29 31
4 10 5 1 100 0.75 3 417 124 198 143 92 134 30 32
4 10 5 1 100 0.75 3 418 126 200 145 92 136 32 32
4 10 5 1 100 0.75 3 419 130 200 146 90 140 36 32
4 10 5 1 100 0.75 3 420 131 204 155 94 140 36 34
4 10 5 1 100 0.75 3 421 136 204 152 91 144 40 34
4 10 5 1 100 0.75 3 422 142 208 158 97 144 40 42
4 10 5 1 100 0.75 3 423 147 211 154 102 145 41 46
4 10 5 1 100 0.75 3 424 151 213 162 105 147 43 47
4 10 5 1 100 0.75 3 425 157 216 156 108 148 44 47
4 10 5 1 100 0.75 3 426 159 218 160 112 150 46 47
4 10 5 1 100 0.75 3 427 165 220 161 112 152 48 49
4 10 5 1 100 0.75 3 428 173 224 158 118 152 48 50
4 10 5 1 100 0.75 3 429 176 225 162 123 155 51 50
4 10 5 1 100 0.75 3 430 181 225 167 122 159 55 50
4 10 5 1 100 0.75 3 431 186 226 165 124 162 58 49
4 10 5 1 100 0.75 3 432 191 230 165 129 162 58 50
4 10 5 1 100 0.75 3 433 197 231 169 131 165 61 51
4 10 5 1 100 0.75 3 434 203 234 165 136 166 62 53
4 10 5 1 100 0.75 3 435 207 238 168 142 166 62 60
4 10 5 1 100 0.75 3 436 210 239 171 143 169 65 60
4 10 5 1 100 0.75 3 437 216 239 170 143 173 69 60
4 10 5 1 100 0.75 3 438 221 237 170 143 179 75 57
4 10 5 1 100 0.75 3 439 225 236 162 143 184 80 59
4 10 5 1 100 0.75 3 440 229 238 167 145 186 82 62
4 10 5 1 100 0.75 3 441 236 239 165 147 189 85 63
4 10 5 1 100 0.75 3 442 243 237 158 148 195 91 62
4 10 5 1 100 0.75 3 443 251 239 158 153 197 93 62
4 10 5 1 100 0.75 3 444 255 241 163 159 199 95 61
4 10 5 1 100 0.75 3 445 262 238 153 156 205 102 58
4 10 5 1 100 0.75 3 446 267 241 158 162 206 103 61
4 10 5 1 100 0.75 3 447 273 242 154 164 209 106 59
4 10 5 1 100 0.75 3 448 277 245 161 169 209 107 63
4 10 5 1 100 0.75 3 449 282 245 155 169 212 111 61
4 10 5 1 100 0.75 3 450 284 248 167 173 213 112 67
4 10 5 1 100 0.75 3 451 291 249 167 172 216 115 67
4 10 5 1 100 0.75 3 452 300 250 163 176 219 118 68
4 10 5 1 100 0.75 3 453 308 249 160 180 223 123 67
4 10 5 1 100 0.75 3 454 315 248 157 183 228 128 67
4 10 5 1 100 0.75 3 455 319 248 158 186 232 132 70
4 10 5 1 100 0.75 3 456 325 246 148 184 238 138 65
4 10 5 1 100 0.75 3 457 329 247 148 188 241 141 65
4 10 5 1 100 0.75 3 458 337 243 146 185 249 149 61
4 10 5 1 100 0.75 3 459 342 244 146 193 252 152 64
4 10 5 1 100 0.75 3 460 342 244 154 194 256 156 67
4 10 5 1 100 0.75 3 461 346 245 144 192 259 159 70
4 10 5 1 100 0.75 3 462 353 248 148 195 260 160 73
4 10 5 1 100 0.75 3 463 359 250 152 201 262 162 76
4 10 5 1 100 0.75 3 464 362 253 154 206 263 163 80
4 10 5 1 100 0.75 3 465 366 253 153 206 267 167 79
4 10 5 1 100 0.75 3 466 371 252 158 205 272 172 81
4 10 5 1 100 0.75 3 467 374 252 154 207 275 176 78
4 10 5 1 100 0.75 3 468 379 252 151 207 279 180 77
4 10 5 1 100 0.75 3 469 387 251 143 207 284 185 77
4 10 5 1 100 0.75 3 470 389 253 150 215 285 187 81
4 10 5 1 100 0.75 3 471 390 254 149 214 288 190 83
4 10 5 1 100 0.75 3 472 393 253 149 212 293 195 82
4 10 5 1 100 0.75 3 473 398 249 147 209 301 203 79
4 10 5 1 100 0.75 3 474 402 247 148 208 307 209 77
4 10 5 1 100 0.75 3 475 407 247 140 208 311 213 77
4 10 5 1 100 0.75 3 476 410 247 139 209 315 217 76
4 10 5 1 100 0.75 3 477 414 249 140 211 317 219 80
4 10 5 1 100 0.75 3 478 417 243 137 206 327 229 71
4 10 5 1 100 0.75 3 479 420 243 129 207 331 233 70
4 10 5 1 100 0.75 3 480 424 244 139 210 333 236 75
4 10 5 1 100 0.75 3 481 427 244 137 211 337 240 74
4 10 5 1 100 0.75 3 482 430 242 140 208 343 246 70
4 10 5 1 100 0.75 3 483 434 242 144 207 347 250 69
4 10 5 1 100 0.75 3 484 435 244 127 210 349 252 70
4 10 5 1 100 0.75 3 485 438 243 124 207 353 257 68
4 10 5 1 100 0.75 3 486 441 243 125 207 357 261 71
4 10 5 1 100 0.75 3 487 449 243 133 208 361 265 70
4 10 5 1 100 0.75 3 488 452 241 128 210 367 271 67
4 10 5 1 100 0.75 3 489 455 239 114 208 373 277 65
4 10 5 1 100 0.75 3 490 457 241 135 211 375 279 65
4 10 5 1 100 0.75 3 491 460 244 122 212 376 280 66
4 10 5 1 100 0.75 3 492 461 243 125 210 381 285 63
4 10 5 1 100 0.75 3 493 465 243 119 211 385 289 62
4 10 5 1 100 0.75 3 494 466 244 121 212 388 292 63
4 10 5 1 100 0.75 3 495 473 242 124 208 393 298 60
4 10 5 1 100 0.75 3 496 475 243 128 213 395 301 62
4 10 5 1 100 0.75 3 497 477 245 125 214 397 303 62
4 10 5 1 100 0.75 3 498 481 243 114 210 403 309 57
4 10 5 1 100 0.75 3 499 484 241 130 209 409 315 56
4 10 5 1 100 0.75 3 500 486 242 117 210 412 318 56
4 10 5 1 100 0.75 3 501 488 243 124 210 415 321 55
4 10 5 1 100 0.75 3 502 489 245 120 212 417 323 57
4 10 5 1 100 0.75 3 503 492 243 112 208 423 329 57
4 10 5 1 100 0.75 3 504 495 244 112 210 426 332 54
4 10 5 1 100 0.75 3 505 497 244 122 210 430 336 54
4 10 5 1 100 0.75 3 506 501 244 111 210 434 340 50
4 10 5 1 100 0.75 3 507 502 245 111 213 436 343 48
4 10 5 1 100 0.75 3 508 506 246 118 213 438 346 49
4 10 5 1 100 0.75 3 509 508 248 113 217 440 348 48
4 10 5 1 100 0.75 3 510 509 251 116 221 441 349 49
4 10 5 1 100 0.75 3 510 509 251 251 221 490 349 49
4 10 5 1 100 0.75 3 540 509 251 251 221 105 349 49
4 10 5 1 100 0.75 4 541 0 4 4 0 105 0 0
4 10 5 1 100 0.75 4 542 0 8 8 0 105 0 0
4 10 5 1 100 0.75 4 543 0 12 12 0 105 0 0
4 10 5 1 100 0.75 4 544 0 16 16 0 105 0 0
4 10 5 1 100 0.75 4 545 0 20 20 0 105 0 0
4 10 5 1 100 0.75 4 546 0 24 24 0 105 0 0
4 10 5 1 100 0.75 4 547 0 28 27 0 105 0 0
4 10 5 1 100 0.75 4 548 0 32 32 0 105 0 0
4 10 5 1 100 0.75 4 549 1 36 33 0 105 0 0
4 10 5 1 100 0.75 4 550 1 40 37 1 105 0 0
4 10 5 1 100 0.75 4 551 4 44 39 1 105 0 0
4 10 5 1 100 0.75 4 552 5 48 42 4 105 0 0
4 10 5 1 100 0.75 4 553 7 52 45 5 105 0 0
4 10 5 1 100 0.75 4 554 9 56 47 7 105 0 0
4 10 5 1 100 0.75 4 555 11 60 49 9 105 0 0
4 10 5 1 100 0.75 4 556 12 64 51 11 105 0 0
4 10 5 1 100 0.75 4 557 14 68 55 12 105 0 0
4 10 5 1 100 0.75 4 558 14 72 59 14 105 0 2
4 10 5 1 100 0.75 4 559 16 76 63 14 104 0 4
4 10 5 1 100 0.75 4 560 19 80 64 16 104 0 4
4 10 5 1 100 0.75 4 561 20 84 67 19 104 0 4
4 10 5 1 100 0.75 4 562 22 88 73 20 104 0 8
4 10 5 1 100 0.75 4 563 24 92 75 22 104 0 9
4 10 5 1 100 0.75 4 564 28 96 78 24 104 0 9
4 10 5 1 100 0.75 4 565 29 100 81 28 104 0 10
4 10 5 1 100 0.75 4 566 31 104 82 29 104 0 10
4 10 5 1 100 0.75 4 567 34 108 87 31 104 0 11
4 10 5 1 100 0.75 4 568 38 112 89 34 104 0 14
4 10 5 1 100 0.75 4 569 38 116 93 38 104 0 14
4 10 5 1 100 0.75 4 570 39 120 101 38 104 0 16
4 10 5 1 100 0.75 4 571 42 124 100 39 104 0 18
4 10 5 1 100 0.75 4 572 45 128 104 42 104 0 20
4 10 5 1 100 0.75 4 573 49 131 106 44 105 1 19
4 10 5 1 100 0.75 4 574 52 135 109 48 105 1 21
4 10 5 1 100 0.75 4 575 53 137 112 49 106 3 19
4 10 5 1 100 0.75 4 576 56 141 117 50 106 3 20
4 10 5 1 100 0.75 4 577 59 144 116 52 107 4 19
4 10 5 1 100 0.75 4 578 64 147 115 54 108 5 20
4 10 5 1 100 0.75 4 579 65 150 121 58 109 6 22
4 10 5 1 100 0.75 4 580 68 152 123 57 111 8 22
4 10 5 1 100 0.75 4 581 71 156 127 60 111 8 26
4 10 5 1 100 0.75 4 582 75 159 126 62 112 9 27
4 10 5 1 100 0.75 4 583 79 160 126 63 115 12 24
4 10 5 1 100 0.75 4 584 83 164 121 67 115 12 26
4 10 5 1 100 0.75 4 585 87 167 128 70 116 13 31
4 10 5 1 100 0.75 4 586 92 168 125 71 119 16 30
4 10 5 1 100 0.75 4 587 96 171 130 75 120 17 30
4 10 5 1 100 0.75 4 588 99 174 131 78 121 18 30
4 10 5 1 100 0.75 4 589 101 177 137 80 122 19 29
4 10 5 1 100 0.75 4 590 106 180 140 81 123 20 29
4 10 5 1 100 0.75 4 591 113 183 139 85 124 21 30
4 10 5 1 100 0.75 4 592 117 187 146 92 124 21 35
4 10 5 1 100 0.75 4 593 120 190 142 95 125 22 36
4 10 5 1 100 0.75 4 594 123 190 142 94 129 26 36
4 10 5 1 100 0.75 4 595 125 194 147 97 129 26 39
4 10 5 1 100 0.75 4 596 128 194 151 95 133 30 38
4 10 5 1 100 0.75 4 597 134 197 148 97 134 31 38
4 10 5 1 100 0.75 4 598 136 201 154 103 134 31 44
4 10 5 1 100 0.75 4 599 141 205 160 105 134 31 48
4 10 5 1 100 0.75 4 600 144 206 163 107 137 34 46
4 10 5 1 100 0.75 4 601 147 208 166 109 139 36 46
4 10 5 1 100 0.75 4 602 154 212 160 112 139 36 49
4 10 5 1 100 0.75 4 603 156 212 162 115 143 40 45
4 10 5 1 100 0.75 4 604 158 213 161 114 146 43 47
4 10 5 1 100 0.75 4 605 165 215 167 114 148 45 49
4 10 5 1 100 0.75 4 606 169 218 168 120 149 46 51
4 10 5 1 100 0.75 4 607 177 221 165 123 150 47 54
4 10 5 1 100 0.75 4 608 182 224 164 130 151 48 55
4 10 5 1 100 0.75 4 609 185 222 167 129 157 54 51
4 10 5 1 100 0.75 4 610 188 223 163 129 160 57 53
4 10 5 1 100 0.75 4 611 190 224 165 129 163 60 51
4 10 5 1 100 0.75 4 612 195 226 170 130 165 62 53
4 10 5 1 100 0.75 4 613 200 229 169 134 166 63 57
4 10 5 1 100 0.75 4 614 205 228 167 134 170 68 57
4 10 5 1 100 0.75 4 615 210 231 169 138 171 69 59
4 10 5 1 100 0.75 4 616 212 230 167 138 175 74 56
4 10 5 1 100 0.75 4 617 218 231 169 137 177 77 58
4 10 5 1 100 0.75 4 618 221 231 157 139 180 81 55
4 10 5 1 100 0.75 4 619 222 231 164 138 184 85 52
4 10 5 1 100 0.75 4 620 228 234 166 138 185 86 54
4 10 5 1 100 0.75 4 621 231 235 168 142 188 89 54
4 10 5 1 100 0.75 4 622 244 238 163 144 189 90 59
4 10 5 1 100 0.75 4 623 249 239 165 155 192 93 56
4 10 5 1 100 0.75 4 624 254 235 163 152 200 101 50
4 10 5 1 100 0.75 4 625 263 237 160 155 202 103 50
4 10 5 1 100 0.75 4 626 265 238 158 162 205 106 50
4 10 5 1 100 0.75 4 627 269 241 160 166 206 107 53
4 10 5 1 100 0.75 4 628 272 241 156 166 209 111 52
4 10 5 1 100 0.75 4 629 280 243 158 167 211 113 57
4 10 5 1 100 0.75 4 630 281 242 166 170 216 118 61
4 10 5 1 100 0.75 4 631 285 243 168 168 219 121 64
4 10 5 1 100 0.75 4 632 290 241 162 166 225 127 63
4 10 5 1 100 0.75 4 633 300 241 161 167 229 131 64
4 10 5 1 100 0.75 4 634 309 244 163 176 230 132 68
4 10 5 1 100 0.75 4 635 317 246 158 183 232 134 68
4 10 5 1 100 0.75 4 636 321 247 156 188 235 137 67
4 10 5 1 100 0.75 4 637 324 247 153 188 239 141 68
4 10 5 1 100 0.75 4 638 330 249 155 190 241 143 67
4 10 5 1 100 0.75 4 639 334 251 154 195 243 145 69
4 10 5 1 100 0.75 4 640 338 254 159 199 244 146 72
4 10 5 1 100 0.75 4 641 347 253 150 199 249 151 76
4 10 5 1 100 0.75 4 642 347 253 155 204 253 155 78
4 10 5 1 100 0.75 4 643 348 255 159 204 255 157 80
4 10 5 1 100 0.75 4 644 354 255 154 201 259 161 78
4 10 5 1 100 0.75 4 645 358 256 153 204 261 164 78
4 10 5 1 100 0.75 4 646 362 257 161 207 264 167 79
4 10 5 1 100 0.75 4 647 367 256 156 206 269 172 77
4 10 5 1 100 0.75 4 648 368 254 154 206 275 178 76
4 10 5 1 100 0.75 4 649 375 249 152 199 284 187 72
4 10 5 1 100 0.75 4 650 381 245 148 198 292 195 65
4 10 5 1 100 0.75 4 651 384 247 152 202 294 197 66
4 10 5 1 100 0.75 4 652 388 249 140 204 296 199 68
4 10 5 1 100 0.75 4 653 389 250 145 205 299 202 67
4 10 5 1 100 0.75 4 654 395 251 145 204 302 205 67
4 10 5 1 100 0.75 4 655 397 251 146 206 306 209 66
4 10 5 1 100 0.75 4 656 398 248 135 201 313 216 62
4 10 5 1 100 0.75 4 657 404 250 143 202 315 218 69
4 10 5 1 100 0.75 4 658 407 249 138 205 320 223 66
4 10 5 1 100 0.75 4 659 413 246 132 202 327 230 61
4 10 5 1 100 0.75 4 660 414 248 130 208 329 232 62
4 10 5 1 100 0.75 4 661 417 245 133 202 336 239 56
4 10 5 1 100 0.75 4 662 420 247 139 205 336 241 58
4 10 5 1 100 0.75 4 663 424 248 124 207 339 244 58
4 10 5 1 100 0.75 4 664 429 247 123 206 344 249 55
4 10 5 1 100 0.75 4 665 437 248 123 208 347 252 58
4 10 5 1 100 0.75 4 666 441 249 124 213 350 255 62
4 10 5 1 100 0.75 4 667 444 250 126 215 353 258 60
4 10 5 1 100 0.75 4 668 447 250 123 215 357 262 59
4 10 5 1 100 0.75 4 669 449 251 131 216 360 265 61
4 10 5 1 100 0.75 4 670 452 254 133 217 361 266 64
4 10 5 1 100 0.75 4 671 457 253 126 216 366 271 63
4 10 5 1 100 0.75 4 672 461 255 128 219 368 273 67
4 10 5 1 100 0.75 4 673 465 259 133 225 368 273 71
4 10 5 1 100 0.75 4 674 468 257 128 223 374 279 66
4 10 5 1 100 0.75 4 675 471 256 132 223 379 284 65
4 10 5 1 100 0.75 4 676 472 257 126 224 382 287 65
4 10 5 1 100 0.75 4 677 474 257 137 223 385 291 63
4 10 5 1 100 0.75 4 678 477 259 137 225 386 293 65
4 10 5 1 100 0.75 4 679 479 258 132 224 391 298 64
4 10 5 1 100 0.75 4 680 484 259 128 223 394 301 63
4 10 5 1 100 0.75 4 681 487 258 128 223 399 306 62
4 10 5 1 100 0.75 4 682 490 258 119 224 403 310 61
4 10 5 1 100 0.75 4 683 492 260 127 225 405 312 62
4 10 5 1 100 0.75 4 684 493 259 128 224 410 317 60
4 10 5 1 100 0.75 4 685 494 259 124 224 414 321 58
4 10 5 1 100 0.75 4 686 497 259 130 224 418 325 56
4 10 5 1 100 0.75 4 687 500 262 123 229 419 326 56
4 10 5 1 100 0.75 4 688 502 263 119 231 421 329 54
4 10 5 1 100 0.75 4 689 506 257 118 224 431 339 49
4 10 5 1 100 0.75 4 690 509 259 112 226 433 341 50
4 10 5 1 100 0.75 4 690 509 259 259 226 482 341 50
4 10 5 1 100 0.75 4 720 509 259 259 226 107 341 50
4 10 5 1 100 0.75 5 721 0 4 4 0 107 0 0
4 10 5 1 100 0.75 5 722 0 8 8 0 107 0 0
4 10 5 1 100 0.75 5 723 0 12 12 0 107 0 0
4 10 5 1 100 0.75 5 724 0 16 16 0 107 0 0
4 10 5 1 100 0.75 5 725 0 20 20 0 107 0 0
4 10 5 1 100 0.75 5 726 0 24 24 0 107 0 0
4 10 5 1 100 0.75 5 727 0 28 27 0 107 0 0
4 10 5 1 100 0.75 5 728 0 32 32 0 107 0 0
4 10 5 1 100 0.75 5 729 1 36 35 0 107 0 0
4 10 5 1 100 0.75 5 730 2 40 38 1 107 0 0
4 10 5 1 100 0.75 5 731 4 44 38 2 107 0 0
4 10 5 1 100 0.75 5 732 4 48 43 4 107 0 0
4 10 5 1 100 0.75 5 733 5 52 45 4 107 0 0
4 10 5 1 100 0.75 5 734 5 56 51 5 107 0 0
4 10 5 1 100 0.75 5 735 7 60 49 5 107 0 0
4 10 5 1 100 0.75 5 736 8 64 57 7 107 0 0
4 10 5 1 100 0.75 5 737 10 68 57 8 107 0 1
4 10 5 1 100 0.75 5 738 13 72 60 10 107 0 2
4 10 5 1 100 0.75 5 739 17 76 61 13 107 0 3
4 10 5 1 100 0.75 5 740 20 80 61 17 107 0 3
4 10 5 1 100 0.75 5 741 23 84 63 20 107 0 4
4 10 5 1 100 0.75 5 742 23 88 66 23 107 0 4
4 10 5 1 100 0.75 5 743 26 92 72 23 107 0 5
4 10 5 1 100 0.75 5 744 29 96 72 26 107 0 7
4 10 5 1 100 0.75 5 745 29 100 80 29 107 0 9
4 10 5 1 100 0.75 5 746 31 104 81 29 107 0 9
4 10 5 1 100 0.75 5 747 34 108 89 31 107 0 16
4 10 5 1 100 0.75 5 748 37 112 89 34 107 0 16
4 10 5 1 100 0.75 5 749 38 116 96 37 107 0 17
4 10 5 1 100 0.75 5 750 40 120 91 38 107 0 18
4 10 5 1 100 0.75 5 751 41 124 105 40 107 0 21
4 10 5 1 100 0.75 5 752 41 128 108 41 107 0 22
4 10 5 1 100 0.75 5 753 44 132 109 41 107 0 22
4 10 5 1 100 0.75 5 754 45 136 115 44 107 0 24
4 10 5 1 100 0.75 5 755 48 139 116 44 108 1 27
4 10 5 1 100 0.75 5 756 53 141 116 45 110 3 28
4 10 5 1 100 0.75 5 757 56 144 121 49 111 4 28
4 10 5 1 100 0.75 5 758 57 148 127 52 111 4 29
4 10 5 1 100 0.75 5 759 57 151 128 52 112 5 28
4 10 5 1 100 0.75 5 760 58 153 129 50 114 7 28
4 10 5 1 100 0.75 5 761 61 156 136 50 115 8 27
4 10 5 1 100 0.75 5 762 64 156 133 49 119 12 25
4 10 5 1 100 0.75 5 763 66 159 136 51 120 13 28
4 10 5 1 100 0.75 5 764 69 162 139 52 121 14 31
4 10 5 1 100 0.75 5 765 71 165 142 54 122 15 30
4 10 5 1 100 0.75 5 766 75 166 137 53 125 18 27
4 10 5 1 100 0.75 5 767 76 169 142 56 126 19 26
4 10 5 1 100 0.75 5 768 77 172 145 56 127 20 29
4 10 5 1 100 0.75 5 769 84 175 144 56 128 21 30
4 10 5 1 100 0.75 5 770 87 175 142 59 132 25 27
4 10 5 1 100 0.75 5 771 89 179 144 62 132 25 30
4 10 5 1 100 0.75 5 772 95 180 143 61 135 28 28
4 10 5 1 100 0.75 5 773 102 184 143 67 135 28 29
4 10 5 1 100 0.75 5 774 106 187 145 73 136 29 30
4 10 5 1 100 0.75 5 775 109 190 147 76 137 30 30
4 10 5 1 100 0.75 5 776 113 192 153 77 139 32 34
4 10 5 1 100 0.75 5 777 116 195 153 80 140 33 38
4 10 5 1 100 0.75 5 778 121 198 153 82 140 34 39
4 10 5 1 100 0.75 5 779 123 201 158 86 141 35 41
4 10 5 1 100 0.75 5 780 127 203 161 87 143 37 44
4 10 5 1 100 0.75 5 781 133 205 166 89 145 39 49
4 10 5 1 100 0.75 5 782 137 204 157 90 149 44 46
4 10 5 1 100 0.75 5 783 140 206 161 92 151 46 46
4 10 5 1 100 0.75 5 784 145 208 160 93 153 48 48
4 10 5 1 100 0.75 5 785 148 210 163 97 155 50 48
4 10 5 1 100 0.75 5 786 152 212 160 98 157 52 49
4 10 5 1 100 0.75 5 787 158 215 165 101 158 53 51
4 10 5 1 100 0.75 5 788 165 218 162 106 159 54 52
4 10 5 1 100 0.75 5 789 169 222 165 113 159 54 58
4 10 5 1 100 0.75 5 790 173 224 174 115 161 56 59
4 10 5 1 100 0.75 5 791 175 227 164 118 162 57 61
4 10 5 1 100 0.75 5 792 180 230 178 119 163 58 64
4 10 5 1 100 0.75 5 793 186 230 175 120 167 62 63
4 10 5 1 100 0.75 5 794 195 231 171 123 170 65 65
4 10 5 1 100 0.75 5 795 199 229 169 126 176 71 62
4 10 5 1 100 0.75 5 796 206 227 161 124 182 77 59
4 10 5 1 100 0.75 5 797 211 228 160 129 185 80 59
4 10 5 1 100 0.75 5 798 215 227 155 130 190 85 56
4 10 5 1 100 0.75 5 799 221 228 154 132 193 88 55
4 10 5 1 100 0.75 5 800 226 230 156 136 195 90 56
4 10 5 1 100 0.75 5 801 235 228 149 135 201 96 57
4 10 5 1 100 0.75 5 802 242 230 153 142 202 98 59
4 10 5 1 100 0.75 5 803 248 233 150 148 203 99 64
4 10 5 1 100 0.75 5 804 253 231 145 149 209 105 61
4 10 5 1 100 0.75 5 805 256 233 152 152 211 107 64
4 10 5 1 100 0.75 5 806 259 234 159 152 214 110 64
4 10 5 1 100 0.75 5 807 267 233 156 150 219 115 66
4 10 5 1 100 0.75 5 808 273 234 158 156 222 118 70
4 10 5 1 100 0.75 5 809 280 234 153 159 226 122 74
4 10 5 1 100 0.75 5 810 282 234 154 164 230 126 74
4 10 5 1 100 0.75 5 811 288 234 148 162 234 130 75
4 10 5 1 100 0.75 5 812 294 233 157 163 239 135 74
4 10 5 1 100 0.75 5 813 299 235 146 167 241 137 74
4 10 5 1 100 0.75 5 814 303 237 156 170 243 139 78
4 10 5 1 100 0.75 5 815 309 239 159 172 245 141 83
4 10 5 1 100 0.75 5 816 312 241 164 177 247 143 84
4 10 5 1 100 0.75 5 817 320 240 153 175 252 148 85
4 10 5 1 100 0.75 5 818 324 241 153 180 254 151 86
4 10 5 1 100 0.75 5 819 328 243 149 182 256 153 84
4 10 5 1 100 0.75 5 820 334 243 153 183 260 157 83
4 10 5 1 100 0.75 5 821 334 243 158 186 264 161 84
4 10 5 1 100 0.75 5 822 340 242 165 181 269 166 82
4 10 5 1 100 0.75 5 823 344 237 142 180 278 175 79
4 10 5 1 100 0.75 5 824 351 235 140 179 284 181 74
4 10 5 1 100 0.75 5 825 353 233 137 181 290 187 74
4 10 5 1 100 0.75 5 826 357 232 144 178 295 192 72
4 10 5 1 100 0.75 5 827 358 230 138 177 301 198 71
4 10 5 1 100 0.75 5 828 361 230 141 176 305 202 71
4 10 5 1 100 0.75 5 829 366 227 140 172 312 209 68
4 10 5 1 100 0.75 5 830 370 227 141 174 316 213 69
4 10 5 1 100 0.75 5 831 374 227 140 174 320 217 67
4 10 5 1 100 0.75 5 832 380 228 140 176 322 220 68
4 10 5 1 100 0.75 5 833 384 229 140 179 325 223 67
4 10 5 1 100 0.75 5 834 387 228 134 180 329 228 65
4 10 5 1 100 0.75 5 835 391 228 135 179 333 232 63
4 10 5 1 100 0.75 5 836 396 226 128 178 339 238 61
4 10 5 1 100 0.75 5 837 399 226 128 180 343 242 61
4 10 5 1 100 0.75 5 838 405 228 121 182 345 244 61
4 10 5 1 100 0.75 5 839 411 229 120 186 348 247 64
4 10 5 1 100 0.75 5 840 413 233 134 192 348 247 72
4 10 5 1 100 0.75 5 841 415 232 122 189 353 252 69
4 10 5 1 100 0.75 5 842 421 231 122 187 357 257 68
4 10 5 1 100 0.75 5 843 424 230 129 190 360 262 68
4 10 5 1 100 0.75 5 844 427 231 134 190 363 265 67
4 10 5 1 100 0.75 5 845 429 229 125 187 369 271 65
4 10 5 1 100 0.75 5 846 432 226 133 184 375 278 62
4 10 5 1 100 0.75 5 847 434 226 114 184 379 282 60
4 10 5 1 100 0.75 5 848 437 228 121 187 381 284 59
4 10 5 1 100 0.75 5 849 439 229 120 191 384 287 60
4 10 5 1 100 0.75 5 850 439 231 128 191 385 289 61
4 10 5 1 100 0.75 5 851 442 233 123 193 387 291 61
4 10 5 1 100 0.75 5 852 445 232 121 192 392 296 59
4 10 5 1 100 0.75 5 853 448 234 122 195 394 298 60
4 10 5 1 100 0.75 5 854 452 234 121 196 398 302 59
4 10 5 1 100 0.75 5 855 454 232 130 194 403 308 59
4 10 5 1 100 0.75 5 856 459 231 123 193 406 313 55
4 10 5 1 100 0.75 5 857 463 232 117 196 409 316 53
4 10 5 1 100 0.75 5 858 466 233 123 198 411 319 55
4 10 5 1 100 0.75 5 859 469 234 119 199 414 322 53
4 10 5 1 100 0.75 5 860 471 230 123 197 422 330 47
4 10 5 1 100 0.75 5 861 473 231 112 198 425 333 46
4 10 5 1 100 0.75 5 862 476 233 114 200 427 335 49
4 10 5 1 100 0.75 5 863 478 234 115 203 430 338 48
4 10 5 1 100 0.75 5 864 481 235 109 202 433 341 51
4 10 5 1 100 0.75 5 865 484 238 118 205 434 342 53
4 10 5 1 100 0.75 5 866 486 241 107 209 435 343 53
4 10 5 1 100 0.75 5 867 490 241 106 208 438 347 53
4 10 5 1 100 0.75 5 868 492 243 116 211 439 349 53
4 10 5 1 100 0.75 5 869 495 246 120 214 440 350 60
4 10 5 1 100 0.75 5 870 500 244 120 212 445 356 56
4 10 5 1 100 0.75 5 870 500 244 244 212 500 356 56
4 10 5 1 100 0.75 5 900 500 244 244 212 108 356 56
4 10 5 1 100 0.75 6 901 0 4 4 0 108 0 0
4 10 5 1 100 0.75 6 902 0 8 8 0 108 0 0
4 10 5 1 100 0.75 6 903 0 12 12 0 108 0 0
4 10 5 1 100 0.75 6 904 0 16 16 0 108 0 0
4 10 5 1 100 0.75 6 905 0 20 20 0 108 0 0
4 10 5 1 100 0.75 6 906 0 24 24 0 108 0 0
4 10 5 1 100 0.75 6 907 0 28 27 0 108 0 0
4 10 5 1 100 0.75 6 908 0 32 32 0 108 0 0
4 10 5 1 100 0.75 6 909 1 36 35 0 108 0 0
4 10 5 1 100 0.75 6 910 1 40 39 1 108 0 0
4 10 5 1 100 0.75 6 911 2 44 41 1 108 0 0
4 10 5 1 100 0.75 6 912 2 48 45 2 108 0 0
4 10 5 1 100 0.75 6 913 4 52 47 2 108 0 0
4 10 5 1 100 0.75 6 914 6 56 49 4 108 0 0
4 10 5 1 100 0.75 6 915 7 60 52 6 108 0 0
4 10 5 1 100 0.75 6 916 7 64 56 7 108 0 0
4 10 5 1 100 0.75 6 917 8 68 60 7 108 0 1
4 10 5 1 100 0.75 6 918 10 72 63 8 108 0 1
4 10 5 1 100 0.75 6 919 13 76 63 10 108 0 1
4 10 5 1 100 0.75 6 920 14 80 67 13 108 0 1
4 10 5 1 100 0.75 6 921 18 84 68 14 108 0 4
4 10 5 1 100 0.75 6 922 19 88 74 18 108 0 6
4 10 5 1 100 0.75 6 923 21 92 76 19 108 0 6
4 10 5 1 100 0.75 6 924 23 96 80 21 108 0 7
4 10 5 1 100 0.75 6 925 27 100 81 23 107 0 8
4 10 5 1 100 0.75 6 926 29 104 84 27 107 0 8
4 10 5 1 100 0.75 6 927 29 108 88 29 107 0 9
4 10 5 1 100 0.75 6 928 32 112 92 29 107 0 12
4 10 5 1 100 0.75 6 929 35 116 93 32 107 0 13
4 10 5 1 100 0.75 6 930 40 120 97 35 107 0 15
4 10 5 1 100 0.75 6 931 40 124 101 40 107 0 16
4 10 5 1 100 0.75 6 932 40 128 111 40 106 0 19
4 10 5 1 100 0.75 6 933 43 132 111 40 106 0 20
4 10 5 1 100 0.75 6 934 43 136 118 43 106 0 21
4 10 5 1 100 0.75 6 935 44 139 121 42 107 1 22
4 10 5 1 100 0.75 6 936 45 143 125 43 107 1 23
4 10 5 1 100 0.75 6 937 50 145 127 42 109 3 25
4 10 5 1 100 0.75 6 938 53 148 126 46 110 4 25
4 10 5 1 100 0.75 6 939 58 151 123 48 111 5 24
4 10 5 1 100 0.75 6 940 61 155 129 53 111 5 25
4 10 5 1 100 0.75 6 941 64 157 132 54 113 7 25
4 10 5 1 100 0.75 6 942 67 161 131 57 113 7 26
4 10 5 1 100 0.75 6 943 67 164 134 59 114 8 25
4 10 5 1 100 0.75 6 944 69 165 132 57 117 11 24
4 10 5 1 100 0.75 6 945 73 168 139 58 118 12 29
4 10 5 1 100 0.75 6 946 76 169 141 59 121 15 30
4 10 5 1 100 0.75 6 947 80 172 141 61 122 16 31
4 10 5 1 100 0.75 6 948 83 175 143 64 123 17 35
4 10 5 1 100 0.75 6 949 91 178 144 66 124 18 35
4 10 5 1 100 0.75 6 950 94 179 142 71 127 21 34
4 10 5 1 100 0.75 6 951 100 181 139 72 129 23 32
4 10 5 1 100 0.75 6 952 104 184 140 77 130 24 35
4 10 5 1 100 0.75 6 953 106 187 146 80 131 25 37
4 10 5 1 100 0.75 6 954 112 189 146 80 133 27 39
4 10 5 1 100 0.75 6 955 115 193 147 86 133 27 39
4 10 5 1 100 0.75 6 956 117 196 153 88 134 28 42
4 10 5 1 100 0.75 6 957 120 199 161 89 135 29 46
4 10 5 1 100 0.75 6 958 125 202 157 91 136 30 50
4 10 5 1 100 0.75 6 959 132 205 163 95 137 31 50
4 10 5 1 100 0.75 6 960 135 204 161 98 141 36 47
4 10 5 1 100 0.75 6 961 137 206 159 99 143 38 49
4 10 5 1 100 0.75 6 962 139 207 164 98 146 41 48
4 10 5 1 100 0.75 6 963 145 207 160 96 150 45 47
4 10 5 1 100 0.75 6 964 147 210 164 101 151 46 47
4 10 5 1 100 0.75 6 965 153 209 162 98 156 51 44
4 10 5 1 100 0.75 6 966 160 210 156 102 159 54 50
4 10 5 1 100 0.75 6 967 166 213 158 108 160 55 51
4 10 5 1 100 0.75 6 968 172 216 158 113 161 56 51
4 10 5 1 100 0.75 6 969 176 219 159 118 162 57 52
4 10 5 1 100 0.75 6 970 181 222 164 121 163 58 57
4 10 5 1 100 0.75 6 971 184 221 159 121 168 63 54
4 10 5 1 100 0.75 6 972 189 222 159 121 171 66 57
4 10 5 1 100 0.75 6 973 193 222 158 122 175 70 57
4 10 5 1 100 0.75 6 974 198 223 162 123 178 73 58
4 10 5 1 100 0.75 6 975 203 223 156 124 182 77 60
4 10 5 1 100 0.75 6 976 207 225 164 128 184 79 61
4 10 5 1 100 0.75 6 977 216 225 148 128 188 83 60
4 10 5 1 100 0.75 6 978 219 227 163 135 190 85 61
4 10 5 1 100 0.75 6 979 224 230 163 137 190 86 62
4 10 5 1 100 0.75 6 980 228 232 164 140 192 88 62
4 10 5 1 100 0.75 6 981 233 231 159 139 195 93 61
4 10 5 1 100 0.75 6 982 239 230 158 141 200 98 60
4 10 5 1 100 0.75 6 983 243 233 165 146 201 99 63
4 10 5 1 100 0.75 6 984 249 233 166 146 205 103 67
4 10 5 1 100 0.75 6 985 254 232 157 147 210 108 65
4 10 5 1 100 0.75 6 986 259 235 162 152 211 109 66
4 10 5 1 100 0.75 6 987 264 237 155 156 213 111 67
4 10 5 1 100 0.75 6 988 268 239 167 160 215 113 72
4 10 5 1 100 0.75 6 989 270 238 160 159 220 118 71
4 10 5 1 100 0.75 6 990 274 238 171 157 224 122 71
4 10 5 1 100 0.75 6 991 279 237 159 156 229 127 69
4 10 5 1 100 0.75 6 992 283 236 165 157 234 132 67
4 10 5 1 100 0.75 6 993 292 231 156 152 243 141 62
4 10 5 1 100 0.75 6 994 297 233 161 159 245 143 68
4 10 5 1 100 0.75 6 995 301 234 150 164 248 146 69
4 10 5 1 100 0.75 6 996 308 235 156 165 250 149 66
4 10 5 1 100 0.75 6 997 315 238 146 172 251 150 69
4 10 5 1 100 0.75 6 998 318 239 148 176 254 153 70
4 10 5 1 100 0.75 6 999 323 239 151 175 258 157 73
4 10 5 1 100 0.75 6 1000 328 239 143 177 262 161 75
4 10 5 1 100 0.75 6 1001 333 236 138 175 269 168 74
4 10 5 1 100 0.75 6 1002 337 239 151 180 270 169 77
4 10 5 1 100 0.75 6 1003 344 241 158 182 272 171 80
4 10 5 1 100 0.75 6 1004 347 239 142 183 278 177 78
4 10 5 1 100 0.75 6 1005 348 240 152 183 281 180 79
4 10 5 1 100 0.75 6 1006 352 238 147 181 287 186 75
4 10 5 1 100 0.75 6 1007 360 235 139 178 294 193 73
4 10 5 1 100 0.75 6 1008 362 234 139 181 298 198 73
4 10 5 1 100 0.75 6 1009 365 235 142 183 301 201 74
4 10 5 1 100 0.75 6 1010 371 235 138 183 305 205 75
4 10 5 1 100 0.75 6 1011 376 238 142 188 306 206 77
4 10 5 1 100 0.75 6 1012 379 239 143 190 308 209 77
4 10 5 1 100 0.75 6 1013 386 236 138 188 315 216 70
4 10 5 1 100 0.75 6 1014 393 237 128 193 317 219 75
4 10 5 1 100 0.75 6 1015 395 239 127 200 318 221 79
4 10 5 1 100 0.75 6 1016 399 241 126 200 320 223 80
4 10 5 1 100 0.75 6 1017 404 239 132 201 326 229 77
4 10 5 1 100 0.75 6 1018 406 236 122 200 333 236 74
4 10 5 1 100 0.75 6 1019 409 232 129 194 341 244 71
4 10 5 1 100 0.75 6 1020 414 229 127 190 348 251 70
4 10 5 1 100 0.75 6 1021 419 228 123 190 353 256 69
4 10 5 1 100 0.75 6 1022 424 230 127 194 355 258 70
4 10 5 1 100 0.75 6 1023 427 229 123 195 360 263 70
4 10 5 1 100 0.75 6 1024 430 229 115 194 364 267 70
4 10 5 1 100 0.75 6 1025 435 230 124 194 366 270 73
4 10 5 1 100 0.75 6 1026 438 231 121 198 368 273 71
4 10 5 1 100 0.75 6 1027 442 231 129 197 372 277 71
4 10 5 1 100 0.75 6 1028 445 232 118 198 375 280 68
4 10 5 1 100 0.75 6 1029 448 232 115 199 378 284 70
4 10 5 1 100 0.75 6 1030 452 232 125 198 382 288 72
4 10 5 1 100 0.75 6 1031 455 234 118 200 384 290 71
4 10 5 1 100 0.75 6 1032 459 235 123 201 387 293 73
4 10 5 1 100 0.75 6 1033 464 234 111 201 392 298 72
4 10 5 1 100 0.75 6 1034 466 229 118 199 401 307 64
4 10 5 1 100 0.75 6 1035 467 230 113 200 404 310 64
4 10 5 1 100 0.75 6 1036 469 229 124 196 409 315 61
4 10 5 1 100 0.75 6 1037 471 231 117 199 411 317 59
4 10 5 1 100 0.75 6 1038 472 227 110 196 418 325 56
4 10 5 1 100 0.75 6 1039 475 227 111 195 422 329 55
4 10 5 1 100 0.75 6 1040 479 228 117 195 424 332 56
4 10 5 1 100 0.75 6 1041 481 229 116 196 427 335 56
4 10 5 1 100 0.75 6 1042 484 230 111 197 430 338 58
4 10 5 1 100 0.75 6 1043 487 230 111 197 434 342 56
4 10 5 1 100 0.75 6 1044 489 229 108 196 439 347 54
4 10 5 1 100 0.75 6 1045 493 229 110 196 442 351 53
4 10 5 1 100 0.75 6 1046 496 228 113 196 447 356 49
4 10 5 1 100 0.75 6 1047 500 230 113 198 449 358 51
4 10 5 1 100 0.75 6 1048 505 233 113 201 450 359 53
4 10 5 1 100 0.75 6 1049 508 235 125 204 451 361 54
4 10 5 1 100 0.75 6 1050 508 235 114 203 455 365 54
4 10 5 1 100 0.75 6 1050 508 235 235 203 509 365 54
4 10 5 1 100 0.75 6 1080 508 235 235 203 106 365 54
4 10 5 1 100 0.75 7 1081 0 4 4 0 106 0 0
4 10 5 1 100 0.75 7 1082 0 8 8 0 106 0 0
4 10 5 1 100 0.75 7 1083 0 12 12 0 106 0 0
4 10 5 1 100 0.75 7 1084 0 16 16 0 106 0 0
4 10 5 1 100 0.75 7 1085 0 20 20 0 106 0 0
4 10 5 1 100 0.75 7 1086 0 24 23 0 106 0 0
4 10 5 1 100 0.75 7 1087 0 28 27 0 106 0 0
4 10 5 1 100 0.75 7 1088 0 32 32 0 106 0 0
4 10 5 1 100 0.75 7 1089 1 36 34 0 106 0 0
4 10 5 1 100 0.75 7 1090 2 40 38 1 106 0 0
4 10 5 1 100 0.75 7 1091 4 44 38 2 106 0 0
4 10 5 1 100 0.75 7 1092 4 48 44 4 106 0 0
4 10 5 1 100 0.75 7 1093 8 52 43 4 106 0 0
4 10 5 1 100 0.75 7 1094 8 56 46 8 106 0 0
4 10 5 1 100 0.75 7 1095 9 60 50 8 106 0 0
4 10 5 1 100 0.75 7 1096 10 64 55 9 106 0 1
4 10 5 1 100 0.75 7 1097 10 68 59 10 106 0 1
4 10 5 1 100 0.75 7 1098 12 72 63 10 106 0 2
4 10 5 1 100 0.75 7 1099 14 76 65 12 106 0 2
4 10 5 1 100 0.75 7 1100 14 80 71 14 106 0 3
4 10 5 1 100 0.75 7 1101 16 84 76 14 106 0 5
4 10 5 1 100 0.75 7 1102 18 88 78 16 106 0 6
4 10 5 1 100 0.75 7 1103 21 92 79 18 106 0 6
4 10 5 1 100 0.75 7 1104 25 96 80 21 106 0 7
4 10 5 1 100 0.75 7 1105 25 100 87 25 106 0 7
4 10 5 1 100 0.75 7 1106 28 104 86 25 106 0 8
4 10 5 1 100 0.75 7 1107 29 108 90 28 106 0 9
4 10 5 1 100 0.75 7 1108 32 112 90 29 106 0 9
4 10 5 1 100 0.75 7 1109 32 116 99 32 106 0 11
4 10 5 1 100 0.75 7 1110 34 120 101 32 106 0 12
4 10 5 1 100 0.75 7 1111 38 123 103 33 107 1 14
4 10 5 1 100 0.75 7 1112 41 127 103 37 107 1 15
4 10 5 1 100 0.75 7 1113 45 131 104 40 107 1 17
4 10 5 1 100 0.75 7 1114 47 135 107 44 107 1 18
4 10 5 1 100 0.75 7 1115 48 138 114 45 108 2 20
4 10 5 1 100 0.75 7 1116 50 142 115 46 108 2 21
4 10 5 1 100 0.75 7 1117 52 144 118 46 110 4 19
4 10 5 1 100 0.75 7 1118 54 148 120 48 110 4 20
4 10 5 1 100 0.75 7 1119 59 152 125 50 110 4 26
4 10 5 1 100 0.75 7 1120 64 153 122 52 113 7 26
4 10 5 1 100 0.75 7 1121 67 156 121 56 114 8 27
4 10 5 1 100 0.75 7 1122 71 160 127 59 114 8 27
4 10 5 1 100 0.75 7 1123 74 164 129 63 114 8 28
4 10 5 1 100 0.75 7 1124 76 167 132 65 115 9 28
4 10 5 1 100 0.75 7 1125 82 171 131 67 115 9 30
4 10 5 1 100 0.75 7 1126 84 174 143 72 116 10 31
4 10 5 1 100 0.75 7 1127 86 176 140 72 118 12 31
4 10 5 1 100 0.75 7 1128 87 179 145 73 119 13 33
4 10 5 1 100 0.75 7 1129 89 179 145 70 123 17 29
4 10 5 1 100 0.75 7 1130 93 183 150 72 123 17 32
4 10 5 1 100 0.75 7 1131 98 186 153 75 124 18 33
4 10 5 1 100 0.75 7 1132 104 188 148 78 126 20 33
4 10 5 1 100 0.75 7 1133 108 191 151 83 127 21 34
4 10 5 1 100 0.75 7 1134 111 192 149 84 130 24 32
4 10 5 1 100 0.75 7 1135 112 190 148 81 136 30 26
4 10 5 1 100 0.75 7 1136 113 194 150 82 136 30 27
4 10 5 1 100 0.75 7 1137 116 195 153 80 139 33 27
4 10 5 1 100 0.75 7 1138 119 199 157 83 139 33 29
4 10 5 1 100 0.75 7 1139 123 202 163 87 140 34 33
4 10 5 1 100 0.75 7 1140 126 205 166 90 141 35 33
4 10 5 1 100 0.75 7 1141 131 206 164 90 144 38 34
4 10 5 1 100 0.75 7 1142 136 208 165 93 145 40 33
4 10 5 1 100 0.75 7 1143 139 210 163 96 147 42 32
4 10 5 1 100 0.75 7 1144 141 213 167 98 148 43 32
4 10 5 1 100 0.75 7 1145 146 216 163 99 149 44 34
4 10 5 1 100 0.75 7 1146 150 217 168 101 152 47 33
4 10 5 1 100 0.75 7 1147 154 221 166 105 152 47 38
4 10 5 1 100 0.75 7 1148 158 221 164 105 156 51 36
4 10 5 1 100 0.75 7 1149 164 225 169 110 156 51 38
4 10 5 1 100 0.75 7 1150 166 228 175 115 157 52 39
4 10 5 1 100 0.75 7 1151 169 229 175 114 160 55 37
4 10 5 1 100 0.75 7 1152 173 233 174 117 160 55 38
4 10 5 1 100 0.75 7 1153 182 235 177 119 162 57 41
4 10 5 1 100 0.75 7 1154 186 237 178 126 164 59 42
4 10 5 1 100 0.75 7 1155 192 239 177 128 166 61 42
4 10 5 1 100 0.75 7 1156 198 240 179 131 169 64 45
4 10 5 1 100 0.75 7 1157 202 241 175 134 172 67 45
4 10 5 1 100 0.75 7 1158 206 244 175 139 173 68 45
4 10 5 1 100 0.75 7 1159 210 244 177 139 177 72 43
4 10 5 1 100 0.75 7 1160 218 245 175 140 180 75 43
4 10 5 1 100 0.75 7 1161 224 247 178 147 182 77 49
4 10 5 1 100 0.75 7 1162 231 250 177 152 183 78 50
4 10 5 1 100 0.75 7 1163 235 251 182 156 186 81 52
4 10 5 1 100 0.75 7 1164 239 254 181 159 187 82 57
4 10 5 1 100 0.75 7 1165 242 253 179 159 192 87 54
4 10 5 1 100 0.75 7 1166 246 255 178 160 194 89 55
4 10 5 1 100 0.75 7 1167 249 256 183 161 197 92 56
4 10 5 1 100 0.75 7 1168 255 259 187 163 198 93 60
4 10 5 1 100 0.75 7 1169 259 261 190 167 200 95 64
4 10 5 1 100 0.75 7 1170 262 264 192 171 201 96 67
4 10 5 1 100 0.75 7 1171 268 267 196 174 202 97 67
4 10 5 1 100 0.75 7 1172 272 265 184 174 208 103 65
4 10 5 1 100 0.75 7 1173 277 265 185 175 212 107 64
4 10 5 1 100 0.75 7 1174 284 265 185 176 216 111 64
4 10 5 1 100 0.75 7 1175 288 267 182 182 218 113 65
4 10 5 1 100 0.75 7 1176 294 266 181 181 223 118 62
4 10 5 1 100 0.75 7 1177 300 268 179 185 225 120 66
4 10 5 1 100 0.75 7 1178 300 269 181 189 228 123 65
4 10 5 1 100 0.75 7 1179 304 269 184 185 232 127 66
4 10 5 1 100 0.75 7 1180 314 271 177 189 234 129 70
4 10 5 1 100 0.75 7 1181 317 271 179 195 238 133 70
4 10 5 1 100 0.75 7 1182 322 268 176 191 245 140 66
4 10 5 1 100 0.75 7 1183 324 268 172 192 248 144 63
4 10 5 1 100 0.75 7 1184 327 269 183 191 251 147 66
4 10 5 1 100 0.75 7 1185 333 271 174 194 253 149 66
4 10 5 1 100 0.75 7 1186 339 272 168 199 256 152 66
4 10 5 1 100 0.75 7 1187 343 270 165 200 261 158 65
4 10 5 1 100 0.75 7 1188 349 270 166 203 265 162 64
4 10 5 1 100 0.75 7 1189 354 273 174 208 266 163 65
4 10 5 1 100 0.75 7 1190 358 276 167 213 267 164 68
4 10 5 1 100 0.75 7 1191 362 277 179 215 270 167 67
4 10 5 1 100 0.75 7 1192 370 274 168 212 276 174 66
4 10 5 1 100 0.75 7 1193 375 273 160 215 280 179 66
4 10 5 1 100 0.75 7 1194 380 271 159 215 286 185 67
4 10 5 1 100 0.75 7 1195 384 269 164 214 292 191 66
4 10 5 1 100 0.75 7 1196 388 269 164 215 296 195 69
4 10 5 1 100 0.75 7 1197 392 271 155 217 298 197 70
4 10 5 1 100 0.75 7 1198 397 274 162 220 299 198 70
4 10 5 1 100 0.75 7 1199 400 274 160 223 303 202 72
4 10 5 1 100 0.75 7 1200 406 277 160 226 304 203 76
4 10 5 1 100 0.75 7 1201 410 275 160 227 310 209 76
4 10 5 1 100 0.75 7 1202 414 272 144 226 317 216 71
4 10 5 1 100 0.75 7 1203 422 274 146 228 319 218 74
4 10 5 1 100 0.75 7 1204 427 275 149 233 322 221 74
4 10 5 1 100 0.75 7 1205 430 276 161 235 325 224 75
4 10 5 1 100 0.75 7 1206 433 278 153 236 327 226 77
4 10 5 1 100 0.75 7 1207 437 280 162 240 329 228 78
4 10 5 1 100 0.75 7 1208 440 279 153 239 334 233 78
4 10 5 1 100 0.75 7 1209 445 279 146 238 338 237 76
4 10 5 1 100 0.75 7 1210 450 277 163 237 344 243 74
4 10 5 1 100 0.75 7 1211 451 276 152 238 349 248 71
4 10 5 1 100 0.75 7 1212 454 273 149 233 356 255 69
4 10 5 1 100 0.75 7 1213 459 274 154 235 359 258 71
4 10 5 1 100 0.75 7 1214 463 274 149 238 363 262 73
4 10 5 1 100 0.75 7 1215 466 274 154 239 367 266 71
4 10 5 1 100 0.75 7 1216 468 274 151 240 371 270 71
4 10 5 1 100 0.75 7 1217 470 275 147 241 374 273 71
4 10 5 1 100 0.75 7 1218 473 274 143 239 378 278 69
4 10 5 1 100 0.75 7 1219 476 272 143 237 384 284 67
4 10 5 1 100 0.75 7 1220 479 269 136 235 391 291 64
4 10 5 1 100 0.75 7 1221 482 270 125 237 394 294 64
4 10 5 1 100 0.75 7 1222 486 271 140 238 397 297 64
4 10 5 1 100 0.75 7 1223 488 271 132 238 401 301 64
4 10 5 1 100 0.75 7 1224 491 272 127 239 403 304 62
4 10 5 1 100 0.75 7 1225 495 271 136 239 407 309 60
4 10 5 1 100 0.75 7 1226 496 273 130 241 409 311 62
4 10 5 1 100 0.75 7 1227 499 274 122 240 412 314 61
4 10 5 1 100 0.75 7 1228 502 277 136 243 413 315 64
4 10 5 1 100 0.75 7 1229 505 274 133 241 419 322 62
4 10 5 1 100 0.75 7 1230 507 275 137 243 422 325 62
4 10 5 1 100 0.75 7 1230 507 275 275 243 483 325 62
4 10 5 1 100 0.75 7 1260 507 275 275 243 106 325 62
4 10 5 1 100 0.75 8 1261 0 4 4 0 106 0 0
4 10 5 1 100 0.75 8 1262 0 8 8 0 106 0 0
4 10 5 1 100 0.75 8 1263 0 12 12 0 106 0 0
4 10 5 1 100 0.75 8 1264 0 16 16 0 106 0 0
4 10 5 1 100 0.75 8 1265 0 20 20 0 106 0 0
4 10 5 1 100 0.75 8 1266 0 24 24 0 106 0 0
4 10 5 1 100 0.75 8 1267 0 28 28 0 106 0 0
4 10 5 1 100 0.75 8 1268 0 32 32 0 106 0 0
4 10 5 1 100 0.75 8 1269 1 36 35 0 106 0 0
4 10 5 1 100 0.75 8 1270 2 40 38 1 106 0 0
4 10 5 1 100 0.75 8 1271 3 44 41 2 106 0 0
4 10 5 1 100 0.75 8 1272 3 48 45 3 106 0 0
4 10 5 1 100 0.75 8 1273 3 52 49 3 106 0 0
4 10 5 1 100 0.75 8 1274 5 56 51 3 106 0 0
4 10 5 1 100 0.75 8 1275 6 60 54 5 106 0 0
4 10 5 1 100 0.75 8 1276 8 64 55 6 106 0 0
4 10 5 1 100 0.75 8 1277 9 68 58 8 106 0 1
4 10 5 1 100 0.75 8 1278 10 72 62 9 106 0 2
4 10 5 1 100 0.75 8 1279 12 76 66 10 106 0 2
4 10 5 1 100 0.75 8 1280 13 80 68 12 106 0 2
4 10 5 1 100 0.75 8 1281 15 84 71 13 105 0 2
4 10 5 1 100 0.75 8 1282 16 88 76 15 105 0 4
4 10 5 1 100 0.75 8 1283 18 92 79 16 105 0 5
4 10 5 1 100 0.75 8 1284 21 96 80 18 105 0 6
4 10 5 1 100 0.75 8 1285 23 100 85 21 105 0 7
4 10 5 1 100 0.75 8 1286 24 104 89 23 105 0 9
4 10 5 1 100 0.75 8 1287 28 108 89 24 105 0 9
4 10 5 1 100 0.75 8 1288 29 112 94 28 105 0 10
4 10 5 1 100 0.75 8 1289 30 116 98 29 104 0 10
4 10 5 1 100 0.75 8 1290 32 120 98 30 104 0 11
4 10 5 1 100 0.75 8 1291 36 124 103 32 104 0 14
4 10 5 1 100 0.75 8 1292 36 128 109 36 104 0 16
4 10 5 1 100 0.75 8 1293 39 132 113 36 104 0 17
4 10 5 1 100 0.75 8 1294 43 136 113 39 104 0 18
4 10 5 1 100 0.75 8 1295 45 140 116 43 104 0 20
4 10 5 1 100 0.75 8 1296 47 143 120 44 105 1 20
4 10 5 1 100 0.75 8 1297 49 147 125 46 105 1 21
4 10 5 1 100 0.75 8 1298 53 150 127 47 106 2 25
4 10 5 1 100 0.75 8 1299 57 153 122 50 107 3 24
4 10 5 1 100 0.75 8 1300 61 157 126 54 107 3 25
4 10 5 1 100 0.75 8 1301 61 160 133 57 108 4 26
4 10 5 1 100 0.75 8 1302 69 163 132 56 109 5 29
4 10 5 1 100 0.75 8 1303 73 164 130 61 112 8 27
4 10 5 1 100 0.75 8 1304 78 167 128 64 113 9 26
4 10 5 1 100 0.75 8 1305 81 171 135 69 113 9 30
4 10 5 1 100 0.75 8 1306 83 172 133 69 116 12 27
4 10 5 1 100 0.75 8 1307 86 176 141 71 116 12 29
4 10 5 1 100 0.75 8 1308 89 180 143 74 116 12 32
4 10 5 1 100 0.75 8 1309 89 182 145 75 118 14 30
4 10 5 1 100 0.75 8 1310 93 184 153 73 120 16 34
4 10 5 1 100 0.75 8 1311 97 188 152 77 120 16 35
4 10 5 1 100 0.75 8 1312 100 191 162 80 121 17 38
4 10 5 1 100 0.75 8 1313 105 193 162 81 123 19 39
4 10 5 1 100 0.75 8 1314 109 196 159 85 124 20 39
4 10 5 1 100 0.75 8 1315 112 197 162 86 127 23 39
4 10 5 1 100 0.75 8 1316 113 200 162 88 128 24 39
4 10 5 1 100 0.75 8 1317 114 200 162 85 132 28 36
4 10 5 1 100 0.75 8 1318 121 202 164 84 134 30 38
4 10 5 1 100 0.75 8 1319 126 204 160 89 136 32 39
4 10 5 1 100 0.75 8 1320 130 204 159 90 140 36 38
4 10 5 1 100 0.75 8 1321 134 206 163 92 142 38 39
4 10 5 1 100 0.75 8 1322 137 209 164 95 143 39 42
4 10 5 1 100 0.75 8 1323 141 212 164 97 144 40 42
4 10 5 1 100 0.75 8 1324 143 216 169 101 144 40 43
4 10 5 1 100 0.75 8 1325 147 218 167 101 146 42 44
4 10 5 1 100 0.75 8 1326 153 221 174 104 147 43 48
4 10 5 1 100 0.75 8 1327 157 223 175 108 149 45 51
4 10 5 1 100 0.75 8 1328 162 222 173 107 154 50 47
4 10 5 1 100 0.75 8 1329 169 223 170 109 157 53 49
4 10 5 1 100 0.75 8 1330 176 222 162 111 162 58 45
4 10 5 1 100 0.75 8 1331 180 223 167 115 165 61 44
4 10 5 1 100 0.75 8 1332 186 225 164 117 167 63 44
4 10 5 1 100 0.75 8 1333 191 228 169 123 168 64 45
4 10 5 1 100 0.75 8 1334 197 231 167 127 169 65 49
4 10 5 1 100 0.75 8 1335 206 233 166 131 171 67 52
4 10 5 1 100 0.75 8 1336 213 234 166 137 174 70 55
4 10 5 1 100 0.75 8 1337 217 236 170 142 176 72 60
4 10 5 1 100 0.75 8 1338 226 238 165 144 178 74 62
4 10 5 1 100 0.75 8 1339 232 240 167 151 180 76 64
4 10 5 1 100 0.75 8 1340 235 242 176 155 182 78 68
4 10 5 1 100 0.75 8 1341 240 241 172 153 187 83 68
4 10 5 1 100 0.75 8 1342 250 240 162 153 192 88 66
4 10 5 1 100 0.75 8 1343 259 243 168 162 193 89 71
4 10 5 1 100 0.75 8 1344 267 245 167 169 195 91 73
4 10 5 1 100 0.75 8 1345 270 246 166 174 198 94 76
4 10 5 1 100 0.75 8 1346 278 246 162 173 202 98 77
4 10 5 1 100 0.75 8 1347 282 249 159 180 203 99 79
4 10 5 1 100 0.75 8 1348 289 251 170 183 205 101 83
4 10 5 1 100 0.75 8 1349 297 250 159 185 210 106 82
4 10 5 1 100 0.75 8 1350 304 252 162 191 212 108 90
4 10 5 1 100 0.75 8 1351 306 252 164 195 216 112 89
4 10 5 1 100 0.75 8 1352 312 248 164 189 224 120 86
4 10 5 1 100 0.75 8 1353 315 249 163 192 227 123 87
4 10 5 1 100 0.75 8 1354 320 248 163 190 232 128 87
4 10 5 1 100 0.75 8 1355 326 249 157 193 235 131 90
4 10 5 1 100 0.75 8 1356 335 247 152 194 241 137 89
4 10 5 1 100 0.75 8 1357 342 245 154 197 247 143 90
4 10 5 1 100 0.75 8 1358 345 245 152 200 250 147 89
4 10 5 1 100 0.75 8 1359 348 242 153 196 257 154 84
4 10 5 1 100 0.75 8 1360 355 240 138 194 263 160 82
4 10 5 1 100 0.75 8 1361 361 239 138 196 268 165 78
4 10 5 1 100 0.75 8 1362 364 241 136 202 270 167 80
4 10 5 1 100 0.75 8 1363 370 241 140 202 274 171 84
4 10 5 1 100 0.75 8 1364 373 241 148 205 278 175 90
4 10 5 1 100 0.75 8 1365 378 238 135 202 285 182 87
4 10 5 1 100 0.75 8 1366 380 233 133 199 294 191 80
4 10 5 1 100 0.75 8 1367 383 232 132 197 299 196 77
4 10 5 1 100 0.75 8 1368 389 234 130 199 301 198 81
4 10 5 1 100 0.75 8 1369 389 233 133 203 306 203 82
4 10 5 1 100 0.75 8 1370 391 233 142 200 310 207 84
4 10 5 1 100 0.75 8 1371 396 231 137 196 316 213 81
4 10 5 1 100 0.75 8 1372 398 233 136 200 317 215 85
4 10 5 1 100 0.75 8 1373 400 225 121 191 329 227 76
4 10 5 1 100 0.75 8 1374 406 225 125 189 333 231 73
4 10 5 1 100 0.75 8 1375 409 225 126 192 337 235 77
4 10 5 1 100 0.75 8 1376 411 226 128 194 340 238 75
4 10 5 1 100 0.75 8 1377 418 227 126 193 343 241 73
4 10 5 1 100 0.75 8 1378 419 228 116 197 345 244 72
4 10 5 1 100 0.75 8 1379 421 230 123 198 346 246 74
4 10 5 1 100 0.75 8 1380 425 226 120 192 354 254 69
4 10 5 1 100 0.75 8 1381 428 228 124 195 355 256 73
4 10 5 1 100 0.75 8 1382 429 226 119 193 361 262 68
4 10 5 1 100 0.75 8 1383 432 224 111 189 365 268 63
4 10 5 1 100 0.75 8 1384 437 222 109 188 371 274 61
4 10 5 1 100 0.75 8 1385 440 225 116 193 372 275 67
4 10 5 1 100 0.75 8 1386 442 223 110 191 378 281 62
4 10 5 1 100 0.75 8 1387 445 221 112 187 384 287 60
4 10 5 1 100 0.75 8 1388 447 220 94 187 389 292 58
4 10 5 1 100 0.75 8 1389 451 222 109 190 391 294 57
4 10 5 1 100 0.75 8 1390 453 219 103 188 397 301 52
4 10 5 1 100 0.75 8 1391 458 220 106 187 400 304 55
4 10 5 1 100 0.75 8 1392 460 219 108 187 405 309 54
4 10 5 1 100 0.75 8 1393 460 223 112 192 405 309 56
4 10 5 1 100 0.75 8 1394 463 226 116 192 406 310 58
4 10 5 1 100 0.75 8 1395 466 226 106 192 409 314 58
4 10 5 1 100 0.75 8 1396 468 226 107 193 413 318 57
4 10 5 1 100 0.75 8 1397 472 227 108 193 415 321 57
4 10 5 1 100 0.75 8 1398 476 227 106 194 418 325 57
4 10 5 1 100 0.75 8 1399 479 226 104 194 423 330 55
4 10 5 1 100 0.75 8 1400 482 227 107 195 426 333 53
4 10 5 1 100 0.75 8 1401 486 229 106 197 427 335 55
4 10 5 1 100 0.75 8 1402 488 231 115 200 429 337 55
4 10 5 1 100 0.75 8 1403 492 233 111 201 430 339 54
4 10 5 1 100 0.75 8 1404 497 235 109 203 431 341 56
4 10 5 1 100 0.75 8 1405 499 234 105 204 436 346 55
4 10 5 1 100 0.75 8 1406 503 235 108 203 439 349 55
4 10 5 1 100 0.75 8 1407 505 235 101 205 442 353 55
4 10 5 1 100 0.75 8 1408 507 236 113 204 445 356 54
4 10 5 1 100 0.75 8 1409 509 236 109 203 449 360 54
4 10 5 1 100 0.75 8 1410 513 236 107 203 453 364 53
4 10 5 1 100 0.75 8 1410 513 236 236 203 505 364 53
4 10 5 1 100 0.75 8 1440 513 236 236 203 108 364 53
4 10 5 1 100 0.75 9 1441 0 4 4 0 108 0 0
4 10 5 1 100 0.75 9 1442 0 8 8 0 108 0 0
4 10 5 1 100 0.75 9 1443 0 12 12 0 108 0 0
4 10 5 1 100 0.75 9 1444 0 16 16 0 108 0 0
4 10 5 1 100 0.75 9 1445 0 20 20 0 108 0 0
4 10 5 1 100 0.75 9 1446 0 24 24 0 108 0 0
4 10 5 1 100 0.75 9 1447 0 28 28 0 108 0 0
4 10 5 1 100 0.75 9 1448 0 32 32 0 108 0 0
4 10 5 1 100 0.75 9 1449 0 36 36 0 108 0 0
4 10 5 1 100 0.75 9 1450 0 40 40 0 108 0 0
4 10 5 1 100 0.75 9 1451 0 44 44 0 108 0 0
4 10 5 1 100 0.75 9 1452 1 48 45 0 108 0 0
4 10 5 1 100 0.75 9 1453 4 52 47 1 108 0 0
4 10 5 1 100 0.75 9 1454 7 56 49 4 108 0 0
4 10 5 1 100 0.75 9 1455 8 60 51 7 108 0 0
4 10 5 1 100 0.75 9 1456 9 64 55 8 108 0 0
4 10 5 1 100 0.75 9 1457 9 68 58 9 108 0 0
4 10 5 1 100 0.75 9 1458 11 72 61 9 108 0 0
4 10 5 1 100 0.75 9 1459 11 76 63 11 108 0 0
4 10 5 1 100 0.75 9 1460 12 80 70 11 108 0 2
4 10 5 1 100 0.75 9 1461 16 84 70 12 108 0 3
4 10 5 1 100 0.75 9 1462 16 88 78 16 108 0 4
4 10 5 1 100 0.75 9 1463 19 92 81 16 108 0 5
4 10 5 1 100 0.75 9 1464 22 96 79 19 108 0 5
4 10 5 1 100 0.75 9 1465 24 100 83 22 108 0 5
4 10 5 1 100 0.75 9 1466 25 104 87 24 108 0 7
4 10 5 1 100 0.75 9 1467 29 108 86 25 108 0 7
4 10 5 1 100 0.75 9 1468 31 112 91 29 108 0 9
4 10 5 1 100 0.75 9 1469 33 116 95 31 108 0 10
4 10 5 1 100 0.75 9 1470 33 120 99 33 107 0 12
4 10 5 1 100 0.75 9 1471 36 124 106 33 106 0 15
4 10 5 1 100 0.75 9 1472 41 128 105 36 106 0 17
4 10 5 1 100 0.75 9 1473 48 132 106 41 106 0 18
4 10 5 1 100 0.75 9 1474 50 136 108 48 106 0 20
4 10 5 1 100 0.75 9 1475 53 139 112 49 107 1 22
4 10 5 1 100 0.75 9 1476 54 142 118 51 108 2 24
4 10 5 1 100 0.75 9 1477 59 146 117 52 108 2 24
4 10 5 1 100 0.75 9 1478 62 150 119 57 108 2 25
4 10 5 1 100 0.75 9 1479 64 152 119 58 110 4 27
4 10 5 1 100 0.75 9 1480 64 156 130 60 110 4 30
4 10 5 1 100 0.75 9 1481 68 159 132 59 111 5 32
4 10 5 1 100 0.75 9 1482 71 163 134 63 111 5 32
4 10 5 1 100 0.75 9 1483 75 167 135 66 111 5 36
4 10 5 1 100 0.75 9 1484 78 169 139 68 113 7 36
4 10 5 1 100 0.75 9 1485 82 171 143 69 115 9 37
4 10 5 1 100 0.75 9 1486 85 173 140 71 117 11 38
4 10 5 1 100 0.75 9 1487 91 177 138 74 117 11 38
4 10 5 1 100 0.75 9 1488 94 179 137 78 119 13 37
4 10 5 1 100 0.75 9 1489 95 181 150 79 121 15 39
4 10 5 1 100 0.75 9 1490 97 184 145 79 122 16 41
4 10 5 1 100 0.75 9 1491 105 185 143 78 125 19 43
4 10 5 1 100 0.75 9 1492 108 187 145 84 127 21 42
4 10 5 1 100 0.75 9 1493 114 189 148 85 129 23 44
4 10 5 1 100 0.75 9 1494 117 192 152 90 130 24 45
4 10 5 1 100 0.75 9 1495 121 194 152 91 132 26 48
4 10 5 1 100 0.75 9 1496 127 197 151 94 133 27 48
4 10 5 1 100 0.75 9 1497 127 199 153 98 135 29 48
4 10 5 1 100 0.75 9 1498 130 202 157 97 135 30 48
4 10 5 1 100 0.75 9 1499 136 201 162 95 140 35 50
4 10 5 1 100 0.75 9 1500 141 202 153 98 142 38 50
4 10 5 1 100 0.75 9 1501 145 203 153 100 145 41 49
4 10 5 1 100 0.75 9 1502 148 205 158 102 147 43 52
4 10 5 1 100 0.75 9 1503 151 204 158 101 152 48 50
4 10 5 1 100 0.75 9 1504 155 206 154 103 154 50 50
4 10 5 1 100 0.75 9 1505 157 210 160 107 154 50 50
4 10 5 1 100 0.75 9 1506 161 211 161 106 157 53 51
4 10 5 1 100 0.75 9 1507 169 212 151 107 160 56 53
4 10 5 1 100 0.75 9 1508 173 214 161 113 162 58 54
4 10 5 1 100 0.75 9 1509 181 216 158 115 164 60 57
4 10 5 1 100 0.75 9 1510 186 217 153 121 167 63 57
4 10 5 1 100 0.75 9 1511 190 216 156 121 172 68 54
4 10 5 1 100 0.75 9 1512 196 219 152 124 173 69 54
4 10 5 1 100 0.75 9 1513 197 219 157 126 177 73 52
4 10 5 1 100 0.75 9 1514 200 220 154 124 180 76 54
4 10 5 1 100 0.75 9 1515 204 223 162 126 181 77 57
4 10 5 1 100 0.75 9 1516 215 221 153 124 187 83 56
4 10 5 1 100 0.75 9 1517 219 223 159 133 189 85 60
4 10 5 1 100 0.75 9 1518 225 223 159 133 193 89 58
4 10 5 1 100 0.75 9 1519 233 225 150 137 195 91 58
4 10 5 1 100 0.75 9 1520 240 227 151 144 197 93 59
4 10 5 1 100 0.75 9 1521 246 227 151 147 201 97 56
4 10 5 1 100 0.75 9 1522 249 229 149 151 203 99 56
4 10 5 1 100 0.75 9 1523 255 230 155 151 206 102 56
4 10 5 1 100 0.75 9 1524 258 229 149 152 211 107 56
4 10 5 1 100 0.75 9 1525 263 228 148 150 216 112 55
4 10 5 1 100 0.75 9 1526 270 227 145 151 221 117 54
4 10 5 1 100 0.75 9 1527 277 228 148 155 224 120 61
4 10 5 1 100 0.75 9 1528 280 229 146 159 227 123 62
4 10 5 1 100 0.75 9 1529 286 232 157 161 228 124 66
4 10 5 1 100 0.75 9 1530 289 236 154 167 228 124 70
4 10 5 1 100 0.75 9 1531 292 238 160 168 230 126 71
4 10 5 1 100 0.75 9 1532 295 238 157 167 234 130 68
4 10 5 1 100 0.75 9 1533 302 235 152 163 241 137 67
4 10 5 1 100 0.75 9 1534 309 237 154 168 243 139 69
4 10 5 1 100 0.75 9 1535 311 235 151 170 249 145 67
4 10 5 1 100 0.75 9 1536 315 236 154 172 252 148 67
4 10 5 1 100 0.75 9 1537 320 239 156 176 253 149 71
4 10 5 1 100 0.75 9 1538 325 240 153 178 256 152 72
4 10 5 1 100 0.75 9 1539 327 241 159 182 259 155 71
4 10 5 1 100 0.75 9 1540 337 243 148 182 261 157 71
4 10 5 1 100 0.75 9 1541 338 244 158 190 264 160 74
4 10 5 1 100 0.75 9 1542 344 242 152 186 270 166 71
4 10 5 1 100 0.75 9 1543 353 238 129 185 278 174 67
4 10 5 1 100 0.75 9 1544 355 237 135 191 283 179 63
4 10 5 1 100 0.75 9 1545 357 235 129 187 289 185 58
4 10 5 1 100 0.75 9 1546 361 237 129 191 291 187 62
4 10 5 1 100 0.75 9 1547 365 237 135 192 295 191 60
4 10 5 1 100 0.75 9 1548 372 238 141 193 298 194 62
4 10 5 1 100 0.75 9 1549 374 237 132 195 303 199 60
4 10 5 1 100 0.75 9 1550 382 237 140 193 307 203 62
4 10 5 1 100 0.75 9 1551 389 235 132 198 313 209 64
4 10 5 1 100 0.75 9 1552 391 236 129 202 316 212 62
4 10 5 1 100 0.75 9 1553 396 237 126 203 319 215 62
4 10 5 1 100 0.75 9 1554 398 236 128 203 324 220 61
4 10 5 1 100 0.75 9 1555 401 239 124 204 324 221 62
4 10 5 1 100 0.75 9 1556 404 239 127 204 328 225 66
4 10 5 1 100 0.75 9 1557 407 241 129 206 330 227 70
4 10 5 1 100 0.75 9 1558 411 242 132 207 333 230 71
4 10 5 1 100 0.75 9 1559 417 243 130 208 336 233 75
4 10 5 1 100 0.75 9 1560 420 243 135 211 340 237 72
4 10 5 1 100 0.75 9 1561 426 246 139 213 341 238 73
4 10 5 1 100 0.75 9 1562 428 248 124 217 343 240 73
4 10 5 1 100 0.75 9 1563 431 244 130 211 351 248 67
4 10 5 1 100 0.75 9 1564 432 244 120 210 355 252 66
4 10 5 1 100 0.75 9 1565 433 242 140 208 360 258 65
4 10 5 1 100 0.75 9 1566 436 242 127 206 364 262 64
4 10 5 1 100 0.75 9 1567 442 243 131 208 367 265 68
4 10 5 1 100 0.75 9 1568 447 245 117 212 369 267 68
4 10 5 1 100 0.75 9 1569 449 244 132 213 374 272 66
4 10 5 1 100 0.75 9 1570 450 242 115 210 380 278 62
4 10 5 1 100 0.75 9 1571 454 240 122 206 385 284 58
4 10 5 1 100 0.75 9 1572 456 240 120 208 389 288 57
4 10 5 1 100 0.75 9 1573 460 243 127 210 390 289 59
4 10 5 1 100 0.75 9 1574 462 246 130 215 390 290 62
4 10 5 1 100 0.75 9 1575 465 243 121 212 397 297 59
4 10 5 1 100 0.75 9 1576 467 242 119 211 402 302 57
4 10 5 1 100 0.75 9 1577 469 241 118 208 407 307 52
4 10 5 1 100 0.75 9 1578 471 243 123 209 409 309 55
4 10 5 1 100 0.75 9 1579 474 244 118 212 412 312 56
4 10 5 1 100 0.75 9 1580 482 244 105 211 416 316 53
4 10 5 1 100 0.75 9 1581 485 245 110 216 419 319 55
4 10 5 1 100 0.75 9 1582 486 246 110 216 421 322 56
4 10 5 1 100 0.75 9 1583 488 246 105 217 425 326 52
4 10 5 1 100 0.75 9 1584 490 247 104 216 426 329 51
4 10 5 1 100 0.75 9 1585 492 250 119 218 426 330 54
4 10 5 1 100 0.75 9 1586 494 250 115 216 430 334 55
4 10 5 1 100 0.75 9 1587 500 252 111 218 432 336 56
4 10 5 1 100 0.75 9 1588 503 254 125 225 434 338 59
4 10 5 1 100 0.75 9 1589 506 252 116 222 440 344 57
4 10 5 1 100 0.75 9 1590 507 255 120 226 441 345 59
4 10 5 1 100 0.75 9 1590 507 255 255 226 498 345 59
4 10 5 1 100 0.75 9 1620 507 255 255 226 107 345 59
4 10 5 1 100 0.75 10 1621 0 4 4 0 107 0 0
4 10 5 1 100 0.75 10 1622 0 8 8 0 107 0 0
4 10 5 1 100 0.75 10 1623 0 12 12 0 107 0 0
4 10 5 1 100 0.75 10 1624 0 16 16 0 107 0 0
4 10 5 1 100 0.75 10 1625 0 20 20 0 107 0 0
4 10 5 1 100 0.75 10 1626 0 24 24 0 107 0 0
4 10 5 1 100 0.75 10 1627 0 28 28 0 107 0 0
4 10 5 1 100 0.75 10 1628 0 32 31 0 107 0 0
4 10 5 1 100 0.75 10 1629 0 36 36 0 107 0 0
4 10 5 1 100 0.75 10 1630 1 40 38 0 107 0 0
4 10 5 1 100 0.75 10 1631 2 44 42 1 107 0 0
4 10 5 1 100 0.75 10 1632 3 48 43 2 107 0 0
4 10 5 1 100 0.75 10 1633 5 52 46 3 107 0 0
4 10 5 1 100 0.75 10 1634 6 56 48 5 107 0 0
4 10 5 1 100 0.75 10 1635 7 60 53 6 107 0 0
4 10 5 1 100 0.75 10 1636 8 64 54 7 107 0 0
4 10 5 1 100 0.75 10 1637 10 68 57 8 107 0 1
4 10 5 1 100 0.75 10 1638 12 72 61 10 107 0 2
4 10 5 1 100 0.75 10 1639 13 76 63 12 107 0 2
4 10 5 1 100 0.75 10 1640 15 80 68 13 107 0 4
4 10 5 1 100 0.75 10 1641 17 84 71 15 107 0 4
4 10 5 1 100 0.75 10 1642 19 88 75 17 107 0 6
4 10 5 1 100 0.75 10 1643 20 92 74 19 107 0 6
4 10 5 1 100 0.75 10 1644 21 96 82 20 107 0 7
4 10 5 1 100 0.75 10 1645 25 100 79 21 107 0 8
4 10 5 1 100 0.75 10 1646 27 104 89 25 107 0 9
4 10 5 1 100 0.75 10 1647 29 108 86 27 107 0 9
4 10 5 1 100 0.75 10 1648 31 112 90 29 107 0 10
4 10 5 1 100 0.75 10 1649 33 116 94 31 107 0 10
4 10 5 1 100 0.75 10 1650 34 120 99 33 107 0 11
4 10 5 1 100 0.75 10 1651 36 124 104 34 107 0 12
4 10 5 1 100 0.75 10 1652 38 127 101 35 108 1 13
4 10 5 1 100 0.75 10 1653 38 131 115 37 108 1 16
4 10 5 1 100 0.75 10 1654 43 135 112 37 108 1 17
4 10 5 1 100 0.75 10 1655 45 139 116 42 108 1 19
4 10 5 1 100 0.75 10 1656 50 143 119 44 108 1 22
4 10 5 1 100 0.75 10 1657 54 146 118 48 109 2 22
4 10 5 1 100 0.75 10 1658 57 148 118 50 111 4 21
4 10 5 1 100 0.75 10 1659 60 151 119 52 112 5 22
4 10 5 1 100 0.75 10 1660 61 154 121 54 113 6 22
4 10 5 1 100 0.75 10 1661 65 158 129 55 113 6 25
4 10 5 1 100 0.75 10 1662 65 162 132 59 113 6 26
4 10 5 1 100 0.75 10 1663 69 166 137 59 113 6 30
4 10 5 1 100 0.75 10 1664 70 167 138 60 116 9 30
4 10 5 1 100 0.75 10 1665 74 170 145 60 117 10 33
4 10 5 1 100 0.75 10 1666 78 174 144 64 117 10 34
4 10 5 1 100 0.75 10 1667 85 178 147 68 117 10 35
4 10 5 1 100 0.75 10 1668 88 181 149 74 118 11 36
4 10 5 1 100 0.75 10 1669 91 183 149 75 120 13 35
4 10 5 1 100 0.75 10 1670 93 186 151 77 121 14 37
4 10 5 1 100 0.75 10 1671 96 187 150 76 124 17 35
4 10 5 1 100 0.75 10 1672 100 188 149 76 127 20 35
4 10 5 1 100 0.75 10 1673 105 189 147 77 130 23 34
4 10 5 1 100 0.75 10 1674 108 193 153 82 130 23 37
4 10 5 1 100 0.75 10 1675 113 196 156 84 131 24 41
4 10 5 1 100 0.75 10 1676 116 197 155 86 134 27 41
4 10 5 1 100 0.75 10 1677 122 201 154 89 134 27 43
4 10 5 1 100 0.75 10 1678 124 203 158 93 136 29 43
4 10 5 1 100 0.75 10 1679 125 204 164 92 139 32 41
4 10 5 1 100 0.75 10 1680 131 205 159 90 142 35 43
4 10 5 1 100 0.75 10 1681 137 208 160 95 143 36 43
4 10 5 1 100 0.75 10 1682 142 208 159 97 147 40 43
4 10 5 1 100 0.75 10 1683 144 212 162 104 147 40 46
4 10 5 1 100 0.75 10 1684 148 214 160 104 149 42 49
4 10 5 1 100 0.75 10 1685 152 213 160 103 154 47 45
4 10 5 1 100 0.75 10 1686 155 214 162 104 157 50 43
4 10 5 1 100 0.75 10 1687 161 217 160 106 158 51 43
4 10 5 1 100 0.75 10 1688 165 221 166 112 158 51 47
4 10 5 1 100 0.75 10 1689 166 222 169 114 161 54 49
4 10 5 1 100 0.75 10 1690 177 223 172 112 164 57 48
4 10 5 1 100 0.75 10 1691 179 226 168 122 165 58 48
4 10 5 1 100 0.75 10 1692 180 225 168 119 170 63 46
4 10 5 1 100 0.75 10 1693 185 227 172 118 172 65 47
4 10 5 1 100 0.75 10 1694 188 228 168 121 175 68 47
4 10 5 1 100 0.75 10 1695 194 227 167 119 180 73 47
4 10 5 1 100 0.75 10 1696 195 231 174 126 180 73 48
4 10 5 1 100 0.75 10 1697 201 235 171 127 180 73 54
4 10 5 1 100 0.75 10 1698 208 235 175 129 184 77 55
4 10 5 1 100 0.75 10 1699 213 237 166 134 186 79 53
4 10 5 1 100 0.75 10 1700 216 234 171 133 192 86 48
4 10 5 1 100 0.75 10 1701 220 236 168 134 194 88 50
4 10 5 1 100 0.75 10 1702 226 236 168 134 198 92 51
4 10 5 1 100 0.75 10 1703 232 239 163 140 199 93 52
4 10 5 1 100 0.75 10 1704 238 240 168 146 202 96 51
4 10 5 1 100 0.75 10 1705 242 244 168 152 202 96 56
4 10 5 1 100 0.75 10 1706 250 246 172 154 203 98 58
4 10 5 1 100 0.75 10 1707 254 247 166 159 206 101 58
4 10 5 1 100 0.75 10 1708 262 249 169 161 208 103 60
4 10 5 1 100 0.75 10 1709 266 249 171 166 212 107 61
4 10 5 1 100 0.75 10 1710 268 251 169 168 214 109 63
4 10 5 1 100 0.75 10 1711 270 253 177 169 216 111 67
4 10 5 1 100 0.75 10 1712 276 254 176 168 219 114 68
4 10 5 1 100 0.75 10 1713 282 252 162 168 224 120 66
4 10 5 1 100 0.75 10 1714 286 250 165 169 230 126 63
4 10 5 1 100 0.75 10 1715 291 252 167 171 232 128 67
4 10 5 1 100 0.75 10 1716 299 254 163 174 234 130 70
4 10 5 1 100 0.75 10 1717 303 255 160 180 236 133 70
4 10 5 1 100 0.75 10 1718 312 256 166 182 239 136 67
4 10 5 1 100 0.75 10 1719 316 258 161 189 241 138 69
4 10 5 1 100 0.75 10 1720 323 256 162 187 247 144 67
4 10 5 1 100 0.75 10 1721 332 255 153 189 252 149 67
4 10 5 1 100 0.75 10 1722 334 254 156 193 257 154 64
4 10 5 1 100 0.75 10 1723 341 257 161 194 258 155 71
4 10 5 1 100 0.75 10 1724 345 260 164 200 259 156 75
4 10 5 1 100 0.75 10 1725 350 256 153 197 267 164 71
4 10 5 1 100 0.75 10 1726 355 256 155 201 271 168 73
4 10 5 1 100 0.75 10 1727 358 257 146 204 274 171 74
4 10 5 1 100 0.75 10 1728 362 255 145 202 280 177 74
4 10 5 1 100 0.75 10 1729 368 255 145 204 284 181 77
4 10 5 1 100 0.75 10 1730 370 256 157 208 286 184 78
4 10 5 1 100 0.75 10 1731 374 255 152 205 291 189 77
4 10 5 1 100 0.75 10 1732 379 257 152 207 292 191 80
4 10 5 1 100 0.75 10 1733 382 257 158 209 296 195 83
4 10 5 1 100 0.75 10 1734 383 258 152 209 299 198 84
4 10 5 1 100 0.75 10 1735 387 259 156 211 302 201 84
4 10 5 1 100 0.75 10 1736 392 259 151 211 306 205 83
4 10 5 1 100 0.75 10 1737 395 258 146 211 311 210 80
4 10 5 1 100 0.75 10 1738 398 260 148 213 313 212 79
4 10 5 1 100 0.75 10 1739 406 255 138 210 322 221 74
4 10 5 1 100 0.75 10 1740 408 256 141 216 325 224 73
4 10 5 1 100 0.75 10 1741 411 255 134 214 330 229 73
4 10 5 1 100 0.75 10 1742 420 256 128 215 333 232 73
4 10 5 1 100 0.75 10 1743 422 257 134 221 336 235 74
4 10 5 1 100 0.75 10 1744 425 256 132 219 341 240 74
4 10 5 1 100 0.75 10 1745 430 253 131 215 348 247 69
4 10 5 1 100 0.75 10 1746 434 249 132 212 355 255 69
4 10 5 1 100 0.75 10 1747 435 248 132 213 360 260 67
4 10 5 1 100 0.75 10 1748 439 248 120 210 364 264 66
4 10 5 1 100 0.75 10 1749 443 246 126 209 370 270 66
4 10 5 1 100 0.75 10 1750 447 245 121 209 375 275 64
4 10 5 1 100 0.75 10 1751 451 247 118 213 376 277 66
4 10 5 1 100 0.75 10 1752 454 247 130 214 380 281 65
4 10 5 1 100 0.75 10 1753 455 249 114 216 381 283 69
4 10 5 1 100 0.75 10 1754 458 248 119 213 386 288 65
4 10 5 1 100 0.75 10 1755 464 251 110 217 387 289 65
4 10 5 1 100 0.75 10 1756 467 251 117 220 391 293 65
4 10 5 1 100 0.75 10 1757 468 250 122 219 396 298 65
4 10 5 1 100 0.75 10 1758 470 252 117 218 398 300 67
4 10 5 1 100 0.75 10 1759 473 253 125 218 401 303 67
4 10 5 1 100 0.75 10 1760 476 253 119 219 405 307 66
4 10 5 1 100 0.75 10 1761 480 249 128 216 413 315 60
4 10 5 1 100 0.75 10 1762 485 250 115 217 416 318 63
4 10 5 1 100 0.75 10 1763 485 250 116 220 420 322 63
4 10 5 1 100 0.75 10 1764 486 252 113 220 422 324 63
4 10 5 1 100 0.75 10 1765 491 254 115 220 423 326 63
4 10 5 1 100 0.75 10 1766 493 253 113 221 428 331 61
4 10 5 1 100 0.75 10 1767 495 255 104 224 430 333 62
4 10 5 1 100 0.75 10 1768 498 252 105 220 437 340 60
4 10 5 1 100 0.75 10 1769 502 253 116 220 440 343 61
4 10 5 1 100 0.75 10 1770 504 251 111 221 446 349 59
4 10 5 1 100 0.75 10 1770 504 251 251 221 503 349 59
4 10 5 1 100 0.75 10 1800 504 251 251 221 108 349 59
