1 10 1 1 100 0.75 1 1 0 1 1 0 100 0 0
1 10 1 1 100 0.75 1 2 0 2 2 0 100 0 0
1 10 1 1 100 0.75 1 3 0 3 3 0 100 0 0
1 10 1 1 100 0.75 1 4 0 4 4 0 100 0 0
1 10 1 1 100 0.75 1 5 0 5 5 0 100 0 0
1 10 1 1 100 0.75 1 6 0 6 6 0 100 0 0
1 10 1 1 100 0.75 1 7 0 7 7 0 100 0 0
1 10 1 1 100 0.75 1 8 0 8 7 0 100 0 0
1 10 1 1 100 0.75 1 9 1 9 7 0 100 0 0
1 10 1 1 100 0.75 1 10 1 10 9 1 100 0 0
1 10 1 1 100 0.75 1 11 3 11 8 1 100 0 0
1 10 1 1 100 0.75 1 12 3 12 9 3 100 0 0
1 10 1 1 100 0.75 1 13 3 13 10 3 100 0 0
1 10 1 1 100 0.75 1 14 4 14 10 3 100 0 0
1 10 1 1 100 0.75 1 15 5 15 10 4 100 0 0
1 10 1 1 100 0.75 1 16 5 16 10 5 100 0 0
1 10 1 1 100 0.75 1 17 7 17 9 5 100 0 1
1 10 1 1 100 0.75 1 18 7 18 12 7 100 0 1
1 10 1 1 100 0.75 1 19 8 19 14 7 100 0 2
1 10 1 1 100 0.75 1 20 9 20 14 8 100 0 2
1 10 1 1 100 0.75 1 21 10 21 15 9 100 0 3
1 10 1 1 100 0.75 1 22 13 22 11 10 100 0 3
1 10 1 1 100 0.75 1 23 14 23 13 13 100 0 3
1 10 1 1 100 0.75 1 24 16 24 14 14 100 0 4
1 10 1 1 100 0.75 1 25 16 25 15 16 99 0 4
1 10 1 1 100 0.75 1 26 16 26 16 16 99 0 4
1 10 1 1 100 0.75 1 27 17 27 17 16 99 0 5
1 10 1 1 100 0.75 1 28 18 28 18 17 99 0 5
1 10 1 1 100 0.75 1 29 18 29 22 18 99 0 7
1 10 1 1 100 0.75 1 30 18 30 21 18 99 0 8
1 10 1 1 100 0.75 1 31 19 31 24 18 99 0 8
1 10 1 1 100 0.75 1 32 19 32 26 19 99 0 10
1 10 1 1 100 0.75 1 33 19 33 28 19 99 0 10
1 10 1 1 100 0.75 1 34 21 33 25 18 100 1 9
1 10 1 1 100 0.75 1 35 24 33 22 19 101 2 10
1 10 1 1 100 0.75 1 36 24 34 25 22 101 2 10
1 10 1 1 100 0.75 1 37 24 35 24 22 101 2 10
1 10 1 1 100 0.75 1 38 26 36 24 22 101 2 10
1 10 1 1 100 0.75 1 39 27 37 23 24 101 2 11
1 10 1 1 100 0.75 1 40 28 38 26 25 101 2 11
1 10 1 1 100 0.75 1 41 29 38 26 25 102 3 10
1 10 1 1 100 0.75 1 42 30 38 24 25 103 4 10
1 10 1 1 100 0.75 1 43 33 38 25 25 104 5 11
1 10 1 1 100 0.75 1 44 34 39 23 28 104 5 11
1 10 1 1 100 0.75 1 45 34 40 28 29 104 5 13
1 10 1 1 100 0.75 1 46 35 40 24 28 105 6 12
1 10 1 1 100 0.75 1 47 36 40 27 28 106 7 13
1 10 1 1 100 0.75 1 48 39 40 24 28 107 8 12
1 10 1 1 100 0.75 1 49 39 40 25 30 108 9 12
1 10 1 1 100 0.75 1 50 43 41 24 30 108 9 14
1 10 1 1 100 0.75 1 51 43 42 26 34 108 9 16
1 10 1 1 100 0.75 1 52 43 41 26 32 110 11 14
1 10 1 1 100 0.75 1 53 44 41 23 31 111 12 14
1 10 1 1 100 0.75 1 54 44 42 27 32 111 12 14
1 10 1 1 100 0.75 1 55 44 43 30 32 111 12 14
1 10 1 1 100 0.75 1 56 46 44 28 32 111 12 15
1 10 1 1 100 0.75 1 57 46 45 32 34 111 12 19
1 10 1 1 100 0.75 1 58 48 46 31 34 111 12 19
1 10 1 1 100 0.75 1 59 49 46 30 35 112 13 18
1 10 1 1 100 0.75 1 60 50 44 31 33 115 16 15
1 10 1 1 100 0.75 1 61 50 44 31 33 116 17 15
1 10 1 1 100 0.75 1 62 51 44 32 32 117 18 14
1 10 1 1 100 0.75 1 63 55 44 28 32 118 19 14
1 10 1 1 100 0.75 1 64 55 45 30 36 118 19 14
1 10 1 1 100 0.75 1 65 56 45 30 35 119 20 14
1 10 1 1 100 0.75 1 66 56 46 31 36 119 20 15
1 10 1 1 100 0.75 1 67 56 45 31 34 121 22 14
1 10 1 1 100 0.75 1 68 58 44 30 32 123 24 12
1 10 1 1 100 0.75 1 69 58 43 26 32 125 26 10
1 10 1 1 100 0.75 1 70 60 44 31 32 125 26 13
1 10 1 1 100 0.75 1 71 60 45 32 34 125 26 14
1 10 1 1 100 0.75 1 72 64 44 26 32 127 28 12
1 10 1 1 100 0.75 1 73 65 44 26 35 128 29 12
1 10 1 1 100 0.75 1 74 67 45 26 36 128 29 12
1 10 1 1 100 0.75 1 75 68 46 24 38 128 29 14
1 10 1 1 100 0.75 1 76 68 46 25 38 129 30 13
1 10 1 1 100 0.75 1 77 69 46 28 37 130 31 13
1 10 1 1 100 0.75 1 78 71 47 28 38 130 31 14
1 10 1 1 100 0.75 1 79 71 47 27 39 131 32 14
1 10 1 1 100 0.75 1 80 72 48 31 39 131 32 17
1 10 1 1 100 0.75 1 81 72 49 33 40 131 32 18
1 10 1 1 100 0.75 1 82 73 49 34 39 132 33 18
1 10 1 1 100 0.75 1 83 73 50 34 40 132 33 18
1 10 1 1 100 0.75 1 84 74 50 35 39 133 34 17
1 10 1 1 100 0.75 1 85 74 48 32 37 136 37 15
1 10 1 1 100 0.75 1 86 76 48 31 36 137 38 15
1 10 1 1 100 0.75 1 87 78 49 29 38 137 38 15
1 10 1 1 100 0.75 1 88 78 50 35 40 137 38 15
1 10 1 1 100 0.75 1 89 79 50 32 39 138 39 14
1 10 1 1 100 0.75 1 90 80 50 33 39 138 40 13
1 10 1 1 100 0.75 1 91 80 50 32 39 139 41 12
1 10 1 1 100 0.75 1 92 82 51 31 39 138 41 12
1 10 1 1 100 0.75 1 93 82 50 29 39 140 43 10
1 10 1 1 100 0.75 1 94 84 51 32 39 140 43 13
1 10 1 1 100 0.75 1 95 86 51 31 41 141 44 13
1 10 1 1 100 0.75 1 96 86 51 31 42 142 45 12
1 10 1 1 100 0.75 1 97 87 50 28 40 144 47 11
1 10 1 1 100 0.75 1 98 87 50 30 40 145 48 10
1 10 1 1 100 0.75 1 99 88 50 33 39 146 49 10
1 10 1 1 100 0.75 1 100 91 49 26 38 148 51 9
1 10 1 1 100 0.75 1 101 92 50 29 41 148 51 11
1 10 1 1 100 0.75 1 102 92 51 31 42 148 51 13
1 10 1 1 100 0.75 1 103 92 51 33 41 149 52 13
1 10 1 1 100 0.75 1 104 93 51 31 40 150 53 12
1 10 1 1 100 0.75 1 105 93 52 33 41 150 53 13
1 10 1 1 100 0.75 1 106 94 53 35 41 150 53 13
1 10 1 1 100 0.75 1 107 94 54 35 42 150 53 14
1 10 1 1 100 0.75 1 108 95 55 38 43 150 53 16
1 10 1 1 100 0.75 1 109 96 56 34 44 150 53 16
1 10 1 1 100 0.75 1 110 98 55 35 43 152 55 14
1 10 1 1 100 0.75 1 111 99 56 36 45 152 55 15
1 10 1 1 100 0.75 1 112 100 56 33 45 153 56 14
1 10 1 1 100 0.75 1 113 101 56 35 45 154 57 14
1 10 1 1 100 0.75 1 114 104 56 31 45 155 58 14
1 10 1 1 100 0.75 1 115 104 56 33 47 156 59 13
1 10 1 1 100 0.75 1 116 105 56 33 46 157 60 13
1 10 1 1 100 0.75 1 117 105 56 31 46 158 61 14
1 10 1 1 100 0.75 1 118 107 55 33 44 160 63 14
1 10 1 1 100 0.75 1 119 107 55 33 45 161 64 13
1 10 1 1 100 0.75 1 120 109 55 34 44 162 65 12
1 10 1 1 100 0.75 1 121 109 56 31 46 162 65 15
1 10 1 1 100 0.75 1 122 110 57 38 46 162 65 16
1 10 1 1 100 0.75 1 123 112 57 34 46 163 66 15
1 10 1 1 100 0.75 1 124 112 58 38 48 163 66 16
1 10 1 1 100 0.75 1 125 113 57 35 46 165 68 16
1 10 1 1 100 0.75 1 126 114 58 39 47 165 68 16
1 10 1 1 100 0.75 1 127 114 59 38 48 164 68 18
1 10 1 1 100 0.75 1 128 116 59 37 47 165 69 17
1 10 1 1 100 0.75 1 129 116 60 40 49 165 69 17
1 10 1 1 100 0.75 1 130 117 60 36 48 166 70 16
1 10 1 1 100 0.75 1 131 117 60 39 48 167 71 16
1 10 1 1 100 0.75 1 132 118 60 36 47 167 72 15
1 10 1 1 100 0.75 1 133 118 61 41 48 167 72 16
1 10 1 1 100 0.75 1 134 119 61 38 47 168 73 16
1 10 1 1 100 0.75 1 135 122 62 40 48 168 73 17
1 10 1 1 100 0.75 1 136 124 60 32 48 170 76 14
1 10 1 1 100 0.75 1 137 127 58 32 47 173 79 11
1 10 1 1 100 0.75 1 138 127 58 29 49 173 80 10
1 10 1 1 100 0.75 1 139 127 59 30 49 173 80 10
1 10 1 1 100 0.75 1 140 127 58 30 47 175 82 9
1 10 1 1 100 0.75 1 141 128 59 30 48 174 82 10
1 10 1 1 100 0.75 1 142 129 60 36 49 174 82 12
1 10 1 1 100 0.75 1 143 131 60 29 49 175 83 11
1 10 1 1 100 0.75 1 144 132 60 35 50 176 84 13
1 10 1 1 100 0.75 1 145 134 61 34 51 176 84 13
1 10 1 1 100 0.75 1 146 134 61 36 52 176 85 12
1 10 1 1 100 0.75 1 147 136 61 34 51 176 86 12
1 10 1 1 100 0.75 1 148 136 62 36 53 176 86 13
1 10 1 1 100 0.75 1 149 136 63 34 53 176 86 13
1 10 1 1 100 0.75 1 150 137 64 37 53 174 86 15
1 10 1 1 100 0.75 1 150 137 64 54 53 189 86 15
1 10 1 1 100 0.75 1 180 137 64 54 53 188 86 15
1 10 1 1 100 0.75 2 181 0 1 1 0 188 0 0
1 10 1 1 100 0.75 2 182 0 2 1 0 188 0 0
1 10 1 1 100 0.75 2 183 0 3 2 0 188 0 0
1 10 1 1 100 0.75 2 184 0 4 3 0 188 0 0
1 10 1 1 100 0.75 2 185 0 5 3 0 188 0 0
1 10 1 1 100 0.75 2 186 0 6 4 0 188 0 0
1 10 1 1 100 0.75 2 187 0 7 4 0 188 0 0
1 10 1 1 100 0.75 2 188 1 8 4 0 188 0 0
1 10 1 1 100 0.75 2 189 1 9 5 1 188 0 0
1 10 1 1 100 0.75 2 190 1 10 7 2 188 0 0
1 10 1 1 100 0.75 2 191 2 11 7 2 188 0 0
1 10 1 1 100 0.75 2 192 4 12 6 3 187 0 0
1 10 1 1 100 0.75 2 193 4 13 6 5 187 0 0
1 10 1 1 100 0.75 2 194 5 14 5 5 187 0 0
1 10 1 1 100 0.75 2 195 6 15 8 6 187 0 1
1 10 1 1 100 0.75 2 196 6 16 9 7 186 0 1
1 10 1 1 100 0.75 2 197 6 17 12 7 185 0 1
1 10 1 1 100 0.75 2 198 6 18 11 7 185 0 1
1 10 1 1 100 0.75 2 199 8 19 14 7 185 0 3
1 10 1 1 100 0.75 2 200 11 20 11 9 185 0 3
1 10 1 1 100 0.75 2 201 12 21 10 12 185 0 3
1 10 1 1 100 0.75 2 202 12 22 14 13 185 0 4
1 10 1 1 100 0.75 2 203 14 23 11 13 185 0 4
1 10 1 1 100 0.75 2 204 15 24 12 15 185 0 4
1 10 1 1 100 0.75 2 205 16 25 12 16 185 0 4
1 10 1 1 100 0.75 2 206 16 26 11 17 185 0 4
1 10 1 1 100 0.75 2 207 17 27 14 17 185 0 6
1 10 1 1 100 0.75 2 208 19 28 17 18 185 0 8
1 10 1 1 100 0.75 2 209 20 29 16 20 185 0 8
1 10 1 1 100 0.75 2 210 21 30 16 21 185 0 9
1 10 1 1 100 0.75 2 211 24 30 18 21 186 1 10
1 10 1 1 100 0.75 2 212 24 31 15 24 186 1 11
1 10 1 1 100 0.75 2 213 25 32 17 24 186 1 11
1 10 1 1 100 0.75 2 214 25 33 18 25 186 1 11
1 10 1 1 100 0.75 2 215 27 34 21 25 186 1 13
1 10 1 1 100 0.75 2 216 28 34 22 26 187 2 13
1 10 1 1 100 0.75 2 217 29 35 23 27 187 2 14
1 10 1 1 100 0.75 2 218 30 34 21 26 189 4 14
1 10 1 1 100 0.75 2 219 31 35 21 27 189 4 15
1 10 1 1 100 0.75 2 220 32 36 23 28 189 4 15
1 10 1 1 100 0.75 2 221 34 37 22 29 189 4 15
1 10 1 1 100 0.75 2 222 35 38 26 31 188 4 16
1 10 1 1 100 0.75 2 223 35 38 26 31 188 5 16
1 10 1 1 100 0.75 2 224 35 38 23 30 189 6 15
1 10 1 1 100 0.75 2 225 36 38 20 29 190 7 15
1 10 1 1 100 0.75 2 226 38 37 19 28 192 9 15
1 10 1 1 100 0.75 2 227 40 38 16 30 192 9 16
1 10 1 1 100 0.75 2 228 40 39 25 32 192 9 17
1 10 1 1 100 0.75 2 229 40 38 23 30 194 11 16
1 10 1 1 100 0.75 2 230 41 39 25 30 194 11 16
1 10 1 1 100 0.75 2 231 42 39 23 30 195 12 15
1 10 1 1 100 0.75 2 232 42 40 26 31 195 12 16
1 10 1 1 100 0.75 2 233 45 40 23 30 196 13 15
1 10 1 1 100 0.75 2 234 46 39 22 31 198 15 16
1 10 1 1 100 0.75 2 235 48 37 19 29 201 18 14
1 10 1 1 100 0.75 2 236 48 38 18 31 201 18 14
1 10 1 1 100 0.75 2 237 49 39 19 31 200 18 14
1 10 1 1 100 0.75 2 238 50 39 22 31 201 19 14
1 10 1 1 100 0.75 2 239 51 39 22 31 202 20 14
1 10 1 1 100 0.75 2 240 51 40 21 32 202 20 16
1 10 1 1 100 0.75 2 241 51 41 21 33 202 20 17
1 10 1 1 100 0.75 2 242 52 42 23 33 201 20 18
1 10 1 1 100 0.75 2 243 52 41 24 32 203 22 17
1 10 1 1 100 0.75 2 244 53 39 22 30 206 25 14
1 10 1 1 100 0.75 2 245 53 39 25 30 207 26 14
1 10 1 1 100 0.75 2 246 54 40 22 30 207 26 16
1 10 1 1 100 0.75 2 247 55 40 22 30 208 27 16
1 10 1 1 100 0.75 2 248 58 41 24 31 208 27 16
1 10 1 1 100 0.75 2 249 60 42 21 34 208 27 16
1 10 1 1 100 0.75 2 250 60 42 23 35 209 28 16
1 10 1 1 100 0.75 2 251 61 43 19 35 209 28 16
1 10 1 1 100 0.75 2 252 62 42 23 34 211 30 15
1 10 1 1 100 0.75 2 253 64 41 21 33 213 32 14
1 10 1 1 100 0.75 2 254 64 41 18 34 214 33 13
1 10 1 1 100 0.75 2 255 65 42 25 34 214 33 16
1 10 1 1 100 0.75 2 256 65 42 27 34 215 34 18
1 10 1 1 100 0.75 2 257 66 40 22 31 218 37 15
1 10 1 1 100 0.75 2 258 68 41 22 32 217 37 16
1 10 1 1 100 0.75 2 259 69 41 19 33 218 38 15
1 10 1 1 100 0.75 2 260 69 41 24 33 219 39 16
1 10 1 1 100 0.75 2 261 71 41 22 32 220 40 15
1 10 1 1 100 0.75 2 262 72 42 22 34 220 40 15
1 10 1 1 100 0.75 2 263 72 41 21 33 222 42 13
1 10 1 1 100 0.75 2 264 73 42 22 33 222 42 14
1 10 1 1 100 0.75 2 265 74 42 24 33 223 43 14
1 10 1 1 100 0.75 2 266 76 43 24 34 223 43 14
1 10 1 1 100 0.75 2 267 77 44 26 36 223 43 15
1 10 1 1 100 0.75 2 268 77 44 26 36 224 44 15
1 10 1 1 100 0.75 2 269 79 44 27 35 225 45 16
1 10 1 1 100 0.75 2 270 80 44 25 36 226 46 15
1 10 1 1 100 0.75 2 271 81 44 24 36 227 47 14
1 10 1 1 100 0.75 2 272 82 44 22 36 228 48 14
1 10 1 1 100 0.75 2 273 82 41 22 33 232 52 11
1 10 1 1 100 0.75 2 274 84 42 21 33 231 52 11
1 10 1 1 100 0.75 2 275 85 42 20 34 232 53 11
1 10 1 1 100 0.75 2 276 86 42 19 34 233 54 11
1 10 1 1 100 0.75 2 277 88 42 21 34 234 55 12
1 10 1 1 100 0.75 2 278 88 43 22 36 234 55 13
1 10 1 1 100 0.75 2 279 89 43 22 35 235 56 13
1 10 1 1 100 0.75 2 280 89 44 19 36 234 56 13
1 10 1 1 100 0.75 2 281 91 45 27 36 234 56 14
1 10 1 1 100 0.75 2 282 91 45 24 37 235 57 13
1 10 1 1 100 0.75 2 283 91 45 28 36 236 58 14
1 10 1 1 100 0.75 2 284 92 46 27 36 236 58 14
1 10 1 1 100 0.75 2 285 94 46 24 36 237 59 14
1 10 1 1 100 0.75 2 286 95 46 25 37 238 60 14
1 10 1 1 100 0.75 2 287 96 46 25 37 239 61 13
1 10 1 1 100 0.75 2 288 97 47 23 38 239 61 13
1 10 1 1 100 0.75 2 289 97 48 26 40 239 61 15
1 10 1 1 100 0.75 2 290 98 49 25 40 239 61 15
1 10 1 1 100 0.75 2 291 99 49 26 40 239 62 14
1 10 1 1 100 0.75 2 292 101 48 25 39 241 64 14
1 10 1 1 100 0.75 2 293 103 49 25 41 241 64 14
1 10 1 1 100 0.75 2 294 103 49 28 42 242 65 13
1 10 1 1 100 0.75 2 295 105 47 21 39 245 68 11
1 10 1 1 100 0.75 2 296 105 48 24 41 245 68 12
1 10 1 1 100 0.75 2 297 105 48 23 40 246 69 11
1 10 1 1 100 0.75 2 298 107 48 20 39 247 70 10
1 10 1 1 100 0.75 2 299 108 49 21 41 247 70 12
1 10 1 1 100 0.75 2 300 109 49 22 41 248 71 13
1 10 1 1 100 0.75 2 301 111 49 21 41 248 72 12
1 10 1 1 100 0.75 2 302 111 50 27 43 248 72 13
1 10 1 1 100 0.75 2 303 113 51 24 43 248 72 13
1 10 1 1 100 0.75 2 304 113 52 27 45 248 72 13
1 10 1 1 100 0.75 2 305 114 51 25 43 250 74 12
1 10 1 1 100 0.75 2 306 114 52 26 44 250 74 12
1 10 1 1 100 0.75 2 307 116 51 24 42 252 76 11
1 10 1 1 100 0.75 2 308 117 51 24 43 252 77 10
1 10 1 1 100 0.75 2 309 118 51 20 43 253 78 10
1 10 1 1 100 0.75 2 310 119 52 22 44 253 78 11
1 10 1 1 100 0.75 2 311 120 53 22 45 252 78 12
1 10 1 1 100 0.75 2 312 120 54 26 47 252 78 13
1 10 1 1 100 0.75 2 313 122 55 26 47 252 78 13
1 10 1 1 100 0.75 2 314 122 52 26 45 256 82 10
1 10 1 1 100 0.75 2 315 122 53 23 45 255 82 11
1 10 1 1 100 0.75 2 316 122 53 27 44 256 83 10
1 10 1 1 100 0.75 2 317 124 54 26 44 256 83 11
1 10 1 1 100 0.75 2 318 124 55 27 46 256 83 12
1 10 1 1 100 0.75 2 319 124 55 28 45 257 84 13
1 10 1 1 100 0.75 2 320 127 56 27 45 257 84 14
1 10 1 1 100 0.75 2 321 129 56 23 47 258 85 14
1 10 1 1 100 0.75 2 322 130 55 22 47 260 87 12
1 10 1 1 100 0.75 2 323 130 56 24 48 260 87 12
1 10 1 1 100 0.75 2 324 131 57 29 48 260 87 14
1 10 1 1 100 0.75 2 325 133 58 30 49 260 87 14
1 10 1 1 100 0.75 2 326 133 58 27 50 260 88 13
1 10 1 1 100 0.75 2 327 133 58 26 49 261 89 12
1 10 1 1 100 0.75 2 328 137 57 30 47 263 91 12
1 10 1 1 100 0.75 2 329 138 58 29 51 263 91 14
1 10 1 1 100 0.75 2 330 138 59 27 52 263 91 14
1 10 1 1 100 0.75 2 330 138 59 52 52 276 91 14
1 10 1 1 100 0.75 2 360 138 59 52 52 275 91 14
1 10 1 1 100 0.75 3 361 0 1 0 0 275 0 0
1 10 1 1 100 0.75 3 362 0 2 0 0 275 0 0
1 10 1 1 100 0.75 3 363 0 3 0 0 275 0 0
1 10 1 1 100 0.75 3 364 0 4 1 0 275 0 0
1 10 1 1 100 0.75 3 365 0 5 4 0 275 0 0
1 10 1 1 100 0.75 3 366 0 6 3 0 275 0 0
1 10 1 1 100 0.75 3 367 0 7 6 0 275 0 0
1 10 1 1 100 0.75 3 368 1 8 5 0 275 0 0
1 10 1 1 100 0.75 3 369 2 9 6 1 275 0 0
1 10 1 1 100 0.75 3 370 2 10 5 3 275 0 0
1 10 1 1 100 0.75 3 371 2 11 7 3 274 0 0
1 10 1 1 100 0.75 3 372 4 12 2 3 274 0 0
1 10 1 1 100 0.75 3 373 5 13 5 5 274 0 0
1 10 1 1 100 0.75 3 374 5 14 8 6 274 0 0
1 10 1 1 100 0.75 3 375 6 15 6 6 274 0 0
1 10 1 1 100 0.75 3 376 8 16 7 7 274 0 0
1 10 1 1 100 0.75 3 377 8 17 9 9 274 0 2
1 10 1 1 100 0.75 3 378 9 18 8 9 274 0 2
1 10 1 1 100 0.75 3 379 11 19 9 10 274 0 3
1 10 1 1 100 0.75 3 380 13 20 8 12 274 0 4
1 10 1 1 100 0.75 3 381 13 21 9 14 274 0 5
1 10 1 1 100 0.75 3 382 15 22 7 14 274 0 6
1 10 1 1 100 0.75 3 383 16 23 10 16 274 0 6
1 10 1 1 100 0.75 3 384 16 24 11 17 274 0 7
1 10 1 1 100 0.75 3 385 16 25 10 17 274 0 8
1 10 1 1 100 0.75 3 386 18 26 14 17 274 0 9
1 10 1 1 100 0.75 3 387 19 27 13 19 274 0 10
1 10 1 1 100 0.75 3 388 20 28 16 20 274 0 11
1 10 1 1 100 0.75 3 389 20 29 14 21 274 0 11
1 10 1 1 100 0.75 3 390 21 30 18 21 274 0 12
1 10 1 1 100 0.75 3 391 24 31 14 22 274 0 12
1 10 1 1 100 0.75 3 392 24 32 19 25 274 0 12
1 10 1 1 100 0.75 3 393 24 33 15 25 272 0 13
1 10 1 1 100 0.75 3 394 24 34 23 25 272 0 14
1 10 1 1 100 0.75 3 395 26 33 16 23 274 2 13
1 10 1 1 100 0.75 3 396 27 34 17 25 274 2 13
1 10 1 1 100 0.75 3 397 27 35 19 26 274 2 13
1 10 1 1 100 0.75 3 398 29 35 23 25 275 3 14
1 10 1 1 100 0.75 3 399 31 35 20 26 276 4 13
1 10 1 1 100 0.75 3 400 33 33 14 25 278 7 10
1 10 1 1 100 0.75 3 401 34 33 15 26 279 8 9
1 10 1 1 100 0.75 3 402 35 32 15 25 281 10 8
1 10 1 1 100 0.75 3 403 35 32 12 25 282 11 7
1 10 1 1 100 0.75 3 404 37 33 16 25 282 11 8
1 10 1 1 100 0.75 3 405 37 34 14 27 282 11 8
1 10 1 1 100 0.75 3 406 37 34 18 26 283 12 9
1 10 1 1 100 0.75 3 407 39 35 18 26 283 12 11
1 10 1 1 100 0.75 3 408 40 36 21 28 283 12 12
1 10 1 1 100 0.75 3 409 42 37 20 29 283 12 13
1 10 1 1 100 0.75 3 410 42 38 21 31 283 12 13
1 10 1 1 100 0.75 3 411 44 37 16 29 285 14 12
1 10 1 1 100 0.75 3 412 44 37 19 30 286 15 11
1 10 1 1 100 0.75 3 413 45 38 21 30 286 15 11
1 10 1 1 100 0.75 3 414 47 39 17 31 286 15 12
1 10 1 1 100 0.75 3 415 47 39 18 32 287 16 13
1 10 1 1 100 0.75 3 416 49 40 20 32 287 16 13
1 10 1 1 100 0.75 3 417 50 39 20 32 289 18 12
1 10 1 1 100 0.75 3 418 50 40 22 33 289 18 13
1 10 1 1 100 0.75 3 419 50 41 21 33 289 18 13
1 10 1 1 100 0.75 3 420 52 42 17 33 289 18 13
1 10 1 1 100 0.75 3 421 53 42 21 34 289 19 13
1 10 1 1 100 0.75 3 422 54 43 21 35 289 19 14
1 10 1 1 100 0.75 3 423 56 41 20 33 292 22 13
1 10 1 1 100 0.75 3 424 57 42 18 35 292 22 14
1 10 1 1 100 0.75 3 425 57 43 19 36 291 22 14
1 10 1 1 100 0.75 3 426 57 42 20 34 293 24 12
1 10 1 1 100 0.75 3 427 58 41 20 32 295 26 10
1 10 1 1 100 0.75 3 428 60 42 21 33 294 26 12
1 10 1 1 100 0.75 3 429 60 42 21 34 295 27 12
1 10 1 1 100 0.75 3 430 61 42 23 33 296 28 12
1 10 1 1 100 0.75 3 431 62 43 21 34 296 28 13
1 10 1 1 100 0.75 3 432 65 44 24 35 296 28 14
1 10 1 1 100 0.75 3 433 66 45 22 38 296 28 14
1 10 1 1 100 0.75 3 434 67 45 19 38 297 29 13
1 10 1 1 100 0.75 3 435 68 46 18 39 297 29 15
1 10 1 1 100 0.75 3 436 68 46 23 39 298 30 15
1 10 1 1 100 0.75 3 437 68 46 19 38 298 31 15
1 10 1 1 100 0.75 3 438 70 46 25 37 299 32 15
1 10 1 1 100 0.75 3 439 71 47 22 39 299 32 15
1 10 1 1 100 0.75 3 440 73 47 24 39 300 33 17
1 10 1 1 100 0.75 3 441 74 46 24 39 302 35 15
1 10 1 1 100 0.75 3 442 75 47 27 40 302 35 15
1 10 1 1 100 0.75 3 443 75 47 23 40 302 36 15
1 10 1 1 100 0.75 3 444 76 48 25 40 300 36 15
1 10 1 1 100 0.75 3 445 78 47 22 39 302 38 14
1 10 1 1 100 0.75 3 446 78 47 23 40 303 39 14
1 10 1 1 100 0.75 3 447 80 47 22 39 304 40 14
1 10 1 1 100 0.75 3 448 80 48 24 41 304 40 15
1 10 1 1 100 0.75 3 449 80 48 23 40 305 41 15
1 10 1 1 100 0.75 3 450 81 47 23 38 307 43 13
1 10 1 1 100 0.75 3 451 83 48 21 39 307 43 13
1 10 1 1 100 0.75 3 452 83 48 25 40 308 44 13
1 10 1 1 100 0.75 3 453 86 49 26 40 308 44 13
1 10 1 1 100 0.75 3 454 87 49 24 42 309 45 13
1 10 1 1 100 0.75 3 455 87 49 22 42 310 46 13
1 10 1 1 100 0.75 3 456 89 50 21 42 310 46 13
1 10 1 1 100 0.75 3 457 90 49 21 42 312 48 12
1 10 1 1 100 0.75 3 458 90 49 21 42 313 49 12
1 10 1 1 100 0.75 3 459 92 49 21 41 313 50 11
1 10 1 1 100 0.75 3 460 92 50 22 43 313 50 12
1 10 1 1 100 0.75 3 461 93 50 27 42 314 51 13
1 10 1 1 100 0.75 3 462 93 51 25 43 313 51 13
1 10 1 1 100 0.75 3 463 94 50 23 41 315 53 11
1 10 1 1 100 0.75 3 464 94 51 27 42 315 53 13
1 10 1 1 100 0.75 3 465 96 51 25 41 316 54 12
1 10 1 1 100 0.75 3 466 96 51 29 42 317 55 12
1 10 1 1 100 0.75 3 467 97 52 26 42 317 55 13
1 10 1 1 100 0.75 3 468 98 53 27 43 317 55 14
1 10 1 1 100 0.75 3 469 99 53 29 43 318 56 13
1 10 1 1 100 0.75 3 470 99 53 30 43 319 57 12
1 10 1 1 100 0.75 3 471 102 52 25 41 321 59 10
1 10 1 1 100 0.75 3 472 104 53 25 44 321 59 11
1 10 1 1 100 0.75 3 473 105 54 29 46 321 59 11
1 10 1 1 100 0.75 3 474 106 53 28 45 323 61 9
1 10 1 1 100 0.75 3 475 107 54 26 46 323 61 10
1 10 1 1 100 0.75 3 476 108 55 29 47 322 61 11
1 10 1 1 100 0.75 3 477 110 56 24 48 322 61 11
1 10 1 1 100 0.75 3 478 110 56 27 49 323 62 11
1 10 1 1 100 0.75 3 479 112 56 22 48 324 63 12
1 10 1 1 100 0.75 3 480 112 56 24 49 325 64 12
1 10 1 1 100 0.75 3 481 112 54 27 46 327 67 11
1 10 1 1 100 0.75 3 482 114 54 19 45 328 68 11
1 10 1 1 100 0.75 3 483 116 55 25 47 328 68 11
1 10 1 1 100 0.75 3 484 116 56 24 49 328 68 13
1 10 1 1 100 0.75 3 485 118 57 26 49 326 68 13
1 10 1 1 100 0.75 3 486 118 57 22 50 327 69 13
1 10 1 1 100 0.75 3 487 118 58 24 50 327 69 13
1 10 1 1 100 0.75 3 488 119 59 29 50 327 69 13
1 10 1 1 100 0.75 3 489 121 60 27 51 327 69 15
1 10 1 1 100 0.75 3 490 122 60 27 52 328 70 15
1 10 1 1 100 0.75 3 491 124 61 26 53 328 70 16
1 10 1 1 100 0.75 3 492 124 60 22 53 330 72 14
1 10 1 1 100 0.75 3 493 126 61 29 53 330 72 15
1 10 1 1 100 0.75 3 494 126 61 30 54 331 73 14
1 10 1 1 100 0.75 3 495 127 61 28 53 332 74 13
1 10 1 1 100 0.75 3 496 127 61 26 53 333 75 13
1 10 1 1 100 0.75 3 497 128 61 31 52 334 76 14
1 10 1 1 100 0.75 3 498 130 62 28 53 333 76 15
1 10 1 1 100 0.75 3 499 130 62 30 54 334 77 14
1 10 1 1 100 0.75 3 500 131 62 25 53 335 78 14
1 10 1 1 100 0.75 3 501 132 62 24 53 336 79 14
1 10 1 1 100 0.75 3 502 133 63 26 54 336 79 15
1 10 1 1 100 0.75 3 503 134 63 29 54 337 80 14
1 10 1 1 100 0.75 3 504 135 62 27 53 339 82 13
1 10 1 1 100 0.75 3 505 136 62 25 53 340 83 14
1 10 1 1 100 0.75 3 506 137 63 26 54 338 83 14
1 10 1 1 100 0.75 3 507 139 62 28 53 340 85 12
1 10 1 1 100 0.75 3 508 140 63 27 55 340 85 13
1 10 1 1 100 0.75 3 509 140 63 29 55 341 86 13
1 10 1 1 100 0.75 3 510 142 64 31 55 341 86 13
1 10 1 1 100 0.75 3 510 142 64 52 55 354 86 13
1 10 1 1 100 0.75 3 540 142 64 52 55 351 86 13
1 10 1 1 100 0.75 4 541 0 1 0 0 351 0 0
1 10 1 1 100 0.75 4 542 0 2 1 0 351 0 0
1 10 1 1 100 0.75 4 543 0 3 2 0 351 0 0
1 10 1 1 100 0.75 4 544 0 4 3 0 351 0 0
1 10 1 1 100 0.75 4 545 0 5 3 0 351 0 0
1 10 1 1 100 0.75 4 546 0 6 6 0 351 0 0
1 10 1 1 100 0.75 4 547 1 7 6 0 351 0 0
1 10 1 1 100 0.75 4 548 1 8 7 1 351 0 0
1 10 1 1 100 0.75 4 549 1 9 7 1 351 0 0
1 10 1 1 100 0.75 4 550 1 10 9 1 351 0 0
1 10 1 1 100 0.75 4 551 3 11 6 1 351 0 0
1 10 1 1 100 0.75 4 552 3 12 9 3 351 0 0
1 10 1 1 100 0.75 4 553 7 13 3 3 350 0 0
1 10 1 1 100 0.75 4 554 8 14 5 7 350 0 0
1 10 1 1 100 0.75 4 555 8 15 6 8 349 0 0
1 10 1 1 100 0.75 4 556 9 16 7 8 349 0 0
1 10 1 1 100 0.75 4 557 10 17 8 9 349 0 0
1 10 1 1 100 0.75 4 558 10 18 8 10 349 0 0
1 10 1 1 100 0.75 4 559 12 19 8 10 349 0 2
1 10 1 1 100 0.75 4 560 13 20 10 12 349 0 2
1 10 1 1 100 0.75 4 561 13 21 13 13 349 0 5
1 10 1 1 100 0.75 4 562 14 22 12 13 349 0 5
1 10 1 1 100 0.75 4 563 16 23 11 14 349 0 6
1 10 1 1 100 0.75 4 564 17 24 12 16 348 0 6
1 10 1 1 100 0.75 4 565 18 25 13 17 348 0 6
1 10 1 1 100 0.75 4 566 19 26 13 18 348 0 7
1 10 1 1 100 0.75 4 567 20 27 14 19 348 0 8
1 10 1 1 100 0.75 4 568 21 28 15 20 347 0 9
1 10 1 1 100 0.75 4 569 23 29 12 21 347 0 9
1 10 1 1 100 0.75 4 570 23 30 20 23 347 0 10
1 10 1 1 100 0.75 4 571 24 31 16 23 347 0 10
1 10 1 1 100 0.75 4 572 26 32 20 24 346 0 10
1 10 1 1 100 0.75 4 573 27 33 18 26 346 0 11
1 10 1 1 100 0.75 4 574 27 34 16 27 346 0 12
1 10 1 1 100 0.75 4 575 28 35 19 27 346 0 14
1 10 1 1 100 0.75 4 576 29 35 21 27 347 1 14
1 10 1 1 100 0.75 4 577 31 36 21 28 347 1 14
1 10 1 1 100 0.75 4 578 32 37 21 30 347 1 14
1 10 1 1 100 0.75 4 579 32 36 19 29 349 3 14
1 10 1 1 100 0.75 4 580 33 37 21 29 348 3 14
1 10 1 1 100 0.75 4 581 34 36 22 28 350 5 13
1 10 1 1 100 0.75 4 582 36 36 20 28 351 6 12
1 10 1 1 100 0.75 4 583 36 36 24 29 352 7 12
1 10 1 1 100 0.75 4 584 37 36 21 28 353 8 13
1 10 1 1 100 0.75 4 585 38 37 21 29 353 8 14
1 10 1 1 100 0.75 4 586 39 38 21 30 353 8 15
1 10 1 1 100 0.75 4 587 40 38 22 30 354 9 14
1 10 1 1 100 0.75 4 588 41 38 21 30 354 10 14
1 10 1 1 100 0.75 4 589 41 39 28 31 353 10 17
1 10 1 1 100 0.75 4 590 44 38 23 29 355 12 15
1 10 1 1 100 0.75 4 591 44 39 23 32 355 12 15
1 10 1 1 100 0.75 4 592 45 39 23 31 356 13 14
1 10 1 1 100 0.75 4 593 45 39 24 31 357 14 15
1 10 1 1 100 0.75 4 594 48 40 23 31 357 14 16
1 10 1 1 100 0.75 4 595 49 40 22 33 357 15 16
1 10 1 1 100 0.75 4 596 50 40 18 33 358 16 15
1 10 1 1 100 0.75 4 597 50 40 22 33 359 17 16
1 10 1 1 100 0.75 4 598 52 41 22 33 359 17 16
1 10 1 1 100 0.75 4 599 52 42 24 35 359 17 16
1 10 1 1 100 0.75 4 600 52 42 22 34 359 18 16
1 10 1 1 100 0.75 4 601 53 42 25 33 360 19 15
1 10 1 1 100 0.75 4 602 56 42 24 33 361 20 15
1 10 1 1 100 0.75 4 603 56 41 18 34 363 22 14
1 10 1 1 100 0.75 4 604 57 42 22 34 363 22 14
1 10 1 1 100 0.75 4 605 59 42 23 34 364 23 14
1 10 1 1 100 0.75 4 606 60 41 23 34 366 25 13
1 10 1 1 100 0.75 4 607 60 42 24 35 365 25 13
1 10 1 1 100 0.75 4 608 61 42 22 34 366 26 12
1 10 1 1 100 0.75 4 609 62 41 20 33 367 28 12
1 10 1 1 100 0.75 4 610 63 42 23 34 367 28 14
1 10 1 1 100 0.75 4 611 63 43 18 35 367 28 15
1 10 1 1 100 0.75 4 612 64 42 22 34 369 30 13
1 10 1 1 100 0.75 4 613 65 41 17 33 371 32 11
1 10 1 1 100 0.75 4 614 65 42 19 34 370 32 12
1 10 1 1 100 0.75 4 615 67 42 18 33 371 33 11
1 10 1 1 100 0.75 4 616 68 43 23 35 371 33 13
1 10 1 1 100 0.75 4 617 68 44 22 36 370 33 13
1 10 1 1 100 0.75 4 618 71 45 21 36 370 33 14
1 10 1 1 100 0.75 4 619 71 46 22 39 370 33 15
1 10 1 1 100 0.75 4 620 73 46 22 38 370 34 14
1 10 1 1 100 0.75 4 621 73 46 25 39 371 35 14
1 10 1 1 100 0.75 4 622 74 46 19 38 372 36 13
1 10 1 1 100 0.75 4 623 74 47 25 39 372 36 15
1 10 1 1 100 0.75 4 624 75 48 21 39 371 36 15
1 10 1 1 100 0.75 4 625 77 47 23 38 373 38 13
1 10 1 1 100 0.75 4 626 77 47 22 39 373 39 14
1 10 1 1 100 0.75 4 627 78 47 24 38 374 40 13
1 10 1 1 100 0.75 4 628 80 47 23 38 375 41 14
1 10 1 1 100 0.75 4 629 80 47 22 40 376 42 13
1 10 1 1 100 0.75 4 630 81 47 25 39 376 43 12
1 10 1 1 100 0.75 4 631 82 46 18 38 378 45 10
1 10 1 1 100 0.75 4 632 82 47 25 39 378 45 11
1 10 1 1 100 0.75 4 633 84 47 20 38 379 46 12
1 10 1 1 100 0.75 4 634 86 48 22 40 378 46 13
1 10 1 1 100 0.75 4 635 86 48 19 41 379 47 13
1 10 1 1 100 0.75 4 636 86 49 25 41 379 47 15
1 10 1 1 100 0.75 4 637 88 49 22 40 380 48 15
1 10 1 1 100 0.75 4 638 88 50 30 42 380 48 15
1 10 1 1 100 0.75 4 639 88 50 20 42 381 49 14
1 10 1 1 100 0.75 4 640 90 51 27 42 380 49 14
1 10 1 1 100 0.75 4 641 91 52 28 44 380 49 16
1 10 1 1 100 0.75 4 642 92 53 32 45 380 49 16
1 10 1 1 100 0.75 4 643 92 52 25 44 382 51 14
1 10 1 1 100 0.75 4 644 93 52 28 43 383 52 14
1 10 1 1 100 0.75 4 645 95 52 24 43 384 53 14
1 10 1 1 100 0.75 4 646 96 52 24 44 385 54 13
1 10 1 1 100 0.75 4 647 97 52 24 44 385 55 12
1 10 1 1 100 0.75 4 648 98 52 26 44 385 56 13
1 10 1 1 100 0.75 4 649 99 52 29 44 386 57 14
1 10 1 1 100 0.75 4 650 100 52 28 44 387 58 13
1 10 1 1 100 0.75 4 651 102 51 27 43 389 60 11
1 10 1 1 100 0.75 4 652 102 52 24 45 388 60 13
1 10 1 1 100 0.75 4 653 102 53 26 45 387 60 14
1 10 1 1 100 0.75 4 654 103 54 25 45 387 60 14
1 10 1 1 100 0.75 4 655 105 54 23 45 388 61 14
1 10 1 1 100 0.75 4 656 105 53 27 45 390 63 13
1 10 1 1 100 0.75 4 657 107 52 27 43 391 65 11
1 10 1 1 100 0.75 4 658 108 53 28 45 390 65 12
1 10 1 1 100 0.75 4 659 109 54 25 46 390 65 12
1 10 1 1 100 0.75 4 660 110 54 27 46 391 66 11
1 10 1 1 100 0.75 4 661 111 54 21 46 392 67 11
1 10 1 1 100 0.75 4 662 111 55 26 48 392 67 11
1 10 1 1 100 0.75 4 663 113 55 25 47 392 68 12
1 10 1 1 100 0.75 4 664 114 56 21 49 392 68 12
1 10 1 1 100 0.75 4 665 114 57 28 50 392 68 14
1 10 1 1 100 0.75 4 666 114 58 32 50 392 68 15
1 10 1 1 100 0.75 4 667 117 56 24 47 394 71 12
1 10 1 1 100 0.75 4 668 118 56 23 49 393 72 13
1 10 1 1 100 0.75 4 669 118 55 25 48 394 74 11
1 10 1 1 100 0.75 4 670 120 56 23 48 394 74 11
1 10 1 1 100 0.75 4 671 121 56 26 49 395 75 13
1 10 1 1 100 0.75 4 672 122 57 26 50 394 75 13
1 10 1 1 100 0.75 4 673 122 58 28 51 394 75 13
1 10 1 1 100 0.75 4 674 124 59 26 51 394 75 14
1 10 1 1 100 0.75 4 675 125 58 27 51 396 77 12
1 10 1 1 100 0.75 4 676 125 59 26 52 396 77 12
1 10 1 1 100 0.75 4 677 125 60 24 52 396 77 12
1 10 1 1 100 0.75 4 678 126 61 31 52 396 77 13
1 10 1 1 100 0.75 4 679 128 62 28 53 395 77 14
1 10 1 1 100 0.75 4 680 130 61 32 53 397 79 13
1 10 1 1 100 0.75 4 681 130 62 27 55 397 79 14
1 10 1 1 100 0.75 4 682 130 61 34 53 399 81 13
1 10 1 1 100 0.75 4 683 132 61 27 52 400 82 12
1 10 1 1 100 0.75 4 684 132 62 31 54 400 82 12
1 10 1 1 100 0.75 4 685 134 63 34 54 400 82 12
1 10 1 1 100 0.75 4 686 135 63 28 55 401 83 12
1 10 1 1 100 0.75 4 687 137 64 39 56 399 83 14
1 10 1 1 100 0.75 4 688 138 61 27 54 403 87 11
1 10 1 1 100 0.75 4 689 138 62 27 55 403 87 11
1 10 1 1 100 0.75 4 690 139 62 24 54 404 88 10
1 10 1 1 100 0.75 4 690 139 62 46 54 414 88 10
1 10 1 1 100 0.75 4 720 139 62 46 54 403 88 10
1 10 1 1 100 0.75 5 721 0 1 0 0 403 0 0
1 10 1 1 100 0.75 5 722 0 2 1 0 403 0 0
1 10 1 1 100 0.75 5 723 0 3 1 0 403 0 0
1 10 1 1 100 0.75 5 724 0 4 1 0 403 0 0
1 10 1 1 100 0.75 5 725 0 5 3 0 403 0 0
1 10 1 1 100 0.75 5 726 0 6 2 0 403 0 0
1 10 1 1 100 0.75 5 727 0 7 4 0 403 0 0
1 10 1 1 100 0.75 5 728 1 8 5 0 403 0 0
1 10 1 1 100 0.75 5 729 2 9 5 1 403 0 0
1 10 1 1 100 0.75 5 730 2 10 6 3 402 0 0
1 10 1 1 100 0.75 5 731 4 11 3 3 402 0 0
1 10 1 1 100 0.75 5 732 4 12 6 5 402 0 0
1 10 1 1 100 0.75 5 733 6 13 4 5 402 0 0
1 10 1 1 100 0.75 5 734 7 14 6 7 402 0 0
1 10 1 1 100 0.75 5 735 8 15 3 8 402 0 0
1 10 1 1 100 0.75 5 736 9 16 3 9 402 0 1
1 10 1 1 100 0.75 5 737 9 17 6 10 402 0 3
1 10 1 1 100 0.75 5 738 9 18 8 10 402 0 3
1 10 1 1 100 0.75 5 739 11 19 9 10 402 0 3
1 10 1 1 100 0.75 5 740 12 20 8 12 402 0 4
1 10 1 1 100 0.75 5 741 13 21 10 13 402 0 6
1 10 1 1 100 0.75 5 742 15 22 13 14 402 0 7
1 10 1 1 100 0.75 5 743 15 23 11 16 402 0 8
1 10 1 1 100 0.75 5 744 16 24 11 16 402 0 8
1 10 1 1 100 0.75 5 745 17 25 12 17 401 0 8
1 10 1 1 100 0.75 5 746 18 26 10 18 401 0 9
1 10 1 1 100 0.75 5 747 19 27 15 19 401 0 10
1 10 1 1 100 0.75 5 748 20 28 12 20 401 0 11
1 10 1 1 100 0.75 5 749 22 29 16 21 401 0 11
1 10 1 1 100 0.75 5 750 22 30 18 23 401 0 13
1 10 1 1 100 0.75 5 751 23 31 17 23 400 0 13
1 10 1 1 100 0.75 5 752 23 32 18 24 399 0 14
1 10 1 1 100 0.75 5 753 24 32 14 23 400 1 13
1 10 1 1 100 0.75 5 754 25 33 24 24 400 1 15
1 10 1 1 100 0.75 5 755 26 32 19 23 402 3 14
1 10 1 1 100 0.75 5 756 28 32 19 23 403 4 14
1 10 1 1 100 0.75 5 757 28 33 20 25 403 4 14
1 10 1 1 100 0.75 5 758 29 34 18 25 403 4 15
1 10 1 1 100 0.75 5 759 32 33 13 24 405 6 13
1 10 1 1 100 0.75 5 760 32 33 16 26 406 7 12
1 10 1 1 100 0.75 5 761 33 33 13 25 406 8 11
1 10 1 1 100 0.75 5 762 34 34 16 26 406 8 12
1 10 1 1 100 0.75 5 763 36 35 19 27 406 8 14
1 10 1 1 100 0.75 5 764 36 35 16 28 407 9 14
1 10 1 1 100 0.75 5 765 38 34 14 26 409 11 12
1 10 1 1 100 0.75 5 766 38 35 17 28 409 11 12
1 10 1 1 100 0.75 5 767 40 35 19 27 410 12 12
1 10 1 1 100 0.75 5 768 40 35 16 28 410 13 12
1 10 1 1 100 0.75 5 769 41 35 16 27 411 14 12
1 10 1 1 100 0.75 5 770 42 36 20 28 411 14 12
1 10 1 1 100 0.75 5 771 43 35 21 27 413 16 10
1 10 1 1 100 0.75 5 772 43 35 18 27 414 17 9
1 10 1 1 100 0.75 5 773 44 36 15 27 414 17 9
1 10 1 1 100 0.75 5 774 45 37 19 28 414 17 10
1 10 1 1 100 0.75 5 775 47 37 16 28 415 18 9
1 10 1 1 100 0.75 5 776 49 38 20 30 415 18 10
1 10 1 1 100 0.75 5 777 49 39 19 32 415 18 10
1 10 1 1 100 0.75 5 778 50 39 21 31 416 19 10
1 10 1 1 100 0.75 5 779 51 40 18 32 416 19 10
1 10 1 1 100 0.75 5 780 52 39 19 31 417 21 8
1 10 1 1 100 0.75 5 781 53 39 18 31 417 22 7
1 10 1 1 100 0.75 5 782 54 40 18 32 417 22 8
1 10 1 1 100 0.75 5 783 55 40 15 32 418 23 8
1 10 1 1 100 0.75 5 784 57 39 17 31 420 25 7
1 10 1 1 100 0.75 5 785 58 39 12 32 421 26 6
1 10 1 1 100 0.75 5 786 59 40 20 33 421 26 7
1 10 1 1 100 0.75 5 787 60 41 13 34 420 26 9
1 10 1 1 100 0.75 5 788 61 42 16 35 420 26 9
1 10 1 1 100 0.75 5 789 62 43 23 36 420 26 10
1 10 1 1 100 0.75 5 790 62 43 17 36 421 27 9
1 10 1 1 100 0.75 5 791 63 44 21 36 421 27 10
1 10 1 1 100 0.75 5 792 64 44 23 36 422 28 10
1 10 1 1 100 0.75 5 793 65 45 18 37 422 28 10
1 10 1 1 100 0.75 5 794 67 45 20 37 423 29 10
1 10 1 1 100 0.75 5 795 67 46 13 39 423 29 10
1 10 1 1 100 0.75 5 796 69 47 24 39 423 29 12
1 10 1 1 100 0.75 5 797 70 48 23 41 423 29 12
1 10 1 1 100 0.75 5 798 70 49 24 42 422 29 12
1 10 1 1 100 0.75 5 799 71 50 23 42 422 29 12
1 10 1 1 100 0.75 5 800 72 50 22 42 423 30 12
1 10 1 1 100 0.75 5 801 72 49 19 41 425 32 10
1 10 1 1 100 0.75 5 802 73 50 23 41 424 32 12
1 10 1 1 100 0.75 5 803 75 50 22 41 424 33 11
1 10 1 1 100 0.75 5 804 76 51 23 43 424 33 13
1 10 1 1 100 0.75 5 805 76 52 21 45 424 33 14
1 10 1 1 100 0.75 5 806 78 51 22 43 426 35 12
1 10 1 1 100 0.75 5 807 78 51 16 44 427 36 12
1 10 1 1 100 0.75 5 808 79 51 22 43 428 37 11
1 10 1 1 100 0.75 5 809 80 52 19 44 425 37 12
1 10 1 1 100 0.75 5 810 81 52 23 44 426 38 13
1 10 1 1 100 0.75 5 811 82 52 25 44 427 39 14
1 10 1 1 100 0.75 5 812 83 53 27 45 426 39 14
1 10 1 1 100 0.75 5 813 83 54 25 46 425 39 14
1 10 1 1 100 0.75 5 814 84 54 26 45 426 40 15
1 10 1 1 100 0.75 5 815 87 54 25 45 427 41 14
1 10 1 1 100 0.75 5 816 88 54 20 47 427 42 13
1 10 1 1 100 0.75 5 817 89 54 21 47 428 43 13
1 10 1 1 100 0.75 5 818 89 55 25 48 427 43 14
1 10 1 1 100 0.75 5 819 91 55 22 47 428 44 14
1 10 1 1 100 0.75 5 820 91 55 26 48 429 45 13
1 10 1 1 100 0.75 5 821 92 55 26 47 429 46 12
1 10 1 1 100 0.75 5 822 93 56 25 48 429 46 15
1 10 1 1 100 0.75 5 823 94 56 26 48 430 47 16
1 10 1 1 100 0.75 5 824 95 56 25 48 431 48 15
1 10 1 1 100 0.75 5 825 96 57 26 49 431 48 16
1 10 1 1 100 0.75 5 826 97 56 24 48 433 50 16
1 10 1 1 100 0.75 5 827 98 56 24 48 434 51 15
1 10 1 1 100 0.75 5 828 99 56 24 48 434 52 14
1 10 1 1 100 0.75 5 829 99 57 24 49 434 52 15
1 10 1 1 100 0.75 5 830 101 57 26 48 435 53 14
1 10 1 1 100 0.75 5 831 102 58 28 50 435 53 15
1 10 1 1 100 0.75 5 832 102 58 30 50 436 54 14
1 10 1 1 100 0.75 5 833 103 57 27 48 437 56 13
1 10 1 1 100 0.75 5 834 105 56 23 47 439 58 11
1 10 1 1 100 0.75 5 835 107 57 24 49 439 58 13
1 10 1 1 100 0.75 5 836 107 58 24 51 439 58 13
1 10 1 1 100 0.75 5 837 108 59 28 51 439 58 14
1 10 1 1 100 0.75 5 838 110 60 26 52 439 58 15
1 10 1 1 100 0.75 5 839 110 59 26 52 439 60 13
1 10 1 1 100 0.75 5 840 111 59 29 52 440 61 12
1 10 1 1 100 0.75 5 841 112 58 29 51 442 63 11
1 10 1 1 100 0.75 5 842 113 59 24 52 442 63 11
1 10 1 1 100 0.75 5 843 113 58 26 51 444 65 10
1 10 1 1 100 0.75 5 844 114 58 26 50 445 66 10
1 10 1 1 100 0.75 5 845 116 59 26 51 444 66 12
1 10 1 1 100 0.75 5 846 117 59 22 52 445 67 11
1 10 1 1 100 0.75 5 847 118 60 28 53 445 67 11
1 10 1 1 100 0.75 5 848 119 61 29 54 445 67 13
1 10 1 1 100 0.75 5 849 120 62 25 55 445 67 14
1 10 1 1 100 0.75 5 850 120 63 25 56 445 67 14
1 10 1 1 100 0.75 5 851 121 63 28 55 446 68 13
1 10 1 1 100 0.75 5 852 122 62 28 54 447 70 11
1 10 1 1 100 0.75 5 853 122 61 21 53 448 72 11
1 10 1 1 100 0.75 5 854 124 61 28 53 449 73 10
1 10 1 1 100 0.75 5 855 124 62 22 55 449 73 11
1 10 1 1 100 0.75 5 856 125 63 22 55 449 73 11
1 10 1 1 100 0.75 5 857 126 63 21 55 450 74 10
1 10 1 1 100 0.75 5 858 127 64 20 56 450 74 10
1 10 1 1 100 0.75 5 859 128 65 22 57 450 74 11
1 10 1 1 100 0.75 5 860 129 65 27 57 451 75 10
1 10 1 1 100 0.75 5 861 129 66 24 58 451 75 12
1 10 1 1 100 0.75 5 862 130 65 24 56 453 77 10
1 10 1 1 100 0.75 5 863 132 65 23 57 454 78 9
1 10 1 1 100 0.75 5 864 132 66 31 59 454 78 11
1 10 1 1 100 0.75 5 865 133 66 24 58 455 79 10
1 10 1 1 100 0.75 5 866 134 67 31 59 455 79 12
1 10 1 1 100 0.75 5 867 135 66 23 58 457 81 10
1 10 1 1 100 0.75 5 868 136 67 21 59 457 81 11
1 10 1 1 100 0.75 5 869 137 67 18 59 458 82 10
1 10 1 1 100 0.75 5 870 137 67 23 59 459 83 12
1 10 1 1 100 0.75 5 870 137 67 49 59 470 83 12
1 10 1 1 100 0.75 5 900 137 67 49 59 468 83 12
1 10 1 1 100 0.75 6 901 0 1 1 0 468 0 0
1 10 1 1 100 0.75 6 902 0 2 2 0 468 0 0
1 10 1 1 100 0.75 6 903 0 3 3 0 468 0 0
1 10 1 1 100 0.75 6 904 0 4 4 0 468 0 0
1 10 1 1 100 0.75 6 905 0 5 5 0 468 0 0
1 10 1 1 100 0.75 6 906 0 6 5 0 468 0 0
1 10 1 1 100 0.75 6 907 0 7 5 0 468 0 0
1 10 1 1 100 0.75 6 908 1 8 6 0 468 0 0
1 10 1 1 100 0.75 6 909 1 9 5 1 468 0 0
1 10 1 1 100 0.75 6 910 4 10 4 1 468 0 0
1 10 1 1 100 0.75 6 911 4 11 5 4 468 0 0
1 10 1 1 100 0.75 6 912 4 12 3 4 468 0 0
1 10 1 1 100 0.75 6 913 5 13 6 4 468 0 0
1 10 1 1 100 0.75 6 914 7 14 4 5 468 0 0
1 10 1 1 100 0.75 6 915 7 15 6 7 467 0 0
1 10 1 1 100 0.75 6 916 10 16 5 7 467 0 0
1 10 1 1 100 0.75 6 917 10 17 4 10 467 0 0
1 10 1 1 100 0.75 6 918 11 18 10 10 467 0 2
1 10 1 1 100 0.75 6 919 13 19 6 11 466 0 2
1 10 1 1 100 0.75 6 920 14 20 4 13 466 0 2
1 10 1 1 100 0.75 6 921 15 21 7 14 465 0 4
1 10 1 1 100 0.75 6 922 15 22 10 15 463 0 4
1 10 1 1 100 0.75 6 923 15 23 9 15 463 0 5
1 10 1 1 100 0.75 6 924 15 24 12 15 463 0 6
1 10 1 1 100 0.75 6 925 16 25 13 15 463 0 6
1 10 1 1 100 0.75 6 926 18 26 14 16 463 0 8
1 10 1 1 100 0.75 6 927 20 27 14 18 463 0 9
1 10 1 1 100 0.75 6 928 20 28 16 20 463 0 11
1 10 1 1 100 0.75 6 929 22 29 10 20 462 0 11
1 10 1 1 100 0.75 6 930 23 30 15 22 462 0 11
1 10 1 1 100 0.75 6 931 25 31 13 23 462 0 11
1 10 1 1 100 0.75 6 932 25 32 17 25 462 0 11
1 10 1 1 100 0.75 6 933 26 33 19 25 462 0 12
1 10 1 1 100 0.75 6 934 28 34 14 26 462 0 13
1 10 1 1 100 0.75 6 935 28 34 15 27 463 1 13
1 10 1 1 100 0.75 6 936 29 34 18 26 464 2 13
1 10 1 1 100 0.75 6 937 31 35 16 27 464 2 15
1 10 1 1 100 0.75 6 938 31 35 17 28 465 3 16
1 10 1 1 100 0.75 6 939 33 34 14 26 466 5 14
1 10 1 1 100 0.75 6 940 34 34 17 27 467 6 13
1 10 1 1 100 0.75 6 941 34 34 15 27 468 7 13
1 10 1 1 100 0.75 6 942 34 35 20 27 468 7 13
1 10 1 1 100 0.75 6 943 37 34 16 25 470 9 12
1 10 1 1 100 0.75 6 944 37 34 15 27 471 10 11
1 10 1 1 100 0.75 6 945 38 35 13 27 471 10 12
1 10 1 1 100 0.75 6 946 40 35 16 27 472 11 12
1 10 1 1 100 0.75 6 947 40 36 16 29 472 11 13
1 10 1 1 100 0.75 6 948 41 37 18 29 472 11 14
1 10 1 1 100 0.75 6 949 43 38 16 30 472 11 14
1 10 1 1 100 0.75 6 950 43 39 16 32 472 11 15
1 10 1 1 100 0.75 6 951 44 38 13 30 474 13 15
1 10 1 1 100 0.75 6 952 45 38 23 30 475 14 15
1 10 1 1 100 0.75 6 953 46 39 21 31 475 14 15
1 10 1 1 100 0.75 6 954 47 39 16 31 476 15 16
1 10 1 1 100 0.75 6 955 49 39 19 31 477 16 15
1 10 1 1 100 0.75 6 956 49 39 13 32 477 17 15
1 10 1 1 100 0.75 6 957 50 38 15 30 479 19 14
1 10 1 1 100 0.75 6 958 50 38 13 30 480 20 14
1 10 1 1 100 0.75 6 959 53 39 16 30 480 20 14
1 10 1 1 100 0.75 6 960 54 40 15 33 480 20 14
1 10 1 1 100 0.75 6 961 54 38 12 31 483 23 12
1 10 1 1 100 0.75 6 962 55 39 14 31 483 23 12
1 10 1 1 100 0.75 6 963 56 40 17 32 483 23 13
1 10 1 1 100 0.75 6 964 57 41 20 33 483 23 13
1 10 1 1 100 0.75 6 965 58 41 20 33 484 24 13
1 10 1 1 100 0.75 6 966 60 42 20 34 484 24 13
1 10 1 1 100 0.75 6 967 60 40 16 33 487 27 12
1 10 1 1 100 0.75 6 968 61 40 15 32 488 28 12
1 10 1 1 100 0.75 6 969 62 41 15 33 487 28 12
1 10 1 1 100 0.75 6 970 63 41 16 33 487 29 12
1 10 1 1 100 0.75 6 971 64 41 18 33 488 30 12
1 10 1 1 100 0.75 6 972 65 42 16 34 488 30 13
1 10 1 1 100 0.75 6 973 65 43 19 36 488 30 13
1 10 1 1 100 0.75 6 974 67 41 17 33 491 33 11
1 10 1 1 100 0.75 6 975 67 42 18 35 491 33 11
1 10 1 1 100 0.75 6 976 68 43 16 35 491 33 11
1 10 1 1 100 0.75 6 977 68 43 16 35 491 34 11
1 10 1 1 100 0.75 6 978 70 44 15 35 490 34 12
1 10 1 1 100 0.75 6 979 71 45 20 37 490 34 12
1 10 1 1 100 0.75 6 980 72 44 18 36 492 36 11
1 10 1 1 100 0.75 6 981 73 45 22 37 492 36 11
1 10 1 1 100 0.75 6 982 73 45 22 37 493 37 11
1 10 1 1 100 0.75 6 983 75 46 21 37 493 37 11
1 10 1 1 100 0.75 6 984 76 46 16 38 494 38 10
1 10 1 1 100 0.75 6 985 77 45 18 37 495 40 10
1 10 1 1 100 0.75 6 986 78 46 15 38 495 40 10
1 10 1 1 100 0.75 6 987 79 47 23 39 494 40 11
1 10 1 1 100 0.75 6 988 80 46 19 38 496 42 9
1 10 1 1 100 0.75 6 989 80 47 24 39 496 42 9
1 10 1 1 100 0.75 6 990 82 47 17 38 497 43 10
1 10 1 1 100 0.75 6 991 84 48 22 40 497 43 11
1 10 1 1 100 0.75 6 992 84 49 19 42 496 43 12
1 10 1 1 100 0.75 6 993 85 49 17 41 497 44 11
1 10 1 1 100 0.75 6 994 86 49 21 41 498 45 12
1 10 1 1 100 0.75 6 995 87 50 21 42 498 45 13
1 10 1 1 100 0.75 6 996 89 51 19 43 497 45 13
1 10 1 1 100 0.75 6 997 90 51 20 44 498 46 13
1 10 1 1 100 0.75 6 998 91 50 16 43 500 48 13
1 10 1 1 100 0.75 6 999 92 51 22 44 500 48 14
1 10 1 1 100 0.75 6 1000 93 52 19 45 500 48 14
1 10 1 1 100 0.75 6 1001 94 53 23 46 499 48 16
1 10 1 1 100 0.75 6 1002 94 53 23 46 500 49 15
1 10 1 1 100 0.75 6 1003 94 53 22 45 501 50 14
1 10 1 1 100 0.75 6 1004 97 54 24 45 500 50 15
1 10 1 1 100 0.75 6 1005 97 55 21 48 500 50 16
1 10 1 1 100 0.75 6 1006 98 56 25 48 500 50 16
1 10 1 1 100 0.75 6 1007 100 56 25 48 501 51 16
1 10 1 1 100 0.75 6 1008 100 55 26 48 503 53 14
1 10 1 1 100 0.75 6 1009 100 55 30 47 504 54 14
1 10 1 1 100 0.75 6 1010 101 54 23 46 506 56 12
1 10 1 1 100 0.75 6 1011 102 55 19 47 505 56 14
1 10 1 1 100 0.75 6 1012 104 55 19 47 506 57 14
1 10 1 1 100 0.75 6 1013 105 55 17 48 507 58 13
1 10 1 1 100 0.75 6 1014 105 55 16 48 508 59 12
1 10 1 1 100 0.75 6 1015 106 55 23 47 508 60 12
1 10 1 1 100 0.75 6 1016 108 56 18 48 508 60 12
1 10 1 1 100 0.75 6 1017 108 57 18 50 508 60 13
1 10 1 1 100 0.75 6 1018 109 55 19 48 510 63 11
1 10 1 1 100 0.75 6 1019 110 56 21 49 510 63 12
1 10 1 1 100 0.75 6 1020 110 54 24 47 513 66 9
1 10 1 1 100 0.75 6 1021 111 55 18 47 513 66 10
1 10 1 1 100 0.75 6 1022 112 56 18 48 512 66 11
1 10 1 1 100 0.75 6 1023 113 57 22 49 511 66 13
1 10 1 1 100 0.75 6 1024 114 58 22 50 511 66 13
1 10 1 1 100 0.75 6 1025 115 58 24 50 512 67 13
1 10 1 1 100 0.75 6 1026 116 59 23 51 512 67 14
1 10 1 1 100 0.75 6 1027 117 59 25 51 513 68 13
1 10 1 1 100 0.75 6 1028 117 59 21 51 514 69 13
1 10 1 1 100 0.75 6 1029 117 58 21 50 514 71 12
1 10 1 1 100 0.75 6 1030 118 59 26 50 514 71 12
1 10 1 1 100 0.75 6 1031 120 60 24 51 514 71 13
1 10 1 1 100 0.75 6 1032 121 60 27 52 514 72 12
1 10 1 1 100 0.75 6 1033 122 61 21 53 514 72 12
1 10 1 1 100 0.75 6 1034 123 61 19 53 515 73 12
1 10 1 1 100 0.75 6 1035 123 61 23 53 516 74 11
1 10 1 1 100 0.75 6 1036 125 62 24 53 515 74 12
1 10 1 1 100 0.75 6 1037 126 62 25 54 516 75 12
1 10 1 1 100 0.75 6 1038 128 63 23 55 516 75 12
1 10 1 1 100 0.75 6 1039 128 63 23 56 517 76 13
1 10 1 1 100 0.75 6 1040 130 64 30 56 517 76 14
1 10 1 1 100 0.75 6 1041 130 62 21 55 518 79 12
1 10 1 1 100 0.75 6 1042 131 63 27 56 517 79 12
1 10 1 1 100 0.75 6 1043 131 63 25 56 518 80 11
1 10 1 1 100 0.75 6 1044 132 64 29 56 517 80 13
1 10 1 1 100 0.75 6 1045 133 64 25 56 518 81 12
1 10 1 1 100 0.75 6 1046 133 65 28 57 518 81 13
1 10 1 1 100 0.75 6 1047 136 65 27 56 519 82 12
1 10 1 1 100 0.75 6 1048 136 65 23 58 520 83 13
1 10 1 1 100 0.75 6 1049 138 65 23 57 521 84 14
1 10 1 1 100 0.75 6 1050 138 66 28 59 521 84 14
1 10 1 1 100 0.75 6 1050 138 66 43 59 535 84 14
1 10 1 1 100 0.75 6 1080 138 66 43 59 526 84 14
1 10 1 1 100 0.75 7 1081 0 1 1 0 526 0 0
1 10 1 1 100 0.75 7 1082 0 2 2 0 526 0 0
1 10 1 1 100 0.75 7 1083 0 3 2 0 526 0 0
1 10 1 1 100 0.75 7 1084 0 4 3 0 526 0 0
1 10 1 1 100 0.75 7 1085 0 5 3 0 526 0 0
1 10 1 1 100 0.75 7 1086 0 6 4 0 526 0 0
1 10 1 1 100 0.75 7 1087 1 7 4 0 526 0 0
1 10 1 1 100 0.75 7 1088 1 8 4 1 526 0 0
1 10 1 1 100 0.75 7 1089 2 9 5 1 526 0 0
1 10 1 1 100 0.75 7 1090 3 10 5 2 526 0 0
1 10 1 1 100 0.75 7 1091 4 11 6 3 526 0 0
1 10 1 1 100 0.75 7 1092 6 12 3 4 525 0 0
1 10 1 1 100 0.75 7 1093 6 13 4 6 525 0 0
1 10 1 1 100 0.75 7 1094 7 14 2 6 525 0 0
1 10 1 1 100 0.75 7 1095 8 15 5 7 525 0 0
1 10 1 1 100 0.75 7 1096 10 16 5 8 524 0 0
1 10 1 1 100 0.75 7 1097 11 17 6 10 524 0 0
1 10 1 1 100 0.75 7 1098 11 18 7 11 524 0 1
1 10 1 1 100 0.75 7 1099 13 19 7 11 524 0 2
1 10 1 1 100 0.75 7 1100 13 20 9 13 524 0 3
1 10 1 1 100 0.75 7 1101 14 21 8 13 524 0 3
1 10 1 1 100 0.75 7 1102 15 22 9 14 524 0 3
1 10 1 1 100 0.75 7 1103 16 23 13 15 522 0 5
1 10 1 1 100 0.75 7 1104 17 24 12 16 522 0 6
1 10 1 1 100 0.75 7 1105 19 25 5 17 522 0 6
1 10 1 1 100 0.75 7 1106 20 26 9 19 521 0 6
1 10 1 1 100 0.75 7 1107 21 27 10 20 521 0 7
1 10 1 1 100 0.75 7 1108 21 28 12 21 520 0 8
1 10 1 1 100 0.75 7 1109 22 29 9 21 520 0 8
1 10 1 1 100 0.75 7 1110 23 30 12 22 520 0 10
1 10 1 1 100 0.75 7 1111 25 31 12 23 520 0 10
1 10 1 1 100 0.75 7 1112 25 32 16 25 520 0 11
1 10 1 1 100 0.75 7 1113 27 33 15 25 520 0 11
1 10 1 1 100 0.75 7 1114 28 34 14 27 520 0 12
1 10 1 1 100 0.75 7 1115 28 34 12 27 521 1 11
1 10 1 1 100 0.75 7 1116 28 33 12 25 523 3 9
1 10 1 1 100 0.75 7 1117 30 34 14 25 523 3 10
1 10 1 1 100 0.75 7 1118 31 35 16 27 523 3 10
1 10 1 1 100 0.75 7 1119 33 35 15 27 524 4 11
1 10 1 1 100 0.75 7 1120 33 36 12 29 524 4 12
1 10 1 1 100 0.75 7 1121 34 37 17 29 523 4 14
1 10 1 1 100 0.75 7 1122 35 36 10 28 525 6 12
1 10 1 1 100 0.75 7 1123 36 37 13 29 525 6 12
1 10 1 1 100 0.75 7 1124 38 37 15 29 526 7 12
1 10 1 1 100 0.75 7 1125 39 37 13 30 526 8 13
1 10 1 1 100 0.75 7 1126 40 38 14 31 526 8 13
1 10 1 1 100 0.75 7 1127 41 38 12 31 526 9 14
1 10 1 1 100 0.75 7 1128 42 38 13 31 527 10 13
1 10 1 1 100 0.75 7 1129 43 38 12 31 527 11 13
1 10 1 1 100 0.75 7 1130 44 39 13 32 527 11 13
1 10 1 1 100 0.75 7 1131 45 39 19 32 528 12 13
1 10 1 1 100 0.75 7 1132 45 40 13 33 528 12 14
1 10 1 1 100 0.75 7 1133 46 41 19 33 527 12 14
1 10 1 1 100 0.75 7 1134 46 42 22 34 527 12 15
1 10 1 1 100 0.75 7 1135 47 43 17 35 527 12 16
1 10 1 1 100 0.75 7 1136 48 42 17 34 529 14 15
1 10 1 1 100 0.75 7 1137 50 40 14 32 532 17 12
1 10 1 1 100 0.75 7 1138 50 41 12 34 532 17 13
1 10 1 1 100 0.75 7 1139 51 41 15 33 533 18 12
1 10 1 1 100 0.75 7 1140 53 41 18 33 533 19 12
1 10 1 1 100 0.75 7 1141 54 42 22 35 531 19 13
1 10 1 1 100 0.75 7 1142 54 43 18 36 530 19 14
1 10 1 1 100 0.75 7 1143 55 44 17 36 529 19 15
1 10 1 1 100 0.75 7 1144 56 43 17 35 531 21 14
1 10 1 1 100 0.75 7 1145 58 43 19 35 532 22 14
1 10 1 1 100 0.75 7 1146 58 43 20 36 533 23 14
1 10 1 1 100 0.75 7 1147 59 44 13 36 532 23 15
1 10 1 1 100 0.75 7 1148 59 44 17 36 531 24 15
1 10 1 1 100 0.75 7 1149 61 45 25 36 529 24 16
1 10 1 1 100 0.75 7 1150 63 46 17 38 529 24 16
1 10 1 1 100 0.75 7 1151 63 46 22 39 529 25 16
1 10 1 1 100 0.75 7 1152 64 46 18 38 530 26 15
1 10 1 1 100 0.75 7 1153 65 46 23 38 531 27 16
1 10 1 1 100 0.75 7 1154 66 46 19 38 532 28 15
1 10 1 1 100 0.75 7 1155 67 45 23 37 532 30 14
1 10 1 1 100 0.75 7 1156 68 46 17 38 532 30 14
1 10 1 1 100 0.75 7 1157 69 46 21 38 533 31 17
1 10 1 1 100 0.75 7 1158 71 46 18 38 533 32 16
1 10 1 1 100 0.75 7 1159 71 47 24 40 533 32 17
1 10 1 1 100 0.75 7 1160 72 47 25 39 533 33 16
1 10 1 1 100 0.75 7 1161 73 48 18 40 533 33 17
1 10 1 1 100 0.75 7 1162 73 47 24 39 535 35 16
1 10 1 1 100 0.75 7 1163 74 47 23 38 536 36 16
1 10 1 1 100 0.75 7 1164 75 47 26 38 536 37 16
1 10 1 1 100 0.75 7 1165 77 46 21 38 538 39 14
1 10 1 1 100 0.75 7 1166 78 46 22 39 538 40 14
1 10 1 1 100 0.75 7 1167 78 47 23 40 537 40 15
1 10 1 1 100 0.75 7 1168 78 48 22 40 537 40 16
1 10 1 1 100 0.75 7 1169 81 48 26 39 538 41 15
1 10 1 1 100 0.75 7 1170 81 48 19 41 539 42 15
1 10 1 1 100 0.75 7 1171 83 48 22 40 540 43 15
1 10 1 1 100 0.75 7 1172 84 48 22 41 541 44 15
1 10 1 1 100 0.75 7 1173 84 49 29 42 540 44 15
1 10 1 1 100 0.75 7 1174 86 49 18 41 541 45 15
1 10 1 1 100 0.75 7 1175 86 48 19 41 543 47 13
1 10 1 1 100 0.75 7 1176 88 48 20 40 544 48 14
1 10 1 1 100 0.75 7 1177 88 49 18 42 543 48 14
1 10 1 1 100 0.75 7 1178 89 50 14 42 542 48 14
1 10 1 1 100 0.75 7 1179 90 49 24 41 544 50 12
1 10 1 1 100 0.75 7 1180 90 49 21 41 545 51 11
1 10 1 1 100 0.75 7 1181 92 49 21 40 546 52 10
1 10 1 1 100 0.75 7 1182 94 50 16 42 546 52 12
1 10 1 1 100 0.75 7 1183 94 49 14 42 548 54 10
1 10 1 1 100 0.75 7 1184 96 49 20 41 549 55 10
1 10 1 1 100 0.75 7 1185 96 49 20 42 550 56 9
1 10 1 1 100 0.75 7 1186 97 50 23 42 550 56 10
1 10 1 1 100 0.75 7 1187 99 50 20 42 551 57 9
1 10 1 1 100 0.75 7 1188 99 49 18 42 553 59 8
1 10 1 1 100 0.75 7 1189 99 50 21 42 552 59 9
1 10 1 1 100 0.75 7 1190 102 51 23 42 551 59 9
1 10 1 1 100 0.75 7 1191 102 51 13 44 552 60 8
1 10 1 1 100 0.75 7 1192 104 52 17 44 552 60 9
1 10 1 1 100 0.75 7 1193 105 52 17 45 553 61 8
1 10 1 1 100 0.75 7 1194 106 53 22 46 553 61 11
1 10 1 1 100 0.75 7 1195 106 54 17 47 551 61 11
1 10 1 1 100 0.75 7 1196 106 54 21 46 552 62 10
1 10 1 1 100 0.75 7 1197 107 55 17 47 552 62 12
1 10 1 1 100 0.75 7 1198 108 56 24 48 552 62 13
1 10 1 1 100 0.75 7 1199 109 56 22 49 552 63 12
1 10 1 1 100 0.75 7 1200 109 56 15 49 553 64 12
1 10 1 1 100 0.75 7 1201 110 57 22 49 553 64 12
1 10 1 1 100 0.75 7 1202 111 57 25 49 553 65 12
1 10 1 1 100 0.75 7 1203 112 57 23 49 554 66 12
1 10 1 1 100 0.75 7 1204 113 57 20 49 555 67 11
1 10 1 1 100 0.75 7 1205 114 58 25 50 555 67 13
1 10 1 1 100 0.75 7 1206 116 59 24 51 555 67 15
1 10 1 1 100 0.75 7 1207 116 60 22 53 555 67 15
1 10 1 1 100 0.75 7 1208 117 60 27 52 556 68 15
1 10 1 1 100 0.75 7 1209 119 61 17 53 556 68 15
1 10 1 1 100 0.75 7 1210 120 61 28 54 557 69 16
1 10 1 1 100 0.75 7 1211 120 62 24 55 557 69 17
1 10 1 1 100 0.75 7 1212 121 62 28 54 558 70 17
1 10 1 1 100 0.75 7 1213 123 60 22 52 561 73 15
1 10 1 1 100 0.75 7 1214 123 61 29 54 561 73 16
1 10 1 1 100 0.75 7 1215 124 61 25 53 562 74 15
1 10 1 1 100 0.75 7 1216 124 62 26 54 562 74 16
1 10 1 1 100 0.75 7 1217 125 62 28 53 563 75 17
1 10 1 1 100 0.75 7 1218 127 62 28 53 564 76 16
1 10 1 1 100 0.75 7 1219 128 62 24 54 565 77 15
1 10 1 1 100 0.75 7 1220 129 63 24 55 565 77 17
1 10 1 1 100 0.75 7 1221 131 63 24 55 564 78 17
1 10 1 1 100 0.75 7 1222 132 63 21 56 565 79 16
1 10 1 1 100 0.75 7 1223 132 62 20 55 567 81 14
1 10 1 1 100 0.75 7 1224 133 62 19 54 568 82 13
1 10 1 1 100 0.75 7 1225 134 61 22 53 570 84 12
1 10 1 1 100 0.75 7 1226 136 62 25 54 570 84 13
1 10 1 1 100 0.75 7 1227 137 63 22 56 570 84 14
1 10 1 1 100 0.75 7 1228 137 64 33 57 570 84 15
1 10 1 1 100 0.75 7 1229 137 64 27 56 569 85 15
1 10 1 1 100 0.75 7 1230 138 63 22 54 571 87 13
1 10 1 1 100 0.75 7 1230 138 63 32 54 583 87 13
1 10 1 1 100 0.75 7 1260 138 63 32 54 567 87 13
1 10 1 1 100 0.75 8 1261 0 1 0 0 567 0 0
1 10 1 1 100 0.75 8 1262 0 2 0 0 567 0 0
1 10 1 1 100 0.75 8 1263 0 3 1 0 567 0 0
1 10 1 1 100 0.75 8 1264 0 4 2 0 567 0 0
1 10 1 1 100 0.75 8 1265 0 5 2 0 567 0 0
1 10 1 1 100 0.75 8 1266 0 6 2 0 567 0 0
1 10 1 1 100 0.75 8 1267 0 7 2 0 567 0 0
1 10 1 1 100 0.75 8 1268 1 8 4 1 567 0 0
1 10 1 1 100 0.75 8 1269 1 9 3 2 567 0 0
1 10 1 1 100 0.75 8 1270 2 10 4 2 567 0 0
1 10 1 1 100 0.75 8 1271 4 11 3 3 567 0 0
1 10 1 1 100 0.75 8 1272 5 12 2 5 567 0 0
1 10 1 1 100 0.75 8 1273 6 13 4 6 567 0 0
1 10 1 1 100 0.75 8 1274 7 14 1 7 567 0 1
1 10 1 1 100 0.75 8 1275 8 15 4 8 567 0 1
1 10 1 1 100 0.75 8 1276 8 16 6 9 567 0 2
1 10 1 1 100 0.75 8 1277 9 17 6 9 567 0 2
1 10 1 1 100 0.75 8 1278 11 18 6 10 567 0 4
1 10 1 1 100 0.75 8 1279 11 19 6 12 567 0 4
1 10 1 1 100 0.75 8 1280 12 20 8 12 567 0 6
1 10 1 1 100 0.75 8 1281 14 21 9 13 567 0 7
1 10 1 1 100 0.75 8 1282 14 22 10 15 567 0 8
1 10 1 1 100 0.75 8 1283 15 23 10 15 567 0 8
1 10 1 1 100 0.75 8 1284 16 24 9 16 567 0 8
1 10 1 1 100 0.75 8 1285 18 25 7 17 567 0 9
1 10 1 1 100 0.75 8 1286 18 26 14 19 567 0 10
1 10 1 1 100 0.75 8 1287 19 27 10 19 566 0 10
1 10 1 1 100 0.75 8 1288 20 28 14 20 565 0 11
1 10 1 1 100 0.75 8 1289 21 28 13 20 566 1 11
1 10 1 1 100 0.75 8 1290 22 29 12 21 566 1 11
1 10 1 1 100 0.75 8 1291 23 30 13 22 566 1 12
1 10 1 1 100 0.75 8 1292 24 30 15 22 567 2 13
1 10 1 1 100 0.75 8 1293 26 30 11 22 567 3 12
1 10 1 1 100 0.75 8 1294 26 30 13 23 567 4 12
1 10 1 1 100 0.75 8 1295 28 30 14 22 567 5 11
1 10 1 1 100 0.75 8 1296 29 31 14 24 567 5 13
1 10 1 1 100 0.75 8 1297 29 32 19 25 567 5 14
1 10 1 1 100 0.75 8 1298 31 31 12 23 569 7 13
1 10 1 1 100 0.75 8 1299 31 31 18 24 570 8 12
1 10 1 1 100 0.75 8 1300 33 32 17 24 570 8 14
1 10 1 1 100 0.75 8 1301 33 32 19 25 571 9 13
1 10 1 1 100 0.75 8 1302 35 33 13 25 571 9 14
1 10 1 1 100 0.75 8 1303 35 33 12 26 572 10 14
1 10 1 1 100 0.75 8 1304 36 34 14 26 572 10 14
1 10 1 1 100 0.75 8 1305 38 35 16 27 572 10 14
1 10 1 1 100 0.75 8 1306 38 36 15 29 572 10 15
1 10 1 1 100 0.75 8 1307 40 36 17 28 573 11 15
1 10 1 1 100 0.75 8 1308 40 35 18 28 574 13 14
1 10 1 1 100 0.75 8 1309 42 36 16 28 574 13 14
1 10 1 1 100 0.75 8 1310 42 37 16 30 574 13 14
1 10 1 1 100 0.75 8 1311 43 36 15 28 576 15 12
1 10 1 1 100 0.75 8 1312 44 36 17 28 577 16 12
1 10 1 1 100 0.75 8 1313 46 35 13 27 579 18 11
1 10 1 1 100 0.75 8 1314 46 36 13 29 579 18 13
1 10 1 1 100 0.75 8 1315 47 33 9 25 583 22 9
1 10 1 1 100 0.75 8 1316 48 34 12 26 583 22 10
1 10 1 1 100 0.75 8 1317 50 35 10 27 582 22 11
1 10 1 1 100 0.75 8 1318 51 35 14 28 583 23 11
1 10 1 1 100 0.75 8 1319 51 36 16 29 583 23 11
1 10 1 1 100 0.75 8 1320 52 37 16 29 583 23 12
1 10 1 1 100 0.75 8 1321 54 37 12 29 584 24 12
1 10 1 1 100 0.75 8 1322 54 38 17 31 583 24 13
1 10 1 1 100 0.75 8 1323 55 37 18 29 585 26 12
1 10 1 1 100 0.75 8 1324 57 37 18 29 586 27 13
1 10 1 1 100 0.75 8 1325 58 38 13 31 586 27 14
1 10 1 1 100 0.75 8 1326 58 39 20 32 586 27 14
1 10 1 1 100 0.75 8 1327 59 40 18 32 585 27 15
1 10 1 1 100 0.75 8 1328 60 40 22 32 586 28 14
1 10 1 1 100 0.75 8 1329 60 41 14 33 586 28 15
1 10 1 1 100 0.75 8 1330 62 42 19 33 586 28 15
1 10 1 1 100 0.75 8 1331 64 42 13 34 587 29 14
1 10 1 1 100 0.75 8 1332 65 42 14 35 588 30 15
1 10 1 1 100 0.75 8 1333 65 42 14 35 589 31 14
1 10 1 1 100 0.75 8 1334 66 41 18 33 590 33 13
1 10 1 1 100 0.75 8 1335 67 42 14 34 590 33 14
1 10 1 1 100 0.75 8 1336 68 42 14 34 591 34 13
1 10 1 1 100 0.75 8 1337 70 42 11 34 592 35 12
1 10 1 1 100 0.75 8 1338 70 43 14 36 592 35 14
1 10 1 1 100 0.75 8 1339 71 40 13 32 595 39 13
1 10 1 1 100 0.75 8 1340 72 41 14 33 595 39 13
1 10 1 1 100 0.75 8 1341 74 42 18 34 595 39 13
1 10 1 1 100 0.75 8 1342 75 40 12 33 598 42 10
1 10 1 1 100 0.75 8 1343 75 41 20 34 598 42 12
1 10 1 1 100 0.75 8 1344 76 42 13 35 598 42 13
1 10 1 1 100 0.75 8 1345 76 42 17 35 599 43 12
1 10 1 1 100 0.75 8 1346 77 43 15 35 597 43 12
1 10 1 1 100 0.75 8 1347 78 44 13 36 597 43 13
1 10 1 1 100 0.75 8 1348 79 43 16 35 599 45 11
1 10 1 1 100 0.75 8 1349 80 44 18 36 599 45 12
1 10 1 1 100 0.75 8 1350 82 45 12 37 599 45 13
1 10 1 1 100 0.75 8 1351 82 45 16 38 600 46 13
1 10 1 1 100 0.75 8 1352 82 45 20 38 601 47 13
1 10 1 1 100 0.75 8 1353 84 46 17 38 601 47 14
1 10 1 1 100 0.75 8 1354 85 46 15 39 601 48 13
1 10 1 1 100 0.75 8 1355 85 46 16 39 602 49 13
1 10 1 1 100 0.75 8 1356 87 45 14 37 603 51 12
1 10 1 1 100 0.75 8 1357 88 45 17 38 604 52 12
1 10 1 1 100 0.75 8 1358 88 46 18 39 603 52 12
1 10 1 1 100 0.75 8 1359 90 47 22 39 602 52 13
1 10 1 1 100 0.75 8 1360 90 47 19 40 603 53 13
1 10 1 1 100 0.75 8 1361 92 48 21 40 603 53 15
1 10 1 1 100 0.75 8 1362 92 48 16 41 604 54 14
1 10 1 1 100 0.75 8 1363 94 48 23 40 605 55 14
1 10 1 1 100 0.75 8 1364 94 48 18 41 605 56 14
1 10 1 1 100 0.75 8 1365 95 48 22 40 604 57 13
1 10 1 1 100 0.75 8 1366 96 49 14 41 604 57 13
1 10 1 1 100 0.75 8 1367 98 50 22 42 604 57 14
1 10 1 1 100 0.75 8 1368 98 51 21 44 604 57 14
1 10 1 1 100 0.75 8 1369 100 51 21 43 604 58 13
1 10 1 1 100 0.75 8 1370 100 50 21 43 606 60 13
1 10 1 1 100 0.75 8 1371 102 51 25 43 606 60 13
1 10 1 1 100 0.75 8 1372 102 52 19 45 606 60 13
1 10 1 1 100 0.75 8 1373 103 51 22 43 608 62 13
1 10 1 1 100 0.75 8 1374 105 52 16 44 608 62 13
1 10 1 1 100 0.75 8 1375 105 51 17 44 610 64 12
1 10 1 1 100 0.75 8 1376 107 52 17 44 609 64 12
1 10 1 1 100 0.75 8 1377 108 51 20 44 611 66 11
1 10 1 1 100 0.75 8 1378 108 52 18 45 611 66 12
1 10 1 1 100 0.75 8 1379 108 52 17 45 611 67 12
1 10 1 1 100 0.75 8 1380 110 51 17 43 613 69 10
1 10 1 1 100 0.75 8 1381 110 51 14 44 614 70 10
1 10 1 1 100 0.75 8 1382 111 51 22 43 614 71 10
1 10 1 1 100 0.75 8 1383 113 52 20 44 614 71 11
1 10 1 1 100 0.75 8 1384 113 53 14 46 613 71 12
1 10 1 1 100 0.75 8 1385 114 53 22 45 614 72 11
1 10 1 1 100 0.75 8 1386 116 54 17 46 612 72 12
1 10 1 1 100 0.75 8 1387 117 55 21 48 612 72 13
1 10 1 1 100 0.75 8 1388 117 55 19 48 613 73 13
1 10 1 1 100 0.75 8 1389 119 56 23 48 613 73 13
1 10 1 1 100 0.75 8 1390 119 57 17 50 613 73 14
1 10 1 1 100 0.75 8 1391 120 58 23 50 612 73 15
1 10 1 1 100 0.75 8 1392 120 57 22 49 614 75 13
1 10 1 1 100 0.75 8 1393 122 56 23 47 616 77 14
1 10 1 1 100 0.75 8 1394 123 56 17 48 617 78 13
1 10 1 1 100 0.75 8 1395 123 56 21 48 618 79 13
1 10 1 1 100 0.75 8 1396 125 57 17 48 616 79 14
1 10 1 1 100 0.75 8 1397 127 58 20 50 616 79 15
1 10 1 1 100 0.75 8 1398 127 58 21 51 616 80 14
1 10 1 1 100 0.75 8 1399 128 59 21 51 615 80 15
1 10 1 1 100 0.75 8 1400 129 59 22 51 616 81 15
1 10 1 1 100 0.75 8 1401 130 59 18 51 617 82 16
1 10 1 1 100 0.75 8 1402 131 59 23 51 618 83 15
1 10 1 1 100 0.75 8 1403 133 60 12 52 618 83 16
1 10 1 1 100 0.75 8 1404 133 59 20 52 619 85 15
1 10 1 1 100 0.75 8 1405 135 60 24 52 619 85 16
1 10 1 1 100 0.75 8 1406 136 60 22 53 620 86 16
1 10 1 1 100 0.75 8 1407 136 61 24 54 620 86 16
1 10 1 1 100 0.75 8 1408 137 61 23 53 621 87 17
1 10 1 1 100 0.75 8 1409 138 60 19 52 623 89 15
1 10 1 1 100 0.75 8 1410 140 61 23 53 623 89 16
1 10 1 1 100 0.75 8 1410 140 61 42 53 637 89 16
1 10 1 1 100 0.75 8 1440 140 61 42 53 631 89 16
1 10 1 1 100 0.75 9 1441 0 1 1 0 631 0 0
1 10 1 1 100 0.75 9 1442 0 2 1 0 631 0 0
1 10 1 1 100 0.75 9 1443 0 3 1 0 631 0 0
1 10 1 1 100 0.75 9 1444 0 4 1 0 631 0 0
1 10 1 1 100 0.75 9 1445 0 5 2 0 631 0 0
1 10 1 1 100 0.75 9 1446 0 6 2 0 631 0 0
1 10 1 1 100 0.75 9 1447 0 7 4 0 631 0 0
1 10 1 1 100 0.75 9 1448 1 8 5 0 630 0 0
1 10 1 1 100 0.75 9 1449 3 9 2 1 630 0 0
1 10 1 1 100 0.75 9 1450 3 10 4 3 630 0 0
1 10 1 1 100 0.75 9 1451 5 11 4 3 629 0 0
1 10 1 1 100 0.75 9 1452 5 12 5 5 629 0 0
1 10 1 1 100 0.75 9 1453 6 13 6 5 629 0 0
1 10 1 1 100 0.75 9 1454 7 14 5 6 629 0 0
1 10 1 1 100 0.75 9 1455 8 15 1 7 629 0 0
1 10 1 1 100 0.75 9 1456 10 16 5 8 629 0 3
1 10 1 1 100 0.75 9 1457 10 17 7 10 628 0 3
1 10 1 1 100 0.75 9 1458 11 18 3 10 625 0 3
1 10 1 1 100 0.75 9 1459 13 19 4 11 625 0 4
1 10 1 1 100 0.75 9 1460 14 20 5 13 624 0 5
1 10 1 1 100 0.75 9 1461 14 21 9 14 624 0 5
1 10 1 1 100 0.75 9 1462 15 22 7 14 624 0 6
1 10 1 1 100 0.75 9 1463 16 23 11 15 624 0 9
1 10 1 1 100 0.75 9 1464 17 24 10 16 624 0 9
1 10 1 1 100 0.75 9 1465 18 25 13 17 624 0 9
1 10 1 1 100 0.75 9 1466 18 26 8 18 624 0 10
1 10 1 1 100 0.75 9 1467 19 27 14 18 623 0 12
1 10 1 1 100 0.75 9 1468 22 28 7 19 623 0 12
1 10 1 1 100 0.75 9 1469 22 29 10 22 623 0 12
1 10 1 1 100 0.75 9 1470 24 30 13 22 623 0 12
1 10 1 1 100 0.75 9 1471 24 30 12 23 624 1 12
1 10 1 1 100 0.75 9 1472 25 29 12 21 626 3 11
1 10 1 1 100 0.75 9 1473 26 30 15 22 626 3 11
1 10 1 1 100 0.75 9 1474 27 31 13 23 625 3 11
1 10 1 1 100 0.75 9 1475 28 32 14 24 625 3 14
1 10 1 1 100 0.75 9 1476 29 33 13 25 625 3 15
1 10 1 1 100 0.75 9 1477 30 33 11 25 626 4 14
1 10 1 1 100 0.75 9 1478 32 32 10 24 628 6 14
1 10 1 1 100 0.75 9 1479 33 31 10 24 629 8 13
1 10 1 1 100 0.75 9 1480 33 32 13 25 627 8 14
1 10 1 1 100 0.75 9 1481 34 33 16 25 627 8 14
1 10 1 1 100 0.75 9 1482 36 32 16 24 628 10 13
1 10 1 1 100 0.75 9 1483 36 33 14 26 627 10 15
1 10 1 1 100 0.75 9 1484 37 34 19 26 627 10 15
1 10 1 1 100 0.75 9 1485 38 34 16 26 628 11 15
1 10 1 1 100 0.75 9 1486 39 34 9 26 629 12 14
1 10 1 1 100 0.75 9 1487 40 34 8 26 629 13 14
1 10 1 1 100 0.75 9 1488 41 35 11 27 629 13 15
1 10 1 1 100 0.75 9 1489 43 36 11 28 628 13 16
1 10 1 1 100 0.75 9 1490 44 37 13 30 628 13 17
1 10 1 1 100 0.75 9 1491 45 36 13 29 629 15 16
1 10 1 1 100 0.75 9 1492 45 37 17 30 629 15 16
1 10 1 1 100 0.75 9 1493 45 38 14 30 629 15 18
1 10 1 1 100 0.75 9 1494 48 37 15 28 631 17 16
1 10 1 1 100 0.75 9 1495 48 36 9 29 633 19 15
1 10 1 1 100 0.75 9 1496 50 37 14 29 633 19 16
1 10 1 1 100 0.75 9 1497 51 36 13 29 635 21 15
1 10 1 1 100 0.75 9 1498 51 35 17 28 637 23 14
1 10 1 1 100 0.75 9 1499 52 36 16 28 636 23 14
1 10 1 1 100 0.75 9 1500 52 37 16 29 635 23 14
1 10 1 1 100 0.75 9 1501 54 38 17 29 634 23 15
1 10 1 1 100 0.75 9 1502 55 37 22 29 636 25 14
1 10 1 1 100 0.75 9 1503 56 37 16 29 636 26 13
1 10 1 1 100 0.75 9 1504 57 38 19 30 636 26 14
1 10 1 1 100 0.75 9 1505 57 38 19 30 637 27 14
1 10 1 1 100 0.75 9 1506 60 36 12 27 640 30 12
1 10 1 1 100 0.75 9 1507 61 37 15 30 640 30 12
1 10 1 1 100 0.75 9 1508 61 37 17 30 641 31 12
1 10 1 1 100 0.75 9 1509 63 37 12 29 642 32 11
1 10 1 1 100 0.75 9 1510 63 38 14 31 642 32 13
1 10 1 1 100 0.75 9 1511 64 38 16 30 642 33 13
1 10 1 1 100 0.75 9 1512 66 38 15 30 643 34 12
1 10 1 1 100 0.75 9 1513 66 39 18 32 643 34 14
1 10 1 1 100 0.75 9 1514 67 38 15 30 643 36 12
1 10 1 1 100 0.75 9 1515 68 38 19 30 642 37 11
1 10 1 1 100 0.75 9 1516 70 38 14 30 643 38 10
1 10 1 1 100 0.75 9 1517 71 39 14 32 643 38 12
1 10 1 1 100 0.75 9 1518 71 39 17 32 644 39 11
1 10 1 1 100 0.75 9 1519 73 40 10 32 644 39 12
1 10 1 1 100 0.75 9 1520 73 41 16 34 643 39 14
1 10 1 1 100 0.75 9 1521 75 40 13 32 645 41 13
1 10 1 1 100 0.75 9 1522 75 41 16 34 643 41 14
1 10 1 1 100 0.75 9 1523 76 42 16 34 643 41 16
1 10 1 1 100 0.75 9 1524 77 41 19 33 644 43 15
1 10 1 1 100 0.75 9 1525 78 42 16 34 644 43 15
1 10 1 1 100 0.75 9 1526 79 42 10 34 645 44 16
1 10 1 1 100 0.75 9 1527 80 43 17 35 645 44 16
1 10 1 1 100 0.75 9 1528 81 43 17 36 646 45 15
1 10 1 1 100 0.75 9 1529 82 43 17 36 647 46 15
1 10 1 1 100 0.75 9 1530 83 43 13 36 648 47 14
1 10 1 1 100 0.75 9 1531 84 44 19 37 648 47 15
1 10 1 1 100 0.75 9 1532 84 45 22 38 648 47 15
1 10 1 1 100 0.75 9 1533 86 45 20 37 649 48 16
1 10 1 1 100 0.75 9 1534 86 45 21 38 650 49 16
1 10 1 1 100 0.75 9 1535 87 46 21 38 649 49 16
1 10 1 1 100 0.75 9 1536 88 45 19 37 650 51 14
1 10 1 1 100 0.75 9 1537 88 45 19 37 651 52 13
1 10 1 1 100 0.75 9 1538 91 45 19 36 652 53 14
1 10 1 1 100 0.75 9 1539 91 45 15 38 653 54 13
1 10 1 1 100 0.75 9 1540 93 44 11 36 655 56 11
1 10 1 1 100 0.75 9 1541 94 45 16 38 655 56 12
1 10 1 1 100 0.75 9 1542 95 45 14 38 656 57 11
1 10 1 1 100 0.75 9 1543 96 45 13 38 657 58 12
1 10 1 1 100 0.75 9 1544 96 45 16 38 658 59 11
1 10 1 1 100 0.75 9 1545 97 45 14 37 658 60 10
1 10 1 1 100 0.75 9 1546 97 45 16 38 659 61 11
1 10 1 1 100 0.75 9 1547 99 46 13 38 659 61 11
1 10 1 1 100 0.75 9 1548 99 47 17 40 658 61 13
1 10 1 1 100 0.75 9 1549 100 47 16 39 658 62 14
1 10 1 1 100 0.75 9 1550 102 46 17 38 660 64 12
1 10 1 1 100 0.75 9 1551 102 47 11 40 658 64 13
1 10 1 1 100 0.75 9 1552 103 47 17 39 657 65 12
1 10 1 1 100 0.75 9 1553 104 47 12 39 658 66 13
1 10 1 1 100 0.75 9 1554 106 48 10 40 658 66 14
1 10 1 1 100 0.75 9 1555 106 49 13 42 658 66 14
1 10 1 1 100 0.75 9 1556 107 49 16 41 659 67 13
1 10 1 1 100 0.75 9 1557 107 49 13 42 660 68 13
1 10 1 1 100 0.75 9 1558 108 50 13 42 660 68 14
1 10 1 1 100 0.75 9 1559 110 51 14 43 660 68 14
1 10 1 1 100 0.75 9 1560 111 52 21 45 660 68 16
1 10 1 1 100 0.75 9 1561 112 50 15 43 663 71 14
1 10 1 1 100 0.75 9 1562 112 50 17 43 664 72 14
1 10 1 1 100 0.75 9 1563 113 50 18 42 665 73 14
1 10 1 1 100 0.75 9 1564 114 50 15 42 666 74 14
1 10 1 1 100 0.75 9 1565 116 51 17 43 666 74 14
1 10 1 1 100 0.75 9 1566 116 50 15 43 668 76 13
1 10 1 1 100 0.75 9 1567 117 51 12 43 668 76 13
1 10 1 1 100 0.75 9 1568 117 52 18 44 668 76 14
1 10 1 1 100 0.75 9 1569 119 51 9 43 670 78 12
1 10 1 1 100 0.75 9 1570 119 51 15 44 671 79 12
1 10 1 1 100 0.75 9 1571 120 51 16 43 672 80 11
1 10 1 1 100 0.75 9 1572 122 52 13 44 671 80 12
1 10 1 1 100 0.75 9 1573 123 53 14 46 671 80 13
1 10 1 1 100 0.75 9 1574 124 54 16 47 670 80 13
1 10 1 1 100 0.75 9 1575 124 55 20 48 670 80 14
1 10 1 1 100 0.75 9 1576 126 56 15 48 669 80 14
1 10 1 1 100 0.75 9 1577 126 54 12 47 671 83 12
1 10 1 1 100 0.75 9 1578 128 54 18 46 671 84 11
1 10 1 1 100 0.75 9 1579 128 55 15 48 671 84 14
1 10 1 1 100 0.75 9 1580 130 55 16 47 672 85 13
1 10 1 1 100 0.75 9 1581 130 55 15 48 672 86 14
1 10 1 1 100 0.75 9 1582 131 54 18 46 674 88 12
1 10 1 1 100 0.75 9 1583 132 53 19 45 676 90 12
1 10 1 1 100 0.75 9 1584 132 54 16 47 675 90 12
1 10 1 1 100 0.75 9 1585 134 55 11 47 675 90 12
1 10 1 1 100 0.75 9 1586 135 56 15 49 674 90 13
1 10 1 1 100 0.75 9 1587 135 57 20 50 674 90 13
1 10 1 1 100 0.75 9 1588 137 56 16 48 676 92 13
1 10 1 1 100 0.75 9 1589 138 57 9 50 676 92 13
1 10 1 1 100 0.75 9 1590 139 58 18 51 674 92 16
1 10 1 1 100 0.75 9 1590 139 58 41 51 690 92 16
1 10 1 1 100 0.75 9 1620 139 58 41 51 666 92 16
1 10 1 1 100 0.75 10 1621 0 1 1 0 666 0 0
1 10 1 1 100 0.75 10 1622 0 2 1 0 666 0 0
1 10 1 1 100 0.75 10 1623 0 3 1 0 666 0 0
1 10 1 1 100 0.75 10 1624 0 4 1 0 666 0 0
1 10 1 1 100 0.75 10 1625 0 5 1 0 666 0 0
1 10 1 1 100 0.75 10 1626 0 6 2 0 666 0 0
1 10 1 1 100 0.75 10 1627 0 7 2 0 666 0 0
1 10 1 1 100 0.75 10 1628 0 8 1 0 666 0 0
1 10 1 1 100 0.75 10 1629 3 9 5 0 665 0 0
1 10 1 1 100 0.75 10 1630 4 10 5 3 665 0 0
1 10 1 1 100 0.75 10 1631 4 11 6 4 665 0 0
1 10 1 1 100 0.75 10 1632 6 12 3 4 664 0 0
1 10 1 1 100 0.75 10 1633 6 13 5 6 664 0 0
1 10 1 1 100 0.75 10 1634 7 14 3 6 663 0 0
1 10 1 1 100 0.75 10 1635 8 15 4 7 663 0 0
1 10 1 1 100 0.75 10 1636 9 16 5 8 663 0 1
1 10 1 1 100 0.75 10 1637 11 17 5 9 662 0 2
1 10 1 1 100 0.75 10 1638 11 18 6 11 661 0 3
1 10 1 1 100 0.75 10 1639 12 19 3 11 661 0 4
1 10 1 1 100 0.75 10 1640 14 20 6 12 661 0 5
1 10 1 1 100 0.75 10 1641 14 21 6 14 661 0 6
1 10 1 1 100 0.75 10 1642 16 22 5 14 660 0 7
1 10 1 1 100 0.75 10 1643 16 23 6 16 660 0 7
1 10 1 1 100 0.75 10 1644 17 24 6 16 658 0 9
1 10 1 1 100 0.75 10 1645 19 25 7 17 658 0 10
1 10 1 1 100 0.75 10 1646 20 26 10 19 657 0 11
1 10 1 1 100 0.75 10 1647 20 27 7 20 657 0 11
1 10 1 1 100 0.75 10 1648 21 28 8 20 657 0 12
1 10 1 1 100 0.75 10 1649 23 29 13 21 657 0 12
1 10 1 1 100 0.75 10 1650 24 30 12 23 657 0 12
1 10 1 1 100 0.75 10 1651 25 31 10 24 657 0 13
1 10 1 1 100 0.75 10 1652 26 32 16 25 656 0 13
1 10 1 1 100 0.75 10 1653 26 33 15 26 656 0 15
1 10 1 1 100 0.75 10 1654 27 32 12 24 658 2 13
1 10 1 1 100 0.75 10 1655 28 31 10 23 660 4 11
1 10 1 1 100 0.75 10 1656 29 31 12 23 661 5 12
1 10 1 1 100 0.75 10 1657 31 31 9 23 662 6 12
1 10 1 1 100 0.75 10 1658 31 31 10 24 663 7 12
1 10 1 1 100 0.75 10 1659 32 32 14 24 663 7 13
1 10 1 1 100 0.75 10 1660 34 33 14 25 663 7 13
1 10 1 1 100 0.75 10 1661 35 34 10 27 661 7 14
1 10 1 1 100 0.75 10 1662 36 33 16 26 663 9 12
1 10 1 1 100 0.75 10 1663 36 33 11 26 664 10 13
1 10 1 1 100 0.75 10 1664 38 33 14 25 665 11 12
1 10 1 1 100 0.75 10 1665 38 34 14 27 665 11 13
1 10 1 1 100 0.75 10 1666 40 35 12 27 664 11 14
1 10 1 1 100 0.75 10 1667 41 35 13 28 665 12 13
1 10 1 1 100 0.75 10 1668 41 36 14 29 665 12 14
1 10 1 1 100 0.75 10 1669 43 35 13 27 667 14 14
1 10 1 1 100 0.75 10 1670 43 35 17 28 668 15 13
1 10 1 1 100 0.75 10 1671 44 36 14 28 668 15 13
1 10 1 1 100 0.75 10 1672 45 37 13 29 668 15 14
1 10 1 1 100 0.75 10 1673 47 35 13 27 671 18 12
1 10 1 1 100 0.75 10 1674 47 35 8 28 672 19 12
1 10 1 1 100 0.75 10 1675 48 36 14 28 672 19 12
1 10 1 1 100 0.75 10 1676 50 36 15 28 673 20 11
1 10 1 1 100 0.75 10 1677 50 36 14 29 674 21 11
1 10 1 1 100 0.75 10 1678 51 37 14 29 673 21 12
1 10 1 1 100 0.75 10 1679 52 37 14 29 674 22 12
1 10 1 1 100 0.75 10 1680 54 36 16 28 675 24 10
1 10 1 1 100 0.75 10 1681 55 37 14 30 675 24 12
1 10 1 1 100 0.75 10 1682 55 37 15 30 675 25 12
1 10 1 1 100 0.75 10 1683 56 38 14 30 675 25 12
1 10 1 1 100 0.75 10 1684 57 38 15 30 676 26 12
1 10 1 1 100 0.75 10 1685 58 38 15 30 677 27 12
1 10 1 1 100 0.75 10 1686 59 39 17 32 677 27 13
1 10 1 1 100 0.75 10 1687 60 40 16 33 677 27 13
1 10 1 1 100 0.75 10 1688 60 41 20 34 677 27 16
1 10 1 1 100 0.75 10 1689 61 40 15 32 679 29 14
1 10 1 1 100 0.75 10 1690 63 41 18 33 678 29 15
1 10 1 1 100 0.75 10 1691 63 41 13 34 679 30 14
1 10 1 1 100 0.75 10 1692 64 41 14 33 680 31 14
1 10 1 1 100 0.75 10 1693 66 42 16 34 679 31 15
1 10 1 1 100 0.75 10 1694 67 43 20 36 679 31 15
1 10 1 1 100 0.75 10 1695 67 43 16 36 680 32 15
1 10 1 1 100 0.75 10 1696 68 43 13 35 681 33 14
1 10 1 1 100 0.75 10 1697 69 42 15 34 683 35 13
1 10 1 1 100 0.75 10 1698 71 43 15 35 683 35 14
1 10 1 1 100 0.75 10 1699 71 42 14 35 685 37 12
1 10 1 1 100 0.75 10 1700 73 43 15 35 684 37 15
1 10 1 1 100 0.75 10 1701 73 43 16 36 684 38 14
1 10 1 1 100 0.75 10 1702 74 43 15 35 685 39 13
1 10 1 1 100 0.75 10 1703 75 44 18 36 685 39 14
1 10 1 1 100 0.75 10 1704 76 44 14 36 686 40 13
1 10 1 1 100 0.75 10 1705 78 44 21 36 687 41 14
1 10 1 1 100 0.75 10 1706 78 44 17 37 688 42 14
1 10 1 1 100 0.75 10 1707 79 45 18 37 687 42 14
1 10 1 1 100 0.75 10 1708 80 45 17 37 688 43 14
1 10 1 1 100 0.75 10 1709 81 44 14 36 690 45 12
1 10 1 1 100 0.75 10 1710 81 44 16 36 690 46 12
1 10 1 1 100 0.75 10 1711 83 44 13 35 691 47 11
1 10 1 1 100 0.75 10 1712 85 45 19 37 691 47 13
1 10 1 1 100 0.75 10 1713 85 46 24 39 690 47 14
1 10 1 1 100 0.75 10 1714 86 47 16 39 690 47 14
1 10 1 1 100 0.75 10 1715 88 47 14 39 691 48 14
1 10 1 1 100 0.75 10 1716 88 48 22 41 690 48 15
1 10 1 1 100 0.75 10 1717 89 46 17 38 692 51 13
1 10 1 1 100 0.75 10 1718 90 46 18 38 692 52 12
1 10 1 1 100 0.75 10 1719 91 47 19 40 692 52 14
1 10 1 1 100 0.75 10 1720 91 47 13 40 693 53 14
1 10 1 1 100 0.75 10 1721 93 48 18 40 693 53 14
1 10 1 1 100 0.75 10 1722 94 46 15 39 695 56 13
1 10 1 1 100 0.75 10 1723 94 46 17 39 696 57 13
1 10 1 1 100 0.75 10 1724 95 47 21 39 696 57 14
1 10 1 1 100 0.75 10 1725 97 48 21 40 696 57 14
1 10 1 1 100 0.75 10 1726 97 49 17 42 696 57 17
1 10 1 1 100 0.75 10 1727 98 50 24 42 696 57 17
1 10 1 1 100 0.75 10 1728 99 50 22 42 697 58 16
1 10 1 1 100 0.75 10 1729 101 50 21 42 698 59 17
1 10 1 1 100 0.75 10 1730 102 49 14 42 700 61 15
1 10 1 1 100 0.75 10 1731 102 49 17 42 701 62 14
1 10 1 1 100 0.75 10 1732 104 48 22 40 702 64 14
1 10 1 1 100 0.75 10 1733 104 49 16 42 702 64 15
1 10 1 1 100 0.75 10 1734 105 50 21 42 700 64 16
1 10 1 1 100 0.75 10 1735 106 51 16 43 700 64 16
1 10 1 1 100 0.75 10 1736 106 52 24 44 700 64 18
1 10 1 1 100 0.75 10 1737 107 53 20 45 700 64 18
1 10 1 1 100 0.75 10 1738 108 51 22 43 703 67 16
1 10 1 1 100 0.75 10 1739 109 50 17 42 704 69 16
1 10 1 1 100 0.75 10 1740 110 50 17 42 704 70 15
1 10 1 1 100 0.75 10 1741 111 50 20 42 705 71 14
1 10 1 1 100 0.75 10 1742 112 50 13 42 706 72 14
1 10 1 1 100 0.75 10 1743 112 51 19 43 705 72 14
1 10 1 1 100 0.75 10 1744 113 52 16 44 705 72 15
1 10 1 1 100 0.75 10 1745 113 50 19 42 706 75 13
1 10 1 1 100 0.75 10 1746 116 51 15 42 706 75 15
1 10 1 1 100 0.75 10 1747 116 51 17 44 707 76 15
1 10 1 1 100 0.75 10 1748 117 52 27 44 706 76 16
1 10 1 1 100 0.75 10 1749 118 52 14 44 706 77 15
1 10 1 1 100 0.75 10 1750 120 51 18 43 708 79 14
1 10 1 1 100 0.75 10 1751 120 51 19 44 708 80 15
1 10 1 1 100 0.75 10 1752 122 52 21 44 708 80 15
1 10 1 1 100 0.75 10 1753 122 52 14 45 709 81 14
1 10 1 1 100 0.75 10 1754 123 53 22 45 709 81 17
1 10 1 1 100 0.75 10 1755 124 54 20 46 707 81 17
1 10 1 1 100 0.75 10 1756 125 52 19 44 710 84 16
1 10 1 1 100 0.75 10 1757 127 53 23 45 710 84 17
1 10 1 1 100 0.75 10 1758 128 53 21 46 710 85 16
1 10 1 1 100 0.75 10 1759 129 54 18 47 709 85 16
1 10 1 1 100 0.75 10 1760 129 54 19 47 710 86 16
1 10 1 1 100 0.75 10 1761 130 55 22 47 710 86 17
1 10 1 1 100 0.75 10 1762 131 54 18 46 712 88 15
1 10 1 1 100 0.75 10 1763 132 55 15 47 711 88 16
1 10 1 1 100 0.75 10 1764 133 53 22 45 711 91 13
1 10 1 1 100 0.75 10 1765 134 53 20 45 710 92 14
1 10 1 1 100 0.75 10 1766 135 53 19 45 711 93 14
1 10 1 1 100 0.75 10 1767 136 54 19 46 711 93 14
1 10 1 1 100 0.75 10 1768 138 54 19 46 712 94 13
1 10 1 1 100 0.75 10 1769 139 54 19 47 713 95 13
1 10 1 1 100 0.75 10 1770 139 54 17 47 714 96 12
1 10 1 1 100 0.75 10 1770 139 54 25 47 726 96 12
1 10 1 1 100 0.75 10 1800 139 54 25 47 710 96 12
