9 90 5 1 100 0.75 1 1 0 9 9 0 100 0 0
9 90 5 1 100 0.75 1 2 0 18 18 0 100 0 0
9 90 5 1 100 0.75 1 3 0 27 27 0 100 0 0
9 90 5 1 100 0.75 1 4 0 36 36 0 100 0 0
9 90 5 1 100 0.75 1 5 0 45 44 0 100 0 0
9 90 5 1 100 0.75 1 6 0 54 54 0 100 0 0
9 90 5 1 100 0.75 1 7 0 63 62 0 100 0 0
9 90 5 1 100 0.75 1 8 2 72 68 0 100 0 0
9 90 5 1 100 0.75 1 9 2 81 77 2 100 0 0
9 90 5 1 100 0.75 1 10 11 90 76 2 100 0 0
9 90 5 1 100 0.75 1 11 18 99 76 11 100 0 0
9 90 5 1 100 0.75 1 12 26 108 81 18 100 0 0
9 90 5 1 100 0.75 1 13 28 109 79 26 100 0 0
9 90 5 1 100 0.75 1 14 37 109 70 28 100 0 0
9 90 5 1 100 0.75 1 15 43 109 68 37 100 0 2
9 90 5 1 100 0.75 1 16 45 109 64 43 100 0 2
9 90 5 1 100 0.75 1 17 55 109 62 45 100 0 7
9 90 5 1 100 0.75 1 18 63 109 55 55 100 0 12
9 90 5 1 100 0.75 1 19 64 109 62 63 100 0 16
9 90 5 1 100 0.75 1 20 65 109 66 64 100 0 22
9 90 5 1 100 0.75 1 21 69 109 65 65 100 0 25
9 90 5 1 100 0.75 1 22 72 109 71 69 100 0 32
9 90 5 1 100 0.75 1 23 74 109 74 72 100 0 35
9 90 5 1 100 0.75 1 24 79 109 75 74 100 0 37
9 90 5 1 100 0.75 1 25 81 109 76 79 100 0 45
9 90 5 1 100 0.75 1 26 84 109 78 81 100 0 49
9 90 5 1 100 0.75 1 27 86 109 80 84 100 0 50
9 90 5 1 100 0.75 1 28 89 109 75 86 100 0 52
9 90 5 1 100 0.75 1 29 89 109 79 89 100 0 54
9 90 5 1 100 0.75 1 30 89 109 82 89 100 0 56
9 90 5 1 100 0.75 1 31 90 109 87 89 100 0 58
9 90 5 1 100 0.75 1 32 91 108 89 89 101 1 59
9 90 5 1 100 0.75 1 33 96 107 83 88 103 3 57
9 90 5 1 100 0.75 1 34 98 105 75 89 107 7 54
9 90 5 1 100 0.75 1 35 100 104 79 86 112 12 54
9 90 5 1 100 0.75 1 36 102 106 76 85 115 15 51
9 90 5 1 100 0.75 1 37 103 104 71 82 120 20 46
9 90 5 1 100 0.75 1 38 104 107 76 81 122 22 44
9 90 5 1 100 0.75 1 39 105 101 73 74 130 30 38
9 90 5 1 100 0.75 1 40 105 108 81 74 131 31 38
9 90 5 1 100 0.75 1 41 106 104 72 70 136 36 34
9 90 5 1 100 0.75 1 42 107 107 77 72 138 38 33
9 90 5 1 100 0.75 1 43 107 107 75 73 140 40 33
9 90 5 1 100 0.75 1 44 108 106 67 73 143 43 31
9 90 5 1 100 0.75 1 45 108 103 68 73 149 49 27
9 90 5 1 100 0.75 1 46 108 105 64 73 153 53 23
9 90 5 1 100 0.75 1 47 108 105 64 73 157 57 20
9 90 5 1 100 0.75 1 48 108 108 62 75 158 58 22
9 90 5 1 100 0.75 1 49 108 108 67 78 159 59 23
9 90 5 1 100 0.75 1 50 108 108 60 77 160 60 23
9 90 5 1 100 0.75 1 51 108 108 66 82 161 61 30
9 90 5 1 100 0.75 1 52 108 108 61 83 162 62 30
9 90 5 1 100 0.75 1 53 108 109 69 87 162 62 34
9 90 5 1 100 0.75 1 54 108 104 64 85 167 67 31
9 90 5 1 100 0.75 1 55 109 108 63 88 168 68 33
9 90 5 1 100 0.75 1 56 109 109 65 91 168 68 34
9 90 5 1 100 0.75 1 57 109 109 69 93 168 68 36
9 90 5 1 100 0.75 1 58 109 109 68 95 168 68 40
9 90 5 1 100 0.75 1 59 109 105 63 94 172 72 40
9 90 5 1 100 0.75 1 60 109 109 66 96 172 72 42
9 90 5 1 100 0.75 1 61 109 107 64 94 174 74 42
9 90 5 1 100 0.75 1 62 109 108 69 95 175 75 43
9 90 5 1 100 0.75 1 63 109 107 70 94 177 77 41
9 90 5 1 100 0.75 1 64 109 108 70 94 178 78 41
9 90 5 1 100 0.75 1 65 109 109 77 95 178 78 43
9 90 5 1 100 0.75 1 66 109 107 69 93 180 80 43
9 90 5 1 100 0.75 1 67 109 107 73 94 182 82 42
9 90 5 1 100 0.75 1 68 109 104 74 92 187 87 38
9 90 5 1 100 0.75 1 69 109 107 65 90 189 89 37
9 90 5 1 100 0.75 1 70 109 103 67 85 195 95 32
9 90 5 1 100 0.75 1 71 109 107 67 84 197 97 32
9 90 5 1 100 0.75 1 72 109 107 71 83 199 99 30
9 90 5 1 100 0.75 1 73 109 106 68 80 202 102 30
9 90 5 1 100 0.75 1 74 109 107 68 80 204 104 28
9 90 5 1 100 0.75 1 75 109 105 63 77 208 108 26
9 90 5 1 100 0.75 1 76 109 108 73 78 209 109 25
9 90 5 1 100 0.75 1 77 109 105 58 78 213 113 22
9 90 5 1 100 0.75 1 78 109 108 61 80 214 114 23
9 90 5 1 100 0.75 1 79 109 107 59 83 216 116 21
9 90 5 1 100 0.75 1 80 109 108 60 84 217 117 21
9 90 5 1 100 0.75 1 81 109 106 52 83 220 120 19
9 90 5 1 100 0.75 1 82 109 108 57 87 221 121 18
9 90 5 1 100 0.75 1 83 109 109 53 91 221 121 21
9 90 5 1 100 0.75 1 84 109 108 59 95 222 122 24
9 90 5 1 100 0.75 1 85 109 108 63 94 223 123 27
9 90 5 1 100 0.75 1 86 109 107 60 93 225 125 27
9 90 5 1 100 0.75 1 87 109 107 58 91 227 127 28
9 90 5 1 100 0.75 1 88 109 109 62 95 227 127 31
9 90 5 1 100 0.75 1 89 109 107 66 95 229 129 32
9 90 5 1 100 0.75 1 90 109 107 67 93 231 131 35
9 90 5 1 100 0.75 1 91 109 109 70 94 231 131 36
9 90 5 1 100 0.75 1 92 109 107 59 93 233 133 35
9 90 5 1 100 0.75 1 93 109 107 59 94 234 135 33
9 90 5 1 100 0.75 1 94 109 108 59 96 235 136 34
9 90 5 1 100 0.75 1 95 109 108 56 97 236 137 36
9 90 5 1 100 0.75 1 96 109 109 64 98 236 137 37
9 90 5 1 100 0.75 1 97 109 109 68 98 236 137 37
9 90 5 1 100 0.75 1 98 109 107 59 97 238 139 36
9 90 5 1 100 0.75 1 99 109 108 63 99 239 140 36
9 90 5 1 100 0.75 1 100 109 108 63 99 240 141 37
9 90 5 1 100 0.75 1 101 109 107 61 99 242 143 38
9 90 5 1 100 0.75 1 102 109 105 65 96 246 147 35
9 90 5 1 100 0.75 1 103 109 108 63 96 247 148 34
9 90 5 1 100 0.75 1 104 109 102 61 90 254 155 28
9 90 5 1 100 0.75 1 105 109 107 60 89 256 157 27
9 90 5 1 100 0.75 1 106 109 108 62 89 257 158 28
9 90 5 1 100 0.75 1 107 109 106 63 86 260 161 26
9 90 5 1 100 0.75 1 108 109 106 67 84 263 164 23
9 90 5 1 100 0.75 1 109 109 107 64 82 265 166 21
9 90 5 1 100 0.75 1 110 109 106 61 82 268 169 19
9 90 5 1 100 0.75 1 111 109 108 61 83 269 170 19
9 90 5 1 100 0.75 1 112 109 108 59 86 270 171 18
9 90 5 1 100 0.75 1 113 109 108 55 89 271 172 18
9 90 5 1 100 0.75 1 114 109 107 54 89 273 174 16
9 90 5 1 100 0.75 1 115 109 108 57 90 274 175 16
9 90 5 1 100 0.75 1 116 109 108 55 92 275 176 15
9 90 5 1 100 0.75 1 117 109 107 50 93 277 178 18
9 90 5 1 100 0.75 1 118 109 109 49 96 277 178 19
9 90 5 1 100 0.75 1 119 109 107 51 96 279 180 20
9 90 5 1 100 0.75 1 120 109 107 57 96 281 182 22
9 90 5 1 100 0.75 1 121 109 108 51 96 282 183 21
9 90 5 1 100 0.75 1 122 109 108 59 97 283 184 23
9 90 5 1 100 0.75 1 123 109 108 59 97 284 185 24
9 90 5 1 100 0.75 1 124 109 109 58 98 284 185 25
9 90 5 1 100 0.75 1 125 109 108 61 99 285 186 25
9 90 5 1 100 0.75 1 126 109 108 55 98 286 187 25
9 90 5 1 100 0.75 1 127 109 108 58 98 287 188 26
9 90 5 1 100 0.75 1 128 109 108 50 98 288 189 26
9 90 5 1 100 0.75 1 129 109 109 57 100 288 189 28
9 90 5 1 100 0.75 1 130 109 109 55 102 288 189 28
9 90 5 1 100 0.75 1 131 109 108 53 102 289 190 29
9 90 5 1 100 0.75 1 132 109 109 60 103 289 190 29
9 90 5 1 100 0.75 1 133 109 108 52 103 290 191 28
9 90 5 1 100 0.75 1 134 109 108 55 103 291 192 28
9 90 5 1 100 0.75 1 135 109 105 60 100 295 196 26
9 90 5 1 100 0.75 1 136 109 108 53 99 296 197 25
9 90 5 1 100 0.75 1 137 109 106 58 96 299 200 23
9 90 5 1 100 0.75 1 138 109 105 56 92 303 204 21
9 90 5 1 100 0.75 1 139 109 107 55 90 305 206 20
9 90 5 1 100 0.75 1 140 109 107 54 89 307 208 19
9 90 5 1 100 0.75 1 141 109 109 59 91 307 208 20
9 90 5 1 100 0.75 1 142 109 108 54 91 308 209 19
9 90 5 1 100 0.75 1 143 109 107 58 92 310 211 17
9 90 5 1 100 0.75 1 144 109 107 49 91 312 213 15
9 90 5 1 100 0.75 1 145 109 109 51 94 312 213 15
9 90 5 1 100 0.75 1 146 109 106 41 95 315 216 12
9 90 5 1 100 0.75 1 147 109 109 48 97 315 216 14
9 90 5 1 100 0.75 1 148 109 107 49 98 317 218 14
9 90 5 1 100 0.75 1 149 109 109 49 99 317 218 16
9 90 5 1 100 0.75 1 150 109 108 52 98 318 219 17
9 90 5 1 100 0.75 1 150 109 108 108 98 335 219 17
9 90 5 1 100 0.75 1 180 109 108 108 98 302 219 17
9 90 5 1 100 0.75 2 181 0 9 9 0 302 0 0
9 90 5 1 100 0.75 2 182 0 18 18 0 302 0 0
9 90 5 1 100 0.75 2 183 0 27 27 0 302 0 0
9 90 5 1 100 0.75 2 184 0 36 35 0 302 0 0
9 90 5 1 100 0.75 2 185 0 45 45 0 302 0 0
9 90 5 1 100 0.75 2 186 0 54 52 0 302 0 0
9 90 5 1 100 0.75 2 187 2 63 56 0 302 0 0
9 90 5 1 100 0.75 2 188 4 72 61 2 302 0 0
9 90 5 1 100 0.75 2 189 14 81 60 4 302 0 0
9 90 5 1 100 0.75 2 190 25 90 55 14 302 0 0
9 90 5 1 100 0.75 2 191 33 99 57 25 302 0 0
9 90 5 1 100 0.75 2 192 43 108 55 33 302 0 0
9 90 5 1 100 0.75 2 193 48 109 50 43 302 0 0
9 90 5 1 100 0.75 2 194 59 109 44 48 302 0 0
9 90 5 1 100 0.75 2 195 70 109 31 59 302 0 2
9 90 5 1 100 0.75 2 196 77 109 35 70 302 0 7
9 90 5 1 100 0.75 2 197 86 109 34 77 302 0 15
9 90 5 1 100 0.75 2 198 94 109 31 86 302 0 20
9 90 5 1 100 0.75 2 199 98 109 36 94 302 0 29
9 90 5 1 100 0.75 2 200 102 109 39 98 302 0 33
9 90 5 1 100 0.75 2 201 103 109 44 102 302 0 40
9 90 5 1 100 0.75 2 202 103 109 46 103 302 0 45
9 90 5 1 100 0.75 2 203 104 109 64 103 302 0 55
9 90 5 1 100 0.75 2 204 106 109 56 104 302 0 59
9 90 5 1 100 0.75 2 205 107 109 61 106 302 0 65
9 90 5 1 100 0.75 2 206 108 109 72 107 302 0 69
9 90 5 1 100 0.75 2 207 108 109 71 108 302 0 72
9 90 5 1 100 0.75 2 208 108 109 74 108 302 0 74
9 90 5 1 100 0.75 2 209 109 109 74 108 302 0 75
9 90 5 1 100 0.75 2 210 109 108 74 108 303 1 75
9 90 5 1 100 0.75 2 211 109 107 73 106 305 3 73
9 90 5 1 100 0.75 2 212 109 107 76 104 307 5 72
9 90 5 1 100 0.75 2 213 109 102 66 97 314 12 66
9 90 5 1 100 0.75 2 214 109 103 64 91 320 18 60
9 90 5 1 100 0.75 2 215 109 105 70 87 324 22 56
9 90 5 1 100 0.75 2 216 109 103 69 81 330 28 50
9 90 5 1 100 0.75 2 217 109 104 67 76 335 33 46
9 90 5 1 100 0.75 2 218 109 105 69 72 339 37 42
9 90 5 1 100 0.75 2 219 109 106 71 71 342 40 39
9 90 5 1 100 0.75 2 220 109 102 65 66 349 47 32
9 90 5 1 100 0.75 2 221 109 98 52 59 360 58 21
9 90 5 1 100 0.75 2 222 109 103 55 61 364 62 17
9 90 5 1 100 0.75 2 223 109 105 48 62 368 66 13
9 90 5 1 100 0.75 2 224 109 104 48 60 373 71 8
9 90 5 1 100 0.75 2 225 109 109 51 64 373 71 9
9 90 5 1 100 0.75 2 226 109 107 44 66 375 73 9
9 90 5 1 100 0.75 2 227 109 107 40 72 377 75 10
9 90 5 1 100 0.75 2 228 109 107 42 76 379 77 13
9 90 5 1 100 0.75 2 229 109 109 38 84 379 77 18
9 90 5 1 100 0.75 2 230 109 109 39 90 379 77 20
9 90 5 1 100 0.75 2 231 109 108 38 93 380 78 21
9 90 5 1 100 0.75 2 232 109 108 39 97 380 79 20
9 90 5 1 100 0.75 2 233 109 109 38 100 380 79 26
9 90 5 1 100 0.75 2 234 109 109 47 101 380 79 33
9 90 5 1 100 0.75 2 235 109 109 49 102 380 79 35
9 90 5 1 100 0.75 2 236 109 109 47 106 380 79 43
9 90 5 1 100 0.75 2 237 109 109 54 106 380 79 46
9 90 5 1 100 0.75 2 238 109 109 57 107 380 79 52
9 90 5 1 100 0.75 2 239 109 109 55 107 380 79 52
9 90 5 1 100 0.75 2 240 109 109 61 108 380 79 54
9 90 5 1 100 0.75 2 241 109 109 62 108 380 79 54
9 90 5 1 100 0.75 2 242 109 108 57 107 381 80 56
9 90 5 1 100 0.75 2 243 109 109 60 108 381 80 56
9 90 5 1 100 0.75 2 244 109 107 59 106 383 82 54
9 90 5 1 100 0.75 2 245 109 105 51 102 387 86 50
9 90 5 1 100 0.75 2 246 109 106 52 99 390 89 47
9 90 5 1 100 0.75 2 247 109 103 49 93 396 95 41
9 90 5 1 100 0.75 2 248 109 104 55 88 401 100 36
9 90 5 1 100 0.75 2 249 109 108 56 87 402 101 35
9 90 5 1 100 0.75 2 250 109 107 63 86 404 103 34
9 90 5 1 100 0.75 2 251 109 104 56 81 409 108 29
9 90 5 1 100 0.75 2 252 109 106 50 80 412 111 26
9 90 5 1 100 0.75 2 253 109 103 44 76 418 117 20
9 90 5 1 100 0.75 2 254 109 102 48 71 425 124 13
9 90 5 1 100 0.75 2 255 109 108 43 75 426 125 12
9 90 5 1 100 0.75 2 256 109 105 41 76 430 129 9
9 90 5 1 100 0.75 2 257 109 108 37 78 431 130 8
9 90 5 1 100 0.75 2 258 109 106 39 77 434 133 7
9 90 5 1 100 0.75 2 259 109 107 40 78 436 135 6
9 90 5 1 100 0.75 2 260 109 109 37 80 436 135 8
9 90 5 1 100 0.75 2 261 109 108 31 86 437 136 8
9 90 5 1 100 0.75 2 262 109 109 40 92 437 136 15
9 90 5 1 100 0.75 2 263 109 109 36 96 437 136 16
9 90 5 1 100 0.75 2 264 109 109 36 98 437 136 18
9 90 5 1 100 0.75 2 265 109 109 34 101 437 136 20
9 90 5 1 100 0.75 2 266 109 109 36 104 437 136 22
9 90 5 1 100 0.75 2 267 109 109 39 108 437 136 26
9 90 5 1 100 0.75 2 268 109 109 39 108 437 136 33
9 90 5 1 100 0.75 2 269 109 109 41 109 437 136 36
9 90 5 1 100 0.75 2 270 109 108 40 108 438 137 36
9 90 5 1 100 0.75 2 271 109 109 51 108 438 137 40
9 90 5 1 100 0.75 2 272 109 108 44 107 439 138 41
9 90 5 1 100 0.75 2 273 109 109 51 107 439 138 45
9 90 5 1 100 0.75 2 274 109 108 42 106 440 139 46
9 90 5 1 100 0.75 2 275 109 108 48 105 441 140 45
9 90 5 1 100 0.75 2 276 109 109 42 105 441 140 46
9 90 5 1 100 0.75 2 277 109 109 52 105 441 140 46
9 90 5 1 100 0.75 2 278 109 104 50 100 446 145 41
9 90 5 1 100 0.75 2 279 109 108 54 99 447 146 40
9 90 5 1 100 0.75 2 280 109 106 51 96 450 149 37
9 90 5 1 100 0.75 2 281 109 106 45 95 453 152 34
9 90 5 1 100 0.75 2 282 109 104 47 90 458 157 29
9 90 5 1 100 0.75 2 283 109 108 52 90 459 158 28
9 90 5 1 100 0.75 2 284 109 106 48 88 462 161 25
9 90 5 1 100 0.75 2 285 109 107 48 86 464 163 23
9 90 5 1 100 0.75 2 286 109 106 38 85 467 166 20
9 90 5 1 100 0.75 2 287 109 105 39 84 471 170 17
9 90 5 1 100 0.75 2 288 109 106 47 83 474 173 15
9 90 5 1 100 0.75 2 289 109 105 37 83 478 177 11
9 90 5 1 100 0.75 2 290 109 107 45 83 480 179 11
9 90 5 1 100 0.75 2 291 109 106 36 84 483 182 8
9 90 5 1 100 0.75 2 292 109 108 31 86 484 183 8
9 90 5 1 100 0.75 2 293 109 107 35 86 486 185 9
9 90 5 1 100 0.75 2 294 109 108 35 86 487 186 10
9 90 5 1 100 0.75 2 295 109 109 36 90 487 186 12
9 90 5 1 100 0.75 2 296 109 109 33 93 487 186 14
9 90 5 1 100 0.75 2 297 109 109 33 96 487 186 16
9 90 5 1 100 0.75 2 298 109 109 35 99 487 186 18
9 90 5 1 100 0.75 2 299 109 109 33 101 487 186 20
9 90 5 1 100 0.75 2 300 109 109 30 105 487 186 21
9 90 5 1 100 0.75 2 301 109 109 35 106 487 186 22
9 90 5 1 100 0.75 2 302 109 109 34 108 487 186 23
9 90 5 1 100 0.75 2 303 109 109 43 109 487 186 25
9 90 5 1 100 0.75 2 304 109 108 36 108 487 187 26
9 90 5 1 100 0.75 2 305 109 108 43 107 488 188 27
9 90 5 1 100 0.75 2 306 109 109 42 107 488 188 30
9 90 5 1 100 0.75 2 307 109 107 40 105 490 190 30
9 90 5 1 100 0.75 2 308 109 106 43 102 493 193 27
9 90 5 1 100 0.75 2 309 109 108 43 101 494 194 27
9 90 5 1 100 0.75 2 310 109 108 46 100 495 195 27
9 90 5 1 100 0.75 2 311 109 107 42 98 497 197 25
9 90 5 1 100 0.75 2 312 109 108 44 97 498 198 24
9 90 5 1 100 0.75 2 313 109 109 48 98 498 198 24
9 90 5 1 100 0.75 2 314 109 108 42 98 499 199 23
9 90 5 1 100 0.75 2 315 109 107 41 96 501 201 21
9 90 5 1 100 0.75 2 316 109 107 40 98 503 203 19
9 90 5 1 100 0.75 2 317 109 106 34 97 506 206 16
9 90 5 1 100 0.75 2 318 109 109 37 98 506 206 16
9 90 5 1 100 0.75 2 319 109 108 39 99 507 207 15
9 90 5 1 100 0.75 2 320 109 107 38 98 509 209 13
9 90 5 1 100 0.75 2 321 109 107 37 96 511 211 12
9 90 5 1 100 0.75 2 322 109 107 28 94 513 213 11
9 90 5 1 100 0.75 2 323 109 106 36 93 516 216 9
9 90 5 1 100 0.75 2 324 109 108 39 93 517 217 10
9 90 5 1 100 0.75 2 325 109 106 33 93 520 220 8
9 90 5 1 100 0.75 2 326 109 109 39 95 520 220 11
9 90 5 1 100 0.75 2 327 109 107 42 93 522 222 9
9 90 5 1 100 0.75 2 328 109 109 32 94 522 222 9
9 90 5 1 100 0.75 2 329 109 109 42 98 522 222 9
9 90 5 1 100 0.75 2 330 109 109 34 98 522 222 10
9 90 5 1 100 0.75 2 330 109 109 109 98 531 222 10
9 90 5 1 100 0.75 2 360 109 109 109 98 459 222 10
9 90 5 1 100 0.75 3 361 0 9 9 0 459 0 0
9 90 5 1 100 0.75 3 362 0 18 18 0 459 0 0
9 90 5 1 100 0.75 3 363 0 27 27 0 459 0 0
9 90 5 1 100 0.75 3 364 0 36 36 0 459 0 0
9 90 5 1 100 0.75 3 365 0 45 45 0 459 0 0
9 90 5 1 100 0.75 3 366 0 54 51 0 459 0 0
9 90 5 1 100 0.75 3 367 1 63 58 0 459 0 0
9 90 5 1 100 0.75 3 368 8 72 53 1 459 0 0
9 90 5 1 100 0.75 3 369 16 81 55 8 459 0 0
9 90 5 1 100 0.75 3 370 23 90 54 16 459 0 0
9 90 5 1 100 0.75 3 371 33 99 53 23 459 0 0
9 90 5 1 100 0.75 3 372 42 108 49 33 459 0 0
9 90 5 1 100 0.75 3 373 55 109 36 42 459 0 0
9 90 5 1 100 0.75 3 374 67 109 34 55 459 0 1
9 90 5 1 100 0.75 3 375 75 109 28 67 459 0 6
9 90 5 1 100 0.75 3 376 83 109 29 75 459 0 13
9 90 5 1 100 0.75 3 377 93 109 28 83 459 0 17
9 90 5 1 100 0.75 3 378 100 109 25 93 459 0 21
9 90 5 1 100 0.75 3 379 107 109 26 100 459 0 29
9 90 5 1 100 0.75 3 380 108 109 29 107 459 0 40
9 90 5 1 100 0.75 3 381 109 109 33 108 459 0 45
9 90 5 1 100 0.75 3 382 109 109 41 109 459 0 55
9 90 5 1 100 0.75 3 383 109 109 50 109 459 0 60
9 90 5 1 100 0.75 3 384 109 109 59 109 459 0 71
9 90 5 1 100 0.75 3 385 109 109 64 109 459 0 74
9 90 5 1 100 0.75 3 386 109 109 61 109 459 0 80
9 90 5 1 100 0.75 3 387 109 109 62 109 459 0 81
9 90 5 1 100 0.75 3 388 109 109 52 109 459 0 82
9 90 5 1 100 0.75 3 389 109 109 56 109 459 0 82
9 90 5 1 100 0.75 3 390 109 109 65 109 459 0 82
9 90 5 1 100 0.75 3 391 109 107 70 107 461 2 80
9 90 5 1 100 0.75 3 392 109 103 56 101 467 8 74
9 90 5 1 100 0.75 3 393 109 104 55 96 472 13 69
9 90 5 1 100 0.75 3 394 109 106 60 93 475 16 66
9 90 5 1 100 0.75 3 395 109 102 49 86 482 23 59
9 90 5 1 100 0.75 3 396 109 99 50 76 492 33 49
9 90 5 1 100 0.75 3 397 109 102 60 70 498 39 43
9 90 5 1 100 0.75 3 398 109 102 55 63 505 46 36
9 90 5 1 100 0.75 3 399 109 102 57 56 512 53 29
9 90 5 1 100 0.75 3 400 109 102 49 55 519 60 22
9 90 5 1 100 0.75 3 401 109 105 53 56 523 64 18
9 90 5 1 100 0.75 3 402 109 106 49 55 526 67 15
9 90 5 1 100 0.75 3 403 109 104 37 56 531 72 10
9 90 5 1 100 0.75 3 404 109 102 28 59 538 79 3
9 90 5 1 100 0.75 3 405 109 108 39 61 538 80 2
9 90 5 1 100 0.75 3 406 109 108 30 64 539 81 5
9 90 5 1 100 0.75 3 407 109 108 28 77 540 82 6
9 90 5 1 100 0.75 3 408 109 109 23 82 540 82 9
9 90 5 1 100 0.75 3 409 109 109 31 90 540 82 13
9 90 5 1 100 0.75 3 410 109 109 28 90 540 82 17
9 90 5 1 100 0.75 3 411 109 109 30 96 540 82 21
9 90 5 1 100 0.75 3 412 109 109 28 101 540 82 22
9 90 5 1 100 0.75 3 413 109 109 30 107 540 82 30
9 90 5 1 100 0.75 3 414 109 109 45 107 540 82 36
9 90 5 1 100 0.75 3 415 109 109 41 108 540 82 42
9 90 5 1 100 0.75 3 416 109 109 46 108 540 82 44
9 90 5 1 100 0.75 3 417 109 109 48 109 540 82 46
9 90 5 1 100 0.75 3 418 109 109 44 109 540 82 53
9 90 5 1 100 0.75 3 419 109 109 50 109 540 82 55
9 90 5 1 100 0.75 3 420 109 109 51 109 540 82 58
9 90 5 1 100 0.75 3 421 109 107 49 107 542 84 56
9 90 5 1 100 0.75 3 422 109 108 52 106 543 85 56
9 90 5 1 100 0.75 3 423 109 108 48 105 544 86 55
9 90 5 1 100 0.75 3 424 109 108 53 104 545 87 54
9 90 5 1 100 0.75 3 425 109 109 54 104 545 87 54
9 90 5 1 100 0.75 3 426 109 105 43 100 549 91 50
9 90 5 1 100 0.75 3 427 109 105 50 96 553 95 46
9 90 5 1 100 0.75 3 428 109 106 46 93 556 98 43
9 90 5 1 100 0.75 3 429 109 105 47 90 560 102 39
9 90 5 1 100 0.75 3 430 109 103 40 86 566 108 33
9 90 5 1 100 0.75 3 431 109 104 39 82 571 113 28
9 90 5 1 100 0.75 3 432 109 105 38 79 575 117 24
9 90 5 1 100 0.75 3 433 109 103 35 73 581 123 18
9 90 5 1 100 0.75 3 434 109 105 39 72 585 127 14
9 90 5 1 100 0.75 3 435 109 105 36 69 589 131 10
9 90 5 1 100 0.75 3 436 109 108 41 74 590 132 11
9 90 5 1 100 0.75 3 437 109 105 40 74 594 136 7
9 90 5 1 100 0.75 3 438 109 105 30 74 598 140 4
9 90 5 1 100 0.75 3 439 109 108 22 78 599 141 3
9 90 5 1 100 0.75 3 440 109 109 31 83 599 141 4
9 90 5 1 100 0.75 3 441 109 109 30 88 599 141 4
9 90 5 1 100 0.75 3 442 109 109 28 92 599 141 8
9 90 5 1 100 0.75 3 443 109 109 29 96 599 141 12
9 90 5 1 100 0.75 3 444 109 109 35 99 599 141 19
9 90 5 1 100 0.75 3 445 109 109 27 101 599 141 20
9 90 5 1 100 0.75 3 446 109 109 30 107 599 141 22
9 90 5 1 100 0.75 3 447 109 109 32 107 599 141 24
9 90 5 1 100 0.75 3 448 109 109 29 109 599 141 32
9 90 5 1 100 0.75 3 449 109 109 35 109 599 141 34
9 90 5 1 100 0.75 3 450 109 109 34 109 599 141 36
9 90 5 1 100 0.75 3 451 109 109 35 109 599 141 40
9 90 5 1 100 0.75 3 452 109 108 39 108 600 142 42
9 90 5 1 100 0.75 3 453 109 109 37 108 600 142 44
9 90 5 1 100 0.75 3 454 109 109 40 108 600 142 45
9 90 5 1 100 0.75 3 455 109 108 42 107 601 143 45
9 90 5 1 100 0.75 3 456 109 109 49 107 600 143 45
9 90 5 1 100 0.75 3 457 109 107 43 105 602 145 43
9 90 5 1 100 0.75 3 458 109 108 45 104 602 146 42
9 90 5 1 100 0.75 3 459 109 106 41 101 605 149 39
9 90 5 1 100 0.75 3 460 109 109 43 101 605 149 39
9 90 5 1 100 0.75 3 461 109 103 41 96 611 155 33
9 90 5 1 100 0.75 3 462 109 103 39 90 617 161 27
9 90 5 1 100 0.75 3 463 109 109 37 90 617 161 27
9 90 5 1 100 0.75 3 464 109 101 31 83 625 169 19
9 90 5 1 100 0.75 3 465 109 105 40 79 629 173 15
9 90 5 1 100 0.75 3 466 109 106 30 79 632 176 12
9 90 5 1 100 0.75 3 467 109 109 44 81 632 176 13
9 90 5 1 100 0.75 3 468 109 108 28 81 633 177 12
9 90 5 1 100 0.75 3 469 109 102 38 76 640 184 5
9 90 5 1 100 0.75 3 470 109 105 22 77 644 188 2
9 90 5 1 100 0.75 3 471 109 109 36 82 644 188 2
9 90 5 1 100 0.75 3 472 109 109 31 86 644 188 3
9 90 5 1 100 0.75 3 473 109 109 30 93 644 188 5
9 90 5 1 100 0.75 3 474 109 109 21 96 644 188 5
9 90 5 1 100 0.75 3 475 109 109 27 97 644 188 7
9 90 5 1 100 0.75 3 476 109 109 23 98 644 188 10
9 90 5 1 100 0.75 3 477 109 109 25 100 644 188 12
9 90 5 1 100 0.75 3 478 109 109 27 106 644 188 15
9 90 5 1 100 0.75 3 479 109 109 32 109 644 188 19
9 90 5 1 100 0.75 3 480 109 109 28 109 644 188 21
9 90 5 1 100 0.75 3 481 109 109 36 109 644 188 24
9 90 5 1 100 0.75 3 482 109 109 28 109 644 188 25
9 90 5 1 100 0.75 3 483 109 109 33 109 644 188 25
9 90 5 1 100 0.75 3 484 109 108 42 108 645 189 30
9 90 5 1 100 0.75 3 485 109 109 37 108 645 189 30
9 90 5 1 100 0.75 3 486 109 109 39 108 645 189 33
9 90 5 1 100 0.75 3 487 109 109 38 108 645 189 33
9 90 5 1 100 0.75 3 488 109 106 34 105 648 192 30
9 90 5 1 100 0.75 3 489 109 109 38 105 648 192 30
9 90 5 1 100 0.75 3 490 109 109 36 105 648 192 30
9 90 5 1 100 0.75 3 491 109 107 37 103 650 194 28
9 90 5 1 100 0.75 3 492 109 107 37 102 652 196 26
9 90 5 1 100 0.75 3 493 109 108 42 101 653 197 25
9 90 5 1 100 0.75 3 494 109 108 28 100 654 198 24
9 90 5 1 100 0.75 3 495 109 105 33 96 658 202 20
9 90 5 1 100 0.75 3 496 109 105 30 93 662 206 16
9 90 5 1 100 0.75 3 497 109 107 29 93 664 208 14
9 90 5 1 100 0.75 3 498 109 107 31 91 666 210 12
9 90 5 1 100 0.75 3 499 109 106 32 89 669 213 10
9 90 5 1 100 0.75 3 500 109 107 29 90 671 215 8
9 90 5 1 100 0.75 3 501 109 107 36 88 673 217 6
9 90 5 1 100 0.75 3 502 109 107 31 88 675 219 5
9 90 5 1 100 0.75 3 503 109 108 26 90 676 220 5
9 90 5 1 100 0.75 3 504 109 108 32 92 677 221 4
9 90 5 1 100 0.75 3 505 109 108 32 93 678 222 3
9 90 5 1 100 0.75 3 506 109 109 28 96 678 222 5
9 90 5 1 100 0.75 3 507 109 109 30 98 678 222 7
9 90 5 1 100 0.75 3 508 109 109 24 100 678 222 7
9 90 5 1 100 0.75 3 509 109 109 30 104 678 222 10
9 90 5 1 100 0.75 3 510 109 109 20 105 678 222 12
9 90 5 1 100 0.75 3 510 109 109 109 105 690 222 12
9 90 5 1 100 0.75 3 540 109 109 109 105 556 222 12
9 90 5 1 100 0.75 4 541 0 9 9 0 556 0 0
9 90 5 1 100 0.75 4 542 0 18 18 0 556 0 0
9 90 5 1 100 0.75 4 543 0 27 27 0 556 0 0
9 90 5 1 100 0.75 4 544 0 36 34 0 556 0 0
9 90 5 1 100 0.75 4 545 0 45 42 0 556 0 0
9 90 5 1 100 0.75 4 546 0 54 46 0 556 0 0
9 90 5 1 100 0.75 4 547 1 63 54 0 556 0 0
9 90 5 1 100 0.75 4 548 12 72 51 1 556 0 0
9 90 5 1 100 0.75 4 549 18 81 49 12 555 0 0
9 90 5 1 100 0.75 4 550 27 90 49 18 555 0 0
9 90 5 1 100 0.75 4 551 39 99 45 27 555 0 0
9 90 5 1 100 0.75 4 552 45 108 45 39 555 0 0
9 90 5 1 100 0.75 4 553 56 109 29 45 555 0 0
9 90 5 1 100 0.75 4 554 65 109 29 56 555 0 1
9 90 5 1 100 0.75 4 555 74 109 29 65 555 0 5
9 90 5 1 100 0.75 4 556 82 109 28 74 555 0 14
9 90 5 1 100 0.75 4 557 89 109 29 82 555 0 21
9 90 5 1 100 0.75 4 558 100 109 24 89 555 0 28
9 90 5 1 100 0.75 4 559 108 109 22 100 555 0 32
9 90 5 1 100 0.75 4 560 109 109 31 108 555 0 38
9 90 5 1 100 0.75 4 561 109 109 33 109 555 0 47
9 90 5 1 100 0.75 4 562 109 109 42 109 555 0 52
9 90 5 1 100 0.75 4 563 109 109 47 109 555 0 59
9 90 5 1 100 0.75 4 564 109 109 43 109 555 0 62
9 90 5 1 100 0.75 4 565 109 109 55 109 555 0 72
9 90 5 1 100 0.75 4 566 109 109 59 109 555 0 78
9 90 5 1 100 0.75 4 567 109 109 57 109 555 0 79
9 90 5 1 100 0.75 4 568 109 109 63 109 555 0 80
9 90 5 1 100 0.75 4 569 109 109 62 109 555 0 80
9 90 5 1 100 0.75 4 570 109 108 66 108 556 1 79
9 90 5 1 100 0.75 4 571 109 107 57 106 558 3 77
9 90 5 1 100 0.75 4 572 109 105 58 102 562 7 73
9 90 5 1 100 0.75 4 573 109 103 47 96 568 13 67
9 90 5 1 100 0.75 4 574 109 101 57 88 576 21 59
9 90 5 1 100 0.75 4 575 109 106 57 85 579 24 56
9 90 5 1 100 0.75 4 576 109 102 45 78 586 31 49
9 90 5 1 100 0.75 4 577 109 104 53 73 591 36 44
9 90 5 1 100 0.75 4 578 109 106 51 70 594 39 41
9 90 5 1 100 0.75 4 579 109 100 45 63 603 48 32
9 90 5 1 100 0.75 4 580 109 101 43 58 611 56 24
9 90 5 1 100 0.75 4 581 109 102 36 55 618 63 17
9 90 5 1 100 0.75 4 582 109 104 38 58 623 68 12
9 90 5 1 100 0.75 4 583 109 104 29 58 628 73 7
9 90 5 1 100 0.75 4 584 109 108 34 62 629 74 6
9 90 5 1 100 0.75 4 585 109 105 25 63 633 78 3
9 90 5 1 100 0.75 4 586 109 107 35 65 635 80 3
9 90 5 1 100 0.75 4 587 109 109 33 73 635 80 6
9 90 5 1 100 0.75 4 588 109 109 28 82 635 80 12
9 90 5 1 100 0.75 4 589 109 109 35 88 635 80 19
9 90 5 1 100 0.75 4 590 109 109 33 92 635 80 23
9 90 5 1 100 0.75 4 591 109 109 29 99 635 80 24
9 90 5 1 100 0.75 4 592 109 109 30 102 635 80 27
9 90 5 1 100 0.75 4 593 109 109 33 104 635 80 31
9 90 5 1 100 0.75 4 594 109 109 31 107 635 80 36
9 90 5 1 100 0.75 4 595 109 109 38 109 635 80 42
9 90 5 1 100 0.75 4 596 109 109 44 109 635 80 47
9 90 5 1 100 0.75 4 597 109 109 39 109 635 80 51
9 90 5 1 100 0.75 4 598 109 109 39 109 635 80 54
9 90 5 1 100 0.75 4 599 109 109 48 109 635 80 56
9 90 5 1 100 0.75 4 600 109 109 49 109 635 80 56
9 90 5 1 100 0.75 4 601 109 109 50 109 635 80 56
9 90 5 1 100 0.75 4 602 109 109 52 109 635 80 57
9 90 5 1 100 0.75 4 603 109 107 44 107 637 82 55
9 90 5 1 100 0.75 4 604 109 102 50 100 644 89 48
9 90 5 1 100 0.75 4 605 109 106 46 97 647 92 45
9 90 5 1 100 0.75 4 606 109 106 42 94 650 95 42
9 90 5 1 100 0.75 4 607 109 106 50 91 653 98 39
9 90 5 1 100 0.75 4 608 109 105 39 87 657 102 35
9 90 5 1 100 0.75 4 609 109 103 36 81 663 108 29
9 90 5 1 100 0.75 4 610 109 107 45 79 665 110 27
9 90 5 1 100 0.75 4 611 109 105 47 76 669 114 23
9 90 5 1 100 0.75 4 612 109 103 41 74 675 120 17
9 90 5 1 100 0.75 4 613 109 108 40 78 676 121 16
9 90 5 1 100 0.75 4 614 109 104 32 77 681 126 11
9 90 5 1 100 0.75 4 615 109 106 26 77 684 129 8
9 90 5 1 100 0.75 4 616 109 106 36 77 685 132 5
9 90 5 1 100 0.75 4 617 109 107 25 77 687 134 4
9 90 5 1 100 0.75 4 618 109 109 32 85 687 134 7
9 90 5 1 100 0.75 4 619 109 107 29 86 689 136 8
9 90 5 1 100 0.75 4 620 109 108 32 86 690 137 11
9 90 5 1 100 0.75 4 621 109 109 25 92 690 137 13
9 90 5 1 100 0.75 4 622 109 109 27 96 690 137 15
9 90 5 1 100 0.75 4 623 109 109 29 98 690 137 18
9 90 5 1 100 0.75 4 624 109 109 24 103 690 137 23
9 90 5 1 100 0.75 4 625 109 109 33 105 690 137 27
9 90 5 1 100 0.75 4 626 109 109 30 106 690 137 28
9 90 5 1 100 0.75 4 627 109 109 32 107 690 137 32
9 90 5 1 100 0.75 4 628 109 109 35 108 690 137 38
9 90 5 1 100 0.75 4 629 109 109 37 109 690 137 41
9 90 5 1 100 0.75 4 630 109 109 34 109 690 137 42
9 90 5 1 100 0.75 4 631 109 109 45 109 690 137 44
9 90 5 1 100 0.75 4 632 109 109 39 109 690 137 44
9 90 5 1 100 0.75 4 633 109 109 37 109 690 137 44
9 90 5 1 100 0.75 4 634 109 109 34 109 690 137 44
9 90 5 1 100 0.75 4 635 109 109 42 109 690 137 45
9 90 5 1 100 0.75 4 636 109 107 42 107 692 139 43
9 90 5 1 100 0.75 4 637 109 103 36 101 698 145 37
9 90 5 1 100 0.75 4 638 109 107 35 99 700 147 35
9 90 5 1 100 0.75 4 639 109 105 41 95 703 151 31
9 90 5 1 100 0.75 4 640 109 106 33 92 706 154 28
9 90 5 1 100 0.75 4 641 109 107 35 90 708 156 26
9 90 5 1 100 0.75 4 642 109 104 29 85 713 161 21
9 90 5 1 100 0.75 4 643 109 102 32 78 720 168 14
9 90 5 1 100 0.75 4 644 109 109 33 78 720 168 14
9 90 5 1 100 0.75 4 645 109 105 31 76 724 172 10
9 90 5 1 100 0.75 4 646 109 108 32 82 725 173 9
9 90 5 1 100 0.75 4 647 109 106 28 84 728 176 6
9 90 5 1 100 0.75 4 648 109 107 28 83 730 178 4
9 90 5 1 100 0.75 4 649 109 107 30 84 731 180 2
9 90 5 1 100 0.75 4 650 109 108 26 85 732 181 1
9 90 5 1 100 0.75 4 651 109 109 19 93 731 181 1
9 90 5 1 100 0.75 4 652 109 109 28 96 731 181 6
9 90 5 1 100 0.75 4 653 109 108 22 95 732 182 9
9 90 5 1 100 0.75 4 654 109 109 29 100 732 182 11
9 90 5 1 100 0.75 4 655 109 109 23 101 732 182 13
9 90 5 1 100 0.75 4 656 109 109 26 103 732 182 15
9 90 5 1 100 0.75 4 657 109 109 25 106 732 182 19
9 90 5 1 100 0.75 4 658 109 109 27 107 732 182 23
9 90 5 1 100 0.75 4 659 109 109 32 108 732 182 23
9 90 5 1 100 0.75 4 660 109 109 28 108 732 182 25
9 90 5 1 100 0.75 4 661 109 109 35 108 732 182 27
9 90 5 1 100 0.75 4 662 109 109 25 109 732 182 29
9 90 5 1 100 0.75 4 663 109 109 35 109 732 182 30
9 90 5 1 100 0.75 4 664 109 109 35 109 732 182 31
9 90 5 1 100 0.75 4 665 109 109 30 109 732 182 32
9 90 5 1 100 0.75 4 666 109 109 41 109 732 182 33
9 90 5 1 100 0.75 4 667 109 106 35 106 735 185 30
9 90 5 1 100 0.75 4 668 109 109 31 106 735 185 31
9 90 5 1 100 0.75 4 669 109 108 38 105 736 186 30
9 90 5 1 100 0.75 4 670 109 107 31 103 738 188 28
9 90 5 1 100 0.75 4 671 109 108 31 102 739 189 27
9 90 5 1 100 0.75 4 672 109 105 30 98 743 193 23
9 90 5 1 100 0.75 4 673 109 104 31 93 748 198 18
9 90 5 1 100 0.75 4 674 109 108 33 92 749 199 17
9 90 5 1 100 0.75 4 675 109 108 32 91 750 200 16
9 90 5 1 100 0.75 4 676 109 107 35 92 752 202 14
9 90 5 1 100 0.75 4 677 109 106 30 89 755 205 11
9 90 5 1 100 0.75 4 678 109 106 32 87 758 208 8
9 90 5 1 100 0.75 4 679 109 108 24 88 759 209 7
9 90 5 1 100 0.75 4 680 109 107 23 87 761 211 5
9 90 5 1 100 0.75 4 681 109 107 24 93 763 213 3
9 90 5 1 100 0.75 4 682 109 108 19 92 764 214 3
9 90 5 1 100 0.75 4 683 109 109 24 95 764 214 4
9 90 5 1 100 0.75 4 684 109 109 13 96 764 214 4
9 90 5 1 100 0.75 4 685 109 108 17 97 765 215 3
9 90 5 1 100 0.75 4 686 109 109 20 99 765 215 5
9 90 5 1 100 0.75 4 687 109 108 25 102 766 216 9
9 90 5 1 100 0.75 4 688 109 109 21 102 766 216 11
9 90 5 1 100 0.75 4 689 109 109 25 106 766 216 13
9 90 5 1 100 0.75 4 690 109 109 21 106 766 216 15
9 90 5 1 100 0.75 4 690 109 109 109 106 781 216 15
9 90 5 1 100 0.75 4 720 109 109 109 106 608 216 15
9 90 5 1 100 0.75 5 721 0 9 9 0 608 0 0
9 90 5 1 100 0.75 5 722 0 18 18 0 608 0 0
9 90 5 1 100 0.75 5 723 0 27 27 0 608 0 0
9 90 5 1 100 0.75 5 724 0 36 35 0 608 0 0
9 90 5 1 100 0.75 5 725 0 45 42 0 608 0 0
9 90 5 1 100 0.75 5 726 0 54 49 0 608 0 0
9 90 5 1 100 0.75 5 727 3 63 56 0 608 0 0
9 90 5 1 100 0.75 5 728 9 72 50 3 608 0 0
9 90 5 1 100 0.75 5 729 18 81 52 9 608 0 0
9 90 5 1 100 0.75 5 730 28 90 44 18 608 0 0
9 90 5 1 100 0.75 5 731 36 99 42 28 608 0 0
9 90 5 1 100 0.75 5 732 46 108 37 36 608 0 0
9 90 5 1 100 0.75 5 733 59 109 33 46 608 0 0
9 90 5 1 100 0.75 5 734 67 109 26 59 608 0 0
9 90 5 1 100 0.75 5 735 75 109 21 67 608 0 3
9 90 5 1 100 0.75 5 736 85 109 22 75 608 0 10
9 90 5 1 100 0.75 5 737 96 109 15 85 608 0 17
9 90 5 1 100 0.75 5 738 102 109 26 96 608 0 23
9 90 5 1 100 0.75 5 739 108 109 23 102 608 0 29
9 90 5 1 100 0.75 5 740 109 109 19 108 608 0 34
9 90 5 1 100 0.75 5 741 109 109 34 109 608 0 43
9 90 5 1 100 0.75 5 742 109 109 33 109 608 0 51
9 90 5 1 100 0.75 5 743 109 109 47 109 608 0 60
9 90 5 1 100 0.75 5 744 109 109 38 109 608 0 67
9 90 5 1 100 0.75 5 745 109 109 52 109 608 0 72
9 90 5 1 100 0.75 5 746 109 109 45 109 608 0 78
9 90 5 1 100 0.75 5 747 109 109 54 109 608 0 80
9 90 5 1 100 0.75 5 748 109 109 48 109 608 0 80
9 90 5 1 100 0.75 5 749 109 109 58 109 608 0 80
9 90 5 1 100 0.75 5 750 109 109 49 109 608 0 80
9 90 5 1 100 0.75 5 751 109 107 63 107 610 2 78
9 90 5 1 100 0.75 5 752 109 107 46 105 612 4 76
9 90 5 1 100 0.75 5 753 109 107 48 103 614 6 74
9 90 5 1 100 0.75 5 754 109 105 48 99 618 10 70
9 90 5 1 100 0.75 5 755 109 102 49 92 625 17 63
9 90 5 1 100 0.75 5 756 109 101 35 84 633 25 55
9 90 5 1 100 0.75 5 757 109 105 50 80 637 29 51
9 90 5 1 100 0.75 5 758 109 99 40 70 647 39 41
9 90 5 1 100 0.75 5 759 109 101 40 65 654 46 34
9 90 5 1 100 0.75 5 760 109 98 32 54 665 57 23
9 90 5 1 100 0.75 5 761 109 100 42 50 672 64 16
9 90 5 1 100 0.75 5 762 109 103 36 47 678 70 10
9 90 5 1 100 0.75 5 763 109 103 39 49 684 76 4
9 90 5 1 100 0.75 5 764 109 106 31 48 686 79 1
9 90 5 1 100 0.75 5 765 109 108 39 56 687 80 0
9 90 5 1 100 0.75 5 766 109 109 23 61 687 80 2
9 90 5 1 100 0.75 5 767 109 109 19 72 687 80 4
9 90 5 1 100 0.75 5 768 109 109 19 81 687 80 6
9 90 5 1 100 0.75 5 769 109 109 15 87 687 80 12
9 90 5 1 100 0.75 5 770 109 109 15 96 687 80 15
9 90 5 1 100 0.75 5 771 109 109 17 102 687 80 19
9 90 5 1 100 0.75 5 772 109 109 22 107 687 80 24
9 90 5 1 100 0.75 5 773 109 109 15 108 687 80 27
9 90 5 1 100 0.75 5 774 109 109 30 109 687 80 38
9 90 5 1 100 0.75 5 775 109 109 29 109 687 80 42
9 90 5 1 100 0.75 5 776 109 109 39 109 687 80 48
9 90 5 1 100 0.75 5 777 109 109 31 109 687 80 55
9 90 5 1 100 0.75 5 778 109 109 36 109 686 80 57
9 90 5 1 100 0.75 5 779 109 109 35 109 686 80 61
9 90 5 1 100 0.75 5 780 109 109 43 109 686 80 61
9 90 5 1 100 0.75 5 781 109 108 47 108 687 81 61
9 90 5 1 100 0.75 5 782 109 109 36 108 687 81 61
9 90 5 1 100 0.75 5 783 109 108 38 107 688 82 60
9 90 5 1 100 0.75 5 784 109 109 41 107 687 82 60
9 90 5 1 100 0.75 5 785 109 106 37 104 690 85 57
9 90 5 1 100 0.75 5 786 109 108 36 103 691 86 56
9 90 5 1 100 0.75 5 787 109 105 39 99 695 90 52
9 90 5 1 100 0.75 5 788 109 104 30 94 700 95 47
9 90 5 1 100 0.75 5 789 109 106 37 92 702 98 44
9 90 5 1 100 0.75 5 790 109 103 34 86 708 104 38
9 90 5 1 100 0.75 5 791 109 100 30 77 716 113 29
9 90 5 1 100 0.75 5 792 109 103 29 72 721 119 23
9 90 5 1 100 0.75 5 793 109 104 33 68 726 124 18
9 90 5 1 100 0.75 5 794 109 103 30 64 732 130 12
9 90 5 1 100 0.75 5 795 109 109 42 66 732 130 12
9 90 5 1 100 0.75 5 796 109 103 29 66 738 136 7
9 90 5 1 100 0.75 5 797 109 105 30 65 742 140 3
9 90 5 1 100 0.75 5 798 109 107 21 68 744 142 1
9 90 5 1 100 0.75 5 799 109 109 21 76 743 142 2
9 90 5 1 100 0.75 5 800 109 109 17 82 743 142 5
9 90 5 1 100 0.75 5 801 109 109 15 90 743 142 6
9 90 5 1 100 0.75 5 802 109 109 20 92 743 142 11
9 90 5 1 100 0.75 5 803 109 109 16 96 743 142 14
9 90 5 1 100 0.75 5 804 109 109 19 101 743 142 16
9 90 5 1 100 0.75 5 805 109 109 17 105 743 142 22
9 90 5 1 100 0.75 5 806 109 109 23 108 743 142 28
9 90 5 1 100 0.75 5 807 109 109 32 109 743 142 33
9 90 5 1 100 0.75 5 808 109 109 27 109 743 142 36
9 90 5 1 100 0.75 5 809 109 109 33 109 743 142 38
9 90 5 1 100 0.75 5 810 109 109 31 109 743 142 42
9 90 5 1 100 0.75 5 811 109 109 32 109 743 142 46
9 90 5 1 100 0.75 5 812 109 108 31 108 744 143 46
9 90 5 1 100 0.75 5 813 109 109 42 108 744 143 50
9 90 5 1 100 0.75 5 814 109 109 30 108 744 143 50
9 90 5 1 100 0.75 5 815 109 109 39 108 743 143 50
9 90 5 1 100 0.75 5 816 109 107 36 106 745 145 48
9 90 5 1 100 0.75 5 817 109 107 39 104 747 147 46
9 90 5 1 100 0.75 5 818 109 109 39 104 747 147 46
9 90 5 1 100 0.75 5 819 109 104 34 99 752 152 41
9 90 5 1 100 0.75 5 820 109 107 31 98 754 154 39
9 90 5 1 100 0.75 5 821 109 109 28 98 754 154 39
9 90 5 1 100 0.75 5 822 109 107 43 96 756 156 37
9 90 5 1 100 0.75 5 823 109 105 28 92 760 160 33
9 90 5 1 100 0.75 5 824 109 100 34 83 769 169 24
9 90 5 1 100 0.75 5 825 109 103 30 80 775 175 18
9 90 5 1 100 0.75 5 826 109 104 31 76 780 180 14
9 90 5 1 100 0.75 5 827 109 107 34 76 782 182 12
9 90 5 1 100 0.75 5 828 109 107 31 79 784 184 10
9 90 5 1 100 0.75 5 829 109 105 25 75 788 188 6
9 90 5 1 100 0.75 5 830 109 106 27 73 791 191 3
9 90 5 1 100 0.75 5 831 109 109 25 75 791 191 5
9 90 5 1 100 0.75 5 832 109 107 14 81 793 193 3
9 90 5 1 100 0.75 5 833 109 109 20 88 793 193 3
9 90 5 1 100 0.75 5 834 109 109 18 91 793 193 4
9 90 5 1 100 0.75 5 835 109 109 20 96 793 193 6
9 90 5 1 100 0.75 5 836 109 109 22 99 792 193 7
9 90 5 1 100 0.75 5 837 109 109 15 101 792 193 8
9 90 5 1 100 0.75 5 838 109 109 17 106 792 193 13
9 90 5 1 100 0.75 5 839 109 109 23 107 792 193 19
9 90 5 1 100 0.75 5 840 109 109 19 109 792 193 22
9 90 5 1 100 0.75 5 841 109 109 24 109 791 193 25
9 90 5 1 100 0.75 5 842 109 108 25 108 792 194 29
9 90 5 1 100 0.75 5 843 109 109 20 108 791 194 31
9 90 5 1 100 0.75 5 844 109 109 22 108 791 194 34
9 90 5 1 100 0.75 5 845 109 109 39 108 791 194 35
9 90 5 1 100 0.75 5 846 109 107 34 106 793 196 33
9 90 5 1 100 0.75 5 847 109 109 32 106 793 196 33
9 90 5 1 100 0.75 5 848 109 109 28 106 793 196 33
9 90 5 1 100 0.75 5 849 109 108 35 105 794 197 32
9 90 5 1 100 0.75 5 850 109 109 26 105 794 197 32
9 90 5 1 100 0.75 5 851 109 107 35 104 796 199 30
9 90 5 1 100 0.75 5 852 109 108 29 103 797 200 29
9 90 5 1 100 0.75 5 853 109 108 25 102 798 201 28
9 90 5 1 100 0.75 5 854 109 107 21 102 800 203 26
9 90 5 1 100 0.75 5 855 109 105 26 98 804 207 22
9 90 5 1 100 0.75 5 856 109 106 21 95 807 210 19
9 90 5 1 100 0.75 5 857 109 103 25 89 813 216 14
9 90 5 1 100 0.75 5 858 109 105 23 86 817 220 10
9 90 5 1 100 0.75 5 859 109 107 33 86 819 222 8
9 90 5 1 100 0.75 5 860 109 109 21 86 819 222 10
9 90 5 1 100 0.75 5 861 109 105 29 84 823 226 6
9 90 5 1 100 0.75 5 862 109 108 24 83 824 227 5
9 90 5 1 100 0.75 5 863 109 109 22 86 824 227 5
9 90 5 1 100 0.75 5 864 109 107 28 88 826 229 4
9 90 5 1 100 0.75 5 865 109 109 23 92 826 229 4
9 90 5 1 100 0.75 5 866 109 109 17 99 826 229 5
9 90 5 1 100 0.75 5 867 109 109 15 100 826 229 6
9 90 5 1 100 0.75 5 868 109 109 21 102 826 229 7
9 90 5 1 100 0.75 5 869 109 109 16 105 826 229 8
9 90 5 1 100 0.75 5 870 109 109 24 106 826 229 11
9 90 5 1 100 0.75 5 870 109 109 109 106 837 229 11
9 90 5 1 100 0.75 5 900 109 109 109 106 655 229 11
9 90 5 1 100 0.75 6 901 0 9 9 0 655 0 0
9 90 5 1 100 0.75 6 902 0 18 18 0 655 0 0
9 90 5 1 100 0.75 6 903 0 27 27 0 655 0 0
9 90 5 1 100 0.75 6 904 0 36 36 0 655 0 0
9 90 5 1 100 0.75 6 905 0 45 44 0 655 0 0
9 90 5 1 100 0.75 6 906 0 54 48 0 655 0 0
9 90 5 1 100 0.75 6 907 1 63 56 0 655 0 0
9 90 5 1 100 0.75 6 908 9 72 50 1 655 0 0
9 90 5 1 100 0.75 6 909 18 81 53 9 655 0 0
9 90 5 1 100 0.75 6 910 28 90 43 18 655 0 0
9 90 5 1 100 0.75 6 911 36 99 47 28 655 0 0
9 90 5 1 100 0.75 6 912 47 108 38 36 655 0 0
9 90 5 1 100 0.75 6 913 58 109 38 47 655 0 0
9 90 5 1 100 0.75 6 914 66 109 20 58 655 0 0
9 90 5 1 100 0.75 6 915 74 109 26 66 655 0 5
9 90 5 1 100 0.75 6 916 81 109 23 74 655 0 10
9 90 5 1 100 0.75 6 917 95 109 26 81 655 0 19
9 90 5 1 100 0.75 6 918 103 109 19 95 655 0 24
9 90 5 1 100 0.75 6 919 108 109 29 103 655 0 32
9 90 5 1 100 0.75 6 920 109 109 34 108 655 0 43
9 90 5 1 100 0.75 6 921 109 109 37 109 655 0 50
9 90 5 1 100 0.75 6 922 109 109 41 109 655 0 55
9 90 5 1 100 0.75 6 923 109 109 41 109 655 0 59
9 90 5 1 100 0.75 6 924 109 109 45 109 655 0 71
9 90 5 1 100 0.75 6 925 109 109 46 109 655 0 79
9 90 5 1 100 0.75 6 926 109 109 55 109 655 0 81
9 90 5 1 100 0.75 6 927 109 109 54 109 655 0 85
9 90 5 1 100 0.75 6 928 109 109 57 109 655 0 86
9 90 5 1 100 0.75 6 929 109 109 59 109 655 0 86
9 90 5 1 100 0.75 6 930 109 109 53 109 655 0 86
9 90 5 1 100 0.75 6 931 109 108 57 108 656 1 85
9 90 5 1 100 0.75 6 932 109 106 50 105 659 4 82
9 90 5 1 100 0.75 6 933 109 103 46 99 665 10 76
9 90 5 1 100 0.75 6 934 109 103 52 93 671 16 70
9 90 5 1 100 0.75 6 935 109 102 47 86 678 23 63
9 90 5 1 100 0.75 6 936 109 106 52 83 681 26 60
9 90 5 1 100 0.75 6 937 109 102 45 76 688 33 53
9 90 5 1 100 0.75 6 938 109 101 47 68 696 41 45
9 90 5 1 100 0.75 6 939 109 99 43 59 706 51 35
9 90 5 1 100 0.75 6 940 109 103 46 55 711 56 30
9 90 5 1 100 0.75 6 941 109 100 37 49 720 65 21
9 90 5 1 100 0.75 6 942 109 104 41 52 725 70 16
9 90 5 1 100 0.75 6 943 109 103 33 51 731 76 10
9 90 5 1 100 0.75 6 944 109 104 31 52 736 81 5
9 90 5 1 100 0.75 6 945 109 107 44 56 738 83 3
9 90 5 1 100 0.75 6 946 109 106 28 60 741 86 2
9 90 5 1 100 0.75 6 947 109 109 27 70 741 86 3
9 90 5 1 100 0.75 6 948 109 109 22 75 741 86 7
9 90 5 1 100 0.75 6 949 109 109 21 81 741 86 14
9 90 5 1 100 0.75 6 950 109 109 30 92 741 86 19
9 90 5 1 100 0.75 6 951 109 109 26 93 741 86 22
9 90 5 1 100 0.75 6 952 109 109 27 98 741 86 25
9 90 5 1 100 0.75 6 953 109 109 30 106 741 86 35
9 90 5 1 100 0.75 6 954 109 109 27 106 741 86 38
9 90 5 1 100 0.75 6 955 109 109 31 109 741 86 43
9 90 5 1 100 0.75 6 956 109 109 36 109 741 86 49
9 90 5 1 100 0.75 6 957 109 109 40 109 741 86 55
9 90 5 1 100 0.75 6 958 109 109 37 109 741 86 57
9 90 5 1 100 0.75 6 959 109 109 44 109 741 86 61
9 90 5 1 100 0.75 6 960 109 109 45 109 741 86 65
9 90 5 1 100 0.75 6 961 109 109 35 109 741 86 67
9 90 5 1 100 0.75 6 962 109 108 47 108 742 87 66
9 90 5 1 100 0.75 6 963 109 108 40 107 743 88 65
9 90 5 1 100 0.75 6 964 109 104 42 102 748 93 60
9 90 5 1 100 0.75 6 965 109 104 39 97 753 98 55
9 90 5 1 100 0.75 6 966 109 109 42 97 753 98 55
9 90 5 1 100 0.75 6 967 109 105 45 93 757 102 51
9 90 5 1 100 0.75 6 968 109 101 45 85 765 110 43
9 90 5 1 100 0.75 6 969 109 108 43 84 766 111 42
9 90 5 1 100 0.75 6 970 109 100 33 76 775 120 33
9 90 5 1 100 0.75 6 971 109 105 42 73 779 124 29
9 90 5 1 100 0.75 6 972 109 104 33 70 784 129 24
9 90 5 1 100 0.75 6 973 109 106 30 73 787 132 21
9 90 5 1 100 0.75 6 974 109 103 34 69 793 138 15
9 90 5 1 100 0.75 6 975 109 104 23 68 798 143 10
9 90 5 1 100 0.75 6 976 109 105 28 67 802 147 7
9 90 5 1 100 0.75 6 977 109 109 24 72 802 147 7
9 90 5 1 100 0.75 6 978 109 106 27 75 805 150 5
9 90 5 1 100 0.75 6 979 109 109 25 81 805 150 8
9 90 5 1 100 0.75 6 980 109 106 25 83 808 153 8
9 90 5 1 100 0.75 6 981 109 109 22 87 808 153 8
9 90 5 1 100 0.75 6 982 109 109 26 90 807 153 12
9 90 5 1 100 0.75 6 983 109 109 23 98 806 153 14
9 90 5 1 100 0.75 6 984 109 109 27 101 806 153 20
9 90 5 1 100 0.75 6 985 109 109 33 103 806 153 25
9 90 5 1 100 0.75 6 986 109 109 29 105 806 153 30
9 90 5 1 100 0.75 6 987 109 109 26 106 806 153 32
9 90 5 1 100 0.75 6 988 109 109 33 107 806 153 37
9 90 5 1 100 0.75 6 989 109 109 35 109 806 153 43
9 90 5 1 100 0.75 6 990 109 109 40 109 806 153 49
9 90 5 1 100 0.75 6 991 109 109 34 109 806 153 52
9 90 5 1 100 0.75 6 992 109 109 42 109 806 153 53
9 90 5 1 100 0.75 6 993 109 108 42 108 807 154 53
9 90 5 1 100 0.75 6 994 109 109 32 108 807 154 53
9 90 5 1 100 0.75 6 995 109 106 41 105 810 157 52
9 90 5 1 100 0.75 6 996 109 106 36 102 813 160 50
9 90 5 1 100 0.75 6 997 109 108 36 101 814 161 49
9 90 5 1 100 0.75 6 998 109 107 38 99 816 163 47
9 90 5 1 100 0.75 6 999 109 107 37 97 818 165 45
9 90 5 1 100 0.75 6 1000 109 107 40 95 820 167 43
9 90 5 1 100 0.75 6 1001 109 106 28 93 823 170 40
9 90 5 1 100 0.75 6 1002 109 105 32 89 827 174 36
9 90 5 1 100 0.75 6 1003 109 107 33 89 829 176 34
9 90 5 1 100 0.75 6 1004 109 102 34 84 836 183 27
9 90 5 1 100 0.75 6 1005 109 101 27 79 844 191 19
9 90 5 1 100 0.75 6 1006 109 109 27 81 844 191 19
9 90 5 1 100 0.75 6 1007 109 103 29 76 850 197 14
9 90 5 1 100 0.75 6 1008 109 103 27 73 856 203 8
9 90 5 1 100 0.75 6 1009 109 107 36 73 858 205 6
9 90 5 1 100 0.75 6 1010 109 107 30 74 860 207 4
9 90 5 1 100 0.75 6 1011 109 108 29 76 861 208 4
9 90 5 1 100 0.75 6 1012 109 108 24 77 861 209 7
9 90 5 1 100 0.75 6 1013 109 109 22 86 861 209 7
9 90 5 1 100 0.75 6 1014 109 109 25 91 860 209 8
9 90 5 1 100 0.75 6 1015 109 108 22 96 861 210 10
9 90 5 1 100 0.75 6 1016 109 109 23 98 861 210 11
9 90 5 1 100 0.75 6 1017 109 109 19 102 861 210 15
9 90 5 1 100 0.75 6 1018 109 109 24 105 861 210 16
9 90 5 1 100 0.75 6 1019 109 109 22 106 860 210 21
9 90 5 1 100 0.75 6 1020 109 109 26 107 860 210 23
9 90 5 1 100 0.75 6 1021 109 109 35 108 859 210 26
9 90 5 1 100 0.75 6 1022 109 109 33 108 859 210 29
9 90 5 1 100 0.75 6 1023 109 109 32 108 859 210 33
9 90 5 1 100 0.75 6 1024 109 109 33 109 859 210 34
9 90 5 1 100 0.75 6 1025 109 108 34 108 860 211 35
9 90 5 1 100 0.75 6 1026 109 108 34 107 861 212 35
9 90 5 1 100 0.75 6 1027 109 109 28 107 861 212 36
9 90 5 1 100 0.75 6 1028 109 107 47 105 863 214 34
9 90 5 1 100 0.75 6 1029 109 109 37 105 862 214 34
9 90 5 1 100 0.75 6 1030 109 107 38 103 864 216 32
9 90 5 1 100 0.75 6 1031 109 107 28 101 866 218 31
9 90 5 1 100 0.75 6 1032 109 107 36 99 868 220 29
9 90 5 1 100 0.75 6 1033 109 107 37 97 870 222 27
9 90 5 1 100 0.75 6 1034 109 108 28 97 871 223 26
9 90 5 1 100 0.75 6 1035 109 108 38 97 872 224 25
9 90 5 1 100 0.75 6 1036 109 104 28 94 877 229 20
9 90 5 1 100 0.75 6 1037 109 106 29 91 880 232 17
9 90 5 1 100 0.75 6 1038 109 107 32 91 882 234 15
9 90 5 1 100 0.75 6 1039 109 106 25 89 884 237 12
9 90 5 1 100 0.75 6 1040 109 106 37 88 887 240 10
9 90 5 1 100 0.75 6 1041 109 105 30 85 891 244 7
9 90 5 1 100 0.75 6 1042 109 106 31 85 894 247 4
9 90 5 1 100 0.75 6 1043 109 109 19 86 894 247 5
9 90 5 1 100 0.75 6 1044 109 109 32 89 893 247 6
9 90 5 1 100 0.75 6 1045 109 109 24 92 892 247 8
9 90 5 1 100 0.75 6 1046 109 108 29 93 893 248 9
9 90 5 1 100 0.75 6 1047 109 109 25 96 893 248 10
9 90 5 1 100 0.75 6 1048 109 108 25 98 894 249 11
9 90 5 1 100 0.75 6 1049 109 109 20 101 894 249 12
9 90 5 1 100 0.75 6 1050 109 109 21 106 894 249 14
9 90 5 1 100 0.75 6 1050 109 109 109 106 908 249 14
9 90 5 1 100 0.75 6 1080 109 109 109 106 676 249 14
9 90 5 1 100 0.75 7 1081 0 9 9 0 676 0 0
9 90 5 1 100 0.75 7 1082 0 18 18 0 676 0 0
9 90 5 1 100 0.75 7 1083 0 27 26 0 676 0 0
9 90 5 1 100 0.75 7 1084 0 36 35 0 676 0 0
9 90 5 1 100 0.75 7 1085 0 45 43 0 676 0 0
9 90 5 1 100 0.75 7 1086 0 54 50 0 676 0 0
9 90 5 1 100 0.75 7 1087 2 63 57 0 676 0 0
9 90 5 1 100 0.75 7 1088 8 72 57 2 676 0 0
9 90 5 1 100 0.75 7 1089 19 81 45 8 676 0 0
9 90 5 1 100 0.75 7 1090 30 90 41 19 676 0 0
9 90 5 1 100 0.75 7 1091 39 99 36 30 676 0 0
9 90 5 1 100 0.75 7 1092 44 108 43 39 676 0 0
9 90 5 1 100 0.75 7 1093 56 109 36 44 675 0 0
9 90 5 1 100 0.75 7 1094 66 109 23 56 675 0 0
9 90 5 1 100 0.75 7 1095 76 109 25 66 675 0 3
9 90 5 1 100 0.75 7 1096 82 109 18 76 675 0 11
9 90 5 1 100 0.75 7 1097 96 109 18 82 675 0 22
9 90 5 1 100 0.75 7 1098 102 109 21 96 675 0 27
9 90 5 1 100 0.75 7 1099 108 109 24 102 675 0 32
9 90 5 1 100 0.75 7 1100 109 109 26 108 675 0 40
9 90 5 1 100 0.75 7 1101 109 109 31 109 675 0 48
9 90 5 1 100 0.75 7 1102 109 109 32 109 675 0 53
9 90 5 1 100 0.75 7 1103 109 109 39 109 675 0 61
9 90 5 1 100 0.75 7 1104 109 109 42 109 675 0 72
9 90 5 1 100 0.75 7 1105 109 109 44 109 675 0 76
9 90 5 1 100 0.75 7 1106 109 109 55 109 675 0 82
9 90 5 1 100 0.75 7 1107 109 109 52 109 675 0 86
9 90 5 1 100 0.75 7 1108 109 109 56 109 675 0 86
9 90 5 1 100 0.75 7 1109 109 109 58 109 675 0 86
9 90 5 1 100 0.75 7 1110 109 109 54 109 675 0 86
9 90 5 1 100 0.75 7 1111 109 109 56 109 675 0 86
9 90 5 1 100 0.75 7 1112 109 103 45 103 681 6 80
9 90 5 1 100 0.75 7 1113 109 104 48 98 686 11 75
9 90 5 1 100 0.75 7 1114 109 104 46 93 691 16 70
9 90 5 1 100 0.75 7 1115 109 102 47 86 698 23 63
9 90 5 1 100 0.75 7 1116 109 102 43 79 705 30 56
9 90 5 1 100 0.75 7 1117 109 101 42 71 713 38 48
9 90 5 1 100 0.75 7 1118 109 101 43 63 721 46 40
9 90 5 1 100 0.75 7 1119 109 101 38 55 729 54 32
9 90 5 1 100 0.75 7 1120 109 103 44 52 735 60 26
9 90 5 1 100 0.75 7 1121 109 104 44 53 740 65 21
9 90 5 1 100 0.75 7 1122 109 99 32 47 750 75 11
9 90 5 1 100 0.75 7 1123 109 105 36 50 753 78 8
9 90 5 1 100 0.75 7 1124 109 106 24 55 756 81 5
9 90 5 1 100 0.75 7 1125 109 105 27 57 760 85 1
9 90 5 1 100 0.75 7 1126 109 109 19 66 760 85 2
9 90 5 1 100 0.75 7 1127 109 108 24 72 761 86 4
9 90 5 1 100 0.75 7 1128 109 109 20 79 761 86 11
9 90 5 1 100 0.75 7 1129 109 109 21 85 761 86 14
9 90 5 1 100 0.75 7 1130 109 109 23 92 761 86 20
9 90 5 1 100 0.75 7 1131 109 109 21 97 761 86 25
9 90 5 1 100 0.75 7 1132 109 109 18 102 761 86 32
9 90 5 1 100 0.75 7 1133 109 109 33 107 761 86 38
9 90 5 1 100 0.75 7 1134 109 109 25 108 761 86 44
9 90 5 1 100 0.75 7 1135 109 109 39 109 761 86 51
9 90 5 1 100 0.75 7 1136 109 109 37 109 761 86 55
9 90 5 1 100 0.75 7 1137 109 109 33 109 761 86 58
9 90 5 1 100 0.75 7 1138 109 109 35 109 761 86 63
9 90 5 1 100 0.75 7 1139 109 109 44 109 760 86 65
9 90 5 1 100 0.75 7 1140 109 109 40 109 760 86 68
9 90 5 1 100 0.75 7 1141 109 109 46 109 760 86 69
9 90 5 1 100 0.75 7 1142 109 108 48 108 761 87 69
9 90 5 1 100 0.75 7 1143 109 107 45 106 763 89 67
9 90 5 1 100 0.75 7 1144 109 105 42 102 767 93 63
9 90 5 1 100 0.75 7 1145 109 103 37 96 773 99 57
9 90 5 1 100 0.75 7 1146 109 106 45 93 776 102 54
9 90 5 1 100 0.75 7 1147 109 105 50 89 779 106 50
9 90 5 1 100 0.75 7 1148 109 102 34 82 786 113 43
9 90 5 1 100 0.75 7 1149 109 106 42 79 789 116 40
9 90 5 1 100 0.75 7 1150 109 103 33 74 795 122 34
9 90 5 1 100 0.75 7 1151 109 104 39 70 800 127 29
9 90 5 1 100 0.75 7 1152 109 106 33 70 803 130 26
9 90 5 1 100 0.75 7 1153 109 106 35 72 806 133 23
9 90 5 1 100 0.75 7 1154 109 103 29 71 812 139 17
9 90 5 1 100 0.75 7 1155 109 105 32 69 815 143 13
9 90 5 1 100 0.75 7 1156 109 105 27 72 819 147 9
9 90 5 1 100 0.75 7 1157 109 104 28 71 824 152 5
9 90 5 1 100 0.75 7 1158 109 108 28 76 825 153 5
9 90 5 1 100 0.75 7 1159 109 108 27 80 826 154 9
9 90 5 1 100 0.75 7 1160 109 108 14 82 827 155 10
9 90 5 1 100 0.75 7 1161 109 108 27 85 828 156 12
9 90 5 1 100 0.75 7 1162 109 109 21 89 828 156 14
9 90 5 1 100 0.75 7 1163 109 109 22 94 828 156 18
9 90 5 1 100 0.75 7 1164 109 109 29 98 828 156 23
9 90 5 1 100 0.75 7 1165 109 109 28 102 828 156 29
9 90 5 1 100 0.75 7 1166 109 109 30 104 828 156 30
9 90 5 1 100 0.75 7 1167 109 109 27 107 828 156 34
9 90 5 1 100 0.75 7 1168 109 109 27 108 828 156 38
9 90 5 1 100 0.75 7 1169 109 109 34 108 828 156 39
9 90 5 1 100 0.75 7 1170 109 109 29 109 828 156 45
9 90 5 1 100 0.75 7 1171 109 109 27 109 828 156 47
9 90 5 1 100 0.75 7 1172 109 109 39 109 828 156 49
9 90 5 1 100 0.75 7 1173 109 108 37 108 829 157 51
9 90 5 1 100 0.75 7 1174 109 106 42 105 832 160 51
9 90 5 1 100 0.75 7 1175 109 109 41 105 832 160 51
9 90 5 1 100 0.75 7 1176 109 108 35 104 833 161 50
9 90 5 1 100 0.75 7 1177 109 107 30 102 835 163 49
9 90 5 1 100 0.75 7 1178 109 106 30 99 838 166 46
9 90 5 1 100 0.75 7 1179 109 105 37 95 842 170 42
9 90 5 1 100 0.75 7 1180 109 103 39 89 848 176 36
9 90 5 1 100 0.75 7 1181 109 107 35 88 850 178 34
9 90 5 1 100 0.75 7 1182 109 107 38 89 852 180 32
9 90 5 1 100 0.75 7 1183 109 104 36 84 857 185 27
9 90 5 1 100 0.75 7 1184 109 109 41 84 857 185 27
9 90 5 1 100 0.75 7 1185 109 101 32 78 865 193 19
9 90 5 1 100 0.75 7 1186 109 105 29 77 869 197 15
9 90 5 1 100 0.75 7 1187 109 107 28 79 871 199 14
9 90 5 1 100 0.75 7 1188 109 108 22 82 872 200 13
9 90 5 1 100 0.75 7 1189 109 106 28 83 875 203 12
9 90 5 1 100 0.75 7 1190 109 106 29 81 878 206 9
9 90 5 1 100 0.75 7 1191 109 108 22 85 879 207 9
9 90 5 1 100 0.75 7 1192 109 108 23 86 879 208 9
9 90 5 1 100 0.75 7 1193 109 108 27 89 879 209 14
9 90 5 1 100 0.75 7 1194 109 107 19 93 881 211 15
9 90 5 1 100 0.75 7 1195 109 109 25 95 881 211 17
9 90 5 1 100 0.75 7 1196 109 109 29 97 881 211 20
9 90 5 1 100 0.75 7 1197 109 108 26 97 882 212 24
9 90 5 1 100 0.75 7 1198 109 109 23 103 882 212 24
9 90 5 1 100 0.75 7 1199 109 109 22 103 882 212 27
9 90 5 1 100 0.75 7 1200 109 109 27 104 882 212 29
9 90 5 1 100 0.75 7 1201 109 109 27 105 882 212 30
9 90 5 1 100 0.75 7 1202 109 108 27 105 883 213 31
9 90 5 1 100 0.75 7 1203 109 109 27 107 883 213 32
9 90 5 1 100 0.75 7 1204 109 109 38 107 883 213 34
9 90 5 1 100 0.75 7 1205 109 108 37 106 884 214 36
9 90 5 1 100 0.75 7 1206 109 109 25 107 884 214 36
9 90 5 1 100 0.75 7 1207 109 108 35 106 885 215 36
9 90 5 1 100 0.75 7 1208 109 108 27 105 886 216 36
9 90 5 1 100 0.75 7 1209 109 105 25 101 890 220 32
9 90 5 1 100 0.75 7 1210 109 105 21 98 894 224 28
9 90 5 1 100 0.75 7 1211 109 108 27 97 895 225 27
9 90 5 1 100 0.75 7 1212 109 108 30 96 896 226 26
9 90 5 1 100 0.75 7 1213 109 106 30 94 899 229 24
9 90 5 1 100 0.75 7 1214 109 107 23 92 901 231 22
9 90 5 1 100 0.75 7 1215 109 105 29 89 905 235 18
9 90 5 1 100 0.75 7 1216 109 108 25 88 906 236 18
9 90 5 1 100 0.75 7 1217 109 105 22 86 910 240 14
9 90 5 1 100 0.75 7 1218 109 108 24 89 911 241 13
9 90 5 1 100 0.75 7 1219 109 106 25 89 914 244 10
9 90 5 1 100 0.75 7 1220 109 108 23 89 915 245 10
9 90 5 1 100 0.75 7 1221 109 108 20 89 916 246 10
9 90 5 1 100 0.75 7 1222 109 108 22 93 917 247 9
9 90 5 1 100 0.75 7 1223 109 109 23 95 917 247 11
9 90 5 1 100 0.75 7 1224 109 108 23 97 918 248 11
9 90 5 1 100 0.75 7 1225 109 107 19 96 920 250 10
9 90 5 1 100 0.75 7 1226 109 108 26 97 921 251 12
9 90 5 1 100 0.75 7 1227 109 109 20 101 921 251 13
9 90 5 1 100 0.75 7 1228 109 108 23 102 922 252 14
9 90 5 1 100 0.75 7 1229 109 109 16 103 921 252 17
9 90 5 1 100 0.75 7 1230 109 109 24 103 920 252 20
9 90 5 1 100 0.75 7 1230 109 109 109 103 940 252 20
9 90 5 1 100 0.75 7 1260 109 109 109 103 703 252 20
9 90 5 1 100 0.75 8 1261 0 9 9 0 703 0 0
9 90 5 1 100 0.75 8 1262 0 18 18 0 703 0 0
9 90 5 1 100 0.75 8 1263 0 27 26 0 703 0 0
9 90 5 1 100 0.75 8 1264 0 36 36 0 703 0 0
9 90 5 1 100 0.75 8 1265 0 45 42 0 703 0 0
9 90 5 1 100 0.75 8 1266 0 54 53 0 703 0 0
9 90 5 1 100 0.75 8 1267 0 63 53 0 703 0 0
9 90 5 1 100 0.75 8 1268 5 72 61 0 703 0 0
9 90 5 1 100 0.75 8 1269 15 81 50 5 703 0 0
9 90 5 1 100 0.75 8 1270 24 90 47 15 703 0 0
9 90 5 1 100 0.75 8 1271 38 99 44 24 703 0 0
9 90 5 1 100 0.75 8 1272 47 108 42 38 703 0 0
9 90 5 1 100 0.75 8 1273 57 109 30 47 703 0 0
9 90 5 1 100 0.75 8 1274 66 109 27 57 703 0 0
9 90 5 1 100 0.75 8 1275 77 109 19 66 703 0 1
9 90 5 1 100 0.75 8 1276 83 109 22 77 703 0 8
9 90 5 1 100 0.75 8 1277 94 109 20 83 703 0 14
9 90 5 1 100 0.75 8 1278 101 109 21 94 703 0 26
9 90 5 1 100 0.75 8 1279 108 109 22 101 703 0 35
9 90 5 1 100 0.75 8 1280 109 109 27 108 703 0 42
9 90 5 1 100 0.75 8 1281 109 109 23 109 703 0 51
9 90 5 1 100 0.75 8 1282 109 109 35 109 703 0 56
9 90 5 1 100 0.75 8 1283 109 109 40 109 702 0 64
9 90 5 1 100 0.75 8 1284 109 109 40 109 702 0 70
9 90 5 1 100 0.75 8 1285 109 109 47 109 702 0 76
9 90 5 1 100 0.75 8 1286 109 109 54 109 702 0 79
9 90 5 1 100 0.75 8 1287 109 109 43 109 702 0 82
9 90 5 1 100 0.75 8 1288 109 109 43 109 702 0 82
9 90 5 1 100 0.75 8 1289 109 109 55 109 702 0 82
9 90 5 1 100 0.75 8 1290 109 108 55 108 703 1 81
9 90 5 1 100 0.75 8 1291 109 107 55 106 705 3 79
9 90 5 1 100 0.75 8 1292 109 107 58 104 707 5 77
9 90 5 1 100 0.75 8 1293 109 109 47 104 707 5 77
9 90 5 1 100 0.75 8 1294 109 105 50 100 711 9 73
9 90 5 1 100 0.75 8 1295 109 100 42 91 720 18 64
9 90 5 1 100 0.75 8 1296 109 98 40 80 731 29 53
9 90 5 1 100 0.75 8 1297 109 101 39 74 737 35 47
9 90 5 1 100 0.75 8 1298 109 99 39 64 746 45 37
9 90 5 1 100 0.75 8 1299 109 98 36 55 756 55 27
9 90 5 1 100 0.75 8 1300 109 100 40 49 763 62 20
9 90 5 1 100 0.75 8 1301 109 105 43 47 767 66 16
9 90 5 1 100 0.75 8 1302 109 102 33 42 774 73 9
9 90 5 1 100 0.75 8 1303 109 105 33 44 778 77 5
9 90 5 1 100 0.75 8 1304 109 109 30 55 778 77 5
9 90 5 1 100 0.75 8 1305 109 108 28 61 779 78 4
9 90 5 1 100 0.75 8 1306 109 106 18 68 782 81 1
9 90 5 1 100 0.75 8 1307 109 108 24 76 783 82 2
9 90 5 1 100 0.75 8 1308 109 109 11 84 783 82 4
9 90 5 1 100 0.75 8 1309 109 109 10 93 783 82 5
9 90 5 1 100 0.75 8 1310 109 109 13 96 782 82 11
9 90 5 1 100 0.75 8 1311 109 109 22 99 782 82 21
9 90 5 1 100 0.75 8 1312 109 109 19 104 782 82 27
9 90 5 1 100 0.75 8 1313 109 109 32 105 782 82 35
9 90 5 1 100 0.75 8 1314 109 109 31 105 781 82 40
9 90 5 1 100 0.75 8 1315 109 109 33 109 781 82 46
9 90 5 1 100 0.75 8 1316 109 109 42 109 781 82 54
9 90 5 1 100 0.75 8 1317 109 109 37 109 781 82 56
9 90 5 1 100 0.75 8 1318 109 109 49 109 781 82 59
9 90 5 1 100 0.75 8 1319 109 109 39 109 781 82 60
9 90 5 1 100 0.75 8 1320 109 109 37 109 781 82 60
9 90 5 1 100 0.75 8 1321 109 109 50 109 781 82 61
9 90 5 1 100 0.75 8 1322 109 109 48 109 781 82 61
9 90 5 1 100 0.75 8 1323 109 108 50 108 782 83 60
9 90 5 1 100 0.75 8 1324 109 108 41 107 783 84 59
9 90 5 1 100 0.75 8 1325 109 108 45 106 784 85 58
9 90 5 1 100 0.75 8 1326 109 105 30 102 788 89 54
9 90 5 1 100 0.75 8 1327 109 103 42 96 794 95 48
9 90 5 1 100 0.75 8 1328 109 106 41 93 797 98 45
9 90 5 1 100 0.75 8 1329 109 104 43 88 802 103 40
9 90 5 1 100 0.75 8 1330 109 96 34 75 815 116 27
9 90 5 1 100 0.75 8 1331 109 100 46 71 820 121 22
9 90 5 1 100 0.75 8 1332 109 105 40 68 824 125 18
9 90 5 1 100 0.75 8 1333 109 102 38 62 831 132 11
9 90 5 1 100 0.75 8 1334 109 106 32 59 834 135 8
9 90 5 1 100 0.75 8 1335 109 107 30 64 836 137 6
9 90 5 1 100 0.75 8 1336 109 104 25 62 841 142 1
9 90 5 1 100 0.75 8 1337 109 108 32 65 842 143 1
9 90 5 1 100 0.75 8 1338 109 109 26 73 842 143 2
9 90 5 1 100 0.75 8 1339 109 109 24 84 842 143 2
9 90 5 1 100 0.75 8 1340 109 109 21 87 842 143 3
9 90 5 1 100 0.75 8 1341 109 109 15 96 842 143 7
9 90 5 1 100 0.75 8 1342 109 109 17 99 842 143 12
9 90 5 1 100 0.75 8 1343 109 109 17 102 842 143 16
9 90 5 1 100 0.75 8 1344 109 109 21 106 842 143 17
9 90 5 1 100 0.75 8 1345 109 109 26 107 842 143 25
9 90 5 1 100 0.75 8 1346 109 109 28 108 842 143 30
9 90 5 1 100 0.75 8 1347 109 109 29 109 842 143 36
9 90 5 1 100 0.75 8 1348 109 109 35 109 842 143 41
9 90 5 1 100 0.75 8 1349 109 109 31 109 842 143 45
9 90 5 1 100 0.75 8 1350 109 109 37 109 842 143 47
9 90 5 1 100 0.75 8 1351 109 109 45 109 842 143 49
9 90 5 1 100 0.75 8 1352 109 109 45 109 842 143 49
9 90 5 1 100 0.75 8 1353 109 108 39 108 843 144 48
9 90 5 1 100 0.75 8 1354 109 109 36 108 843 144 48
9 90 5 1 100 0.75 8 1355 109 109 36 108 843 144 48
9 90 5 1 100 0.75 8 1356 109 109 43 108 843 144 48
9 90 5 1 100 0.75 8 1357 109 105 33 104 847 148 44
9 90 5 1 100 0.75 8 1358 109 108 40 103 848 149 43
9 90 5 1 100 0.75 8 1359 109 105 32 99 852 153 39
9 90 5 1 100 0.75 8 1360 109 108 39 98 853 154 38
9 90 5 1 100 0.75 8 1361 109 104 35 94 858 159 33
9 90 5 1 100 0.75 8 1362 109 102 29 87 865 166 26
9 90 5 1 100 0.75 8 1363 109 105 34 83 869 170 22
9 90 5 1 100 0.75 8 1364 109 105 27 79 873 174 18
9 90 5 1 100 0.75 8 1365 109 103 32 76 878 180 12
9 90 5 1 100 0.75 8 1366 109 106 30 75 881 183 9
9 90 5 1 100 0.75 8 1367 109 105 29 73 885 187 5
9 90 5 1 100 0.75 8 1368 109 106 26 72 887 190 3
9 90 5 1 100 0.75 8 1369 109 107 27 73 889 192 1
9 90 5 1 100 0.75 8 1370 109 109 27 80 889 192 1
9 90 5 1 100 0.75 8 1371 109 109 24 84 889 192 2
9 90 5 1 100 0.75 8 1372 109 109 22 88 889 192 3
9 90 5 1 100 0.75 8 1373 109 109 26 93 889 192 5
9 90 5 1 100 0.75 8 1374 109 109 18 98 889 192 6
9 90 5 1 100 0.75 8 1375 109 109 22 103 889 192 9
9 90 5 1 100 0.75 8 1376 109 109 19 105 889 192 9
9 90 5 1 100 0.75 8 1377 109 109 24 107 889 192 15
9 90 5 1 100 0.75 8 1378 109 109 28 109 889 192 18
9 90 5 1 100 0.75 8 1379 109 109 22 109 889 192 20
9 90 5 1 100 0.75 8 1380 109 109 31 109 889 192 24
9 90 5 1 100 0.75 8 1381 109 109 29 109 888 192 27
9 90 5 1 100 0.75 8 1382 109 109 30 109 888 192 31
9 90 5 1 100 0.75 8 1383 109 109 35 109 888 192 32
9 90 5 1 100 0.75 8 1384 109 109 29 109 888 192 34
9 90 5 1 100 0.75 8 1385 109 109 32 109 888 192 35
9 90 5 1 100 0.75 8 1386 109 108 28 108 889 193 34
9 90 5 1 100 0.75 8 1387 109 109 37 108 889 193 34
9 90 5 1 100 0.75 8 1388 109 108 40 107 890 194 33
9 90 5 1 100 0.75 8 1389 109 107 24 105 892 196 31
9 90 5 1 100 0.75 8 1390 109 109 34 105 892 196 31
9 90 5 1 100 0.75 8 1391 109 109 30 105 892 196 31
9 90 5 1 100 0.75 8 1392 109 108 32 104 893 197 30
9 90 5 1 100 0.75 8 1393 109 105 31 100 897 201 26
9 90 5 1 100 0.75 8 1394 109 108 24 100 898 202 25
9 90 5 1 100 0.75 8 1395 109 106 25 97 901 205 22
9 90 5 1 100 0.75 8 1396 109 105 29 93 905 209 18
9 90 5 1 100 0.75 8 1397 109 104 26 90 910 214 13
9 90 5 1 100 0.75 8 1398 109 106 24 88 913 217 10
9 90 5 1 100 0.75 8 1399 109 106 27 85 916 220 7
9 90 5 1 100 0.75 8 1400 109 107 29 84 918 222 5
9 90 5 1 100 0.75 8 1401 109 107 33 85 920 224 4
9 90 5 1 100 0.75 8 1402 109 107 26 85 922 226 2
9 90 5 1 100 0.75 8 1403 109 109 25 86 922 226 3
9 90 5 1 100 0.75 8 1404 109 108 26 89 922 227 4
9 90 5 1 100 0.75 8 1405 109 109 25 94 922 227 4
9 90 5 1 100 0.75 8 1406 109 109 24 99 922 227 5
9 90 5 1 100 0.75 8 1407 109 109 24 101 922 227 6
9 90 5 1 100 0.75 8 1408 109 109 28 102 922 227 9
9 90 5 1 100 0.75 8 1409 109 109 15 106 922 227 10
9 90 5 1 100 0.75 8 1410 109 109 26 107 922 227 12
9 90 5 1 100 0.75 8 1410 109 109 109 107 934 227 12
9 90 5 1 100 0.75 8 1440 109 109 109 107 701 227 12
9 90 5 1 100 0.75 9 1441 0 9 9 0 701 0 0
9 90 5 1 100 0.75 9 1442 0 18 18 0 701 0 0
9 90 5 1 100 0.75 9 1443 0 27 27 0 701 0 0
9 90 5 1 100 0.75 9 1444 0 36 36 0 701 0 0
9 90 5 1 100 0.75 9 1445 0 45 44 0 701 0 0
9 90 5 1 100 0.75 9 1446 0 54 49 0 701 0 0
9 90 5 1 100 0.75 9 1447 0 63 50 0 701 0 0
9 90 5 1 100 0.75 9 1448 6 72 54 0 701 0 0
9 90 5 1 100 0.75 9 1449 22 81 42 6 701 0 0
9 90 5 1 100 0.75 9 1450 27 90 42 22 701 0 0
9 90 5 1 100 0.75 9 1451 36 99 40 27 701 0 0
9 90 5 1 100 0.75 9 1452 49 108 41 36 701 0 0
9 90 5 1 100 0.75 9 1453 56 109 32 49 701 0 0
9 90 5 1 100 0.75 9 1454 66 109 26 56 701 0 0
9 90 5 1 100 0.75 9 1455 75 109 20 66 701 0 0
9 90 5 1 100 0.75 9 1456 85 109 21 75 701 0 7
9 90 5 1 100 0.75 9 1457 92 109 26 85 701 0 19
9 90 5 1 100 0.75 9 1458 100 109 30 92 701 0 25
9 90 5 1 100 0.75 9 1459 108 109 25 100 701 0 31
9 90 5 1 100 0.75 9 1460 109 109 28 108 701 0 36
9 90 5 1 100 0.75 9 1461 109 109 38 109 701 0 44
9 90 5 1 100 0.75 9 1462 109 109 44 109 701 0 51
9 90 5 1 100 0.75 9 1463 109 109 36 109 701 0 56
9 90 5 1 100 0.75 9 1464 109 109 48 109 701 0 62
9 90 5 1 100 0.75 9 1465 109 109 49 109 701 0 67
9 90 5 1 100 0.75 9 1466 109 109 46 109 701 0 69
9 90 5 1 100 0.75 9 1467 109 109 50 109 701 0 75
9 90 5 1 100 0.75 9 1468 109 109 45 109 701 0 75
9 90 5 1 100 0.75 9 1469 109 109 50 109 701 0 75
9 90 5 1 100 0.75 9 1470 109 109 42 109 701 0 75
9 90 5 1 100 0.75 9 1471 109 108 55 108 702 1 74
9 90 5 1 100 0.75 9 1472 109 106 42 105 705 4 71
9 90 5 1 100 0.75 9 1473 109 104 51 100 710 9 66
9 90 5 1 100 0.75 9 1474 109 104 33 95 715 14 61
9 90 5 1 100 0.75 9 1475 109 104 49 90 720 19 56
9 90 5 1 100 0.75 9 1476 109 105 34 86 724 23 52
9 90 5 1 100 0.75 9 1477 109 95 38 72 738 37 38
9 90 5 1 100 0.75 9 1478 109 97 40 65 745 44 31
9 90 5 1 100 0.75 9 1479 109 101 42 61 750 49 26
9 90 5 1 100 0.75 9 1480 109 104 39 56 755 54 21
9 90 5 1 100 0.75 9 1481 109 104 39 57 760 59 16
9 90 5 1 100 0.75 9 1482 109 105 36 57 764 63 12
9 90 5 1 100 0.75 9 1483 109 108 33 60 765 64 11
9 90 5 1 100 0.75 9 1484 109 106 28 63 768 67 8
9 90 5 1 100 0.75 9 1485 109 104 24 65 773 72 4
9 90 5 1 100 0.75 9 1486 109 106 17 73 776 75 1
9 90 5 1 100 0.75 9 1487 109 109 21 80 776 75 4
9 90 5 1 100 0.75 9 1488 109 109 21 85 776 75 8
9 90 5 1 100 0.75 9 1489 109 109 20 89 776 75 11
9 90 5 1 100 0.75 9 1490 109 109 26 94 776 75 15
9 90 5 1 100 0.75 9 1491 109 109 24 96 776 75 19
9 90 5 1 100 0.75 9 1492 109 109 29 99 776 75 29
9 90 5 1 100 0.75 9 1493 109 109 29 104 776 75 34
9 90 5 1 100 0.75 9 1494 109 109 22 107 776 75 36
9 90 5 1 100 0.75 9 1495 109 109 31 109 776 75 37
9 90 5 1 100 0.75 9 1496 109 109 32 109 776 75 43
9 90 5 1 100 0.75 9 1497 109 109 32 109 776 75 45
9 90 5 1 100 0.75 9 1498 109 109 37 109 776 75 48
9 90 5 1 100 0.75 9 1499 109 109 47 109 776 75 53
9 90 5 1 100 0.75 9 1500 109 109 42 109 776 75 55
9 90 5 1 100 0.75 9 1501 109 109 41 109 776 75 58
9 90 5 1 100 0.75 9 1502 109 109 41 109 776 75 58
9 90 5 1 100 0.75 9 1503 109 107 44 107 778 77 56
9 90 5 1 100 0.75 9 1504 109 106 38 104 780 80 53
9 90 5 1 100 0.75 9 1505 109 106 43 101 783 83 50
9 90 5 1 100 0.75 9 1506 109 106 37 98 786 86 47
9 90 5 1 100 0.75 9 1507 109 103 45 92 792 92 41
9 90 5 1 100 0.75 9 1508 109 107 37 90 794 94 39
9 90 5 1 100 0.75 9 1509 109 104 44 85 799 99 34
9 90 5 1 100 0.75 9 1510 109 104 33 80 804 104 29
9 90 5 1 100 0.75 9 1511 109 103 36 75 810 110 23
9 90 5 1 100 0.75 9 1512 109 107 36 75 812 112 21
9 90 5 1 100 0.75 9 1513 109 105 37 74 816 116 17
9 90 5 1 100 0.75 9 1514 109 106 32 74 819 119 14
9 90 5 1 100 0.75 9 1515 109 103 27 72 825 125 8
9 90 5 1 100 0.75 9 1516 109 106 28 73 828 128 5
9 90 5 1 100 0.75 9 1517 109 108 26 74 829 129 4
9 90 5 1 100 0.75 9 1518 109 107 28 78 831 131 4
9 90 5 1 100 0.75 9 1519 109 109 23 83 831 131 6
9 90 5 1 100 0.75 9 1520 109 108 20 88 832 132 7
9 90 5 1 100 0.75 9 1521 109 108 22 90 833 133 10
9 90 5 1 100 0.75 9 1522 109 109 24 95 833 133 13
9 90 5 1 100 0.75 9 1523 109 109 26 98 833 133 14
9 90 5 1 100 0.75 9 1524 109 109 25 102 833 133 15
9 90 5 1 100 0.75 9 1525 109 109 20 104 833 133 20
9 90 5 1 100 0.75 9 1526 109 109 31 106 832 133 23
9 90 5 1 100 0.75 9 1527 109 109 29 107 832 133 27
9 90 5 1 100 0.75 9 1528 109 109 36 108 832 133 29
9 90 5 1 100 0.75 9 1529 109 109 33 109 832 133 32
9 90 5 1 100 0.75 9 1530 109 109 27 109 832 133 33
9 90 5 1 100 0.75 9 1531 109 109 35 109 832 133 37
9 90 5 1 100 0.75 9 1532 109 109 25 109 832 133 38
9 90 5 1 100 0.75 9 1533 109 108 36 108 833 134 38
9 90 5 1 100 0.75 9 1534 109 109 32 108 833 134 40
9 90 5 1 100 0.75 9 1535 109 109 39 108 833 134 41
9 90 5 1 100 0.75 9 1536 109 107 29 106 835 136 39
9 90 5 1 100 0.75 9 1537 109 107 40 104 837 138 37
9 90 5 1 100 0.75 9 1538 109 108 34 103 838 139 36
9 90 5 1 100 0.75 9 1539 109 105 30 99 842 143 32
9 90 5 1 100 0.75 9 1540 109 105 25 95 846 147 28
9 90 5 1 100 0.75 9 1541 109 106 33 92 849 150 25
9 90 5 1 100 0.75 9 1542 109 108 27 92 850 151 24
9 90 5 1 100 0.75 9 1543 109 107 31 90 852 153 22
9 90 5 1 100 0.75 9 1544 109 106 26 88 855 156 19
9 90 5 1 100 0.75 9 1545 109 105 28 86 859 160 15
9 90 5 1 100 0.75 9 1546 109 108 34 86 860 161 14
9 90 5 1 100 0.75 9 1547 109 104 25 83 865 166 9
9 90 5 1 100 0.75 9 1548 109 109 26 87 865 166 10
9 90 5 1 100 0.75 9 1549 109 109 19 91 865 166 10
9 90 5 1 100 0.75 9 1550 109 106 19 91 868 169 8
9 90 5 1 100 0.75 9 1551 109 106 23 90 871 172 5
9 90 5 1 100 0.75 9 1552 109 107 26 90 873 174 5
9 90 5 1 100 0.75 9 1553 109 109 26 94 873 174 6
9 90 5 1 100 0.75 9 1554 109 109 23 95 873 174 7
9 90 5 1 100 0.75 9 1555 109 108 22 97 874 175 8
9 90 5 1 100 0.75 9 1556 109 109 30 99 874 175 10
9 90 5 1 100 0.75 9 1557 109 109 26 99 874 175 14
9 90 5 1 100 0.75 9 1558 109 109 20 102 873 175 14
9 90 5 1 100 0.75 9 1559 109 109 32 103 873 175 15
9 90 5 1 100 0.75 9 1560 109 109 21 106 873 175 17
9 90 5 1 100 0.75 9 1561 109 109 23 108 872 175 21
9 90 5 1 100 0.75 9 1562 109 109 25 108 872 175 21
9 90 5 1 100 0.75 9 1563 109 109 26 109 872 175 22
9 90 5 1 100 0.75 9 1564 109 109 28 109 872 175 23
9 90 5 1 100 0.75 9 1565 109 109 31 109 872 175 25
9 90 5 1 100 0.75 9 1566 109 109 37 109 872 175 27
9 90 5 1 100 0.75 9 1567 109 107 30 107 874 177 27
9 90 5 1 100 0.75 9 1568 109 109 27 107 874 177 28
9 90 5 1 100 0.75 9 1569 109 108 25 106 875 178 28
9 90 5 1 100 0.75 9 1570 109 108 31 105 876 179 27
9 90 5 1 100 0.75 9 1571 109 107 31 103 878 181 25
9 90 5 1 100 0.75 9 1572 109 107 33 101 880 183 23
9 90 5 1 100 0.75 9 1573 109 108 24 100 881 184 22
9 90 5 1 100 0.75 9 1574 109 107 25 98 883 186 20
9 90 5 1 100 0.75 9 1575 109 107 33 97 885 188 18
9 90 5 1 100 0.75 9 1576 109 106 26 95 888 191 15
9 90 5 1 100 0.75 9 1577 109 107 26 93 890 193 13
9 90 5 1 100 0.75 9 1578 109 106 24 92 893 196 10
9 90 5 1 100 0.75 9 1579 109 108 22 92 894 197 9
9 90 5 1 100 0.75 9 1580 109 108 26 94 895 198 8
9 90 5 1 100 0.75 9 1581 109 109 27 94 895 198 8
9 90 5 1 100 0.75 9 1582 109 108 28 95 896 199 9
9 90 5 1 100 0.75 9 1583 109 107 27 95 898 201 7
9 90 5 1 100 0.75 9 1584 109 108 26 96 899 202 6
9 90 5 1 100 0.75 9 1585 109 106 25 95 902 205 6
9 90 5 1 100 0.75 9 1586 109 109 25 96 902 205 7
9 90 5 1 100 0.75 9 1587 109 109 25 101 902 205 9
9 90 5 1 100 0.75 9 1588 109 109 28 101 902 205 10
9 90 5 1 100 0.75 9 1589 109 108 30 101 903 206 10
9 90 5 1 100 0.75 9 1590 109 109 26 101 903 206 14
9 90 5 1 100 0.75 9 1590 109 109 109 101 917 206 14
9 90 5 1 100 0.75 9 1620 109 109 109 101 703 206 14
9 90 5 1 100 0.75 10 1621 0 9 9 0 703 0 0
9 90 5 1 100 0.75 10 1622 0 18 18 0 703 0 0
9 90 5 1 100 0.75 10 1623 0 27 27 0 703 0 0
9 90 5 1 100 0.75 10 1624 0 36 36 0 703 0 0
9 90 5 1 100 0.75 10 1625 0 45 44 0 703 0 0
9 90 5 1 100 0.75 10 1626 0 54 47 0 703 0 0
9 90 5 1 100 0.75 10 1627 2 63 56 0 703 0 0
9 90 5 1 100 0.75 10 1628 8 72 50 2 703 0 0
9 90 5 1 100 0.75 10 1629 15 81 56 8 703 0 0
9 90 5 1 100 0.75 10 1630 25 90 51 15 703 0 0
9 90 5 1 100 0.75 10 1631 37 99 45 25 703 0 0
9 90 5 1 100 0.75 10 1632 52 108 31 37 703 0 0
9 90 5 1 100 0.75 10 1633 57 109 31 52 703 0 0
9 90 5 1 100 0.75 10 1634 63 109 22 57 703 0 0
9 90 5 1 100 0.75 10 1635 74 109 28 63 703 0 4
9 90 5 1 100 0.75 10 1636 87 109 17 74 703 0 8
9 90 5 1 100 0.75 10 1637 95 109 17 87 703 0 17
9 90 5 1 100 0.75 10 1638 104 109 19 95 703 0 28
9 90 5 1 100 0.75 10 1639 109 109 16 104 703 0 34
9 90 5 1 100 0.75 10 1640 109 109 28 109 703 0 38
9 90 5 1 100 0.75 10 1641 109 109 26 109 703 0 44
9 90 5 1 100 0.75 10 1642 109 109 35 109 703 0 50
9 90 5 1 100 0.75 10 1643 109 109 35 109 703 0 58
9 90 5 1 100 0.75 10 1644 109 109 44 109 702 0 66
9 90 5 1 100 0.75 10 1645 109 109 44 109 702 0 74
9 90 5 1 100 0.75 10 1646 109 109 54 109 702 0 82
9 90 5 1 100 0.75 10 1647 109 109 44 109 702 0 84
9 90 5 1 100 0.75 10 1648 109 109 48 109 702 0 84
9 90 5 1 100 0.75 10 1649 109 109 54 109 702 0 84
9 90 5 1 100 0.75 10 1650 109 109 67 109 702 0 84
9 90 5 1 100 0.75 10 1651 109 107 55 107 704 2 82
9 90 5 1 100 0.75 10 1652 109 107 52 105 706 4 80
9 90 5 1 100 0.75 10 1653 109 106 50 102 709 7 77
9 90 5 1 100 0.75 10 1654 109 100 49 93 718 16 68
9 90 5 1 100 0.75 10 1655 109 101 43 85 726 24 60
9 90 5 1 100 0.75 10 1656 109 101 46 77 734 32 52
9 90 5 1 100 0.75 10 1657 109 103 42 71 740 38 46
9 90 5 1 100 0.75 10 1658 109 103 38 65 746 44 40
9 90 5 1 100 0.75 10 1659 109 102 38 60 753 51 33
9 90 5 1 100 0.75 10 1660 109 105 42 58 757 55 29
9 90 5 1 100 0.75 10 1661 109 105 47 56 761 59 25
9 90 5 1 100 0.75 10 1662 109 101 34 52 769 67 17
9 90 5 1 100 0.75 10 1663 109 103 31 55 775 73 11
9 90 5 1 100 0.75 10 1664 109 103 33 57 781 79 5
9 90 5 1 100 0.75 10 1665 109 104 31 59 786 84 1
9 90 5 1 100 0.75 10 1666 109 109 30 65 786 84 2
9 90 5 1 100 0.75 10 1667 109 109 31 74 786 84 2
9 90 5 1 100 0.75 10 1668 109 109 24 76 786 84 5
9 90 5 1 100 0.75 10 1669 109 109 24 82 786 84 8
9 90 5 1 100 0.75 10 1670 109 109 25 86 786 84 12
9 90 5 1 100 0.75 10 1671 109 109 27 91 786 84 17
9 90 5 1 100 0.75 10 1672 109 109 24 99 786 84 23
9 90 5 1 100 0.75 10 1673 109 109 31 107 786 84 27
9 90 5 1 100 0.75 10 1674 109 109 28 109 786 84 32
9 90 5 1 100 0.75 10 1675 109 109 29 109 786 84 34
9 90 5 1 100 0.75 10 1676 109 109 42 109 786 84 36
9 90 5 1 100 0.75 10 1677 109 109 35 109 786 84 39
9 90 5 1 100 0.75 10 1678 109 109 37 109 786 84 44
9 90 5 1 100 0.75 10 1679 109 109 33 109 786 84 51
9 90 5 1 100 0.75 10 1680 109 109 52 109 786 84 54
9 90 5 1 100 0.75 10 1681 109 109 37 109 786 84 56
9 90 5 1 100 0.75 10 1682 109 108 47 108 787 85 55
9 90 5 1 100 0.75 10 1683 109 108 47 107 788 86 54
9 90 5 1 100 0.75 10 1684 109 107 49 105 790 88 52
9 90 5 1 100 0.75 10 1685 109 106 37 102 793 91 49
9 90 5 1 100 0.75 10 1686 109 107 46 100 795 93 47
9 90 5 1 100 0.75 10 1687 109 105 38 96 799 97 43
9 90 5 1 100 0.75 10 1688 109 105 38 92 803 101 39
9 90 5 1 100 0.75 10 1689 109 105 39 88 807 105 35
9 90 5 1 100 0.75 10 1690 109 107 39 86 809 107 33
9 90 5 1 100 0.75 10 1691 109 102 40 81 816 114 26
9 90 5 1 100 0.75 10 1692 109 104 38 76 821 119 21
9 90 5 1 100 0.75 10 1693 109 109 35 79 821 119 21
9 90 5 1 100 0.75 10 1694 109 105 28 79 825 123 17
9 90 5 1 100 0.75 10 1695 109 106 31 79 828 126 14
9 90 5 1 100 0.75 10 1696 109 106 31 77 831 129 11
9 90 5 1 100 0.75 10 1697 109 104 27 75 836 134 7
9 90 5 1 100 0.75 10 1698 109 106 25 77 839 137 4
9 90 5 1 100 0.75 10 1699 109 107 27 80 841 139 2
9 90 5 1 100 0.75 10 1700 109 109 23 87 841 139 6
9 90 5 1 100 0.75 10 1701 109 108 25 88 842 140 8
9 90 5 1 100 0.75 10 1702 109 109 30 91 842 140 10
9 90 5 1 100 0.75 10 1703 109 109 26 95 842 140 10
9 90 5 1 100 0.75 10 1704 109 109 25 98 842 140 14
9 90 5 1 100 0.75 10 1705 109 109 33 102 842 140 17
9 90 5 1 100 0.75 10 1706 109 109 31 105 842 140 19
9 90 5 1 100 0.75 10 1707 109 109 31 107 842 140 23
9 90 5 1 100 0.75 10 1708 109 109 26 108 842 140 26
9 90 5 1 100 0.75 10 1709 109 109 40 109 842 140 29
9 90 5 1 100 0.75 10 1710 109 109 32 109 842 140 33
9 90 5 1 100 0.75 10 1711 109 109 35 109 842 140 34
9 90 5 1 100 0.75 10 1712 109 109 35 109 842 140 38
9 90 5 1 100 0.75 10 1713 109 109 36 109 842 140 39
9 90 5 1 100 0.75 10 1714 109 109 35 109 842 140 42
9 90 5 1 100 0.75 10 1715 109 109 30 109 842 140 42
9 90 5 1 100 0.75 10 1716 109 106 33 106 845 143 39
9 90 5 1 100 0.75 10 1717 109 107 31 104 847 145 37
9 90 5 1 100 0.75 10 1718 109 108 33 103 848 146 36
9 90 5 1 100 0.75 10 1719 109 108 40 102 849 147 35
9 90 5 1 100 0.75 10 1720 109 105 32 98 853 151 31
9 90 5 1 100 0.75 10 1721 109 107 35 96 855 153 29
9 90 5 1 100 0.75 10 1722 109 109 35 96 854 153 29
9 90 5 1 100 0.75 10 1723 109 108 38 95 855 154 28
9 90 5 1 100 0.75 10 1724 109 104 32 91 860 159 23
9 90 5 1 100 0.75 10 1725 109 105 29 90 864 163 19
9 90 5 1 100 0.75 10 1726 109 105 25 87 868 167 15
9 90 5 1 100 0.75 10 1727 109 106 24 86 871 170 12
9 90 5 1 100 0.75 10 1728 109 106 25 87 874 173 9
9 90 5 1 100 0.75 10 1729 109 108 34 86 875 174 8
9 90 5 1 100 0.75 10 1730 109 107 30 86 877 176 6
9 90 5 1 100 0.75 10 1731 109 108 35 85 877 177 6
9 90 5 1 100 0.75 10 1732 109 105 30 85 880 181 5
9 90 5 1 100 0.75 10 1733 109 109 23 88 880 181 5
9 90 5 1 100 0.75 10 1734 109 108 33 90 881 182 7
9 90 5 1 100 0.75 10 1735 109 109 23 97 881 182 8
9 90 5 1 100 0.75 10 1736 109 109 29 100 881 182 8
9 90 5 1 100 0.75 10 1737 109 109 20 101 881 182 8
9 90 5 1 100 0.75 10 1738 109 109 23 101 881 182 10
9 90 5 1 100 0.75 10 1739 109 109 29 103 881 182 12
9 90 5 1 100 0.75 10 1740 109 109 24 104 881 182 18
9 90 5 1 100 0.75 10 1741 109 109 25 108 881 182 20
9 90 5 1 100 0.75 10 1742 109 109 26 108 881 182 24
9 90 5 1 100 0.75 10 1743 109 109 20 109 880 182 25
9 90 5 1 100 0.75 10 1744 109 109 30 109 880 182 25
9 90 5 1 100 0.75 10 1745 109 109 29 109 880 182 26
9 90 5 1 100 0.75 10 1746 109 109 29 109 880 182 26
9 90 5 1 100 0.75 10 1747 109 108 29 108 881 183 27
9 90 5 1 100 0.75 10 1748 109 108 31 107 882 184 27
9 90 5 1 100 0.75 10 1749 109 108 29 106 883 185 26
9 90 5 1 100 0.75 10 1750 109 108 36 105 884 186 25
9 90 5 1 100 0.75 10 1751 109 107 32 103 886 188 23
9 90 5 1 100 0.75 10 1752 109 109 40 103 886 188 23
9 90 5 1 100 0.75 10 1753 109 109 33 103 886 188 23
9 90 5 1 100 0.75 10 1754 109 107 33 101 888 190 21
9 90 5 1 100 0.75 10 1755 109 107 26 99 890 192 19
9 90 5 1 100 0.75 10 1756 109 107 29 99 892 194 17
9 90 5 1 100 0.75 10 1757 109 106 24 97 895 197 14
9 90 5 1 100 0.75 10 1758 109 106 32 95 898 200 11
9 90 5 1 100 0.75 10 1759 109 106 27 93 901 203 8
9 90 5 1 100 0.75 10 1760 109 107 29 92 903 205 6
9 90 5 1 100 0.75 10 1761 109 108 20 91 904 206 5
9 90 5 1 100 0.75 10 1762 109 107 27 90 906 208 3
9 90 5 1 100 0.75 10 1763 109 109 22 92 906 208 5
9 90 5 1 100 0.75 10 1764 109 108 23 93 907 209 4
9 90 5 1 100 0.75 10 1765 109 107 24 93 909 211 2
9 90 5 1 100 0.75 10 1766 109 109 26 95 909 211 3
9 90 5 1 100 0.75 10 1767 109 109 21 100 909 211 3
9 90 5 1 100 0.75 10 1768 109 109 26 102 909 211 3
9 90 5 1 100 0.75 10 1769 109 109 23 104 909 211 3
9 90 5 1 100 0.75 10 1770 109 109 23 105 909 211 4
9 90 5 1 100 0.75 10 1770 109 109 109 105 913 211 4
9 90 5 1 100 0.75 10 1800 109 109 109 105 687 211 4
