3 90 5 1 100 0.75 1 1 0 3 3 0 100 0 0
3 90 5 1 100 0.75 1 2 0 6 6 0 100 0 0
3 90 5 1 100 0.75 1 3 0 9 9 0 100 0 0
3 90 5 1 100 0.75 1 4 0 12 12 0 100 0 0
3 90 5 1 100 0.75 1 5 0 15 15 0 100 0 0
3 90 5 1 100 0.75 1 6 0 18 18 0 100 0 0
3 90 5 1 100 0.75 1 7 0 21 20 0 100 0 0
3 90 5 1 100 0.75 1 8 0 24 24 0 100 0 0
3 90 5 1 100 0.75 1 9 2 27 25 0 100 0 0
3 90 5 1 100 0.75 1 10 4 30 26 2 100 0 0
3 90 5 1 100 0.75 1 11 7 33 26 4 100 0 0
3 90 5 1 100 0.75 1 12 8 36 27 7 100 0 0
3 90 5 1 100 0.75 1 13 10 39 29 8 100 0 0
3 90 5 1 100 0.75 1 14 11 42 30 10 100 0 0
3 90 5 1 100 0.75 1 15 15 45 27 11 100 0 0
3 90 5 1 100 0.75 1 16 17 48 30 15 100 0 0
3 90 5 1 100 0.75 1 17 20 51 35 17 100 0 2
3 90 5 1 100 0.75 1 18 26 54 32 20 100 0 3
3 90 5 1 100 0.75 1 19 29 57 32 26 100 0 3
3 90 5 1 100 0.75 1 20 31 60 32 29 100 0 4
3 90 5 1 100 0.75 1 21 33 63 37 31 100 0 4
3 90 5 1 100 0.75 1 22 35 66 43 33 100 0 8
3 90 5 1 100 0.75 1 23 39 69 38 35 100 0 8
3 90 5 1 100 0.75 1 24 40 72 48 39 100 0 11
3 90 5 1 100 0.75 1 25 42 75 48 40 100 0 15
3 90 5 1 100 0.75 1 26 42 78 57 42 100 0 18
3 90 5 1 100 0.75 1 27 46 81 59 42 100 0 21
3 90 5 1 100 0.75 1 28 48 84 61 46 100 0 23
3 90 5 1 100 0.75 1 29 49 87 63 48 100 0 25
3 90 5 1 100 0.75 1 30 52 90 67 49 100 0 26
3 90 5 1 100 0.75 1 31 55 93 72 52 100 0 28
3 90 5 1 100 0.75 1 32 61 96 63 55 100 0 29
3 90 5 1 100 0.75 1 33 61 98 71 60 101 1 30
3 90 5 1 100 0.75 1 34 62 100 77 59 102 2 31
3 90 5 1 100 0.75 1 35 64 102 74 59 103 3 32
3 90 5 1 100 0.75 1 36 66 105 78 61 103 3 34
3 90 5 1 100 0.75 1 37 69 108 77 63 103 3 37
3 90 5 1 100 0.75 1 38 71 108 77 65 104 4 37
3 90 5 1 100 0.75 1 39 73 109 82 67 104 4 38
3 90 5 1 100 0.75 1 40 80 107 74 67 106 6 38
3 90 5 1 100 0.75 1 41 82 104 69 70 111 11 33
3 90 5 1 100 0.75 1 42 83 105 70 70 113 13 31
3 90 5 1 100 0.75 1 43 88 104 64 67 117 17 30
3 90 5 1 100 0.75 1 44 90 103 70 68 121 21 28
3 90 5 1 100 0.75 1 45 92 104 67 68 123 23 26
3 90 5 1 100 0.75 1 46 95 106 66 70 124 24 27
3 90 5 1 100 0.75 1 47 97 106 68 71 127 27 26
3 90 5 1 100 0.75 1 48 97 107 72 72 129 29 30
3 90 5 1 100 0.75 1 49 98 108 69 73 130 30 29
3 90 5 1 100 0.75 1 50 100 108 66 76 131 31 28
3 90 5 1 100 0.75 1 51 101 109 66 79 131 31 32
3 90 5 1 100 0.75 1 52 102 105 66 78 135 35 29
3 90 5 1 100 0.75 1 53 103 106 67 78 137 37 29
3 90 5 1 100 0.75 1 54 103 108 64 84 138 38 29
3 90 5 1 100 0.75 1 55 103 107 62 87 140 40 29
3 90 5 1 100 0.75 1 56 103 108 65 87 141 41 30
3 90 5 1 100 0.75 1 57 105 107 68 87 143 43 31
3 90 5 1 100 0.75 1 58 106 106 68 87 146 46 30
3 90 5 1 100 0.75 1 59 106 108 64 87 147 47 30
3 90 5 1 100 0.75 1 60 106 108 63 90 148 48 31
3 90 5 1 100 0.75 1 61 106 109 72 92 148 48 37
3 90 5 1 100 0.75 1 62 106 108 72 92 149 49 37
3 90 5 1 100 0.75 1 63 107 108 68 93 150 50 37
3 90 5 1 100 0.75 1 64 108 109 72 95 150 50 41
3 90 5 1 100 0.75 1 65 108 109 72 97 150 50 41
3 90 5 1 100 0.75 1 66 108 106 67 95 153 53 41
3 90 5 1 100 0.75 1 67 108 107 71 95 155 55 42
3 90 5 1 100 0.75 1 68 109 101 65 89 163 63 35
3 90 5 1 100 0.75 1 69 109 104 65 91 163 63 36
3 90 5 1 100 0.75 1 70 109 104 65 88 166 66 35
3 90 5 1 100 0.75 1 71 109 106 68 89 167 67 35
3 90 5 1 100 0.75 1 72 109 108 76 89 168 68 35
3 90 5 1 100 0.75 1 73 109 103 67 84 174 74 30
3 90 5 1 100 0.75 1 74 109 106 72 85 174 74 32
3 90 5 1 100 0.75 1 75 109 109 74 86 174 74 32
3 90 5 1 100 0.75 1 76 109 108 72 87 175 75 31
3 90 5 1 100 0.75 1 77 109 107 74 87 177 77 29
3 90 5 1 100 0.75 1 78 109 106 69 86 180 80 28
3 90 5 1 100 0.75 1 79 109 105 66 85 184 84 25
3 90 5 1 100 0.75 1 80 109 106 64 85 186 86 24
3 90 5 1 100 0.75 1 81 109 106 61 86 189 89 21
3 90 5 1 100 0.75 1 82 109 108 62 87 190 90 21
3 90 5 1 100 0.75 1 83 109 107 64 86 192 92 20
3 90 5 1 100 0.75 1 84 109 107 58 87 194 94 18
3 90 5 1 100 0.75 1 85 109 109 60 90 194 94 21
3 90 5 1 100 0.75 1 86 109 107 64 90 196 96 19
3 90 5 1 100 0.75 1 87 109 105 56 88 200 100 17
3 90 5 1 100 0.75 1 88 109 106 63 86 202 102 19
3 90 5 1 100 0.75 1 89 109 109 54 89 202 102 19
3 90 5 1 100 0.75 1 90 109 107 61 90 204 104 18
3 90 5 1 100 0.75 1 91 109 108 58 92 205 105 18
3 90 5 1 100 0.75 1 92 109 108 68 91 206 106 20
3 90 5 1 100 0.75 1 93 109 109 54 92 206 106 21
3 90 5 1 100 0.75 1 94 109 109 61 97 206 106 22
3 90 5 1 100 0.75 1 95 109 108 54 99 207 107 21
3 90 5 1 100 0.75 1 96 109 108 63 100 208 108 22
3 90 5 1 100 0.75 1 97 109 108 57 100 209 109 23
3 90 5 1 100 0.75 1 98 109 108 58 101 210 110 23
3 90 5 1 100 0.75 1 99 109 108 61 100 211 111 22
3 90 5 1 100 0.75 1 100 109 109 61 101 211 111 27
3 90 5 1 100 0.75 1 101 109 107 62 99 213 113 26
3 90 5 1 100 0.75 1 102 109 107 62 97 215 115 26
3 90 5 1 100 0.75 1 103 109 108 64 96 216 116 27
3 90 5 1 100 0.75 1 104 109 108 65 97 217 117 27
3 90 5 1 100 0.75 1 105 109 109 68 99 217 117 28
3 90 5 1 100 0.75 1 106 109 108 65 99 218 118 27
3 90 5 1 100 0.75 1 107 109 106 64 97 221 121 24
3 90 5 1 100 0.75 1 108 109 108 63 96 222 122 23
3 90 5 1 100 0.75 1 109 109 108 61 95 223 123 22
3 90 5 1 100 0.75 1 110 109 107 56 94 225 125 20
3 90 5 1 100 0.75 1 111 109 108 60 94 226 126 21
3 90 5 1 100 0.75 1 112 109 107 58 93 228 128 21
3 90 5 1 100 0.75 1 113 109 109 60 94 228 128 22
3 90 5 1 100 0.75 1 114 109 108 58 93 229 129 22
3 90 5 1 100 0.75 1 115 109 105 55 91 233 133 18
3 90 5 1 100 0.75 1 116 109 107 55 93 234 134 17
3 90 5 1 100 0.75 1 117 109 108 52 94 235 135 17
3 90 5 1 100 0.75 1 118 109 107 56 94 237 137 16
3 90 5 1 100 0.75 1 119 109 106 52 92 240 140 14
3 90 5 1 100 0.75 1 120 109 107 48 92 242 142 12
3 90 5 1 100 0.75 1 121 109 109 58 92 242 142 13
3 90 5 1 100 0.75 1 122 109 107 51 90 244 144 12
3 90 5 1 100 0.75 1 123 109 109 56 92 244 144 14
3 90 5 1 100 0.75 1 124 109 109 56 96 244 144 16
3 90 5 1 100 0.75 1 125 109 108 52 95 245 145 17
3 90 5 1 100 0.75 1 126 109 109 50 98 245 145 18
3 90 5 1 100 0.75 1 127 109 108 55 98 246 146 18
3 90 5 1 100 0.75 1 128 109 108 48 100 247 147 17
3 90 5 1 100 0.75 1 129 109 107 56 99 249 149 16
3 90 5 1 100 0.75 1 130 109 109 57 100 249 149 18
3 90 5 1 100 0.75 1 131 109 109 52 102 249 149 20
3 90 5 1 100 0.75 1 132 109 107 54 101 251 151 19
3 90 5 1 100 0.75 1 133 109 108 53 102 252 152 19
3 90 5 1 100 0.75 1 134 109 109 56 102 252 152 20
3 90 5 1 100 0.75 1 135 109 109 57 102 252 152 23
3 90 5 1 100 0.75 1 136 109 107 60 102 254 154 21
3 90 5 1 100 0.75 1 137 109 108 59 101 255 155 21
3 90 5 1 100 0.75 1 138 109 107 59 99 257 157 22
3 90 5 1 100 0.75 1 139 109 109 58 99 257 157 24
3 90 5 1 100 0.75 1 140 109 106 57 96 260 160 21
3 90 5 1 100 0.75 1 141 109 109 57 96 260 160 21
3 90 5 1 100 0.75 1 142 109 108 50 99 261 161 21
3 90 5 1 100 0.75 1 143 109 108 51 99 262 162 21
3 90 5 1 100 0.75 1 144 109 108 56 100 263 163 20
3 90 5 1 100 0.75 1 145 109 106 53 98 266 166 17
3 90 5 1 100 0.75 1 146 109 107 49 96 268 168 15
3 90 5 1 100 0.75 1 147 109 109 50 98 268 168 15
3 90 5 1 100 0.75 1 148 109 109 55 99 268 168 16
3 90 5 1 100 0.75 1 149 109 108 55 99 269 169 19
3 90 5 1 100 0.75 1 150 109 107 52 98 271 171 18
3 90 5 1 100 0.75 1 150 109 107 107 98 289 171 18
3 90 5 1 100 0.75 1 180 109 107 107 98 265 171 18
3 90 5 1 100 0.75 2 181 0 3 3 0 265 0 0
3 90 5 1 100 0.75 2 182 0 6 6 0 265 0 0
3 90 5 1 100 0.75 2 183 0 9 9 0 265 0 0
3 90 5 1 100 0.75 2 184 0 12 12 0 265 0 0
3 90 5 1 100 0.75 2 185 0 15 15 0 265 0 0
3 90 5 1 100 0.75 2 186 0 18 15 0 265 0 0
3 90 5 1 100 0.75 2 187 0 21 20 0 265 0 0
3 90 5 1 100 0.75 2 188 0 24 20 0 265 0 0
3 90 5 1 100 0.75 2 189 1 27 23 0 265 0 0
3 90 5 1 100 0.75 2 190 4 30 25 1 265 0 0
3 90 5 1 100 0.75 2 191 6 33 22 4 265 0 0
3 90 5 1 100 0.75 2 192 9 36 24 6 265 0 0
3 90 5 1 100 0.75 2 193 18 39 16 9 265 0 0
3 90 5 1 100 0.75 2 194 21 42 17 18 265 0 0
3 90 5 1 100 0.75 2 195 23 45 16 21 265 0 0
3 90 5 1 100 0.75 2 196 24 48 24 23 265 0 1
3 90 5 1 100 0.75 2 197 28 51 23 24 265 0 2
3 90 5 1 100 0.75 2 198 29 54 27 28 265 0 3
3 90 5 1 100 0.75 2 199 34 57 22 29 265 0 5
3 90 5 1 100 0.75 2 200 37 60 27 34 265 0 8
3 90 5 1 100 0.75 2 201 40 63 34 37 265 0 14
3 90 5 1 100 0.75 2 202 43 66 35 40 265 0 14
3 90 5 1 100 0.75 2 203 46 69 38 43 265 0 16
3 90 5 1 100 0.75 2 204 49 72 40 46 265 0 16
3 90 5 1 100 0.75 2 205 52 75 39 49 265 0 19
3 90 5 1 100 0.75 2 206 56 78 42 52 265 0 23
3 90 5 1 100 0.75 2 207 60 81 42 56 265 0 26
3 90 5 1 100 0.75 2 208 61 84 50 60 265 0 28
3 90 5 1 100 0.75 2 209 63 87 50 61 265 0 31
3 90 5 1 100 0.75 2 210 65 90 52 63 265 0 33
3 90 5 1 100 0.75 2 211 67 93 54 65 265 0 36
3 90 5 1 100 0.75 2 212 71 96 56 67 265 0 39
3 90 5 1 100 0.75 2 213 77 98 59 70 266 1 42
3 90 5 1 100 0.75 2 214 80 100 56 75 267 2 43
3 90 5 1 100 0.75 2 215 84 100 55 75 270 5 41
3 90 5 1 100 0.75 2 216 85 100 58 76 273 8 40
3 90 5 1 100 0.75 2 217 86 102 56 76 274 9 40
3 90 5 1 100 0.75 2 218 92 103 57 75 276 11 41
3 90 5 1 100 0.75 2 219 93 104 54 79 278 13 41
3 90 5 1 100 0.75 2 220 99 106 59 79 279 14 42
3 90 5 1 100 0.75 2 221 100 107 65 83 281 16 47
3 90 5 1 100 0.75 2 222 103 106 57 81 284 19 44
3 90 5 1 100 0.75 2 223 105 105 60 80 288 23 44
3 90 5 1 100 0.75 2 224 107 104 53 80 292 27 41
3 90 5 1 100 0.75 2 225 108 104 53 81 295 30 41
3 90 5 1 100 0.75 2 226 109 106 55 84 296 31 41
3 90 5 1 100 0.75 2 227 109 108 62 87 297 32 41
3 90 5 1 100 0.75 2 228 109 107 58 87 299 34 43
3 90 5 1 100 0.75 2 229 109 105 56 85 303 38 41
3 90 5 1 100 0.75 2 230 109 106 53 85 305 40 42
3 90 5 1 100 0.75 2 231 109 109 61 89 305 40 44
3 90 5 1 100 0.75 2 232 109 107 61 89 307 42 48
3 90 5 1 100 0.75 2 233 109 105 59 89 311 46 46
3 90 5 1 100 0.75 2 234 109 105 58 88 314 49 45
3 90 5 1 100 0.75 2 235 109 106 65 89 316 51 44
3 90 5 1 100 0.75 2 236 109 106 51 88 319 54 42
3 90 5 1 100 0.75 2 237 109 106 59 88 322 57 43
3 90 5 1 100 0.75 2 238 109 106 50 86 325 60 41
3 90 5 1 100 0.75 2 239 109 105 56 84 329 64 38
3 90 5 1 100 0.75 2 240 109 107 63 85 330 65 40
3 90 5 1 100 0.75 2 241 109 105 55 84 334 69 36
3 90 5 1 100 0.75 2 242 109 107 56 84 335 70 35
3 90 5 1 100 0.75 2 243 109 107 55 86 337 72 36
3 90 5 1 100 0.75 2 244 109 107 50 86 339 74 35
3 90 5 1 100 0.75 2 245 109 107 45 86 341 76 33
3 90 5 1 100 0.75 2 246 109 105 50 86 345 80 29
3 90 5 1 100 0.75 2 247 109 107 51 88 346 81 32
3 90 5 1 100 0.75 2 248 109 105 47 85 350 85 28
3 90 5 1 100 0.75 2 249 109 106 48 88 352 87 28
3 90 5 1 100 0.75 2 250 109 106 47 88 355 90 28
3 90 5 1 100 0.75 2 251 109 107 50 87 357 92 27
3 90 5 1 100 0.75 2 252 109 108 55 89 358 93 29
3 90 5 1 100 0.75 2 253 109 105 52 86 362 97 28
3 90 5 1 100 0.75 2 254 109 108 54 88 362 97 29
3 90 5 1 100 0.75 2 255 109 107 51 87 364 99 27
3 90 5 1 100 0.75 2 256 109 106 43 89 367 102 25
3 90 5 1 100 0.75 2 257 109 107 52 90 369 104 27
3 90 5 1 100 0.75 2 258 109 109 52 92 369 104 28
3 90 5 1 100 0.75 2 259 109 108 47 93 369 105 28
3 90 5 1 100 0.75 2 260 109 108 43 94 370 106 27
3 90 5 1 100 0.75 2 261 109 108 43 95 371 107 28
3 90 5 1 100 0.75 2 262 109 109 50 99 371 107 30
3 90 5 1 100 0.75 2 263 109 105 46 96 375 111 30
3 90 5 1 100 0.75 2 264 109 106 45 95 377 113 30
3 90 5 1 100 0.75 2 265 109 108 42 97 378 114 30
3 90 5 1 100 0.75 2 266 109 108 44 98 379 115 32
3 90 5 1 100 0.75 2 267 109 109 51 99 379 115 34
3 90 5 1 100 0.75 2 268 109 107 52 98 381 117 37
3 90 5 1 100 0.75 2 269 109 107 56 96 383 119 35
3 90 5 1 100 0.75 2 270 109 106 48 94 386 122 32
3 90 5 1 100 0.75 2 271 109 106 48 92 389 125 31
3 90 5 1 100 0.75 2 272 109 106 44 90 392 128 30
3 90 5 1 100 0.75 2 273 109 108 50 93 393 129 32
3 90 5 1 100 0.75 2 274 109 108 46 93 393 130 32
3 90 5 1 100 0.75 2 275 109 108 50 93 394 131 31
3 90 5 1 100 0.75 2 276 109 109 48 94 394 131 32
3 90 5 1 100 0.75 2 277 109 106 44 92 397 134 29
3 90 5 1 100 0.75 2 278 109 108 44 93 398 135 29
3 90 5 1 100 0.75 2 279 109 106 44 94 401 138 29
3 90 5 1 100 0.75 2 280 109 108 46 97 402 139 28
3 90 5 1 100 0.75 2 281 109 108 47 97 403 140 28
3 90 5 1 100 0.75 2 282 109 106 44 96 406 143 26
3 90 5 1 100 0.75 2 283 109 106 37 94 409 146 23
3 90 5 1 100 0.75 2 284 109 107 44 92 411 148 23
3 90 5 1 100 0.75 2 285 109 107 44 92 413 150 23
3 90 5 1 100 0.75 2 286 109 108 44 93 413 151 26
3 90 5 1 100 0.75 2 287 109 106 37 92 416 154 25
3 90 5 1 100 0.75 2 288 109 106 40 91 419 157 24
3 90 5 1 100 0.75 2 289 109 109 47 92 419 157 25
3 90 5 1 100 0.75 2 290 109 107 41 92 421 159 24
3 90 5 1 100 0.75 2 291 109 107 45 92 423 161 22
3 90 5 1 100 0.75 2 292 109 107 42 91 425 163 23
3 90 5 1 100 0.75 2 293 109 109 39 95 425 163 23
3 90 5 1 100 0.75 2 294 109 108 40 96 426 164 25
3 90 5 1 100 0.75 2 295 109 109 46 97 426 164 26
3 90 5 1 100 0.75 2 296 109 108 46 96 427 165 25
3 90 5 1 100 0.75 2 297 109 106 39 95 430 168 24
3 90 5 1 100 0.75 2 298 109 108 45 94 431 169 24
3 90 5 1 100 0.75 2 299 109 109 33 99 431 169 27
3 90 5 1 100 0.75 2 300 109 108 44 100 432 170 28
3 90 5 1 100 0.75 2 301 109 107 37 98 434 172 27
3 90 5 1 100 0.75 2 302 109 109 46 100 434 172 28
3 90 5 1 100 0.75 2 303 109 107 43 99 436 174 28
3 90 5 1 100 0.75 2 304 109 105 41 95 440 178 24
3 90 5 1 100 0.75 2 305 109 107 39 96 441 179 24
3 90 5 1 100 0.75 2 306 109 108 38 97 442 180 26
3 90 5 1 100 0.75 2 307 109 107 42 96 444 182 25
3 90 5 1 100 0.75 2 308 109 108 35 96 445 183 25
3 90 5 1 100 0.75 2 309 109 108 34 96 446 184 25
3 90 5 1 100 0.75 2 310 109 106 35 94 449 187 22
3 90 5 1 100 0.75 2 311 109 107 45 93 451 189 20
3 90 5 1 100 0.75 2 312 109 108 36 94 451 190 20
3 90 5 1 100 0.75 2 313 109 108 48 97 452 191 19
3 90 5 1 100 0.75 2 314 109 108 36 96 453 192 20
3 90 5 1 100 0.75 2 315 109 108 39 96 454 193 19
3 90 5 1 100 0.75 2 316 109 107 40 97 456 195 17
3 90 5 1 100 0.75 2 317 109 107 38 95 458 197 16
3 90 5 1 100 0.75 2 318 109 109 36 96 458 197 18
3 90 5 1 100 0.75 2 319 109 107 40 96 460 199 17
3 90 5 1 100 0.75 2 320 109 107 36 96 462 201 18
3 90 5 1 100 0.75 2 321 109 108 38 98 462 202 18
3 90 5 1 100 0.75 2 322 109 107 36 96 463 204 17
3 90 5 1 100 0.75 2 323 109 108 43 96 464 205 17
3 90 5 1 100 0.75 2 324 109 108 40 96 465 206 17
3 90 5 1 100 0.75 2 325 109 108 33 97 466 207 18
3 90 5 1 100 0.75 2 326 109 108 39 98 467 208 18
3 90 5 1 100 0.75 2 327 109 109 36 98 467 208 19
3 90 5 1 100 0.75 2 328 109 108 37 100 468 209 19
3 90 5 1 100 0.75 2 329 109 107 38 100 470 211 17
3 90 5 1 100 0.75 2 330 109 109 40 100 470 211 17
3 90 5 1 100 0.75 2 330 109 109 109 100 487 211 17
3 90 5 1 100 0.75 2 360 109 109 109 100 427 211 17
3 90 5 1 100 0.75 3 361 0 3 3 0 427 0 0
3 90 5 1 100 0.75 3 362 0 6 6 0 427 0 0
3 90 5 1 100 0.75 3 363 0 9 9 0 427 0 0
3 90 5 1 100 0.75 3 364 0 12 12 0 427 0 0
3 90 5 1 100 0.75 3 365 0 15 15 0 427 0 0
3 90 5 1 100 0.75 3 366 0 18 16 0 427 0 0
3 90 5 1 100 0.75 3 367 0 21 20 0 427 0 0
3 90 5 1 100 0.75 3 368 2 24 20 0 427 0 0
3 90 5 1 100 0.75 3 369 4 27 18 2 427 0 0
3 90 5 1 100 0.75 3 370 8 30 20 4 427 0 0
3 90 5 1 100 0.75 3 371 13 33 16 8 427 0 0
3 90 5 1 100 0.75 3 372 14 36 17 13 427 0 0
3 90 5 1 100 0.75 3 373 18 39 18 14 427 0 0
3 90 5 1 100 0.75 3 374 19 42 17 18 427 0 0
3 90 5 1 100 0.75 3 375 24 45 15 19 427 0 1
3 90 5 1 100 0.75 3 376 28 48 22 24 427 0 4
3 90 5 1 100 0.75 3 377 28 51 22 28 427 0 5
3 90 5 1 100 0.75 3 378 35 54 23 28 427 0 10
3 90 5 1 100 0.75 3 379 37 57 23 35 427 0 10
3 90 5 1 100 0.75 3 380 38 60 31 37 427 0 12
3 90 5 1 100 0.75 3 381 43 63 24 38 427 0 14
3 90 5 1 100 0.75 3 382 44 66 35 43 427 0 17
3 90 5 1 100 0.75 3 383 47 69 29 44 427 0 20
3 90 5 1 100 0.75 3 384 52 72 33 47 427 0 21
3 90 5 1 100 0.75 3 385 56 75 29 52 427 0 25
3 90 5 1 100 0.75 3 386 59 78 48 56 427 0 28
3 90 5 1 100 0.75 3 387 62 81 38 59 427 0 29
3 90 5 1 100 0.75 3 388 63 84 49 62 427 0 32
3 90 5 1 100 0.75 3 389 67 87 45 63 427 0 34
3 90 5 1 100 0.75 3 390 69 89 38 66 428 1 33
3 90 5 1 100 0.75 3 391 73 91 52 67 429 2 37
3 90 5 1 100 0.75 3 392 74 94 50 71 429 2 41
3 90 5 1 100 0.75 3 393 79 95 42 70 431 4 41
3 90 5 1 100 0.75 3 394 82 96 45 73 433 6 41
3 90 5 1 100 0.75 3 395 86 99 50 76 433 6 43
3 90 5 1 100 0.75 3 396 89 100 50 78 435 8 44
3 90 5 1 100 0.75 3 397 91 100 55 78 438 11 43
3 90 5 1 100 0.75 3 398 93 100 40 78 441 14 42
3 90 5 1 100 0.75 3 399 96 102 45 79 442 15 44
3 90 5 1 100 0.75 3 400 98 104 53 81 443 16 47
3 90 5 1 100 0.75 3 401 102 103 39 79 447 20 44
3 90 5 1 100 0.75 3 402 102 103 45 81 450 23 42
3 90 5 1 100 0.75 3 403 105 102 51 79 454 27 44
3 90 5 1 100 0.75 3 404 105 102 46 81 457 30 43
3 90 5 1 100 0.75 3 405 107 105 44 81 457 30 45
3 90 5 1 100 0.75 3 406 107 103 51 82 462 35 42
3 90 5 1 100 0.75 3 407 107 103 43 79 465 38 41
3 90 5 1 100 0.75 3 408 109 105 53 81 466 39 43
3 90 5 1 100 0.75 3 409 109 107 44 84 467 40 43
3 90 5 1 100 0.75 3 410 109 107 53 87 469 42 43
3 90 5 1 100 0.75 3 411 109 103 40 82 475 48 39
3 90 5 1 100 0.75 3 412 109 105 48 84 476 49 40
3 90 5 1 100 0.75 3 413 109 108 46 87 476 49 41
3 90 5 1 100 0.75 3 414 109 107 48 88 478 51 40
3 90 5 1 100 0.75 3 415 109 106 49 88 481 54 41
3 90 5 1 100 0.75 3 416 109 106 48 89 484 57 42
3 90 5 1 100 0.75 3 417 109 106 49 87 487 60 41
3 90 5 1 100 0.75 3 418 109 107 49 87 489 62 40
3 90 5 1 100 0.75 3 419 109 103 43 84 495 68 36
3 90 5 1 100 0.75 3 420 109 105 36 85 496 69 37
3 90 5 1 100 0.75 3 421 109 108 44 88 496 69 39
3 90 5 1 100 0.75 3 422 109 105 46 86 500 73 38
3 90 5 1 100 0.75 3 423 109 101 51 82 507 80 32
3 90 5 1 100 0.75 3 424 109 104 46 83 507 80 32
3 90 5 1 100 0.75 3 425 109 104 42 85 510 83 31
3 90 5 1 100 0.75 3 426 109 106 45 86 511 84 32
3 90 5 1 100 0.75 3 427 109 108 42 89 512 85 32
3 90 5 1 100 0.75 3 428 109 106 39 86 515 88 31
3 90 5 1 100 0.75 3 429 109 109 48 89 515 88 34
3 90 5 1 100 0.75 3 430 109 107 43 89 517 90 34
3 90 5 1 100 0.75 3 431 109 108 48 92 518 91 35
3 90 5 1 100 0.75 3 432 109 108 40 94 519 92 38
3 90 5 1 100 0.75 3 433 109 105 36 92 523 96 36
3 90 5 1 100 0.75 3 434 109 107 44 95 524 97 38
3 90 5 1 100 0.75 3 435 109 105 42 92 528 101 36
3 90 5 1 100 0.75 3 436 109 108 47 95 528 101 38
3 90 5 1 100 0.75 3 437 109 105 39 92 532 105 34
3 90 5 1 100 0.75 3 438 109 106 42 92 534 107 34
3 90 5 1 100 0.75 3 439 109 108 47 91 535 108 34
3 90 5 1 100 0.75 3 440 109 108 48 92 536 109 37
3 90 5 1 100 0.75 3 441 109 107 50 91 538 111 36
3 90 5 1 100 0.75 3 442 109 107 48 91 540 113 35
3 90 5 1 100 0.75 3 443 109 106 47 91 543 116 35
3 90 5 1 100 0.75 3 444 109 108 42 92 544 117 35
3 90 5 1 100 0.75 3 445 109 108 40 93 545 118 35
3 90 5 1 100 0.75 3 446 109 107 45 95 547 120 35
3 90 5 1 100 0.75 3 447 109 107 48 94 549 122 33
3 90 5 1 100 0.75 3 448 109 103 44 89 555 128 30
3 90 5 1 100 0.75 3 449 109 105 50 91 556 129 29
3 90 5 1 100 0.75 3 450 109 107 49 91 557 130 29
3 90 5 1 100 0.75 3 451 109 106 48 89 560 133 29
3 90 5 1 100 0.75 3 452 109 108 46 92 561 134 30
3 90 5 1 100 0.75 3 453 109 107 50 90 563 136 30
3 90 5 1 100 0.75 3 454 109 107 44 90 565 138 28
3 90 5 1 100 0.75 3 455 109 104 42 86 570 143 25
3 90 5 1 100 0.75 3 456 109 106 38 88 571 144 25
3 90 5 1 100 0.75 3 457 109 108 39 92 572 145 24
3 90 5 1 100 0.75 3 458 109 106 39 90 575 148 23
3 90 5 1 100 0.75 3 459 109 109 42 92 575 148 25
3 90 5 1 100 0.75 3 460 109 108 34 94 576 149 24
3 90 5 1 100 0.75 3 461 109 108 35 94 577 150 25
3 90 5 1 100 0.75 3 462 109 108 39 94 578 151 26
3 90 5 1 100 0.75 3 463 109 107 40 94 580 153 28
3 90 5 1 100 0.75 3 464 109 106 39 92 583 156 26
3 90 5 1 100 0.75 3 465 109 109 39 96 583 156 28
3 90 5 1 100 0.75 3 466 109 109 39 98 583 156 29
3 90 5 1 100 0.75 3 467 109 107 40 99 585 158 30
3 90 5 1 100 0.75 3 468 109 107 42 97 587 160 30
3 90 5 1 100 0.75 3 469 109 106 45 95 590 163 27
3 90 5 1 100 0.75 3 470 109 108 48 95 591 164 28
3 90 5 1 100 0.75 3 471 109 107 30 95 593 166 26
3 90 5 1 100 0.75 3 472 109 109 47 98 593 166 29
3 90 5 1 100 0.75 3 473 109 106 39 96 596 169 30
3 90 5 1 100 0.75 3 474 109 108 45 95 597 170 29
3 90 5 1 100 0.75 3 475 109 108 48 95 598 171 28
3 90 5 1 100 0.75 3 476 109 108 37 95 599 172 27
3 90 5 1 100 0.75 3 477 109 109 41 99 599 172 29
3 90 5 1 100 0.75 3 478 109 104 30 96 604 177 27
3 90 5 1 100 0.75 3 479 109 106 37 97 605 178 27
3 90 5 1 100 0.75 3 480 109 107 38 95 607 180 26
3 90 5 1 100 0.75 3 481 109 107 42 95 609 182 24
3 90 5 1 100 0.75 3 482 109 108 34 96 610 183 23
3 90 5 1 100 0.75 3 483 109 106 39 94 613 186 23
3 90 5 1 100 0.75 3 484 109 106 39 92 616 189 22
3 90 5 1 100 0.75 3 485 109 108 44 91 617 190 23
3 90 5 1 100 0.75 3 486 109 109 38 92 617 190 23
3 90 5 1 100 0.75 3 487 109 107 31 93 619 192 21
3 90 5 1 100 0.75 3 488 109 109 37 96 619 192 23
3 90 5 1 100 0.75 3 489 109 104 33 92 624 197 20
3 90 5 1 100 0.75 3 490 109 107 33 95 624 197 21
3 90 5 1 100 0.75 3 491 109 107 32 96 626 199 19
3 90 5 1 100 0.75 3 492 109 109 35 98 626 199 19
3 90 5 1 100 0.75 3 493 109 108 31 98 627 200 19
3 90 5 1 100 0.75 3 494 109 109 37 99 627 200 20
3 90 5 1 100 0.75 3 495 109 108 36 99 628 201 21
3 90 5 1 100 0.75 3 496 109 106 38 97 631 204 20
3 90 5 1 100 0.75 3 497 109 108 35 98 632 205 20
3 90 5 1 100 0.75 3 498 109 108 44 98 633 206 21
3 90 5 1 100 0.75 3 499 109 108 32 101 634 207 20
3 90 5 1 100 0.75 3 500 109 108 34 100 635 208 20
3 90 5 1 100 0.75 3 501 109 109 41 101 635 208 20
3 90 5 1 100 0.75 3 502 109 107 37 99 637 210 18
3 90 5 1 100 0.75 3 503 109 107 27 97 639 212 17
3 90 5 1 100 0.75 3 504 109 108 36 99 640 213 19
3 90 5 1 100 0.75 3 505 109 108 31 99 641 214 20
3 90 5 1 100 0.75 3 506 109 107 30 98 643 216 19
3 90 5 1 100 0.75 3 507 109 109 37 99 643 216 20
3 90 5 1 100 0.75 3 508 109 107 38 98 645 218 18
3 90 5 1 100 0.75 3 509 109 109 33 99 645 218 18
3 90 5 1 100 0.75 3 510 109 108 29 100 646 219 19
3 90 5 1 100 0.75 3 510 109 108 108 100 665 219 19
3 90 5 1 100 0.75 3 540 109 108 108 100 533 219 19
3 90 5 1 100 0.75 4 541 0 3 3 0 533 0 0
3 90 5 1 100 0.75 4 542 0 6 6 0 533 0 0
3 90 5 1 100 0.75 4 543 0 9 9 0 533 0 0
3 90 5 1 100 0.75 4 544 0 12 12 0 533 0 0
3 90 5 1 100 0.75 4 545 0 15 15 0 533 0 0
3 90 5 1 100 0.75 4 546 0 18 18 0 533 0 0
3 90 5 1 100 0.75 4 547 0 21 20 0 533 0 0
3 90 5 1 100 0.75 4 548 1 24 21 0 533 0 0
3 90 5 1 100 0.75 4 549 7 27 15 1 533 0 0
3 90 5 1 100 0.75 4 550 9 30 17 7 533 0 0
3 90 5 1 100 0.75 4 551 12 33 17 9 533 0 0
3 90 5 1 100 0.75 4 552 15 36 16 12 533 0 0
3 90 5 1 100 0.75 4 553 20 39 13 15 533 0 0
3 90 5 1 100 0.75 4 554 20 42 15 20 533 0 0
3 90 5 1 100 0.75 4 555 24 45 13 20 533 0 0
3 90 5 1 100 0.75 4 556 28 48 18 24 533 0 2
3 90 5 1 100 0.75 4 557 30 51 19 28 533 0 4
3 90 5 1 100 0.75 4 558 35 54 18 30 533 0 7
3 90 5 1 100 0.75 4 559 38 57 19 35 533 0 8
3 90 5 1 100 0.75 4 560 42 60 23 38 533 0 11
3 90 5 1 100 0.75 4 561 44 63 28 42 533 0 13
3 90 5 1 100 0.75 4 562 46 66 24 44 533 0 14
3 90 5 1 100 0.75 4 563 49 69 28 46 533 0 19
3 90 5 1 100 0.75 4 564 53 72 28 49 533 0 20
3 90 5 1 100 0.75 4 565 56 75 33 53 533 0 23
3 90 5 1 100 0.75 4 566 59 78 39 56 532 0 27
3 90 5 1 100 0.75 4 567 62 81 38 59 532 0 28
3 90 5 1 100 0.75 4 568 65 84 43 62 532 0 30
3 90 5 1 100 0.75 4 569 66 87 35 65 532 0 32
3 90 5 1 100 0.75 4 570 70 90 37 66 532 0 33
3 90 5 1 100 0.75 4 571 75 93 47 70 531 0 38
3 90 5 1 100 0.75 4 572 75 95 40 74 532 1 38
3 90 5 1 100 0.75 4 573 80 96 43 72 534 3 39
3 90 5 1 100 0.75 4 574 83 98 45 76 535 4 39
3 90 5 1 100 0.75 4 575 86 99 46 77 537 6 38
3 90 5 1 100 0.75 4 576 88 100 50 78 539 8 40
3 90 5 1 100 0.75 4 577 91 103 44 80 539 8 41
3 90 5 1 100 0.75 4 578 95 103 41 80 542 11 40
3 90 5 1 100 0.75 4 579 98 105 49 83 543 12 40
3 90 5 1 100 0.75 4 580 99 104 48 82 547 16 38
3 90 5 1 100 0.75 4 581 103 104 51 80 550 19 38
3 90 5 1 100 0.75 4 582 104 104 46 81 553 22 37
3 90 5 1 100 0.75 4 583 106 104 46 82 556 25 38
3 90 5 1 100 0.75 4 584 106 105 51 84 558 27 38
3 90 5 1 100 0.75 4 585 107 105 48 82 561 30 37
3 90 5 1 100 0.75 4 586 109 105 51 82 564 33 36
3 90 5 1 100 0.75 4 587 109 105 48 82 567 36 34
3 90 5 1 100 0.75 4 588 109 108 50 86 567 36 38
3 90 5 1 100 0.75 4 589 109 107 53 85 569 38 39
3 90 5 1 100 0.75 4 590 109 108 46 88 570 39 41
3 90 5 1 100 0.75 4 591 109 108 56 91 571 40 40
3 90 5 1 100 0.75 4 592 109 108 51 93 572 41 40
3 90 5 1 100 0.75 4 593 109 104 40 89 577 46 37
3 90 5 1 100 0.75 4 594 109 103 38 90 581 50 35
3 90 5 1 100 0.75 4 595 109 103 47 90 584 53 34
3 90 5 1 100 0.75 4 596 109 105 44 91 585 54 33
3 90 5 1 100 0.75 4 597 109 105 50 88 588 57 34
3 90 5 1 100 0.75 4 598 109 103 55 85 592 62 32
3 90 5 1 100 0.75 4 599 109 105 48 84 593 63 33
3 90 5 1 100 0.75 4 600 109 107 56 85 594 64 35
3 90 5 1 100 0.75 4 601 109 108 54 87 595 65 36
3 90 5 1 100 0.75 4 602 109 107 53 87 597 67 35
3 90 5 1 100 0.75 4 603 109 109 52 91 597 67 35
3 90 5 1 100 0.75 4 604 109 107 42 92 599 69 35
3 90 5 1 100 0.75 4 605 109 108 40 93 600 70 34
3 90 5 1 100 0.75 4 606 109 103 33 92 606 76 29
3 90 5 1 100 0.75 4 607 109 102 42 89 610 80 26
3 90 5 1 100 0.75 4 608 109 105 32 93 610 80 28
3 90 5 1 100 0.75 4 609 109 106 38 91 612 82 28
3 90 5 1 100 0.75 4 610 109 108 50 92 613 83 31
3 90 5 1 100 0.75 4 611 109 108 44 92 614 84 31
3 90 5 1 100 0.75 4 612 109 108 42 92 615 85 33
3 90 5 1 100 0.75 4 613 109 105 44 90 619 89 31
3 90 5 1 100 0.75 4 614 109 106 44 89 621 91 32
3 90 5 1 100 0.75 4 615 109 109 49 91 621 91 33
3 90 5 1 100 0.75 4 616 109 106 40 91 624 94 30
3 90 5 1 100 0.75 4 617 109 103 40 88 630 100 26
3 90 5 1 100 0.75 4 618 109 105 33 90 631 101 26
3 90 5 1 100 0.75 4 619 109 107 41 90 632 102 25
3 90 5 1 100 0.75 4 620 109 108 40 90 633 103 26
3 90 5 1 100 0.75 4 621 109 109 44 92 633 103 28
3 90 5 1 100 0.75 4 622 109 108 35 92 634 104 27
3 90 5 1 100 0.75 4 623 109 109 41 96 634 104 27
3 90 5 1 100 0.75 4 624 109 109 46 97 634 104 32
3 90 5 1 100 0.75 4 625 109 103 34 95 640 110 26
3 90 5 1 100 0.75 4 626 109 104 40 95 642 112 24
3 90 5 1 100 0.75 4 627 109 106 42 97 643 113 23
3 90 5 1 100 0.75 4 628 109 105 45 95 647 117 21
3 90 5 1 100 0.75 4 629 109 105 34 92 650 120 20
3 90 5 1 100 0.75 4 630 109 107 43 91 651 121 20
3 90 5 1 100 0.75 4 631 109 109 42 92 651 121 22
3 90 5 1 100 0.75 4 632 109 107 39 90 653 123 22
3 90 5 1 100 0.75 4 633 109 108 43 90 654 124 23
3 90 5 1 100 0.75 4 634 109 108 41 91 655 125 23
3 90 5 1 100 0.75 4 635 109 109 38 96 655 125 24
3 90 5 1 100 0.75 4 636 109 105 41 93 659 129 20
3 90 5 1 100 0.75 4 637 109 107 39 95 660 130 20
3 90 5 1 100 0.75 4 638 109 109 44 97 660 130 20
3 90 5 1 100 0.75 4 639 109 109 32 100 660 130 21
3 90 5 1 100 0.75 4 640 109 108 34 100 661 131 20
3 90 5 1 100 0.75 4 641 109 106 32 98 663 134 18
3 90 5 1 100 0.75 4 642 109 109 49 100 663 134 22
3 90 5 1 100 0.75 4 643 109 107 37 98 665 136 22
3 90 5 1 100 0.75 4 644 109 107 37 97 667 138 20
3 90 5 1 100 0.75 4 645 109 109 47 100 667 138 23
3 90 5 1 100 0.75 4 646 109 105 37 97 671 142 20
3 90 5 1 100 0.75 4 647 109 106 40 95 673 144 19
3 90 5 1 100 0.75 4 648 109 109 45 96 673 144 19
3 90 5 1 100 0.75 4 649 109 109 39 96 673 144 20
3 90 5 1 100 0.75 4 650 109 109 48 99 673 144 20
3 90 5 1 100 0.75 4 651 109 108 43 98 674 145 22
3 90 5 1 100 0.75 4 652 109 107 37 99 676 147 20
3 90 5 1 100 0.75 4 653 109 107 38 98 678 149 19
3 90 5 1 100 0.75 4 654 109 109 41 99 678 149 19
3 90 5 1 100 0.75 4 655 109 108 41 101 679 150 18
3 90 5 1 100 0.75 4 656 109 107 35 100 681 152 17
3 90 5 1 100 0.75 4 657 109 109 42 101 681 152 18
3 90 5 1 100 0.75 4 658 109 108 43 100 682 153 18
3 90 5 1 100 0.75 4 659 109 109 46 100 682 153 20
3 90 5 1 100 0.75 4 660 109 106 35 98 685 156 17
3 90 5 1 100 0.75 4 661 109 108 32 100 686 157 17
3 90 5 1 100 0.75 4 662 109 107 36 99 688 159 17
3 90 5 1 100 0.75 4 663 109 108 38 99 689 160 16
3 90 5 1 100 0.75 4 664 109 106 38 96 692 163 14
3 90 5 1 100 0.75 4 665 109 108 40 97 693 164 13
3 90 5 1 100 0.75 4 666 109 108 36 96 694 165 12
3 90 5 1 100 0.75 4 667 109 107 43 95 696 167 12
3 90 5 1 100 0.75 4 668 109 108 42 94 697 168 11
3 90 5 1 100 0.75 4 669 109 109 40 98 697 168 13
3 90 5 1 100 0.75 4 670 109 109 41 98 697 168 13
3 90 5 1 100 0.75 4 671 109 109 37 100 697 168 13
3 90 5 1 100 0.75 4 672 109 109 34 103 697 168 15
3 90 5 1 100 0.75 4 673 109 109 29 105 696 168 16
3 90 5 1 100 0.75 4 674 109 108 37 104 697 169 15
3 90 5 1 100 0.75 4 675 109 108 29 106 698 170 14
3 90 5 1 100 0.75 4 676 109 109 31 106 698 170 17
3 90 5 1 100 0.75 4 677 109 106 35 104 701 173 14
3 90 5 1 100 0.75 4 678 109 108 35 103 702 174 14
3 90 5 1 100 0.75 4 679 109 108 36 102 703 175 14
3 90 5 1 100 0.75 4 680 109 109 39 102 703 175 16
3 90 5 1 100 0.75 4 681 109 107 41 100 704 177 15
3 90 5 1 100 0.75 4 682 109 109 36 100 704 177 15
3 90 5 1 100 0.75 4 683 109 109 34 101 703 177 15
3 90 5 1 100 0.75 4 684 109 109 36 102 703 177 16
3 90 5 1 100 0.75 4 685 109 107 34 102 705 179 14
3 90 5 1 100 0.75 4 686 109 109 33 104 705 179 14
3 90 5 1 100 0.75 4 687 109 108 41 103 706 180 13
3 90 5 1 100 0.75 4 688 109 109 26 104 706 180 13
3 90 5 1 100 0.75 4 689 109 107 31 103 708 182 11
3 90 5 1 100 0.75 4 690 109 108 31 102 709 183 12
3 90 5 1 100 0.75 4 690 109 108 108 102 721 183 12
3 90 5 1 100 0.75 4 720 109 108 108 102 583 183 12
3 90 5 1 100 0.75 5 721 0 3 3 0 583 0 0
3 90 5 1 100 0.75 5 722 0 6 6 0 583 0 0
3 90 5 1 100 0.75 5 723 0 9 9 0 583 0 0
3 90 5 1 100 0.75 5 724 0 12 12 0 583 0 0
3 90 5 1 100 0.75 5 725 0 15 14 0 583 0 0
3 90 5 1 100 0.75 5 726 0 18 15 0 583 0 0
3 90 5 1 100 0.75 5 727 1 21 16 0 583 0 0
3 90 5 1 100 0.75 5 728 3 24 17 1 583 0 0
3 90 5 1 100 0.75 5 729 6 27 17 3 583 0 0
3 90 5 1 100 0.75 5 730 12 30 13 6 583 0 0
3 90 5 1 100 0.75 5 731 13 33 13 12 583 0 0
3 90 5 1 100 0.75 5 732 17 36 16 13 583 0 0
3 90 5 1 100 0.75 5 733 19 39 13 17 583 0 0
3 90 5 1 100 0.75 5 734 21 42 11 19 583 0 0
3 90 5 1 100 0.75 5 735 26 45 12 21 583 0 2
3 90 5 1 100 0.75 5 736 28 48 13 26 583 0 4
3 90 5 1 100 0.75 5 737 32 51 16 28 583 0 6
3 90 5 1 100 0.75 5 738 35 54 21 32 583 0 10
3 90 5 1 100 0.75 5 739 36 57 18 35 583 0 11
3 90 5 1 100 0.75 5 740 42 60 29 36 583 0 13
3 90 5 1 100 0.75 5 741 43 63 26 42 583 0 15
3 90 5 1 100 0.75 5 742 46 66 23 43 583 0 16
3 90 5 1 100 0.75 5 743 47 69 32 46 583 0 19
3 90 5 1 100 0.75 5 744 52 72 29 47 583 0 22
3 90 5 1 100 0.75 5 745 54 75 31 52 583 0 25
3 90 5 1 100 0.75 5 746 58 78 32 54 583 0 26
3 90 5 1 100 0.75 5 747 61 81 32 58 583 0 28
3 90 5 1 100 0.75 5 748 64 84 40 61 583 0 31
3 90 5 1 100 0.75 5 749 67 87 33 64 582 0 33
3 90 5 1 100 0.75 5 750 70 90 40 67 582 0 34
3 90 5 1 100 0.75 5 751 75 92 39 69 583 1 36
3 90 5 1 100 0.75 5 752 76 94 42 73 583 2 36
3 90 5 1 100 0.75 5 753 80 95 39 72 585 4 36
3 90 5 1 100 0.75 5 754 82 96 42 74 586 6 41
3 90 5 1 100 0.75 5 755 86 98 39 75 587 7 42
3 90 5 1 100 0.75 5 756 88 100 44 78 588 8 44
3 90 5 1 100 0.75 5 757 91 102 39 79 589 9 44
3 90 5 1 100 0.75 5 758 93 102 41 79 592 12 43
3 90 5 1 100 0.75 5 759 97 103 40 79 594 14 43
3 90 5 1 100 0.75 5 760 102 105 47 82 595 15 45
3 90 5 1 100 0.75 5 761 102 104 35 83 599 19 43
3 90 5 1 100 0.75 5 762 105 103 43 80 603 23 41
3 90 5 1 100 0.75 5 763 106 104 46 82 605 25 40
3 90 5 1 100 0.75 5 764 106 105 42 82 607 27 41
3 90 5 1 100 0.75 5 765 107 105 38 83 610 30 40
3 90 5 1 100 0.75 5 766 108 104 30 82 614 34 39
3 90 5 1 100 0.75 5 767 108 107 43 84 614 34 40
3 90 5 1 100 0.75 5 768 109 108 48 86 615 35 42
3 90 5 1 100 0.75 5 769 109 106 40 87 618 38 41
3 90 5 1 100 0.75 5 770 109 107 41 87 620 40 41
3 90 5 1 100 0.75 5 771 109 106 38 87 623 43 39
3 90 5 1 100 0.75 5 772 109 107 47 88 625 45 40
3 90 5 1 100 0.75 5 773 109 105 40 88 629 49 39
3 90 5 1 100 0.75 5 774 109 104 43 87 633 53 36
3 90 5 1 100 0.75 5 775 109 106 41 88 634 54 39
3 90 5 1 100 0.75 5 776 109 106 38 87 637 57 37
3 90 5 1 100 0.75 5 777 109 105 37 86 641 61 35
3 90 5 1 100 0.75 5 778 109 107 40 85 642 62 37
3 90 5 1 100 0.75 5 779 109 107 33 84 644 64 37
3 90 5 1 100 0.75 5 780 109 109 44 89 644 64 39
3 90 5 1 100 0.75 5 781 109 105 32 87 648 68 40
3 90 5 1 100 0.75 5 782 109 108 43 92 648 68 40
3 90 5 1 100 0.75 5 783 109 106 36 90 651 71 39
3 90 5 1 100 0.75 5 784 109 103 32 88 657 77 34
3 90 5 1 100 0.75 5 785 109 105 31 90 658 78 33
3 90 5 1 100 0.75 5 786 109 107 44 92 658 79 34
3 90 5 1 100 0.75 5 787 109 109 31 92 658 79 37
3 90 5 1 100 0.75 5 788 109 108 34 92 659 80 41
3 90 5 1 100 0.75 5 789 109 105 39 91 663 84 37
3 90 5 1 100 0.75 5 790 109 105 40 90 666 87 35
3 90 5 1 100 0.75 5 791 109 106 38 91 668 89 35
3 90 5 1 100 0.75 5 792 109 107 31 90 670 91 34
3 90 5 1 100 0.75 5 793 109 106 45 91 673 94 31
3 90 5 1 100 0.75 5 794 109 107 32 91 675 96 29
3 90 5 1 100 0.75 5 795 109 107 39 90 677 98 28
3 90 5 1 100 0.75 5 796 109 107 28 88 679 100 28
3 90 5 1 100 0.75 5 797 109 107 36 87 681 102 30
3 90 5 1 100 0.75 5 798 109 107 31 89 683 104 29
3 90 5 1 100 0.75 5 799 109 107 43 90 685 106 29
3 90 5 1 100 0.75 5 800 109 107 37 89 687 108 30
3 90 5 1 100 0.75 5 801 109 108 38 91 688 109 29
3 90 5 1 100 0.75 5 802 109 107 29 93 690 111 28
3 90 5 1 100 0.75 5 803 109 108 36 93 691 112 27
3 90 5 1 100 0.75 5 804 109 107 37 93 693 114 27
3 90 5 1 100 0.75 5 805 109 107 37 95 695 116 28
3 90 5 1 100 0.75 5 806 109 105 28 91 699 120 25
3 90 5 1 100 0.75 5 807 109 105 29 91 702 123 24
3 90 5 1 100 0.75 5 808 109 108 35 93 702 123 26
3 90 5 1 100 0.75 5 809 109 108 34 94 703 124 28
3 90 5 1 100 0.75 5 810 109 108 35 93 704 125 27
3 90 5 1 100 0.75 5 811 109 109 29 94 704 125 30
3 90 5 1 100 0.75 5 812 109 106 35 93 707 128 28
3 90 5 1 100 0.75 5 813 109 108 26 94 708 129 27
3 90 5 1 100 0.75 5 814 109 107 32 97 710 131 26
3 90 5 1 100 0.75 5 815 109 108 24 98 711 132 26
3 90 5 1 100 0.75 5 816 109 106 29 97 714 135 24
3 90 5 1 100 0.75 5 817 109 107 30 96 716 137 22
3 90 5 1 100 0.75 5 818 109 108 33 96 717 138 22
3 90 5 1 100 0.75 5 819 109 109 24 96 717 138 22
3 90 5 1 100 0.75 5 820 109 109 39 97 717 138 26
3 90 5 1 100 0.75 5 821 109 107 28 98 719 140 28
3 90 5 1 100 0.75 5 822 109 105 32 95 723 144 25
3 90 5 1 100 0.75 5 823 109 108 30 97 723 144 27
3 90 5 1 100 0.75 5 824 109 105 38 95 727 148 23
3 90 5 1 100 0.75 5 825 109 106 26 96 729 150 21
3 90 5 1 100 0.75 5 826 109 107 32 94 731 152 20
3 90 5 1 100 0.75 5 827 109 109 39 95 731 152 21
3 90 5 1 100 0.75 5 828 109 106 36 92 734 155 19
3 90 5 1 100 0.75 5 829 109 109 31 94 734 155 21
3 90 5 1 100 0.75 5 830 109 109 35 95 734 155 22
3 90 5 1 100 0.75 5 831 109 108 35 97 735 156 23
3 90 5 1 100 0.75 5 832 109 109 37 97 735 156 23
3 90 5 1 100 0.75 5 833 109 107 26 100 737 158 22
3 90 5 1 100 0.75 5 834 109 107 30 100 739 160 20
3 90 5 1 100 0.75 5 835 109 109 27 101 739 160 22
3 90 5 1 100 0.75 5 836 109 109 35 104 739 160 23
3 90 5 1 100 0.75 5 837 109 107 34 102 741 162 22
3 90 5 1 100 0.75 5 838 109 107 27 100 743 164 22
3 90 5 1 100 0.75 5 839 109 108 33 99 744 165 22
3 90 5 1 100 0.75 5 840 109 105 30 96 748 169 21
3 90 5 1 100 0.75 5 841 109 105 27 94 751 172 19
3 90 5 1 100 0.75 5 842 109 108 26 95 751 172 19
3 90 5 1 100 0.75 5 843 109 108 35 96 752 173 20
3 90 5 1 100 0.75 5 844 109 109 35 96 752 173 20
3 90 5 1 100 0.75 5 845 109 109 30 97 752 173 20
3 90 5 1 100 0.75 5 846 109 108 32 98 753 174 19
3 90 5 1 100 0.75 5 847 109 109 36 99 753 174 20
3 90 5 1 100 0.75 5 848 109 107 28 100 755 176 19
3 90 5 1 100 0.75 5 849 109 109 33 103 755 176 20
3 90 5 1 100 0.75 5 850 109 107 26 103 757 178 18
3 90 5 1 100 0.75 5 851 109 107 26 101 759 180 16
3 90 5 1 100 0.75 5 852 109 107 30 100 761 182 15
3 90 5 1 100 0.75 5 853 109 107 20 98 763 184 13
3 90 5 1 100 0.75 5 854 109 108 29 97 764 185 14
3 90 5 1 100 0.75 5 855 109 106 23 95 767 188 13
3 90 5 1 100 0.75 5 856 109 108 35 94 767 189 13
3 90 5 1 100 0.75 5 857 109 109 30 96 767 189 13
3 90 5 1 100 0.75 5 858 109 107 32 95 769 191 11
3 90 5 1 100 0.75 5 859 109 109 24 96 769 191 11
3 90 5 1 100 0.75 5 860 109 108 25 98 770 192 10
3 90 5 1 100 0.75 5 861 109 109 31 100 770 192 10
3 90 5 1 100 0.75 5 862 109 108 29 101 771 193 10
3 90 5 1 100 0.75 5 863 109 109 29 103 771 193 12
3 90 5 1 100 0.75 5 864 109 109 28 104 770 193 13
3 90 5 1 100 0.75 5 865 109 106 29 102 773 196 10
3 90 5 1 100 0.75 5 866 109 109 33 102 773 196 12
3 90 5 1 100 0.75 5 867 109 109 27 104 773 196 13
3 90 5 1 100 0.75 5 868 109 108 33 104 774 197 13
3 90 5 1 100 0.75 5 869 109 108 26 103 775 198 14
3 90 5 1 100 0.75 5 870 109 109 27 103 775 198 16
3 90 5 1 100 0.75 5 870 109 109 109 103 790 198 16
3 90 5 1 100 0.75 5 900 109 109 109 103 609 198 16
3 90 5 1 100 0.75 6 901 0 3 3 0 609 0 0
3 90 5 1 100 0.75 6 902 0 6 6 0 609 0 0
3 90 5 1 100 0.75 6 903 0 9 9 0 609 0 0
3 90 5 1 100 0.75 6 904 0 12 12 0 609 0 0
3 90 5 1 100 0.75 6 905 0 15 15 0 609 0 0
3 90 5 1 100 0.75 6 906 0 18 18 0 609 0 0
3 90 5 1 100 0.75 6 907 0 21 19 0 609 0 0
3 90 5 1 100 0.75 6 908 2 24 20 0 609 0 0
3 90 5 1 100 0.75 6 909 5 27 16 2 609 0 0
3 90 5 1 100 0.75 6 910 7 30 17 5 609 0 0
3 90 5 1 100 0.75 6 911 12 33 13 7 609 0 0
3 90 5 1 100 0.75 6 912 17 36 14 12 609 0 0
3 90 5 1 100 0.75 6 913 21 39 12 17 609 0 0
3 90 5 1 100 0.75 6 914 23 42 14 21 609 0 0
3 90 5 1 100 0.75 6 915 24 45 10 23 609 0 0
3 90 5 1 100 0.75 6 916 27 48 17 24 609 0 1
3 90 5 1 100 0.75 6 917 31 51 14 27 609 0 2
3 90 5 1 100 0.75 6 918 34 54 16 31 609 0 5
3 90 5 1 100 0.75 6 919 37 57 13 34 609 0 9
3 90 5 1 100 0.75 6 920 39 60 21 37 609 0 14
3 90 5 1 100 0.75 6 921 43 63 22 39 609 0 16
3 90 5 1 100 0.75 6 922 47 66 22 43 609 0 18
3 90 5 1 100 0.75 6 923 50 69 25 47 609 0 21
3 90 5 1 100 0.75 6 924 53 72 27 50 609 0 22
3 90 5 1 100 0.75 6 925 55 75 27 53 609 0 24
3 90 5 1 100 0.75 6 926 57 78 30 55 609 0 26
3 90 5 1 100 0.75 6 927 62 81 35 57 609 0 26
3 90 5 1 100 0.75 6 928 64 84 30 62 608 0 28
3 90 5 1 100 0.75 6 929 69 87 34 64 608 0 30
3 90 5 1 100 0.75 6 930 69 90 43 69 608 0 34
3 90 5 1 100 0.75 6 931 74 92 43 68 609 1 35
3 90 5 1 100 0.75 6 932 76 94 41 72 610 2 36
3 90 5 1 100 0.75 6 933 78 96 42 73 611 3 36
3 90 5 1 100 0.75 6 934 82 98 45 74 612 4 36
3 90 5 1 100 0.75 6 935 83 99 47 76 614 6 37
3 90 5 1 100 0.75 6 936 86 100 49 75 616 8 38
3 90 5 1 100 0.75 6 937 92 99 39 74 620 12 35
3 90 5 1 100 0.75 6 938 95 102 41 80 620 12 37
3 90 5 1 100 0.75 6 939 97 103 41 81 622 14 37
3 90 5 1 100 0.75 6 940 99 103 49 80 625 17 34
3 90 5 1 100 0.75 6 941 100 103 38 80 628 20 35
3 90 5 1 100 0.75 6 942 102 103 36 80 631 23 33
3 90 5 1 100 0.75 6 943 104 105 44 81 632 24 33
3 90 5 1 100 0.75 6 944 106 105 40 80 635 27 32
3 90 5 1 100 0.75 6 945 108 105 42 82 638 30 33
3 90 5 1 100 0.75 6 946 108 106 41 84 640 32 33
3 90 5 1 100 0.75 6 947 108 107 40 84 642 34 33
3 90 5 1 100 0.75 6 948 108 108 37 87 643 35 34
3 90 5 1 100 0.75 6 949 108 108 41 87 644 36 35
3 90 5 1 100 0.75 6 950 109 107 41 88 646 38 34
3 90 5 1 100 0.75 6 951 109 106 40 89 649 41 36
3 90 5 1 100 0.75 6 952 109 107 39 90 651 43 38
3 90 5 1 100 0.75 6 953 109 108 31 93 652 44 38
3 90 5 1 100 0.75 6 954 109 105 43 91 656 48 35
3 90 5 1 100 0.75 6 955 109 106 32 92 658 50 34
3 90 5 1 100 0.75 6 956 109 109 43 93 658 50 34
3 90 5 1 100 0.75 6 957 109 107 37 92 660 52 36
3 90 5 1 100 0.75 6 958 109 107 42 92 661 54 37
3 90 5 1 100 0.75 6 959 109 108 41 93 662 55 41
3 90 5 1 100 0.75 6 960 109 107 37 94 664 57 39
3 90 5 1 100 0.75 6 961 109 108 36 95 665 58 39
3 90 5 1 100 0.75 6 962 109 106 38 94 668 61 37
3 90 5 1 100 0.75 6 963 109 105 39 92 672 65 34
3 90 5 1 100 0.75 6 964 109 106 37 92 674 67 33
3 90 5 1 100 0.75 6 965 109 107 41 92 676 69 34
3 90 5 1 100 0.75 6 966 109 108 38 92 677 70 34
3 90 5 1 100 0.75 6 967 109 108 38 93 677 71 34
3 90 5 1 100 0.75 6 968 109 107 44 93 679 73 32
3 90 5 1 100 0.75 6 969 109 106 47 90 682 76 31
3 90 5 1 100 0.75 6 970 109 107 46 89 684 78 31
3 90 5 1 100 0.75 6 971 109 105 35 89 688 82 28
3 90 5 1 100 0.75 6 972 109 107 37 91 689 83 29
3 90 5 1 100 0.75 6 973 109 107 37 92 691 85 28
3 90 5 1 100 0.75 6 974 109 108 38 92 692 86 27
3 90 5 1 100 0.75 6 975 109 103 34 87 698 92 23
3 90 5 1 100 0.75 6 976 109 104 28 87 700 94 21
3 90 5 1 100 0.75 6 977 109 105 34 87 702 96 20
3 90 5 1 100 0.75 6 978 109 108 37 90 701 96 22
3 90 5 1 100 0.75 6 979 109 108 35 91 702 97 23
3 90 5 1 100 0.75 6 980 109 107 36 91 704 99 23
3 90 5 1 100 0.75 6 981 109 108 22 94 705 100 22
3 90 5 1 100 0.75 6 982 109 109 34 95 705 100 23
3 90 5 1 100 0.75 6 983 109 108 32 96 706 101 25
3 90 5 1 100 0.75 6 984 109 106 33 95 709 104 23
3 90 5 1 100 0.75 6 985 109 108 31 95 710 105 24
3 90 5 1 100 0.75 6 986 109 106 32 96 713 108 23
3 90 5 1 100 0.75 6 987 109 109 30 97 713 108 25
3 90 5 1 100 0.75 6 988 109 109 42 98 713 108 28
3 90 5 1 100 0.75 6 989 109 109 29 100 713 108 29
3 90 5 1 100 0.75 6 990 109 107 33 99 715 110 28
3 90 5 1 100 0.75 6 991 109 107 28 97 717 112 27
3 90 5 1 100 0.75 6 992 109 109 38 98 717 112 27
3 90 5 1 100 0.75 6 993 109 107 36 99 719 114 29
3 90 5 1 100 0.75 6 994 109 105 30 98 723 118 26
3 90 5 1 100 0.75 6 995 109 105 28 96 726 121 24
3 90 5 1 100 0.75 6 996 109 108 39 96 726 121 26
3 90 5 1 100 0.75 6 997 109 109 27 96 726 121 26
3 90 5 1 100 0.75 6 998 109 106 37 94 729 124 23
3 90 5 1 100 0.75 6 999 109 107 35 93 731 126 22
3 90 5 1 100 0.75 6 1000 109 108 29 94 732 127 22
3 90 5 1 100 0.75 6 1001 109 108 32 93 733 128 23
3 90 5 1 100 0.75 6 1002 109 108 36 96 734 129 23
3 90 5 1 100 0.75 6 1003 109 109 29 97 734 129 23
3 90 5 1 100 0.75 6 1004 109 104 35 96 738 134 18
3 90 5 1 100 0.75 6 1005 109 105 29 94 740 136 16
3 90 5 1 100 0.75 6 1006 109 106 33 93 741 138 17
3 90 5 1 100 0.75 6 1007 109 109 30 96 741 138 17
3 90 5 1 100 0.75 6 1008 109 108 34 97 742 139 18
3 90 5 1 100 0.75 6 1009 109 107 33 95 744 141 19
3 90 5 1 100 0.75 6 1010 109 108 33 96 745 142 19
3 90 5 1 100 0.75 6 1011 109 107 34 94 747 144 18
3 90 5 1 100 0.75 6 1012 109 107 30 93 749 146 17
3 90 5 1 100 0.75 6 1013 109 108 33 94 750 147 18
3 90 5 1 100 0.75 6 1014 109 109 29 98 750 147 19
3 90 5 1 100 0.75 6 1015 109 109 24 100 750 147 20
3 90 5 1 100 0.75 6 1016 109 109 29 100 750 147 21
3 90 5 1 100 0.75 6 1017 109 108 23 102 751 148 20
3 90 5 1 100 0.75 6 1018 109 106 32 99 754 151 17
3 90 5 1 100 0.75 6 1019 109 108 19 100 755 152 19
3 90 5 1 100 0.75 6 1020 109 109 27 103 755 152 19
3 90 5 1 100 0.75 6 1021 109 108 28 102 756 153 21
3 90 5 1 100 0.75 6 1022 109 109 24 103 756 153 22
3 90 5 1 100 0.75 6 1023 109 107 23 101 758 155 20
3 90 5 1 100 0.75 6 1024 109 107 29 99 760 157 20
3 90 5 1 100 0.75 6 1025 109 109 29 99 760 157 21
3 90 5 1 100 0.75 6 1026 109 107 22 99 762 159 21
3 90 5 1 100 0.75 6 1027 109 109 31 101 762 159 23
3 90 5 1 100 0.75 6 1028 109 108 27 101 762 160 23
3 90 5 1 100 0.75 6 1029 109 107 27 100 764 162 21
3 90 5 1 100 0.75 6 1030 109 107 26 98 766 164 19
3 90 5 1 100 0.75 6 1031 109 109 27 99 766 164 19
3 90 5 1 100 0.75 6 1032 109 106 22 97 769 167 16
3 90 5 1 100 0.75 6 1033 109 109 25 99 769 167 18
3 90 5 1 100 0.75 6 1034 109 108 32 99 770 168 18
3 90 5 1 100 0.75 6 1035 109 108 27 99 771 169 19
3 90 5 1 100 0.75 6 1036 109 108 23 98 772 170 18
3 90 5 1 100 0.75 6 1037 109 108 29 100 773 171 17
3 90 5 1 100 0.75 6 1038 109 105 26 96 776 175 14
3 90 5 1 100 0.75 6 1039 109 108 24 98 776 175 14
3 90 5 1 100 0.75 6 1040 109 108 28 99 777 176 15
3 90 5 1 100 0.75 6 1041 109 108 21 99 778 177 15
3 90 5 1 100 0.75 6 1042 109 109 26 99 778 177 16
3 90 5 1 100 0.75 6 1043 109 106 17 98 781 180 13
3 90 5 1 100 0.75 6 1044 109 108 29 97 782 181 13
3 90 5 1 100 0.75 6 1045 109 108 25 97 783 182 13
3 90 5 1 100 0.75 6 1046 109 108 30 99 784 183 14
3 90 5 1 100 0.75 6 1047 109 109 30 101 784 183 15
3 90 5 1 100 0.75 6 1048 109 109 23 102 784 183 16
3 90 5 1 100 0.75 6 1049 109 108 28 102 784 184 15
3 90 5 1 100 0.75 6 1050 109 109 25 102 784 184 17
3 90 5 1 100 0.75 6 1050 109 109 109 102 801 184 17
3 90 5 1 100 0.75 6 1080 109 109 109 102 620 184 17
3 90 5 1 100 0.75 7 1081 0 3 3 0 620 0 0
3 90 5 1 100 0.75 7 1082 0 6 6 0 620 0 0
3 90 5 1 100 0.75 7 1083 0 9 9 0 620 0 0
3 90 5 1 100 0.75 7 1084 0 12 12 0 620 0 0
3 90 5 1 100 0.75 7 1085 0 15 13 0 620 0 0
3 90 5 1 100 0.75 7 1086 0 18 15 0 620 0 0
3 90 5 1 100 0.75 7 1087 0 21 16 0 620 0 0
3 90 5 1 100 0.75 7 1088 3 24 17 0 620 0 0
3 90 5 1 100 0.75 7 1089 6 27 16 3 620 0 0
3 90 5 1 100 0.75 7 1090 9 30 19 6 620 0 0
3 90 5 1 100 0.75 7 1091 14 33 12 9 620 0 0
3 90 5 1 100 0.75 7 1092 18 36 11 14 620 0 0
3 90 5 1 100 0.75 7 1093 19 39 14 18 620 0 0
3 90 5 1 100 0.75 7 1094 21 42 9 19 620 0 0
3 90 5 1 100 0.75 7 1095 26 45 14 21 620 0 1
3 90 5 1 100 0.75 7 1096 27 48 14 26 619 0 4
3 90 5 1 100 0.75 7 1097 31 51 12 27 619 0 5
3 90 5 1 100 0.75 7 1098 35 54 17 31 619 0 10
3 90 5 1 100 0.75 7 1099 36 57 20 35 619 0 13
3 90 5 1 100 0.75 7 1100 41 60 22 36 619 0 15
3 90 5 1 100 0.75 7 1101 43 63 26 41 619 0 18
3 90 5 1 100 0.75 7 1102 47 66 27 43 619 0 18
3 90 5 1 100 0.75 7 1103 50 69 25 47 619 0 21
3 90 5 1 100 0.75 7 1104 52 72 35 50 619 0 24
3 90 5 1 100 0.75 7 1105 56 75 23 52 619 0 25
3 90 5 1 100 0.75 7 1106 58 78 32 56 619 0 28
3 90 5 1 100 0.75 7 1107 60 81 29 58 619 0 31
3 90 5 1 100 0.75 7 1108 64 84 31 60 619 0 34
3 90 5 1 100 0.75 7 1109 66 87 36 64 619 0 35
3 90 5 1 100 0.75 7 1110 71 90 42 66 619 0 36
3 90 5 1 100 0.75 7 1111 74 93 42 71 619 0 39
3 90 5 1 100 0.75 7 1112 76 96 43 74 619 0 41
3 90 5 1 100 0.75 7 1113 80 97 41 74 621 2 42
3 90 5 1 100 0.75 7 1114 83 97 44 75 624 5 40
3 90 5 1 100 0.75 7 1115 86 97 44 75 627 8 39
3 90 5 1 100 0.75 7 1116 88 96 41 74 631 12 38
3 90 5 1 100 0.75 7 1117 90 99 41 76 631 12 42
3 90 5 1 100 0.75 7 1118 94 96 38 72 637 18 40
3 90 5 1 100 0.75 7 1119 98 96 37 73 640 21 39
3 90 5 1 100 0.75 7 1120 100 97 35 75 642 23 39
3 90 5 1 100 0.75 7 1121 103 98 44 75 644 25 39
3 90 5 1 100 0.75 7 1122 104 101 39 80 644 25 40
3 90 5 1 100 0.75 7 1123 105 101 36 78 647 28 39
3 90 5 1 100 0.75 7 1124 107 100 36 76 651 32 37
3 90 5 1 100 0.75 7 1125 107 101 44 80 653 34 39
3 90 5 1 100 0.75 7 1126 107 103 38 80 654 35 40
3 90 5 1 100 0.75 7 1127 107 105 47 82 655 36 40
3 90 5 1 100 0.75 7 1128 108 104 41 80 659 40 39
3 90 5 1 100 0.75 7 1129 108 106 47 85 660 41 38
3 90 5 1 100 0.75 7 1130 109 106 38 82 663 44 35
3 90 5 1 100 0.75 7 1131 109 109 44 86 663 44 38
3 90 5 1 100 0.75 7 1132 109 107 42 86 665 46 38
3 90 5 1 100 0.75 7 1133 109 105 36 86 669 50 36
3 90 5 1 100 0.75 7 1134 109 108 47 88 668 50 37
3 90 5 1 100 0.75 7 1135 109 108 40 91 669 51 39
3 90 5 1 100 0.75 7 1136 109 105 47 91 673 55 37
3 90 5 1 100 0.75 7 1137 109 106 39 91 675 57 37
3 90 5 1 100 0.75 7 1138 109 105 46 90 679 61 34
3 90 5 1 100 0.75 7 1139 109 106 45 90 681 63 35
3 90 5 1 100 0.75 7 1140 109 107 48 89 683 65 37
3 90 5 1 100 0.75 7 1141 109 106 46 88 686 68 35
3 90 5 1 100 0.75 7 1142 109 108 45 89 687 69 38
3 90 5 1 100 0.75 7 1143 109 107 49 88 689 71 39
3 90 5 1 100 0.75 7 1144 109 104 53 86 694 76 36
3 90 5 1 100 0.75 7 1145 109 106 36 88 695 77 36
3 90 5 1 100 0.75 7 1146 109 107 43 88 697 79 34
3 90 5 1 100 0.75 7 1147 109 108 41 90 698 80 36
3 90 5 1 100 0.75 7 1148 109 108 48 92 699 81 35
3 90 5 1 100 0.75 7 1149 109 108 39 92 700 82 35
3 90 5 1 100 0.75 7 1150 109 108 39 94 701 83 34
3 90 5 1 100 0.75 7 1151 109 104 37 91 706 88 32
3 90 5 1 100 0.75 7 1152 109 107 41 95 706 88 35
3 90 5 1 100 0.75 7 1153 109 106 32 93 709 91 33
3 90 5 1 100 0.75 7 1154 109 107 43 94 711 93 34
3 90 5 1 100 0.75 7 1155 109 104 36 91 716 98 32
3 90 5 1 100 0.75 7 1156 109 105 37 89 718 100 31
3 90 5 1 100 0.75 7 1157 109 107 36 89 719 101 33
3 90 5 1 100 0.75 7 1158 109 107 41 88 721 103 33
3 90 5 1 100 0.75 7 1159 109 109 37 89 721 103 36
3 90 5 1 100 0.75 7 1160 109 104 45 87 726 108 32
3 90 5 1 100 0.75 7 1161 109 106 39 89 727 109 32
3 90 5 1 100 0.75 7 1162 109 105 41 88 731 113 28
3 90 5 1 100 0.75 7 1163 109 108 37 90 731 113 28
3 90 5 1 100 0.75 7 1164 109 107 44 92 733 115 27
3 90 5 1 100 0.75 7 1165 109 108 31 92 734 116 27
3 90 5 1 100 0.75 7 1166 109 109 36 94 734 116 28
3 90 5 1 100 0.75 7 1167 109 109 39 96 733 116 31
3 90 5 1 100 0.75 7 1168 109 106 38 94 736 119 30
3 90 5 1 100 0.75 7 1169 109 108 38 95 737 120 31
3 90 5 1 100 0.75 7 1170 109 108 43 98 738 121 36
3 90 5 1 100 0.75 7 1171 109 106 41 97 741 124 34
3 90 5 1 100 0.75 7 1172 109 104 34 92 746 129 29
3 90 5 1 100 0.75 7 1173 109 105 35 93 748 131 29
3 90 5 1 100 0.75 7 1174 109 106 40 91 750 133 30
3 90 5 1 100 0.75 7 1175 109 107 37 90 752 135 28
3 90 5 1 100 0.75 7 1176 109 108 34 91 753 136 30
3 90 5 1 100 0.75 7 1177 109 107 42 90 755 138 30
3 90 5 1 100 0.75 7 1178 109 108 42 91 756 139 30
3 90 5 1 100 0.75 7 1179 109 108 37 92 757 140 30
3 90 5 1 100 0.75 7 1180 109 107 40 93 759 142 30
3 90 5 1 100 0.75 7 1181 109 108 33 96 760 143 29
3 90 5 1 100 0.75 7 1182 109 108 30 95 761 144 30
3 90 5 1 100 0.75 7 1183 109 109 28 98 761 144 31
3 90 5 1 100 0.75 7 1184 109 107 35 99 763 146 32
3 90 5 1 100 0.75 7 1185 109 106 32 97 766 149 29
3 90 5 1 100 0.75 7 1186 109 109 31 99 766 149 32
3 90 5 1 100 0.75 7 1187 109 106 38 96 769 152 32
3 90 5 1 100 0.75 7 1188 109 106 39 95 772 155 30
3 90 5 1 100 0.75 7 1189 109 107 40 94 774 157 29
3 90 5 1 100 0.75 7 1190 109 106 36 93 777 160 29
3 90 5 1 100 0.75 7 1191 109 107 42 91 779 162 28
3 90 5 1 100 0.75 7 1192 109 107 37 89 781 164 27
3 90 5 1 100 0.75 7 1193 109 109 41 93 781 164 27
3 90 5 1 100 0.75 7 1194 109 109 34 94 781 164 28
3 90 5 1 100 0.75 7 1195 109 105 37 92 784 168 25
3 90 5 1 100 0.75 7 1196 109 106 34 91 786 170 23
3 90 5 1 100 0.75 7 1197 109 107 31 92 788 172 23
3 90 5 1 100 0.75 7 1198 109 108 36 92 789 173 22
3 90 5 1 100 0.75 7 1199 109 106 31 92 792 176 19
3 90 5 1 100 0.75 7 1200 109 109 32 97 792 176 21
3 90 5 1 100 0.75 7 1201 109 107 38 95 794 178 20
3 90 5 1 100 0.75 7 1202 109 108 32 94 795 179 21
3 90 5 1 100 0.75 7 1203 109 107 29 94 797 181 20
3 90 5 1 100 0.75 7 1204 109 105 33 93 801 185 19
3 90 5 1 100 0.75 7 1205 109 108 31 96 801 185 19
3 90 5 1 100 0.75 7 1206 109 108 35 95 802 186 23
3 90 5 1 100 0.75 7 1207 109 107 37 95 804 188 22
3 90 5 1 100 0.75 7 1208 109 109 36 97 804 188 22
3 90 5 1 100 0.75 7 1209 109 108 32 96 805 189 23
3 90 5 1 100 0.75 7 1210 109 109 25 97 804 189 24
3 90 5 1 100 0.75 7 1211 109 107 39 98 806 191 25
3 90 5 1 100 0.75 7 1212 109 109 32 99 806 191 26
3 90 5 1 100 0.75 7 1213 109 108 27 102 807 192 26
3 90 5 1 100 0.75 7 1214 109 108 36 102 808 193 26
3 90 5 1 100 0.75 7 1215 109 107 33 102 810 195 26
3 90 5 1 100 0.75 7 1216 109 109 35 102 810 195 26
3 90 5 1 100 0.75 7 1217 109 108 36 101 811 196 26
3 90 5 1 100 0.75 7 1218 109 108 31 101 812 197 26
3 90 5 1 100 0.75 7 1219 109 106 37 99 815 200 23
3 90 5 1 100 0.75 7 1220 109 105 28 96 819 204 21
3 90 5 1 100 0.75 7 1221 109 106 28 94 821 206 19
3 90 5 1 100 0.75 7 1222 109 107 30 94 823 208 17
3 90 5 1 100 0.75 7 1223 109 108 34 94 824 209 16
3 90 5 1 100 0.75 7 1224 109 108 33 94 825 210 15
3 90 5 1 100 0.75 7 1225 109 108 38 93 825 211 15
3 90 5 1 100 0.75 7 1226 109 109 28 95 825 211 16
3 90 5 1 100 0.75 7 1227 109 108 34 96 826 212 15
3 90 5 1 100 0.75 7 1228 109 109 29 99 826 212 16
3 90 5 1 100 0.75 7 1229 109 108 22 98 827 213 15
3 90 5 1 100 0.75 7 1230 109 106 26 101 830 216 13
3 90 5 1 100 0.75 7 1230 109 106 106 101 843 216 13
3 90 5 1 100 0.75 7 1260 109 106 106 101 638 216 13
3 90 5 1 100 0.75 8 1261 0 3 3 0 638 0 0
3 90 5 1 100 0.75 8 1262 0 6 6 0 638 0 0
3 90 5 1 100 0.75 8 1263 0 9 9 0 638 0 0
3 90 5 1 100 0.75 8 1264 0 12 12 0 638 0 0
3 90 5 1 100 0.75 8 1265 0 15 14 0 638 0 0
3 90 5 1 100 0.75 8 1266 0 18 18 0 638 0 0
3 90 5 1 100 0.75 8 1267 1 21 18 0 638 0 0
3 90 5 1 100 0.75 8 1268 4 24 16 1 638 0 0
3 90 5 1 100 0.75 8 1269 5 27 17 4 638 0 0
3 90 5 1 100 0.75 8 1270 9 30 15 5 638 0 0
3 90 5 1 100 0.75 8 1271 14 33 16 9 638 0 0
3 90 5 1 100 0.75 8 1272 15 36 17 14 638 0 0
3 90 5 1 100 0.75 8 1273 19 39 19 15 638 0 0
3 90 5 1 100 0.75 8 1274 23 42 11 19 637 0 1
3 90 5 1 100 0.75 8 1275 26 45 13 23 637 0 1
3 90 5 1 100 0.75 8 1276 28 48 15 26 637 0 2
3 90 5 1 100 0.75 8 1277 31 51 13 28 637 0 3
3 90 5 1 100 0.75 8 1278 34 54 19 31 637 0 5
3 90 5 1 100 0.75 8 1279 36 57 15 34 637 0 7
3 90 5 1 100 0.75 8 1280 40 60 15 36 637 0 9
3 90 5 1 100 0.75 8 1281 43 63 22 40 637 0 11
3 90 5 1 100 0.75 8 1282 46 66 24 43 637 0 15
3 90 5 1 100 0.75 8 1283 49 69 28 46 637 0 18
3 90 5 1 100 0.75 8 1284 51 72 30 49 637 0 20
3 90 5 1 100 0.75 8 1285 57 75 27 51 637 0 21
3 90 5 1 100 0.75 8 1286 59 78 32 57 637 0 22
3 90 5 1 100 0.75 8 1287 61 81 27 59 637 0 23
3 90 5 1 100 0.75 8 1288 64 84 35 61 637 0 27
3 90 5 1 100 0.75 8 1289 67 87 31 64 637 0 31
3 90 5 1 100 0.75 8 1290 72 90 28 67 637 0 32
3 90 5 1 100 0.75 8 1291 73 93 43 72 637 0 33
3 90 5 1 100 0.75 8 1292 77 96 38 73 636 0 36
3 90 5 1 100 0.75 8 1293 77 97 47 75 638 2 38
3 90 5 1 100 0.75 8 1294 81 98 39 73 640 4 37
3 90 5 1 100 0.75 8 1295 85 101 36 77 639 4 39
3 90 5 1 100 0.75 8 1296 89 103 46 80 640 5 40
3 90 5 1 100 0.75 8 1297 90 104 36 82 642 7 39
3 90 5 1 100 0.75 8 1298 94 103 48 79 646 11 39
3 90 5 1 100 0.75 8 1299 96 104 39 81 648 13 40
3 90 5 1 100 0.75 8 1300 100 104 44 80 651 16 38
3 90 5 1 100 0.75 8 1301 103 107 42 84 651 16 40
3 90 5 1 100 0.75 8 1302 104 104 46 82 656 21 37
3 90 5 1 100 0.75 8 1303 108 105 40 82 658 23 39
3 90 5 1 100 0.75 8 1304 108 103 39 82 663 28 37
3 90 5 1 100 0.75 8 1305 109 106 39 84 663 28 38
3 90 5 1 100 0.75 8 1306 109 109 34 87 663 28 40
3 90 5 1 100 0.75 8 1307 109 106 44 87 666 31 39
3 90 5 1 100 0.75 8 1308 109 105 42 88 670 35 39
3 90 5 1 100 0.75 8 1309 109 106 38 88 672 37 38
3 90 5 1 100 0.75 8 1310 109 109 42 89 672 37 41
3 90 5 1 100 0.75 8 1311 109 109 43 92 672 37 44
3 90 5 1 100 0.75 8 1312 109 105 40 91 676 41 42
3 90 5 1 100 0.75 8 1313 109 106 38 94 678 43 42
3 90 5 1 100 0.75 8 1314 109 105 39 90 682 47 42
3 90 5 1 100 0.75 8 1315 109 106 37 89 684 49 44
3 90 5 1 100 0.75 8 1316 109 107 38 90 686 51 43
3 90 5 1 100 0.75 8 1317 109 107 44 91 688 53 44
3 90 5 1 100 0.75 8 1318 109 108 44 92 689 54 44
3 90 5 1 100 0.75 8 1319 109 104 36 87 694 59 43
3 90 5 1 100 0.75 8 1320 109 104 35 84 697 62 42
3 90 5 1 100 0.75 8 1321 109 105 35 86 699 64 40
3 90 5 1 100 0.75 8 1322 109 105 32 87 702 67 40
3 90 5 1 100 0.75 8 1323 109 105 32 86 705 70 37
3 90 5 1 100 0.75 8 1324 109 106 42 87 707 72 38
3 90 5 1 100 0.75 8 1325 109 107 33 86 709 74 37
3 90 5 1 100 0.75 8 1326 109 109 35 89 709 74 37
3 90 5 1 100 0.75 8 1327 109 107 36 90 711 76 37
3 90 5 1 100 0.75 8 1328 109 108 38 91 711 77 37
3 90 5 1 100 0.75 8 1329 109 105 32 88 715 81 37
3 90 5 1 100 0.75 8 1330 109 103 41 86 720 86 33
3 90 5 1 100 0.75 8 1331 109 103 34 86 723 89 32
3 90 5 1 100 0.75 8 1332 109 103 35 87 726 92 32
3 90 5 1 100 0.75 8 1333 109 103 36 86 729 95 30
3 90 5 1 100 0.75 8 1334 109 103 30 85 732 98 29
3 90 5 1 100 0.75 8 1335 109 105 29 85 733 99 30
3 90 5 1 100 0.75 8 1336 109 106 33 85 735 101 30
3 90 5 1 100 0.75 8 1337 109 108 38 84 736 102 31
3 90 5 1 100 0.75 8 1338 109 109 33 88 736 102 32
3 90 5 1 100 0.75 8 1339 109 107 33 90 738 104 33
3 90 5 1 100 0.75 8 1340 109 107 32 91 740 106 33
3 90 5 1 100 0.75 8 1341 109 108 40 94 741 107 33
3 90 5 1 100 0.75 8 1342 109 108 34 94 742 108 33
3 90 5 1 100 0.75 8 1343 109 107 34 96 744 110 31
3 90 5 1 100 0.75 8 1344 109 109 36 97 743 110 33
3 90 5 1 100 0.75 8 1345 109 106 34 97 746 113 30
3 90 5 1 100 0.75 8 1346 109 106 26 95 749 116 31
3 90 5 1 100 0.75 8 1347 109 108 37 95 750 117 32
3 90 5 1 100 0.75 8 1348 109 105 36 92 754 121 30
3 90 5 1 100 0.75 8 1349 109 107 30 93 755 122 31
3 90 5 1 100 0.75 8 1350 109 108 31 94 756 123 32
3 90 5 1 100 0.75 8 1351 109 106 33 92 758 126 31
3 90 5 1 100 0.75 8 1352 109 108 33 92 759 127 30
3 90 5 1 100 0.75 8 1353 109 107 35 91 761 129 28
3 90 5 1 100 0.75 8 1354 109 107 31 93 763 131 28
3 90 5 1 100 0.75 8 1355 109 105 39 90 767 135 24
3 90 5 1 100 0.75 8 1356 109 107 31 91 768 136 25
3 90 5 1 100 0.75 8 1357 109 105 32 89 772 140 21
3 90 5 1 100 0.75 8 1358 109 108 33 92 772 140 22
3 90 5 1 100 0.75 8 1359 109 108 30 91 773 141 22
3 90 5 1 100 0.75 8 1360 109 109 38 95 773 141 23
3 90 5 1 100 0.75 8 1361 109 106 30 92 776 144 24
3 90 5 1 100 0.75 8 1362 109 109 31 95 776 144 24
3 90 5 1 100 0.75 8 1363 109 107 26 97 778 146 23
3 90 5 1 100 0.75 8 1364 109 108 30 98 779 147 25
3 90 5 1 100 0.75 8 1365 109 105 27 97 783 151 22
3 90 5 1 100 0.75 8 1366 109 106 27 96 785 153 22
3 90 5 1 100 0.75 8 1367 109 109 30 97 785 153 24
3 90 5 1 100 0.75 8 1368 109 108 26 96 786 154 24
3 90 5 1 100 0.75 8 1369 109 107 31 95 788 156 25
3 90 5 1 100 0.75 8 1370 109 108 32 96 789 157 27
3 90 5 1 100 0.75 8 1371 109 109 44 97 789 157 28
3 90 5 1 100 0.75 8 1372 109 108 34 97 790 158 27
3 90 5 1 100 0.75 8 1373 109 108 31 100 791 159 27
3 90 5 1 100 0.75 8 1374 109 107 34 100 793 161 26
3 90 5 1 100 0.75 8 1375 109 107 31 98 795 163 24
3 90 5 1 100 0.75 8 1376 109 107 41 98 797 165 23
3 90 5 1 100 0.75 8 1377 109 108 24 99 798 166 24
3 90 5 1 100 0.75 8 1378 109 108 31 98 799 167 24
3 90 5 1 100 0.75 8 1379 109 107 29 97 801 169 23
3 90 5 1 100 0.75 8 1380 109 108 36 97 802 170 24
3 90 5 1 100 0.75 8 1381 109 106 35 94 805 173 22
3 90 5 1 100 0.75 8 1382 109 109 32 94 804 173 23
3 90 5 1 100 0.75 8 1383 109 108 37 97 805 174 22
3 90 5 1 100 0.75 8 1384 109 106 26 94 808 177 20
3 90 5 1 100 0.75 8 1385 109 105 32 93 812 181 17
3 90 5 1 100 0.75 8 1386 109 107 28 93 813 182 16
3 90 5 1 100 0.75 8 1387 109 108 35 95 814 183 16
3 90 5 1 100 0.75 8 1388 109 107 29 93 816 185 14
3 90 5 1 100 0.75 8 1389 109 108 29 94 817 186 13
3 90 5 1 100 0.75 8 1390 109 108 31 95 818 187 13
3 90 5 1 100 0.75 8 1391 109 109 39 96 818 187 13
3 90 5 1 100 0.75 8 1392 109 109 29 97 818 187 16
3 90 5 1 100 0.75 8 1393 109 108 30 100 819 188 15
3 90 5 1 100 0.75 8 1394 109 109 33 103 819 188 16
3 90 5 1 100 0.75 8 1395 109 106 29 101 822 191 13
3 90 5 1 100 0.75 8 1396 109 108 26 100 823 192 14
3 90 5 1 100 0.75 8 1397 109 108 24 101 824 193 14
3 90 5 1 100 0.75 8 1398 109 109 27 102 824 193 14
3 90 5 1 100 0.75 8 1399 109 108 29 102 825 194 16
3 90 5 1 100 0.75 8 1400 109 109 35 102 825 194 19
3 90 5 1 100 0.75 8 1401 109 106 28 100 828 197 16
3 90 5 1 100 0.75 8 1402 109 109 35 100 828 197 17
3 90 5 1 100 0.75 8 1403 109 108 27 100 829 198 16
3 90 5 1 100 0.75 8 1404 109 109 33 102 829 198 18
3 90 5 1 100 0.75 8 1405 109 109 32 103 829 198 19
3 90 5 1 100 0.75 8 1406 109 108 33 103 830 199 18
3 90 5 1 100 0.75 8 1407 109 109 29 103 830 199 18
3 90 5 1 100 0.75 8 1408 109 107 37 102 832 201 16
3 90 5 1 100 0.75 8 1409 109 109 25 104 831 201 16
3 90 5 1 100 0.75 8 1410 109 109 30 105 831 201 16
3 90 5 1 100 0.75 8 1410 109 109 109 105 847 201 16
3 90 5 1 100 0.75 8 1440 109 109 109 105 640 201 16
3 90 5 1 100 0.75 9 1441 0 3 3 0 640 0 0
3 90 5 1 100 0.75 9 1442 0 6 5 0 640 0 0
3 90 5 1 100 0.75 9 1443 0 9 9 0 640 0 0
3 90 5 1 100 0.75 9 1444 0 12 12 0 640 0 0
3 90 5 1 100 0.75 9 1445 0 15 14 0 640 0 0
3 90 5 1 100 0.75 9 1446 0 18 18 0 640 0 0
3 90 5 1 100 0.75 9 1447 1 21 19 0 640 0 0
3 90 5 1 100 0.75 9 1448 2 24 19 1 640 0 0
3 90 5 1 100 0.75 9 1449 3 27 18 2 640 0 0
3 90 5 1 100 0.75 9 1450 7 30 18 3 640 0 0
3 90 5 1 100 0.75 9 1451 15 33 11 7 640 0 0
3 90 5 1 100 0.75 9 1452 16 36 10 15 640 0 0
3 90 5 1 100 0.75 9 1453 18 39 15 16 640 0 0
3 90 5 1 100 0.75 9 1454 23 42 13 18 640 0 0
3 90 5 1 100 0.75 9 1455 27 45 12 23 640 0 1
3 90 5 1 100 0.75 9 1456 28 48 11 27 639 0 2
3 90 5 1 100 0.75 9 1457 32 51 14 28 639 0 6
3 90 5 1 100 0.75 9 1458 33 54 15 32 639 0 9
3 90 5 1 100 0.75 9 1459 36 57 22 33 639 0 12
3 90 5 1 100 0.75 9 1460 41 60 21 36 639 0 14
3 90 5 1 100 0.75 9 1461 42 63 23 41 639 0 16
3 90 5 1 100 0.75 9 1462 45 66 24 42 639 0 21
3 90 5 1 100 0.75 9 1463 49 69 25 45 639 0 22
3 90 5 1 100 0.75 9 1464 53 72 32 49 639 0 25
3 90 5 1 100 0.75 9 1465 55 75 27 53 639 0 27
3 90 5 1 100 0.75 9 1466 58 78 35 55 639 0 28
3 90 5 1 100 0.75 9 1467 61 81 37 58 639 0 29
3 90 5 1 100 0.75 9 1468 65 84 37 61 639 0 33
3 90 5 1 100 0.75 9 1469 66 87 31 65 639 0 36
3 90 5 1 100 0.75 9 1470 70 89 36 65 640 1 37
3 90 5 1 100 0.75 9 1471 73 92 25 69 640 1 39
3 90 5 1 100 0.75 9 1472 77 94 38 71 641 2 39
3 90 5 1 100 0.75 9 1473 79 97 41 75 641 2 41
3 90 5 1 100 0.75 9 1474 83 97 40 74 644 5 39
3 90 5 1 100 0.75 9 1475 86 96 40 74 648 9 39
3 90 5 1 100 0.75 9 1476 87 97 37 75 649 11 38
3 90 5 1 100 0.75 9 1477 91 97 39 73 652 14 37
3 90 5 1 100 0.75 9 1478 94 96 37 73 656 18 36
3 90 5 1 100 0.75 9 1479 97 98 35 75 657 19 38
3 90 5 1 100 0.75 9 1480 101 98 38 75 660 22 35
3 90 5 1 100 0.75 9 1481 102 98 45 76 663 25 34
3 90 5 1 100 0.75 9 1482 104 100 36 76 664 26 34
3 90 5 1 100 0.75 9 1483 105 101 38 79 666 28 33
3 90 5 1 100 0.75 9 1484 106 100 36 79 670 32 30
3 90 5 1 100 0.75 9 1485 106 102 37 80 671 33 33
3 90 5 1 100 0.75 9 1486 107 104 38 81 672 34 36
3 90 5 1 100 0.75 9 1487 107 104 43 82 675 37 35
3 90 5 1 100 0.75 9 1488 108 105 38 81 677 39 36
3 90 5 1 100 0.75 9 1489 109 108 38 86 676 39 36
3 90 5 1 100 0.75 9 1490 109 108 38 87 677 40 40
3 90 5 1 100 0.75 9 1491 109 105 35 85 681 44 38
3 90 5 1 100 0.75 9 1492 109 105 40 85 684 47 37
3 90 5 1 100 0.75 9 1493 109 106 47 87 686 49 35
3 90 5 1 100 0.75 9 1494 109 107 44 88 687 51 37
3 90 5 1 100 0.75 9 1495 109 106 37 88 690 54 35
3 90 5 1 100 0.75 9 1496 109 108 47 91 691 55 38
3 90 5 1 100 0.75 9 1497 109 108 44 91 692 56 39
3 90 5 1 100 0.75 9 1498 109 107 45 91 694 58 37
3 90 5 1 100 0.75 9 1499 109 109 42 92 694 58 42
3 90 5 1 100 0.75 9 1500 109 107 48 94 696 60 43
3 90 5 1 100 0.75 9 1501 109 105 32 94 699 64 41
3 90 5 1 100 0.75 9 1502 109 104 36 90 703 68 39
3 90 5 1 100 0.75 9 1503 109 105 35 90 705 70 41
3 90 5 1 100 0.75 9 1504 109 107 44 93 706 71 42
3 90 5 1 100 0.75 9 1505 109 105 35 90 710 75 39
3 90 5 1 100 0.75 9 1506 109 107 44 89 711 76 42
3 90 5 1 100 0.75 9 1507 109 106 34 88 714 79 41
3 90 5 1 100 0.75 9 1508 109 106 44 85 717 82 41
3 90 5 1 100 0.75 9 1509 109 108 45 88 718 83 41
3 90 5 1 100 0.75 9 1510 109 106 34 87 721 86 40
3 90 5 1 100 0.75 9 1511 109 109 38 91 721 86 41
3 90 5 1 100 0.75 9 1512 109 107 37 90 723 88 39
3 90 5 1 100 0.75 9 1513 109 108 40 93 724 89 39
3 90 5 1 100 0.75 9 1514 109 107 33 93 726 91 38
3 90 5 1 100 0.75 9 1515 109 104 39 88 731 96 36
3 90 5 1 100 0.75 9 1516 109 105 33 91 733 98 35
3 90 5 1 100 0.75 9 1517 109 104 34 89 737 102 33
3 90 5 1 100 0.75 9 1518 109 106 31 90 738 103 35
3 90 5 1 100 0.75 9 1519 109 105 37 88 742 107 32
3 90 5 1 100 0.75 9 1520 109 104 28 85 746 111 30
3 90 5 1 100 0.75 9 1521 109 105 33 84 748 113 30
3 90 5 1 100 0.75 9 1522 109 107 35 86 749 114 33
3 90 5 1 100 0.75 9 1523 109 106 38 86 752 117 32
3 90 5 1 100 0.75 9 1524 109 108 41 86 753 118 32
3 90 5 1 100 0.75 9 1525 109 107 38 88 755 120 31
3 90 5 1 100 0.75 9 1526 109 105 32 86 759 124 28
3 90 5 1 100 0.75 9 1527 109 105 35 86 761 127 25
3 90 5 1 100 0.75 9 1528 109 107 35 88 762 128 25
3 90 5 1 100 0.75 9 1529 109 109 38 91 762 128 28
3 90 5 1 100 0.75 9 1530 109 109 34 93 762 128 29
3 90 5 1 100 0.75 9 1531 109 109 35 95 762 128 31
3 90 5 1 100 0.75 9 1532 109 109 38 98 762 128 32
3 90 5 1 100 0.75 9 1533 109 105 37 95 766 132 30
3 90 5 1 100 0.75 9 1534 109 105 31 96 769 135 28
3 90 5 1 100 0.75 9 1535 109 106 36 96 771 137 30
3 90 5 1 100 0.75 9 1536 109 108 40 98 772 138 30
3 90 5 1 100 0.75 9 1537 109 106 35 96 775 141 29
3 90 5 1 100 0.75 9 1538 109 106 34 93 778 144 26
3 90 5 1 100 0.75 9 1539 109 109 41 93 778 144 28
3 90 5 1 100 0.75 9 1540 109 107 35 91 780 146 29
3 90 5 1 100 0.75 9 1541 109 106 42 91 783 149 29
3 90 5 1 100 0.75 9 1542 109 108 41 90 784 150 28
3 90 5 1 100 0.75 9 1543 109 108 45 93 785 151 29
3 90 5 1 100 0.75 9 1544 109 109 32 95 785 151 29
3 90 5 1 100 0.75 9 1545 109 108 32 96 786 152 28
3 90 5 1 100 0.75 9 1546 109 108 32 98 787 153 27
3 90 5 1 100 0.75 9 1547 109 107 35 98 789 155 26
3 90 5 1 100 0.75 9 1548 109 106 24 96 792 158 24
3 90 5 1 100 0.75 9 1549 109 108 32 96 793 159 24
3 90 5 1 100 0.75 9 1550 109 108 27 99 794 160 23
3 90 5 1 100 0.75 9 1551 109 108 32 99 795 161 25
3 90 5 1 100 0.75 9 1552 109 108 40 98 796 162 25
3 90 5 1 100 0.75 9 1553 109 106 37 95 799 165 25
3 90 5 1 100 0.75 9 1554 109 109 33 97 799 165 26
3 90 5 1 100 0.75 9 1555 109 104 30 93 804 170 21
3 90 5 1 100 0.75 9 1556 109 106 32 95 805 171 23
3 90 5 1 100 0.75 9 1557 109 107 32 95 806 173 22
3 90 5 1 100 0.75 9 1558 109 107 30 94 808 175 20
3 90 5 1 100 0.75 9 1559 109 105 32 90 812 179 16
3 90 5 1 100 0.75 9 1560 109 107 32 90 813 180 17
3 90 5 1 100 0.75 9 1561 109 109 31 91 813 180 17
3 90 5 1 100 0.75 9 1562 109 109 37 94 813 180 21
3 90 5 1 100 0.75 9 1563 109 108 28 95 814 181 20
3 90 5 1 100 0.75 9 1564 109 109 32 98 814 181 22
3 90 5 1 100 0.75 9 1565 109 109 29 99 814 181 22
3 90 5 1 100 0.75 9 1566 109 106 27 99 817 184 20
3 90 5 1 100 0.75 9 1567 109 109 28 101 817 184 20
3 90 5 1 100 0.75 9 1568 109 109 31 105 817 184 22
3 90 5 1 100 0.75 9 1569 109 106 27 102 820 187 20
3 90 5 1 100 0.75 9 1570 109 106 31 99 823 190 18
3 90 5 1 100 0.75 9 1571 109 108 30 98 824 191 20
3 90 5 1 100 0.75 9 1572 109 108 24 98 825 192 19
3 90 5 1 100 0.75 9 1573 109 106 37 95 828 195 18
3 90 5 1 100 0.75 9 1574 109 109 27 97 828 195 22
3 90 5 1 100 0.75 9 1575 109 109 31 98 828 195 24
3 90 5 1 100 0.75 9 1576 109 109 29 98 828 195 24
3 90 5 1 100 0.75 9 1577 109 108 29 99 829 196 23
3 90 5 1 100 0.75 9 1578 109 108 26 101 830 197 22
3 90 5 1 100 0.75 9 1579 109 108 28 102 831 198 21
3 90 5 1 100 0.75 9 1580 109 108 28 101 832 199 21
3 90 5 1 100 0.75 9 1581 109 107 30 100 834 201 20
3 90 5 1 100 0.75 9 1582 109 107 31 101 836 203 19
3 90 5 1 100 0.75 9 1583 109 108 29 100 837 204 19
3 90 5 1 100 0.75 9 1584 109 108 32 99 838 205 19
3 90 5 1 100 0.75 9 1585 109 108 32 98 839 206 21
3 90 5 1 100 0.75 9 1586 109 108 26 98 840 207 21
3 90 5 1 100 0.75 9 1587 109 109 38 99 840 207 22
3 90 5 1 100 0.75 9 1588 109 108 29 98 841 208 21
3 90 5 1 100 0.75 9 1589 109 107 32 100 843 210 20
3 90 5 1 100 0.75 9 1590 109 107 23 99 845 212 18
3 90 5 1 100 0.75 9 1590 109 107 107 99 863 212 18
3 90 5 1 100 0.75 9 1620 109 107 107 99 670 212 18
3 90 5 1 100 0.75 10 1621 0 3 3 0 670 0 0
3 90 5 1 100 0.75 10 1622 0 6 6 0 670 0 0
3 90 5 1 100 0.75 10 1623 0 9 9 0 670 0 0
3 90 5 1 100 0.75 10 1624 0 12 12 0 670 0 0
3 90 5 1 100 0.75 10 1625 0 15 15 0 670 0 0
3 90 5 1 100 0.75 10 1626 0 18 16 0 670 0 0
3 90 5 1 100 0.75 10 1627 1 21 18 0 670 0 0
3 90 5 1 100 0.75 10 1628 2 24 19 1 670 0 0
3 90 5 1 100 0.75 10 1629 6 27 17 2 670 0 0
3 90 5 1 100 0.75 10 1630 9 30 17 6 670 0 0
3 90 5 1 100 0.75 10 1631 12 33 14 9 670 0 0
3 90 5 1 100 0.75 10 1632 14 36 15 12 670 0 0
3 90 5 1 100 0.75 10 1633 20 39 10 14 670 0 0
3 90 5 1 100 0.75 10 1634 23 42 12 20 670 0 0
3 90 5 1 100 0.75 10 1635 24 45 16 23 670 0 1
3 90 5 1 100 0.75 10 1636 27 48 16 24 670 0 1
3 90 5 1 100 0.75 10 1637 31 51 15 27 670 0 2
3 90 5 1 100 0.75 10 1638 35 54 16 31 670 0 4
3 90 5 1 100 0.75 10 1639 36 57 19 35 670 0 5
3 90 5 1 100 0.75 10 1640 40 60 19 36 670 0 7
3 90 5 1 100 0.75 10 1641 44 63 18 40 670 0 10
3 90 5 1 100 0.75 10 1642 45 66 28 44 670 0 11
3 90 5 1 100 0.75 10 1643 51 69 20 45 670 0 13
3 90 5 1 100 0.75 10 1644 53 72 24 51 670 0 15
3 90 5 1 100 0.75 10 1645 56 75 29 53 670 0 16
3 90 5 1 100 0.75 10 1646 59 78 20 56 670 0 18
3 90 5 1 100 0.75 10 1647 61 81 27 59 670 0 19
3 90 5 1 100 0.75 10 1648 65 84 28 61 670 0 24
3 90 5 1 100 0.75 10 1649 67 87 33 65 670 0 26
3 90 5 1 100 0.75 10 1650 69 89 33 66 671 1 27
3 90 5 1 100 0.75 10 1651 74 92 38 68 671 1 31
3 90 5 1 100 0.75 10 1652 77 95 35 73 671 1 32
3 90 5 1 100 0.75 10 1653 78 98 41 76 671 1 35
3 90 5 1 100 0.75 10 1654 84 101 37 77 671 1 36
3 90 5 1 100 0.75 10 1655 85 102 38 81 673 3 37
3 90 5 1 100 0.75 10 1656 87 104 45 81 674 4 36
3 90 5 1 100 0.75 10 1657 90 106 45 82 675 5 38
3 90 5 1 100 0.75 10 1658 94 106 46 82 678 8 38
3 90 5 1 100 0.75 10 1659 99 108 38 85 679 9 40
3 90 5 1 100 0.75 10 1660 99 109 37 90 679 9 42
3 90 5 1 100 0.75 10 1661 104 107 43 88 681 11 42
3 90 5 1 100 0.75 10 1662 106 109 45 93 681 11 45
3 90 5 1 100 0.75 10 1663 108 105 40 91 685 15 41
3 90 5 1 100 0.75 10 1664 108 105 36 92 688 18 40
3 90 5 1 100 0.75 10 1665 109 104 32 90 692 22 41
3 90 5 1 100 0.75 10 1666 109 106 39 93 693 23 43
3 90 5 1 100 0.75 10 1667 109 105 30 90 697 27 39
3 90 5 1 100 0.75 10 1668 109 106 35 89 699 29 37
3 90 5 1 100 0.75 10 1669 109 107 37 89 701 31 38
3 90 5 1 100 0.75 10 1670 109 106 45 86 704 34 38
3 90 5 1 100 0.75 10 1671 109 108 36 87 705 35 40
3 90 5 1 100 0.75 10 1672 109 109 36 91 705 35 43
3 90 5 1 100 0.75 10 1673 109 104 37 88 710 40 39
3 90 5 1 100 0.75 10 1674 109 105 35 86 712 42 38
3 90 5 1 100 0.75 10 1675 109 107 35 91 713 43 38
3 90 5 1 100 0.75 10 1676 109 107 34 91 715 45 37
3 90 5 1 100 0.75 10 1677 109 106 33 91 718 48 35
3 90 5 1 100 0.75 10 1678 109 108 30 93 717 49 36
3 90 5 1 100 0.75 10 1679 109 106 33 90 720 52 34
3 90 5 1 100 0.75 10 1680 109 106 35 88 723 55 32
3 90 5 1 100 0.75 10 1681 109 106 37 89 726 58 31
3 90 5 1 100 0.75 10 1682 109 107 32 88 728 60 33
3 90 5 1 100 0.75 10 1683 109 109 40 90 728 60 35
3 90 5 1 100 0.75 10 1684 109 106 31 89 731 63 33
3 90 5 1 100 0.75 10 1685 109 105 26 88 734 67 31
3 90 5 1 100 0.75 10 1686 109 105 34 88 737 70 28
3 90 5 1 100 0.75 10 1687 109 108 37 89 737 70 30
3 90 5 1 100 0.75 10 1688 109 106 28 89 740 73 28
3 90 5 1 100 0.75 10 1689 109 108 33 93 741 74 29
3 90 5 1 100 0.75 10 1690 109 106 32 91 744 77 29
3 90 5 1 100 0.75 10 1691 109 109 35 92 744 77 31
3 90 5 1 100 0.75 10 1692 109 106 35 90 747 80 29
3 90 5 1 100 0.75 10 1693 109 107 29 90 749 82 29
3 90 5 1 100 0.75 10 1694 109 107 33 90 751 84 27
3 90 5 1 100 0.75 10 1695 109 108 38 93 752 85 28
3 90 5 1 100 0.75 10 1696 109 109 33 96 751 85 31
3 90 5 1 100 0.75 10 1697 109 109 38 98 751 85 31
3 90 5 1 100 0.75 10 1698 109 107 34 97 753 87 30
3 90 5 1 100 0.75 10 1699 109 105 34 95 757 91 26
3 90 5 1 100 0.75 10 1700 109 105 30 93 760 94 24
3 90 5 1 100 0.75 10 1701 109 105 27 94 763 97 22
3 90 5 1 100 0.75 10 1702 109 106 28 93 765 99 25
3 90 5 1 100 0.75 10 1703 109 107 38 92 767 101 25
3 90 5 1 100 0.75 10 1704 109 109 29 93 767 101 25
3 90 5 1 100 0.75 10 1705 109 109 45 93 767 101 26
3 90 5 1 100 0.75 10 1706 109 107 34 92 769 103 25
3 90 5 1 100 0.75 10 1707 109 108 34 93 770 104 26
3 90 5 1 100 0.75 10 1708 109 107 33 95 772 106 26
3 90 5 1 100 0.75 10 1709 109 109 36 97 772 106 26
3 90 5 1 100 0.75 10 1710 109 107 27 99 774 108 25
3 90 5 1 100 0.75 10 1711 109 107 30 99 776 110 23
3 90 5 1 100 0.75 10 1712 109 105 39 96 780 114 20
3 90 5 1 100 0.75 10 1713 109 108 26 96 780 114 22
3 90 5 1 100 0.75 10 1714 109 108 34 96 781 115 23
3 90 5 1 100 0.75 10 1715 109 108 26 97 782 116 24
3 90 5 1 100 0.75 10 1716 109 109 33 98 782 116 26
3 90 5 1 100 0.75 10 1717 109 108 30 98 783 117 27
3 90 5 1 100 0.75 10 1718 109 107 34 97 785 119 26
3 90 5 1 100 0.75 10 1719 109 107 32 97 787 121 25
3 90 5 1 100 0.75 10 1720 109 106 27 97 790 124 22
3 90 5 1 100 0.75 10 1721 109 109 24 99 790 124 23
3 90 5 1 100 0.75 10 1722 109 107 34 97 792 126 22
3 90 5 1 100 0.75 10 1723 109 106 22 96 795 129 19
3 90 5 1 100 0.75 10 1724 109 109 32 96 795 129 21
3 90 5 1 100 0.75 10 1725 109 109 31 96 795 129 22
3 90 5 1 100 0.75 10 1726 109 108 34 97 796 130 24
3 90 5 1 100 0.75 10 1727 109 106 44 95 799 133 23
3 90 5 1 100 0.75 10 1728 109 109 28 97 799 133 23
3 90 5 1 100 0.75 10 1729 109 106 26 97 801 136 20
3 90 5 1 100 0.75 10 1730 109 106 23 96 804 139 17
3 90 5 1 100 0.75 10 1731 109 108 28 96 805 140 16
3 90 5 1 100 0.75 10 1732 109 108 33 96 806 141 17
3 90 5 1 100 0.75 10 1733 109 107 31 95 807 143 15
3 90 5 1 100 0.75 10 1734 109 107 25 94 809 145 15
3 90 5 1 100 0.75 10 1735 109 109 29 95 809 145 18
3 90 5 1 100 0.75 10 1736 109 109 21 97 809 145 20
3 90 5 1 100 0.75 10 1737 109 107 30 95 811 147 18
3 90 5 1 100 0.75 10 1738 109 108 28 98 812 148 18
3 90 5 1 100 0.75 10 1739 109 108 23 100 813 149 18
3 90 5 1 100 0.75 10 1740 109 109 29 100 813 149 18
3 90 5 1 100 0.75 10 1741 109 106 23 99 816 152 17
3 90 5 1 100 0.75 10 1742 109 108 27 99 817 153 16
3 90 5 1 100 0.75 10 1743 109 109 30 101 817 153 17
3 90 5 1 100 0.75 10 1744 109 108 34 100 817 154 17
3 90 5 1 100 0.75 10 1745 109 108 24 99 818 155 19
3 90 5 1 100 0.75 10 1746 109 108 35 101 819 156 19
3 90 5 1 100 0.75 10 1747 109 109 32 102 819 156 19
3 90 5 1 100 0.75 10 1748 109 109 34 102 819 156 19
3 90 5 1 100 0.75 10 1749 109 109 33 102 819 156 19
3 90 5 1 100 0.75 10 1750 109 108 27 105 820 157 19
3 90 5 1 100 0.75 10 1751 109 105 30 101 824 161 15
3 90 5 1 100 0.75 10 1752 109 108 29 101 824 161 15
3 90 5 1 100 0.75 10 1753 109 108 23 100 825 162 15
3 90 5 1 100 0.75 10 1754 109 107 27 100 827 164 14
3 90 5 1 100 0.75 10 1755 109 107 32 99 829 166 12
3 90 5 1 100 0.75 10 1756 109 108 23 98 830 167 13
3 90 5 1 100 0.75 10 1757 109 107 34 96 832 169 12
3 90 5 1 100 0.75 10 1758 109 109 29 96 832 169 12
3 90 5 1 100 0.75 10 1759 109 109 31 98 832 169 12
3 90 5 1 100 0.75 10 1760 109 108 21 99 833 170 12
3 90 5 1 100 0.75 10 1761 109 107 26 99 835 172 12
3 90 5 1 100 0.75 10 1762 109 109 29 100 835 172 12
3 90 5 1 100 0.75 10 1763 109 108 25 102 836 173 11
3 90 5 1 100 0.75 10 1764 109 107 25 100 838 175 9
3 90 5 1 100 0.75 10 1765 109 109 21 103 837 175 9
3 90 5 1 100 0.75 10 1766 109 109 25 103 837 175 9
3 90 5 1 100 0.75 10 1767 109 109 24 103 837 175 12
3 90 5 1 100 0.75 10 1768 109 109 22 104 837 175 13
3 90 5 1 100 0.75 10 1769 109 107 25 103 839 177 12
3 90 5 1 100 0.75 10 1770 109 109 22 104 839 177 14
3 90 5 1 100 0.75 10 1770 109 109 109 104 853 177 14
3 90 5 1 100 0.75 10 1800 109 109 109 104 651 177 14
