4 90 1 1 100 0.75 1 1 0 4 4 0 100 0 0
4 90 1 1 100 0.75 1 2 0 8 8 0 100 0 0
4 90 1 1 100 0.75 1 3 0 12 12 0 100 0 0
4 90 1 1 100 0.75 1 4 0 16 16 0 100 0 0
4 90 1 1 100 0.75 1 5 0 20 20 0 100 0 0
4 90 1 1 100 0.75 1 6 0 24 24 0 100 0 0
4 90 1 1 100 0.75 1 7 0 28 26 0 100 0 0
4 90 1 1 100 0.75 1 8 0 32 32 0 100 0 0
4 90 1 1 100 0.75 1 9 0 36 36 0 100 0 0
4 90 1 1 100 0.75 1 10 3 40 36 0 100 0 0
4 90 1 1 100 0.75 1 11 4 44 36 3 100 0 0
4 90 1 1 100 0.75 1 12 7 48 37 4 100 0 0
4 90 1 1 100 0.75 1 13 11 52 40 7 100 0 0
4 90 1 1 100 0.75 1 14 13 56 40 11 100 0 0
4 90 1 1 100 0.75 1 15 16 60 42 13 100 0 0
4 90 1 1 100 0.75 1 16 19 64 42 16 100 0 0
4 90 1 1 100 0.75 1 17 24 68 44 19 100 0 0
4 90 1 1 100 0.75 1 18 26 72 48 24 99 0 1
4 90 1 1 100 0.75 1 19 28 76 50 26 99 0 3
4 90 1 1 100 0.75 1 20 31 80 55 28 99 0 4
4 90 1 1 100 0.75 1 21 38 84 54 31 99 0 8
4 90 1 1 100 0.75 1 22 43 88 54 38 99 0 9
4 90 1 1 100 0.75 1 23 47 92 59 43 99 0 12
4 90 1 1 100 0.75 1 24 47 96 65 47 99 0 17
4 90 1 1 100 0.75 1 25 52 100 68 47 99 0 18
4 90 1 1 100 0.75 1 26 53 104 74 52 99 0 18
4 90 1 1 100 0.75 1 27 55 108 76 53 99 0 21
4 90 1 1 100 0.75 1 28 62 109 74 55 99 0 22
4 90 1 1 100 0.75 1 29 68 109 75 62 99 0 28
4 90 1 1 100 0.75 1 30 72 109 75 68 99 0 30
4 90 1 1 100 0.75 1 31 74 109 71 72 99 0 32
4 90 1 1 100 0.75 1 32 77 109 73 74 99 0 36
4 90 1 1 100 0.75 1 33 85 109 67 77 99 0 37
4 90 1 1 100 0.75 1 34 88 109 68 85 99 0 39
4 90 1 1 100 0.75 1 35 91 109 70 88 99 0 46
4 90 1 1 100 0.75 1 36 94 107 70 89 101 2 49
4 90 1 1 100 0.75 1 37 95 104 71 87 106 7 47
4 90 1 1 100 0.75 1 38 95 105 72 85 109 10 46
4 90 1 1 100 0.75 1 39 96 108 75 84 110 11 46
4 90 1 1 100 0.75 1 40 98 106 76 82 113 14 48
4 90 1 1 100 0.75 1 41 98 108 81 83 114 15 49
4 90 1 1 100 0.75 1 42 98 108 86 82 115 16 51
4 90 1 1 100 0.75 1 43 100 109 86 82 115 16 52
4 90 1 1 100 0.75 1 44 100 104 78 80 120 21 49
4 90 1 1 100 0.75 1 45 100 107 81 80 121 22 49
4 90 1 1 100 0.75 1 46 101 107 82 79 123 24 48
4 90 1 1 100 0.75 1 47 103 107 73 81 125 26 47
4 90 1 1 100 0.75 1 48 103 106 77 82 128 29 45
4 90 1 1 100 0.75 1 49 103 107 72 81 130 31 43
4 90 1 1 100 0.75 1 50 103 103 73 78 136 37 39
4 90 1 1 100 0.75 1 51 103 105 72 76 138 39 38
4 90 1 1 100 0.75 1 52 103 105 73 74 142 43 36
4 90 1 1 100 0.75 1 53 103 108 71 74 143 44 37
4 90 1 1 100 0.75 1 54 104 103 68 71 149 50 34
4 90 1 1 100 0.75 1 55 104 103 67 68 153 54 33
4 90 1 1 100 0.75 1 56 104 102 67 68 158 59 28
4 90 1 1 100 0.75 1 57 105 101 61 66 163 64 24
4 90 1 1 100 0.75 1 58 105 105 69 69 163 64 25
4 90 1 1 100 0.75 1 59 106 109 63 71 163 64 26
4 90 1 1 100 0.75 1 60 106 107 65 74 165 66 25
4 90 1 1 100 0.75 1 61 106 107 63 74 167 68 26
4 90 1 1 100 0.75 1 62 107 107 57 77 169 70 24
4 90 1 1 100 0.75 1 63 108 108 59 80 170 71 27
4 90 1 1 100 0.75 1 64 108 109 57 89 170 71 30
4 90 1 1 100 0.75 1 65 108 107 57 90 172 73 30
4 90 1 1 100 0.75 1 66 108 107 63 89 174 75 31
4 90 1 1 100 0.75 1 67 108 106 58 87 177 78 30
4 90 1 1 100 0.75 1 68 108 109 55 89 177 78 32
4 90 1 1 100 0.75 1 69 108 109 60 93 177 78 37
4 90 1 1 100 0.75 1 70 108 105 66 90 181 82 39
4 90 1 1 100 0.75 1 71 108 107 69 90 183 84 39
4 90 1 1 100 0.75 1 72 108 109 70 92 183 84 39
4 90 1 1 100 0.75 1 73 108 108 72 91 184 85 40
4 90 1 1 100 0.75 1 74 108 109 68 91 184 85 40
4 90 1 1 100 0.75 1 75 108 107 68 94 186 87 40
4 90 1 1 100 0.75 1 76 108 107 66 93 188 89 40
4 90 1 1 100 0.75 1 77 108 107 71 94 190 91 39
4 90 1 1 100 0.75 1 78 108 107 69 93 192 93 37
4 90 1 1 100 0.75 1 79 108 107 66 92 194 95 37
4 90 1 1 100 0.75 1 80 108 106 60 91 197 98 34
4 90 1 1 100 0.75 1 81 108 107 70 91 199 100 36
4 90 1 1 100 0.75 1 82 108 107 61 90 201 102 35
4 90 1 1 100 0.75 1 83 108 108 66 91 202 103 35
4 90 1 1 100 0.75 1 84 109 107 67 89 204 105 34
4 90 1 1 100 0.75 1 85 109 106 67 89 207 108 31
4 90 1 1 100 0.75 1 86 109 105 61 88 211 112 28
4 90 1 1 100 0.75 1 87 109 105 56 85 215 116 26
4 90 1 1 100 0.75 1 88 109 105 55 83 219 120 23
4 90 1 1 100 0.75 1 89 109 107 60 84 221 122 22
4 90 1 1 100 0.75 1 90 109 107 59 83 223 124 21
4 90 1 1 100 0.75 1 91 109 108 58 83 224 125 21
4 90 1 1 100 0.75 1 92 109 108 62 85 225 126 23
4 90 1 1 100 0.75 1 93 109 108 53 86 226 127 23
4 90 1 1 100 0.75 1 94 109 108 50 90 227 128 23
4 90 1 1 100 0.75 1 95 109 107 48 92 229 130 23
4 90 1 1 100 0.75 1 96 109 107 53 93 231 132 22
4 90 1 1 100 0.75 1 97 109 108 49 93 232 133 23
4 90 1 1 100 0.75 1 98 109 107 53 93 234 135 23
4 90 1 1 100 0.75 1 99 109 109 49 94 234 135 24
4 90 1 1 100 0.75 1 100 109 108 53 97 235 136 24
4 90 1 1 100 0.75 1 101 109 108 51 98 236 137 30
4 90 1 1 100 0.75 1 102 109 106 60 95 239 140 31
4 90 1 1 100 0.75 1 103 109 108 52 94 240 141 30
4 90 1 1 100 0.75 1 104 109 106 56 94 243 144 29
4 90 1 1 100 0.75 1 105 109 109 55 95 243 144 31
4 90 1 1 100 0.75 1 106 109 109 59 97 243 144 32
4 90 1 1 100 0.75 1 107 109 107 49 96 245 146 33
4 90 1 1 100 0.75 1 108 109 107 55 95 247 148 31
4 90 1 1 100 0.75 1 109 109 109 55 96 247 148 31
4 90 1 1 100 0.75 1 110 109 108 56 97 248 149 31
4 90 1 1 100 0.75 1 111 109 108 49 98 249 150 33
4 90 1 1 100 0.75 1 112 109 105 52 94 253 154 30
4 90 1 1 100 0.75 1 113 109 108 50 95 254 155 30
4 90 1 1 100 0.75 1 114 109 108 59 95 255 156 30
4 90 1 1 100 0.75 1 115 109 107 52 93 257 158 28
4 90 1 1 100 0.75 1 116 109 108 57 94 258 159 27
4 90 1 1 100 0.75 1 117 109 107 53 94 260 161 28
4 90 1 1 100 0.75 1 118 109 107 55 93 262 163 26
4 90 1 1 100 0.75 1 119 109 107 53 92 264 165 25
4 90 1 1 100 0.75 1 120 109 106 44 93 267 168 22
4 90 1 1 100 0.75 1 121 109 106 44 92 270 171 20
4 90 1 1 100 0.75 1 122 109 106 53 90 273 174 18
4 90 1 1 100 0.75 1 123 109 109 51 92 273 174 20
4 90 1 1 100 0.75 1 124 109 107 50 91 275 176 18
4 90 1 1 100 0.75 1 125 109 107 46 91 277 178 18
4 90 1 1 100 0.75 1 126 109 107 42 91 279 180 17
4 90 1 1 100 0.75 1 127 109 109 46 92 279 180 20
4 90 1 1 100 0.75 1 128 109 108 50 94 280 181 21
4 90 1 1 100 0.75 1 129 109 108 48 94 281 182 20
4 90 1 1 100 0.75 1 130 109 109 49 97 281 182 20
4 90 1 1 100 0.75 1 131 109 106 53 96 284 185 19
4 90 1 1 100 0.75 1 132 109 108 49 96 285 186 20
4 90 1 1 100 0.75 1 133 109 109 49 100 285 186 21
4 90 1 1 100 0.75 1 134 109 108 47 101 286 187 23
4 90 1 1 100 0.75 1 135 109 109 49 102 286 187 24
4 90 1 1 100 0.75 1 136 109 108 49 102 287 188 23
4 90 1 1 100 0.75 1 137 109 107 49 101 289 190 23
4 90 1 1 100 0.75 1 138 109 108 46 100 290 191 23
4 90 1 1 100 0.75 1 139 109 109 45 101 290 191 25
4 90 1 1 100 0.75 1 140 109 108 48 101 291 192 27
4 90 1 1 100 0.75 1 141 109 108 54 100 292 193 27
4 90 1 1 100 0.75 1 142 109 105 47 98 296 197 24
4 90 1 1 100 0.75 1 143 109 108 45 97 297 198 23
4 90 1 1 100 0.75 1 144 109 106 46 96 299 201 21
4 90 1 1 100 0.75 1 145 109 109 49 97 299 201 21
4 90 1 1 100 0.75 1 146 109 107 49 96 301 203 19
4 90 1 1 100 0.75 1 147 109 109 45 97 301 203 20
4 90 1 1 100 0.75 1 148 109 108 51 96 302 204 19
4 90 1 1 100 0.75 1 149 109 107 48 95 304 206 17
4 90 1 1 100 0.75 1 150 109 108 48 98 305 207 17
4 90 1 1 100 0.75 1 150 109 108 108 98 321 207 17
4 90 1 1 100 0.75 1 180 109 108 108 98 293 207 17
4 90 1 1 100 0.75 2 181 0 4 4 0 293 0 0
4 90 1 1 100 0.75 2 182 0 8 8 0 293 0 0
4 90 1 1 100 0.75 2 183 0 12 12 0 293 0 0
4 90 1 1 100 0.75 2 184 0 16 16 0 293 0 0
4 90 1 1 100 0.75 2 185 0 20 18 0 293 0 0
4 90 1 1 100 0.75 2 186 0 24 24 0 293 0 0
4 90 1 1 100 0.75 2 187 0 28 27 0 293 0 0
4 90 1 1 100 0.75 2 188 2 32 25 0 293 0 0
4 90 1 1 100 0.75 2 189 4 36 30 2 293 0 0
4 90 1 1 100 0.75 2 190 11 40 25 4 293 0 0
4 90 1 1 100 0.75 2 191 18 44 23 11 293 0 0
4 90 1 1 100 0.75 2 192 21 48 19 18 293 0 0
4 90 1 1 100 0.75 2 193 22 52 28 21 293 0 0
4 90 1 1 100 0.75 2 194 26 56 24 22 293 0 0
4 90 1 1 100 0.75 2 195 33 60 25 26 293 0 1
4 90 1 1 100 0.75 2 196 36 64 24 33 293 0 3
4 90 1 1 100 0.75 2 197 38 68 33 36 293 0 7
4 90 1 1 100 0.75 2 198 42 72 32 38 293 0 12
4 90 1 1 100 0.75 2 199 45 76 46 42 293 0 17
4 90 1 1 100 0.75 2 200 49 80 40 45 293 0 18
4 90 1 1 100 0.75 2 201 53 84 47 49 293 0 20
4 90 1 1 100 0.75 2 202 56 88 43 53 293 0 23
4 90 1 1 100 0.75 2 203 58 92 50 56 293 0 26
4 90 1 1 100 0.75 2 204 63 96 47 58 293 0 29
4 90 1 1 100 0.75 2 205 65 100 53 63 293 0 31
4 90 1 1 100 0.75 2 206 75 104 48 65 293 0 31
4 90 1 1 100 0.75 2 207 80 108 49 75 293 0 34
4 90 1 1 100 0.75 2 208 83 109 55 80 293 0 37
4 90 1 1 100 0.75 2 209 87 109 60 83 293 0 37
4 90 1 1 100 0.75 2 210 89 109 54 87 293 0 39
4 90 1 1 100 0.75 2 211 93 109 56 89 293 0 40
4 90 1 1 100 0.75 2 212 98 109 55 93 293 0 43
4 90 1 1 100 0.75 2 213 101 105 55 94 297 4 44
4 90 1 1 100 0.75 2 214 104 108 55 96 298 5 48
4 90 1 1 100 0.75 2 215 105 106 60 96 301 8 50
4 90 1 1 100 0.75 2 216 106 106 61 94 304 11 50
4 90 1 1 100 0.75 2 217 106 106 57 92 307 14 49
4 90 1 1 100 0.75 2 218 106 103 59 86 313 20 45
4 90 1 1 100 0.75 2 219 106 105 67 84 315 22 46
4 90 1 1 100 0.75 2 220 106 107 66 82 317 24 47
4 90 1 1 100 0.75 2 221 109 107 68 81 319 26 48
4 90 1 1 100 0.75 2 222 109 105 62 82 323 30 45
4 90 1 1 100 0.75 2 223 109 106 64 81 326 33 43
4 90 1 1 100 0.75 2 224 109 108 64 82 327 34 42
4 90 1 1 100 0.75 2 225 109 109 61 86 327 34 42
4 90 1 1 100 0.75 2 226 109 108 61 90 328 35 41
4 90 1 1 100 0.75 2 227 109 105 50 88 332 39 38
4 90 1 1 100 0.75 2 228 109 107 60 91 334 41 39
4 90 1 1 100 0.75 2 229 109 106 53 88 337 44 37
4 90 1 1 100 0.75 2 230 109 105 54 89 341 48 34
4 90 1 1 100 0.75 2 231 109 105 49 87 345 52 31
4 90 1 1 100 0.75 2 232 109 105 52 85 349 56 30
4 90 1 1 100 0.75 2 233 109 107 53 83 351 58 30
4 90 1 1 100 0.75 2 234 109 107 50 82 353 60 29
4 90 1 1 100 0.75 2 235 109 105 53 81 356 64 29
4 90 1 1 100 0.75 2 236 109 107 50 81 358 66 27
4 90 1 1 100 0.75 2 237 109 106 52 81 361 69 27
4 90 1 1 100 0.75 2 238 109 107 44 83 363 71 28
4 90 1 1 100 0.75 2 239 109 108 58 85 364 72 27
4 90 1 1 100 0.75 2 240 109 107 42 85 366 74 26
4 90 1 1 100 0.75 2 241 109 109 50 92 366 74 26
4 90 1 1 100 0.75 2 242 109 107 47 91 368 76 28
4 90 1 1 100 0.75 2 243 109 108 51 92 369 77 29
4 90 1 1 100 0.75 2 244 109 108 46 93 370 78 32
4 90 1 1 100 0.75 2 245 109 109 55 96 370 78 35
4 90 1 1 100 0.75 2 246 109 106 40 96 373 81 32
4 90 1 1 100 0.75 2 247 109 106 45 96 376 84 34
4 90 1 1 100 0.75 2 248 109 108 48 97 377 85 35
4 90 1 1 100 0.75 2 249 109 107 46 96 379 87 35
4 90 1 1 100 0.75 2 250 109 108 47 96 380 88 35
4 90 1 1 100 0.75 2 251 109 106 52 94 383 91 34
4 90 1 1 100 0.75 2 252 109 107 43 93 385 93 35
4 90 1 1 100 0.75 2 253 109 109 51 94 385 93 37
4 90 1 1 100 0.75 2 254 109 105 49 91 389 97 35
4 90 1 1 100 0.75 2 255 109 108 52 94 390 98 35
4 90 1 1 100 0.75 2 256 109 107 50 94 392 100 34
4 90 1 1 100 0.75 2 257 109 107 51 93 394 102 33
4 90 1 1 100 0.75 2 258 109 108 50 94 395 103 32
4 90 1 1 100 0.75 2 259 109 106 54 91 398 106 31
4 90 1 1 100 0.75 2 260 109 108 50 94 399 107 30
4 90 1 1 100 0.75 2 261 109 106 51 92 402 110 30
4 90 1 1 100 0.75 2 262 109 107 52 92 404 112 30
4 90 1 1 100 0.75 2 263 109 107 52 93 406 114 28
4 90 1 1 100 0.75 2 264 109 108 41 92 407 115 28
4 90 1 1 100 0.75 2 265 109 106 46 92 410 118 27
4 90 1 1 100 0.75 2 266 109 103 34 88 416 124 22
4 90 1 1 100 0.75 2 267 109 106 46 88 417 125 23
4 90 1 1 100 0.75 2 268 109 109 43 91 417 125 24
4 90 1 1 100 0.75 2 269 109 107 46 91 419 127 24
4 90 1 1 100 0.75 2 270 109 107 42 91 421 129 22
4 90 1 1 100 0.75 2 271 109 108 47 92 422 130 22
4 90 1 1 100 0.75 2 272 109 106 49 91 425 133 21
4 90 1 1 100 0.75 2 273 109 109 44 92 425 133 21
4 90 1 1 100 0.75 2 274 109 107 39 92 427 135 20
4 90 1 1 100 0.75 2 275 109 109 43 97 427 135 23
4 90 1 1 100 0.75 2 276 109 109 45 98 427 135 25
4 90 1 1 100 0.75 2 277 109 107 37 98 429 137 23
4 90 1 1 100 0.75 2 278 109 107 46 97 431 139 21
4 90 1 1 100 0.75 2 279 109 108 41 98 432 140 20
4 90 1 1 100 0.75 2 280 109 107 35 99 434 142 19
4 90 1 1 100 0.75 2 281 109 107 43 98 436 144 19
4 90 1 1 100 0.75 2 282 109 108 38 97 437 145 21
4 90 1 1 100 0.75 2 283 109 109 49 98 437 145 22
4 90 1 1 100 0.75 2 284 109 109 49 99 437 145 25
4 90 1 1 100 0.75 2 285 109 108 38 99 438 146 25
4 90 1 1 100 0.75 2 286 109 107 48 98 440 148 23
4 90 1 1 100 0.75 2 287 109 107 51 98 442 150 22
4 90 1 1 100 0.75 2 288 109 107 38 97 444 152 20
4 90 1 1 100 0.75 2 289 109 109 49 99 444 152 21
4 90 1 1 100 0.75 2 290 109 109 40 100 444 152 21
4 90 1 1 100 0.75 2 291 109 108 40 100 445 153 22
4 90 1 1 100 0.75 2 292 109 108 45 100 445 154 22
4 90 1 1 100 0.75 2 293 109 108 50 99 446 155 21
4 90 1 1 100 0.75 2 294 109 106 43 98 449 158 19
4 90 1 1 100 0.75 2 295 109 108 44 99 450 159 19
4 90 1 1 100 0.75 2 296 109 108 41 100 451 160 18
4 90 1 1 100 0.75 2 297 109 109 42 101 451 160 20
4 90 1 1 100 0.75 2 298 109 108 33 100 452 161 20
4 90 1 1 100 0.75 2 299 109 106 46 98 455 164 17
4 90 1 1 100 0.75 2 300 109 106 38 95 458 167 14
4 90 1 1 100 0.75 2 301 109 108 39 95 459 168 14
4 90 1 1 100 0.75 2 302 109 108 43 98 460 169 14
4 90 1 1 100 0.75 2 303 109 106 40 96 463 172 12
4 90 1 1 100 0.75 2 304 109 109 40 96 463 172 12
4 90 1 1 100 0.75 2 305 109 109 47 97 463 172 13
4 90 1 1 100 0.75 2 306 109 108 36 97 464 173 12
4 90 1 1 100 0.75 2 307 109 109 41 98 464 173 13
4 90 1 1 100 0.75 2 308 109 108 43 101 465 174 14
4 90 1 1 100 0.75 2 309 109 108 37 102 465 175 15
4 90 1 1 100 0.75 2 310 109 108 39 102 466 176 15
4 90 1 1 100 0.75 2 311 109 109 45 103 466 176 15
4 90 1 1 100 0.75 2 312 109 108 41 103 467 177 15
4 90 1 1 100 0.75 2 313 109 109 42 104 467 177 15
4 90 1 1 100 0.75 2 314 109 107 38 103 469 179 16
4 90 1 1 100 0.75 2 315 109 109 42 103 469 179 17
4 90 1 1 100 0.75 2 316 109 108 42 102 470 180 17
4 90 1 1 100 0.75 2 317 109 107 37 101 472 182 16
4 90 1 1 100 0.75 2 318 109 108 27 101 473 183 16
4 90 1 1 100 0.75 2 319 109 109 35 102 473 183 16
4 90 1 1 100 0.75 2 320 109 109 31 102 473 183 17
4 90 1 1 100 0.75 2 321 109 108 40 101 474 184 16
4 90 1 1 100 0.75 2 322 109 109 37 103 474 184 16
4 90 1 1 100 0.75 2 323 109 107 33 102 476 186 14
4 90 1 1 100 0.75 2 324 109 106 34 99 479 189 11
4 90 1 1 100 0.75 2 325 109 109 34 101 479 189 11
4 90 1 1 100 0.75 2 326 109 108 35 101 480 190 10
4 90 1 1 100 0.75 2 327 109 109 46 102 480 190 10
4 90 1 1 100 0.75 2 328 109 109 36 102 480 190 10
4 90 1 1 100 0.75 2 329 109 107 40 100 482 192 8
4 90 1 1 100 0.75 2 330 109 106 37 98 485 195 5
4 90 1 1 100 0.75 2 330 109 106 106 98 490 195 5
4 90 1 1 100 0.75 2 360 109 106 106 98 417 195 5
4 90 1 1 100 0.75 3 361 0 4 4 0 417 0 0
4 90 1 1 100 0.75 3 362 0 8 8 0 417 0 0
4 90 1 1 100 0.75 3 363 0 12 12 0 417 0 0
4 90 1 1 100 0.75 3 364 0 16 15 0 417 0 0
4 90 1 1 100 0.75 3 365 0 20 20 0 417 0 0
4 90 1 1 100 0.75 3 366 0 24 23 0 417 0 0
4 90 1 1 100 0.75 3 367 1 28 22 0 417 0 0
4 90 1 1 100 0.75 3 368 3 32 26 1 417 0 0
4 90 1 1 100 0.75 3 369 8 36 25 3 417 0 0
4 90 1 1 100 0.75 3 370 12 40 20 8 417 0 0
4 90 1 1 100 0.75 3 371 15 44 23 12 417 0 0
4 90 1 1 100 0.75 3 372 21 48 21 15 417 0 0
4 90 1 1 100 0.75 3 373 26 52 22 21 417 0 0
4 90 1 1 100 0.75 3 374 27 56 22 26 417 0 1
4 90 1 1 100 0.75 3 375 33 60 18 27 417 0 3
4 90 1 1 100 0.75 3 376 35 64 28 33 417 0 6
4 90 1 1 100 0.75 3 377 39 68 23 35 417 0 11
4 90 1 1 100 0.75 3 378 45 72 25 39 417 0 13
4 90 1 1 100 0.75 3 379 49 76 27 45 417 0 16
4 90 1 1 100 0.75 3 380 52 80 34 49 417 0 19
4 90 1 1 100 0.75 3 381 60 84 39 52 417 0 22
4 90 1 1 100 0.75 3 382 62 88 34 60 417 0 23
4 90 1 1 100 0.75 3 383 66 92 36 62 417 0 27
4 90 1 1 100 0.75 3 384 68 96 42 66 417 0 29
4 90 1 1 100 0.75 3 385 69 100 49 68 417 0 34
4 90 1 1 100 0.75 3 386 75 104 57 69 417 0 37
4 90 1 1 100 0.75 3 387 78 108 54 75 417 0 38
4 90 1 1 100 0.75 3 388 82 109 50 78 417 0 43
4 90 1 1 100 0.75 3 389 89 109 54 82 417 0 46
4 90 1 1 100 0.75 3 390 93 108 51 88 418 1 47
4 90 1 1 100 0.75 3 391 97 108 53 91 419 2 49
4 90 1 1 100 0.75 3 392 101 108 43 94 420 3 48
4 90 1 1 100 0.75 3 393 106 107 42 96 422 5 48
4 90 1 1 100 0.75 3 394 108 104 44 96 427 10 46
4 90 1 1 100 0.75 3 395 109 104 49 94 431 14 46
4 90 1 1 100 0.75 3 396 109 106 55 93 433 16 49
4 90 1 1 100 0.75 3 397 109 105 59 89 437 20 48
4 90 1 1 100 0.75 3 398 109 108 51 88 438 21 50
4 90 1 1 100 0.75 3 399 109 108 48 89 439 22 52
4 90 1 1 100 0.75 3 400 109 107 65 88 441 24 52
4 90 1 1 100 0.75 3 401 109 105 62 85 445 28 52
4 90 1 1 100 0.75 3 402 109 107 61 87 447 30 51
4 90 1 1 100 0.75 3 403 109 107 56 87 449 32 49
4 90 1 1 100 0.75 3 404 109 105 48 87 453 36 45
4 90 1 1 100 0.75 3 405 109 104 52 85 458 41 42
4 90 1 1 100 0.75 3 406 109 103 44 82 462 46 38
4 90 1 1 100 0.75 3 407 109 104 47 81 465 49 36
4 90 1 1 100 0.75 3 408 109 108 46 83 465 49 37
4 90 1 1 100 0.75 3 409 109 107 46 84 466 51 36
4 90 1 1 100 0.75 3 410 109 107 53 84 468 53 38
4 90 1 1 100 0.75 3 411 109 104 57 81 473 58 33
4 90 1 1 100 0.75 3 412 109 108 47 86 473 58 35
4 90 1 1 100 0.75 3 413 109 104 47 82 478 63 32
4 90 1 1 100 0.75 3 414 109 105 49 85 481 66 31
4 90 1 1 100 0.75 3 415 109 108 47 87 482 67 32
4 90 1 1 100 0.75 3 416 109 104 41 85 487 72 27
4 90 1 1 100 0.75 3 417 109 105 48 84 490 75 25
4 90 1 1 100 0.75 3 418 109 107 39 85 492 77 25
4 90 1 1 100 0.75 3 419 109 105 51 84 496 81 25
4 90 1 1 100 0.75 3 420 109 107 43 84 498 83 26
4 90 1 1 100 0.75 3 421 109 109 54 86 498 83 28
4 90 1 1 100 0.75 3 422 109 108 45 87 499 84 31
4 90 1 1 100 0.75 3 423 109 109 45 89 499 84 33
4 90 1 1 100 0.75 3 424 109 109 43 93 499 84 34
4 90 1 1 100 0.75 3 425 109 109 40 96 499 84 37
4 90 1 1 100 0.75 3 426 109 107 43 98 501 86 36
4 90 1 1 100 0.75 3 427 109 107 40 100 503 88 35
4 90 1 1 100 0.75 3 428 109 109 48 102 503 88 38
4 90 1 1 100 0.75 3 429 109 107 48 102 505 90 37
4 90 1 1 100 0.75 3 430 109 105 39 98 509 94 35
4 90 1 1 100 0.75 3 431 109 109 49 99 509 94 37
4 90 1 1 100 0.75 3 432 109 108 47 98 509 95 38
4 90 1 1 100 0.75 3 433 109 107 48 96 511 97 39
4 90 1 1 100 0.75 3 434 109 107 45 95 513 99 39
4 90 1 1 100 0.75 3 435 109 107 54 95 515 101 38
4 90 1 1 100 0.75 3 436 109 107 51 94 517 103 36
4 90 1 1 100 0.75 3 437 109 107 47 92 519 105 34
4 90 1 1 100 0.75 3 438 109 103 37 90 525 111 28
4 90 1 1 100 0.75 3 439 109 105 46 90 527 113 26
4 90 1 1 100 0.75 3 440 109 105 44 86 531 117 22
4 90 1 1 100 0.75 3 441 109 107 43 86 533 119 23
4 90 1 1 100 0.75 3 442 109 109 44 89 533 119 23
4 90 1 1 100 0.75 3 443 109 107 39 87 535 121 22
4 90 1 1 100 0.75 3 444 109 108 45 89 536 122 23
4 90 1 1 100 0.75 3 445 109 108 30 91 537 123 23
4 90 1 1 100 0.75 3 446 109 107 37 89 539 125 22
4 90 1 1 100 0.75 3 447 109 106 26 92 542 128 20
4 90 1 1 100 0.75 3 448 109 108 40 97 543 129 21
4 90 1 1 100 0.75 3 449 109 107 36 95 545 131 19
4 90 1 1 100 0.75 3 450 109 108 36 96 546 132 19
4 90 1 1 100 0.75 3 451 109 106 36 94 549 135 17
4 90 1 1 100 0.75 3 452 109 107 34 94 551 137 18
4 90 1 1 100 0.75 3 453 109 108 36 94 552 138 18
4 90 1 1 100 0.75 3 454 109 109 50 94 552 138 27
4 90 1 1 100 0.75 3 455 109 108 46 96 553 139 26
4 90 1 1 100 0.75 3 456 109 109 44 98 553 139 26
4 90 1 1 100 0.75 3 457 109 109 39 99 553 139 27
4 90 1 1 100 0.75 3 458 109 108 39 100 554 140 27
4 90 1 1 100 0.75 3 459 109 106 36 99 557 143 25
4 90 1 1 100 0.75 3 460 109 107 31 100 559 145 23
4 90 1 1 100 0.75 3 461 109 109 40 102 559 145 25
4 90 1 1 100 0.75 3 462 109 109 43 102 559 145 26
4 90 1 1 100 0.75 3 463 109 109 41 103 559 145 28
4 90 1 1 100 0.75 3 464 109 108 33 102 560 146 27
4 90 1 1 100 0.75 3 465 109 107 34 100 562 148 25
4 90 1 1 100 0.75 3 466 109 107 41 99 564 150 23
4 90 1 1 100 0.75 3 467 109 107 39 97 566 152 24
4 90 1 1 100 0.75 3 468 109 108 33 100 567 153 24
4 90 1 1 100 0.75 3 469 109 107 42 99 569 155 23
4 90 1 1 100 0.75 3 470 109 108 39 98 570 156 22
4 90 1 1 100 0.75 3 471 109 106 45 95 573 159 19
4 90 1 1 100 0.75 3 472 109 104 39 90 578 164 14
4 90 1 1 100 0.75 3 473 109 106 38 90 580 166 12
4 90 1 1 100 0.75 3 474 109 109 33 91 580 166 13
4 90 1 1 100 0.75 3 475 109 109 37 93 580 166 16
4 90 1 1 100 0.75 3 476 109 107 40 93 582 168 15
4 90 1 1 100 0.75 3 477 109 108 38 94 582 169 14
4 90 1 1 100 0.75 3 478 109 107 39 93 584 171 12
4 90 1 1 100 0.75 3 479 109 109 35 95 584 171 14
4 90 1 1 100 0.75 3 480 109 107 36 96 586 173 12
4 90 1 1 100 0.75 3 481 109 109 31 100 586 173 13
4 90 1 1 100 0.75 3 482 109 109 31 102 586 173 15
4 90 1 1 100 0.75 3 483 109 108 37 101 587 174 16
4 90 1 1 100 0.75 3 484 109 109 32 101 587 174 16
4 90 1 1 100 0.75 3 485 109 107 31 101 589 176 15
4 90 1 1 100 0.75 3 486 109 109 30 103 589 176 16
4 90 1 1 100 0.75 3 487 109 108 38 103 590 177 17
4 90 1 1 100 0.75 3 488 109 108 39 103 591 178 19
4 90 1 1 100 0.75 3 489 109 108 34 103 592 179 18
4 90 1 1 100 0.75 3 490 109 109 40 103 592 179 18
4 90 1 1 100 0.75 3 491 109 107 34 101 594 181 17
4 90 1 1 100 0.75 3 492 109 109 42 102 594 181 19
4 90 1 1 100 0.75 3 493 109 109 38 102 594 181 20
4 90 1 1 100 0.75 3 494 109 107 41 102 596 183 19
4 90 1 1 100 0.75 3 495 109 108 39 101 597 184 19
4 90 1 1 100 0.75 3 496 109 108 36 102 598 185 18
4 90 1 1 100 0.75 3 497 109 109 44 102 598 185 18
4 90 1 1 100 0.75 3 498 109 109 33 103 598 185 18
4 90 1 1 100 0.75 3 499 109 107 37 103 600 187 17
4 90 1 1 100 0.75 3 500 109 106 39 100 603 190 14
4 90 1 1 100 0.75 3 501 109 109 39 100 603 190 16
4 90 1 1 100 0.75 3 502 109 107 37 99 605 192 15
4 90 1 1 100 0.75 3 503 109 109 29 101 605 192 16
4 90 1 1 100 0.75 3 504 109 108 33 101 606 193 15
4 90 1 1 100 0.75 3 505 109 108 30 100 607 194 15
4 90 1 1 100 0.75 3 506 109 107 34 98 609 196 13
4 90 1 1 100 0.75 3 507 109 107 33 97 611 198 11
4 90 1 1 100 0.75 3 508 109 107 32 98 613 200 10
4 90 1 1 100 0.75 3 509 109 107 36 97 615 202 8
4 90 1 1 100 0.75 3 510 109 109 34 98 615 202 9
4 90 1 1 100 0.75 3 510 109 109 109 98 624 202 9
4 90 1 1 100 0.75 3 540 109 109 109 98 509 202 9
4 90 1 1 100 0.75 4 541 0 4 4 0 509 0 0
4 90 1 1 100 0.75 4 542 0 8 8 0 509 0 0
4 90 1 1 100 0.75 4 543 0 12 12 0 509 0 0
4 90 1 1 100 0.75 4 544 0 16 16 0 509 0 0
4 90 1 1 100 0.75 4 545 0 20 20 0 509 0 0
4 90 1 1 100 0.75 4 546 0 24 23 0 509 0 0
4 90 1 1 100 0.75 4 547 2 28 23 0 509 0 0
4 90 1 1 100 0.75 4 548 4 32 24 2 509 0 0
4 90 1 1 100 0.75 4 549 11 36 22 4 509 0 0
4 90 1 1 100 0.75 4 550 14 40 18 11 509 0 0
4 90 1 1 100 0.75 4 551 18 44 18 14 509 0 0
4 90 1 1 100 0.75 4 552 21 48 20 18 509 0 0
4 90 1 1 100 0.75 4 553 25 52 25 21 509 0 0
4 90 1 1 100 0.75 4 554 28 56 22 25 509 0 2
4 90 1 1 100 0.75 4 555 29 60 23 28 509 0 4
4 90 1 1 100 0.75 4 556 36 64 25 29 509 0 6
4 90 1 1 100 0.75 4 557 41 68 20 36 509 0 12
4 90 1 1 100 0.75 4 558 44 72 27 41 509 0 14
4 90 1 1 100 0.75 4 559 49 76 24 44 509 0 18
4 90 1 1 100 0.75 4 560 53 80 30 49 509 0 22
4 90 1 1 100 0.75 4 561 58 84 38 53 509 0 25
4 90 1 1 100 0.75 4 562 63 88 34 58 509 0 26
4 90 1 1 100 0.75 4 563 65 92 35 63 509 0 28
4 90 1 1 100 0.75 4 564 71 96 33 65 509 0 35
4 90 1 1 100 0.75 4 565 73 100 52 71 509 0 37
4 90 1 1 100 0.75 4 566 77 104 46 73 509 0 42
4 90 1 1 100 0.75 4 567 82 108 45 77 509 0 45
4 90 1 1 100 0.75 4 568 85 109 53 82 509 0 48
4 90 1 1 100 0.75 4 569 90 108 39 84 510 1 52
4 90 1 1 100 0.75 4 570 93 108 53 88 511 2 54
4 90 1 1 100 0.75 4 571 97 107 48 89 513 4 54
4 90 1 1 100 0.75 4 572 102 105 45 89 517 8 53
4 90 1 1 100 0.75 4 573 104 108 44 93 518 9 54
4 90 1 1 100 0.75 4 574 108 107 50 93 520 11 55
4 90 1 1 100 0.75 4 575 109 109 50 97 520 11 59
4 90 1 1 100 0.75 4 576 109 103 46 92 526 17 55
4 90 1 1 100 0.75 4 577 109 107 55 92 526 17 58
4 90 1 1 100 0.75 4 578 109 107 58 92 528 19 60
4 90 1 1 100 0.75 4 579 109 105 49 89 532 23 60
4 90 1 1 100 0.75 4 580 109 107 45 88 534 25 59
4 90 1 1 100 0.75 4 581 109 103 51 85 540 31 57
4 90 1 1 100 0.75 4 582 109 101 42 82 546 37 53
4 90 1 1 100 0.75 4 583 109 101 45 78 549 41 49
4 90 1 1 100 0.75 4 584 109 100 47 76 554 46 46
4 90 1 1 100 0.75 4 585 109 104 49 80 554 46 46
4 90 1 1 100 0.75 4 586 109 105 50 78 557 49 44
4 90 1 1 100 0.75 4 587 109 105 47 75 561 53 40
4 90 1 1 100 0.75 4 588 109 106 47 77 564 56 40
4 90 1 1 100 0.75 4 589 109 107 46 78 566 58 39
4 90 1 1 100 0.75 4 590 109 106 46 79 569 61 37
4 90 1 1 100 0.75 4 591 109 106 41 79 572 64 36
4 90 1 1 100 0.75 4 592 109 106 30 82 575 67 35
4 90 1 1 100 0.75 4 593 109 107 47 83 577 69 33
4 90 1 1 100 0.75 4 594 109 106 27 85 580 72 33
4 90 1 1 100 0.75 4 595 109 103 38 82 586 78 29
4 90 1 1 100 0.75 4 596 109 106 38 86 587 79 29
4 90 1 1 100 0.75 4 597 109 107 39 84 589 81 31
4 90 1 1 100 0.75 4 598 109 104 43 81 594 86 30
4 90 1 1 100 0.75 4 599 109 107 39 84 595 87 33
4 90 1 1 100 0.75 4 600 109 106 39 85 598 90 33
4 90 1 1 100 0.75 4 601 109 108 35 84 599 91 36
4 90 1 1 100 0.75 4 602 109 108 47 87 600 92 38
4 90 1 1 100 0.75 4 603 109 108 44 89 601 93 40
4 90 1 1 100 0.75 4 604 109 107 46 91 603 95 40
4 90 1 1 100 0.75 4 605 109 109 44 94 603 95 42
4 90 1 1 100 0.75 4 606 109 107 45 94 605 97 44
4 90 1 1 100 0.75 4 607 109 107 38 95 607 99 44
4 90 1 1 100 0.75 4 608 109 108 42 97 608 100 44
4 90 1 1 100 0.75 4 609 109 109 45 98 608 100 48
4 90 1 1 100 0.75 4 610 109 106 37 97 611 103 48
4 90 1 1 100 0.75 4 611 109 109 47 98 611 103 51
4 90 1 1 100 0.75 4 612 109 106 44 96 614 106 49
4 90 1 1 100 0.75 4 613 109 107 43 95 616 108 48
4 90 1 1 100 0.75 4 614 109 107 44 95 618 110 49
4 90 1 1 100 0.75 4 615 109 106 51 94 621 113 47
4 90 1 1 100 0.75 4 616 109 106 47 93 624 116 45
4 90 1 1 100 0.75 4 617 109 104 53 88 629 121 42
4 90 1 1 100 0.75 4 618 109 105 39 85 632 124 39
4 90 1 1 100 0.75 4 619 109 107 55 86 634 126 38
4 90 1 1 100 0.75 4 620 109 104 37 81 639 131 35
4 90 1 1 100 0.75 4 621 109 107 48 83 640 132 34
4 90 1 1 100 0.75 4 622 109 106 47 82 643 135 35
4 90 1 1 100 0.75 4 623 109 106 35 81 646 138 32
4 90 1 1 100 0.75 4 624 109 105 42 81 650 142 28
4 90 1 1 100 0.75 4 625 109 107 34 82 652 144 27
4 90 1 1 100 0.75 4 626 109 107 34 84 654 146 27
4 90 1 1 100 0.75 4 627 109 108 34 87 655 147 29
4 90 1 1 100 0.75 4 628 109 105 37 88 659 151 26
4 90 1 1 100 0.75 4 629 109 108 40 88 660 152 26
4 90 1 1 100 0.75 4 630 109 106 39 87 662 155 26
4 90 1 1 100 0.75 4 631 109 106 37 88 665 158 27
4 90 1 1 100 0.75 4 632 109 107 31 89 667 160 29
4 90 1 1 100 0.75 4 633 109 108 41 89 667 161 31
4 90 1 1 100 0.75 4 634 109 109 42 94 667 161 35
4 90 1 1 100 0.75 4 635 109 106 30 92 670 164 34
4 90 1 1 100 0.75 4 636 109 108 43 93 671 165 33
4 90 1 1 100 0.75 4 637 109 108 30 94 672 166 33
4 90 1 1 100 0.75 4 638 109 106 44 95 675 169 37
4 90 1 1 100 0.75 4 639 109 108 35 95 676 170 37
4 90 1 1 100 0.75 4 640 109 109 40 98 676 170 39
4 90 1 1 100 0.75 4 641 109 109 40 100 676 170 42
4 90 1 1 100 0.75 4 642 109 108 40 99 677 171 43
4 90 1 1 100 0.75 4 643 109 108 40 99 678 172 44
4 90 1 1 100 0.75 4 644 109 108 45 101 679 173 45
4 90 1 1 100 0.75 4 645 109 106 36 98 682 176 44
4 90 1 1 100 0.75 4 646 109 107 46 98 684 178 43
4 90 1 1 100 0.75 4 647 109 108 37 99 684 179 44
4 90 1 1 100 0.75 4 648 109 105 40 96 688 183 40
4 90 1 1 100 0.75 4 649 109 105 39 92 692 187 36
4 90 1 1 100 0.75 4 650 109 105 40 89 696 191 33
4 90 1 1 100 0.75 4 651 109 105 37 85 700 195 30
4 90 1 1 100 0.75 4 652 109 108 44 85 701 196 30
4 90 1 1 100 0.75 4 653 109 107 36 84 703 198 29
4 90 1 1 100 0.75 4 654 109 108 40 87 704 199 30
4 90 1 1 100 0.75 4 655 109 105 38 84 708 203 26
4 90 1 1 100 0.75 4 656 109 108 44 86 709 204 25
4 90 1 1 100 0.75 4 657 109 103 33 84 715 210 19
4 90 1 1 100 0.75 4 658 109 106 28 87 716 211 18
4 90 1 1 100 0.75 4 659 109 108 25 89 717 212 17
4 90 1 1 100 0.75 4 660 109 107 31 91 719 214 19
4 90 1 1 100 0.75 4 661 109 107 31 91 721 216 18
4 90 1 1 100 0.75 4 662 109 108 24 91 722 217 18
4 90 1 1 100 0.75 4 663 109 105 31 89 726 221 18
4 90 1 1 100 0.75 4 664 109 108 29 90 727 222 19
4 90 1 1 100 0.75 4 665 109 107 45 90 729 224 19
4 90 1 1 100 0.75 4 666 109 109 36 93 729 224 22
4 90 1 1 100 0.75 4 667 109 108 32 95 730 225 22
4 90 1 1 100 0.75 4 668 109 109 39 96 730 225 23
4 90 1 1 100 0.75 4 669 109 107 30 96 732 227 21
4 90 1 1 100 0.75 4 670 109 109 40 98 732 227 22
4 90 1 1 100 0.75 4 671 109 108 27 99 733 228 21
4 90 1 1 100 0.75 4 672 109 109 39 103 733 228 25
4 90 1 1 100 0.75 4 673 109 108 32 104 734 229 24
4 90 1 1 100 0.75 4 674 109 109 39 104 734 229 28
4 90 1 1 100 0.75 4 675 109 109 34 104 734 229 30
4 90 1 1 100 0.75 4 676 109 109 32 105 734 229 30
4 90 1 1 100 0.75 4 677 109 107 31 103 735 231 32
4 90 1 1 100 0.75 4 678 109 106 29 102 738 234 30
4 90 1 1 100 0.75 4 679 109 106 33 100 741 237 29
4 90 1 1 100 0.75 4 680 109 107 38 98 743 239 28
4 90 1 1 100 0.75 4 681 109 108 32 97 744 240 27
4 90 1 1 100 0.75 4 682 109 108 40 97 745 241 26
4 90 1 1 100 0.75 4 683 109 108 32 96 744 242 26
4 90 1 1 100 0.75 4 684 109 105 35 92 748 246 22
4 90 1 1 100 0.75 4 685 109 109 38 93 748 246 22
4 90 1 1 100 0.75 4 686 109 107 32 93 750 248 20
4 90 1 1 100 0.75 4 687 109 108 29 95 751 249 19
4 90 1 1 100 0.75 4 688 109 109 37 99 751 249 20
4 90 1 1 100 0.75 4 689 109 106 28 96 754 252 17
4 90 1 1 100 0.75 4 690 109 108 31 96 755 253 16
4 90 1 1 100 0.75 4 690 109 108 108 96 771 253 16
4 90 1 1 100 0.75 4 720 109 108 108 96 592 253 16
4 90 1 1 100 0.75 5 721 0 4 4 0 592 0 0
4 90 1 1 100 0.75 5 722 0 8 8 0 592 0 0
4 90 1 1 100 0.75 5 723 0 12 11 0 592 0 0
4 90 1 1 100 0.75 5 724 0 16 16 0 592 0 0
4 90 1 1 100 0.75 5 725 0 20 19 0 592 0 0
4 90 1 1 100 0.75 5 726 0 24 21 0 592 0 0
4 90 1 1 100 0.75 5 727 0 28 26 0 592 0 0
4 90 1 1 100 0.75 5 728 4 32 26 0 592 0 0
4 90 1 1 100 0.75 5 729 8 36 25 4 592 0 0
4 90 1 1 100 0.75 5 730 10 40 21 8 592 0 0
4 90 1 1 100 0.75 5 731 14 44 24 10 592 0 0
4 90 1 1 100 0.75 5 732 22 48 17 14 592 0 0
4 90 1 1 100 0.75 5 733 25 52 16 22 592 0 0
4 90 1 1 100 0.75 5 734 30 56 17 25 592 0 0
4 90 1 1 100 0.75 5 735 34 60 15 30 592 0 2
4 90 1 1 100 0.75 5 736 37 64 25 34 592 0 6
4 90 1 1 100 0.75 5 737 42 68 20 37 592 0 8
4 90 1 1 100 0.75 5 738 45 72 29 42 592 0 11
4 90 1 1 100 0.75 5 739 50 76 23 45 592 0 15
4 90 1 1 100 0.75 5 740 51 80 34 50 592 0 21
4 90 1 1 100 0.75 5 741 56 84 36 51 592 0 23
4 90 1 1 100 0.75 5 742 60 88 37 56 592 0 27
4 90 1 1 100 0.75 5 743 67 92 33 60 592 0 29
4 90 1 1 100 0.75 5 744 71 96 33 67 592 0 32
4 90 1 1 100 0.75 5 745 74 100 40 71 592 0 35
4 90 1 1 100 0.75 5 746 77 104 44 74 592 0 41
4 90 1 1 100 0.75 5 747 82 108 50 77 592 0 43
4 90 1 1 100 0.75 5 748 87 109 44 82 592 0 47
4 90 1 1 100 0.75 5 749 90 109 48 87 592 0 50
4 90 1 1 100 0.75 5 750 95 108 40 89 593 1 53
4 90 1 1 100 0.75 5 751 100 108 45 93 594 2 57
4 90 1 1 100 0.75 5 752 101 107 49 96 596 4 59
4 90 1 1 100 0.75 5 753 104 108 44 96 597 5 60
4 90 1 1 100 0.75 5 754 108 106 44 96 600 8 59
4 90 1 1 100 0.75 5 755 109 103 45 94 606 14 57
4 90 1 1 100 0.75 5 756 109 104 49 92 608 17 57
4 90 1 1 100 0.75 5 757 109 105 50 89 611 20 58
4 90 1 1 100 0.75 5 758 109 106 42 87 614 23 61
4 90 1 1 100 0.75 5 759 109 105 51 83 618 27 59
4 90 1 1 100 0.75 5 760 109 109 52 85 618 27 61
4 90 1 1 100 0.75 5 761 109 106 50 84 621 30 58
4 90 1 1 100 0.75 5 762 109 101 45 76 629 38 55
4 90 1 1 100 0.75 5 763 109 102 45 78 632 41 52
4 90 1 1 100 0.75 5 764 109 103 40 81 635 44 49
4 90 1 1 100 0.75 5 765 109 104 43 81 637 47 46
4 90 1 1 100 0.75 5 766 109 103 48 78 642 52 42
4 90 1 1 100 0.75 5 767 109 105 38 81 644 54 41
4 90 1 1 100 0.75 5 768 109 107 45 79 646 56 40
4 90 1 1 100 0.75 5 769 109 106 43 77 649 59 38
4 90 1 1 100 0.75 5 770 109 106 48 80 651 62 41
4 90 1 1 100 0.75 5 771 109 108 36 81 652 63 43
4 90 1 1 100 0.75 5 772 109 103 43 78 658 69 40
4 90 1 1 100 0.75 5 773 109 101 35 78 664 75 35
4 90 1 1 100 0.75 5 774 109 103 42 79 666 77 35
4 90 1 1 100 0.75 5 775 109 106 39 83 667 78 34
4 90 1 1 100 0.75 5 776 109 105 38 80 671 82 32
4 90 1 1 100 0.75 5 777 109 103 40 77 677 88 27
4 90 1 1 100 0.75 5 778 109 106 39 81 678 89 28
4 90 1 1 100 0.75 5 779 109 108 35 81 679 90 30
4 90 1 1 100 0.75 5 780 109 108 40 84 680 91 31
4 90 1 1 100 0.75 5 781 109 108 44 85 681 92 35
4 90 1 1 100 0.75 5 782 109 106 35 85 684 95 35
4 90 1 1 100 0.75 5 783 109 109 36 89 684 95 36
4 90 1 1 100 0.75 5 784 109 109 38 93 684 95 39
4 90 1 1 100 0.75 5 785 109 105 36 93 688 99 38
4 90 1 1 100 0.75 5 786 109 106 38 95 691 102 39
4 90 1 1 100 0.75 5 787 109 107 39 95 693 104 38
4 90 1 1 100 0.75 5 788 109 108 33 95 694 105 39
4 90 1 1 100 0.75 5 789 109 107 50 94 696 107 40
4 90 1 1 100 0.75 5 790 109 108 43 94 697 108 42
4 90 1 1 100 0.75 5 791 109 106 40 92 700 111 42
4 90 1 1 100 0.75 5 792 109 107 32 91 702 113 42
4 90 1 1 100 0.75 5 793 109 109 46 92 702 113 46
4 90 1 1 100 0.75 5 794 109 108 39 93 703 114 47
4 90 1 1 100 0.75 5 795 109 108 40 97 704 115 46
4 90 1 1 100 0.75 5 796 109 107 41 97 706 117 44
4 90 1 1 100 0.75 5 797 109 105 37 93 710 121 40
4 90 1 1 100 0.75 5 798 109 105 35 90 714 125 38
4 90 1 1 100 0.75 5 799 109 107 32 93 716 127 37
4 90 1 1 100 0.75 5 800 109 102 42 88 723 134 31
4 90 1 1 100 0.75 5 801 109 106 42 88 723 134 34
4 90 1 1 100 0.75 5 802 109 105 47 85 727 138 31
4 90 1 1 100 0.75 5 803 109 109 34 85 727 138 32
4 90 1 1 100 0.75 5 804 109 107 44 85 729 140 30
4 90 1 1 100 0.75 5 805 109 107 35 86 731 142 30
4 90 1 1 100 0.75 5 806 109 107 41 88 733 144 29
4 90 1 1 100 0.75 5 807 109 104 32 85 738 149 24
4 90 1 1 100 0.75 5 808 109 104 35 84 742 153 20
4 90 1 1 100 0.75 5 809 109 107 30 87 743 154 20
4 90 1 1 100 0.75 5 810 109 108 34 89 744 155 20
4 90 1 1 100 0.75 5 811 109 103 27 85 750 161 16
4 90 1 1 100 0.75 5 812 109 107 31 86 750 161 17
4 90 1 1 100 0.75 5 813 109 109 39 89 750 161 20
4 90 1 1 100 0.75 5 814 109 108 42 90 751 162 20
4 90 1 1 100 0.75 5 815 109 108 31 92 752 163 21
4 90 1 1 100 0.75 5 816 109 109 32 95 752 163 24
4 90 1 1 100 0.75 5 817 109 107 33 96 754 165 24
4 90 1 1 100 0.75 5 818 109 107 37 97 756 167 23
4 90 1 1 100 0.75 5 819 109 108 34 96 757 168 24
4 90 1 1 100 0.75 5 820 109 108 42 99 758 169 26
4 90 1 1 100 0.75 5 821 109 106 33 98 761 172 24
4 90 1 1 100 0.75 5 822 109 109 45 99 761 172 27
4 90 1 1 100 0.75 5 823 109 109 39 99 761 172 28
4 90 1 1 100 0.75 5 824 109 108 40 98 762 173 29
4 90 1 1 100 0.75 5 825 109 109 32 100 762 173 30
4 90 1 1 100 0.75 5 826 109 108 32 100 763 174 30
4 90 1 1 100 0.75 5 827 109 108 37 101 764 175 31
4 90 1 1 100 0.75 5 828 109 108 38 102 765 176 32
4 90 1 1 100 0.75 5 829 109 107 34 102 767 178 30
4 90 1 1 100 0.75 5 830 109 106 34 100 770 181 27
4 90 1 1 100 0.75 5 831 109 107 36 98 772 183 26
4 90 1 1 100 0.75 5 832 109 108 28 97 773 184 26
4 90 1 1 100 0.75 5 833 109 107 39 96 775 186 25
4 90 1 1 100 0.75 5 834 109 107 32 94 776 188 24
4 90 1 1 100 0.75 5 835 109 107 40 94 778 190 24
4 90 1 1 100 0.75 5 836 109 107 36 92 780 192 24
4 90 1 1 100 0.75 5 837 109 108 40 93 781 193 23
4 90 1 1 100 0.75 5 838 109 108 37 93 782 194 22
4 90 1 1 100 0.75 5 839 109 107 33 95 784 196 20
4 90 1 1 100 0.75 5 840 109 106 31 94 787 199 18
4 90 1 1 100 0.75 5 841 109 108 34 94 788 200 18
4 90 1 1 100 0.75 5 842 109 107 29 94 790 202 16
4 90 1 1 100 0.75 5 843 109 107 31 92 792 204 15
4 90 1 1 100 0.75 5 844 109 108 33 94 793 205 15
4 90 1 1 100 0.75 5 845 109 109 33 96 793 205 16
4 90 1 1 100 0.75 5 846 109 109 33 98 793 205 18
4 90 1 1 100 0.75 5 847 109 106 29 97 796 208 16
4 90 1 1 100 0.75 5 848 109 109 38 100 796 208 18
4 90 1 1 100 0.75 5 849 109 109 32 101 796 208 18
4 90 1 1 100 0.75 5 850 109 108 27 100 797 209 18
4 90 1 1 100 0.75 5 851 109 107 36 102 799 211 18
4 90 1 1 100 0.75 5 852 109 104 33 98 804 216 16
4 90 1 1 100 0.75 5 853 109 108 34 98 804 216 17
4 90 1 1 100 0.75 5 854 109 109 33 98 804 216 20
4 90 1 1 100 0.75 5 855 109 109 28 100 804 216 21
4 90 1 1 100 0.75 5 856 109 108 37 100 805 217 20
4 90 1 1 100 0.75 5 857 109 109 27 100 805 217 20
4 90 1 1 100 0.75 5 858 109 109 39 100 805 217 22
4 90 1 1 100 0.75 5 859 109 108 34 101 806 218 21
4 90 1 1 100 0.75 5 860 109 109 37 104 806 218 21
4 90 1 1 100 0.75 5 861 109 108 27 106 807 219 20
4 90 1 1 100 0.75 5 862 109 106 34 103 810 222 18
4 90 1 1 100 0.75 5 863 109 109 39 103 810 222 19
4 90 1 1 100 0.75 5 864 109 108 27 103 811 223 18
4 90 1 1 100 0.75 5 865 109 107 30 101 813 225 18
4 90 1 1 100 0.75 5 866 109 108 29 100 814 226 18
4 90 1 1 100 0.75 5 867 109 105 38 97 818 230 16
4 90 1 1 100 0.75 5 868 109 109 28 97 818 230 17
4 90 1 1 100 0.75 5 869 109 108 34 96 819 231 16
4 90 1 1 100 0.75 5 870 109 108 23 97 820 232 15
4 90 1 1 100 0.75 5 870 109 108 108 97 835 232 15
4 90 1 1 100 0.75 5 900 109 108 108 97 632 232 15
4 90 1 1 100 0.75 6 901 0 4 4 0 632 0 0
4 90 1 1 100 0.75 6 902 0 8 8 0 632 0 0
4 90 1 1 100 0.75 6 903 0 12 12 0 632 0 0
4 90 1 1 100 0.75 6 904 0 16 16 0 632 0 0
4 90 1 1 100 0.75 6 905 0 20 20 0 632 0 0
4 90 1 1 100 0.75 6 906 0 24 24 0 632 0 0
4 90 1 1 100 0.75 6 907 0 28 21 0 632 0 0
4 90 1 1 100 0.75 6 908 1 32 26 0 632 0 0
4 90 1 1 100 0.75 6 909 8 36 21 1 632 0 0
4 90 1 1 100 0.75 6 910 11 40 22 8 632 0 0
4 90 1 1 100 0.75 6 911 16 44 23 11 632 0 0
4 90 1 1 100 0.75 6 912 21 48 16 16 632 0 0
4 90 1 1 100 0.75 6 913 24 52 18 21 632 0 0
4 90 1 1 100 0.75 6 914 29 56 16 24 632 0 0
4 90 1 1 100 0.75 6 915 33 60 15 29 632 0 1
4 90 1 1 100 0.75 6 916 38 64 16 33 632 0 3
4 90 1 1 100 0.75 6 917 43 68 23 38 632 0 7
4 90 1 1 100 0.75 6 918 46 72 25 43 632 0 12
4 90 1 1 100 0.75 6 919 50 76 26 46 632 0 14
4 90 1 1 100 0.75 6 920 55 80 26 50 632 0 17
4 90 1 1 100 0.75 6 921 56 84 41 55 632 0 21
4 90 1 1 100 0.75 6 922 62 88 34 56 632 0 22
4 90 1 1 100 0.75 6 923 64 92 40 62 632 0 27
4 90 1 1 100 0.75 6 924 70 96 37 64 632 0 29
4 90 1 1 100 0.75 6 925 72 100 38 70 632 0 35
4 90 1 1 100 0.75 6 926 77 104 42 72 632 0 36
4 90 1 1 100 0.75 6 927 81 108 44 77 632 0 38
4 90 1 1 100 0.75 6 928 87 109 43 81 632 0 40
4 90 1 1 100 0.75 6 929 88 109 41 87 632 0 42
4 90 1 1 100 0.75 6 930 93 109 46 88 632 0 43
4 90 1 1 100 0.75 6 931 98 109 35 93 632 0 46
4 90 1 1 100 0.75 6 932 101 108 46 97 633 1 49
4 90 1 1 100 0.75 6 933 106 106 40 97 636 4 49
4 90 1 1 100 0.75 6 934 108 108 45 101 637 5 50
4 90 1 1 100 0.75 6 935 109 106 41 100 640 8 54
4 90 1 1 100 0.75 6 936 109 107 51 99 642 10 53
4 90 1 1 100 0.75 6 937 109 106 40 96 645 13 52
4 90 1 1 100 0.75 6 938 109 101 45 88 653 21 48
4 90 1 1 100 0.75 6 939 109 101 52 84 657 25 47
4 90 1 1 100 0.75 6 940 109 104 52 84 658 26 49
4 90 1 1 100 0.75 6 941 109 105 50 82 661 29 48
4 90 1 1 100 0.75 6 942 109 105 47 81 665 33 45
4 90 1 1 100 0.75 6 943 109 109 47 82 665 33 45
4 90 1 1 100 0.75 6 944 109 105 45 81 669 37 41
4 90 1 1 100 0.75 6 945 109 106 52 79 671 40 38
4 90 1 1 100 0.75 6 946 109 109 43 82 671 40 38
4 90 1 1 100 0.75 6 947 109 108 43 86 672 41 39
4 90 1 1 100 0.75 6 948 109 104 46 85 677 46 35
4 90 1 1 100 0.75 6 949 109 107 39 89 677 47 36
4 90 1 1 100 0.75 6 950 109 108 43 92 678 48 37
4 90 1 1 100 0.75 6 951 109 105 40 90 682 52 33
4 90 1 1 100 0.75 6 952 109 105 38 87 686 56 31
4 90 1 1 100 0.75 6 953 109 102 39 84 693 63 28
4 90 1 1 100 0.75 6 954 109 105 40 84 694 64 32
4 90 1 1 100 0.75 6 955 109 104 37 81 699 69 29
4 90 1 1 100 0.75 6 956 109 106 41 80 701 71 28
4 90 1 1 100 0.75 6 957 109 106 41 80 704 74 28
4 90 1 1 100 0.75 6 958 109 108 32 81 705 75 28
4 90 1 1 100 0.75 6 959 109 107 45 81 707 77 28
4 90 1 1 100 0.75 6 960 109 109 35 87 707 77 29
4 90 1 1 100 0.75 6 961 109 108 34 90 708 78 30
4 90 1 1 100 0.75 6 962 109 108 41 91 709 79 30
4 90 1 1 100 0.75 6 963 109 109 31 95 709 79 31
4 90 1 1 100 0.75 6 964 109 109 28 98 709 79 33
4 90 1 1 100 0.75 6 965 109 108 37 101 710 80 34
4 90 1 1 100 0.75 6 966 109 109 36 103 710 80 37
4 90 1 1 100 0.75 6 967 109 108 42 105 711 81 42
4 90 1 1 100 0.75 6 968 109 105 41 101 715 85 40
4 90 1 1 100 0.75 6 969 109 106 37 99 718 88 38
4 90 1 1 100 0.75 6 970 109 105 43 95 721 92 39
4 90 1 1 100 0.75 6 971 109 108 45 95 722 93 41
4 90 1 1 100 0.75 6 972 109 107 46 93 724 95 41
4 90 1 1 100 0.75 6 973 109 107 43 91 726 97 41
4 90 1 1 100 0.75 6 974 109 108 44 91 727 98 41
4 90 1 1 100 0.75 6 975 109 107 41 90 729 100 40
4 90 1 1 100 0.75 6 976 109 106 44 88 731 103 37
4 90 1 1 100 0.75 6 977 109 106 42 89 734 106 34
4 90 1 1 100 0.75 6 978 109 107 36 92 736 108 33
4 90 1 1 100 0.75 6 979 109 108 39 92 737 109 32
4 90 1 1 100 0.75 6 980 109 109 38 94 737 109 32
4 90 1 1 100 0.75 6 981 109 109 35 97 737 109 33
4 90 1 1 100 0.75 6 982 109 107 37 96 739 111 31
4 90 1 1 100 0.75 6 983 109 104 28 92 744 116 29
4 90 1 1 100 0.75 6 984 109 103 40 89 749 121 26
4 90 1 1 100 0.75 6 985 109 104 29 89 751 124 25
4 90 1 1 100 0.75 6 986 109 105 29 89 754 127 23
4 90 1 1 100 0.75 6 987 109 108 35 89 755 128 23
4 90 1 1 100 0.75 6 988 109 107 36 88 757 130 22
4 90 1 1 100 0.75 6 989 109 108 36 87 758 131 22
4 90 1 1 100 0.75 6 990 109 105 32 84 762 135 20
4 90 1 1 100 0.75 6 991 109 109 28 86 762 135 22
4 90 1 1 100 0.75 6 992 109 105 24 87 766 139 20
4 90 1 1 100 0.75 6 993 109 109 29 93 766 139 22
4 90 1 1 100 0.75 6 994 109 108 30 94 767 140 23
4 90 1 1 100 0.75 6 995 109 109 36 96 767 140 23
4 90 1 1 100 0.75 6 996 109 109 22 97 767 140 24
4 90 1 1 100 0.75 6 997 109 108 31 98 768 141 24
4 90 1 1 100 0.75 6 998 109 108 36 100 769 142 24
4 90 1 1 100 0.75 6 999 109 106 34 99 772 145 26
4 90 1 1 100 0.75 6 1000 109 108 30 101 773 146 28
4 90 1 1 100 0.75 6 1001 109 107 29 100 775 148 28
4 90 1 1 100 0.75 6 1002 109 107 29 98 777 150 26
4 90 1 1 100 0.75 6 1003 109 109 34 99 777 150 28
4 90 1 1 100 0.75 6 1004 109 108 40 98 778 151 30
4 90 1 1 100 0.75 6 1005 109 108 29 98 779 152 31
4 90 1 1 100 0.75 6 1006 109 108 42 98 780 153 31
4 90 1 1 100 0.75 6 1007 109 108 40 98 781 154 32
4 90 1 1 100 0.75 6 1008 109 106 30 97 784 157 29
4 90 1 1 100 0.75 6 1009 109 108 31 97 785 158 29
4 90 1 1 100 0.75 6 1010 109 107 37 98 787 160 27
4 90 1 1 100 0.75 6 1011 109 106 36 96 790 163 24
4 90 1 1 100 0.75 6 1012 109 108 32 95 791 164 24
4 90 1 1 100 0.75 6 1013 109 108 32 96 792 165 23
4 90 1 1 100 0.75 6 1014 109 108 34 96 793 166 24
4 90 1 1 100 0.75 6 1015 109 106 34 94 796 169 22
4 90 1 1 100 0.75 6 1016 109 109 37 95 796 169 22
4 90 1 1 100 0.75 6 1017 109 107 36 95 798 171 22
4 90 1 1 100 0.75 6 1018 109 106 26 93 801 174 19
4 90 1 1 100 0.75 6 1019 109 107 28 94 803 176 17
4 90 1 1 100 0.75 6 1020 109 106 30 94 806 179 16
4 90 1 1 100 0.75 6 1021 109 107 34 93 808 181 15
4 90 1 1 100 0.75 6 1022 109 108 35 93 809 182 14
4 90 1 1 100 0.75 6 1023 109 107 25 91 811 184 13
4 90 1 1 100 0.75 6 1024 109 108 27 93 812 185 15
4 90 1 1 100 0.75 6 1025 109 109 30 93 812 185 16
4 90 1 1 100 0.75 6 1026 109 109 39 98 812 185 18
4 90 1 1 100 0.75 6 1027 109 108 31 99 813 186 19
4 90 1 1 100 0.75 6 1028 109 108 31 99 814 187 18
4 90 1 1 100 0.75 6 1029 109 109 28 101 814 187 19
4 90 1 1 100 0.75 6 1030 109 108 30 102 815 188 19
4 90 1 1 100 0.75 6 1031 109 108 27 103 816 189 19
4 90 1 1 100 0.75 6 1032 109 108 21 103 817 190 20
4 90 1 1 100 0.75 6 1033 109 107 29 102 819 192 21
4 90 1 1 100 0.75 6 1034 109 109 28 102 819 192 23
4 90 1 1 100 0.75 6 1035 109 109 28 103 819 192 24
4 90 1 1 100 0.75 6 1036 109 109 32 104 819 192 25
4 90 1 1 100 0.75 6 1037 109 107 27 102 821 194 26
4 90 1 1 100 0.75 6 1038 109 108 30 102 822 195 26
4 90 1 1 100 0.75 6 1039 109 109 36 103 822 195 26
4 90 1 1 100 0.75 6 1040 109 107 37 102 824 197 25
4 90 1 1 100 0.75 6 1041 109 108 30 102 825 198 24
4 90 1 1 100 0.75 6 1042 109 109 31 103 825 198 25
4 90 1 1 100 0.75 6 1043 109 108 34 102 826 199 24
4 90 1 1 100 0.75 6 1044 109 107 29 100 828 201 23
4 90 1 1 100 0.75 6 1045 109 106 36 99 831 204 20
4 90 1 1 100 0.75 6 1046 109 106 32 96 834 207 18
4 90 1 1 100 0.75 6 1047 109 109 32 97 834 207 20
4 90 1 1 100 0.75 6 1048 109 107 30 97 836 209 19
4 90 1 1 100 0.75 6 1049 109 107 26 96 837 211 17
4 90 1 1 100 0.75 6 1050 109 108 25 95 838 212 16
4 90 1 1 100 0.75 6 1050 109 108 108 95 854 212 16
4 90 1 1 100 0.75 6 1080 109 108 108 95 654 212 16
4 90 1 1 100 0.75 7 1081 0 4 4 0 654 0 0
4 90 1 1 100 0.75 7 1082 0 8 8 0 654 0 0
4 90 1 1 100 0.75 7 1083 0 12 12 0 654 0 0
4 90 1 1 100 0.75 7 1084 0 16 16 0 654 0 0
4 90 1 1 100 0.75 7 1085 0 20 20 0 654 0 0
4 90 1 1 100 0.75 7 1086 0 24 22 0 654 0 0
4 90 1 1 100 0.75 7 1087 1 28 23 0 654 0 0
4 90 1 1 100 0.75 7 1088 3 32 24 1 654 0 0
4 90 1 1 100 0.75 7 1089 8 36 22 3 654 0 0
4 90 1 1 100 0.75 7 1090 12 40 21 8 654 0 0
4 90 1 1 100 0.75 7 1091 17 44 17 12 654 0 0
4 90 1 1 100 0.75 7 1092 19 48 18 17 654 0 0
4 90 1 1 100 0.75 7 1093 24 52 19 19 654 0 0
4 90 1 1 100 0.75 7 1094 29 56 18 24 654 0 1
4 90 1 1 100 0.75 7 1095 35 60 15 29 654 0 2
4 90 1 1 100 0.75 7 1096 37 64 19 35 654 0 6
4 90 1 1 100 0.75 7 1097 43 68 13 37 653 0 9
4 90 1 1 100 0.75 7 1098 45 72 30 43 653 0 16
4 90 1 1 100 0.75 7 1099 51 76 23 45 653 0 17
4 90 1 1 100 0.75 7 1100 52 80 27 51 653 0 20
4 90 1 1 100 0.75 7 1101 57 84 28 52 653 0 22
4 90 1 1 100 0.75 7 1102 61 88 40 57 653 0 28
4 90 1 1 100 0.75 7 1103 66 92 32 61 653 0 30
4 90 1 1 100 0.75 7 1104 68 96 39 66 653 0 32
4 90 1 1 100 0.75 7 1105 74 100 41 68 653 0 34
4 90 1 1 100 0.75 7 1106 77 104 43 74 653 0 38
4 90 1 1 100 0.75 7 1107 81 108 45 77 653 0 39
4 90 1 1 100 0.75 7 1108 86 109 41 81 652 0 42
4 90 1 1 100 0.75 7 1109 88 108 44 85 653 1 45
4 90 1 1 100 0.75 7 1110 94 108 46 86 653 2 46
4 90 1 1 100 0.75 7 1111 96 108 52 91 654 3 47
4 90 1 1 100 0.75 7 1112 102 108 38 92 655 4 49
4 90 1 1 100 0.75 7 1113 104 105 35 94 659 8 47
4 90 1 1 100 0.75 7 1114 108 108 41 95 660 9 50
4 90 1 1 100 0.75 7 1115 109 107 46 97 662 11 51
4 90 1 1 100 0.75 7 1116 109 104 42 93 667 16 48
4 90 1 1 100 0.75 7 1117 109 105 45 90 670 19 47
4 90 1 1 100 0.75 7 1118 109 107 44 90 672 21 50
4 90 1 1 100 0.75 7 1119 109 104 41 85 677 26 48
4 90 1 1 100 0.75 7 1120 109 105 46 83 680 29 46
4 90 1 1 100 0.75 7 1121 109 106 41 82 683 32 45
4 90 1 1 100 0.75 7 1122 109 108 52 84 684 33 44
4 90 1 1 100 0.75 7 1123 109 106 39 83 687 36 42
4 90 1 1 100 0.75 7 1124 109 105 40 82 691 40 39
4 90 1 1 100 0.75 7 1125 109 104 42 78 696 45 35
4 90 1 1 100 0.75 7 1126 109 105 45 80 699 48 32
4 90 1 1 100 0.75 7 1127 109 108 31 82 700 49 34
4 90 1 1 100 0.75 7 1128 109 107 34 87 702 51 32
4 90 1 1 100 0.75 7 1129 109 107 45 87 704 53 35
4 90 1 1 100 0.75 7 1130 109 104 34 83 709 58 30
4 90 1 1 100 0.75 7 1131 109 108 39 85 709 58 34
4 90 1 1 100 0.75 7 1132 109 106 39 87 712 61 33
4 90 1 1 100 0.75 7 1133 109 106 35 88 715 64 34
4 90 1 1 100 0.75 7 1134 109 107 38 87 717 66 32
4 90 1 1 100 0.75 7 1135 109 105 33 86 720 70 33
4 90 1 1 100 0.75 7 1136 109 106 44 85 722 73 32
4 90 1 1 100 0.75 7 1137 109 108 36 85 723 74 32
4 90 1 1 100 0.75 7 1138 109 108 39 88 724 75 34
4 90 1 1 100 0.75 7 1139 109 109 30 91 724 75 37
4 90 1 1 100 0.75 7 1140 109 107 34 91 726 77 35
4 90 1 1 100 0.75 7 1141 109 107 33 94 728 79 35
4 90 1 1 100 0.75 7 1142 109 109 34 95 728 79 37
4 90 1 1 100 0.75 7 1143 109 109 41 97 728 79 39
4 90 1 1 100 0.75 7 1144 109 104 31 96 733 84 36
4 90 1 1 100 0.75 7 1145 109 108 28 99 733 84 38
4 90 1 1 100 0.75 7 1146 109 105 35 95 737 88 38
4 90 1 1 100 0.75 7 1147 109 107 38 93 739 90 39
4 90 1 1 100 0.75 7 1148 109 106 40 92 742 93 38
4 90 1 1 100 0.75 7 1149 109 106 32 91 745 96 36
4 90 1 1 100 0.75 7 1150 109 106 40 89 748 99 34
4 90 1 1 100 0.75 7 1151 109 109 47 89 748 99 39
4 90 1 1 100 0.75 7 1152 109 106 37 87 751 102 37
4 90 1 1 100 0.75 7 1153 109 108 32 90 752 103 36
4 90 1 1 100 0.75 7 1154 109 107 43 88 754 105 35
4 90 1 1 100 0.75 7 1155 109 106 33 89 757 108 32
4 90 1 1 100 0.75 7 1156 109 106 36 88 760 111 29
4 90 1 1 100 0.75 7 1157 109 109 38 91 760 111 30
4 90 1 1 100 0.75 7 1158 109 107 35 93 762 113 28
4 90 1 1 100 0.75 7 1159 109 106 35 92 765 116 27
4 90 1 1 100 0.75 7 1160 109 108 35 92 766 117 29
4 90 1 1 100 0.75 7 1161 109 108 31 93 767 118 29
4 90 1 1 100 0.75 7 1162 109 106 39 92 770 121 30
4 90 1 1 100 0.75 7 1163 109 106 34 92 773 124 29
4 90 1 1 100 0.75 7 1164 109 106 36 93 776 127 28
4 90 1 1 100 0.75 7 1165 109 108 41 92 777 128 28
4 90 1 1 100 0.75 7 1166 109 105 38 89 781 132 26
4 90 1 1 100 0.75 7 1167 109 107 32 90 783 134 25
4 90 1 1 100 0.75 7 1168 109 107 42 89 785 136 24
4 90 1 1 100 0.75 7 1169 109 108 36 89 786 137 26
4 90 1 1 100 0.75 7 1170 109 108 29 91 787 138 30
4 90 1 1 100 0.75 7 1171 109 107 34 92 789 140 28
4 90 1 1 100 0.75 7 1172 109 109 33 94 789 140 28
4 90 1 1 100 0.75 7 1173 109 109 33 96 789 140 29
4 90 1 1 100 0.75 7 1174 109 109 33 99 789 140 30
4 90 1 1 100 0.75 7 1175 109 107 34 100 791 142 29
4 90 1 1 100 0.75 7 1176 109 108 41 102 791 143 30
4 90 1 1 100 0.75 7 1177 109 108 38 102 792 144 29
4 90 1 1 100 0.75 7 1178 109 107 38 100 794 146 28
4 90 1 1 100 0.75 7 1179 109 107 38 100 796 148 29
4 90 1 1 100 0.75 7 1180 109 107 32 99 798 150 27
4 90 1 1 100 0.75 7 1181 109 108 34 98 799 151 28
4 90 1 1 100 0.75 7 1182 109 107 38 96 801 153 28
4 90 1 1 100 0.75 7 1183 109 106 32 94 804 156 27
4 90 1 1 100 0.75 7 1184 109 104 28 91 809 161 22
4 90 1 1 100 0.75 7 1185 109 107 41 90 810 162 21
4 90 1 1 100 0.75 7 1186 109 108 32 90 811 163 22
4 90 1 1 100 0.75 7 1187 109 107 28 91 813 165 20
4 90 1 1 100 0.75 7 1188 109 107 29 91 814 167 18
4 90 1 1 100 0.75 7 1189 109 108 28 92 815 168 17
4 90 1 1 100 0.75 7 1190 109 108 35 91 816 169 17
4 90 1 1 100 0.75 7 1191 109 108 27 93 817 170 16
4 90 1 1 100 0.75 7 1192 109 109 25 96 817 170 16
4 90 1 1 100 0.75 7 1193 109 107 27 98 819 172 16
4 90 1 1 100 0.75 7 1194 109 109 30 100 819 172 18
4 90 1 1 100 0.75 7 1195 109 107 29 99 821 174 17
4 90 1 1 100 0.75 7 1196 109 105 29 96 825 178 14
4 90 1 1 100 0.75 7 1197 109 109 29 98 825 178 16
4 90 1 1 100 0.75 7 1198 109 107 27 97 827 180 16
4 90 1 1 100 0.75 7 1199 109 108 35 98 828 181 19
4 90 1 1 100 0.75 7 1200 109 109 29 98 828 181 20
4 90 1 1 100 0.75 7 1201 109 108 29 98 829 182 20
4 90 1 1 100 0.75 7 1202 109 109 36 99 829 182 22
4 90 1 1 100 0.75 7 1203 109 107 30 98 831 184 21
4 90 1 1 100 0.75 7 1204 109 109 41 100 831 184 22
4 90 1 1 100 0.75 7 1205 109 108 20 102 832 185 22
4 90 1 1 100 0.75 7 1206 109 109 36 102 832 185 23
4 90 1 1 100 0.75 7 1207 109 109 25 104 832 185 23
4 90 1 1 100 0.75 7 1208 109 107 29 103 834 187 21
4 90 1 1 100 0.75 7 1209 109 109 27 104 834 187 22
4 90 1 1 100 0.75 7 1210 109 109 29 104 834 187 22
4 90 1 1 100 0.75 7 1211 109 108 27 105 835 188 25
4 90 1 1 100 0.75 7 1212 109 107 28 103 837 190 24
4 90 1 1 100 0.75 7 1213 109 108 32 103 838 191 24
4 90 1 1 100 0.75 7 1214 109 108 34 102 839 192 25
4 90 1 1 100 0.75 7 1215 109 106 28 99 842 195 22
4 90 1 1 100 0.75 7 1216 109 108 32 100 843 196 21
4 90 1 1 100 0.75 7 1217 109 106 32 97 846 199 19
4 90 1 1 100 0.75 7 1218 109 107 32 95 848 201 17
4 90 1 1 100 0.75 7 1219 109 108 30 95 849 202 16
4 90 1 1 100 0.75 7 1220 109 106 25 92 852 205 13
4 90 1 1 100 0.75 7 1221 109 107 20 93 854 207 11
4 90 1 1 100 0.75 7 1222 109 109 35 94 854 207 12
4 90 1 1 100 0.75 7 1223 109 108 23 95 855 208 11
4 90 1 1 100 0.75 7 1224 109 109 30 96 855 208 11
4 90 1 1 100 0.75 7 1225 109 109 29 98 855 208 12
4 90 1 1 100 0.75 7 1226 109 108 35 99 856 209 11
4 90 1 1 100 0.75 7 1227 109 107 25 99 858 211 9
4 90 1 1 100 0.75 7 1228 109 108 34 102 859 212 11
4 90 1 1 100 0.75 7 1229 109 108 16 102 860 213 11
4 90 1 1 100 0.75 7 1230 109 108 28 102 861 214 11
4 90 1 1 100 0.75 7 1230 109 108 108 102 872 214 11
4 90 1 1 100 0.75 7 1260 109 108 108 102 631 214 11
4 90 1 1 100 0.75 8 1261 0 4 4 0 631 0 0
4 90 1 1 100 0.75 8 1262 0 8 8 0 631 0 0
4 90 1 1 100 0.75 8 1263 0 12 12 0 631 0 0
4 90 1 1 100 0.75 8 1264 0 16 16 0 631 0 0
4 90 1 1 100 0.75 8 1265 0 20 20 0 631 0 0
4 90 1 1 100 0.75 8 1266 0 24 22 0 631 0 0
4 90 1 1 100 0.75 8 1267 1 28 24 0 631 0 0
4 90 1 1 100 0.75 8 1268 3 32 27 1 631 0 0
4 90 1 1 100 0.75 8 1269 9 36 22 3 631 0 0
4 90 1 1 100 0.75 8 1270 13 40 19 9 631 0 0
4 90 1 1 100 0.75 8 1271 18 44 19 13 631 0 0
4 90 1 1 100 0.75 8 1272 23 48 19 18 630 0 0
4 90 1 1 100 0.75 8 1273 25 52 20 23 630 0 0
4 90 1 1 100 0.75 8 1274 30 56 13 25 630 0 0
4 90 1 1 100 0.75 8 1275 34 60 18 30 630 0 2
4 90 1 1 100 0.75 8 1276 37 64 13 34 630 0 4
4 90 1 1 100 0.75 8 1277 40 68 26 37 630 0 8
4 90 1 1 100 0.75 8 1278 47 72 24 40 630 0 13
4 90 1 1 100 0.75 8 1279 47 76 28 47 630 0 17
4 90 1 1 100 0.75 8 1280 53 80 31 47 630 0 21
4 90 1 1 100 0.75 8 1281 56 84 36 53 630 0 21
4 90 1 1 100 0.75 8 1282 61 88 34 56 630 0 23
4 90 1 1 100 0.75 8 1283 65 92 32 61 630 0 26
4 90 1 1 100 0.75 8 1284 69 96 39 65 630 0 28
4 90 1 1 100 0.75 8 1285 73 100 38 69 630 0 31
4 90 1 1 100 0.75 8 1286 78 104 36 73 630 0 35
4 90 1 1 100 0.75 8 1287 83 108 43 78 630 0 37
4 90 1 1 100 0.75 8 1288 86 109 42 83 630 0 39
4 90 1 1 100 0.75 8 1289 88 109 42 86 630 0 42
4 90 1 1 100 0.75 8 1290 93 108 41 87 631 1 46
4 90 1 1 100 0.75 8 1291 98 109 48 92 631 1 47
4 90 1 1 100 0.75 8 1292 101 104 36 92 636 6 43
4 90 1 1 100 0.75 8 1293 105 106 35 93 638 8 45
4 90 1 1 100 0.75 8 1294 109 104 35 92 643 13 43
4 90 1 1 100 0.75 8 1295 109 108 46 96 643 13 45
4 90 1 1 100 0.75 8 1296 109 107 37 94 645 15 45
4 90 1 1 100 0.75 8 1297 109 107 44 92 647 17 46
4 90 1 1 100 0.75 8 1298 109 104 51 88 652 22 46
4 90 1 1 100 0.75 8 1299 109 104 43 84 656 26 42
4 90 1 1 100 0.75 8 1300 109 108 45 87 656 26 45
4 90 1 1 100 0.75 8 1301 109 108 47 89 657 27 46
4 90 1 1 100 0.75 8 1302 109 108 46 90 658 28 46
4 90 1 1 100 0.75 8 1303 109 104 41 89 663 33 41
4 90 1 1 100 0.75 8 1304 109 106 48 87 665 35 40
4 90 1 1 100 0.75 8 1305 109 106 42 87 668 38 37
4 90 1 1 100 0.75 8 1306 109 106 35 87 671 41 37
4 90 1 1 100 0.75 8 1307 109 109 44 90 671 41 37
4 90 1 1 100 0.75 8 1308 109 107 39 91 673 43 37
4 90 1 1 100 0.75 8 1309 109 106 38 90 676 46 36
4 90 1 1 100 0.75 8 1310 109 103 40 84 682 52 31
4 90 1 1 100 0.75 8 1311 109 106 40 83 683 53 32
4 90 1 1 100 0.75 8 1312 109 103 33 82 689 59 28
4 90 1 1 100 0.75 8 1313 109 105 37 84 691 61 28
4 90 1 1 100 0.75 8 1314 109 105 38 84 695 65 27
4 90 1 1 100 0.75 8 1315 109 107 35 82 697 67 27
4 90 1 1 100 0.75 8 1316 109 107 39 81 699 69 25
4 90 1 1 100 0.75 8 1317 109 109 34 83 699 69 25
4 90 1 1 100 0.75 8 1318 109 107 31 86 701 71 24
4 90 1 1 100 0.75 8 1319 109 108 33 88 702 72 28
4 90 1 1 100 0.75 8 1320 109 108 36 90 703 73 32
4 90 1 1 100 0.75 8 1321 109 107 33 91 705 75 31
4 90 1 1 100 0.75 8 1322 109 109 33 96 705 75 31
4 90 1 1 100 0.75 8 1323 109 109 31 98 705 75 31
4 90 1 1 100 0.75 8 1324 109 107 25 99 707 77 31
4 90 1 1 100 0.75 8 1325 109 107 34 99 709 79 33
4 90 1 1 100 0.75 8 1326 109 106 25 97 712 82 31
4 90 1 1 100 0.75 8 1327 109 108 37 98 713 83 33
4 90 1 1 100 0.75 8 1328 109 108 32 98 714 84 35
4 90 1 1 100 0.75 8 1329 109 108 35 97 715 85 37
4 90 1 1 100 0.75 8 1330 109 108 39 98 716 86 36
4 90 1 1 100 0.75 8 1331 109 106 36 95 719 89 35
4 90 1 1 100 0.75 8 1332 109 105 41 93 723 93 31
4 90 1 1 100 0.75 8 1333 109 109 42 93 723 93 34
4 90 1 1 100 0.75 8 1334 109 108 27 93 724 94 33
4 90 1 1 100 0.75 8 1335 109 107 42 96 726 96 32
4 90 1 1 100 0.75 8 1336 109 109 33 96 726 96 32
4 90 1 1 100 0.75 8 1337 109 107 51 95 728 98 31
4 90 1 1 100 0.75 8 1338 109 105 30 92 732 102 28
4 90 1 1 100 0.75 8 1339 109 104 37 90 737 107 23
4 90 1 1 100 0.75 8 1340 109 107 36 91 738 108 23
4 90 1 1 100 0.75 8 1341 109 108 40 93 739 109 23
4 90 1 1 100 0.75 8 1342 109 108 30 93 740 110 25
4 90 1 1 100 0.75 8 1343 109 108 40 94 741 111 24
4 90 1 1 100 0.75 8 1344 109 107 35 92 743 113 23
4 90 1 1 100 0.75 8 1345 109 107 34 90 745 115 22
4 90 1 1 100 0.75 8 1346 109 106 30 90 748 118 20
4 90 1 1 100 0.75 8 1347 109 106 33 93 751 121 18
4 90 1 1 100 0.75 8 1348 109 105 33 91 755 125 15
4 90 1 1 100 0.75 8 1349 109 108 31 91 756 126 17
4 90 1 1 100 0.75 8 1350 109 109 33 92 756 126 17
4 90 1 1 100 0.75 8 1351 109 109 31 94 756 126 17
4 90 1 1 100 0.75 8 1352 109 108 25 95 757 127 18
4 90 1 1 100 0.75 8 1353 109 109 29 95 757 127 19
4 90 1 1 100 0.75 8 1354 109 108 28 99 758 128 23
4 90 1 1 100 0.75 8 1355 109 108 26 99 759 129 23
4 90 1 1 100 0.75 8 1356 109 109 23 103 759 129 24
4 90 1 1 100 0.75 8 1357 109 106 32 103 762 132 23
4 90 1 1 100 0.75 8 1358 109 109 34 103 762 132 24
4 90 1 1 100 0.75 8 1359 109 108 31 102 763 133 24
4 90 1 1 100 0.75 8 1360 109 106 26 99 766 136 23
4 90 1 1 100 0.75 8 1361 109 108 33 99 767 137 25
4 90 1 1 100 0.75 8 1362 109 109 27 100 767 137 26
4 90 1 1 100 0.75 8 1363 109 108 41 99 768 138 28
4 90 1 1 100 0.75 8 1364 109 108 34 98 769 139 30
4 90 1 1 100 0.75 8 1365 109 108 35 99 770 140 29
4 90 1 1 100 0.75 8 1366 109 108 32 100 771 141 28
4 90 1 1 100 0.75 8 1367 109 108 31 99 772 142 27
4 90 1 1 100 0.75 8 1368 109 107 32 100 774 144 25
4 90 1 1 100 0.75 8 1369 109 109 36 102 774 144 26
4 90 1 1 100 0.75 8 1370 109 108 29 101 775 145 25
4 90 1 1 100 0.75 8 1371 109 107 31 99 777 147 23
4 90 1 1 100 0.75 8 1372 109 106 36 97 780 150 22
4 90 1 1 100 0.75 8 1373 109 108 34 98 781 151 22
4 90 1 1 100 0.75 8 1374 109 107 35 96 783 153 21
4 90 1 1 100 0.75 8 1375 109 105 33 93 787 157 19
4 90 1 1 100 0.75 8 1376 109 107 35 92 789 159 18
4 90 1 1 100 0.75 8 1377 109 106 33 91 792 162 15
4 90 1 1 100 0.75 8 1378 109 108 34 91 793 163 15
4 90 1 1 100 0.75 8 1379 109 108 38 90 794 164 15
4 90 1 1 100 0.75 8 1380 109 108 25 91 795 165 15
4 90 1 1 100 0.75 8 1381 109 108 28 93 796 166 14
4 90 1 1 100 0.75 8 1382 109 109 33 94 796 166 15
4 90 1 1 100 0.75 8 1383 109 108 38 96 797 167 16
4 90 1 1 100 0.75 8 1384 109 107 32 98 799 169 14
4 90 1 1 100 0.75 8 1385 109 109 22 100 799 169 15
4 90 1 1 100 0.75 8 1386 109 109 33 102 799 169 15
4 90 1 1 100 0.75 8 1387 109 108 32 103 800 170 17
4 90 1 1 100 0.75 8 1388 109 108 27 103 801 171 16
4 90 1 1 100 0.75 8 1389 109 108 32 103 802 172 18
4 90 1 1 100 0.75 8 1390 109 108 26 102 803 173 18
4 90 1 1 100 0.75 8 1391 109 107 37 100 805 175 19
4 90 1 1 100 0.75 8 1392 109 109 34 101 805 175 22
4 90 1 1 100 0.75 8 1393 109 106 30 100 808 178 21
4 90 1 1 100 0.75 8 1394 109 109 36 100 808 178 21
4 90 1 1 100 0.75 8 1395 109 109 31 100 808 178 22
4 90 1 1 100 0.75 8 1396 109 109 38 101 808 178 22
4 90 1 1 100 0.75 8 1397 109 108 37 101 808 179 21
4 90 1 1 100 0.75 8 1398 109 108 30 101 809 180 20
4 90 1 1 100 0.75 8 1399 109 107 22 100 811 182 20
4 90 1 1 100 0.75 8 1400 109 107 31 100 813 184 19
4 90 1 1 100 0.75 8 1401 109 109 31 102 813 184 19
4 90 1 1 100 0.75 8 1402 109 109 40 103 813 184 20
4 90 1 1 100 0.75 8 1403 109 108 30 102 814 185 20
4 90 1 1 100 0.75 8 1404 109 108 23 101 815 186 19
4 90 1 1 100 0.75 8 1405 109 108 31 101 816 187 19
4 90 1 1 100 0.75 8 1406 109 108 35 100 817 188 19
4 90 1 1 100 0.75 8 1407 109 105 28 99 821 192 16
4 90 1 1 100 0.75 8 1408 109 107 31 99 823 194 15
4 90 1 1 100 0.75 8 1409 109 107 25 97 825 196 14
4 90 1 1 100 0.75 8 1410 109 107 27 95 827 198 12
4 90 1 1 100 0.75 8 1410 109 107 107 95 838 198 12
4 90 1 1 100 0.75 8 1440 109 107 107 95 642 198 12
4 90 1 1 100 0.75 9 1441 0 4 4 0 642 0 0
4 90 1 1 100 0.75 9 1442 0 8 8 0 642 0 0
4 90 1 1 100 0.75 9 1443 0 12 12 0 642 0 0
4 90 1 1 100 0.75 9 1444 0 16 16 0 642 0 0
4 90 1 1 100 0.75 9 1445 0 20 18 0 642 0 0
4 90 1 1 100 0.75 9 1446 0 24 24 0 642 0 0
4 90 1 1 100 0.75 9 1447 1 28 25 0 642 0 0
4 90 1 1 100 0.75 9 1448 4 32 25 1 642 0 0
4 90 1 1 100 0.75 9 1449 8 36 22 4 642 0 0
4 90 1 1 100 0.75 9 1450 13 40 22 8 642 0 0
4 90 1 1 100 0.75 9 1451 17 44 20 13 642 0 0
4 90 1 1 100 0.75 9 1452 21 48 16 17 642 0 0
4 90 1 1 100 0.75 9 1453 26 52 16 21 642 0 0
4 90 1 1 100 0.75 9 1454 30 56 13 26 641 0 1
4 90 1 1 100 0.75 9 1455 32 60 19 30 641 0 3
4 90 1 1 100 0.75 9 1456 35 64 23 32 641 0 6
4 90 1 1 100 0.75 9 1457 42 68 21 35 640 0 10
4 90 1 1 100 0.75 9 1458 45 72 24 42 640 0 13
4 90 1 1 100 0.75 9 1459 50 76 25 45 640 0 15
4 90 1 1 100 0.75 9 1460 53 80 31 50 640 0 19
4 90 1 1 100 0.75 9 1461 59 84 28 53 640 0 23
4 90 1 1 100 0.75 9 1462 61 88 24 59 640 0 24
4 90 1 1 100 0.75 9 1463 65 92 26 61 639 0 28
4 90 1 1 100 0.75 9 1464 71 96 33 65 639 0 28
4 90 1 1 100 0.75 9 1465 74 100 39 71 639 0 35
4 90 1 1 100 0.75 9 1466 77 104 35 74 639 0 37
4 90 1 1 100 0.75 9 1467 81 108 40 77 639 0 40
4 90 1 1 100 0.75 9 1468 85 109 47 81 639 0 43
4 90 1 1 100 0.75 9 1469 89 109 46 85 639 0 46
4 90 1 1 100 0.75 9 1470 94 108 44 88 640 1 48
4 90 1 1 100 0.75 9 1471 97 108 37 92 641 2 49
4 90 1 1 100 0.75 9 1472 101 107 40 93 643 4 54
4 90 1 1 100 0.75 9 1473 104 107 42 95 645 6 54
4 90 1 1 100 0.75 9 1474 108 106 41 95 648 9 53
4 90 1 1 100 0.75 9 1475 109 106 42 96 651 12 52
4 90 1 1 100 0.75 9 1476 109 107 42 95 653 14 52
4 90 1 1 100 0.75 9 1477 109 108 44 94 654 15 55
4 90 1 1 100 0.75 9 1478 109 105 45 91 658 19 55
4 90 1 1 100 0.75 9 1479 109 107 54 90 660 21 55
4 90 1 1 100 0.75 9 1480 109 103 45 85 666 27 54
4 90 1 1 100 0.75 9 1481 109 102 47 82 671 32 51
4 90 1 1 100 0.75 9 1482 109 103 43 79 674 35 49
4 90 1 1 100 0.75 9 1483 109 104 49 82 677 38 47
4 90 1 1 100 0.75 9 1484 109 108 39 84 677 38 47
4 90 1 1 100 0.75 9 1485 109 105 51 82 681 42 45
4 90 1 1 100 0.75 9 1486 109 106 38 81 683 45 43
4 90 1 1 100 0.75 9 1487 109 107 47 82 685 47 41
4 90 1 1 100 0.75 9 1488 109 105 44 81 689 51 38
4 90 1 1 100 0.75 9 1489 109 107 47 82 691 53 39
4 90 1 1 100 0.75 9 1490 109 105 45 83 695 57 38
4 90 1 1 100 0.75 9 1491 109 105 39 82 699 61 35
4 90 1 1 100 0.75 9 1492 109 107 30 84 701 63 36
4 90 1 1 100 0.75 9 1493 109 109 41 84 701 63 36
4 90 1 1 100 0.75 9 1494 109 106 38 85 704 66 35
4 90 1 1 100 0.75 9 1495 109 105 41 85 708 70 34
4 90 1 1 100 0.75 9 1496 109 106 31 85 711 73 34
4 90 1 1 100 0.75 9 1497 109 106 34 84 714 76 35
4 90 1 1 100 0.75 9 1498 109 103 39 82 720 82 34
4 90 1 1 100 0.75 9 1499 109 106 29 85 721 83 33
4 90 1 1 100 0.75 9 1500 109 106 39 85 724 86 31
4 90 1 1 100 0.75 9 1501 109 108 31 85 725 87 35
4 90 1 1 100 0.75 9 1502 109 109 40 86 725 87 36
4 90 1 1 100 0.75 9 1503 109 108 35 88 726 88 36
4 90 1 1 100 0.75 9 1504 109 109 31 94 726 88 37
4 90 1 1 100 0.75 9 1505 109 108 39 94 727 89 41
4 90 1 1 100 0.75 9 1506 109 107 32 95 729 91 41
4 90 1 1 100 0.75 9 1507 109 107 33 97 731 93 41
4 90 1 1 100 0.75 9 1508 109 106 27 96 734 96 38
4 90 1 1 100 0.75 9 1509 109 106 38 96 737 99 36
4 90 1 1 100 0.75 9 1510 109 107 31 95 739 101 39
4 90 1 1 100 0.75 9 1511 109 106 32 92 742 104 39
4 90 1 1 100 0.75 9 1512 109 108 37 92 743 105 40
4 90 1 1 100 0.75 9 1513 109 105 33 88 747 109 39
4 90 1 1 100 0.75 9 1514 109 107 34 87 749 111 38
4 90 1 1 100 0.75 9 1515 109 107 39 88 751 113 39
4 90 1 1 100 0.75 9 1516 109 107 40 90 753 115 38
4 90 1 1 100 0.75 9 1517 109 106 41 89 756 118 36
4 90 1 1 100 0.75 9 1518 109 109 36 91 756 118 36
4 90 1 1 100 0.75 9 1519 109 107 38 92 758 120 35
4 90 1 1 100 0.75 9 1520 109 105 38 90 762 124 31
4 90 1 1 100 0.75 9 1521 109 107 34 88 764 126 30
4 90 1 1 100 0.75 9 1522 109 109 34 93 764 126 33
4 90 1 1 100 0.75 9 1523 109 108 37 95 765 127 33
4 90 1 1 100 0.75 9 1524 109 106 34 93 768 130 32
4 90 1 1 100 0.75 9 1525 109 105 31 93 772 134 29
4 90 1 1 100 0.75 9 1526 109 107 36 91 774 136 30
4 90 1 1 100 0.75 9 1527 109 106 34 88 777 139 28
4 90 1 1 100 0.75 9 1528 109 108 31 90 778 140 29
4 90 1 1 100 0.75 9 1529 109 108 33 93 779 141 30
4 90 1 1 100 0.75 9 1530 109 105 29 90 783 145 28
4 90 1 1 100 0.75 9 1531 109 107 32 89 785 147 26
4 90 1 1 100 0.75 9 1532 109 106 34 87 788 150 25
4 90 1 1 100 0.75 9 1533 109 105 28 86 792 154 21
4 90 1 1 100 0.75 9 1534 109 109 31 91 792 154 21
4 90 1 1 100 0.75 9 1535 109 109 35 92 792 154 24
4 90 1 1 100 0.75 9 1536 109 109 28 94 792 154 28
4 90 1 1 100 0.75 9 1537 109 106 29 93 795 157 26
4 90 1 1 100 0.75 9 1538 109 109 30 95 795 157 26
4 90 1 1 100 0.75 9 1539 109 106 31 95 798 160 23
4 90 1 1 100 0.75 9 1540 109 109 33 98 798 160 27
4 90 1 1 100 0.75 9 1541 109 105 35 97 802 164 26
4 90 1 1 100 0.75 9 1542 109 108 34 98 803 165 26
4 90 1 1 100 0.75 9 1543 109 109 38 98 803 165 29
4 90 1 1 100 0.75 9 1544 109 107 32 96 805 167 28
4 90 1 1 100 0.75 9 1545 109 108 32 96 806 168 29
4 90 1 1 100 0.75 9 1546 109 108 30 96 807 169 30
4 90 1 1 100 0.75 9 1547 109 106 33 97 810 172 28
4 90 1 1 100 0.75 9 1548 109 106 32 94 813 175 27
4 90 1 1 100 0.75 9 1549 109 109 41 95 813 175 29
4 90 1 1 100 0.75 9 1550 109 109 32 99 813 175 29
4 90 1 1 100 0.75 9 1551 109 109 42 99 812 175 29
4 90 1 1 100 0.75 9 1552 109 108 32 99 813 176 28
4 90 1 1 100 0.75 9 1553 109 106 33 98 816 179 26
4 90 1 1 100 0.75 9 1554 109 107 30 97 818 181 25
4 90 1 1 100 0.75 9 1555 109 108 34 97 819 182 24
4 90 1 1 100 0.75 9 1556 109 107 32 99 821 184 24
4 90 1 1 100 0.75 9 1557 109 108 38 99 822 185 24
4 90 1 1 100 0.75 9 1558 109 107 34 97 824 187 22
4 90 1 1 100 0.75 9 1559 109 108 28 96 825 188 22
4 90 1 1 100 0.75 9 1560 109 104 28 92 830 193 19
4 90 1 1 100 0.75 9 1561 109 108 36 93 830 193 19
4 90 1 1 100 0.75 9 1562 109 104 22 92 835 198 15
4 90 1 1 100 0.75 9 1563 109 106 25 91 837 200 15
4 90 1 1 100 0.75 9 1564 109 107 30 90 839 202 14
4 90 1 1 100 0.75 9 1565 109 108 31 90 840 203 13
4 90 1 1 100 0.75 9 1566 109 109 38 91 840 203 13
4 90 1 1 100 0.75 9 1567 109 109 27 93 840 203 13
4 90 1 1 100 0.75 9 1568 109 108 31 94 841 204 14
4 90 1 1 100 0.75 9 1569 109 108 25 97 842 205 14
4 90 1 1 100 0.75 9 1570 109 109 27 99 842 205 14
4 90 1 1 100 0.75 9 1571 109 109 27 103 842 205 15
4 90 1 1 100 0.75 9 1572 109 109 26 104 842 205 15
4 90 1 1 100 0.75 9 1573 109 108 23 105 843 206 16
4 90 1 1 100 0.75 9 1574 109 108 34 105 844 207 16
4 90 1 1 100 0.75 9 1575 109 109 25 105 844 207 17
4 90 1 1 100 0.75 9 1576 109 106 26 102 846 210 16
4 90 1 1 100 0.75 9 1577 109 108 28 101 847 211 16
4 90 1 1 100 0.75 9 1578 109 108 26 102 848 212 18
4 90 1 1 100 0.75 9 1579 109 108 32 101 849 213 20
4 90 1 1 100 0.75 9 1580 109 107 31 99 851 215 18
4 90 1 1 100 0.75 9 1581 109 108 26 98 852 216 18
4 90 1 1 100 0.75 9 1582 109 109 34 99 852 216 18
4 90 1 1 100 0.75 9 1583 109 109 33 100 852 216 18
4 90 1 1 100 0.75 9 1584 109 109 30 102 852 216 19
4 90 1 1 100 0.75 9 1585 109 108 36 103 853 217 19
4 90 1 1 100 0.75 9 1586 109 107 29 101 855 219 17
4 90 1 1 100 0.75 9 1587 109 108 31 102 856 220 16
4 90 1 1 100 0.75 9 1588 109 109 32 103 856 220 17
4 90 1 1 100 0.75 9 1589 109 109 35 104 856 220 17
4 90 1 1 100 0.75 9 1590 109 106 20 102 859 223 15
4 90 1 1 100 0.75 9 1590 109 106 106 102 874 223 15
4 90 1 1 100 0.75 9 1620 109 106 106 102 667 223 15
4 90 1 1 100 0.75 10 1621 0 4 4 0 667 0 0
4 90 1 1 100 0.75 10 1622 0 8 8 0 667 0 0
4 90 1 1 100 0.75 10 1623 0 12 11 0 667 0 0
4 90 1 1 100 0.75 10 1624 0 16 16 0 667 0 0
4 90 1 1 100 0.75 10 1625 0 20 19 0 667 0 0
4 90 1 1 100 0.75 10 1626 0 24 24 0 667 0 0
4 90 1 1 100 0.75 10 1627 2 28 25 0 667 0 0
4 90 1 1 100 0.75 10 1628 4 32 23 2 667 0 0
4 90 1 1 100 0.75 10 1629 7 36 24 4 667 0 0
4 90 1 1 100 0.75 10 1630 11 40 23 7 667 0 0
4 90 1 1 100 0.75 10 1631 14 44 18 11 667 0 0
4 90 1 1 100 0.75 10 1632 20 48 15 14 667 0 0
4 90 1 1 100 0.75 10 1633 24 52 13 20 667 0 0
4 90 1 1 100 0.75 10 1634 30 56 22 24 667 0 1
4 90 1 1 100 0.75 10 1635 31 60 17 30 667 0 2
4 90 1 1 100 0.75 10 1636 37 64 22 31 667 0 5
4 90 1 1 100 0.75 10 1637 42 68 19 37 667 0 7
4 90 1 1 100 0.75 10 1638 44 72 17 42 667 0 10
4 90 1 1 100 0.75 10 1639 47 76 26 44 667 0 13
4 90 1 1 100 0.75 10 1640 51 80 24 47 667 0 16
4 90 1 1 100 0.75 10 1641 57 84 35 51 667 0 19
4 90 1 1 100 0.75 10 1642 61 88 25 57 667 0 22
4 90 1 1 100 0.75 10 1643 65 92 33 61 667 0 25
4 90 1 1 100 0.75 10 1644 70 96 36 65 667 0 31
4 90 1 1 100 0.75 10 1645 74 100 35 70 667 0 31
4 90 1 1 100 0.75 10 1646 77 104 35 74 667 0 34
4 90 1 1 100 0.75 10 1647 81 108 40 77 667 0 35
4 90 1 1 100 0.75 10 1648 86 109 37 81 667 0 40
4 90 1 1 100 0.75 10 1649 90 109 39 86 667 0 43
4 90 1 1 100 0.75 10 1650 93 109 38 90 667 0 48
4 90 1 1 100 0.75 10 1651 97 107 37 91 669 2 48
4 90 1 1 100 0.75 10 1652 103 108 42 94 670 3 49
4 90 1 1 100 0.75 10 1653 105 106 36 97 673 6 48
4 90 1 1 100 0.75 10 1654 109 106 33 96 676 9 45
4 90 1 1 100 0.75 10 1655 109 109 45 100 676 9 49
4 90 1 1 100 0.75 10 1656 109 104 38 95 681 14 46
4 90 1 1 100 0.75 10 1657 109 107 43 94 682 15 47
4 90 1 1 100 0.75 10 1658 109 109 40 94 682 15 48
4 90 1 1 100 0.75 10 1659 109 106 42 92 685 18 46
4 90 1 1 100 0.75 10 1660 109 106 41 91 687 21 47
4 90 1 1 100 0.75 10 1661 109 107 49 91 689 23 48
4 90 1 1 100 0.75 10 1662 109 101 44 86 697 31 41
4 90 1 1 100 0.75 10 1663 109 102 39 83 700 34 38
4 90 1 1 100 0.75 10 1664 109 104 36 82 702 36 36
4 90 1 1 100 0.75 10 1665 109 103 37 82 707 41 31
4 90 1 1 100 0.75 10 1666 109 104 41 80 709 44 28
4 90 1 1 100 0.75 10 1667 109 107 42 80 710 45 28
4 90 1 1 100 0.75 10 1668 109 105 35 79 714 49 25
4 90 1 1 100 0.75 10 1669 109 108 40 82 715 50 25
4 90 1 1 100 0.75 10 1670 109 108 31 83 716 51 25
4 90 1 1 100 0.75 10 1671 109 105 31 83 720 55 25
4 90 1 1 100 0.75 10 1672 109 108 33 87 721 56 24
4 90 1 1 100 0.75 10 1673 109 107 22 89 723 58 23
4 90 1 1 100 0.75 10 1674 109 108 39 93 723 59 24
4 90 1 1 100 0.75 10 1675 109 106 32 91 726 62 22
4 90 1 1 100 0.75 10 1676 109 108 35 92 727 63 24
4 90 1 1 100 0.75 10 1677 109 105 29 91 731 67 21
4 90 1 1 100 0.75 10 1678 109 107 38 91 733 69 21
4 90 1 1 100 0.75 10 1679 109 108 30 91 734 70 23
4 90 1 1 100 0.75 10 1680 109 108 30 93 734 71 26
4 90 1 1 100 0.75 10 1681 109 108 34 94 735 72 30
4 90 1 1 100 0.75 10 1682 109 109 31 96 735 72 32
4 90 1 1 100 0.75 10 1683 109 109 35 98 735 72 32
4 90 1 1 100 0.75 10 1684 109 109 33 99 735 72 35
4 90 1 1 100 0.75 10 1685 109 109 38 101 735 72 35
4 90 1 1 100 0.75 10 1686 109 108 41 104 736 73 37
4 90 1 1 100 0.75 10 1687 109 105 28 102 740 77 34
4 90 1 1 100 0.75 10 1688 109 108 33 102 741 78 34
4 90 1 1 100 0.75 10 1689 109 107 32 100 743 80 33
4 90 1 1 100 0.75 10 1690 109 108 38 100 744 81 32
4 90 1 1 100 0.75 10 1691 109 106 42 97 747 84 30
4 90 1 1 100 0.75 10 1692 109 109 36 97 747 84 31
4 90 1 1 100 0.75 10 1693 109 107 41 95 749 86 32
4 90 1 1 100 0.75 10 1694 109 108 43 95 750 87 34
4 90 1 1 100 0.75 10 1695 109 105 36 92 754 91 30
4 90 1 1 100 0.75 10 1696 109 107 43 94 756 93 29
4 90 1 1 100 0.75 10 1697 109 108 33 93 757 94 28
4 90 1 1 100 0.75 10 1698 109 107 31 93 759 96 26
4 90 1 1 100 0.75 10 1699 109 103 30 91 765 102 20
4 90 1 1 100 0.75 10 1700 109 105 26 89 767 104 18
4 90 1 1 100 0.75 10 1701 109 107 34 88 769 106 17
4 90 1 1 100 0.75 10 1702 109 107 29 87 771 108 17
4 90 1 1 100 0.75 10 1703 109 108 37 87 772 109 18
4 90 1 1 100 0.75 10 1704 109 109 35 93 772 109 18
4 90 1 1 100 0.75 10 1705 109 109 39 94 772 109 19
4 90 1 1 100 0.75 10 1706 109 106 31 93 775 112 16
4 90 1 1 100 0.75 10 1707 109 109 23 95 775 112 16
4 90 1 1 100 0.75 10 1708 109 108 31 97 776 113 16
4 90 1 1 100 0.75 10 1709 109 106 23 97 779 116 14
4 90 1 1 100 0.75 10 1710 109 105 30 94 783 120 14
4 90 1 1 100 0.75 10 1711 109 108 24 97 783 121 13
4 90 1 1 100 0.75 10 1712 109 109 31 97 783 121 16
4 90 1 1 100 0.75 10 1713 109 108 28 96 784 122 15
4 90 1 1 100 0.75 10 1714 109 109 26 96 784 122 16
4 90 1 1 100 0.75 10 1715 109 109 32 98 784 122 19
4 90 1 1 100 0.75 10 1716 109 109 31 100 783 122 21
4 90 1 1 100 0.75 10 1717 109 107 20 101 785 124 21
4 90 1 1 100 0.75 10 1718 109 107 32 100 787 126 21
4 90 1 1 100 0.75 10 1719 109 109 25 104 787 126 21
4 90 1 1 100 0.75 10 1720 109 107 28 102 789 128 19
4 90 1 1 100 0.75 10 1721 109 109 32 103 789 128 19
4 90 1 1 100 0.75 10 1722 109 109 34 103 789 128 20
4 90 1 1 100 0.75 10 1723 109 108 28 102 790 129 22
4 90 1 1 100 0.75 10 1724 109 109 30 102 790 129 23
4 90 1 1 100 0.75 10 1725 109 108 32 102 791 130 24
4 90 1 1 100 0.75 10 1726 109 109 31 103 791 130 25
4 90 1 1 100 0.75 10 1727 109 106 25 102 794 133 23
4 90 1 1 100 0.75 10 1728 109 108 23 102 795 134 22
4 90 1 1 100 0.75 10 1729 109 108 31 102 796 135 21
4 90 1 1 100 0.75 10 1730 109 105 34 98 800 139 17
4 90 1 1 100 0.75 10 1731 109 108 28 97 801 140 16
4 90 1 1 100 0.75 10 1732 109 106 24 95 804 143 14
4 90 1 1 100 0.75 10 1733 109 109 27 96 804 143 15
4 90 1 1 100 0.75 10 1734 109 106 25 93 807 146 13
4 90 1 1 100 0.75 10 1735 109 109 26 93 807 146 13
4 90 1 1 100 0.75 10 1736 109 108 29 95 808 147 12
4 90 1 1 100 0.75 10 1737 109 109 27 96 808 147 12
4 90 1 1 100 0.75 10 1738 109 108 25 97 809 148 11
4 90 1 1 100 0.75 10 1739 109 108 19 99 810 149 10
4 90 1 1 100 0.75 10 1740 109 108 25 100 811 150 9
4 90 1 1 100 0.75 10 1741 109 108 22 101 812 151 8
4 90 1 1 100 0.75 10 1742 109 108 25 101 813 152 9
4 90 1 1 100 0.75 10 1743 109 107 23 101 815 154 7
4 90 1 1 100 0.75 10 1744 109 108 25 100 816 155 7
4 90 1 1 100 0.75 10 1745 109 109 20 101 816 155 8
4 90 1 1 100 0.75 10 1746 109 108 25 100 817 156 11
4 90 1 1 100 0.75 10 1747 109 109 19 102 817 156 13
4 90 1 1 100 0.75 10 1748 109 109 29 102 817 156 13
4 90 1 1 100 0.75 10 1749 109 108 21 103 818 157 12
4 90 1 1 100 0.75 10 1750 109 109 24 104 818 157 13
4 90 1 1 100 0.75 10 1751 109 109 18 105 818 157 14
4 90 1 1 100 0.75 10 1752 109 107 25 104 819 159 12
4 90 1 1 100 0.75 10 1753 109 109 27 105 819 159 14
4 90 1 1 100 0.75 10 1754 109 109 30 105 819 159 14
4 90 1 1 100 0.75 10 1755 109 109 21 106 819 159 15
4 90 1 1 100 0.75 10 1756 109 109 30 106 819 159 15
4 90 1 1 100 0.75 10 1757 109 108 22 105 820 160 14
4 90 1 1 100 0.75 10 1758 109 109 27 106 820 160 16
4 90 1 1 100 0.75 10 1759 109 108 26 105 821 161 15
4 90 1 1 100 0.75 10 1760 109 109 31 106 821 161 16
4 90 1 1 100 0.75 10 1761 109 109 26 107 821 161 17
4 90 1 1 100 0.75 10 1762 109 107 24 105 823 163 15
4 90 1 1 100 0.75 10 1763 109 107 27 103 825 165 13
4 90 1 1 100 0.75 10 1764 109 107 28 101 827 167 12
4 90 1 1 100 0.75 10 1765 109 108 30 101 828 168 11
4 90 1 1 100 0.75 10 1766 109 108 30 100 829 169 10
4 90 1 1 100 0.75 10 1767 109 109 27 101 829 169 11
4 90 1 1 100 0.75 10 1768 109 109 25 101 829 169 12
4 90 1 1 100 0.75 10 1769 109 109 37 101 829 169 12
4 90 1 1 100 0.75 10 1770 109 107 24 99 831 171 10
4 90 1 1 100 0.75 10 1770 109 107 107 99 841 171 10
4 90 1 1 100 0.75 10 1800 109 107 107 99 637 171 10
