1 30 1 1 100 0.75 1 1 0 1 1 0 100 0 0
1 30 1 1 100 0.75 1 2 0 2 2 0 100 0 0
1 30 1 1 100 0.75 1 3 0 3 3 0 100 0 0
1 30 1 1 100 0.75 1 4 0 4 4 0 100 0 0
1 30 1 1 100 0.75 1 5 0 5 5 0 100 0 0
1 30 1 1 100 0.75 1 6 0 6 5 0 100 0 0
1 30 1 1 100 0.75 1 7 0 7 7 0 100 0 0
1 30 1 1 100 0.75 1 8 0 8 8 0 100 0 0
1 30 1 1 100 0.75 1 9 0 9 9 0 100 0 0
1 30 1 1 100 0.75 1 10 0 10 10 0 100 0 0
1 30 1 1 100 0.75 1 11 0 11 11 0 100 0 0
1 30 1 1 100 0.75 1 12 1 12 11 0 100 0 0
1 30 1 1 100 0.75 1 13 3 13 9 1 100 0 0
1 30 1 1 100 0.75 1 14 5 14 9 3 100 0 0
1 30 1 1 100 0.75 1 15 6 15 9 5 100 0 0
1 30 1 1 100 0.75 1 16 7 16 9 6 100 0 0
1 30 1 1 100 0.75 1 17 8 17 9 7 100 0 0
1 30 1 1 100 0.75 1 18 10 18 8 8 100 0 0
1 30 1 1 100 0.75 1 19 10 19 9 10 100 0 1
1 30 1 1 100 0.75 1 20 11 20 11 10 100 0 3
1 30 1 1 100 0.75 1 21 12 21 10 11 100 0 3
1 30 1 1 100 0.75 1 22 12 22 15 12 100 0 5
1 30 1 1 100 0.75 1 23 12 23 16 12 100 0 6
1 30 1 1 100 0.75 1 24 13 24 16 12 100 0 7
1 30 1 1 100 0.75 1 25 14 25 17 13 100 0 9
1 30 1 1 100 0.75 1 26 15 26 16 14 100 0 9
1 30 1 1 100 0.75 1 27 16 27 18 15 100 0 9
1 30 1 1 100 0.75 1 28 17 28 19 16 100 0 11
1 30 1 1 100 0.75 1 29 18 29 17 17 100 0 11
1 30 1 1 100 0.75 1 30 18 30 22 18 100 0 11
1 30 1 1 100 0.75 1 31 19 31 18 18 100 0 12
1 30 1 1 100 0.75 1 32 21 32 23 19 100 0 12
1 30 1 1 100 0.75 1 33 23 33 19 21 100 0 12
1 30 1 1 100 0.75 1 34 23 33 23 22 101 1 11
1 30 1 1 100 0.75 1 35 24 33 24 21 102 2 11
1 30 1 1 100 0.75 1 36 25 34 20 22 102 2 11
1 30 1 1 100 0.75 1 37 25 35 24 23 102 2 11
1 30 1 1 100 0.75 1 38 25 35 26 22 103 3 10
1 30 1 1 100 0.75 1 39 26 35 25 21 104 4 11
1 30 1 1 100 0.75 1 40 29 36 25 22 104 4 12
1 30 1 1 100 0.75 1 41 32 35 21 23 106 6 11
1 30 1 1 100 0.75 1 42 32 35 20 25 107 7 11
1 30 1 1 100 0.75 1 43 32 36 25 25 107 7 12
1 30 1 1 100 0.75 1 44 34 36 21 24 108 8 11
1 30 1 1 100 0.75 1 45 35 36 22 25 109 9 10
1 30 1 1 100 0.75 1 46 36 36 22 25 110 10 10
1 30 1 1 100 0.75 1 47 38 35 18 24 112 12 8
1 30 1 1 100 0.75 1 48 38 36 23 26 112 12 12
1 30 1 1 100 0.75 1 49 38 37 27 26 112 12 13
1 30 1 1 100 0.75 1 50 39 38 26 26 112 12 13
1 30 1 1 100 0.75 1 51 39 38 23 26 113 13 12
1 30 1 1 100 0.75 1 52 40 39 27 26 113 13 14
1 30 1 1 100 0.75 1 53 41 40 29 27 113 13 14
1 30 1 1 100 0.75 1 54 43 41 27 28 113 13 14
1 30 1 1 100 0.75 1 55 44 42 25 31 113 13 14
1 30 1 1 100 0.75 1 56 44 43 28 32 113 13 14
1 30 1 1 100 0.75 1 57 45 40 23 28 117 17 10
1 30 1 1 100 0.75 1 58 46 39 22 27 119 19 9
1 30 1 1 100 0.75 1 59 46 40 25 28 119 19 10
1 30 1 1 100 0.75 1 60 46 41 26 28 119 19 10
1 30 1 1 100 0.75 1 61 49 41 26 27 120 20 10
1 30 1 1 100 0.75 1 62 49 42 29 30 120 20 13
1 30 1 1 100 0.75 1 63 51 43 28 30 120 20 13
1 30 1 1 100 0.75 1 64 53 43 25 31 121 21 12
1 30 1 1 100 0.75 1 65 53 42 27 31 123 23 11
1 30 1 1 100 0.75 1 66 55 43 25 31 123 23 11
1 30 1 1 100 0.75 1 67 55 44 27 33 123 23 11
1 30 1 1 100 0.75 1 68 55 44 28 32 124 24 10
1 30 1 1 100 0.75 1 69 58 44 26 31 125 25 10
1 30 1 1 100 0.75 1 70 58 44 28 33 126 26 10
1 30 1 1 100 0.75 1 71 59 45 28 33 126 26 11
1 30 1 1 100 0.75 1 72 61 45 29 33 127 27 10
1 30 1 1 100 0.75 1 73 61 46 27 35 127 27 11
1 30 1 1 100 0.75 1 74 61 47 28 36 127 27 11
1 30 1 1 100 0.75 1 75 61 47 22 35 128 28 10
1 30 1 1 100 0.75 1 76 62 48 26 35 128 28 10
1 30 1 1 100 0.75 1 77 63 47 28 34 130 30 10
1 30 1 1 100 0.75 1 78 63 47 27 34 131 31 10
1 30 1 1 100 0.75 1 79 63 47 28 33 132 32 9
1 30 1 1 100 0.75 1 80 66 46 30 31 134 34 9
1 30 1 1 100 0.75 1 81 67 47 28 34 134 34 9
1 30 1 1 100 0.75 1 82 67 48 31 35 134 34 9
1 30 1 1 100 0.75 1 83 69 49 28 35 134 34 10
1 30 1 1 100 0.75 1 84 73 50 26 37 134 34 11
1 30 1 1 100 0.75 1 85 73 51 25 41 134 34 11
1 30 1 1 100 0.75 1 86 73 52 29 41 134 34 11
1 30 1 1 100 0.75 1 87 75 52 24 40 135 35 10
1 30 1 1 100 0.75 1 88 76 53 31 42 135 35 13
1 30 1 1 100 0.75 1 89 76 52 26 41 136 37 11
1 30 1 1 100 0.75 1 90 76 53 29 41 136 37 12
1 30 1 1 100 0.75 1 91 78 53 29 40 137 38 14
1 30 1 1 100 0.75 1 92 79 53 31 41 138 39 14
1 30 1 1 100 0.75 1 93 80 54 30 42 138 39 14
1 30 1 1 100 0.75 1 94 82 54 26 43 139 40 14
1 30 1 1 100 0.75 1 95 83 55 29 46 139 40 15
1 30 1 1 100 0.75 1 96 84 56 32 47 139 40 16
1 30 1 1 100 0.75 1 97 84 56 30 47 140 41 15
1 30 1 1 100 0.75 1 98 86 56 31 46 141 42 14
1 30 1 1 100 0.75 1 99 87 55 27 46 143 44 12
1 30 1 1 100 0.75 1 100 88 56 30 47 143 44 13
1 30 1 1 100 0.75 1 101 90 57 29 48 143 44 14
1 30 1 1 100 0.75 1 102 91 58 31 50 143 44 14
1 30 1 1 100 0.75 1 103 91 58 32 50 144 45 15
1 30 1 1 100 0.75 1 104 91 59 31 50 144 45 15
1 30 1 1 100 0.75 1 105 91 59 34 49 145 46 16
1 30 1 1 100 0.75 1 106 91 57 31 46 148 49 14
1 30 1 1 100 0.75 1 107 92 57 33 45 149 50 14
1 30 1 1 100 0.75 1 108 94 57 31 45 150 51 13
1 30 1 1 100 0.75 1 109 94 57 35 46 151 52 12
1 30 1 1 100 0.75 1 110 95 57 31 45 152 53 12
1 30 1 1 100 0.75 1 111 96 56 27 44 154 55 10
1 30 1 1 100 0.75 1 112 97 57 28 45 154 55 10
1 30 1 1 100 0.75 1 113 97 57 29 45 155 56 9
1 30 1 1 100 0.75 1 114 98 58 33 45 155 56 9
1 30 1 1 100 0.75 1 115 101 59 28 46 155 56 9
1 30 1 1 100 0.75 1 116 103 60 28 49 155 56 9
1 30 1 1 100 0.75 1 117 103 61 30 51 155 56 9
1 30 1 1 100 0.75 1 118 103 62 29 51 155 56 10
1 30 1 1 100 0.75 1 119 103 63 30 51 155 56 11
1 30 1 1 100 0.75 1 120 104 62 31 49 157 58 9
1 30 1 1 100 0.75 1 121 104 61 32 48 159 60 7
1 30 1 1 100 0.75 1 122 105 61 33 47 160 61 7
1 30 1 1 100 0.75 1 123 108 61 33 47 161 62 10
1 30 1 1 100 0.75 1 124 109 62 32 50 161 62 10
1 30 1 1 100 0.75 1 125 110 62 29 50 162 63 9
1 30 1 1 100 0.75 1 126 112 63 30 51 162 63 9
1 30 1 1 100 0.75 1 127 113 63 31 52 163 64 8
1 30 1 1 100 0.75 1 128 114 64 26 53 163 64 9
1 30 1 1 100 0.75 1 129 116 65 28 54 163 64 10
1 30 1 1 100 0.75 1 130 116 65 29 55 164 65 9
1 30 1 1 100 0.75 1 131 116 66 32 55 164 65 10
1 30 1 1 100 0.75 1 132 117 67 33 55 164 65 10
1 30 1 1 100 0.75 1 133 117 68 35 56 164 65 12
1 30 1 1 100 0.75 1 134 118 68 34 56 165 66 12
1 30 1 1 100 0.75 1 135 120 69 37 57 165 66 14
1 30 1 1 100 0.75 1 136 120 69 31 58 166 67 13
1 30 1 1 100 0.75 1 137 121 70 38 58 166 67 13
1 30 1 1 100 0.75 1 138 122 71 38 59 165 67 13
1 30 1 1 100 0.75 1 139 122 72 36 60 165 67 13
1 30 1 1 100 0.75 1 140 123 73 36 60 165 67 14
1 30 1 1 100 0.75 1 141 123 74 41 61 165 67 15
1 30 1 1 100 0.75 1 142 123 72 36 58 168 70 12
1 30 1 1 100 0.75 1 143 123 71 32 57 170 72 11
1 30 1 1 100 0.75 1 144 124 71 36 56 171 73 11
1 30 1 1 100 0.75 1 145 126 71 34 56 172 74 10
1 30 1 1 100 0.75 1 146 126 72 37 58 172 74 11
1 30 1 1 100 0.75 1 147 128 73 34 58 172 74 11
1 30 1 1 100 0.75 1 148 129 73 36 59 172 75 11
1 30 1 1 100 0.75 1 149 131 74 37 60 172 75 12
1 30 1 1 100 0.75 1 150 131 73 35 60 173 77 10
1 30 1 1 100 0.75 1 150 131 73 73 60 183 77 10
1 30 1 1 100 0.75 1 180 131 73 73 60 154 77 10
1 30 1 1 100 0.75 2 181 0 1 1 0 154 0 0
1 30 1 1 100 0.75 2 182 0 2 2 0 154 0 0
1 30 1 1 100 0.75 2 183 0 3 3 0 154 0 0
1 30 1 1 100 0.75 2 184 0 4 4 0 154 0 0
1 30 1 1 100 0.75 2 185 0 5 5 0 154 0 0
1 30 1 1 100 0.75 2 186 0 6 6 0 154 0 0
1 30 1 1 100 0.75 2 187 0 7 7 0 154 0 0
1 30 1 1 100 0.75 2 188 1 8 7 0 154 0 0
1 30 1 1 100 0.75 2 189 1 9 8 1 154 0 0
1 30 1 1 100 0.75 2 190 1 10 8 1 154 0 0
1 30 1 1 100 0.75 2 191 3 11 8 1 154 0 0
1 30 1 1 100 0.75 2 192 4 12 7 3 154 0 0
1 30 1 1 100 0.75 2 193 6 13 6 4 154 0 0
1 30 1 1 100 0.75 2 194 6 14 7 6 154 0 0
1 30 1 1 100 0.75 2 195 7 15 6 6 154 0 0
1 30 1 1 100 0.75 2 196 8 16 7 7 154 0 0
1 30 1 1 100 0.75 2 197 9 17 5 8 154 0 0
1 30 1 1 100 0.75 2 198 11 18 9 9 154 0 1
1 30 1 1 100 0.75 2 199 11 19 11 11 154 0 2
1 30 1 1 100 0.75 2 200 11 20 11 11 154 0 3
1 30 1 1 100 0.75 2 201 14 21 11 11 154 0 4
1 30 1 1 100 0.75 2 202 14 22 12 14 154 0 4
1 30 1 1 100 0.75 2 203 16 23 14 14 154 0 5
1 30 1 1 100 0.75 2 204 16 24 15 16 154 0 6
1 30 1 1 100 0.75 2 205 17 25 15 16 154 0 6
1 30 1 1 100 0.75 2 206 18 26 16 17 154 0 8
1 30 1 1 100 0.75 2 207 19 27 15 18 154 0 8
1 30 1 1 100 0.75 2 208 20 28 20 19 154 0 10
1 30 1 1 100 0.75 2 209 20 29 20 20 154 0 11
1 30 1 1 100 0.75 2 210 21 30 21 20 154 0 11
1 30 1 1 100 0.75 2 211 21 31 23 21 154 0 12
1 30 1 1 100 0.75 2 212 21 32 23 21 154 0 13
1 30 1 1 100 0.75 2 213 22 33 22 21 154 0 14
1 30 1 1 100 0.75 2 214 23 34 24 22 154 0 14
1 30 1 1 100 0.75 2 215 24 33 23 21 155 2 12
1 30 1 1 100 0.75 2 216 26 34 22 22 155 2 13
1 30 1 1 100 0.75 2 217 27 35 24 24 155 2 13
1 30 1 1 100 0.75 2 218 27 35 25 24 156 3 13
1 30 1 1 100 0.75 2 219 29 35 21 23 157 4 12
1 30 1 1 100 0.75 2 220 30 35 22 24 158 5 11
1 30 1 1 100 0.75 2 221 31 35 24 24 159 6 11
1 30 1 1 100 0.75 2 222 32 36 21 25 159 6 11
1 30 1 1 100 0.75 2 223 33 37 26 26 159 6 14
1 30 1 1 100 0.75 2 224 36 36 23 25 161 8 12
1 30 1 1 100 0.75 2 225 37 35 18 26 163 10 10
1 30 1 1 100 0.75 2 226 37 36 18 27 163 10 11
1 30 1 1 100 0.75 2 227 40 37 23 27 163 10 12
1 30 1 1 100 0.75 2 228 41 36 16 28 165 12 11
1 30 1 1 100 0.75 2 229 42 36 20 28 166 13 11
1 30 1 1 100 0.75 2 230 43 36 18 28 167 14 10
1 30 1 1 100 0.75 2 231 44 37 21 29 167 14 13
1 30 1 1 100 0.75 2 232 45 38 22 30 167 14 14
1 30 1 1 100 0.75 2 233 45 39 21 31 166 14 14
1 30 1 1 100 0.75 2 234 46 40 25 31 166 14 16
1 30 1 1 100 0.75 2 235 48 41 24 32 166 14 17
1 30 1 1 100 0.75 2 236 48 41 29 33 167 15 18
1 30 1 1 100 0.75 2 237 48 41 22 32 167 16 17
1 30 1 1 100 0.75 2 238 50 41 27 31 168 17 16
1 30 1 1 100 0.75 2 239 51 40 27 31 170 19 16
1 30 1 1 100 0.75 2 240 52 41 21 32 170 19 16
1 30 1 1 100 0.75 2 241 52 41 27 32 171 20 16
1 30 1 1 100 0.75 2 242 52 41 26 31 172 21 17
1 30 1 1 100 0.75 2 243 53 41 28 30 173 22 16
1 30 1 1 100 0.75 2 244 54 42 29 31 173 22 16
1 30 1 1 100 0.75 2 245 54 43 29 32 173 22 16
1 30 1 1 100 0.75 2 246 55 44 32 32 173 22 17
1 30 1 1 100 0.75 2 247 57 43 26 31 175 24 15
1 30 1 1 100 0.75 2 248 57 42 29 31 177 26 14
1 30 1 1 100 0.75 2 249 60 42 25 30 178 27 13
1 30 1 1 100 0.75 2 250 62 41 20 31 180 29 11
1 30 1 1 100 0.75 2 251 62 42 25 33 180 29 13
1 30 1 1 100 0.75 2 252 63 42 26 32 181 30 12
1 30 1 1 100 0.75 2 253 65 43 21 33 181 30 12
1 30 1 1 100 0.75 2 254 66 42 22 33 183 32 12
1 30 1 1 100 0.75 2 255 67 42 23 33 184 33 12
1 30 1 1 100 0.75 2 256 67 42 22 33 185 34 13
1 30 1 1 100 0.75 2 257 68 41 24 31 187 36 12
1 30 1 1 100 0.75 2 258 69 41 24 31 188 37 12
1 30 1 1 100 0.75 2 259 70 42 25 32 188 37 13
1 30 1 1 100 0.75 2 260 70 42 25 32 189 38 12
1 30 1 1 100 0.75 2 261 70 42 29 31 190 39 12
1 30 1 1 100 0.75 2 262 73 43 26 31 190 39 14
1 30 1 1 100 0.75 2 263 73 43 27 33 191 40 13
1 30 1 1 100 0.75 2 264 74 44 27 33 191 40 13
1 30 1 1 100 0.75 2 265 75 45 27 34 191 40 15
1 30 1 1 100 0.75 2 266 76 46 29 35 191 40 15
1 30 1 1 100 0.75 2 267 78 47 28 36 191 40 16
1 30 1 1 100 0.75 2 268 79 47 27 37 192 41 15
1 30 1 1 100 0.75 2 269 80 46 25 36 193 43 15
1 30 1 1 100 0.75 2 270 83 47 28 37 192 43 16
1 30 1 1 100 0.75 2 271 84 46 24 38 194 45 14
1 30 1 1 100 0.75 2 272 84 46 28 38 195 46 14
1 30 1 1 100 0.75 2 273 85 46 26 37 196 47 14
1 30 1 1 100 0.75 2 274 86 47 28 39 196 47 15
1 30 1 1 100 0.75 2 275 86 47 29 39 197 48 15
1 30 1 1 100 0.75 2 276 87 47 28 38 198 49 16
1 30 1 1 100 0.75 2 277 88 48 32 39 198 49 18
1 30 1 1 100 0.75 2 278 89 48 26 39 198 50 18
1 30 1 1 100 0.75 2 279 89 47 30 38 200 52 17
1 30 1 1 100 0.75 2 280 90 48 32 38 200 52 18
1 30 1 1 100 0.75 2 281 91 48 30 38 201 53 18
1 30 1 1 100 0.75 2 282 91 49 32 39 201 53 18
1 30 1 1 100 0.75 2 283 92 50 28 40 201 53 18
1 30 1 1 100 0.75 2 284 92 50 33 40 202 54 18
1 30 1 1 100 0.75 2 285 96 50 27 39 203 55 18
1 30 1 1 100 0.75 2 286 96 49 31 41 205 57 16
1 30 1 1 100 0.75 2 287 97 50 26 41 205 57 16
1 30 1 1 100 0.75 2 288 99 49 29 40 207 59 15
1 30 1 1 100 0.75 2 289 100 48 27 40 209 61 14
1 30 1 1 100 0.75 2 290 102 48 26 40 210 62 14
1 30 1 1 100 0.75 2 291 102 49 27 42 210 62 14
1 30 1 1 100 0.75 2 292 103 49 28 41 211 63 14
1 30 1 1 100 0.75 2 293 105 50 27 42 211 63 14
1 30 1 1 100 0.75 2 294 106 51 30 44 211 63 15
1 30 1 1 100 0.75 2 295 106 48 25 41 215 67 11
1 30 1 1 100 0.75 2 296 108 47 29 39 217 69 11
1 30 1 1 100 0.75 2 297 108 48 27 41 217 69 12
1 30 1 1 100 0.75 2 298 110 47 27 39 219 71 12
1 30 1 1 100 0.75 2 299 110 48 26 41 219 71 12
1 30 1 1 100 0.75 2 300 112 49 30 41 219 71 13
1 30 1 1 100 0.75 2 301 112 50 31 43 219 71 14
1 30 1 1 100 0.75 2 302 112 51 32 43 219 71 14
1 30 1 1 100 0.75 2 303 114 49 29 40 222 74 12
1 30 1 1 100 0.75 2 304 114 50 31 42 222 74 13
1 30 1 1 100 0.75 2 305 114 51 36 42 222 74 14
1 30 1 1 100 0.75 2 306 115 51 32 41 223 75 13
1 30 1 1 100 0.75 2 307 116 52 32 42 223 75 15
1 30 1 1 100 0.75 2 308 117 53 35 43 223 75 15
1 30 1 1 100 0.75 2 309 117 53 34 43 224 76 14
1 30 1 1 100 0.75 2 310 119 53 32 42 225 77 13
1 30 1 1 100 0.75 2 311 119 54 33 44 225 77 15
1 30 1 1 100 0.75 2 312 121 54 31 43 226 78 14
1 30 1 1 100 0.75 2 313 121 54 31 44 227 79 13
1 30 1 1 100 0.75 2 314 124 53 32 42 229 81 11
1 30 1 1 100 0.75 2 315 125 52 31 43 231 83 11
1 30 1 1 100 0.75 2 316 126 53 31 44 231 83 11
1 30 1 1 100 0.75 2 317 127 53 28 44 232 84 10
1 30 1 1 100 0.75 2 318 127 54 29 45 232 84 11
1 30 1 1 100 0.75 2 319 128 55 32 45 231 84 12
1 30 1 1 100 0.75 2 320 128 55 30 46 232 85 12
1 30 1 1 100 0.75 2 321 130 56 28 46 232 85 14
1 30 1 1 100 0.75 2 322 131 56 35 47 233 86 14
1 30 1 1 100 0.75 2 323 131 56 30 48 234 87 14
1 30 1 1 100 0.75 2 324 133 55 35 46 236 89 13
1 30 1 1 100 0.75 2 325 134 55 26 47 237 90 12
1 30 1 1 100 0.75 2 326 134 56 34 48 237 90 12
1 30 1 1 100 0.75 2 327 136 56 28 47 238 91 12
1 30 1 1 100 0.75 2 328 136 57 34 49 238 91 12
1 30 1 1 100 0.75 2 329 136 58 33 49 238 91 13
1 30 1 1 100 0.75 2 330 137 59 33 50 238 91 14
1 30 1 1 100 0.75 2 330 137 59 59 50 251 91 14
1 30 1 1 100 0.75 2 360 137 59 59 50 187 91 14
1 30 1 1 100 0.75 3 361 0 1 1 0 187 0 0
1 30 1 1 100 0.75 3 362 0 2 2 0 187 0 0
1 30 1 1 100 0.75 3 363 0 3 3 0 187 0 0
1 30 1 1 100 0.75 3 364 0 4 4 0 187 0 0
1 30 1 1 100 0.75 3 365 0 5 5 0 187 0 0
1 30 1 1 100 0.75 3 366 0 6 6 0 187 0 0
1 30 1 1 100 0.75 3 367 0 7 7 0 187 0 0
1 30 1 1 100 0.75 3 368 0 8 8 0 187 0 0
1 30 1 1 100 0.75 3 369 0 9 9 0 187 0 0
1 30 1 1 100 0.75 3 370 0 10 9 0 187 0 0
1 30 1 1 100 0.75 3 371 1 11 9 0 187 0 0
1 30 1 1 100 0.75 3 372 1 12 9 1 187 0 0
1 30 1 1 100 0.75 3 373 3 13 9 1 187 0 0
1 30 1 1 100 0.75 3 374 5 14 7 3 187 0 0
1 30 1 1 100 0.75 3 375 6 15 8 5 187 0 0
1 30 1 1 100 0.75 3 376 6 16 9 6 187 0 0
1 30 1 1 100 0.75 3 377 8 17 7 6 187 0 0
1 30 1 1 100 0.75 3 378 9 18 7 8 187 0 1
1 30 1 1 100 0.75 3 379 12 19 7 9 187 0 1
1 30 1 1 100 0.75 3 380 13 20 7 12 187 0 2
1 30 1 1 100 0.75 3 381 14 21 9 13 187 0 2
1 30 1 1 100 0.75 3 382 16 22 11 14 187 0 3
1 30 1 1 100 0.75 3 383 17 23 10 16 187 0 4
1 30 1 1 100 0.75 3 384 17 24 9 17 187 0 5
1 30 1 1 100 0.75 3 385 19 25 14 17 187 0 6
1 30 1 1 100 0.75 3 386 20 26 15 19 187 0 8
1 30 1 1 100 0.75 3 387 20 27 17 20 187 0 10
1 30 1 1 100 0.75 3 388 21 28 19 20 187 0 11
1 30 1 1 100 0.75 3 389 22 29 17 21 187 0 12
1 30 1 1 100 0.75 3 390 24 30 21 22 187 0 14
1 30 1 1 100 0.75 3 391 24 31 23 24 187 0 14
1 30 1 1 100 0.75 3 392 25 32 19 24 187 0 14
1 30 1 1 100 0.75 3 393 26 33 23 25 187 0 16
1 30 1 1 100 0.75 3 394 27 34 22 26 187 0 16
1 30 1 1 100 0.75 3 395 28 35 23 27 187 0 17
1 30 1 1 100 0.75 3 396 28 35 26 27 188 1 16
1 30 1 1 100 0.75 3 397 30 36 23 27 188 1 17
1 30 1 1 100 0.75 3 398 31 37 26 29 188 1 18
1 30 1 1 100 0.75 3 399 31 36 24 28 190 3 16
1 30 1 1 100 0.75 3 400 32 35 24 26 192 5 15
1 30 1 1 100 0.75 3 401 33 36 25 27 191 5 16
1 30 1 1 100 0.75 3 402 34 36 27 27 192 6 15
1 30 1 1 100 0.75 3 403 36 37 21 28 192 6 16
1 30 1 1 100 0.75 3 404 36 36 24 28 194 8 14
1 30 1 1 100 0.75 3 405 37 36 23 27 195 9 13
1 30 1 1 100 0.75 3 406 38 36 24 27 196 10 12
1 30 1 1 100 0.75 3 407 39 35 20 26 198 12 11
1 30 1 1 100 0.75 3 408 40 34 21 25 200 14 10
1 30 1 1 100 0.75 3 409 42 34 23 25 201 15 10
1 30 1 1 100 0.75 3 410 43 35 22 27 201 15 12
1 30 1 1 100 0.75 3 411 43 35 21 27 202 16 11
1 30 1 1 100 0.75 3 412 44 36 21 27 202 16 11
1 30 1 1 100 0.75 3 413 44 36 20 27 203 17 12
1 30 1 1 100 0.75 3 414 45 36 22 26 204 18 12
1 30 1 1 100 0.75 3 415 47 37 20 27 204 18 12
1 30 1 1 100 0.75 3 416 48 36 23 27 206 20 12
1 30 1 1 100 0.75 3 417 49 37 24 28 206 20 14
1 30 1 1 100 0.75 3 418 50 36 20 27 208 22 12
1 30 1 1 100 0.75 3 419 51 37 23 28 208 22 12
1 30 1 1 100 0.75 3 420 51 38 22 29 207 22 12
1 30 1 1 100 0.75 3 421 53 39 24 29 207 22 13
1 30 1 1 100 0.75 3 422 54 40 23 31 207 22 14
1 30 1 1 100 0.75 3 423 54 41 25 32 207 22 15
1 30 1 1 100 0.75 3 424 56 42 23 32 207 22 15
1 30 1 1 100 0.75 3 425 56 42 27 33 208 23 16
1 30 1 1 100 0.75 3 426 57 41 26 31 210 25 14
1 30 1 1 100 0.75 3 427 57 42 27 32 210 25 15
1 30 1 1 100 0.75 3 428 57 40 25 29 213 28 14
1 30 1 1 100 0.75 3 429 58 41 27 29 213 28 15
1 30 1 1 100 0.75 3 430 60 42 24 30 213 28 15
1 30 1 1 100 0.75 3 431 62 40 23 29 216 31 13
1 30 1 1 100 0.75 3 432 64 40 21 30 217 32 13
1 30 1 1 100 0.75 3 433 64 41 22 32 217 32 13
1 30 1 1 100 0.75 3 434 65 40 22 30 219 34 12
1 30 1 1 100 0.75 3 435 65 41 25 31 219 34 12
1 30 1 1 100 0.75 3 436 66 42 23 31 219 34 12
1 30 1 1 100 0.75 3 437 66 41 27 30 220 36 13
1 30 1 1 100 0.75 3 438 69 42 20 30 220 36 14
1 30 1 1 100 0.75 3 439 71 43 24 33 219 36 15
1 30 1 1 100 0.75 3 440 74 44 24 35 219 36 16
1 30 1 1 100 0.75 3 441 74 44 23 37 220 37 16
1 30 1 1 100 0.75 3 442 75 43 20 35 222 39 14
1 30 1 1 100 0.75 3 443 76 44 21 36 222 39 14
1 30 1 1 100 0.75 3 444 76 44 22 36 223 40 13
1 30 1 1 100 0.75 3 445 77 44 22 35 224 41 14
1 30 1 1 100 0.75 3 446 78 45 25 36 224 41 17
1 30 1 1 100 0.75 3 447 80 46 28 37 224 41 17
1 30 1 1 100 0.75 3 448 80 44 26 36 227 44 15
1 30 1 1 100 0.75 3 449 80 44 27 35 227 45 14
1 30 1 1 100 0.75 3 450 81 45 25 35 227 45 14
1 30 1 1 100 0.75 3 451 83 45 26 35 227 46 14
1 30 1 1 100 0.75 3 452 84 46 28 37 227 46 15
1 30 1 1 100 0.75 3 453 85 45 25 36 229 48 13
1 30 1 1 100 0.75 3 454 87 46 28 37 228 48 14
1 30 1 1 100 0.75 3 455 87 44 25 36 231 51 13
1 30 1 1 100 0.75 3 456 88 45 25 36 231 51 13
1 30 1 1 100 0.75 3 457 90 45 22 36 232 52 12
1 30 1 1 100 0.75 3 458 90 45 26 37 233 53 12
1 30 1 1 100 0.75 3 459 90 46 24 38 233 53 13
1 30 1 1 100 0.75 3 460 90 47 26 38 233 53 13
1 30 1 1 100 0.75 3 461 92 48 26 39 232 53 14
1 30 1 1 100 0.75 3 462 93 49 28 41 232 53 16
1 30 1 1 100 0.75 3 463 94 49 26 41 233 54 15
1 30 1 1 100 0.75 3 464 95 48 28 40 234 56 14
1 30 1 1 100 0.75 3 465 96 48 25 40 235 57 15
1 30 1 1 100 0.75 3 466 96 48 29 40 236 58 14
1 30 1 1 100 0.75 3 467 97 47 25 38 238 60 12
1 30 1 1 100 0.75 3 468 97 47 27 38 239 61 14
1 30 1 1 100 0.75 3 469 97 47 27 37 239 62 14
1 30 1 1 100 0.75 3 470 98 47 27 36 240 63 13
1 30 1 1 100 0.75 3 471 99 47 30 36 241 64 13
1 30 1 1 100 0.75 3 472 100 48 28 37 241 64 13
1 30 1 1 100 0.75 3 473 104 49 26 38 241 64 13
1 30 1 1 100 0.75 3 474 105 50 27 42 241 64 13
1 30 1 1 100 0.75 3 475 106 51 25 43 241 64 13
1 30 1 1 100 0.75 3 476 106 51 25 43 242 65 12
1 30 1 1 100 0.75 3 477 108 50 25 41 244 67 10
1 30 1 1 100 0.75 3 478 109 50 26 42 245 68 10
1 30 1 1 100 0.75 3 479 111 50 24 42 246 69 10
1 30 1 1 100 0.75 3 480 111 51 21 44 246 69 10
1 30 1 1 100 0.75 3 481 111 52 29 44 246 69 13
1 30 1 1 100 0.75 3 482 113 53 25 44 246 69 14
1 30 1 1 100 0.75 3 483 114 53 28 45 247 70 13
1 30 1 1 100 0.75 3 484 114 52 25 44 249 72 12
1 30 1 1 100 0.75 3 485 114 52 28 43 250 73 12
1 30 1 1 100 0.75 3 486 114 53 30 43 250 73 13
1 30 1 1 100 0.75 3 487 116 53 26 42 251 74 13
1 30 1 1 100 0.75 3 488 118 51 26 41 254 77 10
1 30 1 1 100 0.75 3 489 119 52 27 43 254 77 11
1 30 1 1 100 0.75 3 490 120 53 28 44 254 77 11
1 30 1 1 100 0.75 3 491 120 54 26 45 253 77 11
1 30 1 1 100 0.75 3 492 121 55 33 45 253 77 11
1 30 1 1 100 0.75 3 493 123 56 26 46 253 77 11
1 30 1 1 100 0.75 3 494 123 57 31 49 253 77 13
1 30 1 1 100 0.75 3 495 124 58 29 49 253 77 14
1 30 1 1 100 0.75 3 496 125 58 32 50 254 78 14
1 30 1 1 100 0.75 3 497 127 57 30 49 255 80 12
1 30 1 1 100 0.75 3 498 127 57 30 50 256 81 12
1 30 1 1 100 0.75 3 499 128 57 28 49 257 82 11
1 30 1 1 100 0.75 3 500 129 58 26 50 257 82 11
1 30 1 1 100 0.75 3 501 130 58 30 50 258 83 12
1 30 1 1 100 0.75 3 502 130 58 36 50 259 84 13
1 30 1 1 100 0.75 3 503 131 58 32 49 260 85 13
1 30 1 1 100 0.75 3 504 132 57 33 48 262 87 13
1 30 1 1 100 0.75 3 505 132 58 33 49 262 87 13
1 30 1 1 100 0.75 3 506 133 59 34 49 262 87 13
1 30 1 1 100 0.75 3 507 133 60 26 50 261 87 14
1 30 1 1 100 0.75 3 508 136 60 32 49 262 88 14
1 30 1 1 100 0.75 3 509 138 61 31 52 262 88 14
1 30 1 1 100 0.75 3 510 139 62 32 54 262 88 14
1 30 1 1 100 0.75 3 510 139 62 62 54 276 88 14
1 30 1 1 100 0.75 3 540 139 62 62 54 206 88 14
1 30 1 1 100 0.75 4 541 0 1 1 0 206 0 0
1 30 1 1 100 0.75 4 542 0 2 2 0 206 0 0
1 30 1 1 100 0.75 4 543 0 3 3 0 206 0 0
1 30 1 1 100 0.75 4 544 0 4 4 0 206 0 0
1 30 1 1 100 0.75 4 545 0 5 5 0 206 0 0
1 30 1 1 100 0.75 4 546 0 6 6 0 206 0 0
1 30 1 1 100 0.75 4 547 0 7 7 0 206 0 0
1 30 1 1 100 0.75 4 548 0 8 8 0 206 0 0
1 30 1 1 100 0.75 4 549 0 9 9 0 206 0 0
1 30 1 1 100 0.75 4 550 0 10 9 0 206 0 0
1 30 1 1 100 0.75 4 551 3 11 8 0 206 0 0
1 30 1 1 100 0.75 4 552 3 12 9 3 206 0 0
1 30 1 1 100 0.75 4 553 4 13 9 3 206 0 0
1 30 1 1 100 0.75 4 554 6 14 8 4 205 0 0
1 30 1 1 100 0.75 4 555 8 15 6 6 205 0 0
1 30 1 1 100 0.75 4 556 8 16 7 8 205 0 0
1 30 1 1 100 0.75 4 557 8 17 8 8 205 0 0
1 30 1 1 100 0.75 4 558 9 18 9 8 205 0 1
1 30 1 1 100 0.75 4 559 10 19 12 9 205 0 2
1 30 1 1 100 0.75 4 560 12 20 9 10 205 0 2
1 30 1 1 100 0.75 4 561 14 21 9 12 205 0 5
1 30 1 1 100 0.75 4 562 14 22 13 14 205 0 6
1 30 1 1 100 0.75 4 563 16 23 12 14 205 0 7
1 30 1 1 100 0.75 4 564 17 24 13 16 205 0 7
1 30 1 1 100 0.75 4 565 18 25 14 17 205 0 8
1 30 1 1 100 0.75 4 566 18 26 16 18 205 0 9
1 30 1 1 100 0.75 4 567 20 27 12 18 205 0 10
1 30 1 1 100 0.75 4 568 21 28 14 20 205 0 10
1 30 1 1 100 0.75 4 569 23 29 14 21 205 0 11
1 30 1 1 100 0.75 4 570 23 30 15 23 204 0 11
1 30 1 1 100 0.75 4 571 24 31 17 23 204 0 12
1 30 1 1 100 0.75 4 572 25 32 16 24 204 0 14
1 30 1 1 100 0.75 4 573 25 33 19 25 204 0 14
1 30 1 1 100 0.75 4 574 27 34 20 25 204 0 15
1 30 1 1 100 0.75 4 575 28 35 24 27 204 0 17
1 30 1 1 100 0.75 4 576 29 34 17 26 206 2 16
1 30 1 1 100 0.75 4 577 29 35 21 27 206 2 17
1 30 1 1 100 0.75 4 578 29 34 16 25 208 4 15
1 30 1 1 100 0.75 4 579 30 35 22 25 208 4 16
1 30 1 1 100 0.75 4 580 30 34 17 24 210 6 14
1 30 1 1 100 0.75 4 581 31 34 17 23 211 7 14
1 30 1 1 100 0.75 4 582 34 35 21 24 211 7 16
1 30 1 1 100 0.75 4 583 35 34 21 25 213 9 14
1 30 1 1 100 0.75 4 584 35 35 19 26 213 9 15
1 30 1 1 100 0.75 4 585 37 35 18 25 214 10 14
1 30 1 1 100 0.75 4 586 38 36 20 27 213 10 14
1 30 1 1 100 0.75 4 587 39 35 20 26 215 12 13
1 30 1 1 100 0.75 4 588 40 36 18 27 215 12 14
1 30 1 1 100 0.75 4 589 41 35 19 26 217 14 13
1 30 1 1 100 0.75 4 590 43 36 22 27 217 14 14
1 30 1 1 100 0.75 4 591 44 35 16 27 218 16 12
1 30 1 1 100 0.75 4 592 45 35 18 27 218 17 11
1 30 1 1 100 0.75 4 593 46 36 19 28 218 17 12
1 30 1 1 100 0.75 4 594 47 36 21 28 219 18 11
1 30 1 1 100 0.75 4 595 48 36 18 28 220 19 11
1 30 1 1 100 0.75 4 596 50 36 18 28 221 20 10
1 30 1 1 100 0.75 4 597 51 36 17 29 222 21 10
1 30 1 1 100 0.75 4 598 51 37 18 30 222 21 11
1 30 1 1 100 0.75 4 599 52 38 19 30 222 21 13
1 30 1 1 100 0.75 4 600 53 36 18 28 225 24 10
1 30 1 1 100 0.75 4 601 53 37 18 29 225 24 11
1 30 1 1 100 0.75 4 602 55 38 21 29 225 24 13
1 30 1 1 100 0.75 4 603 56 39 18 31 225 24 13
1 30 1 1 100 0.75 4 604 57 39 24 31 226 25 13
1 30 1 1 100 0.75 4 605 58 39 18 31 226 26 12
1 30 1 1 100 0.75 4 606 58 40 23 32 226 26 12
1 30 1 1 100 0.75 4 607 59 41 25 32 226 26 13
1 30 1 1 100 0.75 4 608 60 42 24 33 226 26 13
1 30 1 1 100 0.75 4 609 61 41 23 32 228 28 12
1 30 1 1 100 0.75 4 610 63 42 23 33 228 28 14
1 30 1 1 100 0.75 4 611 63 42 26 34 229 29 14
1 30 1 1 100 0.75 4 612 65 43 23 34 229 29 14
1 30 1 1 100 0.75 4 613 65 44 23 36 229 29 15
1 30 1 1 100 0.75 4 614 65 45 30 36 229 29 15
1 30 1 1 100 0.75 4 615 68 45 22 35 230 30 15
1 30 1 1 100 0.75 4 616 69 45 25 37 230 31 15
1 30 1 1 100 0.75 4 617 70 43 19 35 233 34 12
1 30 1 1 100 0.75 4 618 71 43 24 35 234 35 12
1 30 1 1 100 0.75 4 619 72 44 22 36 234 35 13
1 30 1 1 100 0.75 4 620 73 45 24 37 234 35 14
1 30 1 1 100 0.75 4 621 74 45 22 37 235 36 13
1 30 1 1 100 0.75 4 622 74 44 25 36 237 38 11
1 30 1 1 100 0.75 4 623 74 45 26 36 237 38 13
1 30 1 1 100 0.75 4 624 74 46 28 36 236 38 14
1 30 1 1 100 0.75 4 625 76 46 25 35 237 39 14
1 30 1 1 100 0.75 4 626 76 47 30 37 237 39 14
1 30 1 1 100 0.75 4 627 77 48 27 37 237 39 14
1 30 1 1 100 0.75 4 628 79 46 27 35 240 42 12
1 30 1 1 100 0.75 4 629 80 47 20 37 240 42 12
1 30 1 1 100 0.75 4 630 81 47 25 37 241 43 11
1 30 1 1 100 0.75 4 631 81 46 24 36 243 45 9
1 30 1 1 100 0.75 4 632 84 46 21 35 244 46 8
1 30 1 1 100 0.75 4 633 85 47 26 38 244 46 8
1 30 1 1 100 0.75 4 634 85 48 24 39 243 46 8
1 30 1 1 100 0.75 4 635 85 48 30 38 244 47 8
1 30 1 1 100 0.75 4 636 87 49 27 38 244 47 8
1 30 1 1 100 0.75 4 637 87 49 23 39 245 48 7
1 30 1 1 100 0.75 4 638 88 49 23 38 246 49 7
1 30 1 1 100 0.75 4 639 90 50 23 39 246 49 8
1 30 1 1 100 0.75 4 640 91 49 27 39 248 51 8
1 30 1 1 100 0.75 4 641 92 50 28 40 248 51 8
1 30 1 1 100 0.75 4 642 93 51 26 41 248 51 8
1 30 1 1 100 0.75 4 643 94 50 24 40 250 53 6
1 30 1 1 100 0.75 4 644 95 51 23 41 250 53 7
1 30 1 1 100 0.75 4 645 96 52 26 42 250 53 7
1 30 1 1 100 0.75 4 646 97 52 21 42 251 54 7
1 30 1 1 100 0.75 4 647 99 53 26 43 251 54 9
1 30 1 1 100 0.75 4 648 100 54 23 45 251 54 10
1 30 1 1 100 0.75 4 649 100 55 31 46 251 54 11
1 30 1 1 100 0.75 4 650 103 56 25 46 251 54 11
1 30 1 1 100 0.75 4 651 104 57 27 49 250 54 12
1 30 1 1 100 0.75 4 652 104 58 27 50 250 54 13
1 30 1 1 100 0.75 4 653 105 58 32 49 251 55 12
1 30 1 1 100 0.75 4 654 105 58 30 49 251 56 13
1 30 1 1 100 0.75 4 655 106 58 35 48 252 57 14
1 30 1 1 100 0.75 4 656 110 58 28 48 253 58 13
1 30 1 1 100 0.75 4 657 110 59 31 52 253 58 14
1 30 1 1 100 0.75 4 658 112 59 23 51 254 59 14
1 30 1 1 100 0.75 4 659 112 60 31 53 254 59 14
1 30 1 1 100 0.75 4 660 112 61 27 53 254 59 14
1 30 1 1 100 0.75 4 661 114 62 30 53 254 59 14
1 30 1 1 100 0.75 4 662 115 62 30 54 255 60 14
1 30 1 1 100 0.75 4 663 115 62 29 54 256 61 13
1 30 1 1 100 0.75 4 664 116 60 35 51 259 64 14
1 30 1 1 100 0.75 4 665 117 61 27 52 258 64 14
1 30 1 1 100 0.75 4 666 117 61 32 52 258 65 15
1 30 1 1 100 0.75 4 667 118 61 33 51 259 66 14
1 30 1 1 100 0.75 4 668 120 61 31 51 260 67 13
1 30 1 1 100 0.75 4 669 120 61 26 52 261 68 14
1 30 1 1 100 0.75 4 670 122 61 30 51 262 69 13
1 30 1 1 100 0.75 4 671 123 62 35 53 262 69 14
1 30 1 1 100 0.75 4 672 124 63 33 54 262 69 14
1 30 1 1 100 0.75 4 673 125 62 29 53 264 71 13
1 30 1 1 100 0.75 4 674 126 62 30 53 265 72 12
1 30 1 1 100 0.75 4 675 127 62 30 53 266 73 14
1 30 1 1 100 0.75 4 676 127 63 31 54 265 73 14
1 30 1 1 100 0.75 4 677 129 64 33 55 265 73 16
1 30 1 1 100 0.75 4 678 130 64 34 56 266 74 16
1 30 1 1 100 0.75 4 679 131 65 29 57 266 74 16
1 30 1 1 100 0.75 4 680 131 65 34 57 267 75 15
1 30 1 1 100 0.75 4 681 131 62 30 53 271 79 12
1 30 1 1 100 0.75 4 682 132 63 33 53 271 79 12
1 30 1 1 100 0.75 4 683 133 64 34 54 271 79 14
1 30 1 1 100 0.75 4 684 136 64 27 54 272 80 13
1 30 1 1 100 0.75 4 685 136 65 33 57 272 80 15
1 30 1 1 100 0.75 4 686 137 66 36 57 272 80 16
1 30 1 1 100 0.75 4 687 139 66 31 57 273 81 15
1 30 1 1 100 0.75 4 688 139 65 30 58 275 83 13
1 30 1 1 100 0.75 4 689 139 65 29 57 276 84 12
1 30 1 1 100 0.75 4 690 140 66 31 57 276 84 13
1 30 1 1 100 0.75 4 690 140 66 66 57 289 84 13
1 30 1 1 100 0.75 4 720 140 66 66 57 205 84 13
1 30 1 1 100 0.75 5 721 0 1 1 0 205 0 0
1 30 1 1 100 0.75 5 722 0 2 2 0 205 0 0
1 30 1 1 100 0.75 5 723 0 3 3 0 205 0 0
1 30 1 1 100 0.75 5 724 0 4 4 0 205 0 0
1 30 1 1 100 0.75 5 725 0 5 5 0 205 0 0
1 30 1 1 100 0.75 5 726 0 6 6 0 205 0 0
1 30 1 1 100 0.75 5 727 0 7 7 0 205 0 0
1 30 1 1 100 0.75 5 728 0 8 7 0 205 0 0
1 30 1 1 100 0.75 5 729 0 9 8 0 205 0 0
1 30 1 1 100 0.75 5 730 1 10 9 0 205 0 0
1 30 1 1 100 0.75 5 731 3 11 8 1 205 0 0
1 30 1 1 100 0.75 5 732 3 12 8 3 205 0 0
1 30 1 1 100 0.75 5 733 4 13 9 3 205 0 0
1 30 1 1 100 0.75 5 734 7 14 5 4 205 0 0
1 30 1 1 100 0.75 5 735 7 15 8 7 205 0 0
1 30 1 1 100 0.75 5 736 9 16 5 7 205 0 0
1 30 1 1 100 0.75 5 737 9 17 7 9 205 0 0
1 30 1 1 100 0.75 5 738 10 18 9 9 205 0 2
1 30 1 1 100 0.75 5 739 10 19 11 10 205 0 3
1 30 1 1 100 0.75 5 740 10 20 11 10 205 0 3
1 30 1 1 100 0.75 5 741 14 21 11 10 205 0 7
1 30 1 1 100 0.75 5 742 15 22 9 14 205 0 7
1 30 1 1 100 0.75 5 743 15 23 14 15 205 0 7
1 30 1 1 100 0.75 5 744 18 24 13 15 205 0 7
1 30 1 1 100 0.75 5 745 18 25 13 18 205 0 7
1 30 1 1 100 0.75 5 746 19 26 14 18 205 0 7
1 30 1 1 100 0.75 5 747 19 27 14 19 205 0 7
1 30 1 1 100 0.75 5 748 21 28 17 19 205 0 8
1 30 1 1 100 0.75 5 749 21 29 20 21 205 0 10
1 30 1 1 100 0.75 5 750 22 30 19 21 205 0 11
1 30 1 1 100 0.75 5 751 23 31 21 22 205 0 12
1 30 1 1 100 0.75 5 752 23 32 23 23 205 0 13
1 30 1 1 100 0.75 5 753 26 33 21 23 205 0 13
1 30 1 1 100 0.75 5 754 26 34 23 26 205 0 14
1 30 1 1 100 0.75 5 755 28 34 21 25 206 1 14
1 30 1 1 100 0.75 5 756 29 35 23 27 206 1 14
1 30 1 1 100 0.75 5 757 29 35 19 27 207 2 14
1 30 1 1 100 0.75 5 758 30 34 22 25 209 4 13
1 30 1 1 100 0.75 5 759 32 34 17 25 210 5 12
1 30 1 1 100 0.75 5 760 34 35 21 27 210 5 14
1 30 1 1 100 0.75 5 761 34 34 21 27 211 7 12
1 30 1 1 100 0.75 5 762 34 35 22 27 210 7 13
1 30 1 1 100 0.75 5 763 36 36 22 27 210 7 15
1 30 1 1 100 0.75 5 764 38 37 20 29 210 7 15
1 30 1 1 100 0.75 5 765 38 38 24 31 210 7 15
1 30 1 1 100 0.75 5 766 39 38 23 30 211 8 15
1 30 1 1 100 0.75 5 767 40 37 20 29 213 10 15
1 30 1 1 100 0.75 5 768 40 38 27 30 213 10 16
1 30 1 1 100 0.75 5 769 41 38 24 29 214 11 15
1 30 1 1 100 0.75 5 770 41 38 20 29 215 12 14
1 30 1 1 100 0.75 5 771 41 37 25 27 217 14 14
1 30 1 1 100 0.75 5 772 43 36 23 25 218 16 13
1 30 1 1 100 0.75 5 773 44 37 22 27 218 16 14
1 30 1 1 100 0.75 5 774 44 38 29 28 218 16 15
1 30 1 1 100 0.75 5 775 48 39 23 28 218 16 15
1 30 1 1 100 0.75 5 776 48 38 21 30 220 18 13
1 30 1 1 100 0.75 5 777 48 38 21 29 221 19 12
1 30 1 1 100 0.75 5 778 48 39 21 29 221 19 12
1 30 1 1 100 0.75 5 779 48 40 24 29 221 19 12
1 30 1 1 100 0.75 5 780 52 41 24 29 221 19 13
1 30 1 1 100 0.75 5 781 53 41 21 32 222 20 13
1 30 1 1 100 0.75 5 782 54 41 23 32 223 21 13
1 30 1 1 100 0.75 5 783 56 39 20 30 226 24 13
1 30 1 1 100 0.75 5 784 56 39 21 31 227 25 12
1 30 1 1 100 0.75 5 785 57 40 22 31 227 25 12
1 30 1 1 100 0.75 5 786 60 40 19 31 228 26 11
1 30 1 1 100 0.75 5 787 61 40 24 33 229 27 13
1 30 1 1 100 0.75 5 788 61 40 20 33 230 28 12
1 30 1 1 100 0.75 5 789 62 41 22 33 230 28 13
1 30 1 1 100 0.75 5 790 63 41 20 33 231 29 14
1 30 1 1 100 0.75 5 791 64 40 25 32 233 31 12
1 30 1 1 100 0.75 5 792 65 41 24 33 233 31 12
1 30 1 1 100 0.75 5 793 65 42 25 34 232 31 13
1 30 1 1 100 0.75 5 794 67 43 25 34 232 31 15
1 30 1 1 100 0.75 5 795 67 44 30 36 232 31 15
1 30 1 1 100 0.75 5 796 68 44 25 35 233 32 14
1 30 1 1 100 0.75 5 797 68 45 27 36 233 32 15
1 30 1 1 100 0.75 5 798 69 45 24 36 234 33 14
1 30 1 1 100 0.75 5 799 71 46 24 37 234 33 16
1 30 1 1 100 0.75 5 800 71 45 27 37 236 35 14
1 30 1 1 100 0.75 5 801 73 46 26 37 236 35 16
1 30 1 1 100 0.75 5 802 73 46 28 38 236 36 15
1 30 1 1 100 0.75 5 803 75 44 26 36 238 39 13
1 30 1 1 100 0.75 5 804 75 44 21 37 239 40 12
1 30 1 1 100 0.75 5 805 76 43 23 35 241 42 11
1 30 1 1 100 0.75 5 806 76 44 27 36 241 42 12
1 30 1 1 100 0.75 5 807 77 44 25 35 242 43 13
1 30 1 1 100 0.75 5 808 78 44 24 35 243 44 13
1 30 1 1 100 0.75 5 809 79 44 25 36 244 45 14
1 30 1 1 100 0.75 5 810 80 45 26 37 244 45 15
1 30 1 1 100 0.75 5 811 81 46 32 38 244 45 16
1 30 1 1 100 0.75 5 812 81 47 31 39 244 45 17
1 30 1 1 100 0.75 5 813 83 48 31 39 244 45 17
1 30 1 1 100 0.75 5 814 83 47 27 39 246 47 15
1 30 1 1 100 0.75 5 815 84 48 31 39 245 47 15
1 30 1 1 100 0.75 5 816 85 49 26 40 245 47 16
1 30 1 1 100 0.75 5 817 86 48 27 39 247 49 15
1 30 1 1 100 0.75 5 818 88 48 26 39 248 50 15
1 30 1 1 100 0.75 5 819 89 48 25 40 249 51 15
1 30 1 1 100 0.75 5 820 90 48 19 40 250 52 15
1 30 1 1 100 0.75 5 821 92 49 27 41 250 52 16
1 30 1 1 100 0.75 5 822 92 50 26 43 250 52 16
1 30 1 1 100 0.75 5 823 93 50 25 42 251 53 16
1 30 1 1 100 0.75 5 824 93 47 30 39 254 57 13
1 30 1 1 100 0.75 5 825 95 47 26 38 255 58 14
1 30 1 1 100 0.75 5 826 95 46 28 38 257 60 14
1 30 1 1 100 0.75 5 827 95 47 28 38 257 60 14
1 30 1 1 100 0.75 5 828 97 48 31 38 257 60 16
1 30 1 1 100 0.75 5 829 98 49 27 40 257 60 17
1 30 1 1 100 0.75 5 830 98 49 27 40 257 61 17
1 30 1 1 100 0.75 5 831 99 49 29 39 258 62 16
1 30 1 1 100 0.75 5 832 100 50 33 40 258 62 18
1 30 1 1 100 0.75 5 833 101 51 34 41 258 62 18
1 30 1 1 100 0.75 5 834 101 51 31 41 259 63 17
1 30 1 1 100 0.75 5 835 102 51 31 40 260 64 17
1 30 1 1 100 0.75 5 836 103 51 33 40 261 65 17
1 30 1 1 100 0.75 5 837 105 52 31 41 261 65 18
1 30 1 1 100 0.75 5 838 105 53 35 44 261 65 19
1 30 1 1 100 0.75 5 839 106 51 23 41 264 68 16
1 30 1 1 100 0.75 5 840 106 51 31 42 265 69 17
1 30 1 1 100 0.75 5 841 107 52 29 42 265 69 17
1 30 1 1 100 0.75 5 842 107 53 31 43 264 69 17
1 30 1 1 100 0.75 5 843 110 49 28 38 268 74 13
1 30 1 1 100 0.75 5 844 110 49 34 40 269 75 15
1 30 1 1 100 0.75 5 845 111 50 31 40 268 75 15
1 30 1 1 100 0.75 5 846 111 48 31 38 271 78 12
1 30 1 1 100 0.75 5 847 112 48 27 37 272 79 13
1 30 1 1 100 0.75 5 848 114 49 29 38 271 79 13
1 30 1 1 100 0.75 5 849 116 49 26 39 272 80 13
1 30 1 1 100 0.75 5 850 116 49 29 40 273 81 14
1 30 1 1 100 0.75 5 851 118 50 30 40 273 81 14
1 30 1 1 100 0.75 5 852 119 49 28 40 275 83 12
1 30 1 1 100 0.75 5 853 120 50 22 41 275 83 13
1 30 1 1 100 0.75 5 854 122 51 26 42 274 83 13
1 30 1 1 100 0.75 5 855 124 51 28 43 275 84 13
1 30 1 1 100 0.75 5 856 124 51 30 44 276 85 14
1 30 1 1 100 0.75 5 857 124 51 32 43 277 86 14
1 30 1 1 100 0.75 5 858 125 52 30 43 277 86 15
1 30 1 1 100 0.75 5 859 127 52 24 44 278 87 14
1 30 1 1 100 0.75 5 860 127 52 28 45 277 88 15
1 30 1 1 100 0.75 5 861 128 52 28 44 278 89 14
1 30 1 1 100 0.75 5 862 128 52 29 44 279 90 15
1 30 1 1 100 0.75 5 863 129 53 29 44 279 90 16
1 30 1 1 100 0.75 5 864 130 52 26 43 281 92 14
1 30 1 1 100 0.75 5 865 131 53 28 44 281 92 14
1 30 1 1 100 0.75 5 866 133 54 31 45 281 92 17
1 30 1 1 100 0.75 5 867 135 55 28 47 281 92 18
1 30 1 1 100 0.75 5 868 135 54 31 47 283 94 17
1 30 1 1 100 0.75 5 869 136 55 30 47 283 94 17
1 30 1 1 100 0.75 5 870 136 53 25 45 286 97 15
1 30 1 1 100 0.75 5 870 136 53 53 45 301 97 15
1 30 1 1 100 0.75 5 900 136 53 53 45 213 97 15
1 30 1 1 100 0.75 6 901 0 1 1 0 213 0 0
1 30 1 1 100 0.75 6 902 0 2 2 0 213 0 0
1 30 1 1 100 0.75 6 903 0 3 3 0 213 0 0
1 30 1 1 100 0.75 6 904 0 4 4 0 213 0 0
1 30 1 1 100 0.75 6 905 0 5 5 0 213 0 0
1 30 1 1 100 0.75 6 906 0 6 5 0 213 0 0
1 30 1 1 100 0.75 6 907 0 7 7 0 213 0 0
1 30 1 1 100 0.75 6 908 1 8 7 0 213 0 0
1 30 1 1 100 0.75 6 909 1 9 7 1 213 0 0
1 30 1 1 100 0.75 6 910 1 10 9 1 213 0 0
1 30 1 1 100 0.75 6 911 3 11 8 1 213 0 0
1 30 1 1 100 0.75 6 912 4 12 6 3 213 0 0
1 30 1 1 100 0.75 6 913 5 13 7 4 213 0 0
1 30 1 1 100 0.75 6 914 6 14 7 5 213 0 0
1 30 1 1 100 0.75 6 915 7 15 7 6 213 0 0
1 30 1 1 100 0.75 6 916 8 16 8 7 213 0 0
1 30 1 1 100 0.75 6 917 10 17 7 8 212 0 0
1 30 1 1 100 0.75 6 918 10 18 8 10 212 0 1
1 30 1 1 100 0.75 6 919 12 19 9 10 212 0 2
1 30 1 1 100 0.75 6 920 12 20 9 12 212 0 4
1 30 1 1 100 0.75 6 921 12 21 11 12 212 0 4
1 30 1 1 100 0.75 6 922 14 22 10 12 212 0 4
1 30 1 1 100 0.75 6 923 15 23 10 14 212 0 5
1 30 1 1 100 0.75 6 924 15 24 12 15 212 0 7
1 30 1 1 100 0.75 6 925 15 25 15 15 212 0 7
1 30 1 1 100 0.75 6 926 15 26 18 15 212 0 7
1 30 1 1 100 0.75 6 927 18 27 13 15 212 0 9
1 30 1 1 100 0.75 6 928 18 28 14 18 212 0 9
1 30 1 1 100 0.75 6 929 22 29 14 18 212 0 10
1 30 1 1 100 0.75 6 930 22 30 18 22 212 0 11
1 30 1 1 100 0.75 6 931 24 31 17 22 212 0 12
1 30 1 1 100 0.75 6 932 25 32 18 24 212 0 12
1 30 1 1 100 0.75 6 933 25 33 17 25 212 0 12
1 30 1 1 100 0.75 6 934 25 34 21 25 212 0 15
1 30 1 1 100 0.75 6 935 27 34 17 24 213 1 14
1 30 1 1 100 0.75 6 936 28 35 19 26 213 1 17
1 30 1 1 100 0.75 6 937 28 36 22 27 213 1 17
1 30 1 1 100 0.75 6 938 29 36 22 26 214 2 17
1 30 1 1 100 0.75 6 939 30 36 23 26 215 3 16
1 30 1 1 100 0.75 6 940 31 36 21 26 216 4 16
1 30 1 1 100 0.75 6 941 31 36 24 26 217 5 15
1 30 1 1 100 0.75 6 942 33 37 24 26 217 5 16
1 30 1 1 100 0.75 6 943 35 37 23 27 218 6 15
1 30 1 1 100 0.75 6 944 36 37 20 28 219 7 15
1 30 1 1 100 0.75 6 945 37 37 21 28 220 8 15
1 30 1 1 100 0.75 6 946 39 38 23 29 220 8 16
1 30 1 1 100 0.75 6 947 41 38 18 30 221 9 16
1 30 1 1 100 0.75 6 948 42 38 19 31 222 10 15
1 30 1 1 100 0.75 6 949 42 37 17 30 224 12 13
1 30 1 1 100 0.75 6 950 44 37 19 29 225 13 13
1 30 1 1 100 0.75 6 951 44 37 21 30 225 14 13
1 30 1 1 100 0.75 6 952 44 38 21 30 225 14 13
1 30 1 1 100 0.75 6 953 46 38 24 29 226 15 15
1 30 1 1 100 0.75 6 954 47 38 22 30 227 16 16
1 30 1 1 100 0.75 6 955 47 37 24 29 229 18 15
1 30 1 1 100 0.75 6 956 48 38 22 29 228 18 15
1 30 1 1 100 0.75 6 957 48 39 25 30 228 18 16
1 30 1 1 100 0.75 6 958 50 38 22 28 230 20 14
1 30 1 1 100 0.75 6 959 51 38 26 29 231 21 13
1 30 1 1 100 0.75 6 960 53 39 22 30 231 21 13
1 30 1 1 100 0.75 6 961 53 39 24 31 231 22 14
1 30 1 1 100 0.75 6 962 55 39 19 30 232 23 13
1 30 1 1 100 0.75 6 963 55 39 27 31 233 24 13
1 30 1 1 100 0.75 6 964 56 40 20 31 233 24 13
1 30 1 1 100 0.75 6 965 57 40 23 31 234 25 14
1 30 1 1 100 0.75 6 966 58 40 22 31 235 26 14
1 30 1 1 100 0.75 6 967 58 41 26 32 235 26 15
1 30 1 1 100 0.75 6 968 59 41 26 31 236 27 15
1 30 1 1 100 0.75 6 969 61 41 26 31 237 28 14
1 30 1 1 100 0.75 6 970 61 41 26 32 238 29 14
1 30 1 1 100 0.75 6 971 63 42 28 32 238 29 14
1 30 1 1 100 0.75 6 972 64 39 21 30 242 33 10
1 30 1 1 100 0.75 6 973 65 39 18 30 243 34 10
1 30 1 1 100 0.75 6 974 67 40 19 31 243 34 11
1 30 1 1 100 0.75 6 975 67 41 23 33 243 34 11
1 30 1 1 100 0.75 6 976 67 42 24 33 243 34 13
1 30 1 1 100 0.75 6 977 67 43 27 33 243 34 14
1 30 1 1 100 0.75 6 978 68 43 25 33 244 35 15
1 30 1 1 100 0.75 6 979 70 42 21 33 246 37 13
1 30 1 1 100 0.75 6 980 72 43 23 35 246 37 14
1 30 1 1 100 0.75 6 981 72 44 26 37 246 37 14
1 30 1 1 100 0.75 6 982 73 44 25 36 247 38 14
1 30 1 1 100 0.75 6 983 74 45 20 37 247 38 14
1 30 1 1 100 0.75 6 984 75 44 22 36 249 40 12
1 30 1 1 100 0.75 6 985 76 44 20 36 250 41 13
1 30 1 1 100 0.75 6 986 77 43 25 35 252 43 11
1 30 1 1 100 0.75 6 987 77 44 25 36 252 43 13
1 30 1 1 100 0.75 6 988 78 45 26 36 252 43 14
1 30 1 1 100 0.75 6 989 79 46 25 38 252 43 14
1 30 1 1 100 0.75 6 990 80 47 29 39 252 43 15
1 30 1 1 100 0.75 6 991 81 47 27 39 253 44 15
1 30 1 1 100 0.75 6 992 81 47 26 39 254 45 14
1 30 1 1 100 0.75 6 993 83 46 26 37 256 47 13
1 30 1 1 100 0.75 6 994 83 47 26 39 256 47 14
1 30 1 1 100 0.75 6 995 83 47 30 38 256 48 14
1 30 1 1 100 0.75 6 996 84 46 26 36 257 50 13
1 30 1 1 100 0.75 6 997 85 47 28 37 257 50 14
1 30 1 1 100 0.75 6 998 86 47 28 38 258 51 13
1 30 1 1 100 0.75 6 999 87 48 26 39 258 51 14
1 30 1 1 100 0.75 6 1000 88 48 29 39 259 52 13
1 30 1 1 100 0.75 6 1001 89 48 25 39 260 53 14
1 30 1 1 100 0.75 6 1002 91 48 23 39 261 54 13
1 30 1 1 100 0.75 6 1003 92 48 26 40 262 55 12
1 30 1 1 100 0.75 6 1004 93 49 28 41 262 55 13
1 30 1 1 100 0.75 6 1005 93 48 25 40 264 57 11
1 30 1 1 100 0.75 6 1006 95 48 23 39 265 58 12
1 30 1 1 100 0.75 6 1007 96 49 25 41 265 58 12
1 30 1 1 100 0.75 6 1008 97 50 25 42 265 58 13
1 30 1 1 100 0.75 6 1009 98 51 29 43 265 58 13
1 30 1 1 100 0.75 6 1010 98 51 30 43 266 59 13
1 30 1 1 100 0.75 6 1011 99 51 29 43 267 60 13
1 30 1 1 100 0.75 6 1012 99 51 27 43 268 61 12
1 30 1 1 100 0.75 6 1013 100 51 31 42 269 62 11
1 30 1 1 100 0.75 6 1014 101 49 24 40 272 65 10
1 30 1 1 100 0.75 6 1015 103 50 28 41 272 65 10
1 30 1 1 100 0.75 6 1016 103 51 26 43 272 65 11
1 30 1 1 100 0.75 6 1017 104 51 28 42 273 66 11
1 30 1 1 100 0.75 6 1018 104 52 26 43 273 66 12
1 30 1 1 100 0.75 6 1019 104 53 27 44 273 66 12
1 30 1 1 100 0.75 6 1020 105 54 28 45 273 66 12
1 30 1 1 100 0.75 6 1021 106 54 25 45 274 67 11
1 30 1 1 100 0.75 6 1022 107 53 25 44 275 69 10
1 30 1 1 100 0.75 6 1023 107 54 28 45 275 69 11
1 30 1 1 100 0.75 6 1024 108 55 33 45 275 69 12
1 30 1 1 100 0.75 6 1025 108 56 27 46 275 69 12
1 30 1 1 100 0.75 6 1026 109 56 30 45 275 70 12
1 30 1 1 100 0.75 6 1027 112 56 29 45 276 71 12
1 30 1 1 100 0.75 6 1028 113 56 25 48 277 72 11
1 30 1 1 100 0.75 6 1029 114 56 28 48 278 73 11
1 30 1 1 100 0.75 6 1030 116 57 26 49 278 73 12
1 30 1 1 100 0.75 6 1031 116 56 25 49 280 75 11
1 30 1 1 100 0.75 6 1032 116 55 27 47 282 77 9
1 30 1 1 100 0.75 6 1033 117 56 28 47 282 77 10
1 30 1 1 100 0.75 6 1034 118 57 26 48 282 77 13
1 30 1 1 100 0.75 6 1035 121 58 27 49 282 77 15
1 30 1 1 100 0.75 6 1036 121 59 28 52 282 77 15
1 30 1 1 100 0.75 6 1037 121 59 33 51 283 78 14
1 30 1 1 100 0.75 6 1038 121 59 30 50 284 79 15
1 30 1 1 100 0.75 6 1039 121 60 32 50 284 79 15
1 30 1 1 100 0.75 6 1040 123 60 30 51 284 80 14
1 30 1 1 100 0.75 6 1041 124 60 32 52 285 81 14
1 30 1 1 100 0.75 6 1042 124 61 31 53 285 81 15
1 30 1 1 100 0.75 6 1043 125 61 34 52 286 82 16
1 30 1 1 100 0.75 6 1044 126 62 29 53 286 82 16
1 30 1 1 100 0.75 6 1045 127 62 32 53 287 83 15
1 30 1 1 100 0.75 6 1046 128 61 27 52 289 85 15
1 30 1 1 100 0.75 6 1047 129 62 31 54 289 85 16
1 30 1 1 100 0.75 6 1048 130 63 33 55 289 85 17
1 30 1 1 100 0.75 6 1049 130 62 31 55 291 87 16
1 30 1 1 100 0.75 6 1050 131 61 30 53 293 89 15
1 30 1 1 100 0.75 6 1050 131 61 61 53 308 89 15
1 30 1 1 100 0.75 6 1080 131 61 61 53 214 89 15
1 30 1 1 100 0.75 7 1081 0 1 1 0 214 0 0
1 30 1 1 100 0.75 7 1082 0 2 2 0 214 0 0
1 30 1 1 100 0.75 7 1083 0 3 3 0 214 0 0
1 30 1 1 100 0.75 7 1084 0 4 4 0 214 0 0
1 30 1 1 100 0.75 7 1085 0 5 5 0 214 0 0
1 30 1 1 100 0.75 7 1086 0 6 6 0 214 0 0
1 30 1 1 100 0.75 7 1087 0 7 7 0 214 0 0
1 30 1 1 100 0.75 7 1088 1 8 6 0 214 0 0
1 30 1 1 100 0.75 7 1089 2 9 6 1 214 0 0
1 30 1 1 100 0.75 7 1090 3 10 5 2 214 0 0
1 30 1 1 100 0.75 7 1091 5 11 5 3 214 0 0
1 30 1 1 100 0.75 7 1092 5 12 5 5 214 0 0
1 30 1 1 100 0.75 7 1093 6 13 5 5 214 0 0
1 30 1 1 100 0.75 7 1094 8 14 6 6 214 0 0
1 30 1 1 100 0.75 7 1095 8 15 6 8 214 0 0
1 30 1 1 100 0.75 7 1096 8 16 6 8 214 0 1
1 30 1 1 100 0.75 7 1097 10 17 8 8 214 0 2
1 30 1 1 100 0.75 7 1098 10 18 11 10 214 0 4
1 30 1 1 100 0.75 7 1099 12 19 12 10 214 0 4
1 30 1 1 100 0.75 7 1100 12 20 11 12 214 0 4
1 30 1 1 100 0.75 7 1101 13 21 13 12 214 0 5
1 30 1 1 100 0.75 7 1102 13 22 14 13 214 0 5
1 30 1 1 100 0.75 7 1103 16 23 11 13 214 0 5
1 30 1 1 100 0.75 7 1104 16 24 13 16 214 0 5
1 30 1 1 100 0.75 7 1105 17 25 15 16 214 0 7
1 30 1 1 100 0.75 7 1106 17 26 18 17 214 0 8
1 30 1 1 100 0.75 7 1107 20 27 14 17 214 0 8
1 30 1 1 100 0.75 7 1108 20 28 16 20 214 0 8
1 30 1 1 100 0.75 7 1109 21 29 19 20 214 0 8
1 30 1 1 100 0.75 7 1110 21 30 21 21 214 0 11
1 30 1 1 100 0.75 7 1111 23 31 19 21 214 0 11
1 30 1 1 100 0.75 7 1112 24 32 18 23 214 0 11
1 30 1 1 100 0.75 7 1113 25 32 20 23 215 1 10
1 30 1 1 100 0.75 7 1114 25 32 19 23 216 2 11
1 30 1 1 100 0.75 7 1115 27 32 20 22 217 3 11
1 30 1 1 100 0.75 7 1116 27 33 19 24 217 3 12
1 30 1 1 100 0.75 7 1117 29 33 19 23 218 4 11
1 30 1 1 100 0.75 7 1118 31 34 19 25 218 4 12
1 30 1 1 100 0.75 7 1119 33 35 20 27 218 4 14
1 30 1 1 100 0.75 7 1120 33 34 19 27 220 6 13
1 30 1 1 100 0.75 7 1121 34 34 19 26 221 7 12
1 30 1 1 100 0.75 7 1122 35 35 16 27 221 7 13
1 30 1 1 100 0.75 7 1123 36 36 22 28 221 7 14
1 30 1 1 100 0.75 7 1124 37 36 18 28 222 8 13
1 30 1 1 100 0.75 7 1125 37 36 24 28 223 9 16
1 30 1 1 100 0.75 7 1126 39 37 22 28 223 9 16
1 30 1 1 100 0.75 7 1127 39 37 25 29 224 10 16
1 30 1 1 100 0.75 7 1128 39 37 24 28 225 11 16
1 30 1 1 100 0.75 7 1129 39 36 25 26 227 13 14
1 30 1 1 100 0.75 7 1130 40 36 20 25 228 14 14
1 30 1 1 100 0.75 7 1131 42 37 24 26 228 14 15
1 30 1 1 100 0.75 7 1132 43 38 25 28 228 14 15
1 30 1 1 100 0.75 7 1133 45 38 19 28 229 15 15
1 30 1 1 100 0.75 7 1134 45 39 23 30 229 15 16
1 30 1 1 100 0.75 7 1135 47 40 21 30 229 15 16
1 30 1 1 100 0.75 7 1136 48 39 25 30 231 17 14
1 30 1 1 100 0.75 7 1137 49 39 23 30 232 18 13
1 30 1 1 100 0.75 7 1138 52 39 19 30 233 19 14
1 30 1 1 100 0.75 7 1139 52 39 25 32 234 20 14
1 30 1 1 100 0.75 7 1140 54 39 17 31 235 21 14
1 30 1 1 100 0.75 7 1141 55 38 18 31 237 23 12
1 30 1 1 100 0.75 7 1142 55 39 19 32 236 23 13
1 30 1 1 100 0.75 7 1143 55 37 18 29 239 26 11
1 30 1 1 100 0.75 7 1144 57 38 19 29 238 26 12
1 30 1 1 100 0.75 7 1145 58 38 18 30 239 27 11
1 30 1 1 100 0.75 7 1146 59 38 21 30 240 28 11
1 30 1 1 100 0.75 7 1147 60 38 19 30 241 29 10
1 30 1 1 100 0.75 7 1148 62 38 18 30 242 30 10
1 30 1 1 100 0.75 7 1149 62 39 19 32 242 30 10
1 30 1 1 100 0.75 7 1150 64 40 20 32 242 30 10
1 30 1 1 100 0.75 7 1151 64 40 23 33 243 31 9
1 30 1 1 100 0.75 7 1152 65 41 23 33 243 31 10
1 30 1 1 100 0.75 7 1153 66 42 23 34 243 31 11
1 30 1 1 100 0.75 7 1154 67 43 21 35 243 31 12
1 30 1 1 100 0.75 7 1155 67 43 23 35 244 32 12
1 30 1 1 100 0.75 7 1156 67 43 23 34 245 33 11
1 30 1 1 100 0.75 7 1157 68 43 24 34 246 34 10
1 30 1 1 100 0.75 7 1158 68 44 26 35 246 34 11
1 30 1 1 100 0.75 7 1159 70 44 24 34 247 35 11
1 30 1 1 100 0.75 7 1160 70 44 21 35 248 36 10
1 30 1 1 100 0.75 7 1161 72 45 26 35 248 36 12
1 30 1 1 100 0.75 7 1162 74 45 20 36 249 37 11
1 30 1 1 100 0.75 7 1163 75 44 23 36 251 39 9
1 30 1 1 100 0.75 7 1164 76 45 23 37 251 39 11
1 30 1 1 100 0.75 7 1165 77 46 24 38 251 39 11
1 30 1 1 100 0.75 7 1166 78 47 24 39 251 39 12
1 30 1 1 100 0.75 7 1167 79 47 24 39 252 40 11
1 30 1 1 100 0.75 7 1168 80 47 22 39 253 41 11
1 30 1 1 100 0.75 7 1169 80 47 24 40 253 42 12
1 30 1 1 100 0.75 7 1170 82 48 25 40 253 42 12
1 30 1 1 100 0.75 7 1171 83 49 26 42 252 42 13
1 30 1 1 100 0.75 7 1172 83 49 22 42 253 43 12
1 30 1 1 100 0.75 7 1173 84 48 25 40 255 45 12
1 30 1 1 100 0.75 7 1174 86 49 26 41 255 45 13
1 30 1 1 100 0.75 7 1175 86 50 25 43 255 45 14
1 30 1 1 100 0.75 7 1176 86 51 23 43 255 45 15
1 30 1 1 100 0.75 7 1177 87 50 27 42 257 47 13
1 30 1 1 100 0.75 7 1178 87 51 29 44 257 47 13
1 30 1 1 100 0.75 7 1179 88 52 29 44 256 47 14
1 30 1 1 100 0.75 7 1180 89 51 24 43 258 49 12
1 30 1 1 100 0.75 7 1181 89 51 31 43 259 50 11
1 30 1 1 100 0.75 7 1182 91 52 29 43 259 50 13
1 30 1 1 100 0.75 7 1183 92 53 26 45 259 50 13
1 30 1 1 100 0.75 7 1184 93 53 29 45 260 51 14
1 30 1 1 100 0.75 7 1185 93 53 34 45 261 52 14
1 30 1 1 100 0.75 7 1186 95 53 30 44 262 53 13
1 30 1 1 100 0.75 7 1187 96 54 29 46 262 53 14
1 30 1 1 100 0.75 7 1188 97 53 28 45 264 55 13
1 30 1 1 100 0.75 7 1189 99 54 29 46 264 55 14
1 30 1 1 100 0.75 7 1190 99 53 26 46 265 57 13
1 30 1 1 100 0.75 7 1191 99 54 29 46 265 57 15
1 30 1 1 100 0.75 7 1192 100 53 27 44 267 59 13
1 30 1 1 100 0.75 7 1193 102 54 32 45 267 59 15
1 30 1 1 100 0.75 7 1194 104 55 28 47 267 59 16
1 30 1 1 100 0.75 7 1195 104 55 28 48 268 60 15
1 30 1 1 100 0.75 7 1196 105 56 26 48 268 60 16
1 30 1 1 100 0.75 7 1197 106 56 29 48 269 61 16
1 30 1 1 100 0.75 7 1198 107 56 29 49 270 62 15
1 30 1 1 100 0.75 7 1199 107 57 29 50 270 62 15
1 30 1 1 100 0.75 7 1200 107 57 31 49 271 63 17
1 30 1 1 100 0.75 7 1201 108 57 33 48 272 64 16
1 30 1 1 100 0.75 7 1202 110 58 29 49 272 64 17
1 30 1 1 100 0.75 7 1203 110 57 30 49 274 66 15
1 30 1 1 100 0.75 7 1204 111 58 32 49 274 66 15
1 30 1 1 100 0.75 7 1205 112 57 32 48 276 68 14
1 30 1 1 100 0.75 7 1206 112 57 28 50 277 69 14
1 30 1 1 100 0.75 7 1207 113 58 32 50 276 69 14
1 30 1 1 100 0.75 7 1208 114 57 27 49 278 71 13
1 30 1 1 100 0.75 7 1209 115 56 27 48 280 73 12
1 30 1 1 100 0.75 7 1210 116 57 28 49 280 73 13
1 30 1 1 100 0.75 7 1211 117 57 32 49 281 74 13
1 30 1 1 100 0.75 7 1212 118 57 26 49 281 75 14
1 30 1 1 100 0.75 7 1213 119 58 36 50 281 75 14
1 30 1 1 100 0.75 7 1214 121 58 24 50 282 76 13
1 30 1 1 100 0.75 7 1215 121 58 31 51 283 77 14
1 30 1 1 100 0.75 7 1216 122 58 28 50 284 78 13
1 30 1 1 100 0.75 7 1217 122 58 29 50 285 79 13
1 30 1 1 100 0.75 7 1218 124 59 30 50 284 79 13
1 30 1 1 100 0.75 7 1219 125 60 29 52 282 79 14
1 30 1 1 100 0.75 7 1220 125 59 31 51 284 81 12
1 30 1 1 100 0.75 7 1221 125 60 32 51 284 81 14
1 30 1 1 100 0.75 7 1222 127 60 31 50 285 82 14
1 30 1 1 100 0.75 7 1223 127 61 32 52 285 82 15
1 30 1 1 100 0.75 7 1224 128 62 31 54 285 82 15
1 30 1 1 100 0.75 7 1225 128 61 30 53 287 84 13
1 30 1 1 100 0.75 7 1226 128 62 35 53 287 84 14
1 30 1 1 100 0.75 7 1227 130 62 30 52 288 85 13
1 30 1 1 100 0.75 7 1228 130 62 32 53 289 86 12
1 30 1 1 100 0.75 7 1229 131 62 32 52 290 87 11
1 30 1 1 100 0.75 7 1230 133 61 25 51 292 89 12
1 30 1 1 100 0.75 7 1230 133 61 61 51 304 89 12
1 30 1 1 100 0.75 7 1260 133 61 61 51 213 89 12
1 30 1 1 100 0.75 8 1261 0 1 1 0 213 0 0
1 30 1 1 100 0.75 8 1262 0 2 2 0 213 0 0
1 30 1 1 100 0.75 8 1263 0 3 3 0 213 0 0
1 30 1 1 100 0.75 8 1264 0 4 4 0 213 0 0
1 30 1 1 100 0.75 8 1265 0 5 4 0 213 0 0
1 30 1 1 100 0.75 8 1266 0 6 6 0 213 0 0
1 30 1 1 100 0.75 8 1267 0 7 7 0 213 0 0
1 30 1 1 100 0.75 8 1268 1 8 5 0 213 0 0
1 30 1 1 100 0.75 8 1269 2 9 6 1 213 0 0
1 30 1 1 100 0.75 8 1270 3 10 6 2 213 0 0
1 30 1 1 100 0.75 8 1271 4 11 6 3 213 0 0
1 30 1 1 100 0.75 8 1272 5 12 6 4 213 0 0
1 30 1 1 100 0.75 8 1273 6 13 7 5 213 0 0
1 30 1 1 100 0.75 8 1274 7 14 7 6 213 0 0
1 30 1 1 100 0.75 8 1275 8 15 7 7 213 0 1
1 30 1 1 100 0.75 8 1276 8 16 8 8 213 0 1
1 30 1 1 100 0.75 8 1277 8 17 10 8 213 0 2
1 30 1 1 100 0.75 8 1278 8 18 11 8 213 0 2
1 30 1 1 100 0.75 8 1279 9 19 12 8 213 0 3
1 30 1 1 100 0.75 8 1280 13 20 11 9 213 0 4
1 30 1 1 100 0.75 8 1281 14 21 11 13 213 0 4
1 30 1 1 100 0.75 8 1282 15 22 12 14 213 0 5
1 30 1 1 100 0.75 8 1283 15 23 13 15 213 0 6
1 30 1 1 100 0.75 8 1284 16 24 13 15 213 0 6
1 30 1 1 100 0.75 8 1285 17 25 13 16 213 0 6
1 30 1 1 100 0.75 8 1286 19 26 14 17 213 0 7
1 30 1 1 100 0.75 8 1287 19 27 15 19 213 0 8
1 30 1 1 100 0.75 8 1288 20 28 16 19 213 0 10
1 30 1 1 100 0.75 8 1289 23 29 15 20 213 0 10
1 30 1 1 100 0.75 8 1290 23 30 16 23 213 0 11
1 30 1 1 100 0.75 8 1291 24 31 16 23 213 0 12
1 30 1 1 100 0.75 8 1292 25 30 18 22 215 2 11
1 30 1 1 100 0.75 8 1293 26 31 18 23 215 2 12
1 30 1 1 100 0.75 8 1294 26 32 21 24 215 2 13
1 30 1 1 100 0.75 8 1295 28 32 20 23 216 3 12
1 30 1 1 100 0.75 8 1296 28 32 23 24 217 4 14
1 30 1 1 100 0.75 8 1297 30 33 22 24 217 4 14
1 30 1 1 100 0.75 8 1298 30 34 19 26 217 4 15
1 30 1 1 100 0.75 8 1299 31 35 21 26 216 4 15
1 30 1 1 100 0.75 8 1300 31 34 22 25 218 6 13
1 30 1 1 100 0.75 8 1301 32 34 21 24 219 7 12
1 30 1 1 100 0.75 8 1302 32 35 23 25 219 7 14
1 30 1 1 100 0.75 8 1303 34 35 19 24 220 8 13
1 30 1 1 100 0.75 8 1304 36 35 25 25 221 9 13
1 30 1 1 100 0.75 8 1305 37 36 21 27 220 9 14
1 30 1 1 100 0.75 8 1306 38 35 22 26 222 11 12
1 30 1 1 100 0.75 8 1307 39 36 22 27 222 11 12
1 30 1 1 100 0.75 8 1308 40 37 23 28 222 11 12
1 30 1 1 100 0.75 8 1309 40 38 23 29 222 11 13
1 30 1 1 100 0.75 8 1310 41 39 21 30 222 11 14
1 30 1 1 100 0.75 8 1311 42 38 22 29 224 13 14
1 30 1 1 100 0.75 8 1312 44 37 20 28 226 15 12
1 30 1 1 100 0.75 8 1313 44 38 24 30 226 15 13
1 30 1 1 100 0.75 8 1314 45 38 22 29 227 16 14
1 30 1 1 100 0.75 8 1315 45 39 26 30 227 16 15
1 30 1 1 100 0.75 8 1316 48 37 20 27 230 19 12
1 30 1 1 100 0.75 8 1317 48 38 23 30 230 19 14
1 30 1 1 100 0.75 8 1318 49 39 22 30 230 19 14
1 30 1 1 100 0.75 8 1319 50 40 23 31 230 19 16
1 30 1 1 100 0.75 8 1320 51 41 24 32 229 19 16
1 30 1 1 100 0.75 8 1321 52 41 27 33 230 20 15
1 30 1 1 100 0.75 8 1322 53 41 24 33 231 21 14
1 30 1 1 100 0.75 8 1323 54 42 23 34 231 21 16
1 30 1 1 100 0.75 8 1324 55 41 19 33 233 23 15
1 30 1 1 100 0.75 8 1325 56 42 21 34 233 23 15
1 30 1 1 100 0.75 8 1326 57 41 22 33 235 25 14
1 30 1 1 100 0.75 8 1327 58 42 27 34 235 25 16
1 30 1 1 100 0.75 8 1328 59 41 25 33 237 27 14
1 30 1 1 100 0.75 8 1329 61 41 23 33 238 28 14
1 30 1 1 100 0.75 8 1330 61 41 22 34 239 29 15
1 30 1 1 100 0.75 8 1331 62 41 22 33 240 30 15
1 30 1 1 100 0.75 8 1332 63 41 24 34 241 31 15
1 30 1 1 100 0.75 8 1333 63 41 26 34 242 32 15
1 30 1 1 100 0.75 8 1334 65 42 23 34 242 32 15
1 30 1 1 100 0.75 8 1335 65 41 26 34 244 34 14
1 30 1 1 100 0.75 8 1336 65 42 20 34 244 34 14
1 30 1 1 100 0.75 8 1337 67 42 27 33 245 35 15
1 30 1 1 100 0.75 8 1338 69 43 23 35 245 35 16
1 30 1 1 100 0.75 8 1339 69 44 23 37 245 35 18
1 30 1 1 100 0.75 8 1340 69 45 27 37 245 35 18
1 30 1 1 100 0.75 8 1341 69 45 30 36 246 36 18
1 30 1 1 100 0.75 8 1342 71 44 25 34 248 38 17
1 30 1 1 100 0.75 8 1343 71 44 27 35 249 39 16
1 30 1 1 100 0.75 8 1344 74 44 27 34 250 40 16
1 30 1 1 100 0.75 8 1345 75 43 19 35 252 42 16
1 30 1 1 100 0.75 8 1346 76 44 28 36 251 42 16
1 30 1 1 100 0.75 8 1347 77 45 24 37 251 42 16
1 30 1 1 100 0.75 8 1348 79 44 23 36 252 44 14
1 30 1 1 100 0.75 8 1349 80 44 22 37 253 45 13
1 30 1 1 100 0.75 8 1350 80 43 23 36 255 47 11
1 30 1 1 100 0.75 8 1351 82 44 24 36 255 47 12
1 30 1 1 100 0.75 8 1352 82 43 27 36 256 49 12
1 30 1 1 100 0.75 8 1353 82 44 20 36 256 49 12
1 30 1 1 100 0.75 8 1354 83 45 27 36 256 49 12
1 30 1 1 100 0.75 8 1355 85 45 19 36 257 50 11
1 30 1 1 100 0.75 8 1356 86 45 28 37 258 51 11
1 30 1 1 100 0.75 8 1357 87 44 24 36 260 53 10
1 30 1 1 100 0.75 8 1358 88 44 21 36 261 54 9
1 30 1 1 100 0.75 8 1359 89 45 22 37 261 54 10
1 30 1 1 100 0.75 8 1360 90 44 24 36 263 56 8
1 30 1 1 100 0.75 8 1361 91 45 22 37 263 56 9
1 30 1 1 100 0.75 8 1362 92 46 20 38 263 56 9
1 30 1 1 100 0.75 8 1363 93 47 22 39 263 56 10
1 30 1 1 100 0.75 8 1364 94 47 24 39 264 57 10
1 30 1 1 100 0.75 8 1365 95 47 24 39 265 58 10
1 30 1 1 100 0.75 8 1366 97 48 18 40 265 58 10
1 30 1 1 100 0.75 8 1367 97 47 23 40 267 60 10
1 30 1 1 100 0.75 8 1368 99 48 22 40 267 60 10
1 30 1 1 100 0.75 8 1369 100 49 21 42 267 60 11
1 30 1 1 100 0.75 8 1370 101 50 24 43 267 60 13
1 30 1 1 100 0.75 8 1371 101 49 23 42 269 62 11
1 30 1 1 100 0.75 8 1372 102 50 22 42 269 62 12
1 30 1 1 100 0.75 8 1373 103 51 25 43 269 62 13
1 30 1 1 100 0.75 8 1374 103 52 26 44 269 62 13
1 30 1 1 100 0.75 8 1375 103 52 30 43 270 63 12
1 30 1 1 100 0.75 8 1376 105 51 26 42 272 65 12
1 30 1 1 100 0.75 8 1377 107 52 24 44 271 65 13
1 30 1 1 100 0.75 8 1378 107 53 29 46 271 65 13
1 30 1 1 100 0.75 8 1379 109 53 26 45 272 66 12
1 30 1 1 100 0.75 8 1380 109 54 26 47 272 66 12
1 30 1 1 100 0.75 8 1381 109 54 31 46 273 67 12
1 30 1 1 100 0.75 8 1382 111 53 25 44 275 69 10
1 30 1 1 100 0.75 8 1383 111 53 28 45 275 70 10
1 30 1 1 100 0.75 8 1384 112 54 28 45 275 70 12
1 30 1 1 100 0.75 8 1385 113 54 30 45 276 71 11
1 30 1 1 100 0.75 8 1386 114 54 25 45 277 72 10
1 30 1 1 100 0.75 8 1387 114 55 32 46 277 72 11
1 30 1 1 100 0.75 8 1388 116 55 29 45 278 73 10
1 30 1 1 100 0.75 8 1389 116 56 29 47 278 73 11
1 30 1 1 100 0.75 8 1390 118 56 23 47 279 74 10
1 30 1 1 100 0.75 8 1391 119 56 26 48 280 75 10
1 30 1 1 100 0.75 8 1392 121 57 26 49 280 75 10
1 30 1 1 100 0.75 8 1393 121 58 30 51 280 75 11
1 30 1 1 100 0.75 8 1394 122 59 27 51 279 75 12
1 30 1 1 100 0.75 8 1395 122 60 30 52 278 75 14
1 30 1 1 100 0.75 8 1396 124 58 32 49 281 78 11
1 30 1 1 100 0.75 8 1397 125 59 30 51 280 78 12
1 30 1 1 100 0.75 8 1398 125 59 30 51 281 79 11
1 30 1 1 100 0.75 8 1399 128 60 27 51 281 79 13
1 30 1 1 100 0.75 8 1400 129 61 27 54 281 79 14
1 30 1 1 100 0.75 8 1401 129 61 29 54 282 80 13
1 30 1 1 100 0.75 8 1402 131 61 28 53 282 81 12
1 30 1 1 100 0.75 8 1403 131 61 31 54 283 82 11
1 30 1 1 100 0.75 8 1404 133 60 28 52 285 84 10
1 30 1 1 100 0.75 8 1405 134 61 25 54 284 84 10
1 30 1 1 100 0.75 8 1406 134 62 31 55 284 84 11
1 30 1 1 100 0.75 8 1407 136 62 29 54 285 85 13
1 30 1 1 100 0.75 8 1408 136 63 34 56 285 85 13
1 30 1 1 100 0.75 8 1409 137 63 29 55 286 86 12
1 30 1 1 100 0.75 8 1410 139 63 32 55 287 87 13
1 30 1 1 100 0.75 8 1410 139 63 63 55 300 87 13
1 30 1 1 100 0.75 8 1440 139 63 63 55 208 87 13
1 30 1 1 100 0.75 9 1441 0 1 1 0 208 0 0
1 30 1 1 100 0.75 9 1442 0 2 2 0 208 0 0
1 30 1 1 100 0.75 9 1443 0 3 3 0 208 0 0
1 30 1 1 100 0.75 9 1444 0 4 4 0 208 0 0
1 30 1 1 100 0.75 9 1445 0 5 5 0 208 0 0
1 30 1 1 100 0.75 9 1446 0 6 5 0 208 0 0
1 30 1 1 100 0.75 9 1447 0 7 7 0 208 0 0
1 30 1 1 100 0.75 9 1448 0 8 8 0 208 0 0
1 30 1 1 100 0.75 9 1449 0 9 9 0 208 0 0
1 30 1 1 100 0.75 9 1450 1 10 9 0 208 0 0
1 30 1 1 100 0.75 9 1451 2 11 8 1 208 0 0
1 30 1 1 100 0.75 9 1452 3 12 9 2 208 0 0
1 30 1 1 100 0.75 9 1453 5 13 8 3 208 0 0
1 30 1 1 100 0.75 9 1454 7 14 6 5 208 0 0
1 30 1 1 100 0.75 9 1455 8 15 6 7 208 0 0
1 30 1 1 100 0.75 9 1456 9 16 6 8 208 0 0
1 30 1 1 100 0.75 9 1457 9 17 8 9 208 0 1
1 30 1 1 100 0.75 9 1458 9 18 9 9 208 0 1
1 30 1 1 100 0.75 9 1459 10 19 11 9 208 0 3
1 30 1 1 100 0.75 9 1460 12 20 11 10 208 0 4
1 30 1 1 100 0.75 9 1461 12 21 10 12 208 0 5
1 30 1 1 100 0.75 9 1462 13 22 16 12 208 0 7
1 30 1 1 100 0.75 9 1463 14 23 12 13 208 0 8
1 30 1 1 100 0.75 9 1464 15 24 17 14 207 0 8
1 30 1 1 100 0.75 9 1465 18 25 11 15 207 0 8
1 30 1 1 100 0.75 9 1466 18 26 14 18 207 0 8
1 30 1 1 100 0.75 9 1467 20 27 13 18 207 0 8
1 30 1 1 100 0.75 9 1468 22 28 14 20 207 0 10
1 30 1 1 100 0.75 9 1469 23 29 14 22 207 0 11
1 30 1 1 100 0.75 9 1470 23 30 16 23 207 0 11
1 30 1 1 100 0.75 9 1471 24 31 16 23 207 0 12
1 30 1 1 100 0.75 9 1472 25 32 19 24 207 0 13
1 30 1 1 100 0.75 9 1473 25 33 21 25 207 0 14
1 30 1 1 100 0.75 9 1474 25 34 21 25 207 0 14
1 30 1 1 100 0.75 9 1475 26 34 23 24 208 1 13
1 30 1 1 100 0.75 9 1476 29 33 22 23 210 3 12
1 30 1 1 100 0.75 9 1477 29 33 19 25 211 4 12
1 30 1 1 100 0.75 9 1478 30 34 22 25 211 4 12
1 30 1 1 100 0.75 9 1479 33 33 17 24 213 6 12
1 30 1 1 100 0.75 9 1480 33 33 19 26 213 7 11
1 30 1 1 100 0.75 9 1481 33 34 20 26 213 7 11
1 30 1 1 100 0.75 9 1482 35 34 17 25 214 8 11
1 30 1 1 100 0.75 9 1483 35 34 23 26 215 9 11
1 30 1 1 100 0.75 9 1484 36 35 21 26 215 9 12
1 30 1 1 100 0.75 9 1485 39 36 23 27 215 9 13
1 30 1 1 100 0.75 9 1486 39 37 24 30 215 9 14
1 30 1 1 100 0.75 9 1487 40 37 22 29 216 10 15
1 30 1 1 100 0.75 9 1488 42 36 23 28 218 12 13
1 30 1 1 100 0.75 9 1489 43 36 22 29 218 13 12
1 30 1 1 100 0.75 9 1490 44 37 24 30 218 13 13
1 30 1 1 100 0.75 9 1491 44 38 23 31 218 13 13
1 30 1 1 100 0.75 9 1492 45 37 25 29 220 15 13
1 30 1 1 100 0.75 9 1493 46 38 25 30 220 15 14
1 30 1 1 100 0.75 9 1494 47 39 25 31 220 15 15
1 30 1 1 100 0.75 9 1495 48 40 23 32 220 15 15
1 30 1 1 100 0.75 9 1496 49 40 30 32 221 16 16
1 30 1 1 100 0.75 9 1497 49 40 27 32 222 17 15
1 30 1 1 100 0.75 9 1498 50 40 29 31 223 18 15
1 30 1 1 100 0.75 9 1499 52 41 29 32 222 18 16
1 30 1 1 100 0.75 9 1500 53 41 28 33 223 19 15
1 30 1 1 100 0.75 9 1501 55 39 26 31 226 22 14
1 30 1 1 100 0.75 9 1502 55 40 24 33 226 22 14
1 30 1 1 100 0.75 9 1503 55 40 24 32 227 23 14
1 30 1 1 100 0.75 9 1504 58 41 24 32 227 23 15
1 30 1 1 100 0.75 9 1505 58 42 22 35 227 23 16
1 30 1 1 100 0.75 9 1506 58 42 24 34 228 24 15
1 30 1 1 100 0.75 9 1507 60 42 27 33 229 25 15
1 30 1 1 100 0.75 9 1508 60 41 30 33 231 27 15
1 30 1 1 100 0.75 9 1509 63 42 23 33 231 27 15
1 30 1 1 100 0.75 9 1510 63 42 24 35 232 28 14
1 30 1 1 100 0.75 9 1511 63 43 28 35 232 28 15
1 30 1 1 100 0.75 9 1512 65 44 28 35 232 28 17
1 30 1 1 100 0.75 9 1513 66 42 21 34 235 31 14
1 30 1 1 100 0.75 9 1514 66 42 31 34 236 32 14
1 30 1 1 100 0.75 9 1515 67 43 24 34 236 32 14
1 30 1 1 100 0.75 9 1516 68 43 32 34 237 33 16
1 30 1 1 100 0.75 9 1517 68 43 30 34 238 34 15
1 30 1 1 100 0.75 9 1518 69 44 30 34 238 34 15
1 30 1 1 100 0.75 9 1519 71 43 27 33 240 36 14
1 30 1 1 100 0.75 9 1520 72 44 31 35 240 36 16
1 30 1 1 100 0.75 9 1521 74 44 25 35 241 37 15
1 30 1 1 100 0.75 9 1522 74 44 28 36 242 38 14
1 30 1 1 100 0.75 9 1523 76 43 26 34 244 40 13
1 30 1 1 100 0.75 9 1524 76 43 25 35 245 41 13
1 30 1 1 100 0.75 9 1525 78 44 28 36 243 41 13
1 30 1 1 100 0.75 9 1526 78 45 31 38 243 41 14
1 30 1 1 100 0.75 9 1527 79 46 31 38 243 41 15
1 30 1 1 100 0.75 9 1528 80 46 29 38 244 42 16
1 30 1 1 100 0.75 9 1529 80 46 29 38 245 43 15
1 30 1 1 100 0.75 9 1530 80 47 31 38 245 43 15
1 30 1 1 100 0.75 9 1531 82 46 33 36 247 45 14
1 30 1 1 100 0.75 9 1532 83 45 26 36 249 47 14
1 30 1 1 100 0.75 9 1533 86 45 31 36 250 48 14
1 30 1 1 100 0.75 9 1534 86 45 28 38 251 49 13
1 30 1 1 100 0.75 9 1535 88 46 25 38 251 49 13
1 30 1 1 100 0.75 9 1536 88 45 29 38 253 51 11
1 30 1 1 100 0.75 9 1537 88 46 30 38 252 51 11
1 30 1 1 100 0.75 9 1538 90 47 29 38 252 51 12
1 30 1 1 100 0.75 9 1539 90 48 25 40 251 51 12
1 30 1 1 100 0.75 9 1540 90 48 30 39 252 52 14
1 30 1 1 100 0.75 9 1541 91 48 29 38 253 53 14
1 30 1 1 100 0.75 9 1542 92 48 33 38 253 54 13
1 30 1 1 100 0.75 9 1543 94 48 33 38 254 55 14
1 30 1 1 100 0.75 9 1544 94 49 32 40 254 55 14
1 30 1 1 100 0.75 9 1545 94 49 33 39 255 56 15
1 30 1 1 100 0.75 9 1546 97 50 30 39 255 56 15
1 30 1 1 100 0.75 9 1547 97 49 27 40 256 58 13
1 30 1 1 100 0.75 9 1548 97 49 24 39 257 59 12
1 30 1 1 100 0.75 9 1549 99 50 28 39 257 59 12
1 30 1 1 100 0.75 9 1550 101 50 25 40 258 60 12
1 30 1 1 100 0.75 9 1551 102 51 30 42 258 60 14
1 30 1 1 100 0.75 9 1552 104 50 25 41 260 62 12
1 30 1 1 100 0.75 9 1553 105 51 30 43 260 62 14
1 30 1 1 100 0.75 9 1554 105 51 29 43 261 63 14
1 30 1 1 100 0.75 9 1555 106 51 29 42 262 64 13
1 30 1 1 100 0.75 9 1556 106 51 33 42 263 65 14
1 30 1 1 100 0.75 9 1557 109 50 28 40 265 67 14
1 30 1 1 100 0.75 9 1558 110 50 28 42 266 68 14
1 30 1 1 100 0.75 9 1559 110 51 26 43 266 68 15
1 30 1 1 100 0.75 9 1560 111 52 30 44 266 68 17
1 30 1 1 100 0.75 9 1561 111 52 30 44 267 69 16
1 30 1 1 100 0.75 9 1562 113 53 28 44 267 69 16
1 30 1 1 100 0.75 9 1563 114 53 29 45 268 70 15
1 30 1 1 100 0.75 9 1564 116 54 25 46 268 70 16
1 30 1 1 100 0.75 9 1565 116 53 31 46 270 72 16
1 30 1 1 100 0.75 9 1566 118 54 29 46 270 72 16
1 30 1 1 100 0.75 9 1567 118 55 31 48 270 72 17
1 30 1 1 100 0.75 9 1568 119 55 28 47 271 73 16
1 30 1 1 100 0.75 9 1569 120 54 31 46 273 75 16
1 30 1 1 100 0.75 9 1570 122 55 22 47 273 75 17
1 30 1 1 100 0.75 9 1571 123 55 28 48 273 76 17
1 30 1 1 100 0.75 9 1572 124 54 25 47 275 78 16
1 30 1 1 100 0.75 9 1573 124 55 27 48 274 78 17
1 30 1 1 100 0.75 9 1574 126 53 27 45 276 81 15
1 30 1 1 100 0.75 9 1575 126 54 27 47 276 81 15
1 30 1 1 100 0.75 9 1576 127 54 33 46 277 82 15
1 30 1 1 100 0.75 9 1577 128 54 28 46 278 83 14
1 30 1 1 100 0.75 9 1578 129 53 31 45 280 85 14
1 30 1 1 100 0.75 9 1579 130 54 28 46 280 85 14
1 30 1 1 100 0.75 9 1580 131 55 31 47 280 85 15
1 30 1 1 100 0.75 9 1581 132 56 29 48 280 85 16
1 30 1 1 100 0.75 9 1582 133 55 30 47 281 87 14
1 30 1 1 100 0.75 9 1583 133 55 27 47 282 88 13
1 30 1 1 100 0.75 9 1584 133 54 27 46 284 90 11
1 30 1 1 100 0.75 9 1585 136 55 27 46 284 90 12
1 30 1 1 100 0.75 9 1586 136 56 35 49 284 90 13
1 30 1 1 100 0.75 9 1587 136 55 26 47 286 92 11
1 30 1 1 100 0.75 9 1588 137 55 31 46 287 93 10
1 30 1 1 100 0.75 9 1589 139 55 27 46 288 94 9
1 30 1 1 100 0.75 9 1590 139 55 31 47 289 95 8
1 30 1 1 100 0.75 9 1590 139 55 55 47 297 95 8
1 30 1 1 100 0.75 9 1620 139 55 55 47 214 95 8
1 30 1 1 100 0.75 10 1621 0 1 1 0 214 0 0
1 30 1 1 100 0.75 10 1622 0 2 2 0 214 0 0
1 30 1 1 100 0.75 10 1623 0 3 3 0 214 0 0
1 30 1 1 100 0.75 10 1624 0 4 4 0 214 0 0
1 30 1 1 100 0.75 10 1625 0 5 5 0 214 0 0
1 30 1 1 100 0.75 10 1626 0 6 5 0 214 0 0
1 30 1 1 100 0.75 10 1627 0 7 7 0 214 0 0
1 30 1 1 100 0.75 10 1628 1 8 7 0 214 0 0
1 30 1 1 100 0.75 10 1629 2 9 7 1 214 0 0
1 30 1 1 100 0.75 10 1630 3 10 7 2 214 0 0
1 30 1 1 100 0.75 10 1631 3 11 7 3 213 0 0
1 30 1 1 100 0.75 10 1632 4 12 7 3 213 0 0
1 30 1 1 100 0.75 10 1633 6 13 5 4 213 0 0
1 30 1 1 100 0.75 10 1634 6 14 8 6 213 0 0
1 30 1 1 100 0.75 10 1635 7 15 8 6 213 0 1
1 30 1 1 100 0.75 10 1636 7 16 9 7 213 0 2
1 30 1 1 100 0.75 10 1637 9 17 9 7 213 0 3
1 30 1 1 100 0.75 10 1638 10 18 8 9 213 0 3
1 30 1 1 100 0.75 10 1639 10 19 10 10 213 0 3
1 30 1 1 100 0.75 10 1640 12 20 11 10 213 0 5
1 30 1 1 100 0.75 10 1641 13 21 11 12 213 0 5
1 30 1 1 100 0.75 10 1642 13 22 14 13 213 0 5
1 30 1 1 100 0.75 10 1643 15 23 9 13 213 0 6
1 30 1 1 100 0.75 10 1644 16 24 16 15 213 0 8
1 30 1 1 100 0.75 10 1645 18 25 16 16 213 0 9
1 30 1 1 100 0.75 10 1646 18 26 13 18 213 0 9
1 30 1 1 100 0.75 10 1647 19 27 16 18 213 0 10
1 30 1 1 100 0.75 10 1648 20 28 15 19 213 0 12
1 30 1 1 100 0.75 10 1649 21 29 17 20 213 0 12
1 30 1 1 100 0.75 10 1650 22 30 18 21 213 0 12
1 30 1 1 100 0.75 10 1651 24 31 19 22 212 0 14
1 30 1 1 100 0.75 10 1652 25 32 19 24 212 0 15
1 30 1 1 100 0.75 10 1653 26 32 19 24 213 1 16
1 30 1 1 100 0.75 10 1654 27 32 19 24 214 2 16
1 30 1 1 100 0.75 10 1655 27 33 20 25 214 2 16
1 30 1 1 100 0.75 10 1656 29 33 20 24 215 3 16
1 30 1 1 100 0.75 10 1657 30 33 21 25 216 4 16
1 30 1 1 100 0.75 10 1658 31 34 21 26 215 4 18
1 30 1 1 100 0.75 10 1659 31 35 23 27 215 4 18
1 30 1 1 100 0.75 10 1660 32 34 24 25 217 6 17
1 30 1 1 100 0.75 10 1661 34 34 23 25 218 7 16
1 30 1 1 100 0.75 10 1662 34 34 19 26 219 8 15
1 30 1 1 100 0.75 10 1663 34 35 21 26 219 8 16
1 30 1 1 100 0.75 10 1664 36 35 22 25 220 9 16
1 30 1 1 100 0.75 10 1665 37 36 20 27 220 9 17
1 30 1 1 100 0.75 10 1666 37 36 22 27 221 10 17
1 30 1 1 100 0.75 10 1667 38 34 23 24 224 13 15
1 30 1 1 100 0.75 10 1668 39 33 23 23 226 15 13
1 30 1 1 100 0.75 10 1669 41 34 19 24 226 15 14
1 30 1 1 100 0.75 10 1670 41 35 21 26 226 15 14
1 30 1 1 100 0.75 10 1671 42 33 20 24 229 18 12
1 30 1 1 100 0.75 10 1672 42 33 22 24 230 19 12
1 30 1 1 100 0.75 10 1673 42 34 22 24 230 19 12
1 30 1 1 100 0.75 10 1674 43 34 20 23 231 20 12
1 30 1 1 100 0.75 10 1675 44 35 22 24 231 20 12
1 30 1 1 100 0.75 10 1676 44 35 23 24 232 21 13
1 30 1 1 100 0.75 10 1677 47 36 24 24 232 21 14
1 30 1 1 100 0.75 10 1678 50 36 17 26 233 22 14
1 30 1 1 100 0.75 10 1679 50 37 22 29 233 22 14
1 30 1 1 100 0.75 10 1680 51 36 20 27 235 24 12
1 30 1 1 100 0.75 10 1681 52 37 21 28 235 24 13
1 30 1 1 100 0.75 10 1682 53 36 19 27 237 26 11
1 30 1 1 100 0.75 10 1683 53 35 18 26 239 28 9
1 30 1 1 100 0.75 10 1684 55 36 22 26 239 28 10
1 30 1 1 100 0.75 10 1685 56 37 19 28 239 28 11
1 30 1 1 100 0.75 10 1686 57 38 21 29 238 28 13
1 30 1 1 100 0.75 10 1687 57 37 23 28 240 30 12
1 30 1 1 100 0.75 10 1688 58 38 25 28 240 30 12
1 30 1 1 100 0.75 10 1689 59 38 23 28 241 31 13
1 30 1 1 100 0.75 10 1690 60 39 23 29 241 31 13
1 30 1 1 100 0.75 10 1691 60 40 26 30 241 31 14
1 30 1 1 100 0.75 10 1692 61 39 23 28 243 33 12
1 30 1 1 100 0.75 10 1693 63 39 22 28 244 34 12
1 30 1 1 100 0.75 10 1694 64 38 21 28 246 36 10
1 30 1 1 100 0.75 10 1695 67 39 21 29 246 36 10
1 30 1 1 100 0.75 10 1696 68 40 23 32 246 36 11
1 30 1 1 100 0.75 10 1697 69 41 26 33 246 36 12
1 30 1 1 100 0.75 10 1698 70 41 18 33 247 37 11
1 30 1 1 100 0.75 10 1699 70 42 27 34 247 37 12
1 30 1 1 100 0.75 10 1700 72 41 22 32 249 39 11
1 30 1 1 100 0.75 10 1701 72 42 24 34 249 39 13
1 30 1 1 100 0.75 10 1702 73 43 27 34 249 39 15
1 30 1 1 100 0.75 10 1703 75 43 21 34 250 40 16
1 30 1 1 100 0.75 10 1704 76 43 26 35 250 41 15
1 30 1 1 100 0.75 10 1705 77 42 22 34 252 43 14
1 30 1 1 100 0.75 10 1706 78 42 27 34 253 44 13
1 30 1 1 100 0.75 10 1707 80 43 22 35 253 44 13
1 30 1 1 100 0.75 10 1708 81 44 26 37 253 44 14
1 30 1 1 100 0.75 10 1709 81 44 20 37 254 45 13
1 30 1 1 100 0.75 10 1710 82 45 27 37 254 45 13
1 30 1 1 100 0.75 10 1711 82 45 28 37 254 46 13
1 30 1 1 100 0.75 10 1712 84 45 27 36 255 47 13
1 30 1 1 100 0.75 10 1713 85 46 28 38 255 47 14
1 30 1 1 100 0.75 10 1714 86 46 26 38 256 48 14
1 30 1 1 100 0.75 10 1715 86 45 27 37 257 50 13
1 30 1 1 100 0.75 10 1716 86 46 28 37 257 50 14
1 30 1 1 100 0.75 10 1717 89 46 26 36 258 51 14
1 30 1 1 100 0.75 10 1718 90 47 26 39 258 51 14
1 30 1 1 100 0.75 10 1719 90 48 31 40 258 51 15
1 30 1 1 100 0.75 10 1720 93 47 26 38 260 53 13
1 30 1 1 100 0.75 10 1721 93 46 23 39 262 55 11
1 30 1 1 100 0.75 10 1722 94 47 23 39 262 55 12
1 30 1 1 100 0.75 10 1723 96 46 21 38 264 57 10
1 30 1 1 100 0.75 10 1724 97 46 22 39 265 58 11
1 30 1 1 100 0.75 10 1725 97 47 21 40 265 58 13
1 30 1 1 100 0.75 10 1726 99 48 24 40 265 58 13
1 30 1 1 100 0.75 10 1727 99 49 21 42 265 58 13
1 30 1 1 100 0.75 10 1728 100 49 25 41 266 59 13
1 30 1 1 100 0.75 10 1729 101 49 21 41 267 60 13
1 30 1 1 100 0.75 10 1730 102 48 19 40 269 62 11
1 30 1 1 100 0.75 10 1731 102 48 18 40 270 63 12
1 30 1 1 100 0.75 10 1732 103 49 22 40 270 63 13
1 30 1 1 100 0.75 10 1733 104 50 23 41 270 63 14
1 30 1 1 100 0.75 10 1734 104 50 21 41 271 64 14
1 30 1 1 100 0.75 10 1735 105 50 22 42 272 65 14
1 30 1 1 100 0.75 10 1736 106 51 28 43 272 65 15
1 30 1 1 100 0.75 10 1737 107 52 23 44 272 65 15
1 30 1 1 100 0.75 10 1738 107 52 24 44 273 66 15
1 30 1 1 100 0.75 10 1739 109 53 21 44 273 66 15
1 30 1 1 100 0.75 10 1740 110 54 25 46 272 66 16
1 30 1 1 100 0.75 10 1741 110 53 22 45 274 68 16
1 30 1 1 100 0.75 10 1742 110 53 24 44 275 69 17
1 30 1 1 100 0.75 10 1743 112 54 26 44 275 69 18
1 30 1 1 100 0.75 10 1744 113 53 25 44 277 71 16
1 30 1 1 100 0.75 10 1745 113 53 28 45 278 72 16
1 30 1 1 100 0.75 10 1746 114 54 25 45 278 72 17
1 30 1 1 100 0.75 10 1747 115 54 28 46 279 73 17
1 30 1 1 100 0.75 10 1748 115 52 22 44 282 76 14
1 30 1 1 100 0.75 10 1749 117 53 24 44 282 76 14
1 30 1 1 100 0.75 10 1750 117 52 22 44 284 78 13
1 30 1 1 100 0.75 10 1751 117 53 26 45 284 78 15
1 30 1 1 100 0.75 10 1752 119 52 25 43 286 80 14
1 30 1 1 100 0.75 10 1753 121 53 26 45 286 80 16
1 30 1 1 100 0.75 10 1754 122 54 27 47 286 80 16
1 30 1 1 100 0.75 10 1755 122 55 25 48 286 80 17
1 30 1 1 100 0.75 10 1756 124 54 25 46 288 82 16
1 30 1 1 100 0.75 10 1757 125 53 21 46 290 84 15
1 30 1 1 100 0.75 10 1758 125 54 26 47 290 84 15
1 30 1 1 100 0.75 10 1759 126 55 25 47 290 84 16
1 30 1 1 100 0.75 10 1760 127 56 27 48 290 84 17
1 30 1 1 100 0.75 10 1761 128 56 29 48 291 85 16
1 30 1 1 100 0.75 10 1762 130 55 28 47 293 87 14
1 30 1 1 100 0.75 10 1763 130 56 22 49 293 87 14
1 30 1 1 100 0.75 10 1764 131 57 27 49 292 87 16
1 30 1 1 100 0.75 10 1765 132 54 23 46 296 91 12
1 30 1 1 100 0.75 10 1766 133 54 25 46 297 92 12
1 30 1 1 100 0.75 10 1767 135 53 22 45 299 94 11
1 30 1 1 100 0.75 10 1768 135 54 23 47 299 94 11
1 30 1 1 100 0.75 10 1769 135 55 23 47 299 94 12
1 30 1 1 100 0.75 10 1770 137 56 25 48 299 94 13
1 30 1 1 100 0.75 10 1770 137 56 56 48 312 94 13
1 30 1 1 100 0.75 10 1800 137 56 56 48 212 94 13
