3 9 5 1 100 0.75 1 1 0 3 3 0 100 0 0
3 9 5 1 100 0.75 1 2 0 6 6 0 100 0 0
3 9 5 1 100 0.75 1 3 0 9 9 0 100 0 0
3 9 5 1 100 0.75 1 4 0 12 12 0 100 0 0
3 9 5 1 100 0.75 1 5 0 15 15 0 100 0 0
3 9 5 1 100 0.75 1 6 0 18 18 0 100 0 0
3 9 5 1 100 0.75 1 7 0 21 21 0 100 0 0
3 9 5 1 100 0.75 1 8 0 24 24 0 100 0 0
3 9 5 1 100 0.75 1 9 0 27 27 0 100 0 0
3 9 5 1 100 0.75 1 10 0 30 30 0 100 0 0
3 9 5 1 100 0.75 1 11 1 33 32 0 100 0 0
3 9 5 1 100 0.75 1 12 2 36 34 1 100 0 0
3 9 5 1 100 0.75 1 13 3 39 36 2 100 0 0
3 9 5 1 100 0.75 1 14 5 42 37 3 100 0 0
3 9 5 1 100 0.75 1 15 6 45 39 5 100 0 0
3 9 5 1 100 0.75 1 16 6 48 42 6 100 0 0
3 9 5 1 100 0.75 1 17 7 51 43 6 100 0 0
3 9 5 1 100 0.75 1 18 9 54 45 7 100 0 0
3 9 5 1 100 0.75 1 19 10 57 49 9 100 0 1
3 9 5 1 100 0.75 1 20 12 60 49 10 99 0 1
3 9 5 1 100 0.75 1 21 14 63 52 12 99 0 4
3 9 5 1 100 0.75 1 22 17 66 53 14 99 0 4
3 9 5 1 100 0.75 1 23 19 69 54 17 99 0 4
3 9 5 1 100 0.75 1 24 19 72 58 19 99 0 4
3 9 5 1 100 0.75 1 25 20 75 62 19 99 0 7
3 9 5 1 100 0.75 1 26 21 78 64 20 99 0 7
3 9 5 1 100 0.75 1 27 22 81 66 21 99 0 8
3 9 5 1 100 0.75 1 28 26 84 69 22 99 0 10
3 9 5 1 100 0.75 1 29 28 87 70 26 99 0 11
3 9 5 1 100 0.75 1 30 29 90 74 28 99 0 12
3 9 5 1 100 0.75 1 31 31 93 76 29 99 0 12
3 9 5 1 100 0.75 1 32 33 96 76 31 99 0 12
3 9 5 1 100 0.75 1 33 34 99 80 33 99 0 12
3 9 5 1 100 0.75 1 34 35 101 81 33 99 1 11
3 9 5 1 100 0.75 1 35 38 104 83 34 99 1 14
3 9 5 1 100 0.75 1 36 44 107 80 37 99 1 16
3 9 5 1 100 0.75 1 37 46 109 85 42 100 2 15
3 9 5 1 100 0.75 1 38 47 112 88 44 100 2 15
3 9 5 1 100 0.75 1 39 50 113 88 43 102 4 15
3 9 5 1 100 0.75 1 40 51 114 87 44 104 6 14
3 9 5 1 100 0.75 1 41 53 116 91 44 105 7 14
3 9 5 1 100 0.75 1 42 55 118 88 45 106 8 14
3 9 5 1 100 0.75 1 43 56 121 97 47 106 8 19
3 9 5 1 100 0.75 1 44 57 124 101 48 106 8 21
3 9 5 1 100 0.75 1 45 61 127 101 49 106 8 23
3 9 5 1 100 0.75 1 46 66 129 103 52 107 9 22
3 9 5 1 100 0.75 1 47 72 130 96 55 109 11 23
3 9 5 1 100 0.75 1 48 75 133 104 61 109 11 24
3 9 5 1 100 0.75 1 49 78 135 101 63 110 12 25
3 9 5 1 100 0.75 1 50 80 138 105 66 110 12 26
3 9 5 1 100 0.75 1 51 81 140 106 67 111 13 25
3 9 5 1 100 0.75 1 52 84 141 108 66 113 15 25
3 9 5 1 100 0.75 1 53 85 143 111 68 114 16 27
3 9 5 1 100 0.75 1 54 88 143 111 66 117 19 28
3 9 5 1 100 0.75 1 55 90 146 116 69 117 19 30
3 9 5 1 100 0.75 1 56 94 149 113 71 117 19 32
3 9 5 1 100 0.75 1 57 96 152 120 75 117 19 32
3 9 5 1 100 0.75 1 58 101 152 113 74 120 22 31
3 9 5 1 100 0.75 1 59 102 154 115 78 121 23 30
3 9 5 1 100 0.75 1 60 104 154 119 76 124 26 30
3 9 5 1 100 0.75 1 61 108 157 116 78 124 26 32
3 9 5 1 100 0.75 1 62 111 157 112 79 127 29 31
3 9 5 1 100 0.75 1 63 115 160 119 82 127 29 33
3 9 5 1 100 0.75 1 64 116 160 115 83 130 32 32
3 9 5 1 100 0.75 1 65 119 162 118 83 130 33 34
3 9 5 1 100 0.75 1 66 125 165 114 86 130 33 37
3 9 5 1 100 0.75 1 67 129 164 117 88 134 37 35
3 9 5 1 100 0.75 1 68 132 165 116 90 136 39 34
3 9 5 1 100 0.75 1 69 137 167 116 92 137 40 38
3 9 5 1 100 0.75 1 70 140 166 111 93 141 44 35
3 9 5 1 100 0.75 1 71 141 168 118 96 142 45 35
3 9 5 1 100 0.75 1 72 146 169 115 95 144 47 33
3 9 5 1 100 0.75 1 73 149 167 112 95 149 52 36
3 9 5 1 100 0.75 1 74 152 170 115 98 149 52 38
3 9 5 1 100 0.75 1 75 155 173 120 101 149 52 41
3 9 5 1 100 0.75 1 76 159 174 115 102 151 54 43
3 9 5 1 100 0.75 1 77 165 176 121 105 152 55 45
3 9 5 1 100 0.75 1 78 166 179 122 111 152 55 47
3 9 5 1 100 0.75 1 79 171 182 129 112 152 55 53
3 9 5 1 100 0.75 1 80 171 180 119 113 157 60 48
3 9 5 1 100 0.75 1 81 173 179 126 110 161 64 46
3 9 5 1 100 0.75 1 82 181 180 119 110 163 66 46
3 9 5 1 100 0.75 1 83 186 181 119 116 165 68 47
3 9 5 1 100 0.75 1 84 191 181 122 118 168 71 50
3 9 5 1 100 0.75 1 85 195 181 115 120 171 74 49
3 9 5 1 100 0.75 1 86 198 184 115 124 171 74 49
3 9 5 1 100 0.75 1 87 201 185 119 126 173 76 50
3 9 5 1 100 0.75 1 88 207 184 110 125 177 80 47
3 9 5 1 100 0.75 1 89 208 184 114 130 180 83 48
3 9 5 1 100 0.75 1 90 213 186 114 131 181 84 51
3 9 5 1 100 0.75 1 91 215 184 116 131 186 89 50
3 9 5 1 100 0.75 1 92 220 180 108 126 193 96 48
3 9 5 1 100 0.75 1 93 226 181 112 129 195 98 47
3 9 5 1 100 0.75 1 94 230 183 107 135 196 99 49
3 9 5 1 100 0.75 1 95 234 184 116 137 198 101 54
3 9 5 1 100 0.75 1 96 237 184 110 138 201 104 53
3 9 5 1 100 0.75 1 97 241 184 117 138 204 107 53
3 9 5 1 100 0.75 1 98 243 184 107 139 207 110 52
3 9 5 1 100 0.75 1 99 247 182 113 137 212 115 50
3 9 5 1 100 0.75 1 100 255 182 102 138 215 118 49
3 9 5 1 100 0.75 1 101 261 183 108 144 217 120 55
3 9 5 1 100 0.75 1 102 265 183 105 147 219 123 57
3 9 5 1 100 0.75 1 103 268 185 101 150 220 124 57
3 9 5 1 100 0.75 1 104 272 187 111 152 221 125 58
3 9 5 1 100 0.75 1 105 272 188 106 154 223 127 60
3 9 5 1 100 0.75 1 106 278 189 107 153 225 129 58
3 9 5 1 100 0.75 1 107 282 187 100 154 230 134 57
3 9 5 1 100 0.75 1 108 285 187 111 155 233 137 61
3 9 5 1 100 0.75 1 109 287 186 106 154 237 141 58
3 9 5 1 100 0.75 1 110 291 186 108 154 239 144 59
3 9 5 1 100 0.75 1 111 295 185 98 155 243 148 56
3 9 5 1 100 0.75 1 112 299 188 107 160 243 148 59
3 9 5 1 100 0.75 1 113 300 185 97 158 249 154 57
3 9 5 1 100 0.75 1 114 303 182 95 153 255 160 58
3 9 5 1 100 0.75 1 115 306 182 89 154 258 163 58
3 9 5 1 100 0.75 1 116 308 180 96 152 263 168 54
3 9 5 1 100 0.75 1 117 315 182 94 153 264 169 57
3 9 5 1 100 0.75 1 118 316 182 96 157 267 172 56
3 9 5 1 100 0.75 1 119 317 183 98 157 269 174 59
3 9 5 1 100 0.75 1 120 319 180 93 152 275 180 54
3 9 5 1 100 0.75 1 121 323 181 90 155 276 182 53
3 9 5 1 100 0.75 1 122 326 179 96 154 281 187 52
3 9 5 1 100 0.75 1 123 327 180 93 155 283 189 51
3 9 5 1 100 0.75 1 124 329 183 101 158 283 189 53
3 9 5 1 100 0.75 1 125 334 180 94 154 289 195 52
3 9 5 1 100 0.75 1 126 336 181 92 157 291 197 51
3 9 5 1 100 0.75 1 127 337 180 88 155 294 201 49
3 9 5 1 100 0.75 1 128 340 178 90 153 299 206 46
3 9 5 1 100 0.75 1 129 341 179 85 155 300 208 47
3 9 5 1 100 0.75 1 130 345 180 93 155 302 210 46
3 9 5 1 100 0.75 1 131 347 181 90 158 304 212 47
3 9 5 1 100 0.75 1 132 347 180 85 157 308 216 46
3 9 5 1 100 0.75 1 133 349 176 89 150 315 223 43
3 9 5 1 100 0.75 1 134 352 175 82 149 319 227 41
3 9 5 1 100 0.75 1 135 354 176 87 151 321 229 41
3 9 5 1 100 0.75 1 136 355 177 88 153 322 231 41
3 9 5 1 100 0.75 1 137 357 180 88 154 322 231 42
3 9 5 1 100 0.75 1 138 359 181 86 154 324 233 43
3 9 5 1 100 0.75 1 139 362 178 80 150 330 239 39
3 9 5 1 100 0.75 1 140 366 179 84 151 332 241 39
3 9 5 1 100 0.75 1 141 371 182 87 155 332 241 42
3 9 5 1 100 0.75 1 142 374 182 84 157 335 244 41
3 9 5 1 100 0.75 1 143 379 183 89 158 337 246 41
3 9 5 1 100 0.75 1 144 381 182 89 159 341 250 37
3 9 5 1 100 0.75 1 145 383 182 81 158 344 253 34
3 9 5 1 100 0.75 1 146 383 183 85 159 345 255 35
3 9 5 1 100 0.75 1 147 384 185 91 158 346 256 35
3 9 5 1 100 0.75 1 148 386 186 89 159 347 258 36
3 9 5 1 100 0.75 1 149 393 185 89 157 350 262 37
3 9 5 1 100 0.75 1 150 394 187 93 164 351 263 39
3 9 5 1 100 0.75 1 150 394 187 187 164 388 263 39
3 9 5 1 100 0.75 1 180 394 187 187 164 98 263 39
3 9 5 1 100 0.75 2 181 0 3 3 0 98 0 0
3 9 5 1 100 0.75 2 182 0 6 6 0 98 0 0
3 9 5 1 100 0.75 2 183 0 9 9 0 98 0 0
3 9 5 1 100 0.75 2 184 0 12 12 0 98 0 0
3 9 5 1 100 0.75 2 185 0 15 15 0 98 0 0
3 9 5 1 100 0.75 2 186 0 18 18 0 98 0 0
3 9 5 1 100 0.75 2 187 0 21 21 0 98 0 0
3 9 5 1 100 0.75 2 188 0 24 23 0 98 0 0
3 9 5 1 100 0.75 2 189 0 27 27 0 98 0 0
3 9 5 1 100 0.75 2 190 0 30 30 0 98 0 0
3 9 5 1 100 0.75 2 191 1 33 32 0 98 0 0
3 9 5 1 100 0.75 2 192 1 36 35 1 98 0 0
3 9 5 1 100 0.75 2 193 3 39 36 1 98 0 0
3 9 5 1 100 0.75 2 194 5 42 37 3 98 0 0
3 9 5 1 100 0.75 2 195 7 45 37 5 98 0 0
3 9 5 1 100 0.75 2 196 10 48 37 7 98 0 0
3 9 5 1 100 0.75 2 197 10 51 39 10 98 0 0
3 9 5 1 100 0.75 2 198 12 54 43 10 98 0 1
3 9 5 1 100 0.75 2 199 12 57 44 12 98 0 1
3 9 5 1 100 0.75 2 200 12 60 48 12 98 0 2
3 9 5 1 100 0.75 2 201 16 63 52 12 98 0 4
3 9 5 1 100 0.75 2 202 16 66 54 16 98 0 5
3 9 5 1 100 0.75 2 203 17 69 57 16 98 0 6
3 9 5 1 100 0.75 2 204 17 72 61 17 98 0 8
3 9 5 1 100 0.75 2 205 20 75 62 17 97 0 9
3 9 5 1 100 0.75 2 206 24 78 64 20 97 0 10
3 9 5 1 100 0.75 2 207 26 81 64 24 97 0 10
3 9 5 1 100 0.75 2 208 29 84 66 26 97 0 11
3 9 5 1 100 0.75 2 209 30 87 71 29 97 0 13
3 9 5 1 100 0.75 2 210 32 90 72 30 97 0 14
3 9 5 1 100 0.75 2 211 34 93 75 32 97 0 14
3 9 5 1 100 0.75 2 212 34 96 79 34 97 0 16
3 9 5 1 100 0.75 2 213 35 98 81 33 98 1 18
3 9 5 1 100 0.75 2 214 37 101 88 34 98 1 21
3 9 5 1 100 0.75 2 215 41 104 85 36 98 1 24
3 9 5 1 100 0.75 2 216 45 107 88 40 98 1 25
3 9 5 1 100 0.75 2 217 46 110 93 44 98 1 26
3 9 5 1 100 0.75 2 218 50 112 90 44 99 2 26
3 9 5 1 100 0.75 2 219 55 113 87 46 101 4 25
3 9 5 1 100 0.75 2 220 59 114 85 49 103 6 24
3 9 5 1 100 0.75 2 221 60 116 89 52 104 7 24
3 9 5 1 100 0.75 2 222 61 117 89 51 106 9 24
3 9 5 1 100 0.75 2 223 66 120 93 52 106 9 27
3 9 5 1 100 0.75 2 224 69 121 89 55 108 11 27
3 9 5 1 100 0.75 2 225 69 123 96 57 109 12 27
3 9 5 1 100 0.75 2 226 72 125 97 56 110 13 30
3 9 5 1 100 0.75 2 227 74 127 103 58 111 14 33
3 9 5 1 100 0.75 2 228 81 129 97 59 112 15 33
3 9 5 1 100 0.75 2 229 83 130 101 64 114 17 33
3 9 5 1 100 0.75 2 230 87 131 102 64 116 19 33
3 9 5 1 100 0.75 2 231 90 133 104 67 117 20 37
3 9 5 1 100 0.75 2 232 95 133 96 67 120 23 34
3 9 5 1 100 0.75 2 233 98 133 96 69 123 26 32
3 9 5 1 100 0.75 2 234 99 135 99 71 124 27 33
3 9 5 1 100 0.75 2 235 103 137 101 71 125 28 36
3 9 5 1 100 0.75 2 236 105 139 107 75 126 29 37
3 9 5 1 100 0.75 2 237 109 141 104 76 127 30 38
3 9 5 1 100 0.75 2 238 113 143 105 79 128 31 40
3 9 5 1 100 0.75 2 239 118 145 108 82 129 32 43
3 9 5 1 100 0.75 2 240 119 146 108 85 131 34 44
3 9 5 1 100 0.75 2 241 126 146 107 83 134 37 42
3 9 5 1 100 0.75 2 242 129 146 106 87 137 40 42
3 9 5 1 100 0.75 2 243 132 148 105 89 138 41 42
3 9 5 1 100 0.75 2 244 134 149 110 90 140 43 43
3 9 5 1 100 0.75 2 245 139 147 102 87 145 48 41
3 9 5 1 100 0.75 2 246 144 147 109 89 148 51 41
3 9 5 1 100 0.75 2 247 152 149 100 93 149 52 42
3 9 5 1 100 0.75 2 248 155 150 107 99 151 54 43
3 9 5 1 100 0.75 2 249 156 148 104 97 156 59 41
3 9 5 1 100 0.75 2 250 159 151 111 98 156 59 45
3 9 5 1 100 0.75 2 251 164 150 101 97 160 63 42
3 9 5 1 100 0.75 2 252 166 152 110 101 161 64 45
3 9 5 1 100 0.75 2 253 170 152 105 100 164 67 44
3 9 5 1 100 0.75 2 254 174 154 110 103 165 68 44
3 9 5 1 100 0.75 2 255 177 154 111 104 168 71 45
3 9 5 1 100 0.75 2 256 179 156 114 106 169 72 47
3 9 5 1 100 0.75 2 257 181 156 112 105 172 75 44
3 9 5 1 100 0.75 2 258 185 155 113 103 176 79 44
3 9 5 1 100 0.75 2 259 191 158 114 107 176 79 44
3 9 5 1 100 0.75 2 260 194 159 115 111 178 81 43
3 9 5 1 100 0.75 2 261 197 160 115 112 180 83 45
3 9 5 1 100 0.75 2 262 200 159 108 111 184 87 43
3 9 5 1 100 0.75 2 263 203 158 108 111 188 91 41
3 9 5 1 100 0.75 2 264 208 157 104 110 192 95 40
3 9 5 1 100 0.75 2 265 210 159 100 114 193 96 39
3 9 5 1 100 0.75 2 266 213 157 105 111 198 101 38
3 9 5 1 100 0.75 2 267 221 158 100 112 199 103 40
3 9 5 1 100 0.75 2 268 224 160 103 120 200 104 41
3 9 5 1 100 0.75 2 269 227 162 103 123 201 105 43
3 9 5 1 100 0.75 2 270 228 160 98 121 206 110 40
3 9 5 1 100 0.75 2 271 231 161 102 120 207 112 41
3 9 5 1 100 0.75 2 272 238 161 99 120 210 115 43
3 9 5 1 100 0.75 2 273 238 160 102 123 214 119 39
3 9 5 1 100 0.75 2 274 243 162 105 122 215 120 45
3 9 5 1 100 0.75 2 275 247 165 107 127 215 120 47
3 9 5 1 100 0.75 2 276 249 168 114 132 215 120 50
3 9 5 1 100 0.75 2 277 250 169 107 132 217 122 49
3 9 5 1 100 0.75 2 278 252 169 106 131 220 125 48
3 9 5 1 100 0.75 2 279 255 170 104 131 222 127 49
3 9 5 1 100 0.75 2 280 258 169 110 131 226 131 48
3 9 5 1 100 0.75 2 281 260 169 103 131 228 134 46
3 9 5 1 100 0.75 2 282 264 171 114 132 228 135 49
3 9 5 1 100 0.75 2 283 270 171 108 134 231 138 50
3 9 5 1 100 0.75 2 284 271 173 112 139 232 139 50
3 9 5 1 100 0.75 2 285 274 172 108 138 236 143 47
3 9 5 1 100 0.75 2 286 276 174 109 141 237 144 50
3 9 5 1 100 0.75 2 287 277 173 99 141 241 148 47
3 9 5 1 100 0.75 2 288 278 172 111 138 245 152 43
3 9 5 1 100 0.75 2 289 284 172 97 136 248 155 43
3 9 5 1 100 0.75 2 290 289 172 104 139 251 158 44
3 9 5 1 100 0.75 2 291 292 171 96 141 255 162 43
3 9 5 1 100 0.75 2 292 294 172 103 143 257 164 43
3 9 5 1 100 0.75 2 293 301 172 95 142 260 167 44
3 9 5 1 100 0.75 2 294 303 171 101 145 264 171 42
3 9 5 1 100 0.75 2 295 305 172 98 145 266 173 41
3 9 5 1 100 0.75 2 296 307 175 98 147 266 173 43
3 9 5 1 100 0.75 2 297 312 177 104 149 267 174 48
3 9 5 1 100 0.75 2 298 317 175 98 149 272 179 45
3 9 5 1 100 0.75 2 299 320 175 97 152 275 182 44
3 9 5 1 100 0.75 2 300 320 175 91 152 278 185 45
3 9 5 1 100 0.75 2 301 325 172 95 146 284 191 42
3 9 5 1 100 0.75 2 302 326 173 96 150 286 193 41
3 9 5 1 100 0.75 2 303 328 176 93 151 286 193 42
3 9 5 1 100 0.75 2 304 329 177 99 153 288 195 45
3 9 5 1 100 0.75 2 305 333 178 99 153 290 197 47
3 9 5 1 100 0.75 2 306 336 176 95 152 295 202 46
3 9 5 1 100 0.75 2 307 337 177 102 153 297 204 45
3 9 5 1 100 0.75 2 308 338 180 100 155 297 204 48
3 9 5 1 100 0.75 2 309 340 180 94 156 300 207 49
3 9 5 1 100 0.75 2 310 341 182 108 157 301 208 50
3 9 5 1 100 0.75 2 311 344 181 96 155 305 212 46
3 9 5 1 100 0.75 2 312 345 180 95 156 309 216 45
3 9 5 1 100 0.75 2 313 346 181 98 155 311 218 45
3 9 5 1 100 0.75 2 314 351 184 99 157 311 218 47
3 9 5 1 100 0.75 2 315 352 185 99 161 313 220 48
3 9 5 1 100 0.75 2 316 354 182 97 158 318 226 45
3 9 5 1 100 0.75 2 317 357 183 98 158 320 228 43
3 9 5 1 100 0.75 2 318 358 184 98 161 322 230 47
3 9 5 1 100 0.75 2 319 362 182 88 159 326 235 42
3 9 5 1 100 0.75 2 320 362 184 101 162 327 236 43
3 9 5 1 100 0.75 2 321 365 186 99 162 328 237 45
3 9 5 1 100 0.75 2 322 367 184 100 160 333 242 45
3 9 5 1 100 0.75 2 323 370 185 103 160 335 244 46
3 9 5 1 100 0.75 2 324 372 184 94 159 338 248 45
3 9 5 1 100 0.75 2 325 375 184 90 159 341 251 43
3 9 5 1 100 0.75 2 326 379 186 99 161 342 252 45
3 9 5 1 100 0.75 2 327 380 184 92 160 347 257 43
3 9 5 1 100 0.75 2 328 381 184 93 160 350 260 41
3 9 5 1 100 0.75 2 329 384 187 91 162 350 260 43
3 9 5 1 100 0.75 2 330 387 188 96 163 352 262 43
3 9 5 1 100 0.75 2 330 387 188 188 163 393 262 43
3 9 5 1 100 0.75 2 360 387 188 188 163 97 262 43
3 9 5 1 100 0.75 3 361 0 3 3 0 97 0 0
3 9 5 1 100 0.75 3 362 0 6 6 0 97 0 0
3 9 5 1 100 0.75 3 363 0 9 9 0 97 0 0
3 9 5 1 100 0.75 3 364 0 12 12 0 97 0 0
3 9 5 1 100 0.75 3 365 0 15 15 0 97 0 0
3 9 5 1 100 0.75 3 366 0 18 16 0 97 0 0
3 9 5 1 100 0.75 3 367 0 21 21 0 97 0 0
3 9 5 1 100 0.75 3 368 1 24 22 0 97 0 0
3 9 5 1 100 0.75 3 369 1 27 25 1 97 0 0
3 9 5 1 100 0.75 3 370 1 30 28 1 97 0 0
3 9 5 1 100 0.75 3 371 1 33 32 1 97 0 0
3 9 5 1 100 0.75 3 372 3 36 32 1 97 0 0
3 9 5 1 100 0.75 3 373 4 39 34 3 97 0 0
3 9 5 1 100 0.75 3 374 6 42 36 4 97 0 0
3 9 5 1 100 0.75 3 375 9 45 35 6 97 0 0
3 9 5 1 100 0.75 3 376 11 48 38 9 97 0 1
3 9 5 1 100 0.75 3 377 12 51 39 11 97 0 1
3 9 5 1 100 0.75 3 378 13 54 42 12 97 0 1
3 9 5 1 100 0.75 3 379 13 57 46 13 97 0 1
3 9 5 1 100 0.75 3 380 13 60 49 13 97 0 2
3 9 5 1 100 0.75 3 381 15 63 51 13 97 0 3
3 9 5 1 100 0.75 3 382 16 66 53 15 97 0 5
3 9 5 1 100 0.75 3 383 17 69 61 16 97 0 7
3 9 5 1 100 0.75 3 384 18 72 59 17 97 0 7
3 9 5 1 100 0.75 3 385 18 75 65 18 97 0 9
3 9 5 1 100 0.75 3 386 20 78 68 18 97 0 9
3 9 5 1 100 0.75 3 387 25 81 66 20 97 0 9
3 9 5 1 100 0.75 3 388 26 84 65 25 97 0 9
3 9 5 1 100 0.75 3 389 28 87 71 26 97 0 11
3 9 5 1 100 0.75 3 390 29 90 73 28 97 0 12
3 9 5 1 100 0.75 3 391 33 93 74 29 97 0 13
3 9 5 1 100 0.75 3 392 35 96 75 33 97 0 13
3 9 5 1 100 0.75 3 393 36 98 77 34 98 1 12
3 9 5 1 100 0.75 3 394 42 101 76 35 98 1 15
3 9 5 1 100 0.75 3 395 46 104 79 41 97 1 17
3 9 5 1 100 0.75 3 396 46 107 83 45 97 1 17
3 9 5 1 100 0.75 3 397 49 109 84 44 98 2 18
3 9 5 1 100 0.75 3 398 50 111 86 46 99 3 20
3 9 5 1 100 0.75 3 399 53 114 89 47 99 3 21
3 9 5 1 100 0.75 3 400 55 117 91 50 99 3 22
3 9 5 1 100 0.75 3 401 60 118 92 50 101 5 21
3 9 5 1 100 0.75 3 402 67 117 87 51 104 9 20
3 9 5 1 100 0.75 3 403 71 120 86 58 104 9 21
3 9 5 1 100 0.75 3 404 75 122 89 61 105 10 21
3 9 5 1 100 0.75 3 405 80 125 90 65 105 10 22
3 9 5 1 100 0.75 3 406 82 126 90 68 107 12 21
3 9 5 1 100 0.75 3 407 83 129 94 70 107 12 23
3 9 5 1 100 0.75 3 408 83 131 99 70 108 13 26
3 9 5 1 100 0.75 3 409 89 134 101 70 108 13 30
3 9 5 1 100 0.75 3 410 94 137 104 76 108 13 35
3 9 5 1 100 0.75 3 411 98 140 108 81 108 13 41
3 9 5 1 100 0.75 3 412 100 143 107 85 108 13 42
3 9 5 1 100 0.75 3 413 102 142 111 83 112 17 40
3 9 5 1 100 0.75 3 414 105 143 113 83 114 19 39
3 9 5 1 100 0.75 3 415 107 143 110 83 117 22 37
3 9 5 1 100 0.75 3 416 108 144 115 83 119 24 38
3 9 5 1 100 0.75 3 417 111 143 113 80 123 28 36
3 9 5 1 100 0.75 3 418 115 145 115 82 124 29 41
3 9 5 1 100 0.75 3 419 117 148 117 86 124 29 41
3 9 5 1 100 0.75 3 420 122 150 117 87 125 30 43
3 9 5 1 100 0.75 3 421 125 152 117 91 126 31 42
3 9 5 1 100 0.75 3 422 128 155 116 94 126 31 46
3 9 5 1 100 0.75 3 423 131 157 114 96 127 32 45
3 9 5 1 100 0.75 3 424 133 157 115 96 130 35 43
3 9 5 1 100 0.75 3 425 136 157 119 95 133 38 44
3 9 5 1 100 0.75 3 426 141 155 112 93 138 43 41
3 9 5 1 100 0.75 3 427 143 152 108 93 144 49 37
3 9 5 1 100 0.75 3 428 149 153 109 93 145 51 39
3 9 5 1 100 0.75 3 429 154 154 104 97 147 53 38
3 9 5 1 100 0.75 3 430 157 154 108 99 150 56 37
3 9 5 1 100 0.75 3 431 161 155 99 100 152 58 35
3 9 5 1 100 0.75 3 432 166 156 106 102 154 60 33
3 9 5 1 100 0.75 3 433 171 158 103 106 155 61 35
3 9 5 1 100 0.75 3 434 173 159 105 109 157 63 37
3 9 5 1 100 0.75 3 435 176 161 107 110 158 64 41
3 9 5 1 100 0.75 3 436 178 163 106 112 159 65 44
3 9 5 1 100 0.75 3 437 183 159 106 107 166 72 40
3 9 5 1 100 0.75 3 438 185 159 100 109 169 75 39
3 9 5 1 100 0.75 3 439 191 161 106 111 170 76 43
3 9 5 1 100 0.75 3 440 195 162 102 115 172 78 41
3 9 5 1 100 0.75 3 441 199 163 107 117 174 80 44
3 9 5 1 100 0.75 3 442 204 165 105 121 175 81 45
3 9 5 1 100 0.75 3 443 206 167 106 126 176 82 46
3 9 5 1 100 0.75 3 444 210 166 105 124 180 86 43
3 9 5 1 100 0.75 3 445 210 168 104 127 181 87 46
3 9 5 1 100 0.75 3 446 215 168 103 124 184 90 46
3 9 5 1 100 0.75 3 447 216 171 106 129 184 90 50
3 9 5 1 100 0.75 3 448 217 172 106 128 186 92 52
3 9 5 1 100 0.75 3 449 220 173 114 127 187 94 54
3 9 5 1 100 0.75 3 450 224 174 115 128 189 96 55
3 9 5 1 100 0.75 3 451 232 171 111 126 195 102 52
3 9 5 1 100 0.75 3 452 238 173 107 133 196 103 52
3 9 5 1 100 0.75 3 453 241 173 101 136 199 106 50
3 9 5 1 100 0.75 3 454 242 168 104 131 207 114 45
3 9 5 1 100 0.75 3 455 249 170 94 131 208 115 44
3 9 5 1 100 0.75 3 456 251 170 92 135 211 118 43
3 9 5 1 100 0.75 3 457 256 171 100 135 213 120 42
3 9 5 1 100 0.75 3 458 259 173 98 139 214 121 46
3 9 5 1 100 0.75 3 459 262 174 101 140 216 123 50
3 9 5 1 100 0.75 3 460 263 172 99 139 221 128 50
3 9 5 1 100 0.75 3 461 268 174 108 139 222 129 50
3 9 5 1 100 0.75 3 462 272 175 98 142 224 131 51
3 9 5 1 100 0.75 3 463 277 173 96 141 229 136 48
3 9 5 1 100 0.75 3 464 279 172 97 142 232 140 48
3 9 5 1 100 0.75 3 465 281 171 95 141 236 144 46
3 9 5 1 100 0.75 3 466 283 172 100 141 238 146 48
3 9 5 1 100 0.75 3 467 285 172 96 140 241 149 46
3 9 5 1 100 0.75 3 468 289 174 101 142 242 150 50
3 9 5 1 100 0.75 3 469 294 174 95 143 245 153 48
3 9 5 1 100 0.75 3 470 297 174 92 145 248 156 49
3 9 5 1 100 0.75 3 471 301 175 100 147 250 158 52
3 9 5 1 100 0.75 3 472 304 178 98 151 249 158 53
3 9 5 1 100 0.75 3 473 307 174 98 147 256 165 50
3 9 5 1 100 0.75 3 474 310 177 95 150 256 165 50
3 9 5 1 100 0.75 3 475 312 178 102 152 257 167 52
3 9 5 1 100 0.75 3 476 313 176 99 150 261 172 50
3 9 5 1 100 0.75 3 477 317 175 99 148 265 176 49
3 9 5 1 100 0.75 3 478 319 174 93 148 269 180 50
3 9 5 1 100 0.75 3 479 319 175 96 148 271 182 50
3 9 5 1 100 0.75 3 480 325 177 99 148 272 183 52
3 9 5 1 100 0.75 3 481 328 176 88 151 276 187 51
3 9 5 1 100 0.75 3 482 328 179 98 154 276 187 54
3 9 5 1 100 0.75 3 483 329 179 97 152 279 190 52
3 9 5 1 100 0.75 3 484 331 179 106 151 282 193 52
3 9 5 1 100 0.75 3 485 333 178 91 149 286 197 49
3 9 5 1 100 0.75 3 486 335 179 98 150 288 199 49
3 9 5 1 100 0.75 3 487 342 179 89 149 291 202 47
3 9 5 1 100 0.75 3 488 344 180 89 155 292 204 46
3 9 5 1 100 0.75 3 489 348 178 95 152 297 209 43
3 9 5 1 100 0.75 3 490 350 179 94 154 299 211 43
3 9 5 1 100 0.75 3 491 354 179 91 153 302 214 42
3 9 5 1 100 0.75 3 492 355 178 100 153 306 218 38
3 9 5 1 100 0.75 3 493 355 179 90 153 308 220 39
3 9 5 1 100 0.75 3 494 356 178 99 151 312 224 39
3 9 5 1 100 0.75 3 495 361 178 87 149 315 227 37
3 9 5 1 100 0.75 3 496 363 181 97 154 315 227 40
3 9 5 1 100 0.75 3 497 365 179 90 151 320 232 37
3 9 5 1 100 0.75 3 498 368 176 93 147 326 238 33
3 9 5 1 100 0.75 3 499 372 177 82 149 328 240 32
3 9 5 1 100 0.75 3 500 378 180 87 154 327 240 33
3 9 5 1 100 0.75 3 501 378 181 82 158 329 242 34
3 9 5 1 100 0.75 3 502 381 180 88 154 333 246 31
3 9 5 1 100 0.75 3 503 382 181 85 156 335 248 32
3 9 5 1 100 0.75 3 504 386 184 81 157 335 248 34
3 9 5 1 100 0.75 3 505 389 184 86 158 337 251 35
3 9 5 1 100 0.75 3 506 390 185 93 159 338 253 36
3 9 5 1 100 0.75 3 507 392 188 93 161 338 253 39
3 9 5 1 100 0.75 3 508 397 190 97 163 339 254 41
3 9 5 1 100 0.75 3 509 399 193 91 168 339 254 42
3 9 5 1 100 0.75 3 510 401 191 88 165 344 259 38
3 9 5 1 100 0.75 3 510 401 191 191 165 381 259 38
3 9 5 1 100 0.75 3 540 401 191 191 165 97 259 38
3 9 5 1 100 0.75 4 541 0 3 3 0 97 0 0
3 9 5 1 100 0.75 4 542 0 6 6 0 97 0 0
3 9 5 1 100 0.75 4 543 0 9 9 0 97 0 0
3 9 5 1 100 0.75 4 544 0 12 12 0 97 0 0
3 9 5 1 100 0.75 4 545 0 15 15 0 97 0 0
3 9 5 1 100 0.75 4 546 0 18 18 0 97 0 0
3 9 5 1 100 0.75 4 547 0 21 21 0 97 0 0
3 9 5 1 100 0.75 4 548 0 24 23 0 97 0 0
3 9 5 1 100 0.75 4 549 1 27 26 0 97 0 0
3 9 5 1 100 0.75 4 550 2 30 27 1 97 0 0
3 9 5 1 100 0.75 4 551 3 33 29 2 97 0 0
3 9 5 1 100 0.75 4 552 4 36 32 3 97 0 0
3 9 5 1 100 0.75 4 553 4 39 35 4 97 0 0
3 9 5 1 100 0.75 4 554 5 42 35 4 97 0 0
3 9 5 1 100 0.75 4 555 5 45 40 5 97 0 0
3 9 5 1 100 0.75 4 556 7 48 40 5 97 0 0
3 9 5 1 100 0.75 4 557 10 51 42 7 97 0 2
3 9 5 1 100 0.75 4 558 12 54 45 10 97 0 2
3 9 5 1 100 0.75 4 559 12 57 48 12 97 0 2
3 9 5 1 100 0.75 4 560 15 60 48 12 97 0 3
3 9 5 1 100 0.75 4 561 16 63 48 15 97 0 3
3 9 5 1 100 0.75 4 562 17 66 54 16 97 0 3
3 9 5 1 100 0.75 4 563 17 69 57 17 97 0 5
3 9 5 1 100 0.75 4 564 18 72 59 17 96 0 5
3 9 5 1 100 0.75 4 565 20 75 64 18 96 0 7
3 9 5 1 100 0.75 4 566 22 78 62 20 96 0 7
3 9 5 1 100 0.75 4 567 29 81 61 22 96 0 7
3 9 5 1 100 0.75 4 568 29 84 67 29 96 0 9
3 9 5 1 100 0.75 4 569 31 87 68 29 96 0 9
3 9 5 1 100 0.75 4 570 31 90 71 31 96 0 9
3 9 5 1 100 0.75 4 571 33 93 72 31 96 0 9
3 9 5 1 100 0.75 4 572 36 96 74 33 96 0 10
3 9 5 1 100 0.75 4 573 38 98 75 35 97 1 9
3 9 5 1 100 0.75 4 574 40 100 82 36 98 2 15
3 9 5 1 100 0.75 4 575 44 103 79 38 98 2 16
3 9 5 1 100 0.75 4 576 46 106 80 42 98 2 16
3 9 5 1 100 0.75 4 577 50 109 84 44 98 2 17
3 9 5 1 100 0.75 4 578 52 111 83 47 99 3 18
3 9 5 1 100 0.75 4 579 53 114 82 49 99 3 19
3 9 5 1 100 0.75 4 580 56 116 90 49 100 4 21
3 9 5 1 100 0.75 4 581 60 118 85 51 101 5 20
3 9 5 1 100 0.75 4 582 64 120 87 54 102 6 21
3 9 5 1 100 0.75 4 583 67 123 90 58 102 6 23
3 9 5 1 100 0.75 4 584 71 125 94 60 103 7 24
3 9 5 1 100 0.75 4 585 73 127 96 63 104 8 25
3 9 5 1 100 0.75 4 586 73 130 98 65 104 8 25
3 9 5 1 100 0.75 4 587 73 132 100 64 105 9 24
3 9 5 1 100 0.75 4 588 74 134 105 63 106 10 26
3 9 5 1 100 0.75 4 589 75 137 111 64 106 10 29
3 9 5 1 100 0.75 4 590 78 139 111 64 107 11 31
3 9 5 1 100 0.75 4 591 79 141 115 66 108 12 31
3 9 5 1 100 0.75 4 592 84 141 112 64 111 15 31
3 9 5 1 100 0.75 4 593 86 140 112 65 115 19 27
3 9 5 1 100 0.75 4 594 92 141 103 65 117 21 25
3 9 5 1 100 0.75 4 595 95 143 106 70 118 22 24
3 9 5 1 100 0.75 4 596 97 145 108 72 118 23 25
3 9 5 1 100 0.75 4 597 100 146 103 72 119 25 24
3 9 5 1 100 0.75 4 598 105 147 106 73 121 27 25
3 9 5 1 100 0.75 4 599 106 148 104 76 123 29 24
3 9 5 1 100 0.75 4 600 108 151 109 77 123 29 28
3 9 5 1 100 0.75 4 601 112 154 108 79 123 29 31
3 9 5 1 100 0.75 4 602 115 156 117 82 124 30 34
3 9 5 1 100 0.75 4 603 119 156 109 82 127 33 31
3 9 5 1 100 0.75 4 604 123 156 112 83 130 36 29
3 9 5 1 100 0.75 4 605 127 157 109 85 132 38 29
3 9 5 1 100 0.75 4 606 128 160 116 90 132 38 30
3 9 5 1 100 0.75 4 607 133 158 112 86 137 43 26
3 9 5 1 100 0.75 4 608 136 160 110 91 138 44 26
3 9 5 1 100 0.75 4 609 141 163 113 94 138 44 29
3 9 5 1 100 0.75 4 610 144 165 115 98 139 45 30
3 9 5 1 100 0.75 4 611 146 167 118 101 140 46 34
3 9 5 1 100 0.75 4 612 148 170 124 103 140 46 38
3 9 5 1 100 0.75 4 613 151 172 120 104 141 47 39
3 9 5 1 100 0.75 4 614 155 174 126 106 142 48 40
3 9 5 1 100 0.75 4 615 158 175 122 108 144 50 41
3 9 5 1 100 0.75 4 616 164 174 123 107 148 54 41
3 9 5 1 100 0.75 4 617 169 175 122 111 150 56 42
3 9 5 1 100 0.75 4 618 172 175 115 113 153 59 40
3 9 5 1 100 0.75 4 619 173 178 125 116 153 59 42
3 9 5 1 100 0.75 4 620 175 179 125 116 155 61 43
3 9 5 1 100 0.75 4 621 178 179 117 115 158 64 42
3 9 5 1 100 0.75 4 622 180 180 130 116 160 66 44
3 9 5 1 100 0.75 4 623 184 181 126 117 162 68 43
3 9 5 1 100 0.75 4 624 191 182 126 119 164 70 44
3 9 5 1 100 0.75 4 625 194 184 130 125 164 71 49
3 9 5 1 100 0.75 4 626 196 186 132 127 165 72 49
3 9 5 1 100 0.75 4 627 197 188 135 128 166 73 51
3 9 5 1 100 0.75 4 628 204 188 129 126 169 76 49
3 9 5 1 100 0.75 4 629 207 187 120 129 172 80 48
3 9 5 1 100 0.75 4 630 214 185 123 127 177 85 47
3 9 5 1 100 0.75 4 631 215 184 122 130 181 89 49
3 9 5 1 100 0.75 4 632 215 187 135 131 181 89 52
3 9 5 1 100 0.75 4 633 220 186 123 127 185 93 51
3 9 5 1 100 0.75 4 634 221 185 122 128 189 97 48
3 9 5 1 100 0.75 4 635 228 187 120 128 190 98 52
3 9 5 1 100 0.75 4 636 233 186 120 131 194 102 49
3 9 5 1 100 0.75 4 637 237 188 121 135 195 103 52
3 9 5 1 100 0.75 4 638 241 188 124 136 196 106 55
3 9 5 1 100 0.75 4 639 241 188 123 138 199 109 52
3 9 5 1 100 0.75 4 640 246 188 115 135 202 112 51
3 9 5 1 100 0.75 4 641 249 190 119 140 203 113 52
3 9 5 1 100 0.75 4 642 251 190 120 140 206 116 54
3 9 5 1 100 0.75 4 643 261 190 121 139 209 119 57
3 9 5 1 100 0.75 4 644 267 192 116 148 210 120 60
3 9 5 1 100 0.75 4 645 270 190 118 149 214 125 58
3 9 5 1 100 0.75 4 646 273 190 119 149 217 128 55
3 9 5 1 100 0.75 4 647 273 189 109 150 221 132 51
3 9 5 1 100 0.75 4 648 277 189 118 148 224 135 53
3 9 5 1 100 0.75 4 649 282 188 112 148 228 139 51
3 9 5 1 100 0.75 4 650 285 190 112 152 228 140 54
3 9 5 1 100 0.75 4 651 289 190 118 152 231 143 55
3 9 5 1 100 0.75 4 652 296 191 111 155 233 145 57
3 9 5 1 100 0.75 4 653 300 190 119 158 237 149 54
3 9 5 1 100 0.75 4 654 304 191 116 160 239 151 55
3 9 5 1 100 0.75 4 655 307 188 96 158 245 157 49
3 9 5 1 100 0.75 4 656 310 187 114 157 249 161 48
3 9 5 1 100 0.75 4 657 313 188 108 158 251 163 50
3 9 5 1 100 0.75 4 658 314 187 109 157 255 167 48
3 9 5 1 100 0.75 4 659 318 184 100 152 261 173 46
3 9 5 1 100 0.75 4 660 322 182 105 152 264 178 49
3 9 5 1 100 0.75 4 661 327 185 100 156 264 178 50
3 9 5 1 100 0.75 4 662 327 186 113 160 266 180 53
3 9 5 1 100 0.75 4 663 329 188 112 160 267 181 52
3 9 5 1 100 0.75 4 664 333 190 114 161 268 182 53
3 9 5 1 100 0.75 4 665 334 192 111 165 269 183 54
3 9 5 1 100 0.75 4 666 338 189 110 161 275 189 48
3 9 5 1 100 0.75 4 667 342 186 98 161 281 195 47
3 9 5 1 100 0.75 4 668 344 188 111 164 282 196 50
3 9 5 1 100 0.75 4 669 346 190 103 165 283 197 53
3 9 5 1 100 0.75 4 670 351 189 101 163 287 201 49
3 9 5 1 100 0.75 4 671 352 190 106 166 289 203 52
3 9 5 1 100 0.75 4 672 358 191 98 165 291 205 51
3 9 5 1 100 0.75 4 673 359 193 93 171 292 206 54
3 9 5 1 100 0.75 4 674 361 190 98 166 298 212 51
3 9 5 1 100 0.75 4 675 363 191 99 167 300 214 53
3 9 5 1 100 0.75 4 676 365 188 102 164 306 220 50
3 9 5 1 100 0.75 4 677 370 188 99 163 309 223 48
3 9 5 1 100 0.75 4 678 372 188 102 166 312 226 48
3 9 5 1 100 0.75 4 679 372 188 102 166 314 229 48
3 9 5 1 100 0.75 4 680 374 190 107 167 315 230 48
3 9 5 1 100 0.75 4 681 377 192 103 168 316 231 50
3 9 5 1 100 0.75 4 682 377 191 106 167 320 235 49
3 9 5 1 100 0.75 4 683 381 191 104 165 323 238 47
3 9 5 1 100 0.75 4 684 383 190 101 165 327 242 46
3 9 5 1 100 0.75 4 685 385 189 101 165 331 246 45
3 9 5 1 100 0.75 4 686 386 191 97 167 332 247 47
3 9 5 1 100 0.75 4 687 386 191 99 167 335 250 46
3 9 5 1 100 0.75 4 688 389 192 103 166 336 252 47
3 9 5 1 100 0.75 4 689 390 191 96 166 340 256 45
3 9 5 1 100 0.75 4 690 391 192 92 167 342 258 44
3 9 5 1 100 0.75 4 690 391 192 192 167 384 258 44
3 9 5 1 100 0.75 4 720 391 192 192 167 97 258 44
3 9 5 1 100 0.75 5 721 0 3 3 0 97 0 0
3 9 5 1 100 0.75 5 722 0 6 6 0 97 0 0
3 9 5 1 100 0.75 5 723 0 9 9 0 97 0 0
3 9 5 1 100 0.75 5 724 0 12 12 0 97 0 0
3 9 5 1 100 0.75 5 725 0 15 15 0 97 0 0
3 9 5 1 100 0.75 5 726 0 18 18 0 97 0 0
3 9 5 1 100 0.75 5 727 0 21 21 0 97 0 0
3 9 5 1 100 0.75 5 728 0 24 24 0 97 0 0
3 9 5 1 100 0.75 5 729 0 27 27 0 97 0 0
3 9 5 1 100 0.75 5 730 1 30 29 0 97 0 0
3 9 5 1 100 0.75 5 731 2 33 31 1 97 0 0
3 9 5 1 100 0.75 5 732 2 36 34 2 97 0 0
3 9 5 1 100 0.75 5 733 2 39 37 2 97 0 0
3 9 5 1 100 0.75 5 734 4 42 38 2 97 0 0
3 9 5 1 100 0.75 5 735 6 45 38 4 97 0 0
3 9 5 1 100 0.75 5 736 8 48 39 6 97 0 0
3 9 5 1 100 0.75 5 737 10 51 39 8 97 0 0
3 9 5 1 100 0.75 5 738 11 54 44 10 97 0 1
3 9 5 1 100 0.75 5 739 13 57 44 11 97 0 2
3 9 5 1 100 0.75 5 740 13 60 49 13 97 0 2
3 9 5 1 100 0.75 5 741 13 63 50 13 97 0 2
3 9 5 1 100 0.75 5 742 14 66 57 13 97 0 6
3 9 5 1 100 0.75 5 743 16 69 57 14 96 0 6
3 9 5 1 100 0.75 5 744 18 72 61 16 96 0 8
3 9 5 1 100 0.75 5 745 19 75 64 18 96 0 9
3 9 5 1 100 0.75 5 746 19 78 70 19 96 0 12
3 9 5 1 100 0.75 5 747 20 81 67 19 96 0 12
3 9 5 1 100 0.75 5 748 24 84 69 20 96 0 12
3 9 5 1 100 0.75 5 749 25 87 69 24 96 0 12
3 9 5 1 100 0.75 5 750 27 90 72 25 96 0 13
3 9 5 1 100 0.75 5 751 30 93 75 27 96 0 16
3 9 5 1 100 0.75 5 752 34 96 74 30 96 0 16
3 9 5 1 100 0.75 5 753 37 99 78 34 96 0 17
3 9 5 1 100 0.75 5 754 40 101 77 36 97 1 16
3 9 5 1 100 0.75 5 755 42 104 80 39 97 1 17
3 9 5 1 100 0.75 5 756 42 107 85 41 97 1 19
3 9 5 1 100 0.75 5 757 43 110 87 41 97 1 21
3 9 5 1 100 0.75 5 758 44 113 91 42 97 1 23
3 9 5 1 100 0.75 5 759 46 114 91 41 99 3 24
3 9 5 1 100 0.75 5 760 48 117 98 43 99 3 28
3 9 5 1 100 0.75 5 761 52 118 95 43 101 5 29
3 9 5 1 100 0.75 5 762 54 117 97 43 105 9 27
3 9 5 1 100 0.75 5 763 56 119 94 44 106 10 26
3 9 5 1 100 0.75 5 764 61 120 92 44 108 12 24
3 9 5 1 100 0.75 5 765 64 123 94 49 108 12 25
3 9 5 1 100 0.75 5 766 66 125 98 51 109 13 25
3 9 5 1 100 0.75 5 767 66 127 100 52 110 14 27
3 9 5 1 100 0.75 5 768 69 129 100 51 111 15 27
3 9 5 1 100 0.75 5 769 71 131 103 53 112 16 30
3 9 5 1 100 0.75 5 770 74 134 103 55 112 16 32
3 9 5 1 100 0.75 5 771 79 137 108 58 112 16 34
3 9 5 1 100 0.75 5 772 81 140 109 63 112 16 38
3 9 5 1 100 0.75 5 773 88 139 108 61 116 20 36
3 9 5 1 100 0.75 5 774 88 138 105 64 120 24 32
3 9 5 1 100 0.75 5 775 92 140 106 63 121 25 31
3 9 5 1 100 0.75 5 776 96 142 104 66 122 26 33
3 9 5 1 100 0.75 5 777 99 144 111 69 123 27 35
3 9 5 1 100 0.75 5 778 100 144 111 69 126 30 35
3 9 5 1 100 0.75 5 779 102 143 113 66 130 34 34
3 9 5 1 100 0.75 5 780 104 144 120 66 132 36 36
3 9 5 1 100 0.75 5 781 111 147 112 68 132 36 37
3 9 5 1 100 0.75 5 782 112 150 116 75 132 36 38
3 9 5 1 100 0.75 5 783 117 153 124 76 132 36 44
3 9 5 1 100 0.75 5 784 121 153 118 78 135 39 42
3 9 5 1 100 0.75 5 785 122 154 120 80 137 41 43
3 9 5 1 100 0.75 5 786 126 156 116 80 138 42 43
3 9 5 1 100 0.75 5 787 130 157 115 82 140 44 42
3 9 5 1 100 0.75 5 788 133 157 117 83 143 47 42
3 9 5 1 100 0.75 5 789 138 159 119 85 144 48 45
3 9 5 1 100 0.75 5 790 144 157 111 85 149 53 43
3 9 5 1 100 0.75 5 791 149 160 120 91 149 53 46
3 9 5 1 100 0.75 5 792 155 162 111 95 150 54 47
3 9 5 1 100 0.75 5 793 158 161 118 97 154 58 45
3 9 5 1 100 0.75 5 794 162 161 108 97 157 61 44
3 9 5 1 100 0.75 5 795 170 162 110 99 159 63 45
3 9 5 1 100 0.75 5 796 171 162 108 104 162 66 42
3 9 5 1 100 0.75 5 797 175 163 117 104 164 68 47
3 9 5 1 100 0.75 5 798 179 162 109 104 168 72 48
3 9 5 1 100 0.75 5 799 183 164 112 107 169 73 49
3 9 5 1 100 0.75 5 800 188 163 114 107 173 77 50
3 9 5 1 100 0.75 5 801 190 165 113 112 174 78 53
3 9 5 1 100 0.75 5 802 197 166 115 112 176 80 54
3 9 5 1 100 0.75 5 803 200 163 114 114 182 86 52
3 9 5 1 100 0.75 5 804 203 166 112 117 182 86 53
3 9 5 1 100 0.75 5 805 208 166 109 117 185 89 51
3 9 5 1 100 0.75 5 806 209 167 109 120 187 91 54
3 9 5 1 100 0.75 5 807 214 167 110 119 190 94 55
3 9 5 1 100 0.75 5 808 216 166 114 122 194 98 53
3 9 5 1 100 0.75 5 809 223 167 108 122 196 100 55
3 9 5 1 100 0.75 5 810 226 169 112 128 197 101 60
3 9 5 1 100 0.75 5 811 229 169 112 128 200 104 58
3 9 5 1 100 0.75 5 812 233 171 111 130 201 105 61
3 9 5 1 100 0.75 5 813 242 169 105 129 206 110 58
3 9 5 1 100 0.75 5 814 245 172 100 138 206 110 59
3 9 5 1 100 0.75 5 815 249 172 105 138 209 113 63
3 9 5 1 100 0.75 5 816 250 173 110 142 211 115 62
3 9 5 1 100 0.75 5 817 257 163 95 131 224 128 54
3 9 5 1 100 0.75 5 818 258 164 95 136 226 130 55
3 9 5 1 100 0.75 5 819 261 164 94 134 229 133 53
3 9 5 1 100 0.75 5 820 263 164 98 134 232 136 53
3 9 5 1 100 0.75 5 821 269 164 97 133 235 139 57
3 9 5 1 100 0.75 5 822 272 163 94 136 239 143 57
3 9 5 1 100 0.75 5 823 275 163 96 136 242 146 56
3 9 5 1 100 0.75 5 824 280 164 101 137 244 148 56
3 9 5 1 100 0.75 5 825 281 162 95 137 249 153 56
3 9 5 1 100 0.75 5 826 283 162 99 135 252 156 53
3 9 5 1 100 0.75 5 827 287 162 94 134 254 159 53
3 9 5 1 100 0.75 5 828 288 164 96 137 255 160 56
3 9 5 1 100 0.75 5 829 291 165 96 136 257 162 58
3 9 5 1 100 0.75 5 830 294 164 96 135 261 166 57
3 9 5 1 100 0.75 5 831 296 164 96 135 264 169 55
3 9 5 1 100 0.75 5 832 300 162 88 132 269 174 55
3 9 5 1 100 0.75 5 833 300 164 93 136 270 175 57
3 9 5 1 100 0.75 5 834 303 164 94 134 273 178 56
3 9 5 1 100 0.75 5 835 307 160 95 130 280 185 51
3 9 5 1 100 0.75 5 836 310 160 87 131 283 188 51
3 9 5 1 100 0.75 5 837 314 163 92 134 283 188 53
3 9 5 1 100 0.75 5 838 315 160 81 133 289 194 50
3 9 5 1 100 0.75 5 839 317 161 92 133 291 196 52
3 9 5 1 100 0.75 5 840 320 161 92 132 293 199 51
3 9 5 1 100 0.75 5 841 321 161 85 132 296 202 49
3 9 5 1 100 0.75 5 842 325 160 90 129 300 206 48
3 9 5 1 100 0.75 5 843 326 160 88 130 303 209 49
3 9 5 1 100 0.75 5 844 328 162 98 131 304 210 51
3 9 5 1 100 0.75 5 845 330 161 86 130 308 214 48
3 9 5 1 100 0.75 5 846 332 160 98 129 312 218 46
3 9 5 1 100 0.75 5 847 335 161 80 131 314 220 46
3 9 5 1 100 0.75 5 848 336 159 84 129 319 225 44
3 9 5 1 100 0.75 5 849 338 159 81 128 322 228 43
3 9 5 1 100 0.75 5 850 340 160 78 129 324 230 44
3 9 5 1 100 0.75 5 851 344 161 80 131 326 232 44
3 9 5 1 100 0.75 5 852 348 161 83 132 329 235 43
3 9 5 1 100 0.75 5 853 351 162 82 135 331 237 45
3 9 5 1 100 0.75 5 854 352 161 83 134 335 241 41
3 9 5 1 100 0.75 5 855 353 163 78 134 336 242 45
3 9 5 1 100 0.75 5 856 358 161 73 130 341 247 42
3 9 5 1 100 0.75 5 857 363 161 74 133 344 250 41
3 9 5 1 100 0.75 5 858 363 162 80 136 346 252 41
3 9 5 1 100 0.75 5 859 365 164 80 136 347 253 42
3 9 5 1 100 0.75 5 860 369 162 80 134 352 258 39
3 9 5 1 100 0.75 5 861 373 164 82 137 353 259 40
3 9 5 1 100 0.75 5 862 375 163 82 139 357 263 36
3 9 5 1 100 0.75 5 863 379 165 79 140 358 264 38
3 9 5 1 100 0.75 5 864 382 165 79 141 361 267 39
3 9 5 1 100 0.75 5 865 382 167 79 143 362 268 41
3 9 5 1 100 0.75 5 866 384 167 70 143 365 271 39
3 9 5 1 100 0.75 5 867 387 169 80 145 365 272 40
3 9 5 1 100 0.75 5 868 388 170 86 147 367 274 45
3 9 5 1 100 0.75 5 869 391 171 93 146 369 276 44
3 9 5 1 100 0.75 5 870 394 168 85 144 375 282 39
3 9 5 1 100 0.75 5 870 394 168 168 144 414 282 39
3 9 5 1 100 0.75 5 900 394 168 168 144 98 282 39
3 9 5 1 100 0.75 6 901 0 3 3 0 98 0 0
3 9 5 1 100 0.75 6 902 0 6 6 0 98 0 0
3 9 5 1 100 0.75 6 903 0 9 9 0 98 0 0
3 9 5 1 100 0.75 6 904 0 12 12 0 98 0 0
3 9 5 1 100 0.75 6 905 0 15 15 0 98 0 0
3 9 5 1 100 0.75 6 906 0 18 18 0 98 0 0
3 9 5 1 100 0.75 6 907 0 21 21 0 98 0 0
3 9 5 1 100 0.75 6 908 0 24 23 0 98 0 0
3 9 5 1 100 0.75 6 909 1 27 26 0 98 0 0
3 9 5 1 100 0.75 6 910 1 30 28 1 98 0 0
3 9 5 1 100 0.75 6 911 2 33 29 1 98 0 0
3 9 5 1 100 0.75 6 912 2 36 33 2 98 0 0
3 9 5 1 100 0.75 6 913 3 39 35 2 98 0 0
3 9 5 1 100 0.75 6 914 5 42 35 3 98 0 0
3 9 5 1 100 0.75 6 915 6 45 38 5 98 0 0
3 9 5 1 100 0.75 6 916 9 48 38 6 98 0 0
3 9 5 1 100 0.75 6 917 11 51 40 9 98 0 0
3 9 5 1 100 0.75 6 918 13 54 41 11 98 0 0
3 9 5 1 100 0.75 6 919 16 57 42 13 98 0 1
3 9 5 1 100 0.75 6 920 17 60 44 16 98 0 1
3 9 5 1 100 0.75 6 921 19 63 45 17 98 0 2
3 9 5 1 100 0.75 6 922 19 66 50 19 98 0 3
3 9 5 1 100 0.75 6 923 23 69 51 19 98 0 4
3 9 5 1 100 0.75 6 924 23 72 58 23 98 0 6
3 9 5 1 100 0.75 6 925 25 75 59 23 98 0 7
3 9 5 1 100 0.75 6 926 25 78 64 25 97 0 10
3 9 5 1 100 0.75 6 927 29 81 63 25 97 0 12
3 9 5 1 100 0.75 6 928 31 84 65 29 97 0 12
3 9 5 1 100 0.75 6 929 34 87 67 31 97 0 14
3 9 5 1 100 0.75 6 930 34 90 72 34 97 0 16
3 9 5 1 100 0.75 6 931 37 93 75 34 97 0 18
3 9 5 1 100 0.75 6 932 37 96 77 37 97 0 19
3 9 5 1 100 0.75 6 933 40 99 78 37 97 0 20
3 9 5 1 100 0.75 6 934 42 102 79 40 97 0 21
3 9 5 1 100 0.75 6 935 44 105 87 42 97 0 24
3 9 5 1 100 0.75 6 936 46 108 86 44 97 0 26
3 9 5 1 100 0.75 6 937 48 110 89 45 98 1 27
3 9 5 1 100 0.75 6 938 52 112 83 46 99 2 26
3 9 5 1 100 0.75 6 939 57 115 91 50 99 2 26
3 9 5 1 100 0.75 6 940 60 117 90 54 100 3 28
3 9 5 1 100 0.75 6 941 62 119 91 56 101 4 28
3 9 5 1 100 0.75 6 942 65 120 91 56 103 6 27
3 9 5 1 100 0.75 6 943 68 122 94 58 104 7 29
3 9 5 1 100 0.75 6 944 70 121 90 57 108 11 25
3 9 5 1 100 0.75 6 945 73 123 93 58 109 12 27
3 9 5 1 100 0.75 6 946 75 124 94 59 111 14 27
3 9 5 1 100 0.75 6 947 79 126 97 60 112 15 30
3 9 5 1 100 0.75 6 948 86 128 94 63 113 16 30
3 9 5 1 100 0.75 6 949 88 129 93 68 115 18 29
3 9 5 1 100 0.75 6 950 90 132 100 70 115 18 32
3 9 5 1 100 0.75 6 951 92 133 100 70 117 20 31
3 9 5 1 100 0.75 6 952 95 133 101 69 120 23 32
3 9 5 1 100 0.75 6 953 100 133 95 69 123 26 29
3 9 5 1 100 0.75 6 954 102 136 98 75 123 26 32
3 9 5 1 100 0.75 6 955 106 138 103 76 124 27 33
3 9 5 1 100 0.75 6 956 111 139 104 78 126 29 34
3 9 5 1 100 0.75 6 957 115 140 100 81 128 31 34
3 9 5 1 100 0.75 6 958 116 142 101 84 129 32 35
3 9 5 1 100 0.75 6 959 118 142 102 83 132 35 32
3 9 5 1 100 0.75 6 960 122 144 105 84 133 36 32
3 9 5 1 100 0.75 6 961 125 145 105 86 135 38 32
3 9 5 1 100 0.75 6 962 127 147 105 88 136 39 35
3 9 5 1 100 0.75 6 963 129 148 111 88 138 41 35
3 9 5 1 100 0.75 6 964 132 149 108 88 140 43 36
3 9 5 1 100 0.75 6 965 141 151 103 90 141 44 39
3 9 5 1 100 0.75 6 966 144 150 104 95 145 48 35
3 9 5 1 100 0.75 6 967 149 150 103 95 148 51 36
3 9 5 1 100 0.75 6 968 152 153 104 100 148 51 38
3 9 5 1 100 0.75 6 969 158 152 101 99 151 55 35
3 9 5 1 100 0.75 6 970 162 155 103 105 151 55 36
3 9 5 1 100 0.75 6 971 163 156 98 107 153 57 36
3 9 5 1 100 0.75 6 972 168 158 98 107 153 58 40
3 9 5 1 100 0.75 6 973 172 157 104 108 157 62 40
3 9 5 1 100 0.75 6 974 176 160 100 113 157 62 43
3 9 5 1 100 0.75 6 975 177 161 110 115 159 64 46
3 9 5 1 100 0.75 6 976 182 162 108 114 161 66 45
3 9 5 1 100 0.75 6 977 186 164 118 118 162 67 50
3 9 5 1 100 0.75 6 978 188 165 108 120 164 69 49
3 9 5 1 100 0.75 6 979 192 165 115 119 167 72 50
3 9 5 1 100 0.75 6 980 197 166 111 121 169 74 49
3 9 5 1 100 0.75 6 981 198 166 114 123 172 77 50
3 9 5 1 100 0.75 6 982 200 166 117 121 175 80 49
3 9 5 1 100 0.75 6 983 203 168 110 123 176 81 49
3 9 5 1 100 0.75 6 984 207 169 114 125 178 83 50
3 9 5 1 100 0.75 6 985 213 168 112 125 182 87 50
3 9 5 1 100 0.75 6 986 218 169 109 129 184 89 49
3 9 5 1 100 0.75 6 987 221 168 110 130 188 93 50
3 9 5 1 100 0.75 6 988 223 169 111 131 190 95 51
3 9 5 1 100 0.75 6 989 225 169 110 130 193 98 50
3 9 5 1 100 0.75 6 990 226 170 108 130 195 100 51
3 9 5 1 100 0.75 6 991 230 169 108 128 199 104 49
3 9 5 1 100 0.75 6 992 233 170 116 130 201 106 50
3 9 5 1 100 0.75 6 993 235 165 107 126 209 114 45
3 9 5 1 100 0.75 6 994 241 168 109 129 208 114 46
3 9 5 1 100 0.75 6 995 243 170 98 134 209 115 46
3 9 5 1 100 0.75 6 996 246 171 112 134 211 117 45
3 9 5 1 100 0.75 6 997 250 170 101 133 215 121 43
3 9 5 1 100 0.75 6 998 252 172 102 137 216 122 45
3 9 5 1 100 0.75 6 999 257 167 100 132 224 130 40
3 9 5 1 100 0.75 6 1000 260 169 100 136 225 131 43
3 9 5 1 100 0.75 6 1001 263 171 105 138 226 132 47
3 9 5 1 100 0.75 6 1002 265 172 102 139 228 134 47
3 9 5 1 100 0.75 6 1003 268 172 100 138 231 137 46
3 9 5 1 100 0.75 6 1004 274 173 109 139 233 139 47
3 9 5 1 100 0.75 6 1005 277 172 99 141 237 143 46
3 9 5 1 100 0.75 6 1006 278 172 105 141 239 146 46
3 9 5 1 100 0.75 6 1007 282 173 102 141 241 148 47
3 9 5 1 100 0.75 6 1008 287 172 95 141 245 152 47
3 9 5 1 100 0.75 6 1009 289 173 92 145 247 154 46
3 9 5 1 100 0.75 6 1010 292 175 98 146 247 155 47
3 9 5 1 100 0.75 6 1011 295 176 92 147 249 157 48
3 9 5 1 100 0.75 6 1012 299 177 103 148 251 159 51
3 9 5 1 100 0.75 6 1013 300 177 99 149 254 162 49
3 9 5 1 100 0.75 6 1014 302 178 97 149 256 164 51
3 9 5 1 100 0.75 6 1015 305 178 99 149 259 167 51
3 9 5 1 100 0.75 6 1016 309 178 96 151 262 170 50
3 9 5 1 100 0.75 6 1017 310 179 103 153 264 172 49
3 9 5 1 100 0.75 6 1018 311 178 97 151 268 176 48
3 9 5 1 100 0.75 6 1019 314 179 101 150 270 178 47
3 9 5 1 100 0.75 6 1020 318 175 90 146 277 185 41
3 9 5 1 100 0.75 6 1021 321 178 94 151 277 185 43
3 9 5 1 100 0.75 6 1022 324 178 96 151 280 188 45
3 9 5 1 100 0.75 6 1023 325 178 92 151 283 191 44
3 9 5 1 100 0.75 6 1024 328 180 107 155 284 192 48
3 9 5 1 100 0.75 6 1025 332 181 96 156 286 194 47
3 9 5 1 100 0.75 6 1026 332 181 105 157 288 197 44
3 9 5 1 100 0.75 6 1027 334 179 99 153 293 202 42
3 9 5 1 100 0.75 6 1028 337 179 95 152 296 205 42
3 9 5 1 100 0.75 6 1029 341 180 95 153 298 207 43
3 9 5 1 100 0.75 6 1030 345 177 95 151 304 213 41
3 9 5 1 100 0.75 6 1031 346 178 98 153 306 215 41
3 9 5 1 100 0.75 6 1032 349 179 91 152 308 217 40
3 9 5 1 100 0.75 6 1033 354 180 90 154 310 219 40
3 9 5 1 100 0.75 6 1034 355 182 100 158 311 220 40
3 9 5 1 100 0.75 6 1035 359 183 98 157 313 222 40
3 9 5 1 100 0.75 6 1036 360 184 96 159 315 224 39
3 9 5 1 100 0.75 6 1037 362 186 101 159 316 225 41
3 9 5 1 100 0.75 6 1038 363 186 94 160 319 228 40
3 9 5 1 100 0.75 6 1039 363 187 95 161 321 230 39
3 9 5 1 100 0.75 6 1040 363 189 98 162 322 231 40
3 9 5 1 100 0.75 6 1041 366 188 100 161 326 235 39
3 9 5 1 100 0.75 6 1042 371 186 94 160 331 240 36
3 9 5 1 100 0.75 6 1043 372 187 101 163 333 242 35
3 9 5 1 100 0.75 6 1044 373 188 93 162 335 244 35
3 9 5 1 100 0.75 6 1045 376 190 101 164 336 245 37
3 9 5 1 100 0.75 6 1046 377 191 83 166 337 247 38
3 9 5 1 100 0.75 6 1047 381 194 103 168 336 247 40
3 9 5 1 100 0.75 6 1048 384 193 96 168 340 251 38
3 9 5 1 100 0.75 6 1049 388 193 96 170 343 254 38
3 9 5 1 100 0.75 6 1050 388 193 100 172 346 257 39
3 9 5 1 100 0.75 6 1050 388 193 193 172 384 257 39
3 9 5 1 100 0.75 6 1080 388 193 193 172 97 257 39
3 9 5 1 100 0.75 7 1081 0 3 3 0 97 0 0
3 9 5 1 100 0.75 7 1082 0 6 6 0 97 0 0
3 9 5 1 100 0.75 7 1083 0 9 9 0 97 0 0
3 9 5 1 100 0.75 7 1084 0 12 12 0 97 0 0
3 9 5 1 100 0.75 7 1085 0 15 15 0 97 0 0
3 9 5 1 100 0.75 7 1086 0 18 18 0 97 0 0
3 9 5 1 100 0.75 7 1087 0 21 21 0 97 0 0
3 9 5 1 100 0.75 7 1088 0 24 24 0 97 0 0
3 9 5 1 100 0.75 7 1089 0 27 27 0 97 0 0
3 9 5 1 100 0.75 7 1090 0 30 29 0 97 0 0
3 9 5 1 100 0.75 7 1091 1 33 32 0 97 0 0
3 9 5 1 100 0.75 7 1092 2 36 34 1 97 0 0
3 9 5 1 100 0.75 7 1093 3 39 36 2 97 0 0
3 9 5 1 100 0.75 7 1094 3 42 38 3 97 0 0
3 9 5 1 100 0.75 7 1095 4 45 41 3 97 0 0
3 9 5 1 100 0.75 7 1096 8 48 40 4 97 0 0
3 9 5 1 100 0.75 7 1097 8 51 43 8 97 0 0
3 9 5 1 100 0.75 7 1098 9 54 45 8 97 0 0
3 9 5 1 100 0.75 7 1099 10 57 48 9 97 0 1
3 9 5 1 100 0.75 7 1100 11 60 51 10 97 0 3
3 9 5 1 100 0.75 7 1101 12 63 52 11 97 0 3
3 9 5 1 100 0.75 7 1102 14 66 52 12 97 0 3
3 9 5 1 100 0.75 7 1103 17 69 54 14 97 0 3
3 9 5 1 100 0.75 7 1104 21 72 54 17 97 0 6
3 9 5 1 100 0.75 7 1105 21 75 61 21 97 0 7
3 9 5 1 100 0.75 7 1106 23 78 61 21 97 0 8
3 9 5 1 100 0.75 7 1107 24 81 65 23 97 0 8
3 9 5 1 100 0.75 7 1108 25 84 66 24 97 0 9
3 9 5 1 100 0.75 7 1109 26 87 69 25 97 0 11
3 9 5 1 100 0.75 7 1110 27 90 73 26 97 0 12
3 9 5 1 100 0.75 7 1111 29 93 79 27 97 0 15
3 9 5 1 100 0.75 7 1112 31 96 83 29 97 0 16
3 9 5 1 100 0.75 7 1113 34 99 82 31 97 0 18
3 9 5 1 100 0.75 7 1114 34 101 84 33 98 1 17
3 9 5 1 100 0.75 7 1115 36 104 88 33 98 1 19
3 9 5 1 100 0.75 7 1116 39 106 89 34 99 2 19
3 9 5 1 100 0.75 7 1117 41 109 88 37 99 2 20
3 9 5 1 100 0.75 7 1118 43 112 94 39 99 2 21
3 9 5 1 100 0.75 7 1119 45 114 94 40 99 3 20
3 9 5 1 100 0.75 7 1120 49 117 95 42 99 3 22
3 9 5 1 100 0.75 7 1121 52 120 97 46 99 3 22
3 9 5 1 100 0.75 7 1122 54 121 98 47 101 5 20
3 9 5 1 100 0.75 7 1123 57 124 98 49 100 5 22
3 9 5 1 100 0.75 7 1124 57 124 104 49 103 8 20
3 9 5 1 100 0.75 7 1125 62 125 100 47 105 10 18
3 9 5 1 100 0.75 7 1126 62 126 98 50 107 12 18
3 9 5 1 100 0.75 7 1127 65 128 103 49 108 13 20
3 9 5 1 100 0.75 7 1128 67 129 108 50 110 15 22
3 9 5 1 100 0.75 7 1129 71 131 108 51 111 16 23
3 9 5 1 100 0.75 7 1130 77 133 107 54 112 17 23
3 9 5 1 100 0.75 7 1131 82 134 103 58 114 19 23
3 9 5 1 100 0.75 7 1132 87 136 99 62 115 20 25
3 9 5 1 100 0.75 7 1133 87 139 108 67 115 20 26
3 9 5 1 100 0.75 7 1134 89 142 109 67 115 20 27
3 9 5 1 100 0.75 7 1135 91 143 105 67 117 22 25
3 9 5 1 100 0.75 7 1136 97 146 108 70 117 22 28
3 9 5 1 100 0.75 7 1137 102 148 108 75 118 23 31
3 9 5 1 100 0.75 7 1138 103 149 113 78 120 25 32
3 9 5 1 100 0.75 7 1139 107 151 111 78 121 26 34
3 9 5 1 100 0.75 7 1140 112 154 116 83 121 26 37
3 9 5 1 100 0.75 7 1141 115 157 115 88 121 26 38
3 9 5 1 100 0.75 7 1142 117 159 112 90 122 27 39
3 9 5 1 100 0.75 7 1143 120 160 123 90 124 29 42
3 9 5 1 100 0.75 7 1144 124 161 119 91 126 31 44
3 9 5 1 100 0.75 7 1145 125 163 127 94 126 32 43
3 9 5 1 100 0.75 7 1146 129 161 113 90 131 37 40
3 9 5 1 100 0.75 7 1147 132 160 117 90 135 41 40
3 9 5 1 100 0.75 7 1148 136 162 121 92 136 42 44
3 9 5 1 100 0.75 7 1149 142 164 122 95 137 43 46
3 9 5 1 100 0.75 7 1150 144 166 117 100 138 44 48
3 9 5 1 100 0.75 7 1151 146 168 127 101 139 45 50
3 9 5 1 100 0.75 7 1152 149 167 122 99 143 49 48
3 9 5 1 100 0.75 7 1153 151 167 118 99 146 52 47
3 9 5 1 100 0.75 7 1154 155 167 124 98 149 55 46
3 9 5 1 100 0.75 7 1155 158 170 126 102 148 55 51
3 9 5 1 100 0.75 7 1156 164 173 127 105 148 55 53
3 9 5 1 100 0.75 7 1157 171 172 121 107 152 59 53
3 9 5 1 100 0.75 7 1158 177 169 117 108 158 65 49
3 9 5 1 100 0.75 7 1159 181 168 113 111 162 69 48
3 9 5 1 100 0.75 7 1160 186 169 112 113 164 71 47
3 9 5 1 100 0.75 7 1161 192 171 112 117 165 72 48
3 9 5 1 100 0.75 7 1162 192 170 112 119 169 76 48
3 9 5 1 100 0.75 7 1163 199 171 112 117 171 78 49
3 9 5 1 100 0.75 7 1164 203 171 107 121 174 81 51
3 9 5 1 100 0.75 7 1165 205 171 118 122 177 84 52
3 9 5 1 100 0.75 7 1166 211 171 114 121 180 87 52
3 9 5 1 100 0.75 7 1167 213 172 117 125 182 89 53
3 9 5 1 100 0.75 7 1168 219 173 115 125 184 91 53
3 9 5 1 100 0.75 7 1169 224 174 118 129 186 93 54
3 9 5 1 100 0.75 7 1170 225 173 113 130 190 97 54
3 9 5 1 100 0.75 7 1171 230 175 119 130 191 98 55
3 9 5 1 100 0.75 7 1172 234 174 109 132 195 102 54
3 9 5 1 100 0.75 7 1173 236 173 110 132 199 106 55
3 9 5 1 100 0.75 7 1174 242 173 112 131 202 109 54
3 9 5 1 100 0.75 7 1175 244 172 108 134 206 113 54
3 9 5 1 100 0.75 7 1176 247 173 112 134 208 115 56
3 9 5 1 100 0.75 7 1177 252 173 109 135 211 118 54
3 9 5 1 100 0.75 7 1178 255 174 106 138 213 120 55
3 9 5 1 100 0.75 7 1179 257 174 108 139 216 123 54
3 9 5 1 100 0.75 7 1180 259 175 111 139 218 125 53
3 9 5 1 100 0.75 7 1181 263 171 105 135 224 132 49
3 9 5 1 100 0.75 7 1182 265 170 103 135 228 136 49
3 9 5 1 100 0.75 7 1183 269 171 106 135 230 138 50
3 9 5 1 100 0.75 7 1184 273 169 102 134 234 143 47
3 9 5 1 100 0.75 7 1185 274 170 109 136 236 145 48
3 9 5 1 100 0.75 7 1186 275 172 104 136 237 146 49
3 9 5 1 100 0.75 7 1187 277 173 102 136 239 148 47
3 9 5 1 100 0.75 7 1188 280 173 103 135 242 151 45
3 9 5 1 100 0.75 7 1189 286 174 99 136 244 153 47
3 9 5 1 100 0.75 7 1190 288 171 99 136 250 159 43
3 9 5 1 100 0.75 7 1191 295 170 99 134 254 163 41
3 9 5 1 100 0.75 7 1192 299 170 92 138 257 166 39
3 9 5 1 100 0.75 7 1193 300 171 99 140 259 168 38
3 9 5 1 100 0.75 7 1194 305 172 91 140 260 170 38
3 9 5 1 100 0.75 7 1195 307 173 99 144 262 172 38
3 9 5 1 100 0.75 7 1196 310 173 96 143 264 175 36
3 9 5 1 100 0.75 7 1197 313 174 94 144 266 177 37
3 9 5 1 100 0.75 7 1198 315 173 93 144 270 181 36
3 9 5 1 100 0.75 7 1199 319 174 99 144 271 183 39
3 9 5 1 100 0.75 7 1200 321 177 93 148 271 183 41
3 9 5 1 100 0.75 7 1201 324 175 97 145 276 188 38
3 9 5 1 100 0.75 7 1202 327 174 96 144 280 192 36
3 9 5 1 100 0.75 7 1203 329 175 92 146 282 194 35
3 9 5 1 100 0.75 7 1204 332 175 97 146 284 197 35
3 9 5 1 100 0.75 7 1205 335 177 90 148 285 198 37
3 9 5 1 100 0.75 7 1206 337 180 95 151 285 198 38
3 9 5 1 100 0.75 7 1207 339 181 90 152 287 200 39
3 9 5 1 100 0.75 7 1208 343 183 92 154 288 201 41
3 9 5 1 100 0.75 7 1209 345 184 96 157 290 203 42
3 9 5 1 100 0.75 7 1210 347 184 98 156 293 206 40
3 9 5 1 100 0.75 7 1211 351 184 97 157 296 209 41
3 9 5 1 100 0.75 7 1212 353 187 103 161 296 209 43
3 9 5 1 100 0.75 7 1213 354 187 95 160 299 212 45
3 9 5 1 100 0.75 7 1214 357 189 96 160 300 213 45
3 9 5 1 100 0.75 7 1215 358 192 96 164 300 213 49
3 9 5 1 100 0.75 7 1216 361 189 97 162 306 219 43
3 9 5 1 100 0.75 7 1217 363 187 98 161 311 224 39
3 9 5 1 100 0.75 7 1218 366 189 93 163 312 225 40
3 9 5 1 100 0.75 7 1219 368 189 101 163 315 228 39
3 9 5 1 100 0.75 7 1220 373 191 95 164 316 229 40
3 9 5 1 100 0.75 7 1221 378 191 86 166 319 232 40
3 9 5 1 100 0.75 7 1222 379 193 94 170 320 233 41
3 9 5 1 100 0.75 7 1223 383 195 89 171 321 234 43
3 9 5 1 100 0.75 7 1224 387 192 93 169 327 240 40
3 9 5 1 100 0.75 7 1225 387 193 92 171 328 242 39
3 9 5 1 100 0.75 7 1226 389 194 96 170 330 244 40
3 9 5 1 100 0.75 7 1227 392 196 93 172 331 245 43
3 9 5 1 100 0.75 7 1228 394 196 92 173 334 248 45
3 9 5 1 100 0.75 7 1229 396 198 104 174 335 249 45
3 9 5 1 100 0.75 7 1230 399 197 101 173 339 253 44
3 9 5 1 100 0.75 7 1230 399 197 197 173 383 253 44
3 9 5 1 100 0.75 7 1260 399 197 197 173 97 253 44
3 9 5 1 100 0.75 8 1261 0 3 3 0 97 0 0
3 9 5 1 100 0.75 8 1262 0 6 6 0 97 0 0
3 9 5 1 100 0.75 8 1263 0 9 9 0 97 0 0
3 9 5 1 100 0.75 8 1264 0 12 12 0 97 0 0
3 9 5 1 100 0.75 8 1265 0 15 15 0 97 0 0
3 9 5 1 100 0.75 8 1266 0 18 18 0 97 0 0
3 9 5 1 100 0.75 8 1267 0 21 20 0 97 0 0
3 9 5 1 100 0.75 8 1268 0 24 24 0 97 0 0
3 9 5 1 100 0.75 8 1269 2 27 25 0 97 0 0
3 9 5 1 100 0.75 8 1270 2 30 28 2 97 0 0
3 9 5 1 100 0.75 8 1271 2 33 31 2 97 0 0
3 9 5 1 100 0.75 8 1272 2 36 33 2 97 0 0
3 9 5 1 100 0.75 8 1273 2 39 36 2 97 0 0
3 9 5 1 100 0.75 8 1274 2 42 38 2 97 0 0
3 9 5 1 100 0.75 8 1275 4 45 41 2 97 0 0
3 9 5 1 100 0.75 8 1276 4 48 45 4 97 0 2
3 9 5 1 100 0.75 8 1277 7 51 46 4 97 0 2
3 9 5 1 100 0.75 8 1278 8 54 46 7 97 0 2
3 9 5 1 100 0.75 8 1279 11 57 48 8 97 0 2
3 9 5 1 100 0.75 8 1280 12 60 49 11 97 0 2
3 9 5 1 100 0.75 8 1281 13 63 49 12 97 0 2
3 9 5 1 100 0.75 8 1282 13 66 55 13 97 0 2
3 9 5 1 100 0.75 8 1283 18 69 52 13 97 0 3
3 9 5 1 100 0.75 8 1284 20 72 58 18 97 0 4
3 9 5 1 100 0.75 8 1285 23 75 56 20 97 0 5
3 9 5 1 100 0.75 8 1286 23 78 64 23 97 0 7
3 9 5 1 100 0.75 8 1287 24 81 66 23 97 0 9
3 9 5 1 100 0.75 8 1288 26 84 68 24 97 0 9
3 9 5 1 100 0.75 8 1289 29 87 68 26 97 0 10
3 9 5 1 100 0.75 8 1290 30 90 70 29 97 0 10
3 9 5 1 100 0.75 8 1291 33 92 74 29 98 1 14
3 9 5 1 100 0.75 8 1292 35 95 77 32 98 1 14
3 9 5 1 100 0.75 8 1293 36 98 83 34 98 1 17
3 9 5 1 100 0.75 8 1294 37 100 84 34 99 2 17
3 9 5 1 100 0.75 8 1295 39 103 84 35 99 2 18
3 9 5 1 100 0.75 8 1296 44 106 85 37 99 2 20
3 9 5 1 100 0.75 8 1297 45 109 89 42 99 2 22
3 9 5 1 100 0.75 8 1298 48 112 91 43 99 2 23
3 9 5 1 100 0.75 8 1299 53 114 91 45 100 3 25
3 9 5 1 100 0.75 8 1300 54 116 91 49 101 4 24
3 9 5 1 100 0.75 8 1301 59 119 92 50 101 4 25
3 9 5 1 100 0.75 8 1302 61 119 89 52 104 7 23
3 9 5 1 100 0.75 8 1303 65 122 92 54 104 7 27
3 9 5 1 100 0.75 8 1304 68 123 94 56 106 9 27
3 9 5 1 100 0.75 8 1305 70 125 95 58 107 10 27
3 9 5 1 100 0.75 8 1306 75 126 92 58 109 12 30
3 9 5 1 100 0.75 8 1307 75 129 98 63 109 12 32
3 9 5 1 100 0.75 8 1308 78 131 101 62 110 13 34
3 9 5 1 100 0.75 8 1309 78 134 107 65 110 13 36
3 9 5 1 100 0.75 8 1310 84 135 107 63 112 15 39
3 9 5 1 100 0.75 8 1311 89 134 101 65 116 19 35
3 9 5 1 100 0.75 8 1312 91 137 103 70 116 19 37
3 9 5 1 100 0.75 8 1313 92 140 104 72 116 19 41
3 9 5 1 100 0.75 8 1314 97 140 106 70 119 22 39
3 9 5 1 100 0.75 8 1315 98 142 106 74 120 23 39
3 9 5 1 100 0.75 8 1316 103 141 103 71 124 27 36
3 9 5 1 100 0.75 8 1317 107 143 99 75 125 28 35
3 9 5 1 100 0.75 8 1318 110 145 109 78 126 29 42
3 9 5 1 100 0.75 8 1319 113 147 104 80 127 30 43
3 9 5 1 100 0.75 8 1320 116 149 111 82 128 31 44
3 9 5 1 100 0.75 8 1321 119 149 105 82 131 34 43
3 9 5 1 100 0.75 8 1322 125 149 107 82 134 37 43
3 9 5 1 100 0.75 8 1323 129 152 108 88 134 37 44
3 9 5 1 100 0.75 8 1324 133 152 108 89 137 40 47
3 9 5 1 100 0.75 8 1325 137 148 105 86 144 47 42
3 9 5 1 100 0.75 8 1326 146 151 93 90 144 47 43
3 9 5 1 100 0.75 8 1327 149 150 97 95 148 51 42
3 9 5 1 100 0.75 8 1328 150 149 98 94 152 55 41
3 9 5 1 100 0.75 8 1329 157 151 95 95 153 56 42
3 9 5 1 100 0.75 8 1330 161 151 99 99 156 59 44
3 9 5 1 100 0.75 8 1331 164 153 95 102 157 60 45
3 9 5 1 100 0.75 8 1332 167 155 106 104 158 61 46
3 9 5 1 100 0.75 8 1333 171 156 109 105 160 63 53
3 9 5 1 100 0.75 8 1334 175 154 109 104 165 68 53
3 9 5 1 100 0.75 8 1335 179 155 107 106 167 70 52
3 9 5 1 100 0.75 8 1336 181 156 104 108 169 72 52
3 9 5 1 100 0.75 8 1337 187 158 106 109 170 73 56
3 9 5 1 100 0.75 8 1338 190 158 111 112 173 76 58
3 9 5 1 100 0.75 8 1339 195 159 108 113 175 78 57
3 9 5 1 100 0.75 8 1340 198 161 107 117 176 79 59
3 9 5 1 100 0.75 8 1341 201 162 111 118 178 81 62
3 9 5 1 100 0.75 8 1342 206 162 106 118 181 84 61
3 9 5 1 100 0.75 8 1343 212 161 106 119 185 88 58
3 9 5 1 100 0.75 8 1344 216 160 101 121 189 92 55
3 9 5 1 100 0.75 8 1345 224 160 101 122 192 95 58
3 9 5 1 100 0.75 8 1346 227 160 100 127 195 98 58
3 9 5 1 100 0.75 8 1347 230 159 95 126 199 102 55
3 9 5 1 100 0.75 8 1348 230 160 102 128 201 104 55
3 9 5 1 100 0.75 8 1349 231 159 101 124 205 108 54
3 9 5 1 100 0.75 8 1350 235 157 96 120 209 113 51
3 9 5 1 100 0.75 8 1351 238 158 101 122 211 115 56
3 9 5 1 100 0.75 8 1352 240 157 96 121 215 119 54
3 9 5 1 100 0.75 8 1353 243 154 97 117 221 125 57
3 9 5 1 100 0.75 8 1354 245 152 91 115 226 130 53
3 9 5 1 100 0.75 8 1355 249 152 95 114 229 133 52
3 9 5 1 100 0.75 8 1356 256 153 88 117 231 135 50
3 9 5 1 100 0.75 8 1357 260 154 90 122 233 137 48
3 9 5 1 100 0.75 8 1358 265 153 87 122 236 141 46
3 9 5 1 100 0.75 8 1359 268 154 87 125 238 143 46
3 9 5 1 100 0.75 8 1360 270 156 84 128 239 144 47
3 9 5 1 100 0.75 8 1361 275 156 89 127 242 147 46
3 9 5 1 100 0.75 8 1362 276 156 79 130 245 150 46
3 9 5 1 100 0.75 8 1363 278 157 93 131 247 152 49
3 9 5 1 100 0.75 8 1364 279 158 94 131 249 154 51
3 9 5 1 100 0.75 8 1365 284 157 91 129 253 158 49
3 9 5 1 100 0.75 8 1366 286 157 92 132 256 161 49
3 9 5 1 100 0.75 8 1367 286 160 99 134 256 161 54
3 9 5 1 100 0.75 8 1368 287 155 93 129 264 169 49
3 9 5 1 100 0.75 8 1369 292 154 93 126 268 173 47
3 9 5 1 100 0.75 8 1370 293 154 80 128 271 176 46
3 9 5 1 100 0.75 8 1371 297 153 82 126 275 180 43
3 9 5 1 100 0.75 8 1372 300 155 84 130 276 181 45
3 9 5 1 100 0.75 8 1373 301 155 85 130 279 184 46
3 9 5 1 100 0.75 8 1374 303 155 86 129 282 187 47
3 9 5 1 100 0.75 8 1375 305 158 89 133 282 187 48
3 9 5 1 100 0.75 8 1376 306 160 90 134 283 188 50
3 9 5 1 100 0.75 8 1377 308 161 90 133 284 190 51
3 9 5 1 100 0.75 8 1378 310 160 81 132 288 194 50
3 9 5 1 100 0.75 8 1379 312 162 95 135 289 195 52
3 9 5 1 100 0.75 8 1380 315 164 85 136 290 196 52
3 9 5 1 100 0.75 8 1381 318 165 94 139 292 198 52
3 9 5 1 100 0.75 8 1382 321 162 93 137 298 204 49
3 9 5 1 100 0.75 8 1383 323 161 87 136 302 208 45
3 9 5 1 100 0.75 8 1384 327 163 84 138 303 209 45
3 9 5 1 100 0.75 8 1385 328 165 85 142 304 210 47
3 9 5 1 100 0.75 8 1386 330 164 82 140 308 214 44
3 9 5 1 100 0.75 8 1387 334 162 78 137 313 219 42
3 9 5 1 100 0.75 8 1388 335 160 76 137 318 224 40
3 9 5 1 100 0.75 8 1389 340 161 82 136 320 226 39
3 9 5 1 100 0.75 8 1390 342 162 75 140 322 228 41
3 9 5 1 100 0.75 8 1391 343 164 83 141 322 229 41
3 9 5 1 100 0.75 8 1392 347 165 79 140 324 231 40
3 9 5 1 100 0.75 8 1393 348 164 82 141 328 235 38
3 9 5 1 100 0.75 8 1394 354 163 74 138 332 239 37
3 9 5 1 100 0.75 8 1395 354 165 88 144 333 240 40
3 9 5 1 100 0.75 8 1396 358 164 79 140 337 244 38
3 9 5 1 100 0.75 8 1397 360 164 79 141 340 247 40
3 9 5 1 100 0.75 8 1398 361 164 79 140 341 250 39
3 9 5 1 100 0.75 8 1399 362 165 87 141 343 252 37
3 9 5 1 100 0.75 8 1400 363 167 85 142 343 253 39
3 9 5 1 100 0.75 8 1401 366 167 82 141 346 256 38
3 9 5 1 100 0.75 8 1402 368 168 83 145 348 258 41
3 9 5 1 100 0.75 8 1403 369 170 80 147 349 259 43
3 9 5 1 100 0.75 8 1404 370 173 90 149 349 259 43
3 9 5 1 100 0.75 8 1405 373 172 84 146 353 263 42
3 9 5 1 100 0.75 8 1406 374 173 82 148 355 265 41
3 9 5 1 100 0.75 8 1407 376 174 94 149 357 267 42
3 9 5 1 100 0.75 8 1408 380 175 91 149 359 269 42
3 9 5 1 100 0.75 8 1409 382 175 76 151 362 272 42
3 9 5 1 100 0.75 8 1410 386 177 83 153 363 273 43
3 9 5 1 100 0.75 8 1410 386 177 177 153 406 273 43
3 9 5 1 100 0.75 8 1440 386 177 177 153 98 273 43
3 9 5 1 100 0.75 9 1441 0 3 3 0 98 0 0
3 9 5 1 100 0.75 9 1442 0 6 6 0 98 0 0
3 9 5 1 100 0.75 9 1443 0 9 9 0 98 0 0
3 9 5 1 100 0.75 9 1444 0 12 12 0 98 0 0
3 9 5 1 100 0.75 9 1445 0 15 15 0 98 0 0
3 9 5 1 100 0.75 9 1446 0 18 18 0 98 0 0
3 9 5 1 100 0.75 9 1447 0 21 21 0 98 0 0
3 9 5 1 100 0.75 9 1448 0 24 24 0 98 0 0
3 9 5 1 100 0.75 9 1449 0 27 26 0 98 0 0
3 9 5 1 100 0.75 9 1450 0 30 29 0 98 0 0
3 9 5 1 100 0.75 9 1451 1 33 32 0 98 0 0
3 9 5 1 100 0.75 9 1452 1 36 35 1 98 0 0
3 9 5 1 100 0.75 9 1453 2 39 37 1 98 0 0
3 9 5 1 100 0.75 9 1454 2 42 39 2 98 0 0
3 9 5 1 100 0.75 9 1455 4 45 41 2 98 0 0
3 9 5 1 100 0.75 9 1456 6 48 42 4 98 0 0
3 9 5 1 100 0.75 9 1457 7 51 44 6 98 0 0
3 9 5 1 100 0.75 9 1458 8 54 46 7 98 0 0
3 9 5 1 100 0.75 9 1459 9 57 49 8 98 0 1
3 9 5 1 100 0.75 9 1460 11 60 48 9 98 0 1
3 9 5 1 100 0.75 9 1461 14 63 50 11 98 0 1
3 9 5 1 100 0.75 9 1462 16 66 51 14 98 0 1
3 9 5 1 100 0.75 9 1463 17 69 55 16 98 0 4
3 9 5 1 100 0.75 9 1464 19 72 56 17 98 0 5
3 9 5 1 100 0.75 9 1465 20 75 60 19 98 0 7
3 9 5 1 100 0.75 9 1466 23 78 60 20 98 0 8
3 9 5 1 100 0.75 9 1467 25 81 63 23 98 0 10
3 9 5 1 100 0.75 9 1468 28 84 66 25 98 0 11
3 9 5 1 100 0.75 9 1469 28 87 69 28 98 0 12
3 9 5 1 100 0.75 9 1470 30 90 70 28 98 0 15
3 9 5 1 100 0.75 9 1471 33 93 73 30 97 0 16
3 9 5 1 100 0.75 9 1472 36 96 76 33 97 0 18
3 9 5 1 100 0.75 9 1473 37 99 81 36 97 0 20
3 9 5 1 100 0.75 9 1474 40 102 83 37 97 0 21
3 9 5 1 100 0.75 9 1475 42 104 82 39 98 1 21
3 9 5 1 100 0.75 9 1476 43 107 89 41 98 1 21
3 9 5 1 100 0.75 9 1477 45 110 89 42 98 1 21
3 9 5 1 100 0.75 9 1478 48 111 91 42 100 3 23
3 9 5 1 100 0.75 9 1479 54 114 90 45 100 3 26
3 9 5 1 100 0.75 9 1480 55 117 91 51 100 3 27
3 9 5 1 100 0.75 9 1481 56 119 91 51 101 4 26
3 9 5 1 100 0.75 9 1482 57 121 98 51 102 5 27
3 9 5 1 100 0.75 9 1483 59 121 95 49 105 8 25
3 9 5 1 100 0.75 9 1484 63 124 97 51 105 8 25
3 9 5 1 100 0.75 9 1485 65 126 99 54 106 9 25
3 9 5 1 100 0.75 9 1486 67 127 100 54 108 11 25
3 9 5 1 100 0.75 9 1487 70 129 109 55 109 12 31
3 9 5 1 100 0.75 9 1488 72 130 104 56 110 14 29
3 9 5 1 100 0.75 9 1489 75 131 107 56 112 16 28
3 9 5 1 100 0.75 9 1490 75 131 102 56 115 19 25
3 9 5 1 100 0.75 9 1491 76 133 110 55 116 20 27
3 9 5 1 100 0.75 9 1492 81 135 107 55 117 21 28
3 9 5 1 100 0.75 9 1493 84 136 109 58 119 23 27
3 9 5 1 100 0.75 9 1494 87 139 106 61 119 23 28
3 9 5 1 100 0.75 9 1495 87 141 114 63 120 24 31
3 9 5 1 100 0.75 9 1496 94 143 115 62 121 25 33
3 9 5 1 100 0.75 9 1497 100 145 109 68 122 26 32
3 9 5 1 100 0.75 9 1498 102 147 109 73 123 27 31
3 9 5 1 100 0.75 9 1499 106 148 109 73 125 29 29
3 9 5 1 100 0.75 9 1500 110 148 105 74 128 32 31
3 9 5 1 100 0.75 9 1501 113 150 107 77 129 33 31
3 9 5 1 100 0.75 9 1502 116 153 114 80 129 33 32
3 9 5 1 100 0.75 9 1503 119 151 107 78 134 38 30
3 9 5 1 100 0.75 9 1504 122 154 110 81 134 38 36
3 9 5 1 100 0.75 9 1505 127 154 116 81 137 41 37
3 9 5 1 100 0.75 9 1506 135 154 105 83 140 44 35
3 9 5 1 100 0.75 9 1507 139 155 108 89 142 46 37
3 9 5 1 100 0.75 9 1508 142 157 107 92 143 47 38
3 9 5 1 100 0.75 9 1509 145 160 115 95 142 47 41
3 9 5 1 100 0.75 9 1510 147 162 115 97 143 48 43
3 9 5 1 100 0.75 9 1511 149 162 113 96 146 51 41
3 9 5 1 100 0.75 9 1512 155 164 112 97 147 52 42
3 9 5 1 100 0.75 9 1513 162 166 113 102 148 53 47
3 9 5 1 100 0.75 9 1514 163 168 120 109 149 54 51
3 9 5 1 100 0.75 9 1515 169 165 120 104 155 60 48
3 9 5 1 100 0.75 9 1516 174 168 114 110 155 60 50
3 9 5 1 100 0.75 9 1517 179 169 111 113 157 62 49
3 9 5 1 100 0.75 9 1518 182 171 117 118 158 63 50
3 9 5 1 100 0.75 9 1519 186 171 115 118 161 66 48
3 9 5 1 100 0.75 9 1520 190 173 116 121 162 67 54
3 9 5 1 100 0.75 9 1521 195 173 107 122 165 70 55
3 9 5 1 100 0.75 9 1522 197 172 111 123 169 74 54
3 9 5 1 100 0.75 9 1523 199 173 111 123 171 76 53
3 9 5 1 100 0.75 9 1524 204 170 113 120 177 82 50
3 9 5 1 100 0.75 9 1525 207 170 109 122 179 85 49
3 9 5 1 100 0.75 9 1526 210 167 102 120 184 91 46
3 9 5 1 100 0.75 9 1527 212 169 104 122 185 92 47
3 9 5 1 100 0.75 9 1528 217 171 105 123 186 93 49
3 9 5 1 100 0.75 9 1529 218 174 110 128 186 93 50
3 9 5 1 100 0.75 9 1530 220 175 104 127 188 95 51
3 9 5 1 100 0.75 9 1531 224 174 108 125 192 99 49
3 9 5 1 100 0.75 9 1532 228 171 108 123 198 105 49
3 9 5 1 100 0.75 9 1533 231 172 103 125 200 107 49
3 9 5 1 100 0.75 9 1534 233 172 108 126 203 110 49
3 9 5 1 100 0.75 9 1535 237 172 105 125 206 113 50
3 9 5 1 100 0.75 9 1536 240 171 104 126 210 117 47
3 9 5 1 100 0.75 9 1537 245 170 96 126 214 121 45
3 9 5 1 100 0.75 9 1538 248 171 96 129 216 123 44
3 9 5 1 100 0.75 9 1539 255 173 96 131 217 124 46
3 9 5 1 100 0.75 9 1540 258 173 99 136 220 127 47
3 9 5 1 100 0.75 9 1541 260 172 94 135 223 131 45
3 9 5 1 100 0.75 9 1542 266 171 98 133 227 135 45
3 9 5 1 100 0.75 9 1543 270 172 95 137 229 137 47
3 9 5 1 100 0.75 9 1544 272 174 99 140 230 138 51
3 9 5 1 100 0.75 9 1545 276 174 92 139 233 141 50
3 9 5 1 100 0.75 9 1546 278 176 95 142 234 142 52
3 9 5 1 100 0.75 9 1547 281 173 90 140 240 148 52
3 9 5 1 100 0.75 9 1548 286 173 97 140 243 151 49
3 9 5 1 100 0.75 9 1549 291 174 95 143 244 153 50
3 9 5 1 100 0.75 9 1550 294 175 98 146 246 155 52
3 9 5 1 100 0.75 9 1551 297 174 94 145 250 159 50
3 9 5 1 100 0.75 9 1552 298 175 104 146 252 161 49
3 9 5 1 100 0.75 9 1553 300 177 99 146 253 162 51
3 9 5 1 100 0.75 9 1554 303 176 95 146 257 166 50
3 9 5 1 100 0.75 9 1555 306 177 98 147 259 168 52
3 9 5 1 100 0.75 9 1556 310 176 99 146 263 172 51
3 9 5 1 100 0.75 9 1557 316 177 90 148 265 174 52
3 9 5 1 100 0.75 9 1558 319 179 99 153 266 175 53
3 9 5 1 100 0.75 9 1559 321 181 92 156 267 176 54
3 9 5 1 100 0.75 9 1560 323 181 97 157 269 179 54
3 9 5 1 100 0.75 9 1561 324 179 91 154 274 184 50
3 9 5 1 100 0.75 9 1562 324 177 90 151 278 189 46
3 9 5 1 100 0.75 9 1563 326 176 93 147 282 193 46
3 9 5 1 100 0.75 9 1564 330 175 90 145 286 197 45
3 9 5 1 100 0.75 9 1565 331 175 96 147 289 200 48
3 9 5 1 100 0.75 9 1566 336 177 94 148 290 201 50
3 9 5 1 100 0.75 9 1567 337 177 107 150 293 204 48
3 9 5 1 100 0.75 9 1568 339 175 96 146 298 209 44
3 9 5 1 100 0.75 9 1569 342 177 92 148 299 210 44
3 9 5 1 100 0.75 9 1570 344 177 92 148 302 213 41
3 9 5 1 100 0.75 9 1571 348 177 94 148 305 216 40
3 9 5 1 100 0.75 9 1572 353 180 96 152 305 216 43
3 9 5 1 100 0.75 9 1573 357 178 92 152 310 221 40
3 9 5 1 100 0.75 9 1574 358 178 93 153 313 224 38
3 9 5 1 100 0.75 9 1575 363 178 88 151 315 227 39
3 9 5 1 100 0.75 9 1576 364 180 92 156 316 228 38
3 9 5 1 100 0.75 9 1577 364 183 92 158 316 228 42
3 9 5 1 100 0.75 9 1578 365 184 89 157 318 230 41
3 9 5 1 100 0.75 9 1579 369 184 88 155 321 233 40
3 9 5 1 100 0.75 9 1580 373 185 91 157 323 235 43
3 9 5 1 100 0.75 9 1581 376 181 86 154 330 242 38
3 9 5 1 100 0.75 9 1582 380 176 80 149 338 250 33
3 9 5 1 100 0.75 9 1583 381 177 87 151 340 252 36
3 9 5 1 100 0.75 9 1584 387 180 80 153 340 252 36
3 9 5 1 100 0.75 9 1585 388 182 89 159 341 253 36
3 9 5 1 100 0.75 9 1586 391 184 82 160 342 254 37
3 9 5 1 100 0.75 9 1587 394 186 85 164 342 255 38
3 9 5 1 100 0.75 9 1588 395 189 88 167 342 255 39
3 9 5 1 100 0.75 9 1589 396 190 87 167 343 257 40
3 9 5 1 100 0.75 9 1590 397 192 90 168 344 258 42
3 9 5 1 100 0.75 9 1590 397 192 192 168 386 258 42
3 9 5 1 100 0.75 9 1620 397 192 192 168 97 258 42
3 9 5 1 100 0.75 10 1621 0 3 3 0 97 0 0
3 9 5 1 100 0.75 10 1622 0 6 6 0 97 0 0
3 9 5 1 100 0.75 10 1623 0 9 9 0 97 0 0
3 9 5 1 100 0.75 10 1624 0 12 12 0 97 0 0
3 9 5 1 100 0.75 10 1625 0 15 15 0 97 0 0
3 9 5 1 100 0.75 10 1626 0 18 18 0 97 0 0
3 9 5 1 100 0.75 10 1627 0 21 20 0 97 0 0
3 9 5 1 100 0.75 10 1628 0 24 24 0 97 0 0
3 9 5 1 100 0.75 10 1629 1 27 26 0 97 0 0
3 9 5 1 100 0.75 10 1630 1 30 28 1 97 0 0
3 9 5 1 100 0.75 10 1631 1 33 32 1 97 0 0
3 9 5 1 100 0.75 10 1632 1 36 34 1 97 0 0
3 9 5 1 100 0.75 10 1633 1 39 37 1 97 0 0
3 9 5 1 100 0.75 10 1634 2 42 39 1 97 0 0
3 9 5 1 100 0.75 10 1635 3 45 42 2 97 0 0
3 9 5 1 100 0.75 10 1636 5 48 43 3 97 0 1
3 9 5 1 100 0.75 10 1637 7 51 42 5 97 0 1
3 9 5 1 100 0.75 10 1638 10 54 44 7 97 0 1
3 9 5 1 100 0.75 10 1639 11 57 46 10 97 0 1
3 9 5 1 100 0.75 10 1640 11 60 50 11 97 0 1
3 9 5 1 100 0.75 10 1641 12 63 53 11 97 0 2
3 9 5 1 100 0.75 10 1642 15 66 51 12 97 0 2
3 9 5 1 100 0.75 10 1643 18 69 55 15 97 0 5
3 9 5 1 100 0.75 10 1644 20 72 57 18 97 0 5
3 9 5 1 100 0.75 10 1645 20 75 63 20 97 0 7
3 9 5 1 100 0.75 10 1646 22 78 63 20 97 0 8
3 9 5 1 100 0.75 10 1647 27 81 64 22 97 0 9
3 9 5 1 100 0.75 10 1648 30 84 64 27 97 0 10
3 9 5 1 100 0.75 10 1649 32 87 65 30 97 0 11
3 9 5 1 100 0.75 10 1650 33 90 71 32 97 0 14
3 9 5 1 100 0.75 10 1651 35 93 76 33 97 0 18
3 9 5 1 100 0.75 10 1652 35 96 76 35 97 0 18
3 9 5 1 100 0.75 10 1653 38 98 77 34 98 1 18
3 9 5 1 100 0.75 10 1654 42 101 79 37 98 1 21
3 9 5 1 100 0.75 10 1655 43 104 83 41 98 1 24
3 9 5 1 100 0.75 10 1656 45 107 87 42 98 1 26
3 9 5 1 100 0.75 10 1657 48 109 88 43 99 2 27
3 9 5 1 100 0.75 10 1658 53 111 85 45 100 3 27
3 9 5 1 100 0.75 10 1659 54 114 90 50 100 3 27
3 9 5 1 100 0.75 10 1660 54 116 91 50 101 4 26
3 9 5 1 100 0.75 10 1661 58 119 93 50 101 4 29
3 9 5 1 100 0.75 10 1662 63 120 93 52 103 6 28
3 9 5 1 100 0.75 10 1663 64 121 93 55 105 8 27
3 9 5 1 100 0.75 10 1664 64 124 100 56 105 8 30
3 9 5 1 100 0.75 10 1665 67 126 108 55 106 9 34
3 9 5 1 100 0.75 10 1666 70 126 101 55 109 12 33
3 9 5 1 100 0.75 10 1667 70 129 106 58 109 12 33
3 9 5 1 100 0.75 10 1668 74 131 103 57 110 13 33
3 9 5 1 100 0.75 10 1669 75 131 107 58 113 16 34
3 9 5 1 100 0.75 10 1670 78 129 107 54 118 21 32
3 9 5 1 100 0.75 10 1671 81 130 100 55 120 23 31
3 9 5 1 100 0.75 10 1672 85 132 104 57 121 24 31
3 9 5 1 100 0.75 10 1673 87 132 108 58 124 27 30
3 9 5 1 100 0.75 10 1674 91 134 107 59 125 28 29
3 9 5 1 100 0.75 10 1675 93 136 107 62 126 29 30
3 9 5 1 100 0.75 10 1676 95 139 112 64 126 29 30
3 9 5 1 100 0.75 10 1677 98 141 115 65 127 30 33
3 9 5 1 100 0.75 10 1678 103 142 107 66 129 32 33
3 9 5 1 100 0.75 10 1679 105 145 107 71 129 32 33
3 9 5 1 100 0.75 10 1680 108 145 115 70 132 35 35
3 9 5 1 100 0.75 10 1681 111 146 115 71 134 37 36
3 9 5 1 100 0.75 10 1682 118 147 106 72 136 39 34
3 9 5 1 100 0.75 10 1683 122 147 106 76 139 42 34
3 9 5 1 100 0.75 10 1684 127 147 105 77 142 45 33
3 9 5 1 100 0.75 10 1685 133 147 102 79 144 48 34
3 9 5 1 100 0.75 10 1686 137 150 105 86 144 48 36
3 9 5 1 100 0.75 10 1687 141 151 98 88 146 50 35
3 9 5 1 100 0.75 10 1688 144 151 105 89 149 53 34
3 9 5 1 100 0.75 10 1689 150 153 102 91 150 54 38
3 9 5 1 100 0.75 10 1690 152 154 108 95 152 56 40
3 9 5 1 100 0.75 10 1691 153 156 109 96 153 57 42
3 9 5 1 100 0.75 10 1692 156 156 111 94 156 60 44
3 9 5 1 100 0.75 10 1693 162 159 111 97 156 60 49
3 9 5 1 100 0.75 10 1694 166 160 117 101 158 62 50
3 9 5 1 100 0.75 10 1695 169 160 115 103 161 65 50
3 9 5 1 100 0.75 10 1696 176 160 111 103 164 68 51
3 9 5 1 100 0.75 10 1697 184 163 111 110 164 68 53
3 9 5 1 100 0.75 10 1698 186 163 104 115 167 71 50
3 9 5 1 100 0.75 10 1699 186 164 114 115 169 73 50
3 9 5 1 100 0.75 10 1700 190 165 109 113 171 75 50
3 9 5 1 100 0.75 10 1701 196 167 116 116 172 76 54
3 9 5 1 100 0.75 10 1702 202 168 107 120 174 78 53
3 9 5 1 100 0.75 10 1703 205 169 112 124 176 80 55
3 9 5 1 100 0.75 10 1704 207 170 115 128 178 82 60
3 9 5 1 100 0.75 10 1705 209 168 114 125 183 87 57
3 9 5 1 100 0.75 10 1706 214 168 102 125 186 90 54
3 9 5 1 100 0.75 10 1707 217 167 108 126 190 94 52
3 9 5 1 100 0.75 10 1708 221 168 100 128 192 96 52
3 9 5 1 100 0.75 10 1709 225 165 103 127 198 102 50
3 9 5 1 100 0.75 10 1710 227 163 95 126 203 107 50
3 9 5 1 100 0.75 10 1711 229 164 102 126 205 109 51
3 9 5 1 100 0.75 10 1712 232 164 105 125 208 112 50
3 9 5 1 100 0.75 10 1713 234 163 102 124 212 116 48
3 9 5 1 100 0.75 10 1714 236 162 105 123 216 120 48
3 9 5 1 100 0.75 10 1715 241 165 101 125 216 120 49
3 9 5 1 100 0.75 10 1716 245 166 107 129 218 122 52
3 9 5 1 100 0.75 10 1717 254 165 91 129 222 126 51
3 9 5 1 100 0.75 10 1718 255 168 102 139 222 126 53
3 9 5 1 100 0.75 10 1719 256 166 99 135 227 131 49
3 9 5 1 100 0.75 10 1720 257 164 97 133 232 136 46
3 9 5 1 100 0.75 10 1721 261 166 97 134 233 137 46
3 9 5 1 100 0.75 10 1722 266 167 97 136 235 139 49
3 9 5 1 100 0.75 10 1723 270 167 98 139 238 142 50
3 9 5 1 100 0.75 10 1724 270 166 95 140 242 146 52
3 9 5 1 100 0.75 10 1725 272 168 109 140 243 147 55
3 9 5 1 100 0.75 10 1726 277 167 106 138 247 151 54
3 9 5 1 100 0.75 10 1727 277 167 105 141 250 154 52
3 9 5 1 100 0.75 10 1728 279 167 96 138 253 157 50
3 9 5 1 100 0.75 10 1729 281 164 103 136 259 163 48
3 9 5 1 100 0.75 10 1730 284 165 97 136 261 165 48
3 9 5 1 100 0.75 10 1731 290 167 98 138 262 166 52
3 9 5 1 100 0.75 10 1732 291 168 102 143 264 168 50
3 9 5 1 100 0.75 10 1733 294 167 100 141 268 172 48
3 9 5 1 100 0.75 10 1734 296 169 101 143 269 173 50
3 9 5 1 100 0.75 10 1735 299 170 102 143 269 175 50
3 9 5 1 100 0.75 10 1736 302 169 101 142 273 179 49
3 9 5 1 100 0.75 10 1737 304 170 102 144 275 181 49
3 9 5 1 100 0.75 10 1738 310 171 98 145 277 183 48
3 9 5 1 100 0.75 10 1739 311 168 97 145 283 189 48
3 9 5 1 100 0.75 10 1740 312 170 101 145 283 190 49
3 9 5 1 100 0.75 10 1741 315 170 101 143 286 193 48
3 9 5 1 100 0.75 10 1742 317 169 105 143 290 197 46
3 9 5 1 100 0.75 10 1743 319 168 97 141 293 201 44
3 9 5 1 100 0.75 10 1744 323 168 93 140 296 204 43
3 9 5 1 100 0.75 10 1745 324 168 102 142 299 207 43
3 9 5 1 100 0.75 10 1746 327 170 101 142 299 208 44
3 9 5 1 100 0.75 10 1747 330 168 90 141 304 213 40
3 9 5 1 100 0.75 10 1748 331 170 92 145 305 214 41
3 9 5 1 100 0.75 10 1749 335 169 91 142 309 218 38
3 9 5 1 100 0.75 10 1750 337 172 95 147 309 218 39
3 9 5 1 100 0.75 10 1751 338 172 92 147 312 221 43
3 9 5 1 100 0.75 10 1752 339 174 95 148 312 222 42
3 9 5 1 100 0.75 10 1753 343 174 93 147 315 225 40
3 9 5 1 100 0.75 10 1754 343 174 97 149 318 228 40
3 9 5 1 100 0.75 10 1755 344 177 90 151 318 228 42
3 9 5 1 100 0.75 10 1756 345 175 88 151 322 233 39
3 9 5 1 100 0.75 10 1757 349 175 92 150 325 236 38
3 9 5 1 100 0.75 10 1758 350 174 90 151 329 240 36
3 9 5 1 100 0.75 10 1759 353 174 85 149 332 243 34
3 9 5 1 100 0.75 10 1760 354 176 88 152 333 244 36
3 9 5 1 100 0.75 10 1761 357 176 104 150 336 247 37
3 9 5 1 100 0.75 10 1762 360 177 88 152 338 249 38
3 9 5 1 100 0.75 10 1763 361 178 93 154 340 251 39
3 9 5 1 100 0.75 10 1764 362 178 93 155 343 254 38
3 9 5 1 100 0.75 10 1765 365 181 95 156 343 254 40
3 9 5 1 100 0.75 10 1766 367 183 87 159 343 255 40
3 9 5 1 100 0.75 10 1767 368 185 99 161 344 256 43
3 9 5 1 100 0.75 10 1768 372 187 94 163 345 257 43
3 9 5 1 100 0.75 10 1769 373 189 91 167 346 258 48
3 9 5 1 100 0.75 10 1770 373 187 94 165 350 263 43
3 9 5 1 100 0.75 10 1770 373 187 187 165 390 263 43
3 9 5 1 100 0.75 10 1800 373 187 187 165 97 263 43
