2 1 5 1 100 0.75 1 1 0 2 2 0 100 0 0
2 1 5 1 100 0.75 1 2 0 4 4 0 100 0 0
2 1 5 1 100 0.75 1 3 0 6 6 0 100 0 0
2 1 5 1 100 0.75 1 4 0 8 8 0 100 0 0
2 1 5 1 100 0.75 1 5 0 10 10 0 100 0 0
2 1 5 1 100 0.75 1 6 0 12 10 0 100 0 0
2 1 5 1 100 0.75 1 7 0 14 14 0 100 0 0
2 1 5 1 100 0.75 1 8 0 16 13 0 100 0 0
2 1 5 1 100 0.75 1 9 1 18 16 0 100 0 0
2 1 5 1 100 0.75 1 10 2 20 17 1 100 0 0
2 1 5 1 100 0.75 1 11 2 22 19 2 100 0 0
2 1 5 1 100 0.75 1 12 2 24 21 2 100 0 0
2 1 5 1 100 0.75 1 13 3 26 23 2 100 0 0
2 1 5 1 100 0.75 1 14 3 28 25 3 100 0 0
2 1 5 1 100 0.75 1 15 3 30 27 3 100 0 0
2 1 5 1 100 0.75 1 16 3 32 28 3 100 0 0
2 1 5 1 100 0.75 1 17 4 34 29 3 100 0 2
2 1 5 1 100 0.75 1 18 4 36 31 4 100 0 2
2 1 5 1 100 0.75 1 19 4 38 33 4 100 0 2
2 1 5 1 100 0.75 1 20 5 40 36 4 100 0 2
2 1 5 1 100 0.75 1 21 5 42 34 5 100 0 2
2 1 5 1 100 0.75 1 22 6 44 38 5 100 0 2
2 1 5 1 100 0.75 1 23 7 46 38 6 100 0 2
2 1 5 1 100 0.75 1 24 7 48 41 7 100 0 2
2 1 5 1 100 0.75 1 25 7 50 45 7 100 0 3
2 1 5 1 100 0.75 1 26 8 52 44 7 100 0 3
2 1 5 1 100 0.75 1 27 8 54 49 8 100 0 3
2 1 5 1 100 0.75 1 28 9 56 49 8 100 0 3
2 1 5 1 100 0.75 1 29 10 58 49 9 100 0 3
2 1 5 1 100 0.75 1 30 11 60 51 10 100 0 5
2 1 5 1 100 0.75 1 31 11 62 53 11 100 0 5
2 1 5 1 100 0.75 1 32 11 64 56 11 100 0 5
2 1 5 1 100 0.75 1 33 12 65 58 10 101 1 5
2 1 5 1 100 0.75 1 34 12 67 58 11 101 1 5
2 1 5 1 100 0.75 1 35 13 68 59 10 102 2 4
2 1 5 1 100 0.75 1 36 13 70 63 11 102 2 5
2 1 5 1 100 0.75 1 37 14 72 63 11 102 2 6
2 1 5 1 100 0.75 1 38 14 74 67 12 102 2 6
2 1 5 1 100 0.75 1 39 15 76 67 12 102 2 6
2 1 5 1 100 0.75 1 40 16 78 69 13 102 2 6
2 1 5 1 100 0.75 1 41 18 79 69 13 103 3 6
2 1 5 1 100 0.75 1 42 18 81 72 15 103 3 6
2 1 5 1 100 0.75 1 43 18 83 74 15 103 3 6
2 1 5 1 100 0.75 1 44 18 85 76 15 103 3 6
2 1 5 1 100 0.75 1 45 18 87 80 15 102 3 6
2 1 5 1 100 0.75 1 46 20 88 78 14 102 4 5
2 1 5 1 100 0.75 1 47 20 90 80 16 102 4 7
2 1 5 1 100 0.75 1 48 22 92 82 16 101 4 7
2 1 5 1 100 0.75 1 49 23 94 80 18 101 4 7
2 1 5 1 100 0.75 1 50 28 95 80 18 102 5 6
2 1 5 1 100 0.75 1 51 30 97 80 23 102 5 6
2 1 5 1 100 0.75 1 52 32 98 79 24 103 6 5
2 1 5 1 100 0.75 1 53 32 99 82 25 103 7 4
2 1 5 1 100 0.75 1 54 32 101 86 25 102 7 4
2 1 5 1 100 0.75 1 55 37 103 84 25 102 7 6
2 1 5 1 100 0.75 1 56 38 104 84 29 103 8 6
2 1 5 1 100 0.75 1 57 39 106 88 30 103 8 10
2 1 5 1 100 0.75 1 58 39 108 94 31 103 8 12
2 1 5 1 100 0.75 1 59 40 110 94 31 103 8 12
2 1 5 1 100 0.75 1 60 41 112 93 32 103 8 13
2 1 5 1 100 0.75 1 61 43 113 96 32 104 9 12
2 1 5 1 100 0.75 1 62 44 115 98 34 104 9 15
2 1 5 1 100 0.75 1 63 45 117 100 35 104 9 17
2 1 5 1 100 0.75 1 64 46 118 101 35 105 10 17
2 1 5 1 100 0.75 1 65 47 120 102 36 104 10 17
2 1 5 1 100 0.75 1 66 49 121 98 36 105 11 16
2 1 5 1 100 0.75 1 67 51 123 102 38 105 11 18
2 1 5 1 100 0.75 1 68 53 125 104 40 105 11 18
2 1 5 1 100 0.75 1 69 56 127 103 42 105 11 19
2 1 5 1 100 0.75 1 70 57 129 107 45 105 11 21
2 1 5 1 100 0.75 1 71 58 130 110 45 106 12 20
2 1 5 1 100 0.75 1 72 59 131 110 45 107 13 21
2 1 5 1 100 0.75 1 73 61 132 108 45 108 14 21
2 1 5 1 100 0.75 1 74 62 133 112 46 109 15 21
2 1 5 1 100 0.75 1 75 63 132 111 44 112 18 20
2 1 5 1 100 0.75 1 76 65 133 113 44 113 19 23
2 1 5 1 100 0.75 1 77 68 134 112 45 114 20 23
2 1 5 1 100 0.75 1 78 71 136 112 48 114 20 24
2 1 5 1 100 0.75 1 79 72 137 112 50 115 21 24
2 1 5 1 100 0.75 1 80 73 137 113 49 117 23 24
2 1 5 1 100 0.75 1 81 75 137 114 48 119 25 22
2 1 5 1 100 0.75 1 82 76 138 115 49 120 26 22
2 1 5 1 100 0.75 1 83 78 139 113 49 121 27 22
2 1 5 1 100 0.75 1 84 80 141 116 51 121 27 23
2 1 5 1 100 0.75 1 85 81 142 113 52 122 28 24
2 1 5 1 100 0.75 1 86 84 143 118 52 123 29 26
2 1 5 1 100 0.75 1 87 84 143 117 53 125 31 25
2 1 5 1 100 0.75 1 88 86 144 117 52 126 32 25
2 1 5 1 100 0.75 1 89 90 144 116 52 128 34 25
2 1 5 1 100 0.75 1 90 92 146 122 56 128 34 27
2 1 5 1 100 0.75 1 91 95 146 115 56 130 36 27
2 1 5 1 100 0.75 1 92 96 145 116 56 133 39 25
2 1 5 1 100 0.75 1 93 99 146 113 56 134 40 26
2 1 5 1 100 0.75 1 94 103 147 114 59 135 41 26
2 1 5 1 100 0.75 1 95 106 148 115 62 136 42 27
2 1 5 1 100 0.75 1 96 111 148 110 63 138 44 27
2 1 5 1 100 0.75 1 97 112 150 113 68 138 44 29
2 1 5 1 100 0.75 1 98 114 150 112 67 140 46 29
2 1 5 1 100 0.75 1 99 115 150 109 67 142 48 28
2 1 5 1 100 0.75 1 100 117 150 115 66 144 50 27
2 1 5 1 100 0.75 1 101 120 150 113 66 146 52 29
2 1 5 1 100 0.75 1 102 123 150 114 67 148 54 29
2 1 5 1 100 0.75 1 103 129 151 114 69 149 55 31
2 1 5 1 100 0.75 1 104 131 152 113 75 150 56 32
2 1 5 1 100 0.75 1 105 133 153 116 76 151 57 33
2 1 5 1 100 0.75 1 106 136 154 116 77 152 58 33
2 1 5 1 100 0.75 1 107 139 156 113 80 152 58 34
2 1 5 1 100 0.75 1 108 144 155 112 80 155 61 32
2 1 5 1 100 0.75 1 109 151 154 110 82 158 64 33
2 1 5 1 100 0.75 1 110 155 155 110 88 159 65 36
2 1 5 1 100 0.75 1 111 156 156 110 91 160 66 39
2 1 5 1 100 0.75 1 112 158 158 109 92 160 66 40
2 1 5 1 100 0.75 1 113 159 159 111 93 161 67 40
2 1 5 1 100 0.75 1 114 163 158 108 91 164 70 40
2 1 5 1 100 0.75 1 115 166 159 111 94 165 71 40
2 1 5 1 100 0.75 1 116 168 157 115 93 169 75 42
2 1 5 1 100 0.75 1 117 173 155 112 91 173 79 42
2 1 5 1 100 0.75 1 118 176 154 116 93 176 82 40
2 1 5 1 100 0.75 1 119 178 156 108 96 176 82 41
2 1 5 1 100 0.75 1 120 182 155 108 95 179 85 40
2 1 5 1 100 0.75 1 121 185 155 100 97 181 87 40
2 1 5 1 100 0.75 1 122 186 157 110 100 181 87 42
2 1 5 1 100 0.75 1 123 191 157 104 99 183 89 40
2 1 5 1 100 0.75 1 124 192 156 108 101 186 92 40
2 1 5 1 100 0.75 1 125 196 155 103 99 189 95 40
2 1 5 1 100 0.75 1 126 198 156 104 103 190 96 42
2 1 5 1 100 0.75 1 127 200 155 104 102 192 99 40
2 1 5 1 100 0.75 1 128 200 155 110 102 194 101 41
2 1 5 1 100 0.75 1 129 202 153 103 98 198 105 38
2 1 5 1 100 0.75 1 130 209 154 108 99 199 106 40
2 1 5 1 100 0.75 1 131 209 154 102 104 201 108 41
2 1 5 1 100 0.75 1 132 212 153 104 102 204 111 40
2 1 5 1 100 0.75 1 133 216 154 105 104 205 112 42
2 1 5 1 100 0.75 1 134 219 150 99 102 211 118 36
2 1 5 1 100 0.75 1 135 222 149 96 102 214 121 34
2 1 5 1 100 0.75 1 136 224 147 97 101 218 125 32
2 1 5 1 100 0.75 1 137 228 148 87 103 219 126 33
2 1 5 1 100 0.75 1 138 233 150 98 108 219 126 37
2 1 5 1 100 0.75 1 139 233 149 91 110 222 129 35
2 1 5 1 100 0.75 1 140 234 149 95 108 223 131 37
2 1 5 1 100 0.75 1 141 239 151 93 110 222 131 39
2 1 5 1 100 0.75 1 142 241 151 95 113 224 133 41
2 1 5 1 100 0.75 1 143 244 151 97 114 226 135 40
2 1 5 1 100 0.75 1 144 245 151 93 115 228 137 40
2 1 5 1 100 0.75 1 145 248 150 96 113 231 140 40
2 1 5 1 100 0.75 1 146 254 150 85 115 233 142 41
2 1 5 1 100 0.75 1 147 255 147 87 116 238 147 36
2 1 5 1 100 0.75 1 148 256 146 85 114 241 150 36
2 1 5 1 100 0.75 1 149 258 145 87 112 244 153 34
2 1 5 1 100 0.75 1 150 259 146 89 113 245 154 35
2 1 5 1 100 0.75 1 150 259 146 146 113 268 154 35
2 1 5 1 100 0.75 1 180 259 146 146 113 11 154 35
2 1 5 1 100 0.75 2 181 0 2 2 0 11 0 0
2 1 5 1 100 0.75 2 182 0 4 4 0 11 0 0
2 1 5 1 100 0.75 2 183 0 6 6 0 11 0 0
2 1 5 1 100 0.75 2 184 0 8 8 0 11 0 0
2 1 5 1 100 0.75 2 185 0 10 10 0 11 0 0
2 1 5 1 100 0.75 2 186 0 12 12 0 11 0 0
2 1 5 1 100 0.75 2 187 0 14 14 0 11 0 0
2 1 5 1 100 0.75 2 188 0 16 16 0 11 0 0
2 1 5 1 100 0.75 2 189 0 18 18 0 11 0 0
2 1 5 1 100 0.75 2 190 0 20 20 0 11 0 0
2 1 5 1 100 0.75 2 191 0 22 22 0 11 0 0
2 1 5 1 100 0.75 2 192 0 24 24 0 11 0 0
2 1 5 1 100 0.75 2 193 0 26 26 0 11 0 0
2 1 5 1 100 0.75 2 194 0 28 28 0 11 0 0
2 1 5 1 100 0.75 2 195 0 30 30 0 11 0 0
2 1 5 1 100 0.75 2 196 0 32 32 0 11 0 0
2 1 5 1 100 0.75 2 197 0 34 34 0 11 0 0
2 1 5 1 100 0.75 2 198 0 36 36 0 11 0 0
2 1 5 1 100 0.75 2 199 0 38 37 0 11 0 0
2 1 5 1 100 0.75 2 200 0 40 40 0 11 0 0
2 1 5 1 100 0.75 2 201 0 42 40 0 11 0 0
2 1 5 1 100 0.75 2 202 0 44 44 0 11 0 0
2 1 5 1 100 0.75 2 203 0 46 45 0 11 0 0
2 1 5 1 100 0.75 2 204 0 48 48 0 11 0 0
2 1 5 1 100 0.75 2 205 1 50 48 0 11 0 0
2 1 5 1 100 0.75 2 206 1 52 51 1 11 0 0
2 1 5 1 100 0.75 2 207 2 54 52 1 11 0 0
2 1 5 1 100 0.75 2 208 2 56 54 2 11 0 0
2 1 5 1 100 0.75 2 209 2 58 56 2 11 0 0
2 1 5 1 100 0.75 2 210 2 60 58 2 11 0 0
2 1 5 1 100 0.75 2 211 2 62 60 2 11 0 0
2 1 5 1 100 0.75 2 212 2 64 62 2 11 0 0
2 1 5 1 100 0.75 2 213 4 66 63 2 11 0 1
2 1 5 1 100 0.75 2 214 5 68 64 4 11 0 1
2 1 5 1 100 0.75 2 215 6 70 66 5 11 0 2
2 1 5 1 100 0.75 2 216 6 72 68 6 11 0 2
2 1 5 1 100 0.75 2 217 7 74 69 6 11 0 2
2 1 5 1 100 0.75 2 218 7 76 71 7 11 0 2
2 1 5 1 100 0.75 2 219 7 78 73 7 11 0 2
2 1 5 1 100 0.75 2 220 8 80 74 7 11 0 3
2 1 5 1 100 0.75 2 221 8 82 79 8 11 0 5
2 1 5 1 100 0.75 2 222 10 84 79 8 11 0 6
2 1 5 1 100 0.75 2 223 10 86 82 10 11 0 6
2 1 5 1 100 0.75 2 224 10 88 84 10 11 0 7
2 1 5 1 100 0.75 2 225 10 90 87 10 11 0 7
2 1 5 1 100 0.75 2 226 11 92 88 10 11 0 7
2 1 5 1 100 0.75 2 227 11 94 91 11 11 0 8
2 1 5 1 100 0.75 2 228 12 96 92 11 11 0 8
2 1 5 1 100 0.75 2 229 12 97 93 11 12 1 7
2 1 5 1 100 0.75 2 230 12 99 96 11 12 1 9
2 1 5 1 100 0.75 2 231 13 101 97 11 12 1 9
2 1 5 1 100 0.75 2 232 13 103 100 12 12 1 9
2 1 5 1 100 0.75 2 233 13 104 102 11 13 2 9
2 1 5 1 100 0.75 2 234 15 106 102 11 13 2 9
2 1 5 1 100 0.75 2 235 15 107 103 12 14 3 8
2 1 5 1 100 0.75 2 236 17 108 102 11 15 4 8
2 1 5 1 100 0.75 2 237 17 110 105 13 15 4 8
2 1 5 1 100 0.75 2 238 18 110 105 11 17 6 6
2 1 5 1 100 0.75 2 239 19 112 106 12 17 6 6
2 1 5 1 100 0.75 2 240 19 113 107 12 18 7 5
2 1 5 1 100 0.75 2 241 20 115 108 12 18 7 5
2 1 5 1 100 0.75 2 242 21 117 111 13 18 7 6
2 1 5 1 100 0.75 2 243 21 119 114 14 18 7 7
2 1 5 1 100 0.75 2 244 22 121 116 14 18 7 8
2 1 5 1 100 0.75 2 245 23 122 116 14 19 8 7
2 1 5 1 100 0.75 2 246 24 124 119 15 19 8 9
2 1 5 1 100 0.75 2 247 24 126 119 16 19 8 9
2 1 5 1 100 0.75 2 248 26 125 118 13 22 11 6
2 1 5 1 100 0.75 2 249 28 127 117 15 22 11 7
2 1 5 1 100 0.75 2 250 29 129 121 17 22 11 8
2 1 5 1 100 0.75 2 251 31 131 120 18 22 11 9
2 1 5 1 100 0.75 2 252 31 133 125 20 22 11 10
2 1 5 1 100 0.75 2 253 33 135 125 20 22 11 10
2 1 5 1 100 0.75 2 254 34 137 126 22 22 11 10
2 1 5 1 100 0.75 2 255 35 139 127 23 22 11 11
2 1 5 1 100 0.75 2 256 36 140 131 23 23 12 12
2 1 5 1 100 0.75 2 257 38 142 131 24 22 12 12
2 1 5 1 100 0.75 2 258 39 144 134 26 22 12 14
2 1 5 1 100 0.75 2 259 39 145 135 26 23 13 14
2 1 5 1 100 0.75 2 260 39 147 136 26 23 13 15
2 1 5 1 100 0.75 2 261 41 147 135 25 25 15 14
2 1 5 1 100 0.75 2 262 41 149 140 27 25 15 15
2 1 5 1 100 0.75 2 263 41 151 144 27 25 15 15
2 1 5 1 100 0.75 2 264 42 153 144 27 25 15 15
2 1 5 1 100 0.75 2 265 43 153 144 26 27 17 14
2 1 5 1 100 0.75 2 266 44 153 145 25 29 19 13
2 1 5 1 100 0.75 2 267 45 154 145 25 30 20 12
2 1 5 1 100 0.75 2 268 48 155 143 25 31 21 13
2 1 5 1 100 0.75 2 269 49 157 145 28 31 21 14
2 1 5 1 100 0.75 2 270 51 159 146 29 31 21 14
2 1 5 1 100 0.75 2 271 52 160 143 30 32 22 13
2 1 5 1 100 0.75 2 272 54 162 147 32 32 22 15
2 1 5 1 100 0.75 2 273 54 164 149 34 32 22 15
2 1 5 1 100 0.75 2 274 55 163 150 31 35 25 12
2 1 5 1 100 0.75 2 275 56 165 149 32 35 25 12
2 1 5 1 100 0.75 2 276 57 167 155 33 35 25 13
2 1 5 1 100 0.75 2 277 57 166 154 31 38 28 10
2 1 5 1 100 0.75 2 278 58 167 154 30 39 29 12
2 1 5 1 100 0.75 2 279 59 169 159 31 39 29 14
2 1 5 1 100 0.75 2 280 60 170 157 31 40 30 14
2 1 5 1 100 0.75 2 281 61 172 161 32 40 30 15
2 1 5 1 100 0.75 2 282 61 174 163 33 40 30 15
2 1 5 1 100 0.75 2 283 63 176 164 33 40 30 16
2 1 5 1 100 0.75 2 284 66 173 160 30 45 35 12
2 1 5 1 100 0.75 2 285 69 175 158 33 45 35 12
2 1 5 1 100 0.75 2 286 70 177 161 36 45 35 13
2 1 5 1 100 0.75 2 287 73 179 161 37 45 35 15
2 1 5 1 100 0.75 2 288 74 180 162 39 46 36 14
2 1 5 1 100 0.75 2 289 78 182 159 40 46 36 15
2 1 5 1 100 0.75 2 290 79 184 162 44 46 36 16
2 1 5 1 100 0.75 2 291 83 185 161 44 47 37 15
2 1 5 1 100 0.75 2 292 84 186 168 47 48 38 18
2 1 5 1 100 0.75 2 293 87 188 164 48 48 38 18
2 1 5 1 100 0.75 2 294 89 189 167 50 49 39 18
2 1 5 1 100 0.75 2 295 91 189 165 50 51 41 18
2 1 5 1 100 0.75 2 296 92 189 169 50 53 43 19
2 1 5 1 100 0.75 2 297 96 190 168 50 54 44 21
2 1 5 1 100 0.75 2 298 97 191 169 53 55 45 22
2 1 5 1 100 0.75 2 299 99 192 167 53 56 46 22
2 1 5 1 100 0.75 2 300 100 194 170 55 56 46 24
2 1 5 1 100 0.75 2 301 101 195 175 55 57 47 24
2 1 5 1 100 0.75 2 302 103 197 177 56 57 47 27
2 1 5 1 100 0.75 2 303 105 196 177 55 60 50 25
2 1 5 1 100 0.75 2 304 107 198 177 57 60 50 27
2 1 5 1 100 0.75 2 305 109 200 181 59 60 50 27
2 1 5 1 100 0.75 2 306 112 202 179 61 60 50 28
2 1 5 1 100 0.75 2 307 116 204 177 64 60 50 29
2 1 5 1 100 0.75 2 308 117 206 179 68 60 50 30
2 1 5 1 100 0.75 2 309 120 205 175 66 63 53 28
2 1 5 1 100 0.75 2 310 123 204 173 66 66 56 28
2 1 5 1 100 0.75 2 311 129 204 173 67 68 58 29
2 1 5 1 100 0.75 2 312 134 205 167 72 69 59 29
2 1 5 1 100 0.75 2 313 136 204 167 74 72 62 28
2 1 5 1 100 0.75 2 314 141 203 165 73 75 65 28
2 1 5 1 100 0.75 2 315 145 204 166 77 75 66 28
2 1 5 1 100 0.75 2 316 149 205 166 80 76 67 31
2 1 5 1 100 0.75 2 317 149 204 164 81 79 70 28
2 1 5 1 100 0.75 2 318 153 203 168 78 82 73 30
2 1 5 1 100 0.75 2 319 156 204 169 81 83 74 32
2 1 5 1 100 0.75 2 320 158 205 170 83 84 75 33
2 1 5 1 100 0.75 2 321 162 207 168 85 84 75 36
2 1 5 1 100 0.75 2 322 165 208 169 88 85 76 40
2 1 5 1 100 0.75 2 323 167 208 172 90 87 78 39
2 1 5 1 100 0.75 2 324 168 208 172 90 89 80 39
2 1 5 1 100 0.75 2 325 175 210 171 91 89 80 42
2 1 5 1 100 0.75 2 326 176 211 169 97 90 81 44
2 1 5 1 100 0.75 2 327 180 211 168 96 92 83 44
2 1 5 1 100 0.75 2 328 186 210 167 97 95 86 44
2 1 5 1 100 0.75 2 329 188 212 173 103 94 86 47
2 1 5 1 100 0.75 2 330 193 213 172 105 95 87 49
2 1 5 1 100 0.75 2 330 193 213 213 105 131 87 49
2 1 5 1 100 0.75 2 360 193 213 213 105 11 87 49
2 1 5 1 100 0.75 3 361 0 2 2 0 11 0 0
2 1 5 1 100 0.75 3 362 0 4 4 0 11 0 0
2 1 5 1 100 0.75 3 363 0 6 6 0 11 0 0
2 1 5 1 100 0.75 3 364 0 8 8 0 11 0 0
2 1 5 1 100 0.75 3 365 0 10 10 0 11 0 0
2 1 5 1 100 0.75 3 366 0 12 12 0 11 0 0
2 1 5 1 100 0.75 3 367 0 14 14 0 11 0 0
2 1 5 1 100 0.75 3 368 0 16 16 0 11 0 0
2 1 5 1 100 0.75 3 369 0 18 18 0 11 0 0
2 1 5 1 100 0.75 3 370 0 20 19 0 11 0 0
2 1 5 1 100 0.75 3 371 0 22 22 0 11 0 0
2 1 5 1 100 0.75 3 372 0 24 23 0 11 0 0
2 1 5 1 100 0.75 3 373 0 26 26 0 11 0 0
2 1 5 1 100 0.75 3 374 1 28 27 0 11 0 0
2 1 5 1 100 0.75 3 375 1 30 29 1 11 0 0
2 1 5 1 100 0.75 3 376 1 32 31 1 11 0 0
2 1 5 1 100 0.75 3 377 1 34 33 1 11 0 0
2 1 5 1 100 0.75 3 378 1 36 35 1 11 0 0
2 1 5 1 100 0.75 3 379 1 38 37 1 11 0 0
2 1 5 1 100 0.75 3 380 1 40 39 1 11 0 0
2 1 5 1 100 0.75 3 381 2 42 40 1 11 0 0
2 1 5 1 100 0.75 3 382 2 44 43 2 11 0 1
2 1 5 1 100 0.75 3 383 2 46 44 2 11 0 1
2 1 5 1 100 0.75 3 384 2 48 47 2 11 0 1
2 1 5 1 100 0.75 3 385 2 50 48 2 11 0 1
2 1 5 1 100 0.75 3 386 2 52 51 2 11 0 1
2 1 5 1 100 0.75 3 387 2 54 52 2 11 0 1
2 1 5 1 100 0.75 3 388 2 56 54 2 11 0 1
2 1 5 1 100 0.75 3 389 2 58 58 2 11 0 2
2 1 5 1 100 0.75 3 390 2 60 59 2 11 0 2
2 1 5 1 100 0.75 3 391 2 62 61 2 11 0 2
2 1 5 1 100 0.75 3 392 2 64 63 2 11 0 2
2 1 5 1 100 0.75 3 393 2 66 66 2 11 0 2
2 1 5 1 100 0.75 3 394 2 68 68 2 11 0 2
2 1 5 1 100 0.75 3 395 2 70 69 2 11 0 2
2 1 5 1 100 0.75 3 396 2 72 72 2 11 0 2
2 1 5 1 100 0.75 3 397 2 73 72 1 12 1 1
2 1 5 1 100 0.75 3 398 3 75 74 1 12 1 1
2 1 5 1 100 0.75 3 399 4 77 74 2 12 1 1
2 1 5 1 100 0.75 3 400 4 79 77 3 12 1 1
2 1 5 1 100 0.75 3 401 6 81 77 3 12 1 1
2 1 5 1 100 0.75 3 402 6 83 79 5 12 1 1
2 1 5 1 100 0.75 3 403 6 85 81 5 12 1 1
2 1 5 1 100 0.75 3 404 6 87 83 5 12 1 1
2 1 5 1 100 0.75 3 405 6 89 85 5 12 1 1
2 1 5 1 100 0.75 3 406 7 90 86 4 13 2 2
2 1 5 1 100 0.75 3 407 7 92 88 5 13 2 2
2 1 5 1 100 0.75 3 408 9 94 89 5 13 2 2
2 1 5 1 100 0.75 3 409 9 96 93 7 13 2 4
2 1 5 1 100 0.75 3 410 10 98 94 7 13 2 4
2 1 5 1 100 0.75 3 411 10 100 95 8 13 2 4
2 1 5 1 100 0.75 3 412 10 102 97 8 13 2 4
2 1 5 1 100 0.75 3 413 11 104 98 8 13 2 4
2 1 5 1 100 0.75 3 414 11 106 101 9 13 2 5
2 1 5 1 100 0.75 3 415 12 108 101 9 13 2 5
2 1 5 1 100 0.75 3 416 12 110 105 10 13 2 6
2 1 5 1 100 0.75 3 417 12 112 110 10 13 2 7
2 1 5 1 100 0.75 3 418 15 114 108 10 13 2 7
2 1 5 1 100 0.75 3 419 15 116 111 13 13 2 7
2 1 5 1 100 0.75 3 420 15 118 113 13 13 2 7
2 1 5 1 100 0.75 3 421 15 120 115 13 13 2 8
2 1 5 1 100 0.75 3 422 17 122 117 13 13 2 8
2 1 5 1 100 0.75 3 423 17 124 118 15 13 2 8
2 1 5 1 100 0.75 3 424 17 126 119 15 13 2 8
2 1 5 1 100 0.75 3 425 17 126 121 13 15 4 7
2 1 5 1 100 0.75 3 426 18 126 120 11 17 6 6
2 1 5 1 100 0.75 3 427 19 128 122 12 17 6 6
2 1 5 1 100 0.75 3 428 20 130 124 13 17 6 6
2 1 5 1 100 0.75 3 429 21 132 125 14 17 6 6
2 1 5 1 100 0.75 3 430 21 133 128 14 18 7 7
2 1 5 1 100 0.75 3 431 21 135 130 14 18 7 7
2 1 5 1 100 0.75 3 432 22 135 129 12 20 9 5
2 1 5 1 100 0.75 3 433 24 137 129 13 20 9 6
2 1 5 1 100 0.75 3 434 25 139 132 15 20 9 7
2 1 5 1 100 0.75 3 435 26 141 132 16 20 9 7
2 1 5 1 100 0.75 3 436 26 142 134 16 21 10 7
2 1 5 1 100 0.75 3 437 26 144 137 16 21 10 8
2 1 5 1 100 0.75 3 438 26 146 140 16 21 10 8
2 1 5 1 100 0.75 3 439 29 148 139 16 21 10 8
2 1 5 1 100 0.75 3 440 31 150 140 19 21 10 9
2 1 5 1 100 0.75 3 441 31 152 145 21 21 10 11
2 1 5 1 100 0.75 3 442 31 152 143 19 23 12 9
2 1 5 1 100 0.75 3 443 31 154 147 19 23 12 10
2 1 5 1 100 0.75 3 444 31 156 148 19 23 12 10
2 1 5 1 100 0.75 3 445 33 158 150 19 23 12 10
2 1 5 1 100 0.75 3 446 33 160 153 21 23 12 11
2 1 5 1 100 0.75 3 447 34 162 155 21 23 12 13
2 1 5 1 100 0.75 3 448 37 163 152 21 24 13 12
2 1 5 1 100 0.75 3 449 39 164 153 23 25 14 11
2 1 5 1 100 0.75 3 450 39 166 153 25 25 14 11
2 1 5 1 100 0.75 3 451 40 168 155 25 25 14 11
2 1 5 1 100 0.75 3 452 43 169 157 25 26 15 12
2 1 5 1 100 0.75 3 453 44 170 155 27 27 16 11
2 1 5 1 100 0.75 3 454 44 172 159 28 27 16 11
2 1 5 1 100 0.75 3 455 46 172 158 26 29 18 11
2 1 5 1 100 0.75 3 456 46 174 160 28 29 18 12
2 1 5 1 100 0.75 3 457 46 174 163 26 31 20 10
2 1 5 1 100 0.75 3 458 48 176 164 26 31 20 10
2 1 5 1 100 0.75 3 459 50 176 163 26 33 22 11
2 1 5 1 100 0.75 3 460 52 178 164 28 33 22 12
2 1 5 1 100 0.75 3 461 54 180 165 31 33 22 12
2 1 5 1 100 0.75 3 462 58 181 163 32 34 23 12
2 1 5 1 100 0.75 3 463 61 182 162 35 35 24 12
2 1 5 1 100 0.75 3 464 63 184 163 38 35 24 12
2 1 5 1 100 0.75 3 465 63 185 165 39 36 25 12
2 1 5 1 100 0.75 3 466 63 187 168 39 36 25 13
2 1 5 1 100 0.75 3 467 64 189 172 39 36 25 16
2 1 5 1 100 0.75 3 468 65 191 174 40 36 25 17
2 1 5 1 100 0.75 3 469 68 192 174 40 37 26 17
2 1 5 1 100 0.75 3 470 70 193 177 42 38 27 19
2 1 5 1 100 0.75 3 471 72 195 180 44 38 27 21
2 1 5 1 100 0.75 3 472 73 196 182 45 39 28 20
2 1 5 1 100 0.75 3 473 75 198 182 46 39 28 20
2 1 5 1 100 0.75 3 474 76 198 182 46 41 30 18
2 1 5 1 100 0.75 3 475 78 199 183 46 42 31 19
2 1 5 1 100 0.75 3 476 81 200 179 48 43 32 18
2 1 5 1 100 0.75 3 477 84 200 179 49 45 34 19
2 1 5 1 100 0.75 3 478 85 202 184 52 45 34 19
2 1 5 1 100 0.75 3 479 88 203 183 52 46 35 21
2 1 5 1 100 0.75 3 480 91 205 181 55 46 35 23
2 1 5 1 100 0.75 3 481 92 206 185 57 47 36 23
2 1 5 1 100 0.75 3 482 94 207 186 57 48 37 23
2 1 5 1 100 0.75 3 483 96 207 186 57 50 39 24
2 1 5 1 100 0.75 3 484 99 208 185 58 51 40 25
2 1 5 1 100 0.75 3 485 101 208 185 59 53 42 25
2 1 5 1 100 0.75 3 486 104 209 186 60 54 43 26
2 1 5 1 100 0.75 3 487 104 210 189 62 55 44 29
2 1 5 1 100 0.75 3 488 105 211 186 62 56 45 29
2 1 5 1 100 0.75 3 489 108 212 187 62 57 46 30
2 1 5 1 100 0.75 3 490 109 212 190 63 59 48 31
2 1 5 1 100 0.75 3 491 111 213 192 63 60 49 31
2 1 5 1 100 0.75 3 492 112 212 188 62 63 52 31
2 1 5 1 100 0.75 3 493 115 214 191 63 63 52 32
2 1 5 1 100 0.75 3 494 117 214 190 64 65 54 32
2 1 5 1 100 0.75 3 495 120 215 193 65 66 55 32
2 1 5 1 100 0.75 3 496 124 216 186 67 67 56 32
2 1 5 1 100 0.75 3 497 125 217 190 71 68 57 32
2 1 5 1 100 0.75 3 498 128 218 188 71 69 58 32
2 1 5 1 100 0.75 3 499 130 219 189 73 70 59 33
2 1 5 1 100 0.75 3 500 132 218 187 72 73 62 32
2 1 5 1 100 0.75 3 501 133 215 184 69 78 67 28
2 1 5 1 100 0.75 3 502 135 216 188 69 79 68 31
2 1 5 1 100 0.75 3 503 138 216 187 70 81 70 31
2 1 5 1 100 0.75 3 504 142 217 189 72 82 71 33
2 1 5 1 100 0.75 3 505 144 217 183 74 84 73 32
2 1 5 1 100 0.75 3 506 147 218 190 75 85 74 34
2 1 5 1 100 0.75 3 507 151 218 184 76 87 76 32
2 1 5 1 100 0.75 3 508 152 218 187 78 89 78 31
2 1 5 1 100 0.75 3 509 153 215 181 75 94 83 27
2 1 5 1 100 0.75 3 510 157 216 184 75 95 84 29
2 1 5 1 100 0.75 3 510 157 216 216 75 122 84 29
2 1 5 1 100 0.75 3 540 157 216 216 75 11 84 29
2 1 5 1 100 0.75 4 541 0 2 2 0 11 0 0
2 1 5 1 100 0.75 4 542 0 4 4 0 11 0 0
2 1 5 1 100 0.75 4 543 0 6 6 0 11 0 0
2 1 5 1 100 0.75 4 544 0 8 8 0 11 0 0
2 1 5 1 100 0.75 4 545 0 10 10 0 11 0 0
2 1 5 1 100 0.75 4 546 0 12 12 0 11 0 0
2 1 5 1 100 0.75 4 547 0 14 13 0 11 0 0
2 1 5 1 100 0.75 4 548 0 16 16 0 11 0 0
2 1 5 1 100 0.75 4 549 0 18 18 0 11 0 0
2 1 5 1 100 0.75 4 550 0 20 20 0 11 0 0
2 1 5 1 100 0.75 4 551 1 22 21 0 11 0 0
2 1 5 1 100 0.75 4 552 1 24 23 1 11 0 0
2 1 5 1 100 0.75 4 553 1 26 25 1 11 0 0
2 1 5 1 100 0.75 4 554 1 28 27 1 11 0 0
2 1 5 1 100 0.75 4 555 2 30 28 1 11 0 0
2 1 5 1 100 0.75 4 556 2 32 29 2 11 0 0
2 1 5 1 100 0.75 4 557 2 34 32 2 11 0 0
2 1 5 1 100 0.75 4 558 2 36 35 2 11 0 0
2 1 5 1 100 0.75 4 559 2 38 37 2 11 0 0
2 1 5 1 100 0.75 4 560 2 40 39 2 11 0 0
2 1 5 1 100 0.75 4 561 2 42 40 2 11 0 0
2 1 5 1 100 0.75 4 562 2 44 42 2 11 0 0
2 1 5 1 100 0.75 4 563 2 46 45 2 11 0 1
2 1 5 1 100 0.75 4 564 2 48 46 2 11 0 1
2 1 5 1 100 0.75 4 565 2 50 49 2 11 0 1
2 1 5 1 100 0.75 4 566 3 52 50 2 11 0 1
2 1 5 1 100 0.75 4 567 3 54 52 3 11 0 1
2 1 5 1 100 0.75 4 568 5 56 52 3 11 0 1
2 1 5 1 100 0.75 4 569 5 58 54 5 11 0 1
2 1 5 1 100 0.75 4 570 5 60 56 5 11 0 1
2 1 5 1 100 0.75 4 571 6 62 57 5 11 0 1
2 1 5 1 100 0.75 4 572 6 64 59 6 11 0 1
2 1 5 1 100 0.75 4 573 6 66 61 6 11 0 1
2 1 5 1 100 0.75 4 574 6 68 63 6 11 0 1
2 1 5 1 100 0.75 4 575 6 70 66 6 11 0 2
2 1 5 1 100 0.75 4 576 7 72 69 6 11 0 3
2 1 5 1 100 0.75 4 577 7 74 70 7 11 0 3
2 1 5 1 100 0.75 4 578 7 75 72 6 12 1 2
2 1 5 1 100 0.75 4 579 7 77 75 6 12 1 2
2 1 5 1 100 0.75 4 580 7 79 77 6 12 1 2
2 1 5 1 100 0.75 4 581 8 81 78 6 12 1 2
2 1 5 1 100 0.75 4 582 9 83 78 7 12 1 2
2 1 5 1 100 0.75 4 583 9 85 81 8 12 1 3
2 1 5 1 100 0.75 4 584 9 87 84 8 12 1 3
2 1 5 1 100 0.75 4 585 10 89 85 8 12 1 3
2 1 5 1 100 0.75 4 586 10 91 87 9 12 1 3
2 1 5 1 100 0.75 4 587 10 93 89 9 12 1 3
2 1 5 1 100 0.75 4 588 10 95 91 9 12 1 3
2 1 5 1 100 0.75 4 589 10 97 94 9 12 1 4
2 1 5 1 100 0.75 4 590 10 99 96 9 12 1 5
2 1 5 1 100 0.75 4 591 11 100 96 8 13 2 4
2 1 5 1 100 0.75 4 592 11 101 98 8 14 3 4
2 1 5 1 100 0.75 4 593 12 103 99 8 14 3 4
2 1 5 1 100 0.75 4 594 12 105 101 9 14 3 4
2 1 5 1 100 0.75 4 595 13 107 102 9 14 3 4
2 1 5 1 100 0.75 4 596 15 109 102 10 14 3 4
2 1 5 1 100 0.75 4 597 15 111 104 12 14 3 4
2 1 5 1 100 0.75 4 598 15 113 106 12 14 3 4
2 1 5 1 100 0.75 4 599 15 115 109 12 14 3 5
2 1 5 1 100 0.75 4 600 15 117 111 12 14 3 5
2 1 5 1 100 0.75 4 601 16 119 113 12 14 3 5
2 1 5 1 100 0.75 4 602 17 120 114 12 15 4 5
2 1 5 1 100 0.75 4 603 18 122 117 13 15 4 7
2 1 5 1 100 0.75 4 604 20 124 117 14 15 4 7
2 1 5 1 100 0.75 4 605 22 125 115 15 16 5 6
2 1 5 1 100 0.75 4 606 23 127 117 17 16 5 6
2 1 5 1 100 0.75 4 607 23 128 118 17 17 6 5
2 1 5 1 100 0.75 4 608 24 129 118 16 18 7 4
2 1 5 1 100 0.75 4 609 24 131 122 17 18 7 5
2 1 5 1 100 0.75 4 610 24 133 125 17 18 7 6
2 1 5 1 100 0.75 4 611 25 135 127 17 18 7 7
2 1 5 1 100 0.75 4 612 26 137 130 18 18 7 10
2 1 5 1 100 0.75 4 613 27 139 132 19 18 7 10
2 1 5 1 100 0.75 4 614 28 141 131 20 18 7 10
2 1 5 1 100 0.75 4 615 30 142 132 20 19 8 10
2 1 5 1 100 0.75 4 616 30 144 133 22 19 8 10
2 1 5 1 100 0.75 4 617 30 146 135 22 19 8 10
2 1 5 1 100 0.75 4 618 31 148 137 23 19 8 11
2 1 5 1 100 0.75 4 619 31 148 138 22 21 10 10
2 1 5 1 100 0.75 4 620 32 149 138 21 22 11 9
2 1 5 1 100 0.75 4 621 34 151 141 22 22 11 11
2 1 5 1 100 0.75 4 622 34 153 141 24 22 11 12
2 1 5 1 100 0.75 4 623 34 155 146 24 22 11 13
2 1 5 1 100 0.75 4 624 35 157 147 24 22 11 13
2 1 5 1 100 0.75 4 625 35 159 150 25 22 11 13
2 1 5 1 100 0.75 4 626 35 160 152 24 23 12 13
2 1 5 1 100 0.75 4 627 36 162 152 24 23 12 14
2 1 5 1 100 0.75 4 628 36 161 152 22 26 15 11
2 1 5 1 100 0.75 4 629 37 161 153 20 28 17 11
2 1 5 1 100 0.75 4 630 38 163 151 21 28 17 11
2 1 5 1 100 0.75 4 631 41 164 151 21 29 18 10
2 1 5 1 100 0.75 4 632 43 166 153 24 29 18 11
2 1 5 1 100 0.75 4 633 46 168 151 26 29 18 11
2 1 5 1 100 0.75 4 634 46 170 153 29 29 18 11
2 1 5 1 100 0.75 4 635 47 172 155 29 29 18 11
2 1 5 1 100 0.75 4 636 47 172 155 28 31 20 10
2 1 5 1 100 0.75 4 637 50 173 156 27 32 21 10
2 1 5 1 100 0.75 4 638 51 174 159 29 33 22 12
2 1 5 1 100 0.75 4 639 52 176 159 30 33 22 12
2 1 5 1 100 0.75 4 640 54 177 158 30 34 23 12
2 1 5 1 100 0.75 4 641 58 178 161 31 35 24 13
2 1 5 1 100 0.75 4 642 58 180 163 35 35 24 14
2 1 5 1 100 0.75 4 643 59 181 163 34 36 25 13
2 1 5 1 100 0.75 4 644 61 183 167 35 36 25 16
2 1 5 1 100 0.75 4 645 64 184 165 36 36 26 16
2 1 5 1 100 0.75 4 646 67 186 164 39 36 26 17
2 1 5 1 100 0.75 4 647 67 187 167 41 37 27 17
2 1 5 1 100 0.75 4 648 70 188 167 40 38 28 18
2 1 5 1 100 0.75 4 649 71 190 169 43 38 28 20
2 1 5 1 100 0.75 4 650 74 192 170 44 38 28 21
2 1 5 1 100 0.75 4 651 74 193 172 46 39 29 20
2 1 5 1 100 0.75 4 652 78 195 174 46 39 29 24
2 1 5 1 100 0.75 4 653 82 196 172 49 40 30 25
2 1 5 1 100 0.75 4 654 83 196 172 51 42 32 23
2 1 5 1 100 0.75 4 655 85 198 173 52 42 32 23
2 1 5 1 100 0.75 4 656 86 200 174 54 42 32 26
2 1 5 1 100 0.75 4 657 88 201 177 54 43 33 26
2 1 5 1 100 0.75 4 658 90 201 176 54 45 35 25
2 1 5 1 100 0.75 4 659 90 201 177 54 47 37 24
2 1 5 1 100 0.75 4 660 92 203 178 54 47 37 26
2 1 5 1 100 0.75 4 661 96 202 177 53 50 40 27
2 1 5 1 100 0.75 4 662 96 202 182 55 52 42 26
2 1 5 1 100 0.75 4 663 99 203 179 54 53 43 26
2 1 5 1 100 0.75 4 664 100 202 176 54 56 46 24
2 1 5 1 100 0.75 4 665 105 204 177 56 56 46 24
2 1 5 1 100 0.75 4 666 107 204 176 59 58 48 23
2 1 5 1 100 0.75 4 667 109 206 175 61 58 48 24
2 1 5 1 100 0.75 4 668 112 206 177 61 60 50 24
2 1 5 1 100 0.75 4 669 114 207 177 63 61 51 25
2 1 5 1 100 0.75 4 670 114 208 177 65 62 52 24
2 1 5 1 100 0.75 4 671 117 209 179 64 63 53 27
2 1 5 1 100 0.75 4 672 120 208 177 64 66 56 25
2 1 5 1 100 0.75 4 673 127 208 170 65 68 58 24
2 1 5 1 100 0.75 4 674 131 210 171 72 68 58 26
2 1 5 1 100 0.75 4 675 132 211 174 75 69 59 28
2 1 5 1 100 0.75 4 676 135 210 173 73 72 62 27
2 1 5 1 100 0.75 4 677 137 211 174 75 73 63 28
2 1 5 1 100 0.75 4 678 138 213 175 77 73 63 29
2 1 5 1 100 0.75 4 679 140 214 177 77 74 64 30
2 1 5 1 100 0.75 4 680 144 214 178 77 76 66 31
2 1 5 1 100 0.75 4 681 150 212 174 77 80 70 31
2 1 5 1 100 0.75 4 682 152 214 171 83 80 70 34
2 1 5 1 100 0.75 4 683 155 215 174 84 81 71 35
2 1 5 1 100 0.75 4 684 158 216 175 86 82 72 37
2 1 5 1 100 0.75 4 685 160 217 175 88 83 73 37
2 1 5 1 100 0.75 4 686 164 217 173 89 85 75 36
2 1 5 1 100 0.75 4 687 168 218 172 92 86 76 37
2 1 5 1 100 0.75 4 688 172 218 170 94 88 78 39
2 1 5 1 100 0.75 4 689 174 218 173 96 90 80 41
2 1 5 1 100 0.75 4 690 177 219 171 98 91 81 41
2 1 5 1 100 0.75 4 690 177 219 219 98 122 81 41
2 1 5 1 100 0.75 4 720 177 219 219 98 11 81 41
2 1 5 1 100 0.75 5 721 0 2 2 0 11 0 0
2 1 5 1 100 0.75 5 722 0 4 4 0 11 0 0
2 1 5 1 100 0.75 5 723 0 6 6 0 11 0 0
2 1 5 1 100 0.75 5 724 0 8 8 0 11 0 0
2 1 5 1 100 0.75 5 725 0 10 10 0 11 0 0
2 1 5 1 100 0.75 5 726 0 12 12 0 11 0 0
2 1 5 1 100 0.75 5 727 0 14 14 0 11 0 0
2 1 5 1 100 0.75 5 728 0 16 16 0 11 0 0
2 1 5 1 100 0.75 5 729 0 18 18 0 11 0 0
2 1 5 1 100 0.75 5 730 0 20 20 0 11 0 0
2 1 5 1 100 0.75 5 731 0 22 22 0 11 0 0
2 1 5 1 100 0.75 5 732 0 24 24 0 11 0 0
2 1 5 1 100 0.75 5 733 0 26 26 0 11 0 0
2 1 5 1 100 0.75 5 734 0 28 28 0 11 0 0
2 1 5 1 100 0.75 5 735 0 30 30 0 11 0 0
2 1 5 1 100 0.75 5 736 0 32 32 0 11 0 0
2 1 5 1 100 0.75 5 737 0 34 34 0 11 0 0
2 1 5 1 100 0.75 5 738 0 36 36 0 11 0 0
2 1 5 1 100 0.75 5 739 1 38 37 0 11 0 0
2 1 5 1 100 0.75 5 740 2 40 38 1 11 0 0
2 1 5 1 100 0.75 5 741 2 42 40 2 11 0 0
2 1 5 1 100 0.75 5 742 2 44 42 2 11 0 0
2 1 5 1 100 0.75 5 743 2 46 44 2 11 0 0
2 1 5 1 100 0.75 5 744 2 48 46 2 11 0 0
2 1 5 1 100 0.75 5 745 2 50 48 2 11 0 0
2 1 5 1 100 0.75 5 746 2 52 50 2 11 0 0
2 1 5 1 100 0.75 5 747 2 54 54 2 11 0 2
2 1 5 1 100 0.75 5 748 2 56 56 2 11 0 2
2 1 5 1 100 0.75 5 749 2 58 58 2 11 0 2
2 1 5 1 100 0.75 5 750 3 60 58 2 11 0 2
2 1 5 1 100 0.75 5 751 3 62 61 3 11 0 2
2 1 5 1 100 0.75 5 752 4 64 61 3 11 0 2
2 1 5 1 100 0.75 5 753 4 66 64 4 11 0 2
2 1 5 1 100 0.75 5 754 4 68 66 4 11 0 2
2 1 5 1 100 0.75 5 755 4 70 68 4 11 0 2
2 1 5 1 100 0.75 5 756 4 72 68 4 11 0 2
2 1 5 1 100 0.75 5 757 4 74 72 4 11 0 2
2 1 5 1 100 0.75 5 758 4 76 74 4 11 0 3
2 1 5 1 100 0.75 5 759 6 78 75 4 11 0 3
2 1 5 1 100 0.75 5 760 9 80 75 6 11 0 3
2 1 5 1 100 0.75 5 761 9 82 77 9 11 0 3
2 1 5 1 100 0.75 5 762 10 84 78 9 11 0 3
2 1 5 1 100 0.75 5 763 10 86 80 10 11 0 3
2 1 5 1 100 0.75 5 764 10 88 82 10 11 0 3
2 1 5 1 100 0.75 5 765 11 90 83 10 11 0 3
2 1 5 1 100 0.75 5 766 11 91 84 10 12 1 2
2 1 5 1 100 0.75 5 767 12 92 88 9 13 2 4
2 1 5 1 100 0.75 5 768 13 94 90 10 13 2 5
2 1 5 1 100 0.75 5 769 13 96 93 11 13 2 6
2 1 5 1 100 0.75 5 770 13 98 95 11 13 2 6
2 1 5 1 100 0.75 5 771 14 100 96 11 13 2 6
2 1 5 1 100 0.75 5 772 14 102 99 12 13 2 7
2 1 5 1 100 0.75 5 773 14 104 100 12 13 2 7
2 1 5 1 100 0.75 5 774 14 106 103 12 13 2 7
2 1 5 1 100 0.75 5 775 14 108 107 12 13 2 8
2 1 5 1 100 0.75 5 776 15 109 107 11 14 3 7
2 1 5 1 100 0.75 5 777 15 111 109 12 14 3 7
2 1 5 1 100 0.75 5 778 15 113 111 12 14 3 7
2 1 5 1 100 0.75 5 779 15 115 114 12 14 3 8
2 1 5 1 100 0.75 5 780 16 117 114 12 14 3 8
2 1 5 1 100 0.75 5 781 18 119 114 13 14 3 8
2 1 5 1 100 0.75 5 782 18 120 114 15 15 4 7
2 1 5 1 100 0.75 5 783 18 122 118 15 15 4 8
2 1 5 1 100 0.75 5 784 19 123 117 14 16 5 7
2 1 5 1 100 0.75 5 785 19 122 115 12 19 8 4
2 1 5 1 100 0.75 5 786 19 124 118 12 19 8 4
2 1 5 1 100 0.75 5 787 19 125 120 11 20 9 3
2 1 5 1 100 0.75 5 788 20 127 124 11 20 9 6
2 1 5 1 100 0.75 5 789 20 129 125 12 20 9 7
2 1 5 1 100 0.75 5 790 21 131 127 12 20 9 7
2 1 5 1 100 0.75 5 791 21 133 129 13 20 9 7
2 1 5 1 100 0.75 5 792 21 135 132 13 20 9 7
2 1 5 1 100 0.75 5 793 21 136 134 12 21 10 6
2 1 5 1 100 0.75 5 794 23 138 134 12 21 10 6
2 1 5 1 100 0.75 5 795 23 139 134 13 22 11 5
2 1 5 1 100 0.75 5 796 24 141 136 13 22 11 5
2 1 5 1 100 0.75 5 797 25 143 136 14 22 11 5
2 1 5 1 100 0.75 5 798 27 145 136 15 22 11 5
2 1 5 1 100 0.75 5 799 28 147 139 17 22 11 5
2 1 5 1 100 0.75 5 800 29 149 140 18 22 11 5
2 1 5 1 100 0.75 5 801 30 151 142 19 22 11 7
2 1 5 1 100 0.75 5 802 30 153 144 20 22 11 7
2 1 5 1 100 0.75 5 803 31 153 145 18 24 13 6
2 1 5 1 100 0.75 5 804 32 154 145 18 25 14 6
2 1 5 1 100 0.75 5 805 32 156 147 19 25 14 6
2 1 5 1 100 0.75 5 806 35 157 146 18 26 15 7
2 1 5 1 100 0.75 5 807 35 159 152 21 26 15 9
2 1 5 1 100 0.75 5 808 39 161 150 21 26 15 10
2 1 5 1 100 0.75 5 809 40 162 151 24 27 16 9
2 1 5 1 100 0.75 5 810 41 164 151 25 27 16 9
2 1 5 1 100 0.75 5 811 42 166 154 26 27 16 9
2 1 5 1 100 0.75 5 812 43 168 154 27 27 16 10
2 1 5 1 100 0.75 5 813 44 170 157 28 27 16 11
2 1 5 1 100 0.75 5 814 45 172 160 29 27 16 13
2 1 5 1 100 0.75 5 815 46 174 161 30 27 16 14
2 1 5 1 100 0.75 5 816 47 176 167 31 27 16 17
2 1 5 1 100 0.75 5 817 48 177 167 31 28 17 16
2 1 5 1 100 0.75 5 818 50 178 168 31 29 18 15
2 1 5 1 100 0.75 5 819 54 180 166 33 29 18 16
2 1 5 1 100 0.75 5 820 55 181 166 36 30 19 16
2 1 5 1 100 0.75 5 821 56 183 169 37 30 19 18
2 1 5 1 100 0.75 5 822 56 185 173 38 30 19 19
2 1 5 1 100 0.75 5 823 60 185 169 36 32 21 17
2 1 5 1 100 0.75 5 824 60 184 168 37 35 24 15
2 1 5 1 100 0.75 5 825 60 186 171 37 35 24 16
2 1 5 1 100 0.75 5 826 61 188 176 37 35 24 18
2 1 5 1 100 0.75 5 827 63 189 178 37 36 25 18
2 1 5 1 100 0.75 5 828 64 191 174 39 36 25 18
2 1 5 1 100 0.75 5 829 66 193 177 40 36 25 19
2 1 5 1 100 0.75 5 830 68 194 178 41 37 26 19
2 1 5 1 100 0.75 5 831 69 194 178 41 39 28 18
2 1 5 1 100 0.75 5 832 72 194 174 40 41 30 16
2 1 5 1 100 0.75 5 833 74 195 176 42 42 31 15
2 1 5 1 100 0.75 5 834 76 197 178 44 42 31 16
2 1 5 1 100 0.75 5 835 76 198 180 45 43 32 15
2 1 5 1 100 0.75 5 836 76 198 177 43 45 34 15
2 1 5 1 100 0.75 5 837 78 200 182 43 45 34 16
2 1 5 1 100 0.75 5 838 79 200 177 43 47 36 16
2 1 5 1 100 0.75 5 839 80 201 182 43 48 37 15
2 1 5 1 100 0.75 5 840 83 202 182 43 49 38 18
2 1 5 1 100 0.75 5 841 84 204 182 47 49 38 20
2 1 5 1 100 0.75 5 842 88 205 183 47 50 39 20
2 1 5 1 100 0.75 5 843 90 205 181 49 52 41 18
2 1 5 1 100 0.75 5 844 92 206 178 50 53 42 18
2 1 5 1 100 0.75 5 845 95 208 183 52 53 42 19
2 1 5 1 100 0.75 5 846 99 210 181 55 53 42 20
2 1 5 1 100 0.75 5 847 99 211 181 58 54 43 21
2 1 5 1 100 0.75 5 848 103 212 182 57 55 44 20
2 1 5 1 100 0.75 5 849 106 212 182 59 57 46 19
2 1 5 1 100 0.75 5 850 108 214 187 62 57 46 22
2 1 5 1 100 0.75 5 851 110 215 184 63 58 47 22
2 1 5 1 100 0.75 5 852 114 216 186 64 59 48 24
2 1 5 1 100 0.75 5 853 115 217 185 67 60 49 25
2 1 5 1 100 0.75 5 854 118 219 189 68 60 49 25
2 1 5 1 100 0.75 5 855 122 219 187 69 62 51 26
2 1 5 1 100 0.75 5 856 122 220 190 72 63 52 26
2 1 5 1 100 0.75 5 857 124 218 188 68 66 56 24
2 1 5 1 100 0.75 5 858 128 218 186 68 68 58 22
2 1 5 1 100 0.75 5 859 129 219 185 71 69 59 25
2 1 5 1 100 0.75 5 860 134 221 188 72 69 59 26
2 1 5 1 100 0.75 5 861 140 223 186 77 69 59 28
2 1 5 1 100 0.75 5 862 144 224 188 82 70 60 30
2 1 5 1 100 0.75 5 863 148 224 186 84 72 62 29
2 1 5 1 100 0.75 5 864 150 226 186 88 72 62 29
2 1 5 1 100 0.75 5 865 153 226 190 88 74 64 32
2 1 5 1 100 0.75 5 866 158 227 184 90 75 65 31
2 1 5 1 100 0.75 5 867 161 227 185 93 77 67 33
2 1 5 1 100 0.75 5 868 163 226 180 94 80 70 33
2 1 5 1 100 0.75 5 869 168 226 184 94 82 72 36
2 1 5 1 100 0.75 5 870 171 225 180 96 85 75 36
2 1 5 1 100 0.75 5 870 171 225 225 96 109 75 36
2 1 5 1 100 0.75 5 900 171 225 225 96 11 75 36
2 1 5 1 100 0.75 6 901 0 2 2 0 11 0 0
2 1 5 1 100 0.75 6 902 0 4 4 0 11 0 0
2 1 5 1 100 0.75 6 903 0 6 6 0 11 0 0
2 1 5 1 100 0.75 6 904 0 8 8 0 11 0 0
2 1 5 1 100 0.75 6 905 0 10 10 0 11 0 0
2 1 5 1 100 0.75 6 906 0 12 12 0 11 0 0
2 1 5 1 100 0.75 6 907 0 14 14 0 11 0 0
2 1 5 1 100 0.75 6 908 0 16 16 0 11 0 0
2 1 5 1 100 0.75 6 909 0 18 18 0 11 0 0
2 1 5 1 100 0.75 6 910 0 20 20 0 11 0 0
2 1 5 1 100 0.75 6 911 0 22 22 0 11 0 0
2 1 5 1 100 0.75 6 912 0 24 24 0 11 0 0
2 1 5 1 100 0.75 6 913 0 26 26 0 11 0 0
2 1 5 1 100 0.75 6 914 0 28 28 0 11 0 0
2 1 5 1 100 0.75 6 915 0 30 29 0 11 0 0
2 1 5 1 100 0.75 6 916 0 32 32 0 11 0 0
2 1 5 1 100 0.75 6 917 0 34 34 0 11 0 0
2 1 5 1 100 0.75 6 918 0 36 36 0 11 0 0
2 1 5 1 100 0.75 6 919 1 38 37 0 11 0 0
2 1 5 1 100 0.75 6 920 1 40 39 1 11 0 0
2 1 5 1 100 0.75 6 921 1 42 41 1 11 0 0
2 1 5 1 100 0.75 6 922 1 44 43 1 11 0 0
2 1 5 1 100 0.75 6 923 1 46 45 1 11 0 0
2 1 5 1 100 0.75 6 924 2 48 46 1 11 0 0
2 1 5 1 100 0.75 6 925 2 50 48 2 11 0 0
2 1 5 1 100 0.75 6 926 3 52 50 2 11 0 0
2 1 5 1 100 0.75 6 927 3 54 52 3 11 0 0
2 1 5 1 100 0.75 6 928 4 56 53 3 11 0 0
2 1 5 1 100 0.75 6 929 4 58 55 4 11 0 0
2 1 5 1 100 0.75 6 930 4 60 57 4 11 0 0
2 1 5 1 100 0.75 6 931 5 62 59 4 11 0 1
2 1 5 1 100 0.75 6 932 5 64 61 5 11 0 1
2 1 5 1 100 0.75 6 933 5 66 64 5 11 0 2
2 1 5 1 100 0.75 6 934 5 68 66 5 11 0 2
2 1 5 1 100 0.75 6 935 5 70 68 5 11 0 2
2 1 5 1 100 0.75 6 936 5 72 71 5 11 0 3
2 1 5 1 100 0.75 6 937 5 74 73 5 11 0 3
2 1 5 1 100 0.75 6 938 5 76 75 5 11 0 3
2 1 5 1 100 0.75 6 939 5 78 77 5 11 0 4
2 1 5 1 100 0.75 6 940 5 80 80 5 11 0 4
2 1 5 1 100 0.75 6 941 6 82 81 5 11 0 4
2 1 5 1 100 0.75 6 942 6 84 83 6 11 0 4
2 1 5 1 100 0.75 6 943 6 86 85 6 11 0 4
2 1 5 1 100 0.75 6 944 6 88 86 6 11 0 4
2 1 5 1 100 0.75 6 945 6 90 89 6 11 0 4
2 1 5 1 100 0.75 6 946 6 92 91 6 11 0 4
2 1 5 1 100 0.75 6 947 6 93 92 5 12 1 3
2 1 5 1 100 0.75 6 948 8 95 92 5 12 1 3
2 1 5 1 100 0.75 6 949 8 97 95 7 12 1 4
2 1 5 1 100 0.75 6 950 9 99 95 7 12 1 4
2 1 5 1 100 0.75 6 951 9 100 96 7 13 2 3
2 1 5 1 100 0.75 6 952 10 102 98 7 13 2 3
2 1 5 1 100 0.75 6 953 10 103 99 7 14 3 2
2 1 5 1 100 0.75 6 954 10 105 101 7 14 3 2
2 1 5 1 100 0.75 6 955 10 107 103 7 14 3 2
2 1 5 1 100 0.75 6 956 10 109 105 7 14 3 4
2 1 5 1 100 0.75 6 957 12 110 106 6 15 4 4
2 1 5 1 100 0.75 6 958 15 112 106 8 15 4 4
2 1 5 1 100 0.75 6 959 15 114 107 11 15 4 4
2 1 5 1 100 0.75 6 960 15 116 111 11 15 4 5
2 1 5 1 100 0.75 6 961 15 118 112 11 15 4 5
2 1 5 1 100 0.75 6 962 16 120 114 11 15 4 5
2 1 5 1 100 0.75 6 963 17 122 115 12 15 4 5
2 1 5 1 100 0.75 6 964 18 123 117 12 16 5 5
2 1 5 1 100 0.75 6 965 20 125 118 13 16 5 5
2 1 5 1 100 0.75 6 966 20 127 120 15 16 5 7
2 1 5 1 100 0.75 6 967 21 129 122 15 16 5 7
2 1 5 1 100 0.75 6 968 22 131 123 16 16 5 7
2 1 5 1 100 0.75 6 969 22 133 125 17 16 5 7
2 1 5 1 100 0.75 6 970 23 135 126 17 16 5 7
2 1 5 1 100 0.75 6 971 24 137 130 18 16 5 9
2 1 5 1 100 0.75 6 972 24 139 131 19 16 5 10
2 1 5 1 100 0.75 6 973 25 140 133 18 17 6 10
2 1 5 1 100 0.75 6 974 25 141 135 18 18 7 10
2 1 5 1 100 0.75 6 975 26 142 135 17 19 8 9
2 1 5 1 100 0.75 6 976 28 144 135 18 19 8 9
2 1 5 1 100 0.75 6 977 28 145 133 19 20 9 8
2 1 5 1 100 0.75 6 978 28 147 138 19 20 9 10
2 1 5 1 100 0.75 6 979 32 149 137 19 20 9 10
2 1 5 1 100 0.75 6 980 34 151 139 23 20 9 11
2 1 5 1 100 0.75 6 981 34 152 139 24 21 10 10
2 1 5 1 100 0.75 6 982 34 153 141 23 22 11 9
2 1 5 1 100 0.75 6 983 34 154 144 22 23 12 9
2 1 5 1 100 0.75 6 984 34 156 146 22 23 12 10
2 1 5 1 100 0.75 6 985 36 158 147 22 23 12 10
2 1 5 1 100 0.75 6 986 36 160 151 24 23 12 11
2 1 5 1 100 0.75 6 987 38 162 154 24 23 12 15
2 1 5 1 100 0.75 6 988 39 164 156 26 23 12 15
2 1 5 1 100 0.75 6 989 40 164 155 25 25 14 13
2 1 5 1 100 0.75 6 990 40 165 156 25 26 15 12
2 1 5 1 100 0.75 6 991 43 167 154 25 26 15 12
2 1 5 1 100 0.75 6 992 44 167 155 26 28 17 11
2 1 5 1 100 0.75 6 993 46 167 153 25 30 19 10
2 1 5 1 100 0.75 6 994 46 169 157 27 30 19 11
2 1 5 1 100 0.75 6 995 47 170 157 26 31 20 11
2 1 5 1 100 0.75 6 996 48 172 159 27 31 20 11
2 1 5 1 100 0.75 6 997 48 174 160 28 31 20 12
2 1 5 1 100 0.75 6 998 51 175 160 27 32 21 12
2 1 5 1 100 0.75 6 999 52 177 162 30 32 21 13
2 1 5 1 100 0.75 6 1000 54 179 164 31 32 21 14
2 1 5 1 100 0.75 6 1001 56 180 164 32 33 22 14
2 1 5 1 100 0.75 6 1002 57 181 163 33 34 23 13
2 1 5 1 100 0.75 6 1003 57 182 167 33 35 24 13
2 1 5 1 100 0.75 6 1004 58 183 168 32 36 25 13
2 1 5 1 100 0.75 6 1005 59 185 171 33 36 25 14
2 1 5 1 100 0.75 6 1006 59 186 174 33 37 26 16
2 1 5 1 100 0.75 6 1007 61 187 175 32 38 27 17
2 1 5 1 100 0.75 6 1008 61 189 176 34 38 27 18
2 1 5 1 100 0.75 6 1009 63 190 174 33 39 28 19
2 1 5 1 100 0.75 6 1010 63 192 180 36 38 28 19
2 1 5 1 100 0.75 6 1011 64 192 178 34 40 30 17
2 1 5 1 100 0.75 6 1012 65 194 182 35 40 30 18
2 1 5 1 100 0.75 6 1013 66 195 181 35 41 31 17
2 1 5 1 100 0.75 6 1014 70 195 177 34 43 33 17
2 1 5 1 100 0.75 6 1015 73 196 178 37 44 34 16
2 1 5 1 100 0.75 6 1016 75 197 178 39 45 35 17
2 1 5 1 100 0.75 6 1017 76 199 178 41 45 35 18
2 1 5 1 100 0.75 6 1018 77 200 183 41 46 36 18
2 1 5 1 100 0.75 6 1019 77 202 184 42 46 36 18
2 1 5 1 100 0.75 6 1020 80 204 179 42 46 36 19
2 1 5 1 100 0.75 6 1021 82 203 182 42 49 39 16
2 1 5 1 100 0.75 6 1022 84 202 180 41 52 42 16
2 1 5 1 100 0.75 6 1023 86 204 186 43 52 42 18
2 1 5 1 100 0.75 6 1024 89 204 184 43 54 44 18
2 1 5 1 100 0.75 6 1025 92 205 183 45 55 45 17
2 1 5 1 100 0.75 6 1026 95 207 182 48 55 45 17
2 1 5 1 100 0.75 6 1027 97 208 181 50 56 46 17
2 1 5 1 100 0.75 6 1028 100 210 184 52 56 46 18
2 1 5 1 100 0.75 6 1029 102 210 184 53 58 48 17
2 1 5 1 100 0.75 6 1030 105 211 181 54 59 49 17
2 1 5 1 100 0.75 6 1031 106 213 184 57 59 49 19
2 1 5 1 100 0.75 6 1032 109 215 185 58 59 49 22
2 1 5 1 100 0.75 6 1033 112 217 186 61 59 49 23
2 1 5 1 100 0.75 6 1034 113 218 187 63 60 50 22
2 1 5 1 100 0.75 6 1035 113 219 190 63 61 51 24
2 1 5 1 100 0.75 6 1036 115 219 192 61 63 53 24
2 1 5 1 100 0.75 6 1037 119 220 193 62 64 54 25
2 1 5 1 100 0.75 6 1038 122 220 192 64 66 56 25
2 1 5 1 100 0.75 6 1039 125 221 190 66 67 57 26
2 1 5 1 100 0.75 6 1040 127 220 191 66 70 60 26
2 1 5 1 100 0.75 6 1041 128 222 193 68 70 60 27
2 1 5 1 100 0.75 6 1042 129 222 195 67 72 62 26
2 1 5 1 100 0.75 6 1043 133 224 191 68 72 62 27
2 1 5 1 100 0.75 6 1044 135 225 190 72 73 63 27
2 1 5 1 100 0.75 6 1045 141 227 190 74 73 63 30
2 1 5 1 100 0.75 6 1046 142 229 194 80 73 63 32
2 1 5 1 100 0.75 6 1047 144 229 192 80 75 65 31
2 1 5 1 100 0.75 6 1048 147 230 185 81 76 66 31
2 1 5 1 100 0.75 6 1049 150 229 189 82 79 69 29
2 1 5 1 100 0.75 6 1050 151 229 189 83 81 71 30
2 1 5 1 100 0.75 6 1050 151 229 229 83 106 71 30
2 1 5 1 100 0.75 6 1080 151 229 229 83 11 71 30
2 1 5 1 100 0.75 7 1081 0 2 2 0 11 0 0
2 1 5 1 100 0.75 7 1082 0 4 4 0 11 0 0
2 1 5 1 100 0.75 7 1083 0 6 6 0 11 0 0
2 1 5 1 100 0.75 7 1084 0 8 8 0 11 0 0
2 1 5 1 100 0.75 7 1085 0 10 10 0 11 0 0
2 1 5 1 100 0.75 7 1086 0 12 12 0 11 0 0
2 1 5 1 100 0.75 7 1087 0 14 14 0 11 0 0
2 1 5 1 100 0.75 7 1088 0 16 16 0 11 0 0
2 1 5 1 100 0.75 7 1089 0 18 18 0 11 0 0
2 1 5 1 100 0.75 7 1090 0 20 20 0 11 0 0
2 1 5 1 100 0.75 7 1091 0 22 22 0 11 0 0
2 1 5 1 100 0.75 7 1092 0 24 24 0 11 0 0
2 1 5 1 100 0.75 7 1093 0 26 26 0 11 0 0
2 1 5 1 100 0.75 7 1094 0 28 28 0 11 0 0
2 1 5 1 100 0.75 7 1095 0 30 30 0 11 0 0
2 1 5 1 100 0.75 7 1096 0 32 32 0 11 0 0
2 1 5 1 100 0.75 7 1097 0 34 34 0 11 0 0
2 1 5 1 100 0.75 7 1098 0 36 36 0 11 0 0
2 1 5 1 100 0.75 7 1099 1 38 37 0 11 0 0
2 1 5 1 100 0.75 7 1100 1 40 39 1 11 0 0
2 1 5 1 100 0.75 7 1101 1 42 41 1 11 0 0
2 1 5 1 100 0.75 7 1102 2 44 42 1 11 0 0
2 1 5 1 100 0.75 7 1103 2 46 44 2 11 0 0
2 1 5 1 100 0.75 7 1104 2 48 46 2 11 0 0
2 1 5 1 100 0.75 7 1105 2 50 48 2 11 0 0
2 1 5 1 100 0.75 7 1106 2 52 50 2 11 0 0
2 1 5 1 100 0.75 7 1107 2 54 53 2 11 0 0
2 1 5 1 100 0.75 7 1108 2 56 54 2 11 0 0
2 1 5 1 100 0.75 7 1109 2 58 56 2 11 0 0
2 1 5 1 100 0.75 7 1110 2 60 59 2 11 0 1
2 1 5 1 100 0.75 7 1111 2 62 60 2 11 0 1
2 1 5 1 100 0.75 7 1112 2 64 63 2 11 0 1
2 1 5 1 100 0.75 7 1113 3 66 64 2 11 0 1
2 1 5 1 100 0.75 7 1114 4 68 65 3 11 0 1
2 1 5 1 100 0.75 7 1115 4 70 67 4 11 0 1
2 1 5 1 100 0.75 7 1116 5 72 68 4 11 0 1
2 1 5 1 100 0.75 7 1117 5 74 70 5 11 0 1
2 1 5 1 100 0.75 7 1118 5 76 72 5 11 0 1
2 1 5 1 100 0.75 7 1119 5 78 74 5 11 0 1
2 1 5 1 100 0.75 7 1120 5 80 77 5 11 0 2
2 1 5 1 100 0.75 7 1121 6 82 79 5 11 0 3
2 1 5 1 100 0.75 7 1122 6 84 81 6 11 0 3
2 1 5 1 100 0.75 7 1123 6 86 83 6 11 0 3
2 1 5 1 100 0.75 7 1124 6 88 86 6 11 0 4
2 1 5 1 100 0.75 7 1125 6 90 88 6 11 0 4
2 1 5 1 100 0.75 7 1126 6 92 90 6 11 0 4
2 1 5 1 100 0.75 7 1127 6 94 91 6 11 0 4
2 1 5 1 100 0.75 7 1128 6 96 95 6 11 0 5
2 1 5 1 100 0.75 7 1129 6 98 95 6 11 0 5
2 1 5 1 100 0.75 7 1130 6 99 98 5 12 1 4
2 1 5 1 100 0.75 7 1131 6 101 99 5 12 1 4
2 1 5 1 100 0.75 7 1132 6 103 102 5 12 1 4
2 1 5 1 100 0.75 7 1133 8 105 102 5 12 1 4
2 1 5 1 100 0.75 7 1134 8 107 104 7 12 1 4
2 1 5 1 100 0.75 7 1135 8 109 105 7 12 1 4
2 1 5 1 100 0.75 7 1136 8 111 108 7 12 1 4
2 1 5 1 100 0.75 7 1137 8 111 108 5 14 3 2
2 1 5 1 100 0.75 7 1138 8 113 109 5 14 3 2
2 1 5 1 100 0.75 7 1139 9 115 109 5 14 3 2
2 1 5 1 100 0.75 7 1140 9 117 113 6 14 3 3
2 1 5 1 100 0.75 7 1141 9 119 117 6 14 3 4
2 1 5 1 100 0.75 7 1142 10 120 117 5 15 4 3
2 1 5 1 100 0.75 7 1143 11 122 118 6 15 4 3
2 1 5 1 100 0.75 7 1144 11 124 120 7 15 4 3
2 1 5 1 100 0.75 7 1145 15 125 116 6 16 5 2
2 1 5 1 100 0.75 7 1146 15 127 118 10 16 5 2
2 1 5 1 100 0.75 7 1147 15 129 121 10 16 5 2
2 1 5 1 100 0.75 7 1148 15 131 124 10 16 5 2
2 1 5 1 100 0.75 7 1149 17 133 124 10 16 5 2
2 1 5 1 100 0.75 7 1150 19 135 126 12 16 5 4
2 1 5 1 100 0.75 7 1151 19 137 127 14 16 5 4
2 1 5 1 100 0.75 7 1152 19 139 130 14 16 5 6
2 1 5 1 100 0.75 7 1153 19 141 134 14 16 5 7
2 1 5 1 100 0.75 7 1154 19 143 138 14 16 5 7
2 1 5 1 100 0.75 7 1155 20 145 139 14 16 5 7
2 1 5 1 100 0.75 7 1156 20 147 142 15 16 5 7
2 1 5 1 100 0.75 7 1157 21 148 140 14 17 6 8
2 1 5 1 100 0.75 7 1158 21 150 145 15 17 6 9
2 1 5 1 100 0.75 7 1159 23 152 146 15 17 6 9
2 1 5 1 100 0.75 7 1160 23 153 147 16 18 7 8
2 1 5 1 100 0.75 7 1161 24 155 147 16 18 7 8
2 1 5 1 100 0.75 7 1162 29 157 147 17 18 7 9
2 1 5 1 100 0.75 7 1163 29 159 148 22 18 7 9
2 1 5 1 100 0.75 7 1164 30 161 150 22 18 7 10
2 1 5 1 100 0.75 7 1165 31 163 151 23 18 7 10
2 1 5 1 100 0.75 7 1166 32 165 153 24 18 7 12
2 1 5 1 100 0.75 7 1167 32 166 156 24 19 8 11
2 1 5 1 100 0.75 7 1168 35 166 154 22 21 10 10
2 1 5 1 100 0.75 7 1169 36 168 156 25 21 10 11
2 1 5 1 100 0.75 7 1170 38 169 158 25 22 11 12
2 1 5 1 100 0.75 7 1171 39 170 158 26 23 12 11
2 1 5 1 100 0.75 7 1172 40 172 162 27 23 12 13
2 1 5 1 100 0.75 7 1173 40 174 165 28 23 12 14
2 1 5 1 100 0.75 7 1174 41 175 165 27 24 13 13
2 1 5 1 100 0.75 7 1175 41 177 169 28 24 13 15
2 1 5 1 100 0.75 7 1176 42 177 167 26 26 15 13
2 1 5 1 100 0.75 7 1177 43 179 170 27 26 15 15
2 1 5 1 100 0.75 7 1178 46 181 171 28 26 15 16
2 1 5 1 100 0.75 7 1179 51 182 169 30 27 16 15
2 1 5 1 100 0.75 7 1180 52 184 171 35 27 16 15
2 1 5 1 100 0.75 7 1181 54 184 168 34 29 18 13
2 1 5 1 100 0.75 7 1182 54 186 171 36 29 18 14
2 1 5 1 100 0.75 7 1183 57 188 172 36 29 18 15
2 1 5 1 100 0.75 7 1184 57 190 174 39 29 18 15
2 1 5 1 100 0.75 7 1185 61 190 171 37 31 20 14
2 1 5 1 100 0.75 7 1186 63 192 175 41 31 20 17
2 1 5 1 100 0.75 7 1187 66 194 176 43 31 20 21
2 1 5 1 100 0.75 7 1188 68 194 175 44 33 22 20
2 1 5 1 100 0.75 7 1189 72 193 170 43 36 25 18
2 1 5 1 100 0.75 7 1190 72 195 173 47 36 25 19
2 1 5 1 100 0.75 7 1191 74 197 175 48 36 25 20
2 1 5 1 100 0.75 7 1192 75 199 180 50 36 25 23
2 1 5 1 100 0.75 7 1193 75 199 180 49 38 27 22
2 1 5 1 100 0.75 7 1194 77 198 180 46 41 30 21
2 1 5 1 100 0.75 7 1195 80 200 181 48 41 30 23
2 1 5 1 100 0.75 7 1196 82 202 182 52 41 30 28
2 1 5 1 100 0.75 7 1197 85 203 179 53 42 31 27
2 1 5 1 100 0.75 7 1198 88 205 185 56 42 31 29
2 1 5 1 100 0.75 7 1199 91 207 182 59 42 31 30
2 1 5 1 100 0.75 7 1200 94 209 184 62 42 31 30
2 1 5 1 100 0.75 7 1201 97 209 180 63 44 33 29
2 1 5 1 100 0.75 7 1202 102 209 178 64 46 35 28
2 1 5 1 100 0.75 7 1203 103 211 182 69 46 35 29
2 1 5 1 100 0.75 7 1204 107 211 179 68 48 37 30
2 1 5 1 100 0.75 7 1205 108 210 179 69 51 40 30
2 1 5 1 100 0.75 7 1206 110 211 182 69 52 41 31
2 1 5 1 100 0.75 7 1207 113 210 182 68 55 44 28
2 1 5 1 100 0.75 7 1208 116 211 182 70 56 45 30
2 1 5 1 100 0.75 7 1209 117 211 186 71 58 47 32
2 1 5 1 100 0.75 7 1210 123 212 182 71 59 48 33
2 1 5 1 100 0.75 7 1211 125 211 179 74 62 51 30
2 1 5 1 100 0.75 7 1212 130 211 177 74 64 53 31
2 1 5 1 100 0.75 7 1213 131 213 179 79 64 53 32
2 1 5 1 100 0.75 7 1214 135 212 175 77 67 56 31
2 1 5 1 100 0.75 7 1215 138 212 177 79 69 58 31
2 1 5 1 100 0.75 7 1216 141 212 175 80 70 60 29
2 1 5 1 100 0.75 7 1217 147 214 177 83 70 60 32
2 1 5 1 100 0.75 7 1218 149 214 177 87 72 62 31
2 1 5 1 100 0.75 7 1219 150 215 174 88 73 63 31
2 1 5 1 100 0.75 7 1220 151 217 183 89 73 63 34
2 1 5 1 100 0.75 7 1221 151 217 182 88 75 65 34
2 1 5 1 100 0.75 7 1222 155 218 180 87 76 66 36
2 1 5 1 100 0.75 7 1223 159 219 180 90 77 67 37
2 1 5 1 100 0.75 7 1224 163 217 177 91 81 71 38
2 1 5 1 100 0.75 7 1225 167 215 179 91 85 75 36
2 1 5 1 100 0.75 7 1226 171 216 176 94 86 76 35
2 1 5 1 100 0.75 7 1227 171 217 174 97 87 77 34
2 1 5 1 100 0.75 7 1228 172 214 173 92 92 82 30
2 1 5 1 100 0.75 7 1229 174 215 174 92 93 83 31
2 1 5 1 100 0.75 7 1230 181 215 174 92 95 85 31
2 1 5 1 100 0.75 7 1230 181 215 215 92 122 85 31
2 1 5 1 100 0.75 7 1260 181 215 215 92 11 85 31
2 1 5 1 100 0.75 8 1261 0 2 2 0 11 0 0
2 1 5 1 100 0.75 8 1262 0 4 4 0 11 0 0
2 1 5 1 100 0.75 8 1263 0 6 6 0 11 0 0
2 1 5 1 100 0.75 8 1264 0 8 8 0 11 0 0
2 1 5 1 100 0.75 8 1265 0 10 10 0 11 0 0
2 1 5 1 100 0.75 8 1266 0 12 12 0 11 0 0
2 1 5 1 100 0.75 8 1267 0 14 14 0 11 0 0
2 1 5 1 100 0.75 8 1268 0 16 16 0 11 0 0
2 1 5 1 100 0.75 8 1269 0 18 18 0 11 0 0
2 1 5 1 100 0.75 8 1270 1 20 19 0 11 0 0
2 1 5 1 100 0.75 8 1271 2 22 20 1 11 0 0
2 1 5 1 100 0.75 8 1272 2 24 22 2 11 0 0
2 1 5 1 100 0.75 8 1273 2 26 24 2 11 0 0
2 1 5 1 100 0.75 8 1274 2 28 26 2 11 0 0
2 1 5 1 100 0.75 8 1275 2 30 28 2 11 0 0
2 1 5 1 100 0.75 8 1276 2 32 30 2 11 0 0
2 1 5 1 100 0.75 8 1277 2 34 33 2 11 0 1
2 1 5 1 100 0.75 8 1278 3 36 34 2 11 0 2
2 1 5 1 100 0.75 8 1279 4 38 35 3 11 0 2
2 1 5 1 100 0.75 8 1280 4 40 37 4 11 0 2
2 1 5 1 100 0.75 8 1281 4 42 40 4 11 0 2
2 1 5 1 100 0.75 8 1282 4 44 41 4 11 0 2
2 1 5 1 100 0.75 8 1283 4 46 44 4 11 0 2
2 1 5 1 100 0.75 8 1284 4 48 45 4 11 0 2
2 1 5 1 100 0.75 8 1285 4 50 48 4 11 0 2
2 1 5 1 100 0.75 8 1286 4 52 51 4 11 0 2
2 1 5 1 100 0.75 8 1287 4 54 53 4 11 0 3
2 1 5 1 100 0.75 8 1288 4 56 55 4 11 0 3
2 1 5 1 100 0.75 8 1289 4 58 56 4 11 0 3
2 1 5 1 100 0.75 8 1290 4 60 59 4 11 0 3
2 1 5 1 100 0.75 8 1291 6 62 59 4 11 0 3
2 1 5 1 100 0.75 8 1292 7 64 59 6 11 0 3
2 1 5 1 100 0.75 8 1293 7 66 62 7 11 0 3
2 1 5 1 100 0.75 8 1294 7 68 63 7 11 0 3
2 1 5 1 100 0.75 8 1295 7 69 65 6 12 1 2
2 1 5 1 100 0.75 8 1296 7 71 67 6 12 1 2
2 1 5 1 100 0.75 8 1297 8 73 68 6 12 1 2
2 1 5 1 100 0.75 8 1298 8 74 69 6 13 2 1
2 1 5 1 100 0.75 8 1299 8 76 73 6 13 2 3
2 1 5 1 100 0.75 8 1300 8 78 76 6 13 2 3
2 1 5 1 100 0.75 8 1301 8 80 78 6 13 2 3
2 1 5 1 100 0.75 8 1302 9 82 79 6 13 2 3
2 1 5 1 100 0.75 8 1303 9 84 81 7 13 2 3
2 1 5 1 100 0.75 8 1304 9 86 83 7 13 2 4
2 1 5 1 100 0.75 8 1305 11 88 84 7 13 2 4
2 1 5 1 100 0.75 8 1306 11 89 84 8 14 3 3
2 1 5 1 100 0.75 8 1307 11 91 87 8 14 3 3
2 1 5 1 100 0.75 8 1308 12 93 87 8 14 3 3
2 1 5 1 100 0.75 8 1309 12 95 90 9 14 3 3
2 1 5 1 100 0.75 8 1310 12 97 93 9 14 3 4
2 1 5 1 100 0.75 8 1311 13 99 93 9 14 3 4
2 1 5 1 100 0.75 8 1312 14 101 95 10 14 3 4
2 1 5 1 100 0.75 8 1313 16 103 97 11 14 3 6
2 1 5 1 100 0.75 8 1314 16 105 97 13 14 3 6
2 1 5 1 100 0.75 8 1315 16 107 102 13 14 3 6
2 1 5 1 100 0.75 8 1316 17 108 101 12 15 4 5
2 1 5 1 100 0.75 8 1317 18 110 103 13 15 4 5
2 1 5 1 100 0.75 8 1318 18 112 106 14 15 4 5
2 1 5 1 100 0.75 8 1319 18 113 107 13 16 5 5
2 1 5 1 100 0.75 8 1320 21 114 108 12 17 6 6
2 1 5 1 100 0.75 8 1321 22 116 107 15 17 6 6
2 1 5 1 100 0.75 8 1322 22 118 110 16 17 6 6
2 1 5 1 100 0.75 8 1323 23 120 110 16 17 6 6
2 1 5 1 100 0.75 8 1324 24 122 113 17 17 6 7
2 1 5 1 100 0.75 8 1325 25 124 115 18 17 6 8
2 1 5 1 100 0.75 8 1326 25 126 117 19 17 6 8
2 1 5 1 100 0.75 8 1327 27 128 119 19 17 6 9
2 1 5 1 100 0.75 8 1328 27 128 119 19 19 8 8
2 1 5 1 100 0.75 8 1329 29 130 118 19 19 8 8
2 1 5 1 100 0.75 8 1330 30 132 120 21 19 8 8
2 1 5 1 100 0.75 8 1331 30 133 123 21 20 9 8
2 1 5 1 100 0.75 8 1332 31 135 124 21 20 9 9
2 1 5 1 100 0.75 8 1333 32 137 127 22 20 9 10
2 1 5 1 100 0.75 8 1334 32 139 128 23 20 9 10
2 1 5 1 100 0.75 8 1335 33 139 130 21 22 11 10
2 1 5 1 100 0.75 8 1336 34 141 132 22 22 11 12
2 1 5 1 100 0.75 8 1337 34 143 135 23 22 11 12
2 1 5 1 100 0.75 8 1338 34 145 136 23 22 11 13
2 1 5 1 100 0.75 8 1339 35 147 137 23 22 11 13
2 1 5 1 100 0.75 8 1340 35 148 140 23 23 12 13
2 1 5 1 100 0.75 8 1341 36 150 142 23 23 12 13
2 1 5 1 100 0.75 8 1342 36 152 144 24 23 12 14
2 1 5 1 100 0.75 8 1343 37 154 145 24 23 12 14
2 1 5 1 100 0.75 8 1344 38 154 146 23 25 14 13
2 1 5 1 100 0.75 8 1345 39 155 145 23 25 15 12
2 1 5 1 100 0.75 8 1346 41 156 145 23 26 16 12
2 1 5 1 100 0.75 8 1347 42 157 146 24 27 17 11
2 1 5 1 100 0.75 8 1348 43 159 148 25 27 17 12
2 1 5 1 100 0.75 8 1349 43 160 149 25 28 18 11
2 1 5 1 100 0.75 8 1350 43 162 149 25 28 18 11
2 1 5 1 100 0.75 8 1351 43 163 154 24 29 19 12
2 1 5 1 100 0.75 8 1352 44 165 154 24 29 19 12
2 1 5 1 100 0.75 8 1353 45 165 155 23 31 21 12
2 1 5 1 100 0.75 8 1354 48 165 155 22 33 23 11
2 1 5 1 100 0.75 8 1355 48 166 155 24 34 24 10
2 1 5 1 100 0.75 8 1356 50 168 156 24 34 24 11
2 1 5 1 100 0.75 8 1357 50 169 156 25 35 25 10
2 1 5 1 100 0.75 8 1358 51 170 156 24 36 26 9
2 1 5 1 100 0.75 8 1359 52 172 159 25 36 26 10
2 1 5 1 100 0.75 8 1360 54 174 160 26 36 26 10
2 1 5 1 100 0.75 8 1361 56 175 162 27 37 27 9
2 1 5 1 100 0.75 8 1362 59 177 161 29 37 27 9
2 1 5 1 100 0.75 8 1363 59 179 164 32 37 27 10
2 1 5 1 100 0.75 8 1364 60 180 164 31 38 28 10
2 1 5 1 100 0.75 8 1365 61 182 166 32 38 28 11
2 1 5 1 100 0.75 8 1366 61 183 167 32 39 29 10
2 1 5 1 100 0.75 8 1367 61 185 172 33 39 29 12
2 1 5 1 100 0.75 8 1368 63 185 170 31 41 31 11
2 1 5 1 100 0.75 8 1369 66 187 173 33 41 31 15
2 1 5 1 100 0.75 8 1370 68 188 172 35 42 32 15
2 1 5 1 100 0.75 8 1371 69 190 173 37 42 32 15
2 1 5 1 100 0.75 8 1372 69 191 173 38 43 33 15
2 1 5 1 100 0.75 8 1373 71 192 176 37 44 34 14
2 1 5 1 100 0.75 8 1374 72 193 174 38 45 35 13
2 1 5 1 100 0.75 8 1375 73 195 176 39 45 35 13
2 1 5 1 100 0.75 8 1376 76 196 177 39 46 36 15
2 1 5 1 100 0.75 8 1377 78 198 177 42 46 36 15
2 1 5 1 100 0.75 8 1378 79 200 180 44 46 36 18
2 1 5 1 100 0.75 8 1379 80 202 186 45 46 36 18
2 1 5 1 100 0.75 8 1380 80 204 185 46 46 36 18
2 1 5 1 100 0.75 8 1381 81 205 189 45 47 37 19
2 1 5 1 100 0.75 8 1382 83 207 190 46 47 37 20
2 1 5 1 100 0.75 8 1383 87 207 188 46 49 39 19
2 1 5 1 100 0.75 8 1384 89 207 187 48 51 41 17
2 1 5 1 100 0.75 8 1385 91 207 188 48 53 43 17
2 1 5 1 100 0.75 8 1386 93 209 183 50 53 43 17
2 1 5 1 100 0.75 8 1387 93 209 191 50 55 45 16
2 1 5 1 100 0.75 8 1388 97 210 186 49 56 46 16
2 1 5 1 100 0.75 8 1389 99 211 187 52 57 47 15
2 1 5 1 100 0.75 8 1390 100 213 190 54 57 47 18
2 1 5 1 100 0.75 8 1391 101 214 192 54 58 48 18
2 1 5 1 100 0.75 8 1392 104 214 188 53 60 50 18
2 1 5 1 100 0.75 8 1393 108 215 191 55 61 51 17
2 1 5 1 100 0.75 8 1394 109 217 191 59 61 51 18
2 1 5 1 100 0.75 8 1395 111 219 191 60 61 51 19
2 1 5 1 100 0.75 8 1396 115 220 194 61 62 52 20
2 1 5 1 100 0.75 8 1397 120 221 193 64 63 53 22
2 1 5 1 100 0.75 8 1398 125 221 187 67 65 55 20
2 1 5 1 100 0.75 8 1399 132 222 183 71 66 56 21
2 1 5 1 100 0.75 8 1400 135 224 185 78 66 56 23
2 1 5 1 100 0.75 8 1401 136 224 187 79 68 58 24
2 1 5 1 100 0.75 8 1402 138 225 187 79 69 59 24
2 1 5 1 100 0.75 8 1403 140 227 191 81 69 59 26
2 1 5 1 100 0.75 8 1404 141 227 190 81 71 61 28
2 1 5 1 100 0.75 8 1405 148 228 192 81 72 62 32
2 1 5 1 100 0.75 8 1406 152 230 195 89 72 62 38
2 1 5 1 100 0.75 8 1407 155 230 196 91 74 64 39
2 1 5 1 100 0.75 8 1408 156 231 197 94 75 65 40
2 1 5 1 100 0.75 8 1409 157 231 197 93 77 67 38
2 1 5 1 100 0.75 8 1410 157 231 202 92 79 69 38
2 1 5 1 100 0.75 8 1410 157 231 231 92 113 69 38
2 1 5 1 100 0.75 8 1440 157 231 231 92 11 69 38
2 1 5 1 100 0.75 9 1441 0 2 2 0 11 0 0
2 1 5 1 100 0.75 9 1442 0 4 4 0 11 0 0
2 1 5 1 100 0.75 9 1443 0 6 6 0 11 0 0
2 1 5 1 100 0.75 9 1444 0 8 8 0 11 0 0
2 1 5 1 100 0.75 9 1445 0 10 10 0 11 0 0
2 1 5 1 100 0.75 9 1446 0 12 12 0 11 0 0
2 1 5 1 100 0.75 9 1447 0 14 14 0 11 0 0
2 1 5 1 100 0.75 9 1448 1 16 15 0 11 0 0
2 1 5 1 100 0.75 9 1449 1 18 17 1 11 0 0
2 1 5 1 100 0.75 9 1450 1 20 19 1 11 0 0
2 1 5 1 100 0.75 9 1451 1 22 21 1 11 0 0
2 1 5 1 100 0.75 9 1452 1 24 23 1 11 0 0
2 1 5 1 100 0.75 9 1453 1 26 25 1 11 0 0
2 1 5 1 100 0.75 9 1454 1 28 27 1 11 0 0
2 1 5 1 100 0.75 9 1455 2 30 29 1 11 0 1
2 1 5 1 100 0.75 9 1456 2 32 30 2 11 0 1
2 1 5 1 100 0.75 9 1457 2 34 32 2 11 0 1
2 1 5 1 100 0.75 9 1458 2 36 34 2 11 0 1
2 1 5 1 100 0.75 9 1459 2 38 37 2 11 0 1
2 1 5 1 100 0.75 9 1460 3 40 37 2 11 0 1
2 1 5 1 100 0.75 9 1461 3 42 40 3 11 0 1
2 1 5 1 100 0.75 9 1462 4 44 42 3 11 0 2
2 1 5 1 100 0.75 9 1463 4 46 44 4 11 0 2
2 1 5 1 100 0.75 9 1464 5 48 45 4 11 0 2
2 1 5 1 100 0.75 9 1465 5 50 47 5 11 0 2
2 1 5 1 100 0.75 9 1466 5 52 49 5 11 0 2
2 1 5 1 100 0.75 9 1467 5 54 51 5 11 0 2
2 1 5 1 100 0.75 9 1468 6 56 53 5 11 0 3
2 1 5 1 100 0.75 9 1469 6 58 54 6 11 0 3
2 1 5 1 100 0.75 9 1470 6 60 58 6 11 0 4
2 1 5 1 100 0.75 9 1471 6 62 60 6 11 0 5
2 1 5 1 100 0.75 9 1472 6 64 62 6 11 0 5
2 1 5 1 100 0.75 9 1473 6 66 65 6 11 0 5
2 1 5 1 100 0.75 9 1474 6 68 67 6 11 0 5
2 1 5 1 100 0.75 9 1475 6 69 68 5 12 1 5
2 1 5 1 100 0.75 9 1476 6 71 71 5 12 1 5
2 1 5 1 100 0.75 9 1477 8 73 70 5 12 1 5
2 1 5 1 100 0.75 9 1478 8 75 73 7 12 1 5
2 1 5 1 100 0.75 9 1479 8 76 73 6 13 2 4
2 1 5 1 100 0.75 9 1480 8 78 74 6 13 2 4
2 1 5 1 100 0.75 9 1481 9 80 77 6 13 2 4
2 1 5 1 100 0.75 9 1482 9 82 78 7 13 2 4
2 1 5 1 100 0.75 9 1483 9 84 81 7 13 2 4
2 1 5 1 100 0.75 9 1484 9 85 81 6 14 3 3
2 1 5 1 100 0.75 9 1485 9 87 86 6 14 3 4
2 1 5 1 100 0.75 9 1486 10 89 86 6 14 3 4
2 1 5 1 100 0.75 9 1487 12 91 87 7 14 3 4
2 1 5 1 100 0.75 9 1488 13 93 88 9 14 3 5
2 1 5 1 100 0.75 9 1489 14 94 89 9 15 4 4
2 1 5 1 100 0.75 9 1490 14 95 89 9 16 5 3
2 1 5 1 100 0.75 9 1491 16 96 89 8 17 6 2
2 1 5 1 100 0.75 9 1492 16 98 91 10 17 6 2
2 1 5 1 100 0.75 9 1493 17 100 92 10 17 6 2
2 1 5 1 100 0.75 9 1494 17 102 95 11 17 6 4
2 1 5 1 100 0.75 9 1495 17 104 98 11 17 6 4
2 1 5 1 100 0.75 9 1496 17 106 102 11 17 6 4
2 1 5 1 100 0.75 9 1497 17 108 103 11 17 6 4
2 1 5 1 100 0.75 9 1498 18 110 107 11 17 6 5
2 1 5 1 100 0.75 9 1499 19 112 108 12 17 6 5
2 1 5 1 100 0.75 9 1500 21 114 108 13 17 6 5
2 1 5 1 100 0.75 9 1501 23 116 110 15 17 6 6
2 1 5 1 100 0.75 9 1502 23 118 111 17 17 6 6
2 1 5 1 100 0.75 9 1503 23 120 112 17 17 6 6
2 1 5 1 100 0.75 9 1504 23 122 115 17 17 6 6
2 1 5 1 100 0.75 9 1505 23 123 116 16 18 7 5
2 1 5 1 100 0.75 9 1506 23 125 120 16 18 7 7
2 1 5 1 100 0.75 9 1507 25 126 120 15 19 8 6
2 1 5 1 100 0.75 9 1508 25 128 124 17 19 8 8
2 1 5 1 100 0.75 9 1509 27 129 123 16 20 9 8
2 1 5 1 100 0.75 9 1510 30 131 122 19 20 9 8
2 1 5 1 100 0.75 9 1511 32 133 121 22 20 9 8
2 1 5 1 100 0.75 9 1512 33 135 124 24 20 9 8
2 1 5 1 100 0.75 9 1513 34 137 125 25 20 9 8
2 1 5 1 100 0.75 9 1514 34 138 126 25 21 10 7
2 1 5 1 100 0.75 9 1515 35 140 129 25 21 10 8
2 1 5 1 100 0.75 9 1516 36 141 131 25 22 11 9
2 1 5 1 100 0.75 9 1517 37 143 133 26 22 11 11
2 1 5 1 100 0.75 9 1518 38 145 137 27 22 11 13
2 1 5 1 100 0.75 9 1519 39 147 140 28 22 11 15
2 1 5 1 100 0.75 9 1520 39 148 142 28 23 12 14
2 1 5 1 100 0.75 9 1521 41 150 142 28 23 12 14
2 1 5 1 100 0.75 9 1522 41 152 145 30 23 12 15
2 1 5 1 100 0.75 9 1523 42 154 146 30 23 12 16
2 1 5 1 100 0.75 9 1524 44 155 147 30 24 13 16
2 1 5 1 100 0.75 9 1525 45 156 148 31 25 14 16
2 1 5 1 100 0.75 9 1526 45 157 148 31 26 15 15
2 1 5 1 100 0.75 9 1527 46 159 152 31 26 15 16
2 1 5 1 100 0.75 9 1528 46 160 155 31 27 16 16
2 1 5 1 100 0.75 9 1529 48 161 153 30 28 17 15
2 1 5 1 100 0.75 9 1530 48 163 156 32 28 17 16
2 1 5 1 100 0.75 9 1531 49 165 158 32 28 17 17
2 1 5 1 100 0.75 9 1532 51 167 159 33 28 17 17
2 1 5 1 100 0.75 9 1533 52 167 156 33 30 19 16
2 1 5 1 100 0.75 9 1534 54 168 159 33 31 20 16
2 1 5 1 100 0.75 9 1535 56 170 158 35 31 20 16
2 1 5 1 100 0.75 9 1536 60 171 157 36 32 21 16
2 1 5 1 100 0.75 9 1537 60 171 157 38 34 23 15
2 1 5 1 100 0.75 9 1538 61 170 155 35 37 26 13
2 1 5 1 100 0.75 9 1539 64 172 154 37 37 26 14
2 1 5 1 100 0.75 9 1540 64 172 157 38 39 28 13
2 1 5 1 100 0.75 9 1541 65 173 157 37 40 29 12
2 1 5 1 100 0.75 9 1542 67 174 158 37 40 30 13
2 1 5 1 100 0.75 9 1543 69 174 157 37 42 32 13
2 1 5 1 100 0.75 9 1544 72 176 160 40 42 32 15
2 1 5 1 100 0.75 9 1545 74 178 161 43 42 32 15
2 1 5 1 100 0.75 9 1546 76 180 165 45 42 32 16
2 1 5 1 100 0.75 9 1547 77 181 166 46 43 33 16
2 1 5 1 100 0.75 9 1548 77 183 167 47 43 33 17
2 1 5 1 100 0.75 9 1549 79 184 168 46 44 34 17
2 1 5 1 100 0.75 9 1550 83 185 169 47 44 35 18
2 1 5 1 100 0.75 9 1551 86 186 170 50 45 36 20
2 1 5 1 100 0.75 9 1552 87 188 169 53 45 36 22
2 1 5 1 100 0.75 9 1553 90 190 173 54 45 36 22
2 1 5 1 100 0.75 9 1554 93 192 172 57 45 36 25
2 1 5 1 100 0.75 9 1555 95 192 172 58 47 38 23
2 1 5 1 100 0.75 9 1556 97 193 168 59 48 39 22
2 1 5 1 100 0.75 9 1557 98 195 176 61 48 39 24
2 1 5 1 100 0.75 9 1558 100 194 173 59 51 42 22
2 1 5 1 100 0.75 9 1559 104 196 177 61 51 42 23
2 1 5 1 100 0.75 9 1560 111 195 168 62 54 45 21
2 1 5 1 100 0.75 9 1561 112 195 169 67 56 47 22
2 1 5 1 100 0.75 9 1562 115 197 171 68 56 47 23
2 1 5 1 100 0.75 9 1563 118 198 173 70 57 48 24
2 1 5 1 100 0.75 9 1564 121 199 174 72 58 49 24
2 1 5 1 100 0.75 9 1565 124 201 171 75 58 49 25
2 1 5 1 100 0.75 9 1566 127 202 169 77 59 50 26
2 1 5 1 100 0.75 9 1567 130 200 175 76 63 54 28
2 1 5 1 100 0.75 9 1568 132 201 173 78 64 55 29
2 1 5 1 100 0.75 9 1569 134 202 172 79 65 56 29
2 1 5 1 100 0.75 9 1570 137 202 171 79 67 58 29
2 1 5 1 100 0.75 9 1571 139 203 176 81 68 59 31
2 1 5 1 100 0.75 9 1572 141 204 176 82 69 60 31
2 1 5 1 100 0.75 9 1573 144 205 180 83 70 61 34
2 1 5 1 100 0.75 9 1574 149 205 170 84 72 63 35
2 1 5 1 100 0.75 9 1575 152 207 179 89 72 63 37
2 1 5 1 100 0.75 9 1576 153 208 180 91 73 64 36
2 1 5 1 100 0.75 9 1577 156 207 181 89 76 67 37
2 1 5 1 100 0.75 9 1578 158 208 175 91 77 68 37
2 1 5 1 100 0.75 9 1579 159 207 179 90 80 71 36
2 1 5 1 100 0.75 9 1580 162 208 176 90 81 72 38
2 1 5 1 100 0.75 9 1581 166 210 178 93 81 72 38
2 1 5 1 100 0.75 9 1582 175 209 174 94 84 75 40
2 1 5 1 100 0.75 9 1583 176 210 177 102 85 76 39
2 1 5 1 100 0.75 9 1584 179 209 171 100 88 79 37
2 1 5 1 100 0.75 9 1585 182 208 171 100 91 82 35
2 1 5 1 100 0.75 9 1586 184 210 167 103 91 82 36
2 1 5 1 100 0.75 9 1587 186 207 165 100 96 87 32
2 1 5 1 100 0.75 9 1588 187 207 170 101 98 89 35
2 1 5 1 100 0.75 9 1589 193 206 168 99 101 92 37
2 1 5 1 100 0.75 9 1590 199 207 165 104 102 93 39
2 1 5 1 100 0.75 9 1590 199 207 207 104 126 93 39
2 1 5 1 100 0.75 9 1620 199 207 207 104 11 93 39
2 1 5 1 100 0.75 10 1621 0 2 2 0 11 0 0
2 1 5 1 100 0.75 10 1622 0 4 4 0 11 0 0
2 1 5 1 100 0.75 10 1623 0 6 6 0 11 0 0
2 1 5 1 100 0.75 10 1624 0 8 8 0 11 0 0
2 1 5 1 100 0.75 10 1625 0 10 10 0 11 0 0
2 1 5 1 100 0.75 10 1626 0 12 12 0 11 0 0
2 1 5 1 100 0.75 10 1627 0 14 14 0 11 0 0
2 1 5 1 100 0.75 10 1628 0 16 16 0 11 0 0
2 1 5 1 100 0.75 10 1629 0 18 18 0 11 0 0
2 1 5 1 100 0.75 10 1630 0 20 20 0 11 0 0
2 1 5 1 100 0.75 10 1631 0 22 22 0 11 0 0
2 1 5 1 100 0.75 10 1632 0 24 24 0 11 0 0
2 1 5 1 100 0.75 10 1633 0 26 26 0 11 0 0
2 1 5 1 100 0.75 10 1634 0 28 28 0 11 0 0
2 1 5 1 100 0.75 10 1635 0 30 30 0 11 0 0
2 1 5 1 100 0.75 10 1636 0 32 32 0 11 0 0
2 1 5 1 100 0.75 10 1637 1 34 33 0 11 0 0
2 1 5 1 100 0.75 10 1638 1 36 35 1 11 0 0
2 1 5 1 100 0.75 10 1639 1 38 37 1 11 0 0
2 1 5 1 100 0.75 10 1640 1 40 38 1 11 0 0
2 1 5 1 100 0.75 10 1641 1 42 41 1 11 0 0
2 1 5 1 100 0.75 10 1642 1 44 43 1 11 0 0
2 1 5 1 100 0.75 10 1643 3 46 42 1 11 0 0
2 1 5 1 100 0.75 10 1644 3 48 46 3 11 0 1
2 1 5 1 100 0.75 10 1645 3 50 48 3 11 0 1
2 1 5 1 100 0.75 10 1646 4 52 49 3 11 0 1
2 1 5 1 100 0.75 10 1647 4 54 51 4 11 0 1
2 1 5 1 100 0.75 10 1648 5 56 52 4 11 0 1
2 1 5 1 100 0.75 10 1649 5 58 54 5 11 0 1
2 1 5 1 100 0.75 10 1650 5 60 58 5 11 0 2
2 1 5 1 100 0.75 10 1651 5 62 59 5 11 0 2
2 1 5 1 100 0.75 10 1652 5 64 60 5 11 0 2
2 1 5 1 100 0.75 10 1653 6 66 63 5 11 0 3
2 1 5 1 100 0.75 10 1654 6 68 64 6 11 0 3
2 1 5 1 100 0.75 10 1655 6 70 67 6 11 0 3
2 1 5 1 100 0.75 10 1656 6 72 69 6 11 0 4
2 1 5 1 100 0.75 10 1657 6 74 72 6 11 0 4
2 1 5 1 100 0.75 10 1658 7 76 73 6 11 0 4
2 1 5 1 100 0.75 10 1659 9 77 72 6 12 1 3
2 1 5 1 100 0.75 10 1660 9 79 74 8 12 1 3
2 1 5 1 100 0.75 10 1661 9 81 77 8 12 1 3
2 1 5 1 100 0.75 10 1662 9 83 79 8 12 1 3
2 1 5 1 100 0.75 10 1663 10 85 80 8 12 1 3
2 1 5 1 100 0.75 10 1664 10 87 82 9 12 1 3
2 1 5 1 100 0.75 10 1665 10 88 83 8 13 2 2
2 1 5 1 100 0.75 10 1666 10 90 87 8 13 2 3
2 1 5 1 100 0.75 10 1667 10 92 89 8 13 2 4
2 1 5 1 100 0.75 10 1668 10 93 89 7 14 3 3
2 1 5 1 100 0.75 10 1669 11 95 92 7 14 3 3
2 1 5 1 100 0.75 10 1670 11 97 95 8 14 3 4
2 1 5 1 100 0.75 10 1671 13 99 94 8 14 3 4
2 1 5 1 100 0.75 10 1672 14 101 96 10 14 3 4
2 1 5 1 100 0.75 10 1673 16 103 96 11 14 3 4
2 1 5 1 100 0.75 10 1674 17 104 95 12 15 4 3
2 1 5 1 100 0.75 10 1675 17 106 98 13 15 4 3
2 1 5 1 100 0.75 10 1676 17 108 100 13 15 4 4
2 1 5 1 100 0.75 10 1677 18 110 101 13 15 4 4
2 1 5 1 100 0.75 10 1678 19 112 105 14 15 4 6
2 1 5 1 100 0.75 10 1679 20 114 105 15 15 4 7
2 1 5 1 100 0.75 10 1680 20 116 108 16 15 4 7
2 1 5 1 100 0.75 10 1681 22 117 109 15 16 5 8
2 1 5 1 100 0.75 10 1682 24 119 111 17 16 5 9
2 1 5 1 100 0.75 10 1683 25 121 112 19 16 5 9
2 1 5 1 100 0.75 10 1684 25 123 114 20 16 5 9
2 1 5 1 100 0.75 10 1685 25 125 117 20 16 5 10
2 1 5 1 100 0.75 10 1686 25 127 119 20 16 5 11
2 1 5 1 100 0.75 10 1687 25 128 122 19 17 6 11
2 1 5 1 100 0.75 10 1688 25 129 123 18 18 7 11
2 1 5 1 100 0.75 10 1689 28 131 125 18 18 7 13
2 1 5 1 100 0.75 10 1690 30 133 127 21 18 7 14
2 1 5 1 100 0.75 10 1691 32 134 126 22 19 8 13
2 1 5 1 100 0.75 10 1692 33 136 127 24 19 8 13
2 1 5 1 100 0.75 10 1693 34 138 128 25 19 8 13
2 1 5 1 100 0.75 10 1694 34 138 127 24 21 10 11
2 1 5 1 100 0.75 10 1695 35 140 129 24 21 10 11
2 1 5 1 100 0.75 10 1696 36 142 131 25 21 10 13
2 1 5 1 100 0.75 10 1697 38 144 132 26 21 10 14
2 1 5 1 100 0.75 10 1698 40 144 134 26 23 12 15
2 1 5 1 100 0.75 10 1699 41 145 131 27 24 13 14
2 1 5 1 100 0.75 10 1700 41 146 137 27 25 14 14
2 1 5 1 100 0.75 10 1701 42 148 137 27 25 14 14
2 1 5 1 100 0.75 10 1702 43 149 138 27 26 15 13
2 1 5 1 100 0.75 10 1703 45 151 139 28 26 15 14
2 1 5 1 100 0.75 10 1704 46 152 142 29 27 16 15
2 1 5 1 100 0.75 10 1705 48 152 140 28 29 18 14
2 1 5 1 100 0.75 10 1706 51 153 142 29 30 19 14
2 1 5 1 100 0.75 10 1707 53 155 140 32 30 19 14
2 1 5 1 100 0.75 10 1708 53 156 140 33 31 20 13
2 1 5 1 100 0.75 10 1709 53 158 142 33 31 20 13
2 1 5 1 100 0.75 10 1710 54 159 145 32 32 21 14
2 1 5 1 100 0.75 10 1711 56 161 144 33 32 21 15
2 1 5 1 100 0.75 10 1712 56 163 150 35 32 21 18
2 1 5 1 100 0.75 10 1713 57 164 152 34 33 22 19
2 1 5 1 100 0.75 10 1714 58 164 156 33 35 24 19
2 1 5 1 100 0.75 10 1715 62 163 150 31 38 27 16
2 1 5 1 100 0.75 10 1716 64 164 149 34 39 28 15
2 1 5 1 100 0.75 10 1717 67 166 148 36 39 28 15
2 1 5 1 100 0.75 10 1718 69 168 150 39 39 28 17
2 1 5 1 100 0.75 10 1719 70 170 149 41 39 28 18
2 1 5 1 100 0.75 10 1720 72 172 152 42 39 28 18
2 1 5 1 100 0.75 10 1721 73 173 151 43 40 29 18
2 1 5 1 100 0.75 10 1722 74 174 158 43 41 30 19
2 1 5 1 100 0.75 10 1723 77 175 157 43 42 31 20
2 1 5 1 100 0.75 10 1724 79 176 155 45 43 32 20
2 1 5 1 100 0.75 10 1725 82 176 159 45 45 34 21
2 1 5 1 100 0.75 10 1726 84 178 158 48 45 34 22
2 1 5 1 100 0.75 10 1727 85 179 160 49 46 35 23
2 1 5 1 100 0.75 10 1728 87 179 157 48 48 37 21
2 1 5 1 100 0.75 10 1729 89 179 160 48 50 39 20
2 1 5 1 100 0.75 10 1730 93 180 157 49 51 40 20
2 1 5 1 100 0.75 10 1731 93 181 162 52 52 41 23
2 1 5 1 100 0.75 10 1732 94 181 161 50 54 43 21
2 1 5 1 100 0.75 10 1733 96 183 165 51 54 43 25
2 1 5 1 100 0.75 10 1734 101 185 161 53 54 43 26
2 1 5 1 100 0.75 10 1735 102 186 158 58 55 44 25
2 1 5 1 100 0.75 10 1736 102 188 166 59 55 44 28
2 1 5 1 100 0.75 10 1737 105 188 162 57 57 46 30
2 1 5 1 100 0.75 10 1738 106 189 166 59 58 47 30
2 1 5 1 100 0.75 10 1739 112 191 164 60 58 47 30
2 1 5 1 100 0.75 10 1740 114 192 161 65 59 48 31
2 1 5 1 100 0.75 10 1741 114 191 165 64 62 51 30
2 1 5 1 100 0.75 10 1742 120 192 164 63 63 52 33
2 1 5 1 100 0.75 10 1743 123 191 162 66 66 55 30
2 1 5 1 100 0.75 10 1744 125 192 160 68 67 56 31
2 1 5 1 100 0.75 10 1745 128 192 163 68 69 58 30
2 1 5 1 100 0.75 10 1746 130 191 159 68 72 61 30
2 1 5 1 100 0.75 10 1747 134 192 161 69 73 62 31
2 1 5 1 100 0.75 10 1748 137 193 161 72 74 63 30
2 1 5 1 100 0.75 10 1749 139 193 163 73 76 65 31
2 1 5 1 100 0.75 10 1750 142 195 159 75 76 65 33
2 1 5 1 100 0.75 10 1751 144 194 161 75 79 68 31
2 1 5 1 100 0.75 10 1752 148 195 162 76 80 69 33
2 1 5 1 100 0.75 10 1753 151 193 161 76 84 73 31
2 1 5 1 100 0.75 10 1754 154 194 160 78 85 74 30
2 1 5 1 100 0.75 10 1755 155 195 164 80 86 75 33
2 1 5 1 100 0.75 10 1756 157 195 163 79 88 77 33
2 1 5 1 100 0.75 10 1757 160 192 158 76 93 82 31
2 1 5 1 100 0.75 10 1758 162 194 164 79 93 82 33
2 1 5 1 100 0.75 10 1759 164 195 163 81 94 83 33
2 1 5 1 100 0.75 10 1760 167 195 161 81 96 85 32
2 1 5 1 100 0.75 10 1761 169 197 165 85 96 85 34
2 1 5 1 100 0.75 10 1762 171 194 162 82 101 90 30
2 1 5 1 100 0.75 10 1763 175 196 160 84 101 90 32
2 1 5 1 100 0.75 10 1764 178 195 158 86 104 93 31
2 1 5 1 100 0.75 10 1765 181 196 157 88 105 94 30
2 1 5 1 100 0.75 10 1766 183 197 158 91 106 95 32
2 1 5 1 100 0.75 10 1767 187 197 154 91 108 97 32
2 1 5 1 100 0.75 10 1768 190 196 153 92 111 100 30
2 1 5 1 100 0.75 10 1769 192 196 152 93 113 102 30
2 1 5 1 100 0.75 10 1770 194 197 154 94 114 103 32
2 1 5 1 100 0.75 10 1770 194 197 197 94 141 103 32
2 1 5 1 100 0.75 10 1800 194 197 197 94 11 103 32
