9 3 5 1 100 0.75 1 1 0 9 9 0 100 0 0
9 3 5 1 100 0.75 1 2 0 18 18 0 100 0 0
9 3 5 1 100 0.75 1 3 0 27 27 0 100 0 0
9 3 5 1 100 0.75 1 4 0 36 36 0 100 0 0
9 3 5 1 100 0.75 1 5 0 45 45 0 100 0 0
9 3 5 1 100 0.75 1 6 0 54 52 0 100 0 0
9 3 5 1 100 0.75 1 7 0 63 63 0 100 0 0
9 3 5 1 100 0.75 1 8 2 72 70 0 100 0 0
9 3 5 1 100 0.75 1 9 2 81 79 2 100 0 0
9 3 5 1 100 0.75 1 10 2 90 87 2 100 0 0
9 3 5 1 100 0.75 1 11 2 99 97 2 100 0 0
9 3 5 1 100 0.75 1 12 4 108 102 2 100 0 0
9 3 5 1 100 0.75 1 13 4 117 112 4 100 0 0
9 3 5 1 100 0.75 1 14 4 126 122 4 100 0 0
9 3 5 1 100 0.75 1 15 7 135 125 4 100 0 1
9 3 5 1 100 0.75 1 16 7 144 136 7 100 0 1
9 3 5 1 100 0.75 1 17 7 153 143 7 100 0 1
9 3 5 1 100 0.75 1 18 11 162 149 7 100 0 1
9 3 5 1 100 0.75 1 19 14 171 154 11 100 0 1
9 3 5 1 100 0.75 1 20 16 180 161 14 100 0 3
9 3 5 1 100 0.75 1 21 18 189 171 16 100 0 3
9 3 5 1 100 0.75 1 22 20 198 175 18 100 0 4
9 3 5 1 100 0.75 1 23 24 207 184 20 100 0 6
9 3 5 1 100 0.75 1 24 29 216 185 24 100 0 6
9 3 5 1 100 0.75 1 25 34 225 196 29 100 0 8
9 3 5 1 100 0.75 1 26 37 234 203 34 100 0 10
9 3 5 1 100 0.75 1 27 41 243 209 37 100 0 12
9 3 5 1 100 0.75 1 28 43 252 215 41 100 0 12
9 3 5 1 100 0.75 1 29 46 261 228 43 100 0 15
9 3 5 1 100 0.75 1 30 49 270 232 46 100 0 16
9 3 5 1 100 0.75 1 31 55 279 240 49 100 0 19
9 3 5 1 100 0.75 1 32 56 288 256 55 100 0 22
9 3 5 1 100 0.75 1 33 62 296 256 55 101 1 23
9 3 5 1 100 0.75 1 34 64 305 268 61 101 1 24
9 3 5 1 100 0.75 1 35 71 314 271 63 101 1 27
9 3 5 1 100 0.75 1 36 75 323 283 70 101 1 30
9 3 5 1 100 0.75 1 37 78 331 287 73 102 2 31
9 3 5 1 100 0.75 1 38 80 340 304 76 102 2 35
9 3 5 1 100 0.75 1 39 85 348 304 77 103 3 37
9 3 5 1 100 0.75 1 40 87 355 312 80 105 5 37
9 3 5 1 100 0.75 1 41 92 364 321 82 105 5 39
9 3 5 1 100 0.75 1 42 96 371 325 85 107 7 38
9 3 5 1 100 0.75 1 43 100 379 336 88 108 8 40
9 3 5 1 100 0.75 1 44 104 387 339 91 109 9 40
9 3 5 1 100 0.75 1 45 106 393 345 92 112 12 38
9 3 5 1 100 0.75 1 46 110 400 349 92 113 14 40
9 3 5 1 100 0.75 1 47 115 406 348 93 116 17 37
9 3 5 1 100 0.75 1 48 121 414 360 97 117 18 39
9 3 5 1 100 0.75 1 49 128 420 365 100 120 21 38
9 3 5 1 100 0.75 1 50 132 425 366 103 124 25 36
9 3 5 1 100 0.75 1 51 136 433 374 107 125 26 37
9 3 5 1 100 0.75 1 52 138 439 382 108 128 29 36
9 3 5 1 100 0.75 1 53 144 447 379 109 129 30 37
9 3 5 1 100 0.75 1 54 154 453 392 112 132 33 37
9 3 5 1 100 0.75 1 55 163 457 388 117 136 38 36
9 3 5 1 100 0.75 1 56 170 464 387 124 138 40 38
9 3 5 1 100 0.75 1 57 176 472 390 130 139 41 42
9 3 5 1 100 0.75 1 58 182 477 398 133 143 45 41
9 3 5 1 100 0.75 1 59 187 486 407 139 143 45 45
9 3 5 1 100 0.75 1 60 193 493 409 142 145 47 44
9 3 5 1 100 0.75 1 61 199 499 418 145 148 50 49
9 3 5 1 100 0.75 1 62 206 505 419 148 151 53 49
9 3 5 1 100 0.75 1 63 214 514 435 156 151 53 55
9 3 5 1 100 0.75 1 64 221 520 436 162 153 56 56
9 3 5 1 100 0.75 1 65 228 527 442 167 155 58 60
9 3 5 1 100 0.75 1 66 238 535 441 173 156 59 62
9 3 5 1 100 0.75 1 67 245 543 452 182 157 60 67
9 3 5 1 100 0.75 1 68 254 549 458 186 160 63 67
9 3 5 1 100 0.75 1 69 264 556 466 193 162 65 69
9 3 5 1 100 0.75 1 70 276 563 465 201 164 67 77
9 3 5 1 100 0.75 1 71 280 569 464 210 167 70 78
9 3 5 1 100 0.75 1 72 287 573 471 210 172 75 79
9 3 5 1 100 0.75 1 73 295 577 471 212 177 80 83
9 3 5 1 100 0.75 1 74 303 581 469 215 182 85 85
9 3 5 1 100 0.75 1 75 311 588 476 221 184 87 88
9 3 5 1 100 0.75 1 76 321 594 481 226 187 90 91
9 3 5 1 100 0.75 1 77 328 601 489 234 189 92 98
9 3 5 1 100 0.75 1 78 337 604 494 235 195 98 95
9 3 5 1 100 0.75 1 79 346 610 487 242 198 101 97
9 3 5 1 100 0.75 1 80 355 615 500 249 202 105 99
9 3 5 1 100 0.75 1 81 364 618 499 253 208 111 99
9 3 5 1 100 0.75 1 82 373 621 492 256 214 117 98
9 3 5 1 100 0.75 1 83 382 626 490 263 218 121 99
9 3 5 1 100 0.75 1 84 395 632 493 269 221 124 103
9 3 5 1 100 0.75 1 85 409 635 496 278 227 130 108
9 3 5 1 100 0.75 1 86 420 640 491 288 231 134 110
9 3 5 1 100 0.75 1 87 432 642 494 294 238 141 108
9 3 5 1 100 0.75 1 88 439 647 494 303 242 145 111
9 3 5 1 100 0.75 1 89 453 650 497 308 248 151 114
9 3 5 1 100 0.75 1 90 463 647 481 311 259 163 112
9 3 5 1 100 0.75 1 91 471 653 479 320 262 166 119
9 3 5 1 100 0.75 1 92 481 653 490 321 271 175 119
9 3 5 1 100 0.75 1 93 498 657 492 327 275 180 121
9 3 5 1 100 0.75 1 94 507 665 498 343 276 181 131
9 3 5 1 100 0.75 1 95 518 666 487 349 284 189 130
9 3 5 1 100 0.75 1 96 530 671 485 358 288 193 135
9 3 5 1 100 0.75 1 97 541 673 488 364 295 200 144
9 3 5 1 100 0.75 1 98 548 673 480 367 304 209 141
9 3 5 1 100 0.75 1 99 555 679 487 374 307 212 142
9 3 5 1 100 0.75 1 100 575 681 486 377 314 219 147
9 3 5 1 100 0.75 1 101 588 685 485 396 319 224 152
9 3 5 1 100 0.75 1 102 601 689 483 407 324 229 157
9 3 5 1 100 0.75 1 103 614 692 477 417 330 235 163
9 3 5 1 100 0.75 1 104 627 695 486 427 336 241 166
9 3 5 1 100 0.75 1 105 635 694 480 431 346 251 164
9 3 5 1 100 0.75 1 106 644 693 472 432 356 261 162
9 3 5 1 100 0.75 1 107 660 693 463 436 365 270 169
9 3 5 1 100 0.75 1 108 669 696 461 450 371 276 177
9 3 5 1 100 0.75 1 109 675 693 457 453 383 288 179
9 3 5 1 100 0.75 1 110 685 691 467 450 394 299 177
9 3 5 1 100 0.75 1 111 699 694 453 457 400 305 179
9 3 5 1 100 0.75 1 112 714 691 451 465 412 317 180
9 3 5 1 100 0.75 1 113 725 686 433 469 426 331 175
9 3 5 1 100 0.75 1 114 732 688 435 479 433 338 179
9 3 5 1 100 0.75 1 115 742 692 434 484 438 343 186
9 3 5 1 100 0.75 1 116 754 693 419 494 445 351 185
9 3 5 1 100 0.75 1 117 765 696 430 502 451 357 183
9 3 5 1 100 0.75 1 118 770 695 423 508 461 367 184
9 3 5 1 100 0.75 1 119 780 691 418 507 474 380 189
9 3 5 1 100 0.75 1 120 788 687 411 509 487 393 188
9 3 5 1 100 0.75 1 121 796 692 414 519 491 397 191
9 3 5 1 100 0.75 1 122 806 688 408 519 504 410 189
9 3 5 1 100 0.75 1 123 817 685 405 520 516 422 188
9 3 5 1 100 0.75 1 124 823 682 386 522 527 434 188
9 3 5 1 100 0.75 1 125 834 682 385 527 536 443 190
9 3 5 1 100 0.75 1 126 840 682 372 533 545 452 187
9 3 5 1 100 0.75 1 127 844 679 378 531 557 464 187
9 3 5 1 100 0.75 1 128 851 674 360 528 571 478 182
9 3 5 1 100 0.75 1 129 855 669 360 532 583 492 178
9 3 5 1 100 0.75 1 130 863 672 350 535 589 498 182
9 3 5 1 100 0.75 1 131 874 670 352 538 599 509 182
9 3 5 1 100 0.75 1 132 875 663 328 541 614 525 176
9 3 5 1 100 0.75 1 133 883 664 333 541 622 533 178
9 3 5 1 100 0.75 1 134 889 664 335 548 631 542 175
9 3 5 1 100 0.75 1 135 893 661 324 547 643 554 175
9 3 5 1 100 0.75 1 136 898 664 317 552 648 560 179
9 3 5 1 100 0.75 1 137 905 663 325 552 658 570 181
9 3 5 1 100 0.75 1 138 908 656 316 551 674 586 180
9 3 5 1 100 0.75 1 139 914 653 303 550 686 598 177
9 3 5 1 100 0.75 1 140 920 652 300 554 696 608 171
9 3 5 1 100 0.75 1 141 928 649 283 555 708 620 167
9 3 5 1 100 0.75 1 142 930 650 272 560 715 628 169
9 3 5 1 100 0.75 1 143 935 647 297 556 727 640 162
9 3 5 1 100 0.75 1 144 944 644 285 554 738 652 159
9 3 5 1 100 0.75 1 145 948 648 275 565 741 657 161
9 3 5 1 100 0.75 1 146 952 646 260 564 750 668 161
9 3 5 1 100 0.75 1 147 956 648 264 572 756 675 158
9 3 5 1 100 0.75 1 148 959 647 266 571 765 685 161
9 3 5 1 100 0.75 1 149 962 646 258 570 775 695 159
9 3 5 1 100 0.75 1 150 963 643 247 571 786 707 153
9 3 5 1 100 0.75 1 150 963 643 643 571 921 707 153
9 3 5 1 100 0.75 1 180 963 643 643 571 33 707 153
9 3 5 1 100 0.75 2 181 0 9 9 0 33 0 0
9 3 5 1 100 0.75 2 182 0 18 18 0 33 0 0
9 3 5 1 100 0.75 2 183 0 27 27 0 33 0 0
9 3 5 1 100 0.75 2 184 0 36 36 0 33 0 0
9 3 5 1 100 0.75 2 185 0 45 45 0 33 0 0
9 3 5 1 100 0.75 2 186 0 54 54 0 33 0 0
9 3 5 1 100 0.75 2 187 0 63 63 0 33 0 0
9 3 5 1 100 0.75 2 188 0 72 72 0 33 0 0
9 3 5 1 100 0.75 2 189 0 81 81 0 33 0 0
9 3 5 1 100 0.75 2 190 0 90 90 0 33 0 0
9 3 5 1 100 0.75 2 191 1 99 98 0 33 0 0
9 3 5 1 100 0.75 2 192 1 108 107 1 33 0 0
9 3 5 1 100 0.75 2 193 1 117 116 1 33 0 0
9 3 5 1 100 0.75 2 194 3 126 123 1 33 0 0
9 3 5 1 100 0.75 2 195 6 135 129 3 33 0 0
9 3 5 1 100 0.75 2 196 8 144 135 6 33 0 0
9 3 5 1 100 0.75 2 197 8 153 145 8 33 0 0
9 3 5 1 100 0.75 2 198 8 162 153 8 33 0 0
9 3 5 1 100 0.75 2 199 9 171 163 8 33 0 1
9 3 5 1 100 0.75 2 200 10 180 170 9 33 0 1
9 3 5 1 100 0.75 2 201 12 189 178 10 33 0 2
9 3 5 1 100 0.75 2 202 15 198 186 12 33 0 4
9 3 5 1 100 0.75 2 203 17 207 197 15 33 0 7
9 3 5 1 100 0.75 2 204 17 216 205 17 33 0 8
9 3 5 1 100 0.75 2 205 19 225 213 17 33 0 8
9 3 5 1 100 0.75 2 206 21 234 222 19 33 0 9
9 3 5 1 100 0.75 2 207 22 243 229 21 33 0 9
9 3 5 1 100 0.75 2 208 25 252 237 22 33 0 10
9 3 5 1 100 0.75 2 209 27 261 247 25 33 0 11
9 3 5 1 100 0.75 2 210 29 270 256 27 33 0 14
9 3 5 1 100 0.75 2 211 30 279 262 29 33 0 14
9 3 5 1 100 0.75 2 212 32 288 274 30 33 0 16
9 3 5 1 100 0.75 2 213 33 297 283 32 33 0 17
9 3 5 1 100 0.75 2 214 35 306 291 33 33 0 19
9 3 5 1 100 0.75 2 215 38 315 298 35 33 0 22
9 3 5 1 100 0.75 2 216 43 324 305 38 33 0 23
9 3 5 1 100 0.75 2 217 43 332 313 42 34 1 25
9 3 5 1 100 0.75 2 218 44 340 321 41 35 2 24
9 3 5 1 100 0.75 2 219 47 349 330 42 35 2 26
9 3 5 1 100 0.75 2 220 47 354 336 41 39 6 24
9 3 5 1 100 0.75 2 221 47 362 343 40 40 7 23
9 3 5 1 100 0.75 2 222 50 369 349 38 42 9 23
9 3 5 1 100 0.75 2 223 54 377 356 40 43 10 24
9 3 5 1 100 0.75 2 224 58 386 368 44 43 10 28
9 3 5 1 100 0.75 2 225 59 395 373 48 43 10 28
9 3 5 1 100 0.75 2 226 64 403 379 48 44 11 28
9 3 5 1 100 0.75 2 227 65 411 382 52 45 12 29
9 3 5 1 100 0.75 2 228 68 417 390 51 48 15 26
9 3 5 1 100 0.75 2 229 71 425 395 53 49 16 27
9 3 5 1 100 0.75 2 230 73 433 405 55 50 17 30
9 3 5 1 100 0.75 2 231 78 438 405 53 54 21 28
9 3 5 1 100 0.75 2 232 80 445 416 56 56 23 28
9 3 5 1 100 0.75 2 233 84 454 423 58 56 23 31
9 3 5 1 100 0.75 2 234 91 460 428 61 59 26 31
9 3 5 1 100 0.75 2 235 95 468 433 67 60 27 31
9 3 5 1 100 0.75 2 236 102 475 435 69 62 29 32
9 3 5 1 100 0.75 2 237 106 484 443 77 62 29 35
9 3 5 1 100 0.75 2 238 110 492 446 80 63 30 36
9 3 5 1 100 0.75 2 239 113 498 454 81 65 33 35
9 3 5 1 100 0.75 2 240 117 506 460 83 66 34 37
9 3 5 1 100 0.75 2 241 119 512 467 84 69 37 38
9 3 5 1 100 0.75 2 242 126 521 477 86 69 37 43
9 3 5 1 100 0.75 2 243 130 528 480 91 71 39 46
9 3 5 1 100 0.75 2 244 137 536 493 94 72 40 51
9 3 5 1 100 0.75 2 245 145 543 492 100 74 42 52
9 3 5 1 100 0.75 2 246 152 547 495 104 79 47 49
9 3 5 1 100 0.75 2 247 154 555 498 110 80 48 49
9 3 5 1 100 0.75 2 248 158 563 514 112 81 49 53
9 3 5 1 100 0.75 2 249 164 571 516 115 82 50 53
9 3 5 1 100 0.75 2 250 173 576 512 119 86 54 55
9 3 5 1 100 0.75 2 251 177 583 520 126 88 56 58
9 3 5 1 100 0.75 2 252 185 589 524 130 91 59 62
9 3 5 1 100 0.75 2 253 192 595 530 135 94 62 63
9 3 5 1 100 0.75 2 254 197 603 539 141 95 63 65
9 3 5 1 100 0.75 2 255 204 610 539 146 97 65 66
9 3 5 1 100 0.75 2 256 208 612 533 146 104 72 62
9 3 5 1 100 0.75 2 257 216 618 544 148 107 75 63
9 3 5 1 100 0.75 2 258 225 627 551 156 107 75 71
9 3 5 1 100 0.75 2 259 233 634 559 163 109 77 74
9 3 5 1 100 0.75 2 260 238 638 563 167 114 82 74
9 3 5 1 100 0.75 2 261 248 645 564 170 116 84 79
9 3 5 1 100 0.75 2 262 250 649 568 175 121 89 80
9 3 5 1 100 0.75 2 263 255 653 571 173 126 94 79
9 3 5 1 100 0.75 2 264 264 657 571 176 131 99 82
9 3 5 1 100 0.75 2 265 274 663 573 183 134 102 85
9 3 5 1 100 0.75 2 266 281 670 576 194 136 104 86
9 3 5 1 100 0.75 2 267 288 675 572 197 140 108 89
9 3 5 1 100 0.75 2 268 297 682 582 203 142 110 92
9 3 5 1 100 0.75 2 269 305 686 580 208 147 115 91
9 3 5 1 100 0.75 2 270 311 692 587 217 150 118 92
9 3 5 1 100 0.75 2 271 318 696 591 218 155 123 97
9 3 5 1 100 0.75 2 272 325 698 584 219 162 130 96
9 3 5 1 100 0.75 2 273 333 701 585 222 168 136 95
9 3 5 1 100 0.75 2 274 338 704 596 226 174 142 96
9 3 5 1 100 0.75 2 275 349 711 600 230 176 144 102
9 3 5 1 100 0.75 2 276 360 717 603 239 179 147 105
9 3 5 1 100 0.75 2 277 368 719 602 244 186 154 105
9 3 5 1 100 0.75 2 278 379 726 605 255 188 156 107
9 3 5 1 100 0.75 2 279 384 727 600 258 196 164 103
9 3 5 1 100 0.75 2 280 396 727 589 255 205 173 102
9 3 5 1 100 0.75 2 281 405 732 604 265 209 177 108
9 3 5 1 100 0.75 2 282 420 735 585 272 215 183 108
9 3 5 1 100 0.75 2 283 432 738 596 282 221 189 116
9 3 5 1 100 0.75 2 284 441 743 585 291 224 193 118
9 3 5 1 100 0.75 2 285 452 748 595 298 228 197 130
9 3 5 1 100 0.75 2 286 462 750 587 304 235 204 126
9 3 5 1 100 0.75 2 287 469 751 587 307 243 212 125
9 3 5 1 100 0.75 2 288 486 757 591 312 245 215 129
9 3 5 1 100 0.75 2 289 494 761 593 325 250 220 136
9 3 5 1 100 0.75 2 290 510 765 595 333 255 225 145
9 3 5 1 100 0.75 2 291 522 763 587 341 266 236 142
9 3 5 1 100 0.75 2 292 534 767 583 352 271 241 144
9 3 5 1 100 0.75 2 293 551 771 575 365 276 246 151
9 3 5 1 100 0.75 2 294 558 772 583 377 284 254 148
9 3 5 1 100 0.75 2 295 567 775 572 381 290 260 154
9 3 5 1 100 0.75 2 296 577 780 583 392 294 264 162
9 3 5 1 100 0.75 2 297 589 783 583 401 300 270 171
9 3 5 1 100 0.75 2 298 597 786 574 411 306 276 174
9 3 5 1 100 0.75 2 299 606 784 568 409 317 287 175
9 3 5 1 100 0.75 2 300 617 782 576 413 328 298 176
9 3 5 1 100 0.75 2 301 632 777 550 414 342 312 173
9 3 5 1 100 0.75 2 302 642 778 560 424 350 320 175
9 3 5 1 100 0.75 2 303 653 780 545 437 357 327 179
9 3 5 1 100 0.75 2 304 663 778 539 441 368 338 179
9 3 5 1 100 0.75 2 305 670 782 545 453 373 343 182
9 3 5 1 100 0.75 2 306 679 782 538 458 382 352 186
9 3 5 1 100 0.75 2 307 691 780 536 459 393 363 182
9 3 5 1 100 0.75 2 308 698 777 524 463 405 375 187
9 3 5 1 100 0.75 2 309 709 778 517 468 412 383 193
9 3 5 1 100 0.75 2 310 719 780 521 478 419 390 203
9 3 5 1 100 0.75 2 311 733 782 505 485 426 397 208
9 3 5 1 100 0.75 2 312 743 776 505 492 441 412 205
9 3 5 1 100 0.75 2 313 753 777 509 498 449 420 206
9 3 5 1 100 0.75 2 314 767 770 483 497 465 436 203
9 3 5 1 100 0.75 2 315 775 768 478 507 476 447 205
9 3 5 1 100 0.75 2 316 783 764 485 508 489 460 201
9 3 5 1 100 0.75 2 317 795 762 462 511 500 471 204
9 3 5 1 100 0.75 2 318 808 759 457 516 512 483 202
9 3 5 1 100 0.75 2 319 816 760 452 529 520 491 210
9 3 5 1 100 0.75 2 320 831 757 447 530 531 503 212
9 3 5 1 100 0.75 2 321 841 755 438 541 542 514 219
9 3 5 1 100 0.75 2 322 852 754 441 545 552 524 216
9 3 5 1 100 0.75 2 323 861 758 428 558 557 529 219
9 3 5 1 100 0.75 2 324 865 755 422 560 569 541 218
9 3 5 1 100 0.75 2 325 877 747 424 554 586 558 216
9 3 5 1 100 0.75 2 326 884 742 415 559 599 572 218
9 3 5 1 100 0.75 2 327 892 738 400 560 612 585 216
9 3 5 1 100 0.75 2 328 901 740 390 570 618 592 221
9 3 5 1 100 0.75 2 329 914 735 379 572 632 606 223
9 3 5 1 100 0.75 2 330 922 727 376 574 649 623 216
9 3 5 1 100 0.75 2 330 922 727 727 574 834 623 216
9 3 5 1 100 0.75 2 360 922 727 727 574 33 623 216
9 3 5 1 100 0.75 3 361 0 9 9 0 33 0 0
9 3 5 1 100 0.75 3 362 0 18 18 0 33 0 0
9 3 5 1 100 0.75 3 363 0 27 27 0 33 0 0
9 3 5 1 100 0.75 3 364 0 36 36 0 33 0 0
9 3 5 1 100 0.75 3 365 0 45 45 0 33 0 0
9 3 5 1 100 0.75 3 366 0 54 54 0 33 0 0
9 3 5 1 100 0.75 3 367 0 63 63 0 33 0 0
9 3 5 1 100 0.75 3 368 0 72 72 0 33 0 0
9 3 5 1 100 0.75 3 369 1 81 80 0 33 0 0
9 3 5 1 100 0.75 3 370 2 90 87 1 33 0 0
9 3 5 1 100 0.75 3 371 4 99 95 2 33 0 0
9 3 5 1 100 0.75 3 372 4 108 104 4 33 0 0
9 3 5 1 100 0.75 3 373 5 117 111 4 33 0 0
9 3 5 1 100 0.75 3 374 6 126 120 5 33 0 0
9 3 5 1 100 0.75 3 375 7 135 128 6 33 0 0
9 3 5 1 100 0.75 3 376 10 144 134 7 33 0 0
9 3 5 1 100 0.75 3 377 11 153 144 10 33 0 2
9 3 5 1 100 0.75 3 378 11 162 152 11 33 0 2
9 3 5 1 100 0.75 3 379 11 171 163 11 33 0 3
9 3 5 1 100 0.75 3 380 12 180 171 11 33 0 4
9 3 5 1 100 0.75 3 381 14 189 177 12 33 0 4
9 3 5 1 100 0.75 3 382 15 198 188 14 33 0 5
9 3 5 1 100 0.75 3 383 16 207 196 15 33 0 7
9 3 5 1 100 0.75 3 384 17 216 208 16 33 0 7
9 3 5 1 100 0.75 3 385 17 225 215 17 33 0 7
9 3 5 1 100 0.75 3 386 17 234 225 17 33 0 7
9 3 5 1 100 0.75 3 387 19 243 232 17 33 0 7
9 3 5 1 100 0.75 3 388 19 252 244 19 33 0 9
9 3 5 1 100 0.75 3 389 22 261 249 19 33 0 10
9 3 5 1 100 0.75 3 390 24 270 258 22 33 0 11
9 3 5 1 100 0.75 3 391 28 279 265 24 33 0 11
9 3 5 1 100 0.75 3 392 29 287 274 27 34 1 11
9 3 5 1 100 0.75 3 393 30 296 281 28 34 1 11
9 3 5 1 100 0.75 3 394 31 304 288 28 35 2 11
9 3 5 1 100 0.75 3 395 32 313 298 29 35 2 12
9 3 5 1 100 0.75 3 396 37 321 301 29 36 3 13
9 3 5 1 100 0.75 3 397 40 329 309 33 37 4 13
9 3 5 1 100 0.75 3 398 40 336 315 34 39 6 14
9 3 5 1 100 0.75 3 399 45 345 324 34 39 6 16
9 3 5 1 100 0.75 3 400 47 354 334 39 39 6 17
9 3 5 1 100 0.75 3 401 48 363 341 41 39 6 18
9 3 5 1 100 0.75 3 402 50 372 348 42 39 6 19
9 3 5 1 100 0.75 3 403 54 380 358 43 40 7 22
9 3 5 1 100 0.75 3 404 56 389 365 47 40 7 25
9 3 5 1 100 0.75 3 405 63 397 368 48 41 8 25
9 3 5 1 100 0.75 3 406 66 406 380 55 41 8 27
9 3 5 1 100 0.75 3 407 70 412 382 55 44 11 27
9 3 5 1 100 0.75 3 408 72 421 394 59 44 11 28
9 3 5 1 100 0.75 3 409 75 430 400 61 44 11 29
9 3 5 1 100 0.75 3 410 79 438 408 63 45 12 31
9 3 5 1 100 0.75 3 411 83 447 413 67 45 12 32
9 3 5 1 100 0.75 3 412 84 455 423 70 46 13 34
9 3 5 1 100 0.75 3 413 90 461 432 68 49 16 37
9 3 5 1 100 0.75 3 414 95 470 436 74 49 16 40
9 3 5 1 100 0.75 3 415 101 477 444 77 51 18 41
9 3 5 1 100 0.75 3 416 105 485 445 82 52 19 40
9 3 5 1 100 0.75 3 417 106 492 456 84 54 21 41
9 3 5 1 100 0.75 3 418 110 500 463 84 55 22 44
9 3 5 1 100 0.75 3 419 116 507 469 86 57 24 44
9 3 5 1 100 0.75 3 420 123 512 470 88 61 28 43
9 3 5 1 100 0.75 3 421 127 518 473 92 64 31 42
9 3 5 1 100 0.75 3 422 135 526 481 95 65 32 45
9 3 5 1 100 0.75 3 423 142 531 486 99 69 36 47
9 3 5 1 100 0.75 3 424 147 539 487 105 70 37 48
9 3 5 1 100 0.75 3 425 150 547 494 109 71 38 48
9 3 5 1 100 0.75 3 426 157 555 501 111 72 39 53
9 3 5 1 100 0.75 3 427 164 562 506 116 74 41 55
9 3 5 1 100 0.75 3 428 169 568 509 120 77 44 57
9 3 5 1 100 0.75 3 429 177 573 518 121 81 48 60
9 3 5 1 100 0.75 3 430 186 580 519 128 83 50 61
9 3 5 1 100 0.75 3 431 194 588 530 136 84 51 66
9 3 5 1 100 0.75 3 432 200 594 531 141 87 54 66
9 3 5 1 100 0.75 3 433 207 599 530 144 91 58 65
9 3 5 1 100 0.75 3 434 216 604 528 148 95 62 68
9 3 5 1 100 0.75 3 435 223 612 537 156 96 63 75
9 3 5 1 100 0.75 3 436 229 618 544 160 99 66 75
9 3 5 1 100 0.75 3 437 238 623 548 162 103 70 76
9 3 5 1 100 0.75 3 438 246 629 550 168 106 73 83
9 3 5 1 100 0.75 3 439 252 635 556 174 109 76 83
9 3 5 1 100 0.75 3 440 259 638 558 174 115 82 82
9 3 5 1 100 0.75 3 441 268 642 564 176 120 87 85
9 3 5 1 100 0.75 3 442 275 650 566 185 120 88 88
9 3 5 1 100 0.75 3 443 280 657 569 193 122 90 91
9 3 5 1 100 0.75 3 444 287 665 578 199 123 91 96
9 3 5 1 100 0.75 3 445 295 668 577 202 129 97 98
9 3 5 1 100 0.75 3 446 304 672 579 207 134 102 98
9 3 5 1 100 0.75 3 447 312 677 576 212 138 106 100
9 3 5 1 100 0.75 3 448 323 679 570 216 145 113 100
9 3 5 1 100 0.75 3 449 331 683 580 225 150 118 101
9 3 5 1 100 0.75 3 450 343 687 576 229 155 123 104
9 3 5 1 100 0.75 3 451 349 691 578 239 160 128 104
9 3 5 1 100 0.75 3 452 354 697 583 244 163 131 109
9 3 5 1 100 0.75 3 453 370 698 578 242 171 139 105
9 3 5 1 100 0.75 3 454 381 705 583 257 173 141 114
9 3 5 1 100 0.75 3 455 395 710 584 266 177 145 118
9 3 5 1 100 0.75 3 456 404 712 582 274 184 152 123
9 3 5 1 100 0.75 3 457 412 710 576 274 195 163 120
9 3 5 1 100 0.75 3 458 422 712 583 277 202 170 122
9 3 5 1 100 0.75 3 459 429 717 575 285 206 174 124
9 3 5 1 100 0.75 3 460 439 721 577 288 210 179 130
9 3 5 1 100 0.75 3 461 453 722 576 291 218 187 133
9 3 5 1 100 0.75 3 462 465 728 577 307 221 190 140
9 3 5 1 100 0.75 3 463 480 732 580 316 226 195 144
9 3 5 1 100 0.75 3 464 492 731 568 323 236 205 143
9 3 5 1 100 0.75 3 465 500 734 575 335 242 211 147
9 3 5 1 100 0.75 3 466 513 736 565 338 249 218 147
9 3 5 1 100 0.75 3 467 524 739 556 347 255 224 144
9 3 5 1 100 0.75 3 468 541 742 570 353 261 230 154
9 3 5 1 100 0.75 3 469 551 744 562 366 268 237 158
9 3 5 1 100 0.75 3 470 560 741 557 367 280 249 152
9 3 5 1 100 0.75 3 471 577 741 541 369 289 258 159
9 3 5 1 100 0.75 3 472 595 743 537 383 296 265 162
9 3 5 1 100 0.75 3 473 601 748 547 400 300 269 166
9 3 5 1 100 0.75 3 474 609 746 542 401 311 280 169
9 3 5 1 100 0.75 3 475 622 751 545 409 315 284 174
9 3 5 1 100 0.75 3 476 643 753 544 420 322 291 181
9 3 5 1 100 0.75 3 477 649 753 539 433 331 300 180
9 3 5 1 100 0.75 3 478 658 749 523 428 344 313 172
9 3 5 1 100 0.75 3 479 681 747 510 431 355 324 186
9 3 5 1 100 0.75 3 480 688 748 508 450 363 332 189
9 3 5 1 100 0.75 3 481 698 747 504 451 373 342 192
9 3 5 1 100 0.75 3 482 711 746 506 455 383 352 195
9 3 5 1 100 0.75 3 483 725 743 484 461 395 364 197
9 3 5 1 100 0.75 3 484 738 749 492 477 398 367 205
9 3 5 1 100 0.75 3 485 746 751 484 486 405 374 206
9 3 5 1 100 0.75 3 486 756 750 487 491 414 384 218
9 3 5 1 100 0.75 3 487 769 746 481 491 427 397 220
9 3 5 1 100 0.75 3 488 776 739 470 494 443 413 213
9 3 5 1 100 0.75 3 489 789 743 468 503 447 418 216
9 3 5 1 100 0.75 3 490 810 740 462 507 459 430 216
9 3 5 1 100 0.75 3 491 817 736 456 521 472 443 219
9 3 5 1 100 0.75 3 492 825 734 453 524 483 454 219
9 3 5 1 100 0.75 3 493 830 739 444 535 487 458 224
9 3 5 1 100 0.75 3 494 840 736 431 536 499 470 224
9 3 5 1 100 0.75 3 495 851 725 435 531 519 490 224
9 3 5 1 100 0.75 3 496 857 726 423 539 526 498 223
9 3 5 1 100 0.75 3 497 869 719 395 537 541 514 225
9 3 5 1 100 0.75 3 498 878 717 404 545 552 525 228
9 3 5 1 100 0.75 3 499 889 705 387 537 573 546 216
9 3 5 1 100 0.75 3 500 893 706 381 547 581 554 224
9 3 5 1 100 0.75 3 501 897 699 385 544 597 570 213
9 3 5 1 100 0.75 3 502 905 696 380 545 609 582 215
9 3 5 1 100 0.75 3 503 914 691 366 541 623 596 215
9 3 5 1 100 0.75 3 504 922 689 367 548 633 607 220
9 3 5 1 100 0.75 3 505 925 688 346 551 643 617 219
9 3 5 1 100 0.75 3 506 931 681 358 547 659 633 218
9 3 5 1 100 0.75 3 507 937 680 326 552 669 643 215
9 3 5 1 100 0.75 3 508 943 678 337 554 680 654 212
9 3 5 1 100 0.75 3 509 946 677 315 558 690 664 215
9 3 5 1 100 0.75 3 510 954 670 315 555 706 680 212
9 3 5 1 100 0.75 3 510 954 670 670 555 890 680 212
9 3 5 1 100 0.75 3 540 954 670 670 555 33 680 212
9 3 5 1 100 0.75 4 541 0 9 9 0 33 0 0
9 3 5 1 100 0.75 4 542 0 18 18 0 33 0 0
9 3 5 1 100 0.75 4 543 0 27 27 0 33 0 0
9 3 5 1 100 0.75 4 544 0 36 36 0 33 0 0
9 3 5 1 100 0.75 4 545 0 45 45 0 33 0 0
9 3 5 1 100 0.75 4 546 0 54 54 0 33 0 0
9 3 5 1 100 0.75 4 547 0 63 63 0 33 0 0
9 3 5 1 100 0.75 4 548 0 72 71 0 33 0 0
9 3 5 1 100 0.75 4 549 1 81 80 0 33 0 0
9 3 5 1 100 0.75 4 550 1 90 89 1 33 0 0
9 3 5 1 100 0.75 4 551 1 99 98 1 33 0 0
9 3 5 1 100 0.75 4 552 2 108 106 1 33 0 0
9 3 5 1 100 0.75 4 553 5 117 112 2 33 0 0
9 3 5 1 100 0.75 4 554 6 126 118 5 33 0 0
9 3 5 1 100 0.75 4 555 7 135 127 6 33 0 0
9 3 5 1 100 0.75 4 556 10 144 135 7 33 0 1
9 3 5 1 100 0.75 4 557 13 153 141 10 33 0 1
9 3 5 1 100 0.75 4 558 16 162 145 13 33 0 1
9 3 5 1 100 0.75 4 559 17 171 156 16 33 0 2
9 3 5 1 100 0.75 4 560 18 180 166 17 33 0 4
9 3 5 1 100 0.75 4 561 18 189 175 18 33 0 5
9 3 5 1 100 0.75 4 562 21 198 183 18 33 0 6
9 3 5 1 100 0.75 4 563 22 207 193 21 33 0 8
9 3 5 1 100 0.75 4 564 23 216 200 22 33 0 10
9 3 5 1 100 0.75 4 565 24 225 216 23 33 0 15
9 3 5 1 100 0.75 4 566 28 234 218 24 33 0 15
9 3 5 1 100 0.75 4 567 29 243 230 28 33 0 16
9 3 5 1 100 0.75 4 568 29 252 236 29 33 0 16
9 3 5 1 100 0.75 4 569 30 261 248 29 33 0 17
9 3 5 1 100 0.75 4 570 33 270 253 30 33 0 19
9 3 5 1 100 0.75 4 571 33 279 263 33 33 0 19
9 3 5 1 100 0.75 4 572 33 288 272 33 33 0 19
9 3 5 1 100 0.75 4 573 38 297 280 33 33 0 21
9 3 5 1 100 0.75 4 574 42 306 290 38 33 0 23
9 3 5 1 100 0.75 4 575 45 312 291 39 36 3 20
9 3 5 1 100 0.75 4 576 47 319 300 40 38 5 19
9 3 5 1 100 0.75 4 577 49 328 307 42 38 5 20
9 3 5 1 100 0.75 4 578 52 337 317 44 38 5 21
9 3 5 1 100 0.75 4 579 55 345 319 46 39 6 20
9 3 5 1 100 0.75 4 580 57 352 327 47 41 8 19
9 3 5 1 100 0.75 4 581 58 360 337 48 42 9 21
9 3 5 1 100 0.75 4 582 63 368 344 48 43 10 22
9 3 5 1 100 0.75 4 583 63 376 353 52 44 11 24
9 3 5 1 100 0.75 4 584 69 382 354 49 47 14 23
9 3 5 1 100 0.75 4 585 73 389 360 53 49 16 22
9 3 5 1 100 0.75 4 586 76 398 370 57 49 16 24
9 3 5 1 100 0.75 4 587 79 406 376 59 50 17 25
9 3 5 1 100 0.75 4 588 83 414 383 61 51 18 26
9 3 5 1 100 0.75 4 589 84 423 389 66 51 18 27
9 3 5 1 100 0.75 4 590 88 430 396 65 53 20 28
9 3 5 1 100 0.75 4 591 90 438 404 70 54 21 29
9 3 5 1 100 0.75 4 592 93 446 408 71 55 22 33
9 3 5 1 100 0.75 4 593 97 452 415 74 58 25 33
9 3 5 1 100 0.75 4 594 104 461 422 78 58 25 37
9 3 5 1 100 0.75 4 595 107 470 426 85 58 25 38
9 3 5 1 100 0.75 4 596 111 479 436 88 58 25 42
9 3 5 1 100 0.75 4 597 115 487 444 91 59 26 45
9 3 5 1 100 0.75 4 598 122 495 451 94 60 27 47
9 3 5 1 100 0.75 4 599 123 501 457 98 63 30 47
9 3 5 1 100 0.75 4 600 131 507 458 96 66 33 47
9 3 5 1 100 0.75 4 601 139 512 459 100 70 37 46
9 3 5 1 100 0.75 4 602 144 520 466 107 71 38 48
9 3 5 1 100 0.75 4 603 151 527 473 110 73 40 51
9 3 5 1 100 0.75 4 604 155 534 480 115 75 42 50
9 3 5 1 100 0.75 4 605 158 542 490 118 76 43 58
9 3 5 1 100 0.75 4 606 163 549 495 119 78 45 56
9 3 5 1 100 0.75 4 607 168 554 494 120 82 49 55
9 3 5 1 100 0.75 4 608 175 561 499 125 84 51 60
9 3 5 1 100 0.75 4 609 181 568 510 130 86 53 63
9 3 5 1 100 0.75 4 610 185 575 511 134 88 55 66
9 3 5 1 100 0.75 4 611 195 580 514 135 92 59 67
9 3 5 1 100 0.75 4 612 203 587 521 144 94 61 68
9 3 5 1 100 0.75 4 613 208 593 523 149 97 64 67
9 3 5 1 100 0.75 4 614 212 597 529 149 102 69 66
9 3 5 1 100 0.75 4 615 221 602 529 150 106 73 67
9 3 5 1 100 0.75 4 616 225 609 540 157 108 75 70
9 3 5 1 100 0.75 4 617 235 614 533 157 112 79 70
9 3 5 1 100 0.75 4 618 239 621 550 165 114 81 73
9 3 5 1 100 0.75 4 619 247 625 546 165 119 86 75
9 3 5 1 100 0.75 4 620 254 631 554 170 122 89 75
9 3 5 1 100 0.75 4 621 261 640 556 178 122 89 80
9 3 5 1 100 0.75 4 622 277 646 555 182 125 92 82
9 3 5 1 100 0.75 4 623 282 648 558 191 132 99 79
9 3 5 1 100 0.75 4 624 293 649 550 188 140 107 80
9 3 5 1 100 0.75 4 625 299 658 564 199 140 107 88
9 3 5 1 100 0.75 4 626 308 664 567 203 143 110 89
9 3 5 1 100 0.75 4 627 316 664 562 203 152 119 88
9 3 5 1 100 0.75 4 628 328 668 570 206 157 124 86
9 3 5 1 100 0.75 4 629 343 673 565 214 161 128 92
9 3 5 1 100 0.75 4 630 351 680 570 227 163 130 95
9 3 5 1 100 0.75 4 631 361 684 567 231 168 135 97
9 3 5 1 100 0.75 4 632 368 689 573 238 172 139 104
9 3 5 1 100 0.75 4 633 374 695 578 243 175 142 108
9 3 5 1 100 0.75 4 634 382 696 572 242 183 150 105
9 3 5 1 100 0.75 4 635 393 700 577 247 188 155 106
9 3 5 1 100 0.75 4 636 407 707 575 256 190 157 113
9 3 5 1 100 0.75 4 637 413 710 583 265 196 163 119
9 3 5 1 100 0.75 4 638 427 713 580 270 202 169 120
9 3 5 1 100 0.75 4 639 439 718 578 284 206 173 124
9 3 5 1 100 0.75 4 640 450 723 583 295 210 177 128
9 3 5 1 100 0.75 4 641 458 724 580 298 218 185 123
9 3 5 1 100 0.75 4 642 470 730 584 304 221 188 129
9 3 5 1 100 0.75 4 643 481 732 579 312 228 195 131
9 3 5 1 100 0.75 4 644 491 736 587 320 233 200 133
9 3 5 1 100 0.75 4 645 505 736 578 322 242 209 138
9 3 5 1 100 0.75 4 646 520 738 578 332 249 216 139
9 3 5 1 100 0.75 4 647 531 740 563 345 256 223 139
9 3 5 1 100 0.75 4 648 539 743 572 351 262 229 143
9 3 5 1 100 0.75 4 649 549 745 570 357 269 236 144
9 3 5 1 100 0.75 4 650 555 748 565 365 275 242 147
9 3 5 1 100 0.75 4 651 566 753 557 370 279 246 154
9 3 5 1 100 0.75 4 652 580 748 552 370 293 260 150
9 3 5 1 100 0.75 4 653 587 751 552 380 299 266 160
9 3 5 1 100 0.75 4 654 600 751 548 384 308 275 166
9 3 5 1 100 0.75 4 655 615 750 548 396 318 285 164
9 3 5 1 100 0.75 4 656 629 753 542 407 324 291 167
9 3 5 1 100 0.75 4 657 640 757 544 421 329 296 173
9 3 5 1 100 0.75 4 658 652 757 526 426 338 305 172
9 3 5 1 100 0.75 4 659 669 757 517 433 347 314 176
9 3 5 1 100 0.75 4 660 683 756 513 446 357 324 176
9 3 5 1 100 0.75 4 661 686 756 514 456 365 333 177
9 3 5 1 100 0.75 4 662 701 754 513 455 376 344 181
9 3 5 1 100 0.75 4 663 710 752 498 462 387 355 185
9 3 5 1 100 0.75 4 664 723 754 500 470 394 362 193
9 3 5 1 100 0.75 4 665 736 757 498 482 400 368 198
9 3 5 1 100 0.75 4 666 745 752 492 491 414 382 200
9 3 5 1 100 0.75 4 667 763 749 487 491 426 394 205
9 3 5 1 100 0.75 4 668 770 749 484 503 435 403 201
9 3 5 1 100 0.75 4 669 785 751 484 505 442 410 207
9 3 5 1 100 0.75 4 670 796 750 472 517 452 420 207
9 3 5 1 100 0.75 4 671 804 747 473 520 464 432 209
9 3 5 1 100 0.75 4 672 816 748 461 524 472 440 219
9 3 5 1 100 0.75 4 673 820 742 466 527 487 455 212
9 3 5 1 100 0.75 4 674 831 738 461 526 500 468 217
9 3 5 1 100 0.75 4 675 839 737 442 534 510 478 220
9 3 5 1 100 0.75 4 676 844 739 437 542 517 485 224
9 3 5 1 100 0.75 4 677 858 741 421 547 524 492 228
9 3 5 1 100 0.75 4 678 869 737 426 553 536 505 226
9 3 5 1 100 0.75 4 679 874 727 407 553 554 524 220
9 3 5 1 100 0.75 4 680 881 726 416 554 564 534 222
9 3 5 1 100 0.75 4 681 888 719 409 551 580 550 216
9 3 5 1 100 0.75 4 682 895 719 406 556 589 559 221
9 3 5 1 100 0.75 4 683 901 714 387 555 603 573 218
9 3 5 1 100 0.75 4 684 906 717 386 563 609 579 224
9 3 5 1 100 0.75 4 685 921 710 370 559 625 595 224
9 3 5 1 100 0.75 4 686 924 708 358 571 636 606 226
9 3 5 1 100 0.75 4 687 929 702 357 565 650 621 218
9 3 5 1 100 0.75 4 688 934 700 360 566 661 632 216
9 3 5 1 100 0.75 4 689 942 690 355 559 679 651 207
9 3 5 1 100 0.75 4 690 948 684 339 556 694 666 201
9 3 5 1 100 0.75 4 690 948 684 684 556 869 666 201
9 3 5 1 100 0.75 4 720 948 684 684 556 33 666 201
9 3 5 1 100 0.75 5 721 0 9 9 0 33 0 0
9 3 5 1 100 0.75 5 722 0 18 18 0 33 0 0
9 3 5 1 100 0.75 5 723 0 27 27 0 33 0 0
9 3 5 1 100 0.75 5 724 0 36 36 0 33 0 0
9 3 5 1 100 0.75 5 725 0 45 45 0 33 0 0
9 3 5 1 100 0.75 5 726 0 54 54 0 33 0 0
9 3 5 1 100 0.75 5 727 0 63 63 0 33 0 0
9 3 5 1 100 0.75 5 728 0 72 72 0 33 0 0
9 3 5 1 100 0.75 5 729 0 81 81 0 33 0 0
9 3 5 1 100 0.75 5 730 0 90 90 0 33 0 0
9 3 5 1 100 0.75 5 731 1 99 98 0 33 0 0
9 3 5 1 100 0.75 5 732 3 108 105 1 33 0 0
9 3 5 1 100 0.75 5 733 4 117 113 3 33 0 0
9 3 5 1 100 0.75 5 734 4 126 122 4 33 0 0
9 3 5 1 100 0.75 5 735 6 135 129 4 33 0 0
9 3 5 1 100 0.75 5 736 7 144 137 6 33 0 0
9 3 5 1 100 0.75 5 737 8 153 144 7 33 0 0
9 3 5 1 100 0.75 5 738 11 162 151 8 33 0 0
9 3 5 1 100 0.75 5 739 11 171 162 11 33 0 1
9 3 5 1 100 0.75 5 740 13 180 171 11 33 0 2
9 3 5 1 100 0.75 5 741 14 189 177 13 33 0 2
9 3 5 1 100 0.75 5 742 15 198 186 14 33 0 2
9 3 5 1 100 0.75 5 743 16 207 194 15 33 0 4
9 3 5 1 100 0.75 5 744 16 216 205 16 33 0 5
9 3 5 1 100 0.75 5 745 20 225 213 16 33 0 6
9 3 5 1 100 0.75 5 746 22 234 221 20 33 0 7
9 3 5 1 100 0.75 5 747 28 243 226 22 33 0 8
9 3 5 1 100 0.75 5 748 29 252 235 28 33 0 10
9 3 5 1 100 0.75 5 749 31 261 243 29 33 0 10
9 3 5 1 100 0.75 5 750 33 270 251 31 33 0 11
9 3 5 1 100 0.75 5 751 33 279 262 33 33 0 12
9 3 5 1 100 0.75 5 752 36 288 268 33 33 0 15
9 3 5 1 100 0.75 5 753 38 297 280 36 33 0 16
9 3 5 1 100 0.75 5 754 41 305 286 37 34 1 18
9 3 5 1 100 0.75 5 755 44 314 296 40 34 1 20
9 3 5 1 100 0.75 5 756 48 322 300 42 35 2 20
9 3 5 1 100 0.75 5 757 49 331 312 46 35 2 22
9 3 5 1 100 0.75 5 758 50 340 317 47 35 2 22
9 3 5 1 100 0.75 5 759 53 347 325 46 37 4 21
9 3 5 1 100 0.75 5 760 56 355 329 48 38 5 22
9 3 5 1 100 0.75 5 761 57 364 342 51 38 5 25
9 3 5 1 100 0.75 5 762 60 372 350 51 39 6 25
9 3 5 1 100 0.75 5 763 62 380 356 53 40 7 25
9 3 5 1 100 0.75 5 764 68 389 364 55 40 7 28
9 3 5 1 100 0.75 5 765 71 397 371 60 41 8 29
9 3 5 1 100 0.75 5 766 74 405 379 62 42 9 29
9 3 5 1 100 0.75 5 767 79 412 383 63 44 11 31
9 3 5 1 100 0.75 5 768 80 419 393 66 46 13 30
9 3 5 1 100 0.75 5 769 81 428 396 67 46 13 32
9 3 5 1 100 0.75 5 770 84 435 403 66 48 15 31
9 3 5 1 100 0.75 5 771 87 443 413 68 49 16 34
9 3 5 1 100 0.75 5 772 89 449 419 68 52 19 33
9 3 5 1 100 0.75 5 773 95 455 423 67 55 22 31
9 3 5 1 100 0.75 5 774 100 462 429 71 57 24 31
9 3 5 1 100 0.75 5 775 103 471 432 76 57 24 32
9 3 5 1 100 0.75 5 776 108 479 438 78 58 25 33
9 3 5 1 100 0.75 5 777 110 486 445 81 60 27 33
9 3 5 1 100 0.75 5 778 113 493 452 81 62 29 33
9 3 5 1 100 0.75 5 779 117 502 460 85 62 29 36
9 3 5 1 100 0.75 5 780 122 507 460 85 66 33 35
9 3 5 1 100 0.75 5 781 127 514 468 89 68 35 36
9 3 5 1 100 0.75 5 782 130 520 472 92 71 38 40
9 3 5 1 100 0.75 5 783 133 527 476 93 73 40 39
9 3 5 1 100 0.75 5 784 140 534 481 94 75 42 41
9 3 5 1 100 0.75 5 785 143 542 490 100 76 43 41
9 3 5 1 100 0.75 5 786 148 550 491 103 77 44 42
9 3 5 1 100 0.75 5 787 155 557 498 106 79 46 47
9 3 5 1 100 0.75 5 788 160 565 510 112 80 47 51
9 3 5 1 100 0.75 5 789 170 571 509 114 83 50 53
9 3 5 1 100 0.75 5 790 174 578 517 124 85 52 53
9 3 5 1 100 0.75 5 791 179 584 519 125 88 55 54
9 3 5 1 100 0.75 5 792 185 591 528 128 90 57 55
9 3 5 1 100 0.75 5 793 189 599 530 133 91 58 57
9 3 5 1 100 0.75 5 794 195 607 541 137 92 59 60
9 3 5 1 100 0.75 5 795 201 613 544 140 95 62 60
9 3 5 1 100 0.75 5 796 210 621 552 146 96 63 66
9 3 5 1 100 0.75 5 797 220 628 557 153 98 65 72
9 3 5 1 100 0.75 5 798 226 633 561 160 102 69 71
9 3 5 1 100 0.75 5 799 232 639 563 163 105 72 73
9 3 5 1 100 0.75 5 800 240 645 566 166 108 75 73
9 3 5 1 100 0.75 5 801 247 650 572 170 112 79 72
9 3 5 1 100 0.75 5 802 256 655 570 173 116 83 72
9 3 5 1 100 0.75 5 803 268 660 571 179 120 87 73
9 3 5 1 100 0.75 5 804 278 666 572 189 123 90 80
9 3 5 1 100 0.75 5 805 284 672 575 196 126 93 81
9 3 5 1 100 0.75 5 806 294 675 574 198 132 99 80
9 3 5 1 100 0.75 5 807 299 679 582 203 137 104 81
9 3 5 1 100 0.75 5 808 308 686 583 206 139 106 85
9 3 5 1 100 0.75 5 809 313 694 587 217 140 107 88
9 3 5 1 100 0.75 5 810 321 699 594 218 144 111 94
9 3 5 1 100 0.75 5 811 334 702 599 220 150 117 97
9 3 5 1 100 0.75 5 812 341 708 597 234 153 120 98
9 3 5 1 100 0.75 5 813 346 710 601 238 160 127 97
9 3 5 1 100 0.75 5 814 355 714 598 239 165 132 98
9 3 5 1 100 0.75 5 815 362 717 598 242 171 138 100
9 3 5 1 100 0.75 5 816 366 722 594 246 175 142 102
9 3 5 1 100 0.75 5 817 380 727 596 246 179 146 100
9 3 5 1 100 0.75 5 818 394 731 600 258 184 151 104
9 3 5 1 100 0.75 5 819 400 736 596 270 188 155 108
9 3 5 1 100 0.75 5 820 411 736 596 271 197 164 105
9 3 5 1 100 0.75 5 821 421 743 598 282 199 166 108
9 3 5 1 100 0.75 5 822 430 745 599 287 206 173 109
9 3 5 1 100 0.75 5 823 439 747 590 290 213 180 109
9 3 5 1 100 0.75 5 824 446 753 601 300 216 183 114
9 3 5 1 100 0.75 5 825 456 755 606 302 223 190 118
9 3 5 1 100 0.75 5 826 466 755 593 305 232 199 119
9 3 5 1 100 0.75 5 827 475 761 598 318 235 202 124
9 3 5 1 100 0.75 5 828 488 761 592 319 244 211 127
9 3 5 1 100 0.75 5 829 499 765 598 328 249 216 131
9 3 5 1 100 0.75 5 830 512 766 593 336 257 224 131
9 3 5 1 100 0.75 5 831 524 768 597 343 264 231 131
9 3 5 1 100 0.75 5 832 533 775 596 355 266 233 138
9 3 5 1 100 0.75 5 833 541 780 599 362 270 237 144
9 3 5 1 100 0.75 5 834 553 786 592 371 273 240 150
9 3 5 1 100 0.75 5 835 563 785 588 377 283 250 147
9 3 5 1 100 0.75 5 836 575 786 588 384 291 258 153
9 3 5 1 100 0.75 5 837 589 792 601 394 293 261 160
9 3 5 1 100 0.75 5 838 599 794 589 406 300 268 160
9 3 5 1 100 0.75 5 839 612 795 580 413 307 276 160
9 3 5 1 100 0.75 5 840 626 793 565 422 317 287 159
9 3 5 1 100 0.75 5 841 635 797 564 437 322 292 162
9 3 5 1 100 0.75 5 842 647 796 562 442 332 302 160
9 3 5 1 100 0.75 5 843 658 794 555 445 343 313 159
9 3 5 1 100 0.75 5 844 670 794 554 450 352 322 163
9 3 5 1 100 0.75 5 845 680 792 556 458 363 333 162
9 3 5 1 100 0.75 5 846 690 791 552 464 373 343 165
9 3 5 1 100 0.75 5 847 709 793 543 473 380 350 172
9 3 5 1 100 0.75 5 848 719 790 533 484 392 362 171
9 3 5 1 100 0.75 5 849 728 789 532 491 402 372 174
9 3 5 1 100 0.75 5 850 738 792 526 497 407 378 177
9 3 5 1 100 0.75 5 851 749 794 531 507 414 385 180
9 3 5 1 100 0.75 5 852 759 791 509 512 426 397 180
9 3 5 1 100 0.75 5 853 771 793 515 522 433 404 187
9 3 5 1 100 0.75 5 854 789 796 507 534 439 410 196
9 3 5 1 100 0.75 5 855 803 796 508 546 448 419 193
9 3 5 1 100 0.75 5 856 811 794 503 559 459 430 192
9 3 5 1 100 0.75 5 857 818 792 482 560 470 441 197
9 3 5 1 100 0.75 5 858 826 794 486 566 477 448 201
9 3 5 1 100 0.75 5 859 836 794 483 571 486 457 210
9 3 5 1 100 0.75 5 860 847 796 485 582 493 464 216
9 3 5 1 100 0.75 5 861 863 793 466 583 505 476 216
9 3 5 1 100 0.75 5 862 874 792 473 596 515 486 224
9 3 5 1 100 0.75 5 863 881 783 441 594 533 504 215
9 3 5 1 100 0.75 5 864 887 783 440 601 542 513 215
9 3 5 1 100 0.75 5 865 888 776 444 602 558 529 208
9 3 5 1 100 0.75 5 866 893 778 439 604 564 536 218
9 3 5 1 100 0.75 5 867 905 774 406 599 577 549 210
9 3 5 1 100 0.75 5 868 912 774 424 609 586 558 217
9 3 5 1 100 0.75 5 869 920 765 404 604 604 576 213
9 3 5 1 100 0.75 5 870 933 767 409 612 610 583 221
9 3 5 1 100 0.75 5 870 933 767 767 612 801 583 221
9 3 5 1 100 0.75 5 900 933 767 767 612 33 583 221
9 3 5 1 100 0.75 6 901 0 9 9 0 33 0 0
9 3 5 1 100 0.75 6 902 0 18 18 0 33 0 0
9 3 5 1 100 0.75 6 903 0 27 27 0 33 0 0
9 3 5 1 100 0.75 6 904 0 36 36 0 33 0 0
9 3 5 1 100 0.75 6 905 0 45 45 0 33 0 0
9 3 5 1 100 0.75 6 906 0 54 54 0 33 0 0
9 3 5 1 100 0.75 6 907 0 63 62 0 33 0 0
9 3 5 1 100 0.75 6 908 0 72 71 0 33 0 0
9 3 5 1 100 0.75 6 909 0 81 79 0 33 0 0
9 3 5 1 100 0.75 6 910 0 90 90 0 33 0 0
9 3 5 1 100 0.75 6 911 1 99 98 0 33 0 0
9 3 5 1 100 0.75 6 912 3 108 105 1 33 0 0
9 3 5 1 100 0.75 6 913 3 117 114 3 33 0 0
9 3 5 1 100 0.75 6 914 5 126 119 3 33 0 0
9 3 5 1 100 0.75 6 915 7 135 127 5 33 0 0
9 3 5 1 100 0.75 6 916 7 144 135 7 33 0 0
9 3 5 1 100 0.75 6 917 8 153 144 7 33 0 0
9 3 5 1 100 0.75 6 918 9 162 153 8 33 0 1
9 3 5 1 100 0.75 6 919 11 171 162 9 33 0 1
9 3 5 1 100 0.75 6 920 12 180 170 11 33 0 2
9 3 5 1 100 0.75 6 921 14 189 177 12 33 0 3
9 3 5 1 100 0.75 6 922 17 198 186 14 33 0 5
9 3 5 1 100 0.75 6 923 18 207 194 17 33 0 6
9 3 5 1 100 0.75 6 924 18 216 203 18 33 0 6
9 3 5 1 100 0.75 6 925 19 225 214 18 33 0 7
9 3 5 1 100 0.75 6 926 21 234 221 19 33 0 8
9 3 5 1 100 0.75 6 927 24 243 224 21 33 0 8
9 3 5 1 100 0.75 6 928 25 252 232 24 33 0 9
9 3 5 1 100 0.75 6 929 28 261 243 25 33 0 12
9 3 5 1 100 0.75 6 930 30 270 253 28 33 0 14
9 3 5 1 100 0.75 6 931 33 279 260 30 33 0 14
9 3 5 1 100 0.75 6 932 35 288 268 33 33 0 14
9 3 5 1 100 0.75 6 933 35 297 277 35 33 0 14
9 3 5 1 100 0.75 6 934 39 305 284 34 34 1 17
9 3 5 1 100 0.75 6 935 41 314 294 38 34 1 18
9 3 5 1 100 0.75 6 936 41 323 302 40 34 1 20
9 3 5 1 100 0.75 6 937 45 330 310 38 36 3 21
9 3 5 1 100 0.75 6 938 51 338 313 41 37 4 22
9 3 5 1 100 0.75 6 939 53 347 323 47 37 4 23
9 3 5 1 100 0.75 6 940 55 354 328 47 39 6 21
9 3 5 1 100 0.75 6 941 56 363 340 49 39 6 22
9 3 5 1 100 0.75 6 942 62 371 343 49 40 7 23
9 3 5 1 100 0.75 6 943 64 380 350 55 40 7 24
9 3 5 1 100 0.75 6 944 66 387 358 55 42 9 23
9 3 5 1 100 0.75 6 945 72 395 364 56 43 10 26
9 3 5 1 100 0.75 6 946 74 402 373 60 45 12 27
9 3 5 1 100 0.75 6 947 74 410 383 61 46 13 28
9 3 5 1 100 0.75 6 948 76 418 386 60 47 14 27
9 3 5 1 100 0.75 6 949 81 427 394 62 47 14 29
9 3 5 1 100 0.75 6 950 87 433 401 64 50 17 30
9 3 5 1 100 0.75 6 951 93 442 408 70 50 17 31
9 3 5 1 100 0.75 6 952 95 448 413 73 53 20 30
9 3 5 1 100 0.75 6 953 100 456 423 75 54 21 33
9 3 5 1 100 0.75 6 954 102 464 428 79 55 22 32
9 3 5 1 100 0.75 6 955 103 470 435 78 58 25 30
9 3 5 1 100 0.75 6 956 104 478 444 78 59 26 33
9 3 5 1 100 0.75 6 957 108 486 449 78 60 27 35
9 3 5 1 100 0.75 6 958 112 495 462 82 60 27 40
9 3 5 1 100 0.75 6 959 116 503 468 85 61 28 42
9 3 5 1 100 0.75 6 960 123 510 475 87 63 30 44
9 3 5 1 100 0.75 6 961 127 519 479 94 63 30 44
9 3 5 1 100 0.75 6 962 133 523 483 93 68 35 40
9 3 5 1 100 0.75 6 963 137 530 487 97 70 37 39
9 3 5 1 100 0.75 6 964 140 536 488 98 73 40 36
9 3 5 1 100 0.75 6 965 146 544 495 100 74 41 40
9 3 5 1 100 0.75 6 966 150 552 501 105 75 42 41
9 3 5 1 100 0.75 6 967 155 557 504 105 79 46 39
9 3 5 1 100 0.75 6 968 162 564 509 108 81 48 41
9 3 5 1 100 0.75 6 969 167 571 518 113 83 50 45
9 3 5 1 100 0.75 6 970 177 578 522 116 85 52 47
9 3 5 1 100 0.75 6 971 185 582 521 122 90 57 44
9 3 5 1 100 0.75 6 972 188 591 529 130 90 57 48
9 3 5 1 100 0.75 6 973 192 598 534 133 92 59 50
9 3 5 1 100 0.75 6 974 197 605 538 135 94 61 50
9 3 5 1 100 0.75 6 975 202 612 546 138 96 63 55
9 3 5 1 100 0.75 6 976 209 619 551 142 97 65 59
9 3 5 1 100 0.75 6 977 217 622 556 144 103 71 60
9 3 5 1 100 0.75 6 978 225 630 555 153 104 72 62
9 3 5 1 100 0.75 6 979 234 637 560 160 106 74 69
9 3 5 1 100 0.75 6 980 239 643 568 166 109 77 69
9 3 5 1 100 0.75 6 981 245 650 574 169 111 79 69
9 3 5 1 100 0.75 6 982 254 658 576 175 112 80 74
9 3 5 1 100 0.75 6 983 260 666 582 185 113 81 79
9 3 5 1 100 0.75 6 984 265 674 592 193 114 82 83
9 3 5 1 100 0.75 6 985 271 677 592 192 120 88 84
9 3 5 1 100 0.75 6 986 280 681 595 193 125 93 85
9 3 5 1 100 0.75 6 987 288 688 599 200 127 95 86
9 3 5 1 100 0.75 6 988 299 693 598 205 131 99 85
9 3 5 1 100 0.75 6 989 306 699 600 214 134 102 85
9 3 5 1 100 0.75 6 990 314 703 608 217 139 107 87
9 3 5 1 100 0.75 6 991 325 711 607 226 140 108 92
9 3 5 1 100 0.75 6 992 329 713 616 231 147 115 89
9 3 5 1 100 0.75 6 993 339 714 603 228 155 123 82
9 3 5 1 100 0.75 6 994 348 721 607 239 157 125 88
9 3 5 1 100 0.75 6 995 361 723 604 244 164 132 92
9 3 5 1 100 0.75 6 996 374 729 605 254 167 135 94
9 3 5 1 100 0.75 6 997 390 733 606 262 172 140 94
9 3 5 1 100 0.75 6 998 401 738 607 278 176 144 100
9 3 5 1 100 0.75 6 999 411 741 608 285 182 150 103
9 3 5 1 100 0.75 6 1000 423 742 599 288 190 158 102
9 3 5 1 100 0.75 6 1001 431 746 604 297 195 163 104
9 3 5 1 100 0.75 6 1002 437 751 605 306 199 167 110
9 3 5 1 100 0.75 6 1003 451 756 607 308 203 171 113
9 3 5 1 100 0.75 6 1004 470 758 610 315 210 178 124
9 3 5 1 100 0.75 6 1005 481 763 612 331 214 182 130
9 3 5 1 100 0.75 6 1006 496 763 604 335 223 191 129
9 3 5 1 100 0.75 6 1007 505 769 613 351 226 194 139
9 3 5 1 100 0.75 6 1008 515 777 613 363 227 195 143
9 3 5 1 100 0.75 6 1009 526 783 615 372 230 198 152
9 3 5 1 100 0.75 6 1010 537 786 613 379 236 204 154
9 3 5 1 100 0.75 6 1011 556 787 607 384 244 212 163
9 3 5 1 100 0.75 6 1012 569 787 606 398 253 221 165
9 3 5 1 100 0.75 6 1013 579 793 607 409 256 224 173
9 3 5 1 100 0.75 6 1014 593 793 601 415 265 233 176
9 3 5 1 100 0.75 6 1015 607 793 597 423 274 242 180
9 3 5 1 100 0.75 6 1016 619 795 595 436 281 249 184
9 3 5 1 100 0.75 6 1017 628 796 591 446 288 257 185
9 3 5 1 100 0.75 6 1018 638 795 586 448 298 267 188
9 3 5 1 100 0.75 6 1019 652 800 596 457 302 271 203
9 3 5 1 100 0.75 6 1020 658 801 590 468 310 279 207
9 3 5 1 100 0.75 6 1021 669 797 567 464 323 292 202
9 3 5 1 100 0.75 6 1022 683 797 583 475 332 301 208
9 3 5 1 100 0.75 6 1023 699 791 559 478 346 316 209
9 3 5 1 100 0.75 6 1024 712 789 548 486 357 327 207
9 3 5 1 100 0.75 6 1025 721 786 548 489 369 339 203
9 3 5 1 100 0.75 6 1026 730 786 549 494 378 348 206
9 3 5 1 100 0.75 6 1027 746 786 533 500 387 357 208
9 3 5 1 100 0.75 6 1028 765 787 534 511 395 365 212
9 3 5 1 100 0.75 6 1029 773 790 530 528 401 371 221
9 3 5 1 100 0.75 6 1030 780 786 513 528 414 384 221
9 3 5 1 100 0.75 6 1031 796 777 507 522 432 402 214
9 3 5 1 100 0.75 6 1032 804 772 498 532 446 416 215
9 3 5 1 100 0.75 6 1033 817 765 476 528 462 432 213
9 3 5 1 100 0.75 6 1034 832 765 487 540 471 441 217
9 3 5 1 100 0.75 6 1035 848 758 445 545 487 457 215
9 3 5 1 100 0.75 6 1036 861 756 459 560 498 468 214
9 3 5 1 100 0.75 6 1037 872 753 441 565 510 480 210
9 3 5 1 100 0.75 6 1038 880 750 439 569 522 492 213
9 3 5 1 100 0.75 6 1039 890 747 431 570 534 504 213
9 3 5 1 100 0.75 6 1040 899 748 421 581 542 512 221
9 3 5 1 100 0.75 6 1041 909 746 412 587 553 523 226
9 3 5 1 100 0.75 6 1042 919 738 411 588 566 540 224
9 3 5 1 100 0.75 6 1043 927 737 424 593 575 550 226
9 3 5 1 100 0.75 6 1044 934 733 395 597 588 563 229
9 3 5 1 100 0.75 6 1045 941 725 390 594 605 580 220
9 3 5 1 100 0.75 6 1046 948 722 376 596 617 592 220
9 3 5 1 100 0.75 6 1047 952 723 385 605 624 600 224
9 3 5 1 100 0.75 6 1048 957 718 376 602 636 614 226
9 3 5 1 100 0.75 6 1049 965 716 371 604 646 625 228
9 3 5 1 100 0.75 6 1050 971 707 358 601 664 643 217
9 3 5 1 100 0.75 6 1050 971 707 707 601 850 643 217
9 3 5 1 100 0.75 6 1080 971 707 707 601 33 643 217
9 3 5 1 100 0.75 7 1081 0 9 9 0 33 0 0
9 3 5 1 100 0.75 7 1082 0 18 18 0 33 0 0
9 3 5 1 100 0.75 7 1083 0 27 27 0 33 0 0
9 3 5 1 100 0.75 7 1084 0 36 36 0 33 0 0
9 3 5 1 100 0.75 7 1085 0 45 45 0 33 0 0
9 3 5 1 100 0.75 7 1086 0 54 54 0 33 0 0
9 3 5 1 100 0.75 7 1087 0 63 62 0 33 0 0
9 3 5 1 100 0.75 7 1088 0 72 72 0 33 0 0
9 3 5 1 100 0.75 7 1089 1 81 80 0 33 0 0
9 3 5 1 100 0.75 7 1090 2 90 88 1 33 0 0
9 3 5 1 100 0.75 7 1091 3 99 96 2 33 0 0
9 3 5 1 100 0.75 7 1092 4 108 104 3 33 0 0
9 3 5 1 100 0.75 7 1093 6 117 111 4 33 0 0
9 3 5 1 100 0.75 7 1094 6 126 120 6 33 0 0
9 3 5 1 100 0.75 7 1095 6 135 129 6 33 0 0
9 3 5 1 100 0.75 7 1096 8 144 136 6 33 0 1
9 3 5 1 100 0.75 7 1097 12 153 142 8 33 0 2
9 3 5 1 100 0.75 7 1098 14 162 149 12 33 0 2
9 3 5 1 100 0.75 7 1099 14 171 160 14 33 0 3
9 3 5 1 100 0.75 7 1100 16 180 167 14 33 0 5
9 3 5 1 100 0.75 7 1101 17 189 176 16 33 0 6
9 3 5 1 100 0.75 7 1102 20 198 183 17 33 0 6
9 3 5 1 100 0.75 7 1103 23 207 191 20 33 0 6
9 3 5 1 100 0.75 7 1104 25 216 199 23 33 0 8
9 3 5 1 100 0.75 7 1105 26 225 210 25 33 0 9
9 3 5 1 100 0.75 7 1106 26 234 220 26 33 0 11
9 3 5 1 100 0.75 7 1107 29 243 229 26 33 0 13
9 3 5 1 100 0.75 7 1108 31 252 232 29 33 0 13
9 3 5 1 100 0.75 7 1109 33 261 242 31 33 0 16
9 3 5 1 100 0.75 7 1110 35 270 251 33 33 0 16
9 3 5 1 100 0.75 7 1111 39 279 260 35 33 0 18
9 3 5 1 100 0.75 7 1112 40 288 269 39 33 0 18
9 3 5 1 100 0.75 7 1113 43 296 275 39 34 1 18
9 3 5 1 100 0.75 7 1114 45 305 284 42 34 1 18
9 3 5 1 100 0.75 7 1115 48 313 291 43 35 2 19
9 3 5 1 100 0.75 7 1116 50 321 301 45 36 3 20
9 3 5 1 100 0.75 7 1117 52 329 305 46 37 4 20
9 3 5 1 100 0.75 7 1118 57 337 312 47 38 5 20
9 3 5 1 100 0.75 7 1119 59 345 321 51 39 6 20
9 3 5 1 100 0.75 7 1120 63 352 326 51 41 8 19
9 3 5 1 100 0.75 7 1121 67 360 331 54 42 9 21
9 3 5 1 100 0.75 7 1122 70 369 338 58 42 9 21
9 3 5 1 100 0.75 7 1123 70 377 352 60 43 10 24
9 3 5 1 100 0.75 7 1124 74 384 352 58 45 12 23
9 3 5 1 100 0.75 7 1125 77 392 361 61 46 13 24
9 3 5 1 100 0.75 7 1126 79 400 368 63 47 14 25
9 3 5 1 100 0.75 7 1127 82 408 380 64 48 15 28
9 3 5 1 100 0.75 7 1128 86 416 385 66 49 16 30
9 3 5 1 100 0.75 7 1129 90 423 387 68 51 18 29
9 3 5 1 100 0.75 7 1130 96 432 396 72 51 18 31
9 3 5 1 100 0.75 7 1131 97 440 405 77 52 19 30
9 3 5 1 100 0.75 7 1132 101 448 412 77 53 20 32
9 3 5 1 100 0.75 7 1133 106 456 417 80 54 21 34
9 3 5 1 100 0.75 7 1134 112 463 420 84 56 23 32
9 3 5 1 100 0.75 7 1135 117 470 428 88 58 25 33
9 3 5 1 100 0.75 7 1136 119 478 433 92 59 26 34
9 3 5 1 100 0.75 7 1137 123 486 444 93 60 27 39
9 3 5 1 100 0.75 7 1138 125 493 452 96 62 29 38
9 3 5 1 100 0.75 7 1139 128 501 459 97 63 30 41
9 3 5 1 100 0.75 7 1140 133 507 464 97 66 33 41
9 3 5 1 100 0.75 7 1141 140 514 467 101 68 35 44
9 3 5 1 100 0.75 7 1142 145 522 475 107 69 36 46
9 3 5 1 100 0.75 7 1143 149 529 480 111 71 38 45
9 3 5 1 100 0.75 7 1144 152 536 486 113 73 40 47
9 3 5 1 100 0.75 7 1145 161 540 483 112 78 45 45
9 3 5 1 100 0.75 7 1146 162 548 492 120 79 46 45
9 3 5 1 100 0.75 7 1147 170 554 494 119 82 49 48
9 3 5 1 100 0.75 7 1148 178 561 500 125 84 51 53
9 3 5 1 100 0.75 7 1149 185 569 507 132 85 52 55
9 3 5 1 100 0.75 7 1150 190 577 515 138 86 53 59
9 3 5 1 100 0.75 7 1151 196 586 521 145 86 53 64
9 3 5 1 100 0.75 7 1152 200 591 529 148 90 57 63
9 3 5 1 100 0.75 7 1153 205 598 531 151 92 59 66
9 3 5 1 100 0.75 7 1154 217 605 533 155 94 61 70
9 3 5 1 100 0.75 7 1155 225 609 535 162 98 66 70
9 3 5 1 100 0.75 7 1156 234 612 531 164 104 72 70
9 3 5 1 100 0.75 7 1157 243 618 541 170 107 75 73
9 3 5 1 100 0.75 7 1158 253 626 545 179 108 76 80
9 3 5 1 100 0.75 7 1159 258 631 545 185 112 80 77
9 3 5 1 100 0.75 7 1160 264 635 546 187 117 85 77
9 3 5 1 100 0.75 7 1161 271 643 555 193 118 86 84
9 3 5 1 100 0.75 7 1162 274 649 556 197 121 89 85
9 3 5 1 100 0.75 7 1163 286 655 562 199 124 92 89
9 3 5 1 100 0.75 7 1164 295 658 561 206 130 98 91
9 3 5 1 100 0.75 7 1165 303 664 569 213 133 101 95
9 3 5 1 100 0.75 7 1166 309 667 567 218 139 107 96
9 3 5 1 100 0.75 7 1167 316 669 571 219 146 114 93
9 3 5 1 100 0.75 7 1168 325 678 578 227 146 114 100
9 3 5 1 100 0.75 7 1169 329 684 576 234 149 117 99
9 3 5 1 100 0.75 7 1170 340 689 581 234 153 121 101
9 3 5 1 100 0.75 7 1171 354 691 578 239 160 128 105
9 3 5 1 100 0.75 7 1172 364 694 579 248 166 134 105
9 3 5 1 100 0.75 7 1173 369 697 583 253 172 140 105
9 3 5 1 100 0.75 7 1174 378 701 581 255 177 145 107
9 3 5 1 100 0.75 7 1175 385 705 583 259 182 150 108
9 3 5 1 100 0.75 7 1176 393 705 577 260 191 159 103
9 3 5 1 100 0.75 7 1177 405 713 589 267 192 160 109
9 3 5 1 100 0.75 7 1178 422 718 585 275 196 164 115
9 3 5 1 100 0.75 7 1179 434 721 581 287 202 170 119
9 3 5 1 100 0.75 7 1180 441 722 578 292 210 178 114
9 3 5 1 100 0.75 7 1181 453 723 575 294 218 186 115
9 3 5 1 100 0.75 7 1182 456 727 573 305 222 191 114
9 3 5 1 100 0.75 7 1183 468 729 571 306 228 198 116
9 3 5 1 100 0.75 7 1184 481 733 583 314 233 203 121
9 3 5 1 100 0.75 7 1185 489 741 576 329 234 204 133
9 3 5 1 100 0.75 7 1186 502 739 581 327 245 215 132
9 3 5 1 100 0.75 7 1187 517 741 579 338 252 222 132
9 3 5 1 100 0.75 7 1188 528 742 571 346 260 230 133
9 3 5 1 100 0.75 7 1189 540 747 563 358 264 234 136
9 3 5 1 100 0.75 7 1190 552 747 565 362 273 243 136
9 3 5 1 100 0.75 7 1191 566 750 554 373 279 249 139
9 3 5 1 100 0.75 7 1192 578 753 550 383 285 255 140
9 3 5 1 100 0.75 7 1193 589 755 554 393 292 262 144
9 3 5 1 100 0.75 7 1194 602 757 552 401 299 269 153
9 3 5 1 100 0.75 7 1195 616 759 550 410 306 276 161
9 3 5 1 100 0.75 7 1196 629 762 550 422 312 282 160
9 3 5 1 100 0.75 7 1197 638 763 538 431 320 290 164
9 3 5 1 100 0.75 7 1198 650 765 542 439 327 297 170
9 3 5 1 100 0.75 7 1199 664 767 542 444 334 304 173
9 3 5 1 100 0.75 7 1200 680 769 533 457 341 311 176
9 3 5 1 100 0.75 7 1201 692 768 539 467 351 321 179
9 3 5 1 100 0.75 7 1202 701 768 531 471 360 330 186
9 3 5 1 100 0.75 7 1203 710 766 530 476 370 341 187
9 3 5 1 100 0.75 7 1204 724 768 532 484 377 348 191
9 3 5 1 100 0.75 7 1205 735 768 525 494 386 357 191
9 3 5 1 100 0.75 7 1206 747 773 521 506 390 361 199
9 3 5 1 100 0.75 7 1207 752 770 515 513 402 373 202
9 3 5 1 100 0.75 7 1208 764 770 495 512 411 382 201
9 3 5 1 100 0.75 7 1209 774 770 493 518 419 391 204
9 3 5 1 100 0.75 7 1210 786 767 497 521 431 403 202
9 3 5 1 100 0.75 7 1211 798 763 504 526 443 416 201
9 3 5 1 100 0.75 7 1212 805 765 505 535 450 423 209
9 3 5 1 100 0.75 7 1213 813 766 477 542 458 431 216
9 3 5 1 100 0.75 7 1214 823 754 459 535 479 452 202
9 3 5 1 100 0.75 7 1215 832 751 452 541 490 464 202
9 3 5 1 100 0.75 7 1216 840 748 451 544 502 476 198
9 3 5 1 100 0.75 7 1217 850 746 429 546 513 487 197
9 3 5 1 100 0.75 7 1218 859 746 437 554 522 496 202
9 3 5 1 100 0.75 7 1219 864 739 428 554 538 512 199
9 3 5 1 100 0.75 7 1220 871 738 418 559 548 522 199
9 3 5 1 100 0.75 7 1221 878 735 415 560 560 534 201
9 3 5 1 100 0.75 7 1222 889 733 406 562 570 545 201
9 3 5 1 100 0.75 7 1223 898 733 411 572 579 554 200
9 3 5 1 100 0.75 7 1224 908 722 395 569 599 574 187
9 3 5 1 100 0.75 7 1225 916 721 390 575 609 584 189
9 3 5 1 100 0.75 7 1226 925 719 362 577 620 595 189
9 3 5 1 100 0.75 7 1227 930 719 378 583 628 604 190
9 3 5 1 100 0.75 7 1228 940 720 375 585 636 612 193
9 3 5 1 100 0.75 7 1229 947 715 358 587 650 626 187
9 3 5 1 100 0.75 7 1230 956 710 368 588 663 640 185
9 3 5 1 100 0.75 7 1230 956 710 710 588 824 640 185
9 3 5 1 100 0.75 7 1260 956 710 710 588 33 640 185
9 3 5 1 100 0.75 8 1261 0 9 9 0 33 0 0
9 3 5 1 100 0.75 8 1262 0 18 18 0 33 0 0
9 3 5 1 100 0.75 8 1263 0 27 27 0 33 0 0
9 3 5 1 100 0.75 8 1264 0 36 36 0 33 0 0
9 3 5 1 100 0.75 8 1265 0 45 45 0 33 0 0
9 3 5 1 100 0.75 8 1266 0 54 54 0 33 0 0
9 3 5 1 100 0.75 8 1267 0 63 63 0 33 0 0
9 3 5 1 100 0.75 8 1268 0 72 72 0 33 0 0
9 3 5 1 100 0.75 8 1269 0 81 81 0 33 0 0
9 3 5 1 100 0.75 8 1270 0 90 90 0 33 0 0
9 3 5 1 100 0.75 8 1271 0 99 99 0 33 0 0
9 3 5 1 100 0.75 8 1272 0 108 107 0 33 0 0
9 3 5 1 100 0.75 8 1273 2 117 114 0 33 0 0
9 3 5 1 100 0.75 8 1274 3 126 123 2 33 0 0
9 3 5 1 100 0.75 8 1275 4 135 131 3 33 0 0
9 3 5 1 100 0.75 8 1276 7 144 136 4 33 0 0
9 3 5 1 100 0.75 8 1277 7 153 145 7 33 0 0
9 3 5 1 100 0.75 8 1278 9 162 152 7 33 0 0
9 3 5 1 100 0.75 8 1279 10 171 160 9 33 0 0
9 3 5 1 100 0.75 8 1280 10 180 171 10 33 0 1
9 3 5 1 100 0.75 8 1281 10 189 179 10 33 0 2
9 3 5 1 100 0.75 8 1282 11 198 190 10 33 0 4
9 3 5 1 100 0.75 8 1283 12 207 196 11 33 0 4
9 3 5 1 100 0.75 8 1284 15 216 205 12 33 0 7
9 3 5 1 100 0.75 8 1285 17 225 213 15 33 0 7
9 3 5 1 100 0.75 8 1286 17 234 224 17 33 0 8
9 3 5 1 100 0.75 8 1287 20 243 230 17 33 0 9
9 3 5 1 100 0.75 8 1288 20 252 239 20 33 0 9
9 3 5 1 100 0.75 8 1289 20 261 246 20 33 0 9
9 3 5 1 100 0.75 8 1290 22 270 258 20 33 0 11
9 3 5 1 100 0.75 8 1291 26 279 266 22 33 0 13
9 3 5 1 100 0.75 8 1292 27 288 275 26 33 0 14
9 3 5 1 100 0.75 8 1293 29 297 283 27 33 0 15
9 3 5 1 100 0.75 8 1294 33 306 292 29 33 0 17
9 3 5 1 100 0.75 8 1295 35 315 296 33 33 0 17
9 3 5 1 100 0.75 8 1296 39 323 302 34 34 1 16
9 3 5 1 100 0.75 8 1297 42 331 307 37 35 2 16
9 3 5 1 100 0.75 8 1298 43 340 317 40 35 2 17
9 3 5 1 100 0.75 8 1299 48 347 323 39 37 4 18
9 3 5 1 100 0.75 8 1300 51 355 328 43 38 5 18
9 3 5 1 100 0.75 8 1301 52 364 336 46 38 5 21
9 3 5 1 100 0.75 8 1302 53 373 349 47 38 5 23
9 3 5 1 100 0.75 8 1303 60 381 352 47 39 6 23
9 3 5 1 100 0.75 8 1304 64 389 361 53 40 7 25
9 3 5 1 100 0.75 8 1305 68 396 365 55 42 9 24
9 3 5 1 100 0.75 8 1306 71 403 371 58 44 11 24
9 3 5 1 100 0.75 8 1307 75 411 380 60 45 12 23
9 3 5 1 100 0.75 8 1308 80 420 389 64 45 12 24
9 3 5 1 100 0.75 8 1309 83 429 394 69 45 12 25
9 3 5 1 100 0.75 8 1310 90 435 401 69 48 15 28
9 3 5 1 100 0.75 8 1311 94 443 406 75 49 16 30
9 3 5 1 100 0.75 8 1312 97 451 417 78 50 17 31
9 3 5 1 100 0.75 8 1313 101 460 421 81 50 17 35
9 3 5 1 100 0.75 8 1314 106 467 430 83 52 19 37
9 3 5 1 100 0.75 8 1315 109 475 435 87 53 20 39
9 3 5 1 100 0.75 8 1316 115 483 443 89 54 21 42
9 3 5 1 100 0.75 8 1317 117 491 453 94 55 22 44
9 3 5 1 100 0.75 8 1318 126 500 460 96 55 22 47
9 3 5 1 100 0.75 8 1319 127 506 465 102 58 25 45
9 3 5 1 100 0.75 8 1320 132 513 472 102 60 27 48
9 3 5 1 100 0.75 8 1321 137 518 478 104 64 31 46
9 3 5 1 100 0.75 8 1322 143 525 478 107 66 33 48
9 3 5 1 100 0.75 8 1323 148 531 484 110 69 36 48
9 3 5 1 100 0.75 8 1324 154 539 490 114 70 37 49
9 3 5 1 100 0.75 8 1325 159 547 496 119 71 38 57
9 3 5 1 100 0.75 8 1326 161 556 503 125 71 38 59
9 3 5 1 100 0.75 8 1327 168 562 509 125 74 41 60
9 3 5 1 100 0.75 8 1328 174 567 515 129 78 45 59
9 3 5 1 100 0.75 8 1329 181 574 520 134 80 47 61
9 3 5 1 100 0.75 8 1330 186 577 518 135 86 53 58
9 3 5 1 100 0.75 8 1331 192 584 530 138 88 55 62
9 3 5 1 100 0.75 8 1332 201 590 525 142 91 58 63
9 3 5 1 100 0.75 8 1333 206 593 525 147 97 64 61
9 3 5 1 100 0.75 8 1334 212 601 530 152 98 65 61
9 3 5 1 100 0.75 8 1335 215 607 534 156 101 68 63
9 3 5 1 100 0.75 8 1336 220 614 553 157 103 70 66
9 3 5 1 100 0.75 8 1337 228 620 547 159 106 73 65
9 3 5 1 100 0.75 8 1338 238 628 561 166 107 74 70
9 3 5 1 100 0.75 8 1339 247 634 561 173 109 77 74
9 3 5 1 100 0.75 8 1340 253 638 570 177 114 82 75
9 3 5 1 100 0.75 8 1341 268 639 557 175 122 90 72
9 3 5 1 100 0.75 8 1342 276 645 557 187 125 93 73
9 3 5 1 100 0.75 8 1343 282 653 562 194 125 94 74
9 3 5 1 100 0.75 8 1344 292 658 569 197 129 98 76
9 3 5 1 100 0.75 8 1345 303 662 562 203 134 103 77
9 3 5 1 100 0.75 8 1346 314 667 570 212 137 107 83
9 3 5 1 100 0.75 8 1347 320 672 567 220 141 111 81
9 3 5 1 100 0.75 8 1348 330 678 572 223 143 114 85
9 3 5 1 100 0.75 8 1349 345 684 572 232 146 117 94
9 3 5 1 100 0.75 8 1350 354 685 569 240 154 125 92
9 3 5 1 100 0.75 8 1351 357 691 583 248 157 128 98
9 3 5 1 100 0.75 8 1352 369 696 580 249 161 132 105
9 3 5 1 100 0.75 8 1353 378 704 583 263 162 133 113
9 3 5 1 100 0.75 8 1354 386 711 591 272 164 135 119
9 3 5 1 100 0.75 8 1355 393 715 591 277 169 140 121
9 3 5 1 100 0.75 8 1356 403 715 590 279 178 149 125
9 3 5 1 100 0.75 8 1357 418 716 583 282 186 157 125
9 3 5 1 100 0.75 8 1358 427 721 581 296 190 161 127
9 3 5 1 100 0.75 8 1359 434 729 585 310 191 162 132
9 3 5 1 100 0.75 8 1360 444 736 597 317 193 164 143
9 3 5 1 100 0.75 8 1361 455 738 594 322 200 171 144
9 3 5 1 100 0.75 8 1362 464 741 602 327 206 177 145
9 3 5 1 100 0.75 8 1363 475 743 592 331 213 184 147
9 3 5 1 100 0.75 8 1364 488 749 593 342 216 187 155
9 3 5 1 100 0.75 8 1365 497 745 590 346 229 200 158
9 3 5 1 100 0.75 8 1366 511 745 578 348 238 209 156
9 3 5 1 100 0.75 8 1367 527 747 569 360 245 216 156
9 3 5 1 100 0.75 8 1368 532 746 576 367 255 226 151
9 3 5 1 100 0.75 8 1369 547 748 561 366 262 233 150
9 3 5 1 100 0.75 8 1370 563 747 557 373 272 243 150
9 3 5 1 100 0.75 8 1371 570 746 558 384 282 253 152
9 3 5 1 100 0.75 8 1372 587 747 545 385 290 261 154
9 3 5 1 100 0.75 8 1373 597 749 561 400 297 268 161
9 3 5 1 100 0.75 8 1374 612 752 553 406 303 274 167
9 3 5 1 100 0.75 8 1375 623 748 541 412 316 287 165
9 3 5 1 100 0.75 8 1376 635 745 518 413 328 299 162
9 3 5 1 100 0.75 8 1377 650 749 531 425 332 304 170
9 3 5 1 100 0.75 8 1378 657 753 531 437 337 309 177
9 3 5 1 100 0.75 8 1379 669 753 529 438 346 318 178
9 3 5 1 100 0.75 8 1380 681 748 520 442 360 332 178
9 3 5 1 100 0.75 8 1381 690 750 521 451 367 339 182
9 3 5 1 100 0.75 8 1382 701 746 503 455 379 352 183
9 3 5 1 100 0.75 8 1383 709 749 505 468 384 358 190
9 3 5 1 100 0.75 8 1384 717 751 510 478 391 365 192
9 3 5 1 100 0.75 8 1385 724 753 504 483 398 372 197
9 3 5 1 100 0.75 8 1386 736 756 512 489 404 378 201
9 3 5 1 100 0.75 8 1387 745 755 495 496 414 388 202
9 3 5 1 100 0.75 8 1388 756 754 482 502 424 398 208
9 3 5 1 100 0.75 8 1389 762 749 481 503 438 412 205
9 3 5 1 100 0.75 8 1390 771 749 497 505 446 421 218
9 3 5 1 100 0.75 8 1391 782 745 456 507 459 434 212
9 3 5 1 100 0.75 8 1392 790 738 457 508 475 450 204
9 3 5 1 100 0.75 8 1393 801 740 465 513 482 457 213
9 3 5 1 100 0.75 8 1394 808 736 459 515 495 470 211
9 3 5 1 100 0.75 8 1395 817 730 443 514 510 485 208
9 3 5 1 100 0.75 8 1396 827 727 439 514 522 497 208
9 3 5 1 100 0.75 8 1397 832 727 435 521 531 506 207
9 3 5 1 100 0.75 8 1398 843 723 420 518 543 519 204
9 3 5 1 100 0.75 8 1399 851 723 420 528 552 528 204
9 3 5 1 100 0.75 8 1400 859 723 405 536 561 537 205
9 3 5 1 100 0.75 8 1401 865 720 406 540 573 549 205
9 3 5 1 100 0.75 8 1402 875 718 407 541 584 560 206
9 3 5 1 100 0.75 8 1403 880 710 393 543 601 577 201
9 3 5 1 100 0.75 8 1404 886 710 391 545 610 586 202
9 3 5 1 100 0.75 8 1405 895 705 366 543 623 600 200
9 3 5 1 100 0.75 8 1406 903 699 370 544 638 615 196
9 3 5 1 100 0.75 8 1407 911 697 342 550 649 626 195
9 3 5 1 100 0.75 8 1408 915 699 354 558 656 633 198
9 3 5 1 100 0.75 8 1409 918 696 333 559 668 645 197
9 3 5 1 100 0.75 8 1410 926 698 356 563 675 652 204
9 3 5 1 100 0.75 8 1410 926 698 698 563 851 652 204
9 3 5 1 100 0.75 8 1440 926 698 698 563 33 652 204
9 3 5 1 100 0.75 9 1441 0 9 9 0 33 0 0
9 3 5 1 100 0.75 9 1442 0 18 18 0 33 0 0
9 3 5 1 100 0.75 9 1443 0 27 27 0 33 0 0
9 3 5 1 100 0.75 9 1444 0 36 36 0 33 0 0
9 3 5 1 100 0.75 9 1445 0 45 45 0 33 0 0
9 3 5 1 100 0.75 9 1446 0 54 54 0 33 0 0
9 3 5 1 100 0.75 9 1447 0 63 63 0 33 0 0
9 3 5 1 100 0.75 9 1448 0 72 72 0 33 0 0
9 3 5 1 100 0.75 9 1449 0 81 80 0 33 0 0
9 3 5 1 100 0.75 9 1450 0 90 90 0 33 0 0
9 3 5 1 100 0.75 9 1451 0 99 98 0 33 0 0
9 3 5 1 100 0.75 9 1452 0 108 108 0 33 0 0
9 3 5 1 100 0.75 9 1453 0 117 116 0 33 0 0
9 3 5 1 100 0.75 9 1454 0 126 125 0 33 0 0
9 3 5 1 100 0.75 9 1455 1 135 134 0 33 0 0
9 3 5 1 100 0.75 9 1456 2 144 140 1 33 0 0
9 3 5 1 100 0.75 9 1457 4 153 148 2 33 0 0
9 3 5 1 100 0.75 9 1458 5 162 157 4 33 0 0
9 3 5 1 100 0.75 9 1459 6 171 164 5 32 0 0
9 3 5 1 100 0.75 9 1460 8 180 172 6 32 0 0
9 3 5 1 100 0.75 9 1461 9 189 179 8 32 0 0
9 3 5 1 100 0.75 9 1462 12 198 187 9 32 0 1
9 3 5 1 100 0.75 9 1463 14 207 194 12 32 0 2
9 3 5 1 100 0.75 9 1464 14 216 204 14 32 0 2
9 3 5 1 100 0.75 9 1465 17 225 213 14 32 0 5
9 3 5 1 100 0.75 9 1466 18 234 219 17 32 0 5
9 3 5 1 100 0.75 9 1467 21 243 228 18 32 0 7
9 3 5 1 100 0.75 9 1468 22 252 237 21 32 0 7
9 3 5 1 100 0.75 9 1469 23 261 247 22 32 0 8
9 3 5 1 100 0.75 9 1470 25 270 259 23 32 0 11
9 3 5 1 100 0.75 9 1471 27 279 262 25 32 0 11
9 3 5 1 100 0.75 9 1472 28 288 271 27 32 0 11
9 3 5 1 100 0.75 9 1473 31 297 281 28 32 0 13
9 3 5 1 100 0.75 9 1474 31 306 291 31 32 0 14
9 3 5 1 100 0.75 9 1475 32 315 304 31 32 0 17
9 3 5 1 100 0.75 9 1476 41 324 304 32 32 0 17
9 3 5 1 100 0.75 9 1477 41 333 313 41 32 0 18
9 3 5 1 100 0.75 9 1478 47 342 319 41 32 0 21
9 3 5 1 100 0.75 9 1479 51 350 325 46 33 1 21
9 3 5 1 100 0.75 9 1480 51 357 332 48 35 3 19
9 3 5 1 100 0.75 9 1481 53 366 341 48 34 3 20
9 3 5 1 100 0.75 9 1482 54 374 350 49 35 4 19
9 3 5 1 100 0.75 9 1483 55 382 358 49 36 5 20
9 3 5 1 100 0.75 9 1484 59 389 367 48 38 7 24
9 3 5 1 100 0.75 9 1485 61 398 375 52 38 7 26
9 3 5 1 100 0.75 9 1486 65 406 384 53 39 8 29
9 3 5 1 100 0.75 9 1487 72 414 390 56 40 9 31
9 3 5 1 100 0.75 9 1488 75 421 395 61 42 11 30
9 3 5 1 100 0.75 9 1489 77 429 399 63 43 12 30
9 3 5 1 100 0.75 9 1490 79 437 408 64 44 13 31
9 3 5 1 100 0.75 9 1491 81 445 414 65 45 14 32
9 3 5 1 100 0.75 9 1492 86 453 422 66 46 15 33
9 3 5 1 100 0.75 9 1493 91 459 425 68 49 18 34
9 3 5 1 100 0.75 9 1494 95 468 438 73 49 18 38
9 3 5 1 100 0.75 9 1495 101 475 437 76 51 20 40
9 3 5 1 100 0.75 9 1496 105 484 446 85 51 20 42
9 3 5 1 100 0.75 9 1497 109 492 452 88 52 21 44
9 3 5 1 100 0.75 9 1498 112 500 456 92 53 22 43
9 3 5 1 100 0.75 9 1499 116 508 465 94 54 23 43
9 3 5 1 100 0.75 9 1500 120 516 473 97 55 24 45
9 3 5 1 100 0.75 9 1501 126 523 480 99 57 26 45
9 3 5 1 100 0.75 9 1502 134 528 482 101 61 30 47
9 3 5 1 100 0.75 9 1503 139 531 486 103 67 36 47
9 3 5 1 100 0.75 9 1504 146 537 491 105 70 39 49
9 3 5 1 100 0.75 9 1505 149 545 496 111 71 40 49
9 3 5 1 100 0.75 9 1506 155 551 500 111 74 43 50
9 3 5 1 100 0.75 9 1507 159 559 507 116 75 44 52
9 3 5 1 100 0.75 9 1508 165 567 514 119 76 45 52
9 3 5 1 100 0.75 9 1509 172 573 512 122 79 48 56
9 3 5 1 100 0.75 9 1510 178 580 525 127 81 50 56
9 3 5 1 100 0.75 9 1511 184 585 525 131 85 54 57
9 3 5 1 100 0.75 9 1512 193 590 531 133 89 58 56
9 3 5 1 100 0.75 9 1513 201 597 529 140 91 60 58
9 3 5 1 100 0.75 9 1514 206 605 538 147 92 61 61
9 3 5 1 100 0.75 9 1515 212 611 544 149 95 64 59
9 3 5 1 100 0.75 9 1516 219 618 550 153 97 66 63
9 3 5 1 100 0.75 9 1517 228 625 553 158 99 68 66
9 3 5 1 100 0.75 9 1518 236 631 553 164 102 71 69
9 3 5 1 100 0.75 9 1519 240 636 562 169 106 75 68
9 3 5 1 100 0.75 9 1520 256 643 560 173 108 77 75
9 3 5 1 100 0.75 9 1521 259 648 567 185 112 81 73
9 3 5 1 100 0.75 9 1522 264 651 568 182 118 87 74
9 3 5 1 100 0.75 9 1523 275 657 571 185 121 90 73
9 3 5 1 100 0.75 9 1524 286 664 574 194 123 92 78
9 3 5 1 100 0.75 9 1525 294 669 578 201 127 96 78
9 3 5 1 100 0.75 9 1526 298 675 577 207 130 99 80
9 3 5 1 100 0.75 9 1527 312 678 588 206 136 105 85
9 3 5 1 100 0.75 9 1528 326 683 583 216 140 109 85
9 3 5 1 100 0.75 9 1529 335 690 589 228 142 111 87
9 3 5 1 100 0.75 9 1530 348 696 584 235 145 114 91
9 3 5 1 100 0.75 9 1531 357 700 591 244 150 119 94
9 3 5 1 100 0.75 9 1532 365 707 594 252 152 121 97
9 3 5 1 100 0.75 9 1533 371 708 586 252 160 129 93
9 3 5 1 100 0.75 9 1534 379 712 590 256 165 134 93
9 3 5 1 100 0.75 9 1535 392 716 588 260 170 139 100
9 3 5 1 100 0.75 9 1536 404 722 596 274 173 142 107
9 3 5 1 100 0.75 9 1537 414 723 593 281 181 150 107
9 3 5 1 100 0.75 9 1538 428 725 593 288 188 157 111
9 3 5 1 100 0.75 9 1539 437 731 586 300 191 160 113
9 3 5 1 100 0.75 9 1540 446 737 592 309 194 163 117
9 3 5 1 100 0.75 9 1541 459 744 592 319 196 165 125
9 3 5 1 100 0.75 9 1542 471 748 595 328 201 170 126
9 3 5 1 100 0.75 9 1543 488 748 584 336 210 179 135
9 3 5 1 100 0.75 9 1544 499 748 580 346 219 188 139
9 3 5 1 100 0.75 9 1545 510 756 586 357 220 189 145
9 3 5 1 100 0.75 9 1546 519 757 596 361 228 197 146
9 3 5 1 100 0.75 9 1547 528 760 587 368 234 203 145
9 3 5 1 100 0.75 9 1548 541 766 585 379 237 206 153
9 3 5 1 100 0.75 9 1549 552 766 586 384 246 215 154
9 3 5 1 100 0.75 9 1550 566 766 583 388 254 224 158
9 3 5 1 100 0.75 9 1551 575 770 582 400 259 229 165
9 3 5 1 100 0.75 9 1552 588 771 577 408 267 237 166
9 3 5 1 100 0.75 9 1553 600 775 574 417 272 242 167
9 3 5 1 100 0.75 9 1554 607 775 577 422 281 251 168
9 3 5 1 100 0.75 9 1555 616 774 568 423 291 261 164
9 3 5 1 100 0.75 9 1556 634 771 560 426 303 273 163
9 3 5 1 100 0.75 9 1557 650 773 560 442 310 280 166
9 3 5 1 100 0.75 9 1558 661 773 538 454 318 289 167
9 3 5 1 100 0.75 9 1559 671 771 542 458 329 300 167
9 3 5 1 100 0.75 9 1560 682 768 535 460 341 312 163
9 3 5 1 100 0.75 9 1561 693 766 527 463 352 323 162
9 3 5 1 100 0.75 9 1562 703 766 528 469 361 332 162
9 3 5 1 100 0.75 9 1563 716 771 514 482 365 336 167
9 3 5 1 100 0.75 9 1564 736 773 523 492 372 343 177
9 3 5 1 100 0.75 9 1565 747 770 514 507 384 355 184
9 3 5 1 100 0.75 9 1566 757 768 522 514 393 366 185
9 3 5 1 100 0.75 9 1567 769 771 497 525 399 372 191
9 3 5 1 100 0.75 9 1568 775 767 494 530 412 385 186
9 3 5 1 100 0.75 9 1569 788 767 494 530 420 394 191
9 3 5 1 100 0.75 9 1570 793 764 476 537 432 406 190
9 3 5 1 100 0.75 9 1571 808 764 479 538 441 415 200
9 3 5 1 100 0.75 9 1572 824 765 476 551 449 423 210
9 3 5 1 100 0.75 9 1573 832 761 470 561 462 436 210
9 3 5 1 100 0.75 9 1574 839 762 466 565 470 444 215
9 3 5 1 100 0.75 9 1575 847 762 452 572 479 453 215
9 3 5 1 100 0.75 9 1576 859 762 458 574 488 462 217
9 3 5 1 100 0.75 9 1577 873 763 452 585 495 470 223
9 3 5 1 100 0.75 9 1578 881 762 449 595 505 480 220
9 3 5 1 100 0.75 9 1579 890 758 439 595 516 493 224
9 3 5 1 100 0.75 9 1580 896 756 443 599 527 504 230
9 3 5 1 100 0.75 9 1581 904 751 432 599 541 518 224
9 3 5 1 100 0.75 9 1582 912 750 417 602 551 528 222
9 3 5 1 100 0.75 9 1583 918 745 405 603 565 542 219
9 3 5 1 100 0.75 9 1584 924 738 388 596 581 558 216
9 3 5 1 100 0.75 9 1585 934 733 394 596 595 572 212
9 3 5 1 100 0.75 9 1586 940 732 382 606 605 582 210
9 3 5 1 100 0.75 9 1587 945 733 392 609 613 590 213
9 3 5 1 100 0.75 9 1588 950 724 363 606 631 608 205
9 3 5 1 100 0.75 9 1589 956 722 362 604 642 619 206
9 3 5 1 100 0.75 9 1590 961 714 349 606 658 636 194
9 3 5 1 100 0.75 9 1590 961 714 714 606 830 636 194
9 3 5 1 100 0.75 9 1620 961 714 714 606 33 636 194
9 3 5 1 100 0.75 10 1621 0 9 9 0 33 0 0
9 3 5 1 100 0.75 10 1622 0 18 18 0 33 0 0
9 3 5 1 100 0.75 10 1623 0 27 27 0 33 0 0
9 3 5 1 100 0.75 10 1624 0 36 36 0 33 0 0
9 3 5 1 100 0.75 10 1625 0 45 45 0 33 0 0
9 3 5 1 100 0.75 10 1626 0 54 54 0 33 0 0
9 3 5 1 100 0.75 10 1627 0 63 63 0 33 0 0
9 3 5 1 100 0.75 10 1628 0 72 71 0 33 0 0
9 3 5 1 100 0.75 10 1629 0 81 81 0 33 0 0
9 3 5 1 100 0.75 10 1630 1 90 89 0 33 0 0
9 3 5 1 100 0.75 10 1631 2 99 97 1 33 0 0
9 3 5 1 100 0.75 10 1632 4 108 103 2 33 0 0
9 3 5 1 100 0.75 10 1633 4 117 113 4 33 0 0
9 3 5 1 100 0.75 10 1634 6 126 120 4 33 0 0
9 3 5 1 100 0.75 10 1635 8 135 127 6 33 0 0
9 3 5 1 100 0.75 10 1636 8 144 135 8 33 0 0
9 3 5 1 100 0.75 10 1637 9 153 145 8 33 0 1
9 3 5 1 100 0.75 10 1638 10 162 152 9 33 0 1
9 3 5 1 100 0.75 10 1639 10 171 162 10 33 0 2
9 3 5 1 100 0.75 10 1640 11 180 173 10 33 0 3
9 3 5 1 100 0.75 10 1641 13 189 182 11 33 0 5
9 3 5 1 100 0.75 10 1642 13 198 189 13 33 0 6
9 3 5 1 100 0.75 10 1643 14 207 200 13 33 0 6
9 3 5 1 100 0.75 10 1644 17 216 207 14 33 0 6
9 3 5 1 100 0.75 10 1645 18 225 216 17 33 0 7
9 3 5 1 100 0.75 10 1646 21 234 221 18 33 0 7
9 3 5 1 100 0.75 10 1647 23 243 230 21 33 0 8
9 3 5 1 100 0.75 10 1648 28 252 233 23 33 0 9
9 3 5 1 100 0.75 10 1649 29 261 243 28 33 0 9
9 3 5 1 100 0.75 10 1650 31 270 252 29 33 0 10
9 3 5 1 100 0.75 10 1651 33 279 259 31 33 0 10
9 3 5 1 100 0.75 10 1652 35 288 267 33 33 0 13
9 3 5 1 100 0.75 10 1653 36 297 280 35 33 0 14
9 3 5 1 100 0.75 10 1654 39 306 287 36 33 0 16
9 3 5 1 100 0.75 10 1655 42 313 296 37 35 2 14
9 3 5 1 100 0.75 10 1656 47 322 301 40 35 2 17
9 3 5 1 100 0.75 10 1657 48 330 309 44 36 3 16
9 3 5 1 100 0.75 10 1658 50 339 318 45 36 3 19
9 3 5 1 100 0.75 10 1659 51 347 326 46 37 4 19
9 3 5 1 100 0.75 10 1660 53 354 333 45 39 6 20
9 3 5 1 100 0.75 10 1661 56 362 340 46 40 7 20
9 3 5 1 100 0.75 10 1662 60 371 349 49 40 7 22
9 3 5 1 100 0.75 10 1663 64 380 358 53 40 7 27
9 3 5 1 100 0.75 10 1664 66 388 363 56 41 8 28
9 3 5 1 100 0.75 10 1665 70 397 372 58 41 8 30
9 3 5 1 100 0.75 10 1666 72 404 376 60 43 10 29
9 3 5 1 100 0.75 10 1667 73 413 388 62 43 10 31
9 3 5 1 100 0.75 10 1668 81 421 390 62 44 11 32
9 3 5 1 100 0.75 10 1669 84 428 397 68 46 13 34
9 3 5 1 100 0.75 10 1670 87 436 404 70 47 14 35
9 3 5 1 100 0.75 10 1671 91 443 409 71 49 16 34
9 3 5 1 100 0.75 10 1672 94 451 421 74 50 17 35
9 3 5 1 100 0.75 10 1673 99 457 425 74 53 20 33
9 3 5 1 100 0.75 10 1674 104 466 430 79 53 20 35
9 3 5 1 100 0.75 10 1675 108 475 440 84 53 20 38
9 3 5 1 100 0.75 10 1676 110 484 448 88 53 20 42
9 3 5 1 100 0.75 10 1677 114 492 455 89 54 21 44
9 3 5 1 100 0.75 10 1678 118 497 459 89 58 25 41
9 3 5 1 100 0.75 10 1679 122 501 459 88 63 30 38
9 3 5 1 100 0.75 10 1680 129 506 463 89 67 34 39
9 3 5 1 100 0.75 10 1681 133 515 473 97 67 34 41
9 3 5 1 100 0.75 10 1682 140 523 480 100 68 35 43
9 3 5 1 100 0.75 10 1683 142 531 484 106 69 36 42
9 3 5 1 100 0.75 10 1684 148 538 485 106 71 38 42
9 3 5 1 100 0.75 10 1685 152 542 489 107 76 43 39
9 3 5 1 100 0.75 10 1686 159 549 492 109 78 45 39
9 3 5 1 100 0.75 10 1687 168 556 499 114 80 47 41
9 3 5 1 100 0.75 10 1688 174 564 502 123 81 48 45
9 3 5 1 100 0.75 10 1689 182 573 511 129 81 48 50
9 3 5 1 100 0.75 10 1690 189 580 516 135 83 50 52
9 3 5 1 100 0.75 10 1691 193 586 519 139 86 53 51
9 3 5 1 100 0.75 10 1692 200 590 519 139 91 58 52
9 3 5 1 100 0.75 10 1693 203 598 532 146 92 59 55
9 3 5 1 100 0.75 10 1694 211 606 540 148 93 60 59
9 3 5 1 100 0.75 10 1695 220 611 541 153 97 64 61
9 3 5 1 100 0.75 10 1696 231 616 546 158 101 68 66
9 3 5 1 100 0.75 10 1697 234 620 543 164 106 73 64
9 3 5 1 100 0.75 10 1698 240 627 553 167 108 75 69
9 3 5 1 100 0.75 10 1699 249 634 556 171 110 77 71
9 3 5 1 100 0.75 10 1700 253 639 562 176 114 81 74
9 3 5 1 100 0.75 10 1701 261 646 567 179 116 83 77
9 3 5 1 100 0.75 10 1702 270 653 575 186 118 85 83
9 3 5 1 100 0.75 10 1703 276 659 577 194 121 88 87
9 3 5 1 100 0.75 10 1704 284 667 583 200 122 89 90
9 3 5 1 100 0.75 10 1705 290 672 588 204 126 93 91
9 3 5 1 100 0.75 10 1706 296 678 584 208 129 96 91
9 3 5 1 100 0.75 10 1707 307 681 591 209 135 102 92
9 3 5 1 100 0.75 10 1708 313 686 592 216 139 106 91
9 3 5 1 100 0.75 10 1709 327 689 590 218 145 112 95
9 3 5 1 100 0.75 10 1710 338 693 587 227 150 117 96
9 3 5 1 100 0.75 10 1711 347 699 593 237 153 120 96
9 3 5 1 100 0.75 10 1712 359 703 594 242 158 125 100
9 3 5 1 100 0.75 10 1713 367 707 589 252 163 130 100
9 3 5 1 100 0.75 10 1714 372 712 601 257 167 134 103
9 3 5 1 100 0.75 10 1715 382 717 595 258 171 138 107
9 3 5 1 100 0.75 10 1716 399 717 590 259 180 147 106
9 3 5 1 100 0.75 10 1717 407 719 595 269 187 154 106
9 3 5 1 100 0.75 10 1718 422 721 591 272 194 161 110
9 3 5 1 100 0.75 10 1719 428 724 595 282 200 167 113
9 3 5 1 100 0.75 10 1720 440 727 590 285 206 173 118
9 3 5 1 100 0.75 10 1721 449 734 591 298 208 175 122
9 3 5 1 100 0.75 10 1722 459 738 583 304 213 180 120
9 3 5 1 100 0.75 10 1723 465 742 596 311 218 185 124
9 3 5 1 100 0.75 10 1724 483 746 594 315 223 190 131
9 3 5 1 100 0.75 10 1725 495 748 589 327 230 197 136
9 3 5 1 100 0.75 10 1726 505 752 593 334 235 202 140
9 3 5 1 100 0.75 10 1727 514 755 583 343 241 208 143
9 3 5 1 100 0.75 10 1728 527 756 573 348 249 216 146
9 3 5 1 100 0.75 10 1729 546 760 578 360 254 221 147
9 3 5 1 100 0.75 10 1730 562 762 576 373 261 228 148
9 3 5 1 100 0.75 10 1731 575 764 573 383 268 235 153
9 3 5 1 100 0.75 10 1732 590 767 570 395 274 241 158
9 3 5 1 100 0.75 10 1733 594 770 578 404 280 247 161
9 3 5 1 100 0.75 10 1734 614 762 565 395 297 264 153
9 3 5 1 100 0.75 10 1735 621 763 550 411 303 272 154
9 3 5 1 100 0.75 10 1736 638 765 556 422 310 279 161
9 3 5 1 100 0.75 10 1737 656 769 552 436 315 284 169
9 3 5 1 100 0.75 10 1738 666 767 539 446 326 295 172
9 3 5 1 100 0.75 10 1739 677 769 527 451 333 302 181
9 3 5 1 100 0.75 10 1740 685 770 522 459 341 310 179
9 3 5 1 100 0.75 10 1741 696 771 528 467 349 318 187
9 3 5 1 100 0.75 10 1742 708 778 534 480 351 320 202
9 3 5 1 100 0.75 10 1743 717 774 534 483 364 333 205
9 3 5 1 100 0.75 10 1744 734 777 534 490 370 339 214
9 3 5 1 100 0.75 10 1745 744 777 522 500 379 348 215
9 3 5 1 100 0.75 10 1746 757 776 511 504 389 358 219
9 3 5 1 100 0.75 10 1747 770 770 502 510 404 373 216
9 3 5 1 100 0.75 10 1748 778 768 496 521 415 384 215
9 3 5 1 100 0.75 10 1749 787 769 496 526 422 392 226
9 3 5 1 100 0.75 10 1750 797 766 493 530 434 404 221
9 3 5 1 100 0.75 10 1751 805 766 489 537 442 413 224
9 3 5 1 100 0.75 10 1752 819 766 493 540 451 422 231
9 3 5 1 100 0.75 10 1753 825 762 473 548 464 435 229
9 3 5 1 100 0.75 10 1754 833 755 465 543 480 451 233
9 3 5 1 100 0.75 10 1755 841 752 461 545 491 463 232
9 3 5 1 100 0.75 10 1756 847 747 443 543 505 477 234
9 3 5 1 100 0.75 10 1757 854 743 452 546 518 490 230
9 3 5 1 100 0.75 10 1758 866 742 443 551 528 500 231
9 3 5 1 100 0.75 10 1759 879 736 429 553 543 515 229
9 3 5 1 100 0.75 10 1760 888 732 426 560 556 528 230
9 3 5 1 100 0.75 10 1761 894 729 420 560 568 540 228
9 3 5 1 100 0.75 10 1762 904 725 402 561 581 553 223
9 3 5 1 100 0.75 10 1763 911 715 386 558 600 572 212
9 3 5 1 100 0.75 10 1764 913 716 380 566 608 580 217
9 3 5 1 100 0.75 10 1765 916 708 376 558 624 597 207
9 3 5 1 100 0.75 10 1766 928 706 349 561 634 608 216
9 3 5 1 100 0.75 10 1767 936 702 377 565 646 621 218
9 3 5 1 100 0.75 10 1768 944 696 342 568 661 636 218
9 3 5 1 100 0.75 10 1769 949 690 338 567 676 651 212
9 3 5 1 100 0.75 10 1770 955 692 336 573 683 658 218
9 3 5 1 100 0.75 10 1770 955 692 692 573 871 658 218
9 3 5 1 100 0.75 10 1800 955 692 692 573 33 658 218
