11 50 5 1 100 0.75 1 1 0 11 11 0 100 0 0
11 50 5 1 100 0.75 1 2 0 22 22 0 100 0 0
11 50 5 1 100 0.75 1 3 0 33 33 0 100 0 0
11 50 5 1 100 0.75 1 4 0 44 44 0 100 0 0
11 50 5 1 100 0.75 1 5 0 55 55 0 100 0 0
11 50 5 1 100 0.75 1 6 0 66 65 0 100 0 0
11 50 5 1 100 0.75 1 7 0 77 77 0 100 0 0
11 50 5 1 100 0.75 1 8 2 88 86 0 100 0 0
11 50 5 1 100 0.75 1 9 4 99 95 2 100 0 0
11 50 5 1 100 0.75 1 10 6 110 101 4 100 0 0
11 50 5 1 100 0.75 1 11 13 121 107 6 100 0 0
11 50 5 1 100 0.75 1 12 19 132 111 13 100 0 0
11 50 5 1 100 0.75 1 13 24 143 115 19 100 0 0
11 50 5 1 100 0.75 1 14 33 154 118 24 100 0 0
11 50 5 1 100 0.75 1 15 39 165 125 33 100 0 0
11 50 5 1 100 0.75 1 16 46 176 131 39 100 0 3
11 50 5 1 100 0.75 1 17 52 187 140 46 100 0 4
11 50 5 1 100 0.75 1 18 57 198 149 52 100 0 7
11 50 5 1 100 0.75 1 19 61 209 160 57 100 0 11
11 50 5 1 100 0.75 1 20 71 220 159 61 100 0 15
11 50 5 1 100 0.75 1 21 78 231 176 71 100 0 22
11 50 5 1 100 0.75 1 22 86 242 185 78 100 0 25
11 50 5 1 100 0.75 1 23 92 253 200 86 100 0 29
11 50 5 1 100 0.75 1 24 100 264 204 92 100 0 37
11 50 5 1 100 0.75 1 25 107 275 216 100 100 0 41
11 50 5 1 100 0.75 1 26 112 286 223 107 100 0 43
11 50 5 1 100 0.75 1 27 118 297 234 112 100 0 51
11 50 5 1 100 0.75 1 28 128 308 244 118 100 0 58
11 50 5 1 100 0.75 1 29 135 319 254 128 100 0 62
11 50 5 1 100 0.75 1 30 140 330 268 135 100 0 66
11 50 5 1 100 0.75 1 31 147 341 275 140 100 0 70
11 50 5 1 100 0.75 1 32 158 351 281 146 101 1 75
11 50 5 1 100 0.75 1 33 164 361 291 156 102 2 78
11 50 5 1 100 0.75 1 34 169 368 294 158 106 6 76
11 50 5 1 100 0.75 1 35 175 377 305 161 108 8 84
11 50 5 1 100 0.75 1 36 184 383 309 162 113 13 85
11 50 5 1 100 0.75 1 37 194 392 315 169 115 15 85
11 50 5 1 100 0.75 1 38 207 400 315 176 118 18 87
11 50 5 1 100 0.75 1 39 218 406 320 184 123 23 86
11 50 5 1 100 0.75 1 40 229 414 329 192 126 26 94
11 50 5 1 100 0.75 1 41 237 420 328 198 131 31 91
11 50 5 1 100 0.75 1 42 249 425 321 200 137 37 91
11 50 5 1 100 0.75 1 43 258 429 325 205 144 44 90
11 50 5 1 100 0.75 1 44 268 434 327 208 150 50 91
11 50 5 1 100 0.75 1 45 289 441 328 214 154 54 99
11 50 5 1 100 0.75 1 46 301 447 327 231 159 59 100
11 50 5 1 100 0.75 1 47 319 453 328 239 164 64 103
11 50 5 1 100 0.75 1 48 332 463 333 256 164 65 112
11 50 5 1 100 0.75 1 49 343 466 335 261 172 73 109
11 50 5 1 100 0.75 1 50 357 472 332 267 177 78 112
11 50 5 1 100 0.75 1 51 372 476 329 274 184 85 113
11 50 5 1 100 0.75 1 52 384 483 340 288 188 89 120
11 50 5 1 100 0.75 1 53 399 490 341 298 192 93 124
11 50 5 1 100 0.75 1 54 410 497 349 313 196 97 136
11 50 5 1 100 0.75 1 55 421 503 346 322 201 102 140
11 50 5 1 100 0.75 1 56 433 510 348 332 205 106 146
11 50 5 1 100 0.75 1 57 439 516 355 346 210 111 150
11 50 5 1 100 0.75 1 58 445 519 351 348 218 119 152
11 50 5 1 100 0.75 1 59 456 525 352 357 223 124 157
11 50 5 1 100 0.75 1 60 466 527 362 365 232 133 160
11 50 5 1 100 0.75 1 61 479 534 363 375 236 137 168
11 50 5 1 100 0.75 1 62 489 535 352 382 245 146 169
11 50 5 1 100 0.75 1 63 497 534 349 392 255 156 170
11 50 5 1 100 0.75 1 64 503 540 354 403 259 160 178
11 50 5 1 100 0.75 1 65 509 533 350 408 270 171 174
11 50 5 1 100 0.75 1 66 513 534 335 411 280 181 176
11 50 5 1 100 0.75 1 67 516 536 340 418 288 189 174
11 50 5 1 100 0.75 1 68 523 538 330 423 294 195 179
11 50 5 1 100 0.75 1 69 527 536 328 432 302 203 182
11 50 5 1 100 0.75 1 70 529 532 322 436 314 215 184
11 50 5 1 100 0.75 1 71 531 532 314 436 325 226 184
11 50 5 1 100 0.75 1 72 533 534 318 441 334 235 187
11 50 5 1 100 0.75 1 73 535 529 310 438 349 250 181
11 50 5 1 100 0.75 1 74 535 531 305 443 358 259 179
11 50 5 1 100 0.75 1 75 537 533 297 447 367 268 186
11 50 5 1 100 0.75 1 76 539 530 290 444 381 282 181
11 50 5 1 100 0.75 1 77 540 532 297 446 390 291 183
11 50 5 1 100 0.75 1 78 542 534 294 444 399 300 181
11 50 5 1 100 0.75 1 79 542 535 293 450 408 309 181
11 50 5 1 100 0.75 1 80 542 535 296 449 417 318 185
11 50 5 1 100 0.75 1 81 543 535 294 452 426 327 188
11 50 5 1 100 0.75 1 82 543 534 301 450 436 337 185
11 50 5 1 100 0.75 1 83 544 532 298 453 448 349 180
11 50 5 1 100 0.75 1 84 544 534 280 455 457 358 180
11 50 5 1 100 0.75 1 85 544 533 272 454 468 369 176
11 50 5 1 100 0.75 1 86 544 529 274 452 483 384 171
11 50 5 1 100 0.75 1 87 544 532 265 450 491 392 174
11 50 5 1 100 0.75 1 88 544 532 261 450 502 403 164
11 50 5 1 100 0.75 1 89 544 531 252 448 514 415 160
11 50 5 1 100 0.75 1 90 544 534 257 449 521 423 164
11 50 5 1 100 0.75 1 91 544 530 244 446 535 437 159
11 50 5 1 100 0.75 1 92 544 530 250 444 546 448 153
11 50 5 1 100 0.75 1 93 544 535 241 452 552 454 155
11 50 5 1 100 0.75 1 94 544 529 239 447 567 469 146
11 50 5 1 100 0.75 1 95 544 531 246 452 575 478 145
11 50 5 1 100 0.75 1 96 544 532 235 451 585 488 140
11 50 5 1 100 0.75 1 97 544 532 230 450 596 499 140
11 50 5 1 100 0.75 1 98 544 535 232 457 604 507 145
11 50 5 1 100 0.75 1 99 544 535 228 455 613 516 141
11 50 5 1 100 0.75 1 100 544 535 228 454 622 525 141
11 50 5 1 100 0.75 1 101 544 534 227 457 632 535 141
11 50 5 1 100 0.75 1 102 544 536 229 460 640 543 141
11 50 5 1 100 0.75 1 103 544 536 219 462 648 551 140
11 50 5 1 100 0.75 1 104 544 536 227 465 656 559 141
11 50 5 1 100 0.75 1 105 544 539 214 469 661 564 146
11 50 5 1 100 0.75 1 106 544 536 215 472 669 572 143
11 50 5 1 100 0.75 1 107 544 538 224 476 675 578 147
11 50 5 1 100 0.75 1 108 544 532 215 474 687 590 149
11 50 5 1 100 0.75 1 109 544 531 212 472 699 602 142
11 50 5 1 100 0.75 1 110 544 535 213 471 706 609 143
11 50 5 1 100 0.75 1 111 544 534 213 473 716 619 141
11 50 5 1 100 0.75 1 112 544 539 219 475 721 624 144
11 50 5 1 100 0.75 1 113 544 538 212 472 727 630 145
11 50 5 1 100 0.75 1 114 544 538 215 474 733 636 147
11 50 5 1 100 0.75 1 115 544 540 207 476 737 640 150
11 50 5 1 100 0.75 1 116 544 536 213 478 745 648 146
11 50 5 1 100 0.75 1 117 544 532 207 478 757 660 142
11 50 5 1 100 0.75 1 118 544 535 207 480 765 668 142
11 50 5 1 100 0.75 1 119 544 533 188 482 776 679 135
11 50 5 1 100 0.75 1 120 544 534 186 479 786 689 127
11 50 5 1 100 0.75 1 121 544 539 206 477 791 694 127
11 50 5 1 100 0.75 1 122 544 538 189 476 797 700 127
11 50 5 1 100 0.75 1 123 544 535 201 474 806 709 127
11 50 5 1 100 0.75 1 124 544 534 177 467 816 719 128
11 50 5 1 100 0.75 1 125 544 535 199 468 825 728 127
11 50 5 1 100 0.75 1 126 544 534 186 471 835 738 124
11 50 5 1 100 0.75 1 127 544 533 191 469 845 749 116
11 50 5 1 100 0.75 1 128 544 537 179 470 852 756 114
11 50 5 1 100 0.75 1 129 544 540 196 474 856 760 114
11 50 5 1 100 0.75 1 130 544 536 179 472 864 768 113
11 50 5 1 100 0.75 1 131 544 532 181 469 876 780 107
11 50 5 1 100 0.75 1 132 544 534 192 471 885 789 104
11 50 5 1 100 0.75 1 133 544 537 186 470 892 796 105
11 50 5 1 100 0.75 1 134 544 538 173 475 898 802 101
11 50 5 1 100 0.75 1 135 544 542 177 484 900 804 107
11 50 5 1 100 0.75 1 136 544 537 160 487 907 811 106
11 50 5 1 100 0.75 1 137 544 538 183 485 913 817 105
11 50 5 1 100 0.75 1 138 544 541 162 488 916 820 111
11 50 5 1 100 0.75 1 139 544 536 174 487 924 828 111
11 50 5 1 100 0.75 1 140 544 536 161 488 932 836 106
11 50 5 1 100 0.75 1 141 544 535 175 491 940 845 109
11 50 5 1 100 0.75 1 142 544 540 160 496 944 849 112
11 50 5 1 100 0.75 1 143 544 542 167 496 946 851 116
11 50 5 1 100 0.75 1 144 544 535 167 490 955 860 111
11 50 5 1 100 0.75 1 145 544 536 167 492 963 868 106
11 50 5 1 100 0.75 1 146 544 539 160 489 968 873 105
11 50 5 1 100 0.75 1 147 544 537 162 485 973 880 110
11 50 5 1 100 0.75 1 148 544 539 167 491 978 885 116
11 50 5 1 100 0.75 1 149 544 540 161 497 982 889 115
11 50 5 1 100 0.75 1 150 544 535 153 493 991 898 106
11 50 5 1 100 0.75 1 150 544 535 535 493 1096 898 106
11 50 5 1 100 0.75 1 180 544 535 535 493 545 898 106
11 50 5 1 100 0.75 2 181 0 11 11 0 545 0 0
11 50 5 1 100 0.75 2 182 0 22 22 0 545 0 0
11 50 5 1 100 0.75 2 183 0 33 33 0 545 0 0
11 50 5 1 100 0.75 2 184 0 44 44 0 545 0 0
11 50 5 1 100 0.75 2 185 0 55 53 0 545 0 0
11 50 5 1 100 0.75 2 186 0 66 63 0 545 0 0
11 50 5 1 100 0.75 2 187 1 77 72 0 545 0 0
11 50 5 1 100 0.75 2 188 4 88 79 1 545 0 0
11 50 5 1 100 0.75 2 189 15 99 75 4 545 0 0
11 50 5 1 100 0.75 2 190 29 110 63 15 545 0 0
11 50 5 1 100 0.75 2 191 40 121 68 29 545 0 0
11 50 5 1 100 0.75 2 192 53 132 58 40 545 0 0
11 50 5 1 100 0.75 2 193 64 143 57 53 545 0 0
11 50 5 1 100 0.75 2 194 76 154 63 64 545 0 1
11 50 5 1 100 0.75 2 195 87 165 57 76 545 0 2
11 50 5 1 100 0.75 2 196 99 176 66 87 545 0 7
11 50 5 1 100 0.75 2 197 112 187 69 99 545 0 15
11 50 5 1 100 0.75 2 198 121 198 72 112 545 0 24
11 50 5 1 100 0.75 2 199 132 209 82 121 544 0 34
11 50 5 1 100 0.75 2 200 139 220 95 132 544 0 44
11 50 5 1 100 0.75 2 201 159 231 94 139 543 0 51
11 50 5 1 100 0.75 2 202 169 242 104 159 543 0 63
11 50 5 1 100 0.75 2 203 175 253 107 169 543 0 73
11 50 5 1 100 0.75 2 204 190 264 115 175 543 0 81
11 50 5 1 100 0.75 2 205 201 275 135 190 543 0 94
11 50 5 1 100 0.75 2 206 212 286 134 201 543 0 98
11 50 5 1 100 0.75 2 207 221 297 137 212 543 0 108
11 50 5 1 100 0.75 2 208 231 308 141 221 543 0 116
11 50 5 1 100 0.75 2 209 241 319 150 231 542 0 130
11 50 5 1 100 0.75 2 210 255 330 162 241 542 0 135
11 50 5 1 100 0.75 2 211 263 340 163 254 543 1 140
11 50 5 1 100 0.75 2 212 274 349 180 260 545 3 147
11 50 5 1 100 0.75 2 213 283 354 181 265 551 9 147
11 50 5 1 100 0.75 2 214 298 362 173 271 554 12 151
11 50 5 1 100 0.75 2 215 306 365 184 278 562 20 150
11 50 5 1 100 0.75 2 216 317 367 183 277 571 29 150
11 50 5 1 100 0.75 2 217 327 371 178 281 578 36 151
11 50 5 1 100 0.75 2 218 341 372 174 281 588 46 152
11 50 5 1 100 0.75 2 219 352 375 169 287 595 54 151
11 50 5 1 100 0.75 2 220 366 381 178 293 599 59 152
11 50 5 1 100 0.75 2 221 378 381 173 296 610 70 154
11 50 5 1 100 0.75 2 222 388 377 168 293 625 85 142
11 50 5 1 100 0.75 2 223 396 380 168 295 633 93 143
11 50 5 1 100 0.75 2 224 405 378 165 291 646 106 137
11 50 5 1 100 0.75 2 225 415 380 153 295 655 115 137
11 50 5 1 100 0.75 2 226 419 381 168 297 665 125 135
11 50 5 1 100 0.75 2 227 428 385 163 296 672 132 137
11 50 5 1 100 0.75 2 228 438 393 177 307 675 135 144
11 50 5 1 100 0.75 2 229 448 396 178 311 683 143 145
11 50 5 1 100 0.75 2 230 455 396 159 313 694 154 141
11 50 5 1 100 0.75 2 231 456 397 159 316 704 164 138
11 50 5 1 100 0.75 2 232 465 402 167 319 710 170 137
11 50 5 1 100 0.75 2 233 471 405 167 324 718 178 138
11 50 5 1 100 0.75 2 234 477 411 175 329 723 183 138
11 50 5 1 100 0.75 2 235 484 414 167 330 730 191 140
11 50 5 1 100 0.75 2 236 490 415 160 333 740 201 142
11 50 5 1 100 0.75 2 237 492 420 171 336 746 207 140
11 50 5 1 100 0.75 2 238 495 419 160 335 757 219 136
11 50 5 1 100 0.75 2 239 499 426 182 343 760 223 141
11 50 5 1 100 0.75 2 240 505 426 149 341 770 234 136
11 50 5 1 100 0.75 2 241 507 427 165 348 780 244 134
11 50 5 1 100 0.75 2 242 511 429 166 345 789 253 133
11 50 5 1 100 0.75 2 243 514 430 165 347 799 263 129
11 50 5 1 100 0.75 2 244 516 437 165 353 803 267 130
11 50 5 1 100 0.75 2 245 518 438 159 353 813 277 127
11 50 5 1 100 0.75 2 246 519 443 161 356 819 283 132
11 50 5 1 100 0.75 2 247 522 445 158 357 828 292 128
11 50 5 1 100 0.75 2 248 525 450 161 368 834 298 131
11 50 5 1 100 0.75 2 249 527 456 177 371 839 303 135
11 50 5 1 100 0.75 2 250 532 460 168 374 846 310 137
11 50 5 1 100 0.75 2 251 534 463 173 377 854 318 140
11 50 5 1 100 0.75 2 252 534 465 154 386 862 327 133
11 50 5 1 100 0.75 2 253 535 466 169 383 872 337 132
11 50 5 1 100 0.75 2 254 536 469 168 384 880 345 130
11 50 5 1 100 0.75 2 255 540 474 168 390 886 351 129
11 50 5 1 100 0.75 2 256 541 475 158 392 896 361 127
11 50 5 1 100 0.75 2 257 541 479 167 395 903 368 128
11 50 5 1 100 0.75 2 258 541 484 177 401 908 374 133
11 50 5 1 100 0.75 2 259 542 490 175 405 913 379 139
11 50 5 1 100 0.75 2 260 543 492 172 408 922 388 137
11 50 5 1 100 0.75 2 261 543 496 157 416 929 395 137
11 50 5 1 100 0.75 2 262 543 500 172 418 936 402 136
11 50 5 1 100 0.75 2 263 543 502 173 417 945 411 138
11 50 5 1 100 0.75 2 264 544 507 159 422 951 417 138
11 50 5 1 100 0.75 2 265 544 508 158 423 961 427 134
11 50 5 1 100 0.75 2 266 544 508 145 422 972 438 134
11 50 5 1 100 0.75 2 267 544 511 170 425 980 446 136
11 50 5 1 100 0.75 2 268 544 519 160 437 983 449 141
11 50 5 1 100 0.75 2 269 544 518 150 436 995 461 135
11 50 5 1 100 0.75 2 270 544 522 146 440 1002 468 134
11 50 5 1 100 0.75 2 271 544 530 174 447 1005 471 139
11 50 5 1 100 0.75 2 272 544 536 166 451 1010 476 141
11 50 5 1 100 0.75 2 273 544 537 168 455 1017 483 143
11 50 5 1 100 0.75 2 274 544 536 184 458 1022 491 146
11 50 5 1 100 0.75 2 275 544 537 162 463 1029 498 151
11 50 5 1 100 0.75 2 276 544 528 167 460 1044 514 141
11 50 5 1 100 0.75 2 277 544 530 155 461 1053 523 137
11 50 5 1 100 0.75 2 278 544 536 151 469 1058 528 141
11 50 5 1 100 0.75 2 279 544 537 175 472 1065 535 141
11 50 5 1 100 0.75 2 280 544 539 166 475 1070 540 144
11 50 5 1 100 0.75 2 281 544 534 155 472 1080 550 143
11 50 5 1 100 0.75 2 282 544 536 169 474 1087 558 145
11 50 5 1 100 0.75 2 283 544 535 149 472 1095 567 144
11 50 5 1 100 0.75 2 284 544 535 151 472 1102 576 143
11 50 5 1 100 0.75 2 285 544 536 145 475 1110 584 147
11 50 5 1 100 0.75 2 286 544 536 139 476 1117 592 146
11 50 5 1 100 0.75 2 287 544 535 132 476 1126 601 143
11 50 5 1 100 0.75 2 288 544 539 144 475 1130 606 143
11 50 5 1 100 0.75 2 289 544 534 140 473 1140 616 139
11 50 5 1 100 0.75 2 290 544 534 146 475 1149 626 135
11 50 5 1 100 0.75 2 291 544 537 122 473 1156 633 137
11 50 5 1 100 0.75 2 292 544 534 139 471 1165 643 132
11 50 5 1 100 0.75 2 293 544 537 133 474 1172 650 132
11 50 5 1 100 0.75 2 294 544 533 130 472 1182 661 125
11 50 5 1 100 0.75 2 295 544 540 146 474 1185 665 127
11 50 5 1 100 0.75 2 296 544 536 126 474 1192 673 128
11 50 5 1 100 0.75 2 297 544 537 131 476 1198 680 124
11 50 5 1 100 0.75 2 298 544 537 131 476 1204 687 123
11 50 5 1 100 0.75 2 299 544 534 120 477 1213 697 120
11 50 5 1 100 0.75 2 300 544 534 123 476 1223 707 120
11 50 5 1 100 0.75 2 301 544 534 120 472 1233 717 115
11 50 5 1 100 0.75 2 302 544 538 119 477 1238 723 113
11 50 5 1 100 0.75 2 303 544 540 118 481 1242 727 116
11 50 5 1 100 0.75 2 304 544 536 125 480 1250 735 113
11 50 5 1 100 0.75 2 305 544 537 118 480 1257 742 112
11 50 5 1 100 0.75 2 306 544 535 128 476 1265 751 111
11 50 5 1 100 0.75 2 307 544 537 123 479 1272 758 111
11 50 5 1 100 0.75 2 308 544 535 115 478 1280 767 107
11 50 5 1 100 0.75 2 309 544 537 124 481 1287 774 109
11 50 5 1 100 0.75 2 310 544 538 114 483 1292 780 108
11 50 5 1 100 0.75 2 311 544 538 118 483 1298 786 106
11 50 5 1 100 0.75 2 312 544 538 124 482 1304 792 104
11 50 5 1 100 0.75 2 313 544 540 118 485 1308 796 108
11 50 5 1 100 0.75 2 314 544 538 125 488 1314 802 108
11 50 5 1 100 0.75 2 315 544 536 112 488 1322 810 107
11 50 5 1 100 0.75 2 316 544 539 121 492 1327 815 112
11 50 5 1 100 0.75 2 317 544 536 118 492 1335 823 109
11 50 5 1 100 0.75 2 318 544 537 130 492 1342 830 106
11 50 5 1 100 0.75 2 319 544 539 124 490 1346 835 107
11 50 5 1 100 0.75 2 320 544 539 108 491 1350 840 103
11 50 5 1 100 0.75 2 321 544 538 114 493 1356 846 104
11 50 5 1 100 0.75 2 322 544 535 109 491 1365 855 102
11 50 5 1 100 0.75 2 323 544 539 134 492 1370 860 101
11 50 5 1 100 0.75 2 324 544 541 107 492 1373 863 102
11 50 5 1 100 0.75 2 325 544 536 91 488 1381 871 99
11 50 5 1 100 0.75 2 326 544 538 102 495 1387 877 98
11 50 5 1 100 0.75 2 327 544 539 110 494 1392 882 95
11 50 5 1 100 0.75 2 328 544 541 108 495 1394 885 100
11 50 5 1 100 0.75 2 329 544 535 102 492 1403 894 94
11 50 5 1 100 0.75 2 330 544 537 119 492 1409 901 92
11 50 5 1 100 0.75 2 330 544 537 537 492 1501 901 92
11 50 5 1 100 0.75 2 360 544 537 537 492 544 901 92
11 50 5 1 100 0.75 3 361 0 11 11 0 544 0 0
11 50 5 1 100 0.75 3 362 0 22 22 0 544 0 0
11 50 5 1 100 0.75 3 363 0 33 32 0 544 0 0
11 50 5 1 100 0.75 3 364 0 44 44 0 544 0 0
11 50 5 1 100 0.75 3 365 0 55 53 0 544 0 0
11 50 5 1 100 0.75 3 366 0 66 63 0 544 0 0
11 50 5 1 100 0.75 3 367 1 77 68 0 544 0 0
11 50 5 1 100 0.75 3 368 4 88 77 1 544 0 0
11 50 5 1 100 0.75 3 369 15 99 77 4 544 0 0
11 50 5 1 100 0.75 3 370 26 110 76 15 544 0 0
11 50 5 1 100 0.75 3 371 40 121 65 26 544 0 0
11 50 5 1 100 0.75 3 372 56 132 59 40 544 0 0
11 50 5 1 100 0.75 3 373 64 143 63 56 544 0 0
11 50 5 1 100 0.75 3 374 76 154 63 64 544 0 1
11 50 5 1 100 0.75 3 375 85 165 59 76 544 0 1
11 50 5 1 100 0.75 3 376 99 176 71 85 544 0 10
11 50 5 1 100 0.75 3 377 109 187 69 99 544 0 19
11 50 5 1 100 0.75 3 378 126 198 78 109 544 0 28
11 50 5 1 100 0.75 3 379 131 209 83 126 544 0 38
11 50 5 1 100 0.75 3 380 141 220 96 131 544 0 45
11 50 5 1 100 0.75 3 381 155 231 89 141 544 0 50
11 50 5 1 100 0.75 3 382 173 242 104 155 543 0 61
11 50 5 1 100 0.75 3 383 180 253 110 173 543 0 70
11 50 5 1 100 0.75 3 384 190 264 122 180 543 0 80
11 50 5 1 100 0.75 3 385 198 275 127 190 541 0 92
11 50 5 1 100 0.75 3 386 209 286 137 198 540 0 99
11 50 5 1 100 0.75 3 387 221 297 152 209 539 0 108
11 50 5 1 100 0.75 3 388 232 308 137 221 538 0 114
11 50 5 1 100 0.75 3 389 240 319 157 232 538 0 130
11 50 5 1 100 0.75 3 390 252 330 160 240 537 0 136
11 50 5 1 100 0.75 3 391 263 339 174 250 539 2 140
11 50 5 1 100 0.75 3 392 274 348 176 259 541 4 146
11 50 5 1 100 0.75 3 393 285 356 185 267 544 7 151
11 50 5 1 100 0.75 3 394 292 359 177 270 551 15 152
11 50 5 1 100 0.75 3 395 310 363 178 270 557 22 152
11 50 5 1 100 0.75 3 396 319 365 190 279 565 31 152
11 50 5 1 100 0.75 3 397 332 367 167 279 574 40 150
11 50 5 1 100 0.75 3 398 344 368 172 282 584 50 148
11 50 5 1 100 0.75 3 399 353 372 182 287 591 57 154
11 50 5 1 100 0.75 3 400 364 375 182 288 599 65 155
11 50 5 1 100 0.75 3 401 375 374 163 287 611 77 150
11 50 5 1 100 0.75 3 402 386 377 180 291 619 85 154
11 50 5 1 100 0.75 3 403 399 379 165 294 628 94 153
11 50 5 1 100 0.75 3 404 407 377 175 295 641 107 148
11 50 5 1 100 0.75 3 405 418 383 166 299 645 112 153
11 50 5 1 100 0.75 3 406 425 383 165 301 656 123 147
11 50 5 1 100 0.75 3 407 433 386 169 302 664 131 150
11 50 5 1 100 0.75 3 408 438 389 165 305 670 139 152
11 50 5 1 100 0.75 3 409 446 390 167 305 680 149 151
11 50 5 1 100 0.75 3 410 455 395 167 311 686 155 150
11 50 5 1 100 0.75 3 411 460 398 154 317 694 163 152
11 50 5 1 100 0.75 3 412 465 402 163 318 701 170 156
11 50 5 1 100 0.75 3 413 472 408 161 323 706 175 159
11 50 5 1 100 0.75 3 414 476 411 170 326 714 183 159
11 50 5 1 100 0.75 3 415 480 404 148 323 732 201 149
11 50 5 1 100 0.75 3 416 483 409 164 327 738 207 154
11 50 5 1 100 0.75 3 417 487 409 142 326 747 218 146
11 50 5 1 100 0.75 3 418 493 405 156 321 762 233 142
11 50 5 1 100 0.75 3 419 497 412 154 328 765 237 142
11 50 5 1 100 0.75 3 420 501 417 158 335 770 243 145
11 50 5 1 100 0.75 3 421 504 421 152 336 777 250 152
11 50 5 1 100 0.75 3 422 505 422 153 338 787 260 149
11 50 5 1 100 0.75 3 423 507 426 151 340 794 267 153
11 50 5 1 100 0.75 3 424 510 430 158 345 801 274 150
11 50 5 1 100 0.75 3 425 513 432 163 348 808 283 151
11 50 5 1 100 0.75 3 426 514 433 164 351 817 293 149
11 50 5 1 100 0.75 3 427 516 437 158 351 823 300 154
11 50 5 1 100 0.75 3 428 516 440 161 358 831 308 151
11 50 5 1 100 0.75 3 429 518 441 157 354 841 318 147
11 50 5 1 100 0.75 3 430 520 440 165 357 853 330 140
11 50 5 1 100 0.75 3 431 520 439 159 354 865 342 140
11 50 5 1 100 0.75 3 432 523 445 149 361 870 347 143
11 50 5 1 100 0.75 3 433 527 451 169 363 875 352 150
11 50 5 1 100 0.75 3 434 529 454 167 368 883 360 153
11 50 5 1 100 0.75 3 435 532 455 158 371 893 370 151
11 50 5 1 100 0.75 3 436 533 460 166 381 899 376 149
11 50 5 1 100 0.75 3 437 535 461 161 378 907 386 150
11 50 5 1 100 0.75 3 438 536 464 149 384 914 394 147
11 50 5 1 100 0.75 3 439 539 468 143 386 921 401 148
11 50 5 1 100 0.75 3 440 539 469 150 390 931 411 143
11 50 5 1 100 0.75 3 441 539 470 142 387 941 421 143
11 50 5 1 100 0.75 3 442 539 470 162 390 952 432 142
11 50 5 1 100 0.75 3 443 539 472 162 391 961 441 139
11 50 5 1 100 0.75 3 444 539 475 146 391 969 449 136
11 50 5 1 100 0.75 3 445 540 478 150 395 977 457 134
11 50 5 1 100 0.75 3 446 540 479 156 397 986 467 131
11 50 5 1 100 0.75 3 447 540 487 162 404 989 470 134
11 50 5 1 100 0.75 3 448 540 492 151 408 995 476 140
11 50 5 1 100 0.75 3 449 542 493 143 408 1004 486 139
11 50 5 1 100 0.75 3 450 542 494 150 409 1014 496 133
11 50 5 1 100 0.75 3 451 543 493 136 411 1024 508 128
11 50 5 1 100 0.75 3 452 544 495 131 412 1032 517 127
11 50 5 1 100 0.75 3 453 544 496 122 417 1042 527 124
11 50 5 1 100 0.75 3 454 544 499 134 420 1050 535 128
11 50 5 1 100 0.75 3 455 544 504 137 424 1055 541 131
11 50 5 1 100 0.75 3 456 544 512 151 427 1057 544 136
11 50 5 1 100 0.75 3 457 544 509 142 425 1071 558 127
11 50 5 1 100 0.75 3 458 544 517 137 434 1074 561 131
11 50 5 1 100 0.75 3 459 544 523 156 439 1079 566 135
11 50 5 1 100 0.75 3 460 544 525 136 442 1088 575 141
11 50 5 1 100 0.75 3 461 544 529 146 443 1095 582 141
11 50 5 1 100 0.75 3 462 544 536 151 453 1099 586 143
11 50 5 1 100 0.75 3 463 544 536 144 457 1107 594 143
11 50 5 1 100 0.75 3 464 544 535 138 458 1116 603 141
11 50 5 1 100 0.75 3 465 544 532 142 458 1128 615 142
11 50 5 1 100 0.75 3 466 544 539 138 466 1132 619 148
11 50 5 1 100 0.75 3 467 544 537 129 467 1139 626 147
11 50 5 1 100 0.75 3 468 544 537 138 469 1146 633 146
11 50 5 1 100 0.75 3 469 544 537 139 477 1153 640 148
11 50 5 1 100 0.75 3 470 544 532 121 474 1165 652 144
11 50 5 1 100 0.75 3 471 544 536 125 475 1171 659 143
11 50 5 1 100 0.75 3 472 544 537 138 478 1178 666 146
11 50 5 1 100 0.75 3 473 544 538 137 484 1184 672 143
11 50 5 1 100 0.75 3 474 544 534 123 478 1194 682 147
11 50 5 1 100 0.75 3 475 544 536 113 474 1202 690 145
11 50 5 1 100 0.75 3 476 544 532 132 472 1213 702 141
11 50 5 1 100 0.75 3 477 544 533 139 468 1222 712 135
11 50 5 1 100 0.75 3 478 544 540 110 472 1226 716 140
11 50 5 1 100 0.75 3 479 544 538 127 480 1232 722 144
11 50 5 1 100 0.75 3 480 544 530 124 470 1246 736 136
11 50 5 1 100 0.75 3 481 544 533 117 469 1252 744 131
11 50 5 1 100 0.75 3 482 544 530 115 461 1266 758 122
11 50 5 1 100 0.75 3 483 544 535 115 465 1272 764 125
11 50 5 1 100 0.75 3 484 544 537 129 468 1279 771 122
11 50 5 1 100 0.75 3 485 544 535 107 470 1287 780 118
11 50 5 1 100 0.75 3 486 544 535 127 470 1294 789 114
11 50 5 1 100 0.75 3 487 544 535 102 464 1303 798 112
11 50 5 1 100 0.75 3 488 544 540 118 471 1306 802 111
11 50 5 1 100 0.75 3 489 544 541 101 477 1309 805 115
11 50 5 1 100 0.75 3 490 544 535 116 478 1316 814 114
11 50 5 1 100 0.75 3 491 544 535 114 479 1325 823 110
11 50 5 1 100 0.75 3 492 544 535 106 476 1334 832 108
11 50 5 1 100 0.75 3 493 544 532 88 475 1345 844 99
11 50 5 1 100 0.75 3 494 544 538 85 482 1350 849 101
11 50 5 1 100 0.75 3 495 544 541 103 485 1353 852 103
11 50 5 1 100 0.75 3 496 544 536 104 483 1361 860 102
11 50 5 1 100 0.75 3 497 544 536 105 480 1369 868 100
11 50 5 1 100 0.75 3 498 544 536 115 478 1377 876 99
11 50 5 1 100 0.75 3 499 544 541 104 484 1380 879 105
11 50 5 1 100 0.75 3 500 544 541 111 489 1383 882 109
11 50 5 1 100 0.75 3 501 544 539 97 496 1388 887 105
11 50 5 1 100 0.75 3 502 544 534 90 494 1398 897 101
11 50 5 1 100 0.75 3 503 544 536 100 489 1406 905 96
11 50 5 1 100 0.75 3 504 544 542 103 491 1408 907 97
11 50 5 1 100 0.75 3 505 544 537 102 497 1413 914 94
11 50 5 1 100 0.75 3 506 544 541 91 499 1416 917 100
11 50 5 1 100 0.75 3 507 544 537 79 497 1422 924 101
11 50 5 1 100 0.75 3 508 544 538 103 494 1428 930 100
11 50 5 1 100 0.75 3 509 544 542 110 497 1430 932 104
11 50 5 1 100 0.75 3 510 544 533 86 493 1439 943 96
11 50 5 1 100 0.75 3 510 544 533 533 493 1533 943 96
11 50 5 1 100 0.75 3 540 544 533 533 493 545 943 96
11 50 5 1 100 0.75 4 541 0 11 11 0 545 0 0
11 50 5 1 100 0.75 4 542 0 22 22 0 545 0 0
11 50 5 1 100 0.75 4 543 0 33 33 0 545 0 0
11 50 5 1 100 0.75 4 544 0 44 44 0 545 0 0
11 50 5 1 100 0.75 4 545 0 55 53 0 545 0 0
11 50 5 1 100 0.75 4 546 0 66 64 0 545 0 0
11 50 5 1 100 0.75 4 547 2 77 67 0 545 0 0
11 50 5 1 100 0.75 4 548 7 88 75 2 545 0 0
11 50 5 1 100 0.75 4 549 10 99 80 7 545 0 0
11 50 5 1 100 0.75 4 550 25 110 78 10 545 0 0
11 50 5 1 100 0.75 4 551 39 121 71 25 545 0 0
11 50 5 1 100 0.75 4 552 48 132 70 39 545 0 0
11 50 5 1 100 0.75 4 553 60 143 66 48 545 0 0
11 50 5 1 100 0.75 4 554 77 154 57 60 544 0 0
11 50 5 1 100 0.75 4 555 84 165 57 77 543 0 3
11 50 5 1 100 0.75 4 556 98 176 67 84 543 0 5
11 50 5 1 100 0.75 4 557 111 187 69 98 543 0 14
11 50 5 1 100 0.75 4 558 122 198 76 111 543 0 23
11 50 5 1 100 0.75 4 559 132 209 82 122 543 0 30
11 50 5 1 100 0.75 4 560 142 220 91 132 543 0 36
11 50 5 1 100 0.75 4 561 153 231 106 142 543 0 47
11 50 5 1 100 0.75 4 562 164 242 107 153 542 0 52
11 50 5 1 100 0.75 4 563 172 253 114 164 542 0 62
11 50 5 1 100 0.75 4 564 185 264 115 172 542 0 72
11 50 5 1 100 0.75 4 565 201 275 112 185 542 0 78
11 50 5 1 100 0.75 4 566 210 286 119 201 541 0 85
11 50 5 1 100 0.75 4 567 218 297 135 210 541 0 90
11 50 5 1 100 0.75 4 568 231 308 141 218 541 0 99
11 50 5 1 100 0.75 4 569 242 319 146 231 540 0 110
11 50 5 1 100 0.75 4 570 251 330 154 242 540 0 117
11 50 5 1 100 0.75 4 571 265 339 159 249 542 2 121
11 50 5 1 100 0.75 4 572 281 346 157 259 546 6 128
11 50 5 1 100 0.75 4 573 290 352 181 270 551 11 134
11 50 5 1 100 0.75 4 574 298 359 168 275 555 15 135
11 50 5 1 100 0.75 4 575 310 361 173 274 564 24 139
11 50 5 1 100 0.75 4 576 322 368 173 282 568 28 145
11 50 5 1 100 0.75 4 577 334 371 178 286 576 36 144
11 50 5 1 100 0.75 4 578 343 377 172 293 581 41 146
11 50 5 1 100 0.75 4 579 355 377 180 291 592 52 147
11 50 5 1 100 0.75 4 580 365 381 177 296 599 59 154
11 50 5 1 100 0.75 4 581 378 385 179 299 606 66 155
11 50 5 1 100 0.75 4 582 385 390 190 307 612 72 157
11 50 5 1 100 0.75 4 583 397 391 166 307 622 82 155
11 50 5 1 100 0.75 4 584 404 394 187 312 629 90 156
11 50 5 1 100 0.75 4 585 411 400 166 315 634 95 160
11 50 5 1 100 0.75 4 586 423 405 181 317 640 101 161
11 50 5 1 100 0.75 4 587 433 409 180 326 647 108 163
11 50 5 1 100 0.75 4 588 440 410 169 326 657 118 164
11 50 5 1 100 0.75 4 589 449 416 198 331 662 123 164
11 50 5 1 100 0.75 4 590 456 413 172 328 675 137 158
11 50 5 1 100 0.75 4 591 463 411 180 328 688 150 152
11 50 5 1 100 0.75 4 592 472 409 169 324 701 163 149
11 50 5 1 100 0.75 4 593 478 411 159 327 710 172 148
11 50 5 1 100 0.75 4 594 484 415 175 327 717 179 151
11 50 5 1 100 0.75 4 595 490 413 171 329 730 192 143
11 50 5 1 100 0.75 4 596 495 416 162 332 738 200 141
11 50 5 1 100 0.75 4 597 498 418 163 333 747 209 142
11 50 5 1 100 0.75 4 598 502 422 164 339 753 216 142
11 50 5 1 100 0.75 4 599 507 423 150 340 763 226 139
11 50 5 1 100 0.75 4 600 510 424 163 340 772 236 140
11 50 5 1 100 0.75 4 601 511 430 164 345 777 241 143
11 50 5 1 100 0.75 4 602 516 429 155 342 789 253 138
11 50 5 1 100 0.75 4 603 520 435 161 351 793 258 146
11 50 5 1 100 0.75 4 604 523 438 156 355 801 266 147
11 50 5 1 100 0.75 4 605 524 438 175 356 810 277 144
11 50 5 1 100 0.75 4 606 526 443 150 359 816 283 146
11 50 5 1 100 0.75 4 607 527 444 167 361 826 293 141
11 50 5 1 100 0.75 4 608 528 448 161 364 833 300 144
11 50 5 1 100 0.75 4 609 529 453 151 371 838 306 150
11 50 5 1 100 0.75 4 610 532 458 151 374 844 312 154
11 50 5 1 100 0.75 4 611 533 459 155 372 854 322 153
11 50 5 1 100 0.75 4 612 534 462 155 378 862 330 150
11 50 5 1 100 0.75 4 613 535 463 155 378 872 340 148
11 50 5 1 100 0.75 4 614 535 469 148 387 877 345 150
11 50 5 1 100 0.75 4 615 535 470 156 386 887 355 146
11 50 5 1 100 0.75 4 616 536 469 148 383 899 367 147
11 50 5 1 100 0.75 4 617 536 472 156 389 907 375 143
11 50 5 1 100 0.75 4 618 536 473 160 391 917 385 141
11 50 5 1 100 0.75 4 619 538 476 158 391 925 393 143
11 50 5 1 100 0.75 4 620 539 483 163 401 929 397 150
11 50 5 1 100 0.75 4 621 540 489 157 405 933 402 155
11 50 5 1 100 0.75 4 622 540 491 151 411 942 411 154
11 50 5 1 100 0.75 4 623 540 488 134 405 956 425 146
11 50 5 1 100 0.75 4 624 540 490 155 408 965 434 148
11 50 5 1 100 0.75 4 625 540 496 142 413 970 439 150
11 50 5 1 100 0.75 4 626 540 497 149 415 980 449 149
11 50 5 1 100 0.75 4 627 541 498 144 416 990 459 149
11 50 5 1 100 0.75 4 628 541 501 137 420 998 467 149
11 50 5 1 100 0.75 4 629 542 503 137 419 1007 476 147
11 50 5 1 100 0.75 4 630 542 505 145 423 1016 485 145
11 50 5 1 100 0.75 4 631 542 505 145 422 1026 496 145
11 50 5 1 100 0.75 4 632 542 512 150 429 1030 500 149
11 50 5 1 100 0.75 4 633 542 517 156 435 1036 506 152
11 50 5 1 100 0.75 4 634 542 520 146 435 1044 514 156
11 50 5 1 100 0.75 4 635 543 524 157 443 1051 521 156
11 50 5 1 100 0.75 4 636 544 526 156 441 1060 530 154
11 50 5 1 100 0.75 4 637 544 524 143 440 1073 543 146
11 50 5 1 100 0.75 4 638 544 524 153 438 1084 554 143
11 50 5 1 100 0.75 4 639 544 529 141 447 1090 560 145
11 50 5 1 100 0.75 4 640 544 533 131 453 1095 567 143
11 50 5 1 100 0.75 4 641 544 534 141 450 1104 577 141
11 50 5 1 100 0.75 4 642 544 536 159 451 1112 585 144
11 50 5 1 100 0.75 4 643 544 535 141 457 1121 594 143
11 50 5 1 100 0.75 4 644 544 533 145 455 1132 605 141
11 50 5 1 100 0.75 4 645 544 539 157 463 1137 610 144
11 50 5 1 100 0.75 4 646 544 531 126 464 1150 623 140
11 50 5 1 100 0.75 4 647 544 536 150 464 1155 629 142
11 50 5 1 100 0.75 4 648 544 536 132 468 1162 637 140
11 50 5 1 100 0.75 4 649 544 535 114 469 1171 646 140
11 50 5 1 100 0.75 4 650 544 539 143 471 1175 651 144
11 50 5 1 100 0.75 4 651 544 533 136 470 1186 662 141
11 50 5 1 100 0.75 4 652 544 539 137 477 1190 667 145
11 50 5 1 100 0.75 4 653 544 531 134 471 1203 680 143
11 50 5 1 100 0.75 4 654 544 538 126 478 1206 684 143
11 50 5 1 100 0.75 4 655 544 537 133 477 1213 691 143
11 50 5 1 100 0.75 4 656 544 538 126 480 1219 697 144
11 50 5 1 100 0.75 4 657 544 532 122 477 1229 709 139
11 50 5 1 100 0.75 4 658 544 536 121 477 1236 716 139
11 50 5 1 100 0.75 4 659 544 537 120 478 1242 723 139
11 50 5 1 100 0.75 4 660 544 536 132 477 1250 731 137
11 50 5 1 100 0.75 4 661 544 530 118 470 1262 745 131
11 50 5 1 100 0.75 4 662 544 533 134 473 1269 753 124
11 50 5 1 100 0.75 4 663 544 537 114 473 1276 760 124
11 50 5 1 100 0.75 4 664 544 536 132 470 1284 768 123
11 50 5 1 100 0.75 4 665 544 539 119 474 1288 773 126
11 50 5 1 100 0.75 4 666 544 537 115 475 1294 780 124
11 50 5 1 100 0.75 4 667 544 535 110 476 1303 789 123
11 50 5 1 100 0.75 4 668 544 534 120 475 1313 799 119
11 50 5 1 100 0.75 4 669 544 536 118 473 1321 807 118
11 50 5 1 100 0.75 4 670 544 538 121 479 1327 813 116
11 50 5 1 100 0.75 4 671 544 534 95 476 1337 823 113
11 50 5 1 100 0.75 4 672 544 540 108 481 1340 827 116
11 50 5 1 100 0.75 4 673 544 534 105 478 1350 837 114
11 50 5 1 100 0.75 4 674 544 537 101 478 1357 844 112
11 50 5 1 100 0.75 4 675 544 535 110 477 1366 853 108
11 50 5 1 100 0.75 4 676 544 537 107 478 1372 860 109
11 50 5 1 100 0.75 4 677 544 537 120 479 1378 867 108
11 50 5 1 100 0.75 4 678 544 538 117 481 1383 873 107
11 50 5 1 100 0.75 4 679 544 538 116 484 1389 879 106
11 50 5 1 100 0.75 4 680 544 537 109 483 1396 886 103
11 50 5 1 100 0.75 4 681 544 539 115 484 1401 891 105
11 50 5 1 100 0.75 4 682 544 542 112 492 1403 893 110
11 50 5 1 100 0.75 4 683 544 536 107 491 1411 901 108
11 50 5 1 100 0.75 4 684 544 538 102 496 1416 907 104
11 50 5 1 100 0.75 4 685 544 538 109 496 1422 913 108
11 50 5 1 100 0.75 4 686 544 534 105 491 1432 923 101
11 50 5 1 100 0.75 4 687 544 537 109 488 1438 930 99
11 50 5 1 100 0.75 4 688 544 540 88 495 1441 934 102
11 50 5 1 100 0.75 4 689 544 539 109 492 1446 939 104
11 50 5 1 100 0.75 4 690 544 541 100 494 1449 942 103
11 50 5 1 100 0.75 4 690 544 541 541 494 1551 942 103
11 50 5 1 100 0.75 4 720 544 541 541 494 545 942 103
11 50 5 1 100 0.75 5 721 0 11 11 0 545 0 0
11 50 5 1 100 0.75 5 722 0 22 22 0 545 0 0
11 50 5 1 100 0.75 5 723 0 33 33 0 545 0 0
11 50 5 1 100 0.75 5 724 0 44 44 0 545 0 0
11 50 5 1 100 0.75 5 725 0 55 54 0 545 0 0
11 50 5 1 100 0.75 5 726 0 66 63 0 545 0 0
11 50 5 1 100 0.75 5 727 5 77 66 0 545 0 0
11 50 5 1 100 0.75 5 728 9 88 73 5 545 0 0
11 50 5 1 100 0.75 5 729 20 99 69 9 545 0 0
11 50 5 1 100 0.75 5 730 29 110 72 20 545 0 0
11 50 5 1 100 0.75 5 731 38 121 75 29 545 0 0
11 50 5 1 100 0.75 5 732 52 132 64 38 545 0 0
11 50 5 1 100 0.75 5 733 63 143 61 52 545 0 0
11 50 5 1 100 0.75 5 734 75 154 63 63 545 0 3
11 50 5 1 100 0.75 5 735 86 165 63 75 544 0 7
11 50 5 1 100 0.75 5 736 96 176 70 86 543 0 12
11 50 5 1 100 0.75 5 737 107 187 65 96 543 0 15
11 50 5 1 100 0.75 5 738 126 198 69 107 543 0 20
11 50 5 1 100 0.75 5 739 135 209 82 126 543 0 28
11 50 5 1 100 0.75 5 740 143 220 89 135 543 0 38
11 50 5 1 100 0.75 5 741 153 231 104 143 542 0 46
11 50 5 1 100 0.75 5 742 166 242 97 153 541 0 52
11 50 5 1 100 0.75 5 743 173 253 115 166 541 0 59
11 50 5 1 100 0.75 5 744 190 264 111 173 541 0 67
11 50 5 1 100 0.75 5 745 198 275 130 190 541 0 79
11 50 5 1 100 0.75 5 746 211 286 137 198 541 0 94
11 50 5 1 100 0.75 5 747 220 297 141 211 541 0 96
11 50 5 1 100 0.75 5 748 232 308 137 220 541 0 103
11 50 5 1 100 0.75 5 749 239 318 149 231 542 1 115
11 50 5 1 100 0.75 5 750 250 328 161 237 543 2 119
11 50 5 1 100 0.75 5 751 264 337 148 246 545 4 122
11 50 5 1 100 0.75 5 752 277 346 181 258 547 6 133
11 50 5 1 100 0.75 5 753 282 351 166 265 552 12 135
11 50 5 1 100 0.75 5 754 297 361 177 269 553 13 144
11 50 5 1 100 0.75 5 755 308 367 184 279 558 18 144
11 50 5 1 100 0.75 5 756 319 375 189 287 561 21 146
11 50 5 1 100 0.75 5 757 335 375 180 287 572 32 144
11 50 5 1 100 0.75 5 758 346 379 191 296 579 39 148
11 50 5 1 100 0.75 5 759 357 383 179 300 586 46 148
11 50 5 1 100 0.75 5 760 363 381 184 298 599 59 141
11 50 5 1 100 0.75 5 761 375 384 173 296 607 67 137
11 50 5 1 100 0.75 5 762 385 384 178 298 618 78 138
11 50 5 1 100 0.75 5 763 396 384 175 297 629 89 138
11 50 5 1 100 0.75 5 764 408 386 189 299 638 98 137
11 50 5 1 100 0.75 5 765 416 389 174 306 646 106 139
11 50 5 1 100 0.75 5 766 428 393 176 309 652 113 140
11 50 5 1 100 0.75 5 767 437 402 175 319 654 115 145
11 50 5 1 100 0.75 5 768 442 399 172 314 668 129 134
11 50 5 1 100 0.75 5 769 445 402 162 317 676 137 137
11 50 5 1 100 0.75 5 770 455 407 176 321 682 143 136
11 50 5 1 100 0.75 5 771 459 411 166 329 689 150 141
11 50 5 1 100 0.75 5 772 462 410 173 326 701 162 138
11 50 5 1 100 0.75 5 773 466 419 176 334 703 164 143
11 50 5 1 100 0.75 5 774 474 418 177 333 714 176 138
11 50 5 1 100 0.75 5 775 480 423 185 339 720 182 139
11 50 5 1 100 0.75 5 776 485 430 174 349 724 186 141
11 50 5 1 100 0.75 5 777 489 429 175 347 736 198 139
11 50 5 1 100 0.75 5 778 496 432 181 350 744 206 141
11 50 5 1 100 0.75 5 779 498 439 176 357 748 210 148
11 50 5 1 100 0.75 5 780 506 437 185 353 761 223 139
11 50 5 1 100 0.75 5 781 509 439 166 356 770 232 137
11 50 5 1 100 0.75 5 782 516 438 174 350 782 244 134
11 50 5 1 100 0.75 5 783 519 442 165 359 788 251 138
11 50 5 1 100 0.75 5 784 520 445 162 358 796 259 135
11 50 5 1 100 0.75 5 785 523 449 165 366 802 266 136
11 50 5 1 100 0.75 5 786 524 454 175 368 808 272 137
11 50 5 1 100 0.75 5 787 525 461 168 378 812 276 139
11 50 5 1 100 0.75 5 788 526 464 175 382 820 284 139
11 50 5 1 100 0.75 5 789 527 467 181 381 828 292 138
11 50 5 1 100 0.75 5 790 530 471 166 389 835 299 138
11 50 5 1 100 0.75 5 791 530 474 160 392 843 307 137
11 50 5 1 100 0.75 5 792 533 474 177 390 853 318 136
11 50 5 1 100 0.75 5 793 536 476 184 391 861 327 133
11 50 5 1 100 0.75 5 794 537 476 181 392 872 338 132
11 50 5 1 100 0.75 5 795 538 475 166 394 883 350 125
11 50 5 1 100 0.75 5 796 538 478 173 397 889 358 122
11 50 5 1 100 0.75 5 797 538 484 166 405 894 363 130
11 50 5 1 100 0.75 5 798 540 489 170 406 900 369 131
11 50 5 1 100 0.75 5 799 540 491 161 411 908 378 126
11 50 5 1 100 0.75 5 800 540 494 156 411 916 386 128
11 50 5 1 100 0.75 5 801 540 493 171 412 928 398 124
11 50 5 1 100 0.75 5 802 540 501 162 417 931 401 134
11 50 5 1 100 0.75 5 803 540 507 155 421 936 406 140
11 50 5 1 100 0.75 5 804 541 515 155 431 939 409 143
11 50 5 1 100 0.75 5 805 542 518 167 435 947 417 143
11 50 5 1 100 0.75 5 806 542 522 174 439 954 424 145
11 50 5 1 100 0.75 5 807 543 521 170 438 966 436 141
11 50 5 1 100 0.75 5 808 543 526 156 443 972 442 144
11 50 5 1 100 0.75 5 809 544 533 169 449 975 446 142
11 50 5 1 100 0.75 5 810 544 535 165 455 984 455 143
11 50 5 1 100 0.75 5 811 544 538 170 455 990 461 142
11 50 5 1 100 0.75 5 812 544 534 154 455 1000 471 140
11 50 5 1 100 0.75 5 813 544 540 168 461 1004 475 143
11 50 5 1 100 0.75 5 814 544 534 158 467 1014 485 140
11 50 5 1 100 0.75 5 815 544 536 166 469 1022 493 143
11 50 5 1 100 0.75 5 816 544 534 149 468 1032 503 140
11 50 5 1 100 0.75 5 817 544 536 162 470 1039 511 138
11 50 5 1 100 0.75 5 818 544 533 156 471 1050 522 135
11 50 5 1 100 0.75 5 819 544 540 171 477 1054 526 140
11 50 5 1 100 0.75 5 820 544 538 155 480 1060 532 139
11 50 5 1 100 0.75 5 821 544 527 139 467 1077 549 133
11 50 5 1 100 0.75 5 822 544 529 157 467 1086 558 134
11 50 5 1 100 0.75 5 823 544 530 155 465 1096 568 131
11 50 5 1 100 0.75 5 824 544 539 144 471 1098 570 138
11 50 5 1 100 0.75 5 825 544 536 154 471 1106 578 137
11 50 5 1 100 0.75 5 826 544 535 141 472 1115 587 135
11 50 5 1 100 0.75 5 827 544 537 148 472 1121 594 134
11 50 5 1 100 0.75 5 828 544 537 146 471 1128 601 131
11 50 5 1 100 0.75 5 829 544 537 148 472 1135 608 130
11 50 5 1 100 0.75 5 830 544 538 144 479 1141 614 130
11 50 5 1 100 0.75 5 831 544 536 152 483 1149 622 125
11 50 5 1 100 0.75 5 832 544 536 133 480 1157 630 123
11 50 5 1 100 0.75 5 833 544 540 143 483 1161 634 125
11 50 5 1 100 0.75 5 834 544 535 143 482 1170 643 120
11 50 5 1 100 0.75 5 835 544 535 125 482 1179 652 118
11 50 5 1 100 0.75 5 836 544 534 142 480 1188 662 118
11 50 5 1 100 0.75 5 837 544 534 142 478 1198 672 117
11 50 5 1 100 0.75 5 838 544 537 117 475 1205 679 116
11 50 5 1 100 0.75 5 839 544 538 142 476 1208 685 115
11 50 5 1 100 0.75 5 840 544 531 120 475 1221 698 107
11 50 5 1 100 0.75 5 841 544 535 132 472 1228 705 105
11 50 5 1 100 0.75 5 842 544 540 127 475 1230 709 108
11 50 5 1 100 0.75 5 843 544 536 127 473 1237 717 105
11 50 5 1 100 0.75 5 844 544 537 134 478 1244 724 101
11 50 5 1 100 0.75 5 845 544 537 123 479 1249 731 100
11 50 5 1 100 0.75 5 846 544 537 125 480 1255 738 96
11 50 5 1 100 0.75 5 847 544 542 122 485 1257 740 102
11 50 5 1 100 0.75 5 848 544 535 122 484 1266 749 97
11 50 5 1 100 0.75 5 849 544 540 130 490 1269 753 96
11 50 5 1 100 0.75 5 850 544 538 120 492 1275 759 96
11 50 5 1 100 0.75 5 851 544 540 124 495 1279 763 99
11 50 5 1 100 0.75 5 852 544 539 113 496 1284 768 102
11 50 5 1 100 0.75 5 853 544 534 129 494 1294 778 98
11 50 5 1 100 0.75 5 854 544 536 120 492 1301 786 95
11 50 5 1 100 0.75 5 855 544 535 109 488 1310 795 92
11 50 5 1 100 0.75 5 856 544 542 131 490 1312 797 98
11 50 5 1 100 0.75 5 857 544 543 131 497 1312 798 102
11 50 5 1 100 0.75 5 858 544 533 121 493 1323 809 94
11 50 5 1 100 0.75 5 859 544 538 108 489 1329 815 94
11 50 5 1 100 0.75 5 860 544 538 117 488 1335 821 95
11 50 5 1 100 0.75 5 861 544 540 116 492 1339 825 92
11 50 5 1 100 0.75 5 862 544 538 122 493 1344 831 92
11 50 5 1 100 0.75 5 863 544 542 130 497 1346 833 91
11 50 5 1 100 0.75 5 864 544 542 109 504 1348 835 99
11 50 5 1 100 0.75 5 865 544 537 112 499 1355 842 93
11 50 5 1 100 0.75 5 866 544 536 121 498 1363 850 88
11 50 5 1 100 0.75 5 867 544 541 103 503 1365 853 91
11 50 5 1 100 0.75 5 868 544 539 120 502 1370 858 89
11 50 5 1 100 0.75 5 869 544 541 107 505 1372 861 93
11 50 5 1 100 0.75 5 870 544 535 103 502 1381 870 88
11 50 5 1 100 0.75 5 870 544 535 535 502 1468 870 88
11 50 5 1 100 0.75 5 900 544 535 535 502 543 870 88
11 50 5 1 100 0.75 6 901 0 11 11 0 543 0 0
11 50 5 1 100 0.75 6 902 0 22 22 0 543 0 0
11 50 5 1 100 0.75 6 903 0 33 32 0 543 0 0
11 50 5 1 100 0.75 6 904 0 44 44 0 543 0 0
11 50 5 1 100 0.75 6 905 0 55 51 0 543 0 0
11 50 5 1 100 0.75 6 906 0 66 62 0 543 0 0
11 50 5 1 100 0.75 6 907 4 77 71 0 543 0 0
11 50 5 1 100 0.75 6 908 10 88 70 4 543 0 0
11 50 5 1 100 0.75 6 909 18 99 73 10 543 0 0
11 50 5 1 100 0.75 6 910 30 110 65 18 543 0 0
11 50 5 1 100 0.75 6 911 41 121 64 30 543 0 0
11 50 5 1 100 0.75 6 912 56 132 56 41 543 0 0
11 50 5 1 100 0.75 6 913 66 143 53 56 543 0 0
11 50 5 1 100 0.75 6 914 81 154 56 66 543 0 1
11 50 5 1 100 0.75 6 915 91 165 69 81 543 0 7
11 50 5 1 100 0.75 6 916 100 176 60 91 543 0 13
11 50 5 1 100 0.75 6 917 108 187 71 100 543 0 20
11 50 5 1 100 0.75 6 918 122 198 76 108 543 0 32
11 50 5 1 100 0.75 6 919 136 209 90 122 543 0 41
11 50 5 1 100 0.75 6 920 146 220 87 136 542 0 48
11 50 5 1 100 0.75 6 921 156 231 103 146 542 0 60
11 50 5 1 100 0.75 6 922 168 242 112 156 542 0 70
11 50 5 1 100 0.75 6 923 178 253 110 168 542 0 78
11 50 5 1 100 0.75 6 924 193 264 124 178 542 0 82
11 50 5 1 100 0.75 6 925 202 275 131 193 542 0 85
11 50 5 1 100 0.75 6 926 210 286 120 202 542 0 96
11 50 5 1 100 0.75 6 927 220 297 141 210 542 0 101
11 50 5 1 100 0.75 6 928 233 308 139 220 542 0 108
11 50 5 1 100 0.75 6 929 242 319 148 233 542 0 118
11 50 5 1 100 0.75 6 930 252 329 156 241 543 1 121
11 50 5 1 100 0.75 6 931 262 336 171 247 547 5 127
11 50 5 1 100 0.75 6 932 275 344 171 254 550 8 131
11 50 5 1 100 0.75 6 933 287 347 169 259 558 16 128
11 50 5 1 100 0.75 6 934 298 351 180 264 565 23 129
11 50 5 1 100 0.75 6 935 310 358 170 271 569 27 133
11 50 5 1 100 0.75 6 936 323 357 179 271 581 39 129
11 50 5 1 100 0.75 6 937 332 359 159 275 590 48 130
11 50 5 1 100 0.75 6 938 342 366 175 280 593 52 133
11 50 5 1 100 0.75 6 939 355 366 162 279 604 63 132
11 50 5 1 100 0.75 6 940 364 367 171 282 614 73 130
11 50 5 1 100 0.75 6 941 375 374 150 287 618 77 139
11 50 5 1 100 0.75 6 942 387 379 169 292 623 83 142
11 50 5 1 100 0.75 6 943 397 387 169 302 626 86 146
11 50 5 1 100 0.75 6 944 401 389 165 306 635 95 150
11 50 5 1 100 0.75 6 945 408 396 167 310 639 99 151
11 50 5 1 100 0.75 6 946 421 398 167 311 648 108 154
11 50 5 1 100 0.75 6 947 426 399 159 318 658 118 154
11 50 5 1 100 0.75 6 948 435 398 178 312 670 130 151
11 50 5 1 100 0.75 6 949 445 404 162 319 675 135 152
11 50 5 1 100 0.75 6 950 450 409 180 324 681 141 159
11 50 5 1 100 0.75 6 951 458 413 172 325 688 148 158
11 50 5 1 100 0.75 6 952 464 415 182 330 697 157 155
11 50 5 1 100 0.75 6 953 469 420 170 337 703 163 158
11 50 5 1 100 0.75 6 954 472 426 173 343 707 168 162
11 50 5 1 100 0.75 6 955 481 425 175 339 719 180 161
11 50 5 1 100 0.75 6 956 484 425 171 342 730 191 156
11 50 5 1 100 0.75 6 957 489 430 169 345 736 197 159
11 50 5 1 100 0.75 6 958 491 427 152 345 750 211 154
11 50 5 1 100 0.75 6 959 493 430 170 346 758 219 153
11 50 5 1 100 0.75 6 960 499 430 162 343 769 230 156
11 50 5 1 100 0.75 6 961 504 431 151 350 779 240 150
11 50 5 1 100 0.75 6 962 507 437 170 354 784 245 152
11 50 5 1 100 0.75 6 963 514 440 169 356 791 253 157
11 50 5 1 100 0.75 6 964 514 436 157 356 806 268 147
11 50 5 1 100 0.75 6 965 517 439 167 355 814 276 154
11 50 5 1 100 0.75 6 966 519 442 172 360 821 284 150
11 50 5 1 100 0.75 6 967 525 441 159 357 832 296 145
11 50 5 1 100 0.75 6 968 529 444 165 360 840 304 150
11 50 5 1 100 0.75 6 969 531 453 160 372 842 306 159
11 50 5 1 100 0.75 6 970 532 453 165 369 853 317 157
11 50 5 1 100 0.75 6 971 533 461 158 374 855 320 163
11 50 5 1 100 0.75 6 972 537 462 157 376 865 330 159
11 50 5 1 100 0.75 6 973 538 460 153 377 877 343 152
11 50 5 1 100 0.75 6 974 539 458 155 375 890 356 145
11 50 5 1 100 0.75 6 975 539 462 147 378 897 363 152
11 50 5 1 100 0.75 6 976 539 467 147 381 903 369 152
11 50 5 1 100 0.75 6 977 540 467 151 385 914 380 147
11 50 5 1 100 0.75 6 978 540 467 150 383 924 391 144
11 50 5 1 100 0.75 6 979 541 473 142 388 929 396 147
11 50 5 1 100 0.75 6 980 541 478 165 393 934 402 156
11 50 5 1 100 0.75 6 981 541 479 151 397 944 412 154
11 50 5 1 100 0.75 6 982 542 479 146 395 955 423 150
11 50 5 1 100 0.75 6 983 542 483 154 399 962 430 152
11 50 5 1 100 0.75 6 984 543 484 154 402 970 440 150
11 50 5 1 100 0.75 6 985 543 485 151 401 980 450 147
11 50 5 1 100 0.75 6 986 543 486 140 407 990 460 146
11 50 5 1 100 0.75 6 987 543 488 133 406 999 469 147
11 50 5 1 100 0.75 6 988 543 490 155 407 1007 478 148
11 50 5 1 100 0.75 6 989 543 493 150 408 1015 486 146
11 50 5 1 100 0.75 6 990 543 498 150 416 1020 492 150
11 50 5 1 100 0.75 6 991 543 501 133 418 1027 500 147
11 50 5 1 100 0.75 6 992 543 504 150 420 1035 508 149
11 50 5 1 100 0.75 6 993 544 506 139 425 1044 517 152
11 50 5 1 100 0.75 6 994 544 507 140 424 1054 527 144
11 50 5 1 100 0.75 6 995 544 509 155 427 1063 536 144
11 50 5 1 100 0.75 6 996 544 512 141 430 1071 544 148
11 50 5 1 100 0.75 6 997 544 510 141 426 1084 557 143
11 50 5 1 100 0.75 6 998 544 514 133 434 1091 564 142
11 50 5 1 100 0.75 6 999 544 518 136 435 1097 571 142
11 50 5 1 100 0.75 6 1000 544 524 145 441 1100 576 148
11 50 5 1 100 0.75 6 1001 544 523 141 438 1112 588 141
11 50 5 1 100 0.75 6 1002 544 528 131 445 1118 594 145
11 50 5 1 100 0.75 6 1003 544 531 151 448 1126 602 146
11 50 5 1 100 0.75 6 1004 544 538 152 453 1129 606 150
11 50 5 1 100 0.75 6 1005 544 535 142 455 1138 615 155
11 50 5 1 100 0.75 6 1006 544 529 129 453 1153 630 146
11 50 5 1 100 0.75 6 1007 544 534 127 459 1159 636 145
11 50 5 1 100 0.75 6 1008 544 537 134 463 1165 643 147
11 50 5 1 100 0.75 6 1009 544 535 131 465 1174 652 147
11 50 5 1 100 0.75 6 1010 544 536 147 468 1182 660 145
11 50 5 1 100 0.75 6 1011 544 535 141 470 1191 669 141
11 50 5 1 100 0.75 6 1012 544 534 136 466 1201 679 141
11 50 5 1 100 0.75 6 1013 544 536 132 467 1208 687 143
11 50 5 1 100 0.75 6 1014 544 536 123 467 1216 695 144
11 50 5 1 100 0.75 6 1015 544 534 123 470 1226 705 141
11 50 5 1 100 0.75 6 1016 544 536 128 471 1234 713 141
11 50 5 1 100 0.75 6 1017 544 540 124 474 1237 717 153
11 50 5 1 100 0.75 6 1018 544 537 126 475 1244 724 150
11 50 5 1 100 0.75 6 1019 544 532 121 472 1256 736 145
11 50 5 1 100 0.75 6 1020 544 531 113 471 1268 748 140
11 50 5 1 100 0.75 6 1021 544 537 122 474 1272 753 146
11 50 5 1 100 0.75 6 1022 544 532 115 470 1284 765 142
11 50 5 1 100 0.75 6 1023 544 533 111 469 1294 775 135
11 50 5 1 100 0.75 6 1024 544 538 121 469 1300 781 135
11 50 5 1 100 0.75 6 1025 544 537 125 471 1306 788 134
11 50 5 1 100 0.75 6 1026 544 536 118 469 1313 796 137
11 50 5 1 100 0.75 6 1027 544 539 119 473 1317 801 135
11 50 5 1 100 0.75 6 1028 544 538 116 477 1323 807 138
11 50 5 1 100 0.75 6 1029 544 534 101 477 1333 817 133
11 50 5 1 100 0.75 6 1030 544 538 115 478 1339 823 133
11 50 5 1 100 0.75 6 1031 544 538 124 483 1345 829 132
11 50 5 1 100 0.75 6 1032 544 530 112 478 1359 843 125
11 50 5 1 100 0.75 6 1033 544 535 115 479 1364 849 122
11 50 5 1 100 0.75 6 1034 544 535 115 478 1373 858 116
11 50 5 1 100 0.75 6 1035 544 536 114 479 1380 866 122
11 50 5 1 100 0.75 6 1036 544 533 98 473 1391 877 115
11 50 5 1 100 0.75 6 1037 544 533 97 469 1402 888 114
11 50 5 1 100 0.75 6 1038 544 539 102 473 1407 893 114
11 50 5 1 100 0.75 6 1039 544 535 99 470 1415 902 111
11 50 5 1 100 0.75 6 1040 544 537 99 467 1420 909 110
11 50 5 1 100 0.75 6 1041 544 536 115 470 1427 917 107
11 50 5 1 100 0.75 6 1042 544 540 103 476 1430 921 110
11 50 5 1 100 0.75 6 1043 544 536 98 477 1438 929 107
11 50 5 1 100 0.75 6 1044 544 536 92 479 1446 937 105
11 50 5 1 100 0.75 6 1045 544 535 103 481 1455 946 101
11 50 5 1 100 0.75 6 1046 544 541 100 487 1458 949 99
11 50 5 1 100 0.75 6 1047 544 538 106 486 1461 955 101
11 50 5 1 100 0.75 6 1048 544 542 98 492 1463 957 106
11 50 5 1 100 0.75 6 1049 544 535 100 492 1472 966 105
11 50 5 1 100 0.75 6 1050 544 540 91 492 1475 970 109
11 50 5 1 100 0.75 6 1050 544 540 540 492 1584 970 109
11 50 5 1 100 0.75 6 1080 544 540 540 492 543 970 109
11 50 5 1 100 0.75 7 1081 0 11 11 0 543 0 0
11 50 5 1 100 0.75 7 1082 0 22 22 0 543 0 0
11 50 5 1 100 0.75 7 1083 0 33 33 0 543 0 0
11 50 5 1 100 0.75 7 1084 0 44 41 0 543 0 0
11 50 5 1 100 0.75 7 1085 0 55 53 0 543 0 0
11 50 5 1 100 0.75 7 1086 0 66 62 0 543 0 0
11 50 5 1 100 0.75 7 1087 2 77 70 0 543 0 0
11 50 5 1 100 0.75 7 1088 9 88 74 2 543 0 0
11 50 5 1 100 0.75 7 1089 13 99 71 9 543 0 0
11 50 5 1 100 0.75 7 1090 26 110 73 13 543 0 0
11 50 5 1 100 0.75 7 1091 42 121 66 26 543 0 0
11 50 5 1 100 0.75 7 1092 51 132 63 42 543 0 0
11 50 5 1 100 0.75 7 1093 64 143 64 51 543 0 0
11 50 5 1 100 0.75 7 1094 74 154 58 64 543 0 1
11 50 5 1 100 0.75 7 1095 89 165 61 74 543 0 5
11 50 5 1 100 0.75 7 1096 99 176 62 89 543 0 8
11 50 5 1 100 0.75 7 1097 110 187 76 99 543 0 18
11 50 5 1 100 0.75 7 1098 122 198 89 110 543 0 28
11 50 5 1 100 0.75 7 1099 131 209 95 122 543 0 37
11 50 5 1 100 0.75 7 1100 142 220 96 131 542 0 44
11 50 5 1 100 0.75 7 1101 153 231 94 142 542 0 53
11 50 5 1 100 0.75 7 1102 165 242 112 153 542 0 61
11 50 5 1 100 0.75 7 1103 176 253 112 165 542 0 71
11 50 5 1 100 0.75 7 1104 190 264 128 176 542 0 85
11 50 5 1 100 0.75 7 1105 201 275 129 190 541 0 87
11 50 5 1 100 0.75 7 1106 210 286 144 201 541 0 100
11 50 5 1 100 0.75 7 1107 218 297 156 210 541 0 107
11 50 5 1 100 0.75 7 1108 230 308 153 218 539 0 117
11 50 5 1 100 0.75 7 1109 243 319 150 230 539 0 124
11 50 5 1 100 0.75 7 1110 253 329 163 242 540 1 128
11 50 5 1 100 0.75 7 1111 265 338 175 250 542 3 140
11 50 5 1 100 0.75 7 1112 277 345 180 258 546 7 141
11 50 5 1 100 0.75 7 1113 287 352 178 266 550 11 144
11 50 5 1 100 0.75 7 1114 302 361 170 274 552 13 149
11 50 5 1 100 0.75 7 1115 308 364 179 281 560 21 148
11 50 5 1 100 0.75 7 1116 321 366 170 278 569 30 146
11 50 5 1 100 0.75 7 1117 333 362 172 276 584 45 145
11 50 5 1 100 0.75 7 1118 346 366 165 281 591 52 144
11 50 5 1 100 0.75 7 1119 354 361 158 278 607 68 135
11 50 5 1 100 0.75 7 1120 363 367 171 281 611 73 138
11 50 5 1 100 0.75 7 1121 373 375 189 287 614 76 147
11 50 5 1 100 0.75 7 1122 382 379 166 291 621 83 145
11 50 5 1 100 0.75 7 1123 394 381 173 293 630 92 147
11 50 5 1 100 0.75 7 1124 406 383 154 297 639 101 143
11 50 5 1 100 0.75 7 1125 415 386 171 303 647 109 143
11 50 5 1 100 0.75 7 1126 423 390 174 307 654 116 143
11 50 5 1 100 0.75 7 1127 428 391 155 307 664 126 141
11 50 5 1 100 0.75 7 1128 439 399 181 312 667 129 151
11 50 5 1 100 0.75 7 1129 445 403 186 321 674 136 151
11 50 5 1 100 0.75 7 1130 452 404 162 319 684 146 153
11 50 5 1 100 0.75 7 1131 457 408 178 326 691 153 156
11 50 5 1 100 0.75 7 1132 464 405 172 320 705 167 152
11 50 5 1 100 0.75 7 1133 469 408 172 323 713 175 151
11 50 5 1 100 0.75 7 1134 475 414 172 329 717 180 153
11 50 5 1 100 0.75 7 1135 482 418 169 334 724 187 159
11 50 5 1 100 0.75 7 1136 485 420 177 336 733 196 158
11 50 5 1 100 0.75 7 1137 487 414 163 333 750 213 147
11 50 5 1 100 0.75 7 1138 494 419 184 335 756 219 152
11 50 5 1 100 0.75 7 1139 497 424 172 340 762 225 149
11 50 5 1 100 0.75 7 1140 500 427 163 344 769 233 151
11 50 5 1 100 0.75 7 1141 501 434 163 350 773 237 155
11 50 5 1 100 0.75 7 1142 505 436 174 352 781 246 154
11 50 5 1 100 0.75 7 1143 509 440 171 357 788 253 155
11 50 5 1 100 0.75 7 1144 510 443 175 359 795 261 154
11 50 5 1 100 0.75 7 1145 513 443 170 359 805 272 150
11 50 5 1 100 0.75 7 1146 514 439 160 357 819 287 141
11 50 5 1 100 0.75 7 1147 515 441 159 356 827 296 144
11 50 5 1 100 0.75 7 1148 518 442 160 356 837 306 142
11 50 5 1 100 0.75 7 1149 520 446 166 364 843 313 143
11 50 5 1 100 0.75 7 1150 523 448 175 364 852 322 143
11 50 5 1 100 0.75 7 1151 524 451 148 366 859 330 146
11 50 5 1 100 0.75 7 1152 526 453 158 369 867 339 145
11 50 5 1 100 0.75 7 1153 528 457 168 372 874 346 145
11 50 5 1 100 0.75 7 1154 529 461 165 378 881 353 146
11 50 5 1 100 0.75 7 1155 531 464 165 381 889 361 149
11 50 5 1 100 0.75 7 1156 532 469 166 387 895 367 149
11 50 5 1 100 0.75 7 1157 532 464 152 379 911 383 139
11 50 5 1 100 0.75 7 1158 532 468 161 383 918 390 139
11 50 5 1 100 0.75 7 1159 532 472 156 390 925 397 144
11 50 5 1 100 0.75 7 1160 532 476 158 394 932 404 146
11 50 5 1 100 0.75 7 1161 536 477 160 391 942 414 144
11 50 5 1 100 0.75 7 1162 537 483 149 397 947 419 148
11 50 5 1 100 0.75 7 1163 537 486 158 404 955 427 147
11 50 5 1 100 0.75 7 1164 538 491 160 410 961 433 147
11 50 5 1 100 0.75 7 1165 538 488 136 403 974 447 141
11 50 5 1 100 0.75 7 1166 539 487 149 402 986 459 140
11 50 5 1 100 0.75 7 1167 539 490 141 404 993 467 138
11 50 5 1 100 0.75 7 1168 539 499 151 417 995 469 142
11 50 5 1 100 0.75 7 1169 542 502 152 420 1002 477 143
11 50 5 1 100 0.75 7 1170 544 503 153 423 1012 487 141
11 50 5 1 100 0.75 7 1171 544 505 150 424 1021 496 142
11 50 5 1 100 0.75 7 1172 544 506 149 421 1031 506 138
11 50 5 1 100 0.75 7 1173 544 512 142 428 1036 511 139
11 50 5 1 100 0.75 7 1174 544 514 139 431 1045 520 139
11 50 5 1 100 0.75 7 1175 544 519 154 438 1051 526 143
11 50 5 1 100 0.75 7 1176 544 520 154 436 1061 536 142
11 50 5 1 100 0.75 7 1177 544 525 146 443 1067 542 147
11 50 5 1 100 0.75 7 1178 544 525 149 442 1078 553 141
11 50 5 1 100 0.75 7 1179 544 528 157 442 1086 561 135
11 50 5 1 100 0.75 7 1180 544 528 152 445 1095 572 136
11 50 5 1 100 0.75 7 1181 544 532 147 445 1102 579 140
11 50 5 1 100 0.75 7 1182 544 533 145 449 1112 589 138
11 50 5 1 100 0.75 7 1183 544 540 161 458 1116 593 143
11 50 5 1 100 0.75 7 1184 544 535 148 460 1125 602 143
11 50 5 1 100 0.75 7 1185 544 538 146 461 1130 608 146
11 50 5 1 100 0.75 7 1186 544 538 131 470 1136 614 149
11 50 5 1 100 0.75 7 1187 544 536 127 471 1144 622 148
11 50 5 1 100 0.75 7 1188 544 537 136 477 1151 629 148
11 50 5 1 100 0.75 7 1189 544 536 130 477 1159 637 154
11 50 5 1 100 0.75 7 1190 544 536 138 483 1166 645 154
11 50 5 1 100 0.75 7 1191 544 533 127 479 1177 656 151
11 50 5 1 100 0.75 7 1192 544 535 124 477 1186 665 150
11 50 5 1 100 0.75 7 1193 544 536 132 476 1193 673 150
11 50 5 1 100 0.75 7 1194 544 535 119 474 1202 682 150
11 50 5 1 100 0.75 7 1195 544 537 134 475 1209 689 151
11 50 5 1 100 0.75 7 1196 544 535 130 471 1218 698 151
11 50 5 1 100 0.75 7 1197 544 535 139 472 1227 707 152
11 50 5 1 100 0.75 7 1198 544 537 140 471 1234 714 151
11 50 5 1 100 0.75 7 1199 544 533 129 470 1244 725 145
11 50 5 1 100 0.75 7 1200 544 539 121 475 1249 730 143
11 50 5 1 100 0.75 7 1201 544 535 136 473 1258 739 144
11 50 5 1 100 0.75 7 1202 544 533 126 473 1269 750 138
11 50 5 1 100 0.75 7 1203 544 536 134 473 1277 758 136
11 50 5 1 100 0.75 7 1204 544 533 100 467 1286 769 130
11 50 5 1 100 0.75 7 1205 544 537 123 470 1293 776 127
11 50 5 1 100 0.75 7 1206 544 531 113 465 1305 789 119
11 50 5 1 100 0.75 7 1207 544 536 118 469 1311 795 119
11 50 5 1 100 0.75 7 1208 544 535 108 467 1319 804 116
11 50 5 1 100 0.75 7 1209 544 534 108 463 1329 814 115
11 50 5 1 100 0.75 7 1210 544 537 124 470 1336 821 113
11 50 5 1 100 0.75 7 1211 544 539 97 473 1339 826 116
11 50 5 1 100 0.75 7 1212 544 533 119 471 1350 837 113
11 50 5 1 100 0.75 7 1213 544 537 105 475 1356 844 113
11 50 5 1 100 0.75 7 1214 544 541 109 482 1358 847 113
11 50 5 1 100 0.75 7 1215 544 537 92 481 1364 854 112
11 50 5 1 100 0.75 7 1216 544 533 110 477 1375 865 107
11 50 5 1 100 0.75 7 1217 544 539 103 483 1380 870 112
11 50 5 1 100 0.75 7 1218 544 537 119 484 1387 877 112
11 50 5 1 100 0.75 7 1219 544 539 101 486 1391 882 114
11 50 5 1 100 0.75 7 1220 544 536 113 485 1399 890 115
11 50 5 1 100 0.75 7 1221 544 540 100 489 1402 894 116
11 50 5 1 100 0.75 7 1222 544 537 105 489 1408 901 112
11 50 5 1 100 0.75 7 1223 544 538 102 486 1414 907 115
11 50 5 1 100 0.75 7 1224 544 537 111 491 1421 914 116
11 50 5 1 100 0.75 7 1225 544 539 105 490 1426 919 118
11 50 5 1 100 0.75 7 1226 544 538 88 492 1431 925 117
11 50 5 1 100 0.75 7 1227 544 537 111 491 1436 932 115
11 50 5 1 100 0.75 7 1228 544 537 88 489 1441 939 112
11 50 5 1 100 0.75 7 1229 544 541 99 494 1444 942 114
11 50 5 1 100 0.75 7 1230 544 534 101 489 1454 952 109
11 50 5 1 100 0.75 7 1230 544 534 534 489 1561 952 109
11 50 5 1 100 0.75 7 1260 544 534 534 489 543 952 109
11 50 5 1 100 0.75 8 1261 0 11 11 0 543 0 0
11 50 5 1 100 0.75 8 1262 0 22 22 0 543 0 0
11 50 5 1 100 0.75 8 1263 0 33 33 0 543 0 0
11 50 5 1 100 0.75 8 1264 0 44 43 0 543 0 0
11 50 5 1 100 0.75 8 1265 0 55 55 0 543 0 0
11 50 5 1 100 0.75 8 1266 0 66 64 0 543 0 0
11 50 5 1 100 0.75 8 1267 3 77 69 0 543 0 0
11 50 5 1 100 0.75 8 1268 6 88 74 3 543 0 0
11 50 5 1 100 0.75 8 1269 16 99 72 6 542 0 0
11 50 5 1 100 0.75 8 1270 26 110 73 16 542 0 0
11 50 5 1 100 0.75 8 1271 36 121 72 26 542 0 0
11 50 5 1 100 0.75 8 1272 52 132 70 36 542 0 0
11 50 5 1 100 0.75 8 1273 66 143 59 52 541 0 0
11 50 5 1 100 0.75 8 1274 78 154 56 66 541 0 1
11 50 5 1 100 0.75 8 1275 86 165 67 78 541 0 4
11 50 5 1 100 0.75 8 1276 97 176 58 86 541 0 6
11 50 5 1 100 0.75 8 1277 108 187 70 97 541 0 18
11 50 5 1 100 0.75 8 1278 123 198 75 108 541 0 26
11 50 5 1 100 0.75 8 1279 136 209 87 123 541 0 37
11 50 5 1 100 0.75 8 1280 144 220 97 136 541 0 49
11 50 5 1 100 0.75 8 1281 150 231 102 144 540 0 61
11 50 5 1 100 0.75 8 1282 161 242 113 150 539 0 66
11 50 5 1 100 0.75 8 1283 178 253 109 161 539 0 70
11 50 5 1 100 0.75 8 1284 189 264 129 178 539 0 80
11 50 5 1 100 0.75 8 1285 196 275 131 189 539 0 88
11 50 5 1 100 0.75 8 1286 213 286 135 196 539 0 100
11 50 5 1 100 0.75 8 1287 222 297 139 213 539 0 110
11 50 5 1 100 0.75 8 1288 231 308 163 222 538 0 117
11 50 5 1 100 0.75 8 1289 243 319 145 231 538 0 127
11 50 5 1 100 0.75 8 1290 255 329 159 242 538 1 136
11 50 5 1 100 0.75 8 1291 263 339 172 253 539 2 143
11 50 5 1 100 0.75 8 1292 276 347 181 258 541 5 146
11 50 5 1 100 0.75 8 1293 289 356 183 269 543 7 152
11 50 5 1 100 0.75 8 1294 300 362 187 277 548 12 157
11 50 5 1 100 0.75 8 1295 313 363 172 278 558 22 154
11 50 5 1 100 0.75 8 1296 323 365 187 282 567 31 154
11 50 5 1 100 0.75 8 1297 329 362 164 278 581 45 148
11 50 5 1 100 0.75 8 1298 343 370 172 281 584 48 153
11 50 5 1 100 0.75 8 1299 356 366 166 280 599 63 148
11 50 5 1 100 0.75 8 1300 366 367 166 283 609 73 148
11 50 5 1 100 0.75 8 1301 374 371 164 287 616 80 147
11 50 5 1 100 0.75 8 1302 380 381 173 294 616 81 157
11 50 5 1 100 0.75 8 1303 391 382 173 291 626 91 157
11 50 5 1 100 0.75 8 1304 404 382 168 293 637 102 153
11 50 5 1 100 0.75 8 1305 413 381 167 295 649 114 146
11 50 5 1 100 0.75 8 1306 421 383 166 301 657 123 151
11 50 5 1 100 0.75 8 1307 429 385 160 302 666 132 150
11 50 5 1 100 0.75 8 1308 438 383 146 299 679 145 143
11 50 5 1 100 0.75 8 1309 444 385 159 302 688 154 143
11 50 5 1 100 0.75 8 1310 454 390 159 306 694 160 146
11 50 5 1 100 0.75 8 1311 461 389 146 310 706 172 144
11 50 5 1 100 0.75 8 1312 465 396 156 315 710 176 152
11 50 5 1 100 0.75 8 1313 473 403 169 320 714 180 159
11 50 5 1 100 0.75 8 1314 480 406 159 325 722 188 157
11 50 5 1 100 0.75 8 1315 480 405 161 324 733 200 153
11 50 5 1 100 0.75 8 1316 486 408 168 324 740 208 153
11 50 5 1 100 0.75 8 1317 489 416 165 337 742 211 159
11 50 5 1 100 0.75 8 1318 495 414 165 332 754 224 160
11 50 5 1 100 0.75 8 1319 499 416 159 331 762 233 158
11 50 5 1 100 0.75 8 1320 503 419 173 338 770 241 158
11 50 5 1 100 0.75 8 1321 509 426 173 340 774 245 165
11 50 5 1 100 0.75 8 1322 509 425 149 343 786 257 160
11 50 5 1 100 0.75 8 1323 514 423 173 341 799 270 157
11 50 5 1 100 0.75 8 1324 516 425 148 342 808 279 158
11 50 5 1 100 0.75 8 1325 520 425 159 340 819 290 153
11 50 5 1 100 0.75 8 1326 522 428 154 341 827 298 153
11 50 5 1 100 0.75 8 1327 523 432 154 347 834 305 155
11 50 5 1 100 0.75 8 1328 525 431 151 346 846 317 146
11 50 5 1 100 0.75 8 1329 527 434 155 352 853 325 148
11 50 5 1 100 0.75 8 1330 530 440 158 358 857 330 151
11 50 5 1 100 0.75 8 1331 530 442 145 359 866 339 148
11 50 5 1 100 0.75 8 1332 530 445 158 365 874 347 148
11 50 5 1 100 0.75 8 1333 530 442 150 359 888 361 143
11 50 5 1 100 0.75 8 1334 532 449 156 366 891 365 149
11 50 5 1 100 0.75 8 1335 533 446 143 363 905 379 144
11 50 5 1 100 0.75 8 1336 533 446 140 361 916 390 143
11 50 5 1 100 0.75 8 1337 533 449 146 364 924 398 142
11 50 5 1 100 0.75 8 1338 533 448 139 362 935 410 140
11 50 5 1 100 0.75 8 1339 534 453 147 367 941 416 139
11 50 5 1 100 0.75 8 1340 534 459 155 375 945 421 144
11 50 5 1 100 0.75 8 1341 534 461 149 380 954 430 141
11 50 5 1 100 0.75 8 1342 535 461 139 380 965 441 137
11 50 5 1 100 0.75 8 1343 536 463 137 381 974 450 140
11 50 5 1 100 0.75 8 1344 539 470 149 388 978 454 140
11 50 5 1 100 0.75 8 1345 539 475 153 394 983 460 144
11 50 5 1 100 0.75 8 1346 540 478 153 394 990 468 150
11 50 5 1 100 0.75 8 1347 540 486 140 402 993 471 155
11 50 5 1 100 0.75 8 1348 540 487 159 404 1003 481 152
11 50 5 1 100 0.75 8 1349 541 487 147 404 1014 492 149
11 50 5 1 100 0.75 8 1350 542 487 155 404 1025 503 145
11 50 5 1 100 0.75 8 1351 543 494 128 410 1029 507 150
11 50 5 1 100 0.75 8 1352 543 497 138 409 1036 515 149
11 50 5 1 100 0.75 8 1353 544 499 137 413 1045 524 145
11 50 5 1 100 0.75 8 1354 544 502 163 417 1053 532 147
11 50 5 1 100 0.75 8 1355 544 505 139 423 1061 540 146
11 50 5 1 100 0.75 8 1356 544 507 138 426 1070 549 148
11 50 5 1 100 0.75 8 1357 544 510 152 427 1078 557 145
11 50 5 1 100 0.75 8 1358 544 514 138 431 1083 564 149
11 50 5 1 100 0.75 8 1359 544 518 162 435 1089 571 149
11 50 5 1 100 0.75 8 1360 544 516 148 434 1102 584 139
11 50 5 1 100 0.75 8 1361 544 518 145 434 1111 593 145
11 50 5 1 100 0.75 8 1362 544 516 135 432 1124 606 140
11 50 5 1 100 0.75 8 1363 544 522 139 439 1128 611 146
11 50 5 1 100 0.75 8 1364 544 524 137 441 1137 620 144
11 50 5 1 100 0.75 8 1365 544 531 139 445 1141 624 148
11 50 5 1 100 0.75 8 1366 544 533 144 451 1150 633 147
11 50 5 1 100 0.75 8 1367 544 537 149 454 1157 640 149
11 50 5 1 100 0.75 8 1368 544 534 150 455 1165 650 146
11 50 5 1 100 0.75 8 1369 544 534 129 457 1174 660 148
11 50 5 1 100 0.75 8 1370 544 538 138 461 1179 666 148
11 50 5 1 100 0.75 8 1371 544 532 138 460 1191 678 143
11 50 5 1 100 0.75 8 1372 544 534 123 461 1200 687 145
11 50 5 1 100 0.75 8 1373 544 539 125 469 1204 692 147
11 50 5 1 100 0.75 8 1374 544 540 144 475 1208 696 152
11 50 5 1 100 0.75 8 1375 544 536 142 475 1216 704 149
11 50 5 1 100 0.75 8 1376 544 534 136 473 1226 714 152
11 50 5 1 100 0.75 8 1377 544 532 120 474 1238 726 151
11 50 5 1 100 0.75 8 1378 544 535 123 474 1246 734 150
11 50 5 1 100 0.75 8 1379 544 537 129 474 1253 741 149
11 50 5 1 100 0.75 8 1380 544 531 131 471 1266 754 145
11 50 5 1 100 0.75 8 1381 544 534 118 472 1274 762 146
11 50 5 1 100 0.75 8 1382 544 540 138 473 1278 766 148
11 50 5 1 100 0.75 8 1383 544 536 118 471 1286 774 149
11 50 5 1 100 0.75 8 1384 544 532 119 465 1297 786 142
11 50 5 1 100 0.75 8 1385 544 534 121 467 1306 795 140
11 50 5 1 100 0.75 8 1386 544 536 137 468 1314 803 138
11 50 5 1 100 0.75 8 1387 544 538 105 473 1320 809 140
11 50 5 1 100 0.75 8 1388 544 541 118 475 1323 812 141
11 50 5 1 100 0.75 8 1389 544 536 121 479 1331 820 139
11 50 5 1 100 0.75 8 1390 544 532 114 477 1343 832 130
11 50 5 1 100 0.75 8 1391 544 536 113 475 1349 839 129
11 50 5 1 100 0.75 8 1392 544 531 115 472 1361 852 124
11 50 5 1 100 0.75 8 1393 544 535 115 474 1368 859 121
11 50 5 1 100 0.75 8 1394 544 534 111 473 1377 869 120
11 50 5 1 100 0.75 8 1395 544 534 104 471 1384 879 119
11 50 5 1 100 0.75 8 1396 544 537 106 469 1391 886 119
11 50 5 1 100 0.75 8 1397 544 537 100 467 1398 893 119
11 50 5 1 100 0.75 8 1398 544 535 109 466 1407 902 117
11 50 5 1 100 0.75 8 1399 544 536 97 469 1414 910 114
11 50 5 1 100 0.75 8 1400 544 538 106 472 1420 916 116
11 50 5 1 100 0.75 8 1401 544 532 96 469 1432 928 110
11 50 5 1 100 0.75 8 1402 544 537 106 474 1436 934 112
11 50 5 1 100 0.75 8 1403 544 540 109 481 1440 938 114
11 50 5 1 100 0.75 8 1404 544 541 105 484 1442 941 114
11 50 5 1 100 0.75 8 1405 544 537 104 486 1448 948 116
11 50 5 1 100 0.75 8 1406 544 538 91 491 1453 954 116
11 50 5 1 100 0.75 8 1407 544 538 84 490 1457 960 118
11 50 5 1 100 0.75 8 1408 544 538 106 493 1463 966 120
11 50 5 1 100 0.75 8 1409 544 539 97 495 1468 971 123
11 50 5 1 100 0.75 8 1410 544 538 97 500 1474 977 123
11 50 5 1 100 0.75 8 1410 544 538 538 500 1596 977 123
11 50 5 1 100 0.75 8 1440 544 538 538 500 545 977 123
11 50 5 1 100 0.75 9 1441 0 11 11 0 545 0 0
11 50 5 1 100 0.75 9 1442 0 22 22 0 545 0 0
11 50 5 1 100 0.75 9 1443 0 33 33 0 545 0 0
11 50 5 1 100 0.75 9 1444 0 44 44 0 545 0 0
11 50 5 1 100 0.75 9 1445 0 55 54 0 545 0 0
11 50 5 1 100 0.75 9 1446 0 66 61 0 545 0 0
11 50 5 1 100 0.75 9 1447 3 77 69 0 545 0 0
11 50 5 1 100 0.75 9 1448 10 88 69 3 545 0 0
11 50 5 1 100 0.75 9 1449 20 99 69 10 545 0 0
11 50 5 1 100 0.75 9 1450 28 110 68 20 545 0 0
11 50 5 1 100 0.75 9 1451 43 121 65 28 545 0 0
11 50 5 1 100 0.75 9 1452 54 132 62 43 545 0 0
11 50 5 1 100 0.75 9 1453 60 143 65 54 545 0 0
11 50 5 1 100 0.75 9 1454 76 154 60 60 545 0 1
11 50 5 1 100 0.75 9 1455 87 165 68 76 545 0 5
11 50 5 1 100 0.75 9 1456 100 176 68 87 545 0 12
11 50 5 1 100 0.75 9 1457 112 187 64 100 545 0 17
11 50 5 1 100 0.75 9 1458 121 198 87 112 545 0 25
11 50 5 1 100 0.75 9 1459 132 209 89 121 545 0 33
11 50 5 1 100 0.75 9 1460 146 220 82 132 545 0 40
11 50 5 1 100 0.75 9 1461 156 231 95 146 545 0 46
11 50 5 1 100 0.75 9 1462 165 242 109 156 545 0 60
11 50 5 1 100 0.75 9 1463 176 253 108 165 545 0 68
11 50 5 1 100 0.75 9 1464 186 264 122 176 545 0 80
11 50 5 1 100 0.75 9 1465 198 275 124 186 545 0 84
11 50 5 1 100 0.75 9 1466 211 286 134 198 545 0 96
11 50 5 1 100 0.75 9 1467 223 297 147 211 545 0 107
11 50 5 1 100 0.75 9 1468 234 308 152 223 544 0 116
11 50 5 1 100 0.75 9 1469 243 319 147 234 543 0 121
11 50 5 1 100 0.75 9 1470 255 328 169 241 545 2 127
11 50 5 1 100 0.75 9 1471 266 336 166 250 548 5 131
11 50 5 1 100 0.75 9 1472 277 344 166 258 551 8 136
11 50 5 1 100 0.75 9 1473 286 350 175 264 556 13 142
11 50 5 1 100 0.75 9 1474 302 359 171 271 558 15 151
11 50 5 1 100 0.75 9 1475 311 365 172 282 563 20 155
11 50 5 1 100 0.75 9 1476 321 371 174 286 568 25 157
11 50 5 1 100 0.75 9 1477 333 368 182 282 582 39 152
11 50 5 1 100 0.75 9 1478 341 366 169 281 595 52 153
11 50 5 1 100 0.75 9 1479 356 374 172 286 598 55 158
11 50 5 1 100 0.75 9 1480 367 377 165 294 606 63 159
11 50 5 1 100 0.75 9 1481 374 379 177 296 615 72 158
11 50 5 1 100 0.75 9 1482 385 383 171 297 622 79 159
11 50 5 1 100 0.75 9 1483 395 383 167 298 633 90 156
11 50 5 1 100 0.75 9 1484 402 386 170 301 641 98 159
11 50 5 1 100 0.75 9 1485 412 387 181 301 651 108 156
11 50 5 1 100 0.75 9 1486 423 390 167 305 658 116 153
11 50 5 1 100 0.75 9 1487 428 391 174 310 668 126 158
11 50 5 1 100 0.75 9 1488 434 396 178 310 674 132 159
11 50 5 1 100 0.75 9 1489 447 400 185 313 681 139 157
11 50 5 1 100 0.75 9 1490 455 402 174 317 690 148 155
11 50 5 1 100 0.75 9 1491 464 405 169 320 698 156 155
11 50 5 1 100 0.75 9 1492 469 405 160 320 709 167 150
11 50 5 1 100 0.75 9 1493 472 402 160 317 723 181 146
11 50 5 1 100 0.75 9 1494 478 400 154 314 736 194 143
11 50 5 1 100 0.75 9 1495 482 404 170 319 743 201 142
11 50 5 1 100 0.75 9 1496 485 405 167 320 753 211 141
11 50 5 1 100 0.75 9 1497 490 412 163 326 757 215 146
11 50 5 1 100 0.75 9 1498 495 415 170 328 765 223 144
11 50 5 1 100 0.75 9 1499 499 416 173 331 775 233 143
11 50 5 1 100 0.75 9 1500 504 413 172 327 789 247 139
11 50 5 1 100 0.75 9 1501 505 421 180 337 792 250 141
11 50 5 1 100 0.75 9 1502 509 423 163 336 801 259 142
11 50 5 1 100 0.75 9 1503 510 423 140 341 812 270 140
11 50 5 1 100 0.75 9 1504 514 429 167 343 817 275 144
11 50 5 1 100 0.75 9 1505 517 433 159 348 824 282 145
11 50 5 1 100 0.75 9 1506 520 435 155 351 833 291 145
11 50 5 1 100 0.75 9 1507 521 437 154 353 842 300 142
11 50 5 1 100 0.75 9 1508 522 444 149 362 846 304 148
11 50 5 1 100 0.75 9 1509 522 447 176 363 854 312 149
11 50 5 1 100 0.75 9 1510 524 448 159 363 863 322 147
11 50 5 1 100 0.75 9 1511 524 450 157 368 872 331 143
11 50 5 1 100 0.75 9 1512 527 455 171 371 878 337 149
11 50 5 1 100 0.75 9 1513 530 455 158 371 889 348 145
11 50 5 1 100 0.75 9 1514 531 459 178 375 896 355 147
11 50 5 1 100 0.75 9 1515 532 460 159 380 906 365 144
11 50 5 1 100 0.75 9 1516 534 463 155 380 913 373 141
11 50 5 1 100 0.75 9 1517 535 467 158 384 919 380 142
11 50 5 1 100 0.75 9 1518 536 474 162 391 921 384 147
11 50 5 1 100 0.75 9 1519 539 474 170 390 932 395 142
11 50 5 1 100 0.75 9 1520 539 473 156 390 944 407 140
11 50 5 1 100 0.75 9 1521 539 477 147 391 951 414 143
11 50 5 1 100 0.75 9 1522 540 478 163 395 961 424 141
11 50 5 1 100 0.75 9 1523 540 483 167 399 967 430 141
11 50 5 1 100 0.75 9 1524 540 488 149 403 973 436 145
11 50 5 1 100 0.75 9 1525 540 485 141 399 987 450 139
11 50 5 1 100 0.75 9 1526 541 492 154 407 991 454 142
11 50 5 1 100 0.75 9 1527 542 499 158 415 994 458 149
11 50 5 1 100 0.75 9 1528 543 500 163 417 1004 468 151
11 50 5 1 100 0.75 9 1529 543 498 154 413 1017 481 148
11 50 5 1 100 0.75 9 1530 543 502 151 419 1023 488 146
11 50 5 1 100 0.75 9 1531 543 504 161 419 1032 497 145
11 50 5 1 100 0.75 9 1532 544 506 151 423 1041 506 145
11 50 5 1 100 0.75 9 1533 544 510 146 424 1047 513 144
11 50 5 1 100 0.75 9 1534 544 515 157 430 1052 519 149
11 50 5 1 100 0.75 9 1535 544 518 156 438 1060 527 151
11 50 5 1 100 0.75 9 1536 544 523 158 440 1066 533 151
11 50 5 1 100 0.75 9 1537 544 524 156 441 1076 543 151
11 50 5 1 100 0.75 9 1538 544 526 163 446 1085 552 150
11 50 5 1 100 0.75 9 1539 544 531 150 450 1091 558 153
11 50 5 1 100 0.75 9 1540 544 535 154 451 1098 565 151
11 50 5 1 100 0.75 9 1541 544 533 150 452 1109 576 151
11 50 5 1 100 0.75 9 1542 544 533 145 453 1118 587 148
11 50 5 1 100 0.75 9 1543 544 540 159 456 1122 591 152
11 50 5 1 100 0.75 9 1544 544 533 154 458 1133 602 150
11 50 5 1 100 0.75 9 1545 544 534 156 457 1143 612 148
11 50 5 1 100 0.75 9 1546 544 536 150 464 1150 620 146
11 50 5 1 100 0.75 9 1547 544 534 151 464 1159 630 143
11 50 5 1 100 0.75 9 1548 544 537 142 467 1166 637 143
11 50 5 1 100 0.75 9 1549 544 537 143 471 1173 644 143
11 50 5 1 100 0.75 9 1550 544 535 141 472 1182 653 141
11 50 5 1 100 0.75 9 1551 544 536 141 472 1190 661 141
11 50 5 1 100 0.75 9 1552 544 535 130 470 1199 670 138
11 50 5 1 100 0.75 9 1553 544 533 128 472 1210 681 139
11 50 5 1 100 0.75 9 1554 544 534 129 470 1220 691 137
11 50 5 1 100 0.75 9 1555 544 538 123 471 1226 697 138
11 50 5 1 100 0.75 9 1556 544 533 135 469 1237 708 135
11 50 5 1 100 0.75 9 1557 544 541 142 474 1239 711 140
11 50 5 1 100 0.75 9 1558 544 535 137 473 1248 720 136
11 50 5 1 100 0.75 9 1559 544 537 127 476 1255 727 136
11 50 5 1 100 0.75 9 1560 544 533 127 473 1264 738 136
11 50 5 1 100 0.75 9 1561 544 534 113 471 1273 748 132
11 50 5 1 100 0.75 9 1562 544 533 114 471 1284 759 127
11 50 5 1 100 0.75 9 1563 544 535 115 470 1293 768 124
11 50 5 1 100 0.75 9 1564 544 542 117 477 1295 770 127
11 50 5 1 100 0.75 9 1565 544 536 113 475 1303 778 123
11 50 5 1 100 0.75 9 1566 544 539 128 476 1307 783 126
11 50 5 1 100 0.75 9 1567 544 537 108 478 1314 790 126
11 50 5 1 100 0.75 9 1568 544 536 116 478 1322 798 124
11 50 5 1 100 0.75 9 1569 544 534 103 479 1332 808 120
11 50 5 1 100 0.75 9 1570 544 540 111 484 1336 812 120
11 50 5 1 100 0.75 9 1571 544 533 110 485 1347 823 116
11 50 5 1 100 0.75 9 1572 544 534 98 479 1357 833 110
11 50 5 1 100 0.75 9 1573 544 537 96 478 1364 840 108
11 50 5 1 100 0.75 9 1574 544 537 127 477 1371 847 109
11 50 5 1 100 0.75 9 1575 544 534 109 472 1381 857 109
11 50 5 1 100 0.75 9 1576 544 537 107 474 1388 864 108
11 50 5 1 100 0.75 9 1577 544 540 106 478 1391 868 112
11 50 5 1 100 0.75 9 1578 544 535 104 476 1399 877 108
11 50 5 1 100 0.75 9 1579 544 541 107 485 1401 880 108
11 50 5 1 100 0.75 9 1580 544 538 102 485 1406 886 103
11 50 5 1 100 0.75 9 1581 544 539 114 492 1409 891 105
11 50 5 1 100 0.75 9 1582 544 535 100 487 1418 900 100
11 50 5 1 100 0.75 9 1583 544 539 101 492 1422 905 105
11 50 5 1 100 0.75 9 1584 544 534 103 489 1432 915 99
11 50 5 1 100 0.75 9 1585 544 540 110 490 1436 919 104
11 50 5 1 100 0.75 9 1586 544 535 105 488 1445 928 102
11 50 5 1 100 0.75 9 1587 544 541 93 491 1448 931 103
11 50 5 1 100 0.75 9 1588 544 538 107 490 1454 937 107
11 50 5 1 100 0.75 9 1589 544 540 105 491 1458 941 108
11 50 5 1 100 0.75 9 1590 544 537 102 493 1464 948 106
11 50 5 1 100 0.75 9 1590 544 537 537 493 1569 948 106
11 50 5 1 100 0.75 9 1620 544 537 537 493 543 948 106
11 50 5 1 100 0.75 10 1621 0 11 11 0 543 0 0
11 50 5 1 100 0.75 10 1622 0 22 22 0 543 0 0
11 50 5 1 100 0.75 10 1623 0 33 33 0 543 0 0
11 50 5 1 100 0.75 10 1624 0 44 44 0 543 0 0
11 50 5 1 100 0.75 10 1625 0 55 52 0 543 0 0
11 50 5 1 100 0.75 10 1626 0 66 64 0 543 0 0
11 50 5 1 100 0.75 10 1627 4 77 71 0 543 0 0
11 50 5 1 100 0.75 10 1628 7 88 75 4 543 0 0
11 50 5 1 100 0.75 10 1629 13 99 74 7 543 0 0
11 50 5 1 100 0.75 10 1630 21 110 72 13 543 0 0
11 50 5 1 100 0.75 10 1631 38 121 70 21 543 0 0
11 50 5 1 100 0.75 10 1632 48 132 65 38 543 0 0
11 50 5 1 100 0.75 10 1633 59 143 72 48 543 0 0
11 50 5 1 100 0.75 10 1634 77 154 65 59 543 0 1
11 50 5 1 100 0.75 10 1635 86 165 67 77 543 0 5
11 50 5 1 100 0.75 10 1636 95 176 70 86 543 0 8
11 50 5 1 100 0.75 10 1637 109 187 76 95 543 0 15
11 50 5 1 100 0.75 10 1638 120 198 82 109 542 0 25
11 50 5 1 100 0.75 10 1639 130 209 88 120 542 0 34
11 50 5 1 100 0.75 10 1640 143 220 91 130 542 0 41
11 50 5 1 100 0.75 10 1641 154 231 102 143 541 0 52
11 50 5 1 100 0.75 10 1642 165 242 99 154 541 0 59
11 50 5 1 100 0.75 10 1643 175 253 115 165 540 0 67
11 50 5 1 100 0.75 10 1644 184 264 127 175 540 0 77
11 50 5 1 100 0.75 10 1645 198 275 142 184 540 0 83
11 50 5 1 100 0.75 10 1646 212 286 140 198 540 0 86
11 50 5 1 100 0.75 10 1647 221 297 145 212 540 0 94
11 50 5 1 100 0.75 10 1648 229 308 155 221 540 0 104
11 50 5 1 100 0.75 10 1649 242 319 156 229 540 0 111
11 50 5 1 100 0.75 10 1650 252 329 172 241 540 1 121
11 50 5 1 100 0.75 10 1651 266 338 153 249 542 3 129
11 50 5 1 100 0.75 10 1652 272 347 171 261 544 5 135
11 50 5 1 100 0.75 10 1653 289 354 181 263 548 9 140
11 50 5 1 100 0.75 10 1654 299 361 178 276 552 13 145
11 50 5 1 100 0.75 10 1655 310 364 179 278 560 21 146
11 50 5 1 100 0.75 10 1656 323 368 177 282 567 28 145
11 50 5 1 100 0.75 10 1657 333 368 179 284 578 39 143
11 50 5 1 100 0.75 10 1658 342 372 167 287 585 46 146
11 50 5 1 100 0.75 10 1659 351 373 172 286 595 56 144
11 50 5 1 100 0.75 10 1660 366 376 168 287 602 64 144
11 50 5 1 100 0.75 10 1661 377 379 168 294 610 72 148
11 50 5 1 100 0.75 10 1662 386 384 167 299 616 78 151
11 50 5 1 100 0.75 10 1663 395 387 179 302 624 86 149
11 50 5 1 100 0.75 10 1664 405 387 181 301 635 97 150
11 50 5 1 100 0.75 10 1665 412 389 174 306 644 106 150
11 50 5 1 100 0.75 10 1666 421 393 169 309 651 113 152
11 50 5 1 100 0.75 10 1667 431 394 153 309 661 123 150
11 50 5 1 100 0.75 10 1668 440 399 165 314 666 129 153
11 50 5 1 100 0.75 10 1669 447 399 154 317 677 140 151
11 50 5 1 100 0.75 10 1670 455 402 154 318 684 148 152
11 50 5 1 100 0.75 10 1671 461 403 168 321 694 158 151
11 50 5 1 100 0.75 10 1672 468 408 162 325 699 164 152
11 50 5 1 100 0.75 10 1673 472 414 167 331 704 169 155
11 50 5 1 100 0.75 10 1674 478 414 173 329 715 180 154
11 50 5 1 100 0.75 10 1675 482 417 171 331 723 188 154
11 50 5 1 100 0.75 10 1676 487 422 161 335 728 194 154
11 50 5 1 100 0.75 10 1677 490 424 160 341 736 203 154
11 50 5 1 100 0.75 10 1678 490 425 160 342 746 213 154
11 50 5 1 100 0.75 10 1679 494 424 147 337 758 225 145
11 50 5 1 100 0.75 10 1680 499 420 141 336 772 240 137
11 50 5 1 100 0.75 10 1681 501 422 160 337 781 249 133
11 50 5 1 100 0.75 10 1682 505 428 153 344 786 254 138
11 50 5 1 100 0.75 10 1683 509 431 140 348 794 262 136
11 50 5 1 100 0.75 10 1684 511 434 145 350 802 270 138
11 50 5 1 100 0.75 10 1685 515 437 164 352 810 278 135
11 50 5 1 100 0.75 10 1686 518 441 156 359 817 285 141
11 50 5 1 100 0.75 10 1687 520 443 168 359 826 294 141
11 50 5 1 100 0.75 10 1688 521 444 153 358 836 304 139
11 50 5 1 100 0.75 10 1689 523 447 156 361 844 312 137
11 50 5 1 100 0.75 10 1690 526 451 147 369 850 319 137
11 50 5 1 100 0.75 10 1691 529 455 149 371 857 326 140
11 50 5 1 100 0.75 10 1692 531 454 137 370 868 338 137
11 50 5 1 100 0.75 10 1693 533 456 151 374 877 347 138
11 50 5 1 100 0.75 10 1694 533 465 152 383 877 349 145
11 50 5 1 100 0.75 10 1695 534 468 153 386 885 357 147
11 50 5 1 100 0.75 10 1696 534 473 158 388 891 363 147
11 50 5 1 100 0.75 10 1697 535 474 158 389 900 373 147
11 50 5 1 100 0.75 10 1698 536 480 148 397 905 378 152
11 50 5 1 100 0.75 10 1699 538 485 149 401 911 384 154
11 50 5 1 100 0.75 10 1700 539 490 166 408 916 390 153
11 50 5 1 100 0.75 10 1701 541 496 170 414 920 395 156
11 50 5 1 100 0.75 10 1702 541 492 161 409 935 410 149
11 50 5 1 100 0.75 10 1703 542 489 174 407 949 424 143
11 50 5 1 100 0.75 10 1704 542 492 160 409 957 432 143
11 50 5 1 100 0.75 10 1705 543 493 164 408 967 442 140
11 50 5 1 100 0.75 10 1706 544 497 153 414 973 449 142
11 50 5 1 100 0.75 10 1707 544 501 139 418 979 456 141
11 50 5 1 100 0.75 10 1708 544 507 152 424 984 461 144
11 50 5 1 100 0.75 10 1709 544 510 154 426 992 469 142
11 50 5 1 100 0.75 10 1710 544 512 148 430 999 478 141
11 50 5 1 100 0.75 10 1711 544 513 149 429 1009 488 133
11 50 5 1 100 0.75 10 1712 544 517 148 434 1016 495 133
11 50 5 1 100 0.75 10 1713 544 521 158 437 1023 502 137
11 50 5 1 100 0.75 10 1714 544 520 158 440 1035 514 134
11 50 5 1 100 0.75 10 1715 544 521 147 438 1045 524 131
11 50 5 1 100 0.75 10 1716 544 525 146 441 1052 531 129
11 50 5 1 100 0.75 10 1717 544 531 146 450 1056 536 129
11 50 5 1 100 0.75 10 1718 544 533 155 449 1065 545 133
11 50 5 1 100 0.75 10 1719 544 534 136 450 1074 555 127
11 50 5 1 100 0.75 10 1720 544 538 145 456 1079 561 129
11 50 5 1 100 0.75 10 1721 544 534 152 455 1089 571 131
11 50 5 1 100 0.75 10 1722 544 537 138 461 1096 578 132
11 50 5 1 100 0.75 10 1723 544 533 134 463 1107 589 127
11 50 5 1 100 0.75 10 1724 544 535 135 460 1116 598 128
11 50 5 1 100 0.75 10 1725 544 540 139 468 1120 602 128
11 50 5 1 100 0.75 10 1726 544 537 146 475 1127 609 129
11 50 5 1 100 0.75 10 1727 544 538 118 477 1133 615 129
11 50 5 1 100 0.75 10 1728 544 540 134 481 1137 619 136
11 50 5 1 100 0.75 10 1729 544 535 129 485 1146 628 137
11 50 5 1 100 0.75 10 1730 544 532 119 478 1158 640 132
11 50 5 1 100 0.75 10 1731 544 540 129 485 1161 643 134
11 50 5 1 100 0.75 10 1732 544 536 133 487 1167 651 136
11 50 5 1 100 0.75 10 1733 544 535 147 483 1176 660 137
11 50 5 1 100 0.75 10 1734 544 539 126 484 1181 665 140
11 50 5 1 100 0.75 10 1735 544 539 145 487 1186 670 141
11 50 5 1 100 0.75 10 1736 544 535 125 483 1195 679 140
11 50 5 1 100 0.75 10 1737 544 537 131 480 1202 686 137
11 50 5 1 100 0.75 10 1738 544 529 122 477 1217 701 130
11 50 5 1 100 0.75 10 1739 544 537 155 482 1220 704 134
11 50 5 1 100 0.75 10 1740 544 536 118 479 1228 712 129
11 50 5 1 100 0.75 10 1741 544 539 130 481 1233 717 129
11 50 5 1 100 0.75 10 1742 544 537 102 482 1239 724 125
11 50 5 1 100 0.75 10 1743 544 537 118 479 1246 731 120
11 50 5 1 100 0.75 10 1744 544 535 121 479 1255 740 119
11 50 5 1 100 0.75 10 1745 544 538 124 481 1260 746 118
11 50 5 1 100 0.75 10 1746 544 536 122 481 1268 754 116
11 50 5 1 100 0.75 10 1747 544 529 110 477 1282 769 102
11 50 5 1 100 0.75 10 1748 544 534 109 478 1288 775 106
11 50 5 1 100 0.75 10 1749 544 534 104 473 1297 785 100
11 50 5 1 100 0.75 10 1750 544 534 117 468 1307 795 94
11 50 5 1 100 0.75 10 1751 544 540 113 472 1311 799 98
11 50 5 1 100 0.75 10 1752 544 536 106 473 1319 807 95
11 50 5 1 100 0.75 10 1753 544 538 115 474 1325 813 99
11 50 5 1 100 0.75 10 1754 544 535 103 474 1334 822 96
11 50 5 1 100 0.75 10 1755 544 538 125 473 1340 828 93
11 50 5 1 100 0.75 10 1756 544 538 89 479 1346 834 92
11 50 5 1 100 0.75 10 1757 544 541 108 487 1348 837 92
11 50 5 1 100 0.75 10 1758 544 539 100 491 1353 842 93
11 50 5 1 100 0.75 10 1759 544 541 114 494 1356 845 97
11 50 5 1 100 0.75 10 1760 544 534 110 490 1366 855 96
11 50 5 1 100 0.75 10 1761 544 543 97 498 1366 856 98
11 50 5 1 100 0.75 10 1762 544 540 105 504 1370 860 99
11 50 5 1 100 0.75 10 1763 544 540 112 506 1373 864 99
11 50 5 1 100 0.75 10 1764 544 536 106 504 1380 872 102
11 50 5 1 100 0.75 10 1765 544 540 94 503 1384 876 102
11 50 5 1 100 0.75 10 1766 544 538 106 504 1390 882 102
11 50 5 1 100 0.75 10 1767 544 535 96 497 1399 891 100
11 50 5 1 100 0.75 10 1768 544 539 105 496 1404 896 100
11 50 5 1 100 0.75 10 1769 544 536 104 496 1412 904 96
11 50 5 1 100 0.75 10 1770 544 540 101 494 1416 908 98
11 50 5 1 100 0.75 10 1770 544 540 540 494 1513 908 98
11 50 5 1 100 0.75 10 1800 544 540 540 494 544 908 98
