5 3 5 1 100 0.75 1 1 0 5 5 0 100 0 0
5 3 5 1 100 0.75 1 2 0 10 10 0 100 0 0
5 3 5 1 100 0.75 1 3 0 15 15 0 100 0 0
5 3 5 1 100 0.75 1 4 0 20 20 0 100 0 0
5 3 5 1 100 0.75 1 5 0 25 25 0 100 0 0
5 3 5 1 100 0.75 1 6 0 30 30 0 100 0 0
5 3 5 1 100 0.75 1 7 0 35 35 0 100 0 0
5 3 5 1 100 0.75 1 8 0 40 40 0 100 0 0
5 3 5 1 100 0.75 1 9 0 45 45 0 100 0 0
5 3 5 1 100 0.75 1 10 1 50 49 0 100 0 0
5 3 5 1 100 0.75 1 11 1 55 53 1 100 0 0
5 3 5 1 100 0.75 1 12 1 60 59 1 100 0 0
5 3 5 1 100 0.75 1 13 1 65 63 1 100 0 0
5 3 5 1 100 0.75 1 14 2 70 68 1 100 0 0
5 3 5 1 100 0.75 1 15 3 75 72 2 100 0 0
5 3 5 1 100 0.75 1 16 4 80 74 3 100 0 0
5 3 5 1 100 0.75 1 17 4 85 81 4 100 0 1
5 3 5 1 100 0.75 1 18 8 90 81 4 100 0 1
5 3 5 1 100 0.75 1 19 8 95 87 8 100 0 1
5 3 5 1 100 0.75 1 20 10 100 89 8 100 0 1
5 3 5 1 100 0.75 1 21 11 105 96 10 100 0 1
5 3 5 1 100 0.75 1 22 12 110 99 11 100 0 1
5 3 5 1 100 0.75 1 23 13 115 103 12 100 0 1
5 3 5 1 100 0.75 1 24 13 120 109 13 100 0 2
5 3 5 1 100 0.75 1 25 13 125 115 13 100 0 4
5 3 5 1 100 0.75 1 26 15 130 117 13 100 0 6
5 3 5 1 100 0.75 1 27 15 135 127 15 100 0 6
5 3 5 1 100 0.75 1 28 17 140 128 15 100 0 6
5 3 5 1 100 0.75 1 29 23 145 130 17 100 0 7
5 3 5 1 100 0.75 1 30 25 150 131 23 100 0 8
5 3 5 1 100 0.75 1 31 29 155 135 25 100 0 8
5 3 5 1 100 0.75 1 32 29 160 140 29 100 0 8
5 3 5 1 100 0.75 1 33 33 165 144 29 100 0 10
5 3 5 1 100 0.75 1 34 36 170 142 33 100 0 10
5 3 5 1 100 0.75 1 35 38 174 148 35 101 1 9
5 3 5 1 100 0.75 1 36 41 179 152 37 101 1 12
5 3 5 1 100 0.75 1 37 42 184 161 40 101 1 13
5 3 5 1 100 0.75 1 38 45 189 163 41 101 1 13
5 3 5 1 100 0.75 1 39 48 194 170 44 101 1 16
5 3 5 1 100 0.75 1 40 52 199 169 47 101 1 16
5 3 5 1 100 0.75 1 41 57 200 172 47 105 5 14
5 3 5 1 100 0.75 1 42 59 205 173 52 105 5 16
5 3 5 1 100 0.75 1 43 60 210 178 54 105 5 19
5 3 5 1 100 0.75 1 44 62 215 182 55 105 5 19
5 3 5 1 100 0.75 1 45 66 219 183 56 106 6 19
5 3 5 1 100 0.75 1 46 69 224 189 60 106 6 19
5 3 5 1 100 0.75 1 47 72 229 192 63 106 6 23
5 3 5 1 100 0.75 1 48 77 233 194 65 107 7 25
5 3 5 1 100 0.75 1 49 81 236 203 68 109 9 24
5 3 5 1 100 0.75 1 50 84 240 201 71 110 10 24
5 3 5 1 100 0.75 1 51 88 245 204 74 110 10 25
5 3 5 1 100 0.75 1 52 88 250 206 78 110 10 25
5 3 5 1 100 0.75 1 53 93 253 213 76 112 12 27
5 3 5 1 100 0.75 1 54 93 255 215 78 115 15 24
5 3 5 1 100 0.75 1 55 93 259 221 77 116 16 27
5 3 5 1 100 0.75 1 56 97 264 222 77 116 16 32
5 3 5 1 100 0.75 1 57 103 269 229 81 116 16 36
5 3 5 1 100 0.75 1 58 105 272 225 85 118 18 37
5 3 5 1 100 0.75 1 59 107 274 233 84 121 21 36
5 3 5 1 100 0.75 1 60 112 278 233 85 122 22 37
5 3 5 1 100 0.75 1 61 114 282 238 89 123 23 38
5 3 5 1 100 0.75 1 62 119 286 237 90 124 24 37
5 3 5 1 100 0.75 1 63 126 289 239 93 126 26 35
5 3 5 1 100 0.75 1 64 132 292 234 98 128 28 35
5 3 5 1 100 0.75 1 65 134 296 237 103 129 29 37
5 3 5 1 100 0.75 1 66 141 301 244 105 128 29 41
5 3 5 1 100 0.75 1 67 147 304 242 110 130 31 41
5 3 5 1 100 0.75 1 68 153 307 242 114 132 33 42
5 3 5 1 100 0.75 1 69 160 309 242 117 135 36 40
5 3 5 1 100 0.75 1 70 165 314 244 124 135 36 42
5 3 5 1 100 0.75 1 71 169 317 253 127 137 38 45
5 3 5 1 100 0.75 1 72 175 319 250 128 140 41 44
5 3 5 1 100 0.75 1 73 184 320 246 130 144 45 45
5 3 5 1 100 0.75 1 74 188 323 250 137 146 47 47
5 3 5 1 100 0.75 1 75 196 323 252 136 151 52 45
5 3 5 1 100 0.75 1 76 200 323 245 140 156 57 42
5 3 5 1 100 0.75 1 77 206 326 252 142 158 59 48
5 3 5 1 100 0.75 1 78 211 330 248 147 159 60 50
5 3 5 1 100 0.75 1 79 216 334 258 151 160 61 54
5 3 5 1 100 0.75 1 80 220 338 260 156 161 62 56
5 3 5 1 100 0.75 1 81 225 343 270 160 161 62 61
5 3 5 1 100 0.75 1 82 231 346 275 163 163 64 63
5 3 5 1 100 0.75 1 83 237 348 266 166 166 67 63
5 3 5 1 100 0.75 1 84 240 350 273 169 169 70 62
5 3 5 1 100 0.75 1 85 249 354 276 172 170 71 67
5 3 5 1 100 0.75 1 86 254 354 271 176 175 76 67
5 3 5 1 100 0.75 1 87 260 356 274 178 177 79 67
5 3 5 1 100 0.75 1 88 268 359 270 185 179 81 68
5 3 5 1 100 0.75 1 89 272 359 272 189 183 86 67
5 3 5 1 100 0.75 1 90 278 361 267 190 186 89 70
5 3 5 1 100 0.75 1 91 282 362 267 192 190 93 71
5 3 5 1 100 0.75 1 92 287 365 275 194 192 95 75
5 3 5 1 100 0.75 1 93 292 370 280 200 192 95 81
5 3 5 1 100 0.75 1 94 295 367 270 197 199 103 78
5 3 5 1 100 0.75 1 95 304 368 275 197 202 107 81
5 3 5 1 100 0.75 1 96 313 368 270 202 207 112 84
5 3 5 1 100 0.75 1 97 319 368 273 206 212 117 84
5 3 5 1 100 0.75 1 98 322 369 267 208 216 121 83
5 3 5 1 100 0.75 1 99 327 370 273 208 220 125 82
5 3 5 1 100 0.75 1 100 336 370 260 209 225 130 84
5 3 5 1 100 0.75 1 101 339 372 267 215 228 133 84
5 3 5 1 100 0.75 1 102 346 370 264 212 235 140 79
5 3 5 1 100 0.75 1 103 356 374 267 218 236 141 85
5 3 5 1 100 0.75 1 104 361 375 265 225 240 145 89
5 3 5 1 100 0.75 1 105 364 377 264 228 243 148 89
5 3 5 1 100 0.75 1 106 369 381 269 231 244 149 94
5 3 5 1 100 0.75 1 107 379 377 260 228 253 158 88
5 3 5 1 100 0.75 1 108 387 375 247 231 260 165 83
5 3 5 1 100 0.75 1 109 396 376 249 235 264 169 82
5 3 5 1 100 0.75 1 110 401 377 254 241 268 173 85
5 3 5 1 100 0.75 1 111 409 379 245 244 271 176 88
5 3 5 1 100 0.75 1 112 420 377 251 245 278 183 85
5 3 5 1 100 0.75 1 113 427 375 234 249 285 190 82
5 3 5 1 100 0.75 1 114 431 376 235 253 289 194 82
5 3 5 1 100 0.75 1 115 440 373 238 251 296 202 84
5 3 5 1 100 0.75 1 116 445 374 242 257 300 206 85
5 3 5 1 100 0.75 1 117 457 375 243 259 304 210 87
5 3 5 1 100 0.75 1 118 459 378 237 271 306 212 94
5 3 5 1 100 0.75 1 119 467 380 231 273 309 215 97
5 3 5 1 100 0.75 1 120 472 379 235 276 315 221 99
5 3 5 1 100 0.75 1 121 474 378 229 276 321 227 97
5 3 5 1 100 0.75 1 122 482 378 226 273 326 232 99
5 3 5 1 100 0.75 1 123 486 380 229 281 329 235 101
5 3 5 1 100 0.75 1 124 495 378 228 279 336 242 103
5 3 5 1 100 0.75 1 125 501 379 236 284 340 246 107
5 3 5 1 100 0.75 1 126 506 376 235 283 348 254 104
5 3 5 1 100 0.75 1 127 512 378 226 287 351 257 105
5 3 5 1 100 0.75 1 128 514 378 235 290 356 262 104
5 3 5 1 100 0.75 1 129 521 379 219 291 360 266 105
5 3 5 1 100 0.75 1 130 530 379 221 295 365 271 104
5 3 5 1 100 0.75 1 131 534 377 225 297 372 278 103
5 3 5 1 100 0.75 1 132 542 379 221 299 375 281 106
5 3 5 1 100 0.75 1 133 551 377 216 302 382 288 103
5 3 5 1 100 0.75 1 134 554 375 204 306 389 295 100
5 3 5 1 100 0.75 1 135 560 371 214 300 398 304 95
5 3 5 1 100 0.75 1 136 565 371 199 301 403 309 92
5 3 5 1 100 0.75 1 137 571 368 202 300 410 317 94
5 3 5 1 100 0.75 1 138 580 367 203 301 416 323 90
5 3 5 1 100 0.75 1 139 587 368 197 307 419 327 93
5 3 5 1 100 0.75 1 140 590 362 192 306 430 338 86
5 3 5 1 100 0.75 1 141 596 361 190 304 436 344 87
5 3 5 1 100 0.75 1 142 603 362 191 307 440 348 91
5 3 5 1 100 0.75 1 143 604 360 188 308 447 355 85
5 3 5 1 100 0.75 1 144 613 360 181 305 452 360 88
5 3 5 1 100 0.75 1 145 617 360 182 311 457 365 88
5 3 5 1 100 0.75 1 146 624 359 179 309 463 371 90
5 3 5 1 100 0.75 1 147 627 360 179 313 467 375 91
5 3 5 1 100 0.75 1 148 631 362 182 316 470 378 92
5 3 5 1 100 0.75 1 149 636 365 178 319 472 380 92
5 3 5 1 100 0.75 1 150 639 365 190 322 477 385 91
5 3 5 1 100 0.75 1 150 639 365 365 322 541 385 91
5 3 5 1 100 0.75 1 180 639 365 365 322 33 385 91
5 3 5 1 100 0.75 2 181 0 5 5 0 33 0 0
5 3 5 1 100 0.75 2 182 0 10 10 0 33 0 0
5 3 5 1 100 0.75 2 183 0 15 15 0 33 0 0
5 3 5 1 100 0.75 2 184 0 20 20 0 33 0 0
5 3 5 1 100 0.75 2 185 0 25 25 0 33 0 0
5 3 5 1 100 0.75 2 186 0 30 30 0 33 0 0
5 3 5 1 100 0.75 2 187 0 35 35 0 33 0 0
5 3 5 1 100 0.75 2 188 0 40 40 0 33 0 0
5 3 5 1 100 0.75 2 189 0 45 45 0 33 0 0
5 3 5 1 100 0.75 2 190 1 50 49 0 33 0 0
5 3 5 1 100 0.75 2 191 1 55 54 1 33 0 0
5 3 5 1 100 0.75 2 192 2 60 58 1 33 0 0
5 3 5 1 100 0.75 2 193 2 65 61 2 33 0 0
5 3 5 1 100 0.75 2 194 3 70 67 2 33 0 0
5 3 5 1 100 0.75 2 195 4 75 70 3 33 0 0
5 3 5 1 100 0.75 2 196 5 80 75 4 33 0 0
5 3 5 1 100 0.75 2 197 5 85 80 5 33 0 0
5 3 5 1 100 0.75 2 198 5 90 86 5 33 0 1
5 3 5 1 100 0.75 2 199 6 95 89 5 33 0 1
5 3 5 1 100 0.75 2 200 7 100 93 6 33 0 2
5 3 5 1 100 0.75 2 201 7 105 100 7 33 0 3
5 3 5 1 100 0.75 2 202 9 110 102 7 33 0 3
5 3 5 1 100 0.75 2 203 11 115 106 9 33 0 4
5 3 5 1 100 0.75 2 204 14 120 110 11 33 0 5
5 3 5 1 100 0.75 2 205 14 125 114 14 33 0 5
5 3 5 1 100 0.75 2 206 16 130 119 14 33 0 6
5 3 5 1 100 0.75 2 207 19 135 122 16 33 0 6
5 3 5 1 100 0.75 2 208 20 140 127 19 33 0 7
5 3 5 1 100 0.75 2 209 21 145 130 20 33 0 7
5 3 5 1 100 0.75 2 210 21 150 137 21 33 0 9
5 3 5 1 100 0.75 2 211 24 155 143 21 33 0 11
5 3 5 1 100 0.75 2 212 26 160 147 24 33 0 12
5 3 5 1 100 0.75 2 213 27 165 150 26 33 0 13
5 3 5 1 100 0.75 2 214 29 170 155 27 33 0 15
5 3 5 1 100 0.75 2 215 31 174 161 28 34 1 15
5 3 5 1 100 0.75 2 216 33 179 164 30 34 1 16
5 3 5 1 100 0.75 2 217 35 183 165 31 35 2 15
5 3 5 1 100 0.75 2 218 35 187 173 32 36 3 16
5 3 5 1 100 0.75 2 219 35 192 178 32 36 3 17
5 3 5 1 100 0.75 2 220 37 197 183 32 36 3 18
5 3 5 1 100 0.75 2 221 39 201 187 33 37 4 17
5 3 5 1 100 0.75 2 222 42 205 188 34 38 5 17
5 3 5 1 100 0.75 2 223 45 209 191 36 39 6 17
5 3 5 1 100 0.75 2 224 45 214 196 39 39 6 19
5 3 5 1 100 0.75 2 225 46 219 199 39 39 6 20
5 3 5 1 100 0.75 2 226 49 223 202 39 40 7 19
5 3 5 1 100 0.75 2 227 50 226 206 40 42 9 17
5 3 5 1 100 0.75 2 228 52 229 210 39 44 11 16
5 3 5 1 100 0.75 2 229 55 233 210 40 45 12 15
5 3 5 1 100 0.75 2 230 56 236 215 41 47 14 16
5 3 5 1 100 0.75 2 231 60 240 215 41 48 15 17
5 3 5 1 100 0.75 2 232 62 243 216 44 50 17 15
5 3 5 1 100 0.75 2 233 63 248 220 46 50 17 17
5 3 5 1 100 0.75 2 234 64 253 225 47 50 17 19
5 3 5 1 100 0.75 2 235 67 257 228 47 51 18 19
5 3 5 1 100 0.75 2 236 70 262 237 50 51 18 23
5 3 5 1 100 0.75 2 237 73 266 237 52 52 19 23
5 3 5 1 100 0.75 2 238 75 269 243 53 54 21 23
5 3 5 1 100 0.75 2 239 77 273 247 54 55 22 25
5 3 5 1 100 0.75 2 240 81 277 247 55 56 23 25
5 3 5 1 100 0.75 2 241 82 282 253 59 56 23 26
5 3 5 1 100 0.75 2 242 84 286 255 59 57 24 26
5 3 5 1 100 0.75 2 243 85 291 264 61 57 24 30
5 3 5 1 100 0.75 2 244 88 295 265 61 58 25 32
5 3 5 1 100 0.75 2 245 91 299 271 63 59 26 32
5 3 5 1 100 0.75 2 246 95 302 270 64 61 28 32
5 3 5 1 100 0.75 2 247 97 307 275 68 61 28 32
5 3 5 1 100 0.75 2 248 100 310 275 68 63 30 33
5 3 5 1 100 0.75 2 249 101 314 283 70 64 31 33
5 3 5 1 100 0.75 2 250 104 318 289 70 65 32 34
5 3 5 1 100 0.75 2 251 107 320 289 70 68 35 32
5 3 5 1 100 0.75 2 252 111 323 288 71 70 37 31
5 3 5 1 100 0.75 2 253 118 326 282 73 72 39 32
5 3 5 1 100 0.75 2 254 119 330 289 79 73 40 35
5 3 5 1 100 0.75 2 255 124 332 287 78 76 43 33
5 3 5 1 100 0.75 2 256 127 335 292 81 78 45 32
5 3 5 1 100 0.75 2 257 134 339 293 83 79 46 34
5 3 5 1 100 0.75 2 258 137 343 297 89 80 47 34
5 3 5 1 100 0.75 2 259 140 346 300 90 82 49 33
5 3 5 1 100 0.75 2 260 148 347 297 89 86 53 32
5 3 5 1 100 0.75 2 261 151 348 301 93 90 57 32
5 3 5 1 100 0.75 2 262 155 352 301 96 91 58 33
5 3 5 1 100 0.75 2 263 160 355 292 98 93 60 32
5 3 5 1 100 0.75 2 264 164 357 303 100 96 63 35
5 3 5 1 100 0.75 2 265 171 362 304 104 96 63 39
5 3 5 1 100 0.75 2 266 171 367 310 112 96 63 40
5 3 5 1 100 0.75 2 267 177 372 314 112 96 63 43
5 3 5 1 100 0.75 2 268 182 376 319 117 97 64 47
5 3 5 1 100 0.75 2 269 188 378 320 119 100 67 46
5 3 5 1 100 0.75 2 270 192 380 315 123 103 70 46
5 3 5 1 100 0.75 2 271 194 383 324 125 105 72 48
5 3 5 1 100 0.75 2 272 198 384 324 124 109 76 47
5 3 5 1 100 0.75 2 273 200 387 327 126 111 78 48
5 3 5 1 100 0.75 2 274 202 392 332 128 111 78 49
5 3 5 1 100 0.75 2 275 206 396 333 129 112 79 51
5 3 5 1 100 0.75 2 276 214 395 334 129 118 85 49
5 3 5 1 100 0.75 2 277 219 399 336 136 118 86 53
5 3 5 1 100 0.75 2 278 227 403 331 143 119 87 55
5 3 5 1 100 0.75 2 279 229 405 330 149 122 90 53
5 3 5 1 100 0.75 2 280 233 406 334 147 126 94 51
5 3 5 1 100 0.75 2 281 238 408 332 148 129 97 49
5 3 5 1 100 0.75 2 282 246 412 337 153 130 98 55
5 3 5 1 100 0.75 2 283 249 416 340 160 131 99 57
5 3 5 1 100 0.75 2 284 254 417 341 160 135 103 57
5 3 5 1 100 0.75 2 285 257 419 342 162 138 106 61
5 3 5 1 100 0.75 2 286 264 420 340 161 142 110 62
5 3 5 1 100 0.75 2 287 267 421 341 165 146 114 60
5 3 5 1 100 0.75 2 288 272 423 340 166 149 117 60
5 3 5 1 100 0.75 2 289 276 423 343 168 154 122 59
5 3 5 1 100 0.75 2 290 285 427 346 171 155 123 64
5 3 5 1 100 0.75 2 291 290 427 339 175 160 128 63
5 3 5 1 100 0.75 2 292 300 430 333 178 162 130 62
5 3 5 1 100 0.75 2 293 309 431 338 185 166 134 62
5 3 5 1 100 0.75 2 294 320 433 331 193 169 137 65
5 3 5 1 100 0.75 2 295 325 434 334 200 172 141 61
5 3 5 1 100 0.75 2 296 327 438 340 204 173 142 67
5 3 5 1 100 0.75 2 297 330 441 341 204 175 144 69
5 3 5 1 100 0.75 2 298 339 442 343 203 179 148 69
5 3 5 1 100 0.75 2 299 350 444 336 209 182 151 71
5 3 5 1 100 0.75 2 300 357 447 342 218 184 153 78
5 3 5 1 100 0.75 2 301 367 444 334 219 192 161 77
5 3 5 1 100 0.75 2 302 374 448 334 228 193 162 85
5 3 5 1 100 0.75 2 303 384 451 336 234 195 164 84
5 3 5 1 100 0.75 2 304 392 450 323 241 201 170 80
5 3 5 1 100 0.75 2 305 395 452 334 247 204 173 83
5 3 5 1 100 0.75 2 306 405 453 331 248 208 177 84
5 3 5 1 100 0.75 2 307 418 447 319 248 219 188 83
5 3 5 1 100 0.75 2 308 422 452 323 261 219 188 89
5 3 5 1 100 0.75 2 309 428 453 320 263 223 192 92
5 3 5 1 100 0.75 2 310 435 455 328 268 225 195 97
5 3 5 1 100 0.75 2 311 444 456 325 272 229 199 95
5 3 5 1 100 0.75 2 312 453 459 323 280 231 201 98
5 3 5 1 100 0.75 2 313 461 460 328 287 235 205 100
5 3 5 1 100 0.75 2 314 468 462 335 293 238 208 108
5 3 5 1 100 0.75 2 315 474 462 327 295 243 213 106
5 3 5 1 100 0.75 2 316 481 465 330 299 245 215 107
5 3 5 1 100 0.75 2 317 488 459 327 296 256 226 101
5 3 5 1 100 0.75 2 318 500 456 315 296 264 234 104
5 3 5 1 100 0.75 2 319 506 454 302 304 271 241 105
5 3 5 1 100 0.75 2 320 515 452 302 305 278 248 106
5 3 5 1 100 0.75 2 321 521 453 305 310 282 252 106
5 3 5 1 100 0.75 2 322 526 453 300 311 287 257 103
5 3 5 1 100 0.75 2 323 533 452 289 313 293 263 102
5 3 5 1 100 0.75 2 324 539 451 290 316 299 269 101
5 3 5 1 100 0.75 2 325 545 449 293 317 306 276 104
5 3 5 1 100 0.75 2 326 551 446 293 315 314 284 105
5 3 5 1 100 0.75 2 327 559 445 283 317 320 290 106
5 3 5 1 100 0.75 2 328 565 449 293 326 321 291 109
5 3 5 1 100 0.75 2 329 571 447 289 327 328 298 109
5 3 5 1 100 0.75 2 330 576 446 285 327 334 304 109
5 3 5 1 100 0.75 2 330 576 446 446 327 420 304 109
5 3 5 1 100 0.75 2 360 576 446 446 327 33 304 109
5 3 5 1 100 0.75 3 361 0 5 5 0 33 0 0
5 3 5 1 100 0.75 3 362 0 10 10 0 33 0 0
5 3 5 1 100 0.75 3 363 0 15 15 0 33 0 0
5 3 5 1 100 0.75 3 364 0 20 20 0 33 0 0
5 3 5 1 100 0.75 3 365 0 25 25 0 33 0 0
5 3 5 1 100 0.75 3 366 0 30 30 0 33 0 0
5 3 5 1 100 0.75 3 367 0 35 35 0 33 0 0
5 3 5 1 100 0.75 3 368 0 40 40 0 33 0 0
5 3 5 1 100 0.75 3 369 0 45 45 0 33 0 0
5 3 5 1 100 0.75 3 370 2 50 48 0 33 0 0
5 3 5 1 100 0.75 3 371 2 55 53 2 33 0 0
5 3 5 1 100 0.75 3 372 2 60 58 2 33 0 0
5 3 5 1 100 0.75 3 373 3 65 61 2 33 0 0
5 3 5 1 100 0.75 3 374 3 70 67 3 33 0 0
5 3 5 1 100 0.75 3 375 3 75 72 3 33 0 0
5 3 5 1 100 0.75 3 376 3 80 77 3 33 0 0
5 3 5 1 100 0.75 3 377 3 85 81 3 33 0 0
5 3 5 1 100 0.75 3 378 4 90 88 3 33 0 1
5 3 5 1 100 0.75 3 379 6 95 90 4 33 0 1
5 3 5 1 100 0.75 3 380 8 100 92 6 33 0 1
5 3 5 1 100 0.75 3 381 8 105 99 8 33 0 2
5 3 5 1 100 0.75 3 382 10 110 101 8 33 0 2
5 3 5 1 100 0.75 3 383 10 115 107 10 33 0 2
5 3 5 1 100 0.75 3 384 10 120 112 10 33 0 2
5 3 5 1 100 0.75 3 385 12 125 114 10 33 0 2
5 3 5 1 100 0.75 3 386 13 130 123 12 33 0 4
5 3 5 1 100 0.75 3 387 13 135 125 13 33 0 5
5 3 5 1 100 0.75 3 388 13 140 133 13 33 0 5
5 3 5 1 100 0.75 3 389 15 145 138 13 33 0 6
5 3 5 1 100 0.75 3 390 18 150 138 15 33 0 7
5 3 5 1 100 0.75 3 391 19 155 144 18 33 0 7
5 3 5 1 100 0.75 3 392 19 160 148 19 33 0 8
5 3 5 1 100 0.75 3 393 22 165 152 19 33 0 10
5 3 5 1 100 0.75 3 394 23 170 156 22 33 0 10
5 3 5 1 100 0.75 3 395 24 174 160 22 34 1 9
5 3 5 1 100 0.75 3 396 25 179 167 23 34 1 10
5 3 5 1 100 0.75 3 397 29 184 171 24 34 1 12
5 3 5 1 100 0.75 3 398 30 189 175 28 34 1 14
5 3 5 1 100 0.75 3 399 32 194 180 29 34 1 14
5 3 5 1 100 0.75 3 400 32 198 184 30 35 2 15
5 3 5 1 100 0.75 3 401 32 203 191 30 35 2 16
5 3 5 1 100 0.75 3 402 32 208 198 30 35 2 16
5 3 5 1 100 0.75 3 403 33 212 199 29 36 3 16
5 3 5 1 100 0.75 3 404 34 217 206 30 36 3 18
5 3 5 1 100 0.75 3 405 39 219 209 28 39 6 18
5 3 5 1 100 0.75 3 406 44 224 204 33 39 6 19
5 3 5 1 100 0.75 3 407 45 228 213 37 40 7 19
5 3 5 1 100 0.75 3 408 47 232 213 37 41 8 18
5 3 5 1 100 0.75 3 409 47 236 219 38 42 9 17
5 3 5 1 100 0.75 3 410 49 240 219 37 43 10 17
5 3 5 1 100 0.75 3 411 49 245 229 39 43 10 18
5 3 5 1 100 0.75 3 412 53 249 228 38 44 11 18
5 3 5 1 100 0.75 3 413 53 254 237 42 44 11 23
5 3 5 1 100 0.75 3 414 59 258 242 41 45 12 25
5 3 5 1 100 0.75 3 415 61 261 242 45 47 14 23
5 3 5 1 100 0.75 3 416 63 264 246 45 49 16 22
5 3 5 1 100 0.75 3 417 63 269 250 47 49 16 23
5 3 5 1 100 0.75 3 418 63 274 256 47 49 16 24
5 3 5 1 100 0.75 3 419 65 278 257 47 50 17 24
5 3 5 1 100 0.75 3 420 66 281 263 47 51 19 23
5 3 5 1 100 0.75 3 421 71 285 262 47 52 20 24
5 3 5 1 100 0.75 3 422 76 287 266 49 55 23 26
5 3 5 1 100 0.75 3 423 81 292 265 54 54 23 27
5 3 5 1 100 0.75 3 424 87 295 261 57 56 25 26
5 3 5 1 100 0.75 3 425 89 300 267 63 56 25 26
5 3 5 1 100 0.75 3 426 91 304 274 64 57 26 26
5 3 5 1 100 0.75 3 427 96 309 274 66 57 26 28
5 3 5 1 100 0.75 3 428 98 314 278 71 57 26 31
5 3 5 1 100 0.75 3 429 101 319 282 74 57 26 34
5 3 5 1 100 0.75 3 430 105 321 283 74 60 29 36
5 3 5 1 100 0.75 3 431 109 322 287 74 64 33 35
5 3 5 1 100 0.75 3 432 113 325 288 76 66 35 38
5 3 5 1 100 0.75 3 433 115 328 287 78 68 37 36
5 3 5 1 100 0.75 3 434 118 331 297 78 70 39 36
5 3 5 1 100 0.75 3 435 125 335 294 80 71 40 39
5 3 5 1 100 0.75 3 436 126 339 307 86 72 41 41
5 3 5 1 100 0.75 3 437 132 341 299 84 75 44 41
5 3 5 1 100 0.75 3 438 136 345 301 91 76 45 40
5 3 5 1 100 0.75 3 439 141 348 304 93 78 47 42
5 3 5 1 100 0.75 3 440 147 351 300 96 80 49 43
5 3 5 1 100 0.75 3 441 149 355 310 102 80 50 45
5 3 5 1 100 0.75 3 442 149 359 310 103 81 51 47
5 3 5 1 100 0.75 3 443 157 363 319 103 82 52 48
5 3 5 1 100 0.75 3 444 163 367 317 110 83 53 51
5 3 5 1 100 0.75 3 445 171 370 318 114 85 55 54
5 3 5 1 100 0.75 3 446 175 373 320 120 87 57 55
5 3 5 1 100 0.75 3 447 177 371 323 117 94 64 53
5 3 5 1 100 0.75 3 448 185 374 321 117 96 66 54
5 3 5 1 100 0.75 3 449 187 373 317 119 101 72 49
5 3 5 1 100 0.75 3 450 192 377 324 120 102 73 51
5 3 5 1 100 0.75 3 451 198 379 325 122 105 76 52
5 3 5 1 100 0.75 3 452 204 379 323 123 110 81 53
5 3 5 1 100 0.75 3 453 212 384 327 130 110 81 57
5 3 5 1 100 0.75 3 454 216 387 325 136 112 83 58
5 3 5 1 100 0.75 3 455 219 390 327 139 114 85 60
5 3 5 1 100 0.75 3 456 225 393 331 140 116 87 62
5 3 5 1 100 0.75 3 457 233 395 326 143 119 90 63
5 3 5 1 100 0.75 3 458 234 397 331 149 122 93 61
5 3 5 1 100 0.75 3 459 243 402 332 150 122 93 67
5 3 5 1 100 0.75 3 460 247 401 334 154 128 99 67
5 3 5 1 100 0.75 3 461 253 400 333 152 134 105 69
5 3 5 1 100 0.75 3 462 258 402 333 155 137 108 68
5 3 5 1 100 0.75 3 463 265 405 334 161 138 110 72
5 3 5 1 100 0.75 3 464 274 406 331 164 142 114 71
5 3 5 1 100 0.75 3 465 278 409 330 171 144 116 74
5 3 5 1 100 0.75 3 466 283 408 324 169 150 122 72
5 3 5 1 100 0.75 3 467 292 407 327 168 156 128 74
5 3 5 1 100 0.75 3 468 300 410 323 175 158 130 75
5 3 5 1 100 0.75 3 469 308 414 322 182 159 131 81
5 3 5 1 100 0.75 3 470 316 418 329 189 160 132 85
5 3 5 1 100 0.75 3 471 324 417 325 191 166 138 85
5 3 5 1 100 0.75 3 472 331 419 318 197 169 141 89
5 3 5 1 100 0.75 3 473 338 419 315 201 174 146 86
5 3 5 1 100 0.75 3 474 351 421 314 206 177 149 89
5 3 5 1 100 0.75 3 475 359 422 308 216 181 153 90
5 3 5 1 100 0.75 3 476 369 424 316 221 184 156 96
5 3 5 1 100 0.75 3 477 374 426 311 228 187 159 96
5 3 5 1 100 0.75 3 478 383 424 307 226 194 166 93
5 3 5 1 100 0.75 3 479 389 422 304 229 201 173 92
5 3 5 1 100 0.75 3 480 397 423 305 235 205 177 96
5 3 5 1 100 0.75 3 481 409 422 297 241 211 183 98
5 3 5 1 100 0.75 3 482 420 424 299 250 214 186 100
5 3 5 1 100 0.75 3 483 429 425 293 257 218 190 104
5 3 5 1 100 0.75 3 484 435 427 290 263 221 193 105
5 3 5 1 100 0.75 3 485 445 422 280 259 231 203 102
5 3 5 1 100 0.75 3 486 454 420 288 263 238 210 105
5 3 5 1 100 0.75 3 487 460 421 281 268 241 214 105
5 3 5 1 100 0.75 3 488 468 419 281 267 248 221 108
5 3 5 1 100 0.75 3 489 481 415 279 268 256 230 111
5 3 5 1 100 0.75 3 490 491 416 273 277 260 234 112
5 3 5 1 100 0.75 3 491 497 417 277 283 264 238 116
5 3 5 1 100 0.75 3 492 503 416 269 284 270 244 115
5 3 5 1 100 0.75 3 493 515 417 270 287 274 248 120
5 3 5 1 100 0.75 3 494 518 416 267 293 280 254 119
5 3 5 1 100 0.75 3 495 524 416 270 293 285 259 121
5 3 5 1 100 0.75 3 496 530 414 272 295 292 266 124
5 3 5 1 100 0.75 3 497 536 415 273 298 296 270 126
5 3 5 1 100 0.75 3 498 543 413 266 298 303 277 125
5 3 5 1 100 0.75 3 499 554 412 265 300 309 283 126
5 3 5 1 100 0.75 3 500 563 408 255 304 318 292 122
5 3 5 1 100 0.75 3 501 571 410 256 312 321 295 125
5 3 5 1 100 0.75 3 502 576 406 251 313 330 304 121
5 3 5 1 100 0.75 3 503 580 403 253 310 338 312 121
5 3 5 1 100 0.75 3 504 585 401 237 310 344 319 117
5 3 5 1 100 0.75 3 505 589 397 229 307 353 328 116
5 3 5 1 100 0.75 3 506 595 394 237 305 361 336 116
5 3 5 1 100 0.75 3 507 604 393 221 308 367 342 117
5 3 5 1 100 0.75 3 508 607 391 238 311 374 349 118
5 3 5 1 100 0.75 3 509 613 389 225 309 381 356 115
5 3 5 1 100 0.75 3 510 617 389 226 313 386 361 119
5 3 5 1 100 0.75 3 510 617 389 389 313 474 361 119
5 3 5 1 100 0.75 3 540 617 389 389 313 33 361 119
5 3 5 1 100 0.75 4 541 0 5 5 0 33 0 0
5 3 5 1 100 0.75 4 542 0 10 10 0 33 0 0
5 3 5 1 100 0.75 4 543 0 15 15 0 33 0 0
5 3 5 1 100 0.75 4 544 0 20 20 0 33 0 0
5 3 5 1 100 0.75 4 545 0 25 25 0 33 0 0
5 3 5 1 100 0.75 4 546 0 30 30 0 33 0 0
5 3 5 1 100 0.75 4 547 0 35 35 0 33 0 0
5 3 5 1 100 0.75 4 548 0 40 39 0 33 0 0
5 3 5 1 100 0.75 4 549 0 45 44 0 33 0 0
5 3 5 1 100 0.75 4 550 0 50 50 0 33 0 0
5 3 5 1 100 0.75 4 551 2 55 53 0 33 0 0
5 3 5 1 100 0.75 4 552 2 60 58 2 33 0 0
5 3 5 1 100 0.75 4 553 2 65 61 2 33 0 0
5 3 5 1 100 0.75 4 554 3 70 67 2 33 0 0
5 3 5 1 100 0.75 4 555 3 75 72 3 33 0 0
5 3 5 1 100 0.75 4 556 5 80 75 3 33 0 0
5 3 5 1 100 0.75 4 557 5 85 80 5 33 0 0
5 3 5 1 100 0.75 4 558 5 90 87 5 33 0 2
5 3 5 1 100 0.75 4 559 9 95 87 5 33 0 2
5 3 5 1 100 0.75 4 560 9 100 93 9 33 0 2
5 3 5 1 100 0.75 4 561 9 105 98 9 33 0 2
5 3 5 1 100 0.75 4 562 9 110 103 9 33 0 2
5 3 5 1 100 0.75 4 563 12 115 107 9 33 0 4
5 3 5 1 100 0.75 4 564 14 120 110 12 33 0 4
5 3 5 1 100 0.75 4 565 14 125 114 14 33 0 4
5 3 5 1 100 0.75 4 566 14 130 120 14 33 0 5
5 3 5 1 100 0.75 4 567 16 135 127 14 33 0 7
5 3 5 1 100 0.75 4 568 18 140 129 16 33 0 7
5 3 5 1 100 0.75 4 569 19 145 132 18 33 0 7
5 3 5 1 100 0.75 4 570 21 150 137 19 33 0 8
5 3 5 1 100 0.75 4 571 23 155 141 21 33 0 10
5 3 5 1 100 0.75 4 572 25 160 146 23 33 0 11
5 3 5 1 100 0.75 4 573 26 165 149 25 33 0 11
5 3 5 1 100 0.75 4 574 27 170 155 26 33 0 13
5 3 5 1 100 0.75 4 575 28 175 160 27 33 0 13
5 3 5 1 100 0.75 4 576 31 179 162 27 34 1 12
5 3 5 1 100 0.75 4 577 33 183 169 29 35 2 13
5 3 5 1 100 0.75 4 578 33 187 171 30 36 3 13
5 3 5 1 100 0.75 4 579 34 192 180 30 36 3 16
5 3 5 1 100 0.75 4 580 40 197 177 31 36 3 16
5 3 5 1 100 0.75 4 581 40 202 186 37 36 3 17
5 3 5 1 100 0.75 4 582 42 205 187 35 38 5 16
5 3 5 1 100 0.75 4 583 43 210 193 37 38 5 17
5 3 5 1 100 0.75 4 584 47 214 197 37 39 6 19
5 3 5 1 100 0.75 4 585 50 219 198 41 39 6 19
5 3 5 1 100 0.75 4 586 51 223 203 43 40 7 19
5 3 5 1 100 0.75 4 587 53 227 208 43 41 8 20
5 3 5 1 100 0.75 4 588 56 231 213 44 42 9 21
5 3 5 1 100 0.75 4 589 56 236 215 47 42 9 21
5 3 5 1 100 0.75 4 590 60 238 219 44 45 12 20
5 3 5 1 100 0.75 4 591 62 242 220 47 46 13 21
5 3 5 1 100 0.75 4 592 65 247 221 49 46 13 24
5 3 5 1 100 0.75 4 593 68 252 228 52 46 13 26
5 3 5 1 100 0.75 4 594 68 255 233 53 48 15 25
5 3 5 1 100 0.75 4 595 70 260 239 53 48 15 27
5 3 5 1 100 0.75 4 596 73 263 238 53 50 17 27
5 3 5 1 100 0.75 4 597 76 266 242 54 52 19 26
5 3 5 1 100 0.75 4 598 78 269 245 55 54 21 25
5 3 5 1 100 0.75 4 599 80 272 248 55 56 23 26
5 3 5 1 100 0.75 4 600 82 277 251 57 55 23 28
5 3 5 1 100 0.75 4 601 86 281 256 58 56 24 29
5 3 5 1 100 0.75 4 602 91 285 256 61 57 25 29
5 3 5 1 100 0.75 4 603 94 289 256 65 58 26 29
5 3 5 1 100 0.75 4 604 96 292 261 66 60 28 29
5 3 5 1 100 0.75 4 605 99 296 267 67 61 29 29
5 3 5 1 100 0.75 4 606 101 298 266 67 64 32 30
5 3 5 1 100 0.75 4 607 103 301 268 68 65 34 28
5 3 5 1 100 0.75 4 608 104 306 275 70 65 34 31
5 3 5 1 100 0.75 4 609 109 309 280 69 67 36 34
5 3 5 1 100 0.75 4 610 111 313 282 73 68 37 34
5 3 5 1 100 0.75 4 611 117 315 282 72 71 40 31
5 3 5 1 100 0.75 4 612 124 319 281 77 71 41 32
5 3 5 1 100 0.75 4 613 126 322 283 82 73 43 31
5 3 5 1 100 0.75 4 614 131 326 284 83 74 44 31
5 3 5 1 100 0.75 4 615 133 327 287 84 78 48 27
5 3 5 1 100 0.75 4 616 137 330 288 85 80 50 27
5 3 5 1 100 0.75 4 617 142 334 284 88 81 51 30
5 3 5 1 100 0.75 4 618 146 338 295 92 82 52 35
5 3 5 1 100 0.75 4 619 150 342 294 95 83 53 39
5 3 5 1 100 0.75 4 620 154 346 300 98 84 54 42
5 3 5 1 100 0.75 4 621 158 350 301 101 85 55 41
5 3 5 1 100 0.75 4 622 164 351 301 101 89 59 42
5 3 5 1 100 0.75 4 623 167 355 308 106 90 60 44
5 3 5 1 100 0.75 4 624 170 357 304 106 93 63 43
5 3 5 1 100 0.75 4 625 176 360 307 108 95 65 44
5 3 5 1 100 0.75 4 626 181 364 312 113 96 66 50
5 3 5 1 100 0.75 4 627 184 367 314 116 98 68 50
5 3 5 1 100 0.75 4 628 187 370 313 119 100 70 51
5 3 5 1 100 0.75 4 629 192 373 317 120 102 72 53
5 3 5 1 100 0.75 4 630 196 377 325 124 103 73 58
5 3 5 1 100 0.75 4 631 203 382 325 128 103 73 61
5 3 5 1 100 0.75 4 632 207 386 324 134 104 74 61
5 3 5 1 100 0.75 4 633 212 388 331 136 107 77 63
5 3 5 1 100 0.75 4 634 213 388 329 136 112 82 59
5 3 5 1 100 0.75 4 635 219 390 330 134 115 85 60
5 3 5 1 100 0.75 4 636 226 394 337 141 116 86 62
5 3 5 1 100 0.75 4 637 233 394 332 143 121 91 61
5 3 5 1 100 0.75 4 638 241 395 331 146 125 95 60
5 3 5 1 100 0.75 4 639 246 397 329 151 128 98 61
5 3 5 1 100 0.75 4 640 251 399 323 153 131 101 63
5 3 5 1 100 0.75 4 641 256 399 328 153 136 106 60
5 3 5 1 100 0.75 4 642 262 403 326 158 137 107 62
5 3 5 1 100 0.75 4 643 265 405 330 161 140 110 63
5 3 5 1 100 0.75 4 644 270 407 339 162 143 113 65
5 3 5 1 100 0.75 4 645 281 408 332 163 147 117 67
5 3 5 1 100 0.75 4 646 286 409 324 170 151 121 69
5 3 5 1 100 0.75 4 647 293 409 332 171 155 126 66
5 3 5 1 100 0.75 4 648 297 411 322 175 158 129 66
5 3 5 1 100 0.75 4 649 306 411 327 176 163 134 67
5 3 5 1 100 0.75 4 650 313 413 318 182 166 137 68
5 3 5 1 100 0.75 4 651 319 412 318 184 172 143 65
5 3 5 1 100 0.75 4 652 328 416 318 190 173 144 69
5 3 5 1 100 0.75 4 653 335 417 319 196 177 148 69
5 3 5 1 100 0.75 4 654 340 418 319 200 181 152 73
5 3 5 1 100 0.75 4 655 346 420 318 203 184 155 72
5 3 5 1 100 0.75 4 656 354 421 318 205 188 159 75
5 3 5 1 100 0.75 4 657 367 421 315 209 193 164 78
5 3 5 1 100 0.75 4 658 376 423 320 219 196 167 80
5 3 5 1 100 0.75 4 659 378 428 321 230 196 167 86
5 3 5 1 100 0.75 4 660 380 424 322 226 205 176 84
5 3 5 1 100 0.75 4 661 387 423 315 222 211 182 83
5 3 5 1 100 0.75 4 662 395 427 322 228 212 183 87
5 3 5 1 100 0.75 4 663 403 427 312 232 217 188 88
5 3 5 1 100 0.75 4 664 414 427 317 236 222 193 92
5 3 5 1 100 0.75 4 665 422 429 316 244 225 196 100
5 3 5 1 100 0.75 4 666 428 431 322 250 228 199 101
5 3 5 1 100 0.75 4 667 432 432 316 254 232 203 99
5 3 5 1 100 0.75 4 668 436 434 330 255 235 206 99
5 3 5 1 100 0.75 4 669 446 436 322 256 238 209 105
5 3 5 1 100 0.75 4 670 453 437 313 264 241 213 106
5 3 5 1 100 0.75 4 671 462 434 317 265 249 221 105
5 3 5 1 100 0.75 4 672 470 435 316 270 253 225 114
5 3 5 1 100 0.75 4 673 477 433 311 272 260 232 114
5 3 5 1 100 0.75 4 674 482 435 312 278 263 235 114
5 3 5 1 100 0.75 4 675 487 434 308 278 269 241 110
5 3 5 1 100 0.75 4 676 493 432 299 277 276 248 106
5 3 5 1 100 0.75 4 677 502 433 306 280 280 252 111
5 3 5 1 100 0.75 4 678 507 430 291 284 288 260 108
5 3 5 1 100 0.75 4 679 518 431 291 287 292 264 115
5 3 5 1 100 0.75 4 680 522 424 281 287 304 276 107
5 3 5 1 100 0.75 4 681 529 424 283 289 309 281 108
5 3 5 1 100 0.75 4 682 532 422 270 292 316 288 107
5 3 5 1 100 0.75 4 683 536 421 279 289 322 294 107
5 3 5 1 100 0.75 4 684 544 417 266 286 331 303 105
5 3 5 1 100 0.75 4 685 554 416 273 290 336 309 104
5 3 5 1 100 0.75 4 686 562 416 262 296 341 314 104
5 3 5 1 100 0.75 4 687 572 416 269 300 346 319 106
5 3 5 1 100 0.75 4 688 576 414 259 303 353 326 106
5 3 5 1 100 0.75 4 689 582 413 261 302 359 332 106
5 3 5 1 100 0.75 4 690 587 408 257 300 369 342 99
5 3 5 1 100 0.75 4 690 587 408 408 300 438 342 99
5 3 5 1 100 0.75 4 720 587 408 408 300 33 342 99
5 3 5 1 100 0.75 5 721 0 5 5 0 33 0 0
5 3 5 1 100 0.75 5 722 0 10 10 0 33 0 0
5 3 5 1 100 0.75 5 723 0 15 15 0 33 0 0
5 3 5 1 100 0.75 5 724 0 20 20 0 33 0 0
5 3 5 1 100 0.75 5 725 0 25 25 0 33 0 0
5 3 5 1 100 0.75 5 726 0 30 30 0 33 0 0
5 3 5 1 100 0.75 5 727 0 35 35 0 33 0 0
5 3 5 1 100 0.75 5 728 0 40 40 0 33 0 0
5 3 5 1 100 0.75 5 729 0 45 45 0 33 0 0
5 3 5 1 100 0.75 5 730 0 50 50 0 33 0 0
5 3 5 1 100 0.75 5 731 0 55 55 0 33 0 0
5 3 5 1 100 0.75 5 732 0 60 60 0 33 0 0
5 3 5 1 100 0.75 5 733 1 65 64 0 33 0 0
5 3 5 1 100 0.75 5 734 1 70 69 1 33 0 0
5 3 5 1 100 0.75 5 735 2 75 73 1 33 0 0
5 3 5 1 100 0.75 5 736 2 80 77 2 33 0 0
5 3 5 1 100 0.75 5 737 3 85 82 2 33 0 0
5 3 5 1 100 0.75 5 738 3 90 84 3 33 0 0
5 3 5 1 100 0.75 5 739 3 95 91 3 33 0 0
5 3 5 1 100 0.75 5 740 3 100 96 3 33 0 1
5 3 5 1 100 0.75 5 741 6 105 99 3 33 0 1
5 3 5 1 100 0.75 5 742 6 110 104 6 33 0 2
5 3 5 1 100 0.75 5 743 8 115 108 6 33 0 2
5 3 5 1 100 0.75 5 744 9 120 113 8 33 0 2
5 3 5 1 100 0.75 5 745 10 125 116 9 33 0 3
5 3 5 1 100 0.75 5 746 11 130 122 10 33 0 3
5 3 5 1 100 0.75 5 747 12 135 126 11 33 0 3
5 3 5 1 100 0.75 5 748 14 140 130 12 33 0 4
5 3 5 1 100 0.75 5 749 14 145 135 14 33 0 5
5 3 5 1 100 0.75 5 750 14 150 142 14 33 0 6
5 3 5 1 100 0.75 5 751 15 155 149 14 33 0 6
5 3 5 1 100 0.75 5 752 15 160 152 15 33 0 6
5 3 5 1 100 0.75 5 753 16 165 157 15 33 0 8
5 3 5 1 100 0.75 5 754 16 170 162 16 33 0 8
5 3 5 1 100 0.75 5 755 17 175 167 16 33 0 10
5 3 5 1 100 0.75 5 756 18 180 172 17 33 0 11
5 3 5 1 100 0.75 5 757 19 184 173 17 34 1 10
5 3 5 1 100 0.75 5 758 22 189 180 18 34 1 10
5 3 5 1 100 0.75 5 759 22 193 182 20 35 2 10
5 3 5 1 100 0.75 5 760 25 198 185 20 35 2 10
5 3 5 1 100 0.75 5 761 26 203 191 23 35 2 11
5 3 5 1 100 0.75 5 762 28 208 191 24 35 2 11
5 3 5 1 100 0.75 5 763 29 212 197 25 36 3 11
5 3 5 1 100 0.75 5 764 30 216 199 25 37 4 10
5 3 5 1 100 0.75 5 765 30 221 209 26 37 4 11
5 3 5 1 100 0.75 5 766 32 226 209 26 37 4 12
5 3 5 1 100 0.75 5 767 33 231 215 28 37 4 12
5 3 5 1 100 0.75 5 768 37 235 216 28 38 5 15
5 3 5 1 100 0.75 5 769 39 239 220 31 39 6 14
5 3 5 1 100 0.75 5 770 42 242 221 31 41 8 15
5 3 5 1 100 0.75 5 771 43 246 226 34 42 9 15
5 3 5 1 100 0.75 5 772 47 249 226 33 44 11 13
5 3 5 1 100 0.75 5 773 48 254 229 37 44 11 13
5 3 5 1 100 0.75 5 774 50 259 235 39 44 11 14
5 3 5 1 100 0.75 5 775 52 264 240 41 44 11 16
5 3 5 1 100 0.75 5 776 54 269 245 43 44 11 19
5 3 5 1 100 0.75 5 777 55 273 252 44 45 12 22
5 3 5 1 100 0.75 5 778 56 277 254 44 46 13 23
5 3 5 1 100 0.75 5 779 57 282 261 45 46 13 25
5 3 5 1 100 0.75 5 780 58 287 267 46 45 13 26
5 3 5 1 100 0.75 5 781 61 291 268 46 46 14 27
5 3 5 1 100 0.75 5 782 64 296 275 49 46 14 28
5 3 5 1 100 0.75 5 783 66 300 280 51 47 15 28
5 3 5 1 100 0.75 5 784 72 305 278 53 47 15 29
5 3 5 1 100 0.75 5 785 74 310 280 59 47 15 29
5 3 5 1 100 0.75 5 786 76 314 287 60 48 16 30
5 3 5 1 100 0.75 5 787 79 315 282 58 52 20 26
5 3 5 1 100 0.75 5 788 80 318 286 59 54 22 25
5 3 5 1 100 0.75 5 789 80 322 292 59 55 23 26
5 3 5 1 100 0.75 5 790 84 325 294 57 57 25 27
5 3 5 1 100 0.75 5 791 87 329 297 60 58 26 28
5 3 5 1 100 0.75 5 792 94 332 301 61 60 28 30
5 3 5 1 100 0.75 5 793 95 337 309 68 60 28 31
5 3 5 1 100 0.75 5 794 98 340 310 67 62 30 33
5 3 5 1 100 0.75 5 795 100 343 310 69 64 32 32
5 3 5 1 100 0.75 5 796 102 344 308 67 68 36 29
5 3 5 1 100 0.75 5 797 105 347 311 68 70 38 28
5 3 5 1 100 0.75 5 798 111 351 313 70 71 39 29
5 3 5 1 100 0.75 5 799 114 354 317 74 73 41 33
5 3 5 1 100 0.75 5 800 118 357 318 75 75 43 32
5 3 5 1 100 0.75 5 801 121 360 322 77 77 45 32
5 3 5 1 100 0.75 5 802 122 364 325 79 78 46 34
5 3 5 1 100 0.75 5 803 124 369 332 80 78 46 36
5 3 5 1 100 0.75 5 804 127 373 330 82 79 47 36
5 3 5 1 100 0.75 5 805 132 377 337 84 80 48 38
5 3 5 1 100 0.75 5 806 135 381 340 88 81 49 40
5 3 5 1 100 0.75 5 807 138 385 342 92 82 50 43
5 3 5 1 100 0.75 5 808 141 388 340 93 84 52 42
5 3 5 1 100 0.75 5 809 150 389 339 92 88 56 41
5 3 5 1 100 0.75 5 810 157 390 335 97 92 60 40
5 3 5 1 100 0.75 5 811 161 393 337 102 94 62 38
5 3 5 1 100 0.75 5 812 167 397 339 105 95 63 39
5 3 5 1 100 0.75 5 813 172 399 344 108 98 66 38
5 3 5 1 100 0.75 5 814 178 403 340 112 99 67 41
5 3 5 1 100 0.75 5 815 182 406 345 118 101 69 41
5 3 5 1 100 0.75 5 816 184 409 348 120 103 71 42
5 3 5 1 100 0.75 5 817 192 411 352 120 106 74 45
5 3 5 1 100 0.75 5 818 197 415 355 128 107 75 51
5 3 5 1 100 0.75 5 819 203 416 350 129 111 79 51
5 3 5 1 100 0.75 5 820 209 419 352 133 113 81 54
5 3 5 1 100 0.75 5 821 213 422 360 137 115 83 55
5 3 5 1 100 0.75 5 822 218 424 361 138 118 86 56
5 3 5 1 100 0.75 5 823 223 427 360 142 120 88 57
5 3 5 1 100 0.75 5 824 230 427 362 142 125 93 57
5 3 5 1 100 0.75 5 825 232 430 361 147 127 95 61
5 3 5 1 100 0.75 5 826 235 435 373 150 127 95 66
5 3 5 1 100 0.75 5 827 239 435 369 148 132 100 66
5 3 5 1 100 0.75 5 828 244 440 367 152 132 100 69
5 3 5 1 100 0.75 5 829 250 443 371 155 134 102 74
5 3 5 1 100 0.75 5 830 255 445 374 158 137 105 73
5 3 5 1 100 0.75 5 831 263 448 378 161 139 107 75
5 3 5 1 100 0.75 5 832 269 446 378 163 146 114 72
5 3 5 1 100 0.75 5 833 277 449 367 169 148 116 73
5 3 5 1 100 0.75 5 834 282 450 368 173 152 120 71
5 3 5 1 100 0.75 5 835 290 453 366 176 154 122 72
5 3 5 1 100 0.75 5 836 295 450 363 176 161 130 67
5 3 5 1 100 0.75 5 837 302 453 364 180 163 132 72
5 3 5 1 100 0.75 5 838 311 454 359 187 167 136 71
5 3 5 1 100 0.75 5 839 318 457 359 194 169 138 76
5 3 5 1 100 0.75 5 840 325 459 363 200 172 141 81
5 3 5 1 100 0.75 5 841 332 461 358 205 175 144 83
5 3 5 1 100 0.75 5 842 345 460 361 206 181 150 84
5 3 5 1 100 0.75 5 843 352 458 353 212 187 157 84
5 3 5 1 100 0.75 5 844 357 456 352 212 194 164 82
5 3 5 1 100 0.75 5 845 369 457 354 213 198 168 88
5 3 5 1 100 0.75 5 846 375 459 352 223 201 171 93
5 3 5 1 100 0.75 5 847 381 457 352 222 208 178 89
5 3 5 1 100 0.75 5 848 389 459 346 225 211 181 92
5 3 5 1 100 0.75 5 849 394 460 345 229 214 185 98
5 3 5 1 100 0.75 5 850 406 464 353 235 215 186 107
5 3 5 1 100 0.75 5 851 409 466 353 246 218 189 109
5 3 5 1 100 0.75 5 852 416 468 360 246 221 192 111
5 3 5 1 100 0.75 5 853 426 468 346 250 226 197 113
5 3 5 1 100 0.75 5 854 434 470 347 258 228 200 112
5 3 5 1 100 0.75 5 855 437 468 347 262 235 207 111
5 3 5 1 100 0.75 5 856 446 469 347 263 239 211 118
5 3 5 1 100 0.75 5 857 459 467 338 266 246 218 118
5 3 5 1 100 0.75 5 858 465 460 331 267 258 230 110
5 3 5 1 100 0.75 5 859 470 460 328 272 263 235 107
5 3 5 1 100 0.75 5 860 480 460 329 274 267 240 111
5 3 5 1 100 0.75 5 861 489 457 319 278 275 248 111
5 3 5 1 100 0.75 5 862 495 459 320 285 278 251 117
5 3 5 1 100 0.75 5 863 501 459 311 286 282 256 117
5 3 5 1 100 0.75 5 864 513 455 324 283 291 265 114
5 3 5 1 100 0.75 5 865 526 452 310 289 299 273 114
5 3 5 1 100 0.75 5 866 533 453 310 298 303 277 118
5 3 5 1 100 0.75 5 867 544 450 303 299 311 285 117
5 3 5 1 100 0.75 5 868 550 445 294 300 321 295 111
5 3 5 1 100 0.75 5 869 560 443 293 300 328 302 111
5 3 5 1 100 0.75 5 870 566 445 290 308 331 305 114
5 3 5 1 100 0.75 5 870 566 445 445 308 422 305 114
5 3 5 1 100 0.75 5 900 566 445 445 308 33 305 114
5 3 5 1 100 0.75 6 901 0 5 5 0 33 0 0
5 3 5 1 100 0.75 6 902 0 10 10 0 33 0 0
5 3 5 1 100 0.75 6 903 0 15 15 0 33 0 0
5 3 5 1 100 0.75 6 904 0 20 20 0 33 0 0
5 3 5 1 100 0.75 6 905 0 25 25 0 33 0 0
5 3 5 1 100 0.75 6 906 0 30 30 0 33 0 0
5 3 5 1 100 0.75 6 907 0 35 35 0 33 0 0
5 3 5 1 100 0.75 6 908 0 40 40 0 33 0 0
5 3 5 1 100 0.75 6 909 0 45 45 0 33 0 0
5 3 5 1 100 0.75 6 910 0 50 50 0 33 0 0
5 3 5 1 100 0.75 6 911 0 55 54 0 33 0 0
5 3 5 1 100 0.75 6 912 0 60 60 0 33 0 0
5 3 5 1 100 0.75 6 913 0 65 63 0 33 0 0
5 3 5 1 100 0.75 6 914 0 70 69 0 33 0 0
5 3 5 1 100 0.75 6 915 3 75 71 0 33 0 0
5 3 5 1 100 0.75 6 916 3 80 76 3 33 0 0
5 3 5 1 100 0.75 6 917 5 85 79 3 33 0 0
5 3 5 1 100 0.75 6 918 6 90 84 5 33 0 0
5 3 5 1 100 0.75 6 919 6 95 89 6 33 0 0
5 3 5 1 100 0.75 6 920 6 100 93 6 33 0 0
5 3 5 1 100 0.75 6 921 8 105 97 6 33 0 0
5 3 5 1 100 0.75 6 922 8 110 103 8 33 0 1
5 3 5 1 100 0.75 6 923 8 115 109 8 33 0 3
5 3 5 1 100 0.75 6 924 9 120 115 8 33 0 3
5 3 5 1 100 0.75 6 925 9 125 121 9 33 0 4
5 3 5 1 100 0.75 6 926 10 130 125 9 33 0 4
5 3 5 1 100 0.75 6 927 12 135 128 10 33 0 4
5 3 5 1 100 0.75 6 928 15 140 130 12 33 0 4
5 3 5 1 100 0.75 6 929 15 145 137 15 33 0 5
5 3 5 1 100 0.75 6 930 16 150 139 15 33 0 5
5 3 5 1 100 0.75 6 931 17 155 141 16 33 0 5
5 3 5 1 100 0.75 6 932 18 160 146 17 33 0 6
5 3 5 1 100 0.75 6 933 18 165 152 18 33 0 7
5 3 5 1 100 0.75 6 934 20 170 159 18 33 0 7
5 3 5 1 100 0.75 6 935 22 175 165 20 33 0 10
5 3 5 1 100 0.75 6 936 24 180 168 22 33 0 11
5 3 5 1 100 0.75 6 937 26 185 172 24 33 0 11
5 3 5 1 100 0.75 6 938 26 189 176 25 34 1 12
5 3 5 1 100 0.75 6 939 27 194 182 25 34 1 12
5 3 5 1 100 0.75 6 940 30 197 181 24 36 3 11
5 3 5 1 100 0.75 6 941 31 201 185 26 37 4 12
5 3 5 1 100 0.75 6 942 32 206 192 27 37 4 13
5 3 5 1 100 0.75 6 943 34 211 196 28 37 4 14
5 3 5 1 100 0.75 6 944 35 216 204 30 37 4 15
5 3 5 1 100 0.75 6 945 37 221 205 31 37 4 15
5 3 5 1 100 0.75 6 946 39 226 210 33 37 4 15
5 3 5 1 100 0.75 6 947 39 231 214 35 37 4 17
5 3 5 1 100 0.75 6 948 41 236 219 35 37 4 18
5 3 5 1 100 0.75 6 949 43 240 221 36 38 5 18
5 3 5 1 100 0.75 6 950 44 245 227 38 38 5 19
5 3 5 1 100 0.75 6 951 45 247 229 36 41 8 17
5 3 5 1 100 0.75 6 952 46 251 232 36 42 9 17
5 3 5 1 100 0.75 6 953 49 255 233 36 43 10 19
5 3 5 1 100 0.75 6 954 50 259 241 38 44 11 19
5 3 5 1 100 0.75 6 955 50 264 248 39 43 11 20
5 3 5 1 100 0.75 6 956 51 267 251 37 45 13 19
5 3 5 1 100 0.75 6 957 55 271 252 37 46 14 20
5 3 5 1 100 0.75 6 958 58 274 254 39 48 16 18
5 3 5 1 100 0.75 6 959 61 278 255 41 49 17 18
5 3 5 1 100 0.75 6 960 64 283 258 44 49 17 20
5 3 5 1 100 0.75 6 961 67 288 263 47 49 17 23
5 3 5 1 100 0.75 6 962 69 292 267 49 50 18 22
5 3 5 1 100 0.75 6 963 73 296 268 50 51 19 21
5 3 5 1 100 0.75 6 964 76 300 270 53 52 20 21
5 3 5 1 100 0.75 6 965 77 302 276 53 55 23 21
5 3 5 1 100 0.75 6 966 79 307 282 54 55 23 23
5 3 5 1 100 0.75 6 967 83 311 285 55 56 24 24
5 3 5 1 100 0.75 6 968 86 314 286 57 58 26 23
5 3 5 1 100 0.75 6 969 89 319 289 60 58 26 26
5 3 5 1 100 0.75 6 970 91 323 295 62 59 27 28
5 3 5 1 100 0.75 6 971 93 327 299 63 60 28 29
5 3 5 1 100 0.75 6 972 95 332 308 65 60 28 31
5 3 5 1 100 0.75 6 973 97 335 306 65 62 30 29
5 3 5 1 100 0.75 6 974 98 339 313 66 63 31 30
5 3 5 1 100 0.75 6 975 102 343 320 66 64 32 33
5 3 5 1 100 0.75 6 976 105 347 322 69 65 33 34
5 3 5 1 100 0.75 6 977 107 349 320 69 68 36 33
5 3 5 1 100 0.75 6 978 108 354 326 73 68 36 35
5 3 5 1 100 0.75 6 979 112 358 326 74 69 37 36
5 3 5 1 100 0.75 6 980 115 361 331 77 71 39 35
5 3 5 1 100 0.75 6 981 123 364 324 79 73 41 33
5 3 5 1 100 0.75 6 982 126 367 328 85 75 43 32
5 3 5 1 100 0.75 6 983 130 369 327 85 78 46 35
5 3 5 1 100 0.75 6 984 135 372 327 88 80 48 34
5 3 5 1 100 0.75 6 985 139 375 327 91 82 50 34
5 3 5 1 100 0.75 6 986 142 378 330 93 84 52 36
5 3 5 1 100 0.75 6 987 145 381 340 94 85 54 39
5 3 5 1 100 0.75 6 988 149 384 337 95 87 56 39
5 3 5 1 100 0.75 6 989 154 387 344 97 89 58 42
5 3 5 1 100 0.75 6 990 157 390 344 100 91 60 44
5 3 5 1 100 0.75 6 991 164 395 346 104 91 60 49
5 3 5 1 100 0.75 6 992 169 398 352 110 93 62 51
5 3 5 1 100 0.75 6 993 177 399 349 111 97 66 51
5 3 5 1 100 0.75 6 994 179 402 348 117 99 68 49
5 3 5 1 100 0.75 6 995 184 405 353 118 101 70 51
5 3 5 1 100 0.75 6 996 187 408 347 122 103 72 52
5 3 5 1 100 0.75 6 997 196 413 352 125 103 72 58
5 3 5 1 100 0.75 6 998 202 416 355 132 105 74 63
5 3 5 1 100 0.75 6 999 206 416 355 133 110 79 63
5 3 5 1 100 0.75 6 1000 214 419 359 135 112 81 66
5 3 5 1 100 0.75 6 1001 220 422 359 142 114 83 67
5 3 5 1 100 0.75 6 1002 226 426 359 147 115 84 70
5 3 5 1 100 0.75 6 1003 232 428 357 150 118 87 72
5 3 5 1 100 0.75 6 1004 237 429 366 152 122 91 72
5 3 5 1 100 0.75 6 1005 246 431 361 154 125 94 73
5 3 5 1 100 0.75 6 1006 252 432 362 159 129 98 75
5 3 5 1 100 0.75 6 1007 259 433 358 161 133 102 74
5 3 5 1 100 0.75 6 1008 263 436 363 166 135 104 77
5 3 5 1 100 0.75 6 1009 271 435 366 164 141 110 78
5 3 5 1 100 0.75 6 1010 274 439 365 171 142 111 80
5 3 5 1 100 0.75 6 1011 280 439 361 170 147 116 81
5 3 5 1 100 0.75 6 1012 285 444 366 179 147 116 85
5 3 5 1 100 0.75 6 1013 295 446 364 181 150 119 87
5 3 5 1 100 0.75 6 1014 302 446 363 186 155 124 87
5 3 5 1 100 0.75 6 1015 306 443 358 185 163 132 83
5 3 5 1 100 0.75 6 1016 318 442 356 185 168 138 81
5 3 5 1 100 0.75 6 1017 327 446 351 198 169 139 86
5 3 5 1 100 0.75 6 1018 331 447 355 204 173 143 88
5 3 5 1 100 0.75 6 1019 339 447 359 203 178 148 89
5 3 5 1 100 0.75 6 1020 354 447 351 206 182 153 91
5 3 5 1 100 0.75 6 1021 360 444 341 214 190 161 90
5 3 5 1 100 0.75 6 1022 367 447 344 221 192 163 91
5 3 5 1 100 0.75 6 1023 376 447 344 223 197 168 92
5 3 5 1 100 0.75 6 1024 387 445 335 227 204 175 94
5 3 5 1 100 0.75 6 1025 394 446 338 234 208 179 97
5 3 5 1 100 0.75 6 1026 404 445 330 235 214 185 95
5 3 5 1 100 0.75 6 1027 413 446 331 242 218 189 100
5 3 5 1 100 0.75 6 1028 424 447 330 248 221 193 106
5 3 5 1 100 0.75 6 1029 430 448 316 257 225 197 108
5 3 5 1 100 0.75 6 1030 438 449 318 263 229 201 109
5 3 5 1 100 0.75 6 1031 445 448 326 265 235 207 109
5 3 5 1 100 0.75 6 1032 458 450 317 270 238 210 114
5 3 5 1 100 0.75 6 1033 468 449 306 280 244 216 114
5 3 5 1 100 0.75 6 1034 480 448 307 285 249 222 121
5 3 5 1 100 0.75 6 1035 487 445 306 290 257 230 123
5 3 5 1 100 0.75 6 1036 503 446 307 293 261 234 128
5 3 5 1 100 0.75 6 1037 513 445 289 303 267 240 128
5 3 5 1 100 0.75 6 1038 518 445 299 310 272 245 130
5 3 5 1 100 0.75 6 1039 526 445 290 310 277 250 132
5 3 5 1 100 0.75 6 1040 533 442 301 312 285 258 134
5 3 5 1 100 0.75 6 1041 537 442 295 317 290 263 137
5 3 5 1 100 0.75 6 1042 543 439 295 314 297 271 137
5 3 5 1 100 0.75 6 1043 553 433 286 311 308 282 136
5 3 5 1 100 0.75 6 1044 559 430 277 315 316 290 134
5 3 5 1 100 0.75 6 1045 567 430 279 318 321 295 137
5 3 5 1 100 0.75 6 1046 570 427 263 320 329 303 135
5 3 5 1 100 0.75 6 1047 579 426 264 318 335 309 137
5 3 5 1 100 0.75 6 1048 587 422 261 318 344 318 136
5 3 5 1 100 0.75 6 1049 593 425 259 326 346 320 138
5 3 5 1 100 0.75 6 1050 599 423 254 326 353 327 140
5 3 5 1 100 0.75 6 1050 599 423 423 326 469 327 140
5 3 5 1 100 0.75 6 1080 599 423 423 326 33 327 140
5 3 5 1 100 0.75 7 1081 0 5 5 0 33 0 0
5 3 5 1 100 0.75 7 1082 0 10 10 0 33 0 0
5 3 5 1 100 0.75 7 1083 0 15 15 0 33 0 0
5 3 5 1 100 0.75 7 1084 0 20 20 0 33 0 0
5 3 5 1 100 0.75 7 1085 0 25 25 0 33 0 0
5 3 5 1 100 0.75 7 1086 0 30 30 0 33 0 0
5 3 5 1 100 0.75 7 1087 0 35 35 0 33 0 0
5 3 5 1 100 0.75 7 1088 0 40 40 0 33 0 0
5 3 5 1 100 0.75 7 1089 0 45 45 0 33 0 0
5 3 5 1 100 0.75 7 1090 0 50 49 0 33 0 0
5 3 5 1 100 0.75 7 1091 0 55 55 0 33 0 0
5 3 5 1 100 0.75 7 1092 0 60 60 0 33 0 0
5 3 5 1 100 0.75 7 1093 1 65 64 0 33 0 0
5 3 5 1 100 0.75 7 1094 2 70 68 1 33 0 0
5 3 5 1 100 0.75 7 1095 2 75 73 2 33 0 0
5 3 5 1 100 0.75 7 1096 3 80 77 2 33 0 0
5 3 5 1 100 0.75 7 1097 3 85 81 3 33 0 0
5 3 5 1 100 0.75 7 1098 3 90 85 3 33 0 0
5 3 5 1 100 0.75 7 1099 4 95 90 3 33 0 0
5 3 5 1 100 0.75 7 1100 5 100 95 4 33 0 0
5 3 5 1 100 0.75 7 1101 5 105 102 5 33 0 2
5 3 5 1 100 0.75 7 1102 6 110 105 5 33 0 2
5 3 5 1 100 0.75 7 1103 8 115 107 6 33 0 3
5 3 5 1 100 0.75 7 1104 10 120 112 8 33 0 3
5 3 5 1 100 0.75 7 1105 12 125 115 10 33 0 3
5 3 5 1 100 0.75 7 1106 14 130 120 12 33 0 3
5 3 5 1 100 0.75 7 1107 15 135 121 14 33 0 3
5 3 5 1 100 0.75 7 1108 16 140 127 15 33 0 4
5 3 5 1 100 0.75 7 1109 19 145 130 16 33 0 5
5 3 5 1 100 0.75 7 1110 19 150 134 19 33 0 5
5 3 5 1 100 0.75 7 1111 20 155 144 19 33 0 7
5 3 5 1 100 0.75 7 1112 22 160 147 20 33 0 9
5 3 5 1 100 0.75 7 1113 24 165 151 22 33 0 11
5 3 5 1 100 0.75 7 1114 25 170 157 24 33 0 12
5 3 5 1 100 0.75 7 1115 27 175 160 25 33 0 12
5 3 5 1 100 0.75 7 1116 29 180 166 27 33 0 16
5 3 5 1 100 0.75 7 1117 29 185 172 29 33 0 16
5 3 5 1 100 0.75 7 1118 32 189 173 28 34 1 15
5 3 5 1 100 0.75 7 1119 33 194 179 31 34 1 17
5 3 5 1 100 0.75 7 1120 34 198 182 31 35 2 18
5 3 5 1 100 0.75 7 1121 36 202 186 31 36 3 18
5 3 5 1 100 0.75 7 1122 38 207 189 33 36 3 18
5 3 5 1 100 0.75 7 1123 40 212 195 35 36 3 22
5 3 5 1 100 0.75 7 1124 42 217 200 37 36 3 22
5 3 5 1 100 0.75 7 1125 43 222 207 39 36 3 23
5 3 5 1 100 0.75 7 1126 46 227 208 40 36 3 24
5 3 5 1 100 0.75 7 1127 48 229 208 40 39 6 22
5 3 5 1 100 0.75 7 1128 50 233 216 41 40 7 23
5 3 5 1 100 0.75 7 1129 51 238 222 43 40 7 26
5 3 5 1 100 0.75 7 1130 53 242 224 43 41 8 26
5 3 5 1 100 0.75 7 1131 57 245 227 43 43 10 27
5 3 5 1 100 0.75 7 1132 58 246 226 43 47 14 24
5 3 5 1 100 0.75 7 1133 60 250 231 43 48 15 23
5 3 5 1 100 0.75 7 1134 61 255 234 45 48 15 25
5 3 5 1 100 0.75 7 1135 62 259 242 45 49 16 26
5 3 5 1 100 0.75 7 1136 66 262 239 44 51 18 27
5 3 5 1 100 0.75 7 1137 68 265 246 46 53 20 27
5 3 5 1 100 0.75 7 1138 70 269 247 47 54 21 28
5 3 5 1 100 0.75 7 1139 72 274 257 49 54 21 28
5 3 5 1 100 0.75 7 1140 76 279 255 51 54 21 30
5 3 5 1 100 0.75 7 1141 82 283 257 54 55 22 30
5 3 5 1 100 0.75 7 1142 84 287 261 59 56 23 29
5 3 5 1 100 0.75 7 1143 90 290 258 59 58 25 28
5 3 5 1 100 0.75 7 1144 93 291 256 61 62 29 26
5 3 5 1 100 0.75 7 1145 98 296 261 64 62 29 28
5 3 5 1 100 0.75 7 1146 99 297 259 65 66 33 25
5 3 5 1 100 0.75 7 1147 102 301 266 65 67 34 28
5 3 5 1 100 0.75 7 1148 104 305 270 67 68 35 30
5 3 5 1 100 0.75 7 1149 110 309 276 68 69 36 31
5 3 5 1 100 0.75 7 1150 117 314 275 74 69 36 32
5 3 5 1 100 0.75 7 1151 121 315 278 77 73 40 31
5 3 5 1 100 0.75 7 1152 127 319 279 80 73 41 31
5 3 5 1 100 0.75 7 1153 133 322 278 84 75 43 32
5 3 5 1 100 0.75 7 1154 137 326 281 90 76 44 32
5 3 5 1 100 0.75 7 1155 145 329 280 92 78 46 31
5 3 5 1 100 0.75 7 1156 150 333 281 100 79 47 33
5 3 5 1 100 0.75 7 1157 154 336 287 103 81 49 37
5 3 5 1 100 0.75 7 1158 161 339 279 105 83 51 40
5 3 5 1 100 0.75 7 1159 164 343 285 111 84 52 44
5 3 5 1 100 0.75 7 1160 168 346 294 113 86 54 46
5 3 5 1 100 0.75 7 1161 172 350 297 116 87 55 51
5 3 5 1 100 0.75 7 1162 175 354 300 119 88 56 54
5 3 5 1 100 0.75 7 1163 180 357 308 120 90 58 55
5 3 5 1 100 0.75 7 1164 186 360 309 123 92 60 58
5 3 5 1 100 0.75 7 1165 187 361 306 125 96 64 56
5 3 5 1 100 0.75 7 1166 199 361 306 122 101 69 56
5 3 5 1 100 0.75 7 1167 203 366 311 134 101 69 56
5 3 5 1 100 0.75 7 1168 209 370 307 137 102 70 61
5 3 5 1 100 0.75 7 1169 214 374 319 142 103 71 61
5 3 5 1 100 0.75 7 1170 220 375 310 143 107 75 60
5 3 5 1 100 0.75 7 1171 224 379 317 150 108 76 65
5 3 5 1 100 0.75 7 1172 230 383 318 153 109 77 65
5 3 5 1 100 0.75 7 1173 236 386 317 157 111 79 70
5 3 5 1 100 0.75 7 1174 241 388 325 160 114 82 71
5 3 5 1 100 0.75 7 1175 247 389 319 161 118 86 70
5 3 5 1 100 0.75 7 1176 255 387 315 161 125 93 66
5 3 5 1 100 0.75 7 1177 261 385 309 163 132 100 63
5 3 5 1 100 0.75 7 1178 264 383 308 163 139 107 61
5 3 5 1 100 0.75 7 1179 272 386 309 165 141 109 63
5 3 5 1 100 0.75 7 1180 276 388 309 170 143 112 64
5 3 5 1 100 0.75 7 1181 284 390 315 171 146 115 66
5 3 5 1 100 0.75 7 1182 289 393 319 177 148 117 67
5 3 5 1 100 0.75 7 1183 299 393 308 178 153 122 69
5 3 5 1 100 0.75 7 1184 307 393 308 185 158 127 71
5 3 5 1 100 0.75 7 1185 310 395 308 190 161 130 73
5 3 5 1 100 0.75 7 1186 315 396 308 191 164 134 74
5 3 5 1 100 0.75 7 1187 320 398 313 193 167 137 75
5 3 5 1 100 0.75 7 1188 327 400 315 195 170 140 79
5 3 5 1 100 0.75 7 1189 333 404 315 201 171 141 81
5 3 5 1 100 0.75 7 1190 338 406 319 204 174 144 83
5 3 5 1 100 0.75 7 1191 350 404 307 205 181 151 84
5 3 5 1 100 0.75 7 1192 355 406 313 214 184 154 86
5 3 5 1 100 0.75 7 1193 360 407 309 219 188 158 85
5 3 5 1 100 0.75 7 1194 364 409 303 223 191 161 85
5 3 5 1 100 0.75 7 1195 370 408 309 221 197 167 84
5 3 5 1 100 0.75 7 1196 376 410 304 225 200 170 87
5 3 5 1 100 0.75 7 1197 378 413 307 232 202 172 91
5 3 5 1 100 0.75 7 1198 384 413 306 232 207 177 94
5 3 5 1 100 0.75 7 1199 396 412 310 232 212 183 99
5 3 5 1 100 0.75 7 1200 402 411 298 238 218 189 100
5 3 5 1 100 0.75 7 1201 410 411 297 240 223 194 98
5 3 5 1 100 0.75 7 1202 413 411 299 243 228 199 96
5 3 5 1 100 0.75 7 1203 420 412 294 242 232 203 96
5 3 5 1 100 0.75 7 1204 426 408 294 241 241 212 93
5 3 5 1 100 0.75 7 1205 437 412 288 248 242 213 100
5 3 5 1 100 0.75 7 1206 441 409 298 251 250 221 97
5 3 5 1 100 0.75 7 1207 453 410 293 251 254 225 102
5 3 5 1 100 0.75 7 1208 457 410 292 258 259 230 100
5 3 5 1 100 0.75 7 1209 464 411 284 259 262 234 99
5 3 5 1 100 0.75 7 1210 469 411 287 263 267 239 97
5 3 5 1 100 0.75 7 1211 474 412 282 264 271 243 100
5 3 5 1 100 0.75 7 1212 482 412 284 264 276 248 101
5 3 5 1 100 0.75 7 1213 490 410 275 267 283 255 98
5 3 5 1 100 0.75 7 1214 503 406 276 266 292 264 97
5 3 5 1 100 0.75 7 1215 509 404 268 273 299 271 93
5 3 5 1 100 0.75 7 1216 515 402 261 274 305 278 93
5 3 5 1 100 0.75 7 1217 522 402 259 277 310 283 91
5 3 5 1 100 0.75 7 1218 529 401 257 279 316 289 88
5 3 5 1 100 0.75 7 1219 533 402 254 285 320 293 88
5 3 5 1 100 0.75 7 1220 543 401 258 285 326 299 92
5 3 5 1 100 0.75 7 1221 550 402 256 291 330 303 95
5 3 5 1 100 0.75 7 1222 557 401 239 293 336 309 97
5 3 5 1 100 0.75 7 1223 566 399 251 296 343 316 99
5 3 5 1 100 0.75 7 1224 573 401 240 303 346 319 102
5 3 5 1 100 0.75 7 1225 578 400 246 306 352 325 103
5 3 5 1 100 0.75 7 1226 582 397 232 304 360 333 100
5 3 5 1 100 0.75 7 1227 585 397 245 307 365 338 102
5 3 5 1 100 0.75 7 1228 589 398 240 310 369 342 103
5 3 5 1 100 0.75 7 1229 593 398 239 312 374 347 104
5 3 5 1 100 0.75 7 1230 605 396 231 310 381 354 104
5 3 5 1 100 0.75 7 1230 605 396 396 310 453 354 104
5 3 5 1 100 0.75 7 1260 605 396 396 310 33 354 104
5 3 5 1 100 0.75 8 1261 0 5 5 0 33 0 0
5 3 5 1 100 0.75 8 1262 0 10 10 0 33 0 0
5 3 5 1 100 0.75 8 1263 0 15 15 0 33 0 0
5 3 5 1 100 0.75 8 1264 0 20 20 0 33 0 0
5 3 5 1 100 0.75 8 1265 0 25 25 0 33 0 0
5 3 5 1 100 0.75 8 1266 0 30 30 0 33 0 0
5 3 5 1 100 0.75 8 1267 0 35 35 0 33 0 0
5 3 5 1 100 0.75 8 1268 0 40 40 0 33 0 0
5 3 5 1 100 0.75 8 1269 0 45 44 0 33 0 0
5 3 5 1 100 0.75 8 1270 0 50 50 0 33 0 0
5 3 5 1 100 0.75 8 1271 0 55 54 0 33 0 0
5 3 5 1 100 0.75 8 1272 0 60 60 0 33 0 0
5 3 5 1 100 0.75 8 1273 1 65 63 0 33 0 0
5 3 5 1 100 0.75 8 1274 1 70 68 1 33 0 0
5 3 5 1 100 0.75 8 1275 2 75 71 1 33 0 0
5 3 5 1 100 0.75 8 1276 2 80 78 2 33 0 0
5 3 5 1 100 0.75 8 1277 4 85 79 2 33 0 0
5 3 5 1 100 0.75 8 1278 4 90 85 4 33 0 0
5 3 5 1 100 0.75 8 1279 4 95 91 4 33 0 0
5 3 5 1 100 0.75 8 1280 5 100 95 4 33 0 1
5 3 5 1 100 0.75 8 1281 5 105 100 5 33 0 1
5 3 5 1 100 0.75 8 1282 7 110 103 5 33 0 2
5 3 5 1 100 0.75 8 1283 8 115 108 7 33 0 2
5 3 5 1 100 0.75 8 1284 9 120 112 8 33 0 2
5 3 5 1 100 0.75 8 1285 11 125 116 9 33 0 4
5 3 5 1 100 0.75 8 1286 11 130 122 11 33 0 4
5 3 5 1 100 0.75 8 1287 12 135 126 11 33 0 4
5 3 5 1 100 0.75 8 1288 14 140 130 12 33 0 5
5 3 5 1 100 0.75 8 1289 16 145 134 14 33 0 5
5 3 5 1 100 0.75 8 1290 17 150 139 16 33 0 6
5 3 5 1 100 0.75 8 1291 19 155 142 17 33 0 8
5 3 5 1 100 0.75 8 1292 19 160 150 19 33 0 8
5 3 5 1 100 0.75 8 1293 21 165 153 19 33 0 9
5 3 5 1 100 0.75 8 1294 22 170 157 21 33 0 9
5 3 5 1 100 0.75 8 1295 23 175 164 22 33 0 11
5 3 5 1 100 0.75 8 1296 23 180 168 23 33 0 12
5 3 5 1 100 0.75 8 1297 24 185 175 23 33 0 15
5 3 5 1 100 0.75 8 1298 27 188 176 22 35 2 15
5 3 5 1 100 0.75 8 1299 27 193 181 25 35 2 15
5 3 5 1 100 0.75 8 1300 27 197 191 24 36 3 14
5 3 5 1 100 0.75 8 1301 29 202 189 24 36 3 15
5 3 5 1 100 0.75 8 1302 30 206 194 25 37 4 14
5 3 5 1 100 0.75 8 1303 32 210 195 25 38 5 14
5 3 5 1 100 0.75 8 1304 35 215 201 27 38 5 14
5 3 5 1 100 0.75 8 1305 37 220 204 30 38 5 15
5 3 5 1 100 0.75 8 1306 39 224 207 31 39 6 15
5 3 5 1 100 0.75 8 1307 41 227 211 31 41 8 13
5 3 5 1 100 0.75 8 1308 43 232 213 33 40 8 13
5 3 5 1 100 0.75 8 1309 44 237 218 35 40 8 14
5 3 5 1 100 0.75 8 1310 46 241 220 35 41 9 14
5 3 5 1 100 0.75 8 1311 47 244 227 35 43 11 14
5 3 5 1 100 0.75 8 1312 48 248 226 35 44 12 14
5 3 5 1 100 0.75 8 1313 51 252 231 35 45 13 14
5 3 5 1 100 0.75 8 1314 53 257 237 38 45 13 17
5 3 5 1 100 0.75 8 1315 54 261 239 39 46 14 16
5 3 5 1 100 0.75 8 1316 57 266 244 40 46 14 18
5 3 5 1 100 0.75 8 1317 58 268 246 40 49 17 15
5 3 5 1 100 0.75 8 1318 59 273 250 41 49 17 15
5 3 5 1 100 0.75 8 1319 60 278 252 42 49 17 16
5 3 5 1 100 0.75 8 1320 61 283 262 43 49 17 17
5 3 5 1 100 0.75 8 1321 64 285 262 41 52 20 16
5 3 5 1 100 0.75 8 1322 66 290 266 45 52 20 17
5 3 5 1 100 0.75 8 1323 68 294 266 46 53 21 18
5 3 5 1 100 0.75 8 1324 74 299 271 48 53 21 20
5 3 5 1 100 0.75 8 1325 76 304 276 54 53 21 21
5 3 5 1 100 0.75 8 1326 78 309 280 56 53 21 21
5 3 5 1 100 0.75 8 1327 80 313 281 57 54 22 20
5 3 5 1 100 0.75 8 1328 84 316 286 57 56 24 21
5 3 5 1 100 0.75 8 1329 85 319 288 59 58 26 22
5 3 5 1 100 0.75 8 1330 88 324 295 60 58 26 24
5 3 5 1 100 0.75 8 1331 90 328 297 62 59 27 24
5 3 5 1 100 0.75 8 1332 93 331 301 62 61 29 28
5 3 5 1 100 0.75 8 1333 95 335 308 64 62 30 30
5 3 5 1 100 0.75 8 1334 99 338 303 64 64 32 28
5 3 5 1 100 0.75 8 1335 100 342 314 67 65 33 31
5 3 5 1 100 0.75 8 1336 103 347 315 68 65 33 33
5 3 5 1 100 0.75 8 1337 105 352 320 72 65 33 36
5 3 5 1 100 0.75 8 1338 107 357 323 74 64 33 36
5 3 5 1 100 0.75 8 1339 112 359 325 73 67 36 34
5 3 5 1 100 0.75 8 1340 113 364 328 78 67 36 35
5 3 5 1 100 0.75 8 1341 116 368 335 78 68 37 38
5 3 5 1 100 0.75 8 1342 120 371 328 80 70 39 36
5 3 5 1 100 0.75 8 1343 121 374 335 82 72 41 36
5 3 5 1 100 0.75 8 1344 124 378 337 83 73 42 36
5 3 5 1 100 0.75 8 1345 130 381 339 84 75 44 38
5 3 5 1 100 0.75 8 1346 135 383 334 88 78 47 36
5 3 5 1 100 0.75 8 1347 140 386 336 91 80 49 37
5 3 5 1 100 0.75 8 1348 143 387 334 93 84 53 34
5 3 5 1 100 0.75 8 1349 145 390 338 95 86 55 35
5 3 5 1 100 0.75 8 1350 146 393 342 96 88 57 38
5 3 5 1 100 0.75 8 1351 148 396 341 95 90 59 37
5 3 5 1 100 0.75 8 1352 153 399 345 95 92 61 39
5 3 5 1 100 0.75 8 1353 159 402 353 98 94 63 45
5 3 5 1 100 0.75 8 1354 164 406 359 103 94 64 49
5 3 5 1 100 0.75 8 1355 171 407 352 104 98 68 46
5 3 5 1 100 0.75 8 1356 172 410 356 109 100 70 47
5 3 5 1 100 0.75 8 1357 172 414 358 109 101 71 47
5 3 5 1 100 0.75 8 1358 176 419 362 110 101 71 50
5 3 5 1 100 0.75 8 1359 181 421 363 111 104 74 51
5 3 5 1 100 0.75 8 1360 188 423 364 115 107 77 54
5 3 5 1 100 0.75 8 1361 192 427 364 122 108 78 56
5 3 5 1 100 0.75 8 1362 198 430 368 124 110 80 60
5 3 5 1 100 0.75 8 1363 205 433 367 128 111 82 61
5 3 5 1 100 0.75 8 1364 206 436 370 134 113 84 59
5 3 5 1 100 0.75 8 1365 212 439 365 134 115 86 60
5 3 5 1 100 0.75 8 1366 216 441 373 137 118 89 60
5 3 5 1 100 0.75 8 1367 222 443 367 138 121 92 64
5 3 5 1 100 0.75 8 1368 227 441 368 139 128 99 60
5 3 5 1 100 0.75 8 1369 233 443 366 142 131 102 61
5 3 5 1 100 0.75 8 1370 240 443 367 144 136 107 62
5 3 5 1 100 0.75 8 1371 250 442 362 145 142 113 60
5 3 5 1 100 0.75 8 1372 255 446 358 155 143 114 62
5 3 5 1 100 0.75 8 1373 263 449 364 159 145 116 66
5 3 5 1 100 0.75 8 1374 267 451 364 164 148 119 66
5 3 5 1 100 0.75 8 1375 269 455 372 167 149 120 70
5 3 5 1 100 0.75 8 1376 273 460 373 169 149 120 75
5 3 5 1 100 0.75 8 1377 282 460 376 169 154 125 78
5 3 5 1 100 0.75 8 1378 289 457 371 170 162 133 75
5 3 5 1 100 0.75 8 1379 297 459 369 174 165 136 77
5 3 5 1 100 0.75 8 1380 308 462 371 181 167 138 79
5 3 5 1 100 0.75 8 1381 316 465 361 191 169 140 82
5 3 5 1 100 0.75 8 1382 321 464 365 194 175 146 78
5 3 5 1 100 0.75 8 1383 330 467 362 198 177 148 78
5 3 5 1 100 0.75 8 1384 332 470 368 205 179 150 82
5 3 5 1 100 0.75 8 1385 339 467 362 201 187 158 82
5 3 5 1 100 0.75 8 1386 350 469 363 205 190 161 84
5 3 5 1 100 0.75 8 1387 360 471 359 214 193 164 88
5 3 5 1 100 0.75 8 1388 372 473 366 221 196 167 93
5 3 5 1 100 0.75 8 1389 377 472 354 229 202 173 91
5 3 5 1 100 0.75 8 1390 385 471 353 230 207 179 86
5 3 5 1 100 0.75 8 1391 395 471 348 235 212 184 89
5 3 5 1 100 0.75 8 1392 402 470 342 239 218 190 88
5 3 5 1 100 0.75 8 1393 407 472 345 244 221 193 91
5 3 5 1 100 0.75 8 1394 416 469 341 242 229 201 90
5 3 5 1 100 0.75 8 1395 427 469 341 247 234 206 96
5 3 5 1 100 0.75 8 1396 440 471 343 257 237 209 101
5 3 5 1 100 0.75 8 1397 446 469 337 265 244 216 98
5 3 5 1 100 0.75 8 1398 454 469 329 267 249 221 104
5 3 5 1 100 0.75 8 1399 462 469 336 271 254 226 107
5 3 5 1 100 0.75 8 1400 470 468 318 274 260 232 103
5 3 5 1 100 0.75 8 1401 482 471 333 281 262 234 107
5 3 5 1 100 0.75 8 1402 490 471 318 288 267 239 112
5 3 5 1 100 0.75 8 1403 499 470 324 295 273 245 116
5 3 5 1 100 0.75 8 1404 508 472 324 303 276 248 123
5 3 5 1 100 0.75 8 1405 514 471 332 306 282 254 126
5 3 5 1 100 0.75 8 1406 522 472 326 311 286 258 127
5 3 5 1 100 0.75 8 1407 530 472 326 315 291 263 131
5 3 5 1 100 0.75 8 1408 537 468 310 314 300 272 127
5 3 5 1 100 0.75 8 1409 542 468 317 317 305 277 133
5 3 5 1 100 0.75 8 1410 552 467 307 319 311 283 133
5 3 5 1 100 0.75 8 1410 552 467 467 319 423 283 133
5 3 5 1 100 0.75 8 1440 552 467 467 319 33 283 133
5 3 5 1 100 0.75 9 1441 0 5 5 0 33 0 0
5 3 5 1 100 0.75 9 1442 0 10 10 0 33 0 0
5 3 5 1 100 0.75 9 1443 0 15 15 0 33 0 0
5 3 5 1 100 0.75 9 1444 0 20 20 0 33 0 0
5 3 5 1 100 0.75 9 1445 0 25 25 0 33 0 0
5 3 5 1 100 0.75 9 1446 0 30 30 0 33 0 0
5 3 5 1 100 0.75 9 1447 0 35 35 0 33 0 0
5 3 5 1 100 0.75 9 1448 0 40 40 0 33 0 0
5 3 5 1 100 0.75 9 1449 0 45 45 0 33 0 0
5 3 5 1 100 0.75 9 1450 0 50 50 0 33 0 0
5 3 5 1 100 0.75 9 1451 0 55 54 0 33 0 0
5 3 5 1 100 0.75 9 1452 0 60 60 0 33 0 0
5 3 5 1 100 0.75 9 1453 0 65 63 0 33 0 0
5 3 5 1 100 0.75 9 1454 1 70 69 0 33 0 0
5 3 5 1 100 0.75 9 1455 2 75 72 1 33 0 0
5 3 5 1 100 0.75 9 1456 3 80 76 2 33 0 0
5 3 5 1 100 0.75 9 1457 3 85 81 3 33 0 0
5 3 5 1 100 0.75 9 1458 6 90 82 3 33 0 0
5 3 5 1 100 0.75 9 1459 9 95 83 6 33 0 0
5 3 5 1 100 0.75 9 1460 9 100 89 9 33 0 0
5 3 5 1 100 0.75 9 1461 9 105 95 9 33 0 0
5 3 5 1 100 0.75 9 1462 11 110 101 9 33 0 2
5 3 5 1 100 0.75 9 1463 11 115 104 11 33 0 2
5 3 5 1 100 0.75 9 1464 11 120 110 11 33 0 3
5 3 5 1 100 0.75 9 1465 14 125 113 11 33 0 4
5 3 5 1 100 0.75 9 1466 14 130 121 14 33 0 5
5 3 5 1 100 0.75 9 1467 17 135 123 14 33 0 7
5 3 5 1 100 0.75 9 1468 20 140 126 17 33 0 7
5 3 5 1 100 0.75 9 1469 23 145 131 20 33 0 8
5 3 5 1 100 0.75 9 1470 23 150 134 23 33 0 9
5 3 5 1 100 0.75 9 1471 24 155 140 23 33 0 9
5 3 5 1 100 0.75 9 1472 27 160 142 24 33 0 10
5 3 5 1 100 0.75 9 1473 27 165 150 27 33 0 11
5 3 5 1 100 0.75 9 1474 28 170 156 27 33 0 13
5 3 5 1 100 0.75 9 1475 29 175 158 28 33 0 14
5 3 5 1 100 0.75 9 1476 32 180 168 29 33 0 17
5 3 5 1 100 0.75 9 1477 34 185 170 32 33 0 18
5 3 5 1 100 0.75 9 1478 35 189 175 33 34 1 17
5 3 5 1 100 0.75 9 1479 37 192 178 32 36 3 17
5 3 5 1 100 0.75 9 1480 37 197 185 34 36 3 17
5 3 5 1 100 0.75 9 1481 39 202 188 34 36 3 17
5 3 5 1 100 0.75 9 1482 40 205 189 34 38 5 15
5 3 5 1 100 0.75 9 1483 40 210 198 35 38 5 15
5 3 5 1 100 0.75 9 1484 42 215 202 35 38 5 20
5 3 5 1 100 0.75 9 1485 44 217 201 34 41 8 17
5 3 5 1 100 0.75 9 1486 45 222 208 36 41 8 20
5 3 5 1 100 0.75 9 1487 47 227 214 37 41 8 20
5 3 5 1 100 0.75 9 1488 47 231 215 38 42 9 20
5 3 5 1 100 0.75 9 1489 48 236 221 38 41 9 21
5 3 5 1 100 0.75 9 1490 51 240 223 38 42 10 20
5 3 5 1 100 0.75 9 1491 53 243 227 39 44 12 19
5 3 5 1 100 0.75 9 1492 56 246 230 39 46 14 18
5 3 5 1 100 0.75 9 1493 59 249 232 40 48 16 17
5 3 5 1 100 0.75 9 1494 60 253 235 42 49 17 18
5 3 5 1 100 0.75 9 1495 63 257 237 42 50 18 17
5 3 5 1 100 0.75 9 1496 63 262 243 45 50 18 17
5 3 5 1 100 0.75 9 1497 67 266 243 44 51 19 18
5 3 5 1 100 0.75 9 1498 73 271 247 48 50 19 18
5 3 5 1 100 0.75 9 1499 75 275 248 53 51 20 19
5 3 5 1 100 0.75 9 1500 81 280 250 55 51 20 21
5 3 5 1 100 0.75 9 1501 83 283 253 59 53 22 19
5 3 5 1 100 0.75 9 1502 87 286 252 59 55 24 17
5 3 5 1 100 0.75 9 1503 89 290 257 62 56 25 17
5 3 5 1 100 0.75 9 1504 93 292 258 61 59 28 16
5 3 5 1 100 0.75 9 1505 95 296 265 65 60 29 20
5 3 5 1 100 0.75 9 1506 99 301 267 67 60 29 23
5 3 5 1 100 0.75 9 1507 103 304 269 69 62 31 25
5 3 5 1 100 0.75 9 1508 105 309 274 73 62 31 28
5 3 5 1 100 0.75 9 1509 110 314 279 75 62 31 30
5 3 5 1 100 0.75 9 1510 112 319 285 80 62 31 32
5 3 5 1 100 0.75 9 1511 115 321 286 79 65 34 32
5 3 5 1 100 0.75 9 1512 120 325 289 81 66 35 32
5 3 5 1 100 0.75 9 1513 121 329 296 85 67 36 33
5 3 5 1 100 0.75 9 1514 128 333 294 85 68 37 32
5 3 5 1 100 0.75 9 1515 130 338 301 93 68 37 34
5 3 5 1 100 0.75 9 1516 133 341 301 93 70 39 34
5 3 5 1 100 0.75 9 1517 138 346 306 96 70 39 37
5 3 5 1 100 0.75 9 1518 140 350 304 100 71 40 37
5 3 5 1 100 0.75 9 1519 145 354 310 101 72 41 40
5 3 5 1 100 0.75 9 1520 150 358 308 105 73 42 41
5 3 5 1 100 0.75 9 1521 154 360 314 107 76 45 39
5 3 5 1 100 0.75 9 1522 158 362 315 108 79 48 40
5 3 5 1 100 0.75 9 1523 162 364 317 110 82 51 42
5 3 5 1 100 0.75 9 1524 171 366 313 111 85 54 40
5 3 5 1 100 0.75 9 1525 173 366 312 115 90 59 37
5 3 5 1 100 0.75 9 1526 180 368 307 114 93 62 38
5 3 5 1 100 0.75 9 1527 182 371 314 119 95 64 39
5 3 5 1 100 0.75 9 1528 188 374 312 119 97 66 40
5 3 5 1 100 0.75 9 1529 192 378 317 124 98 67 43
5 3 5 1 100 0.75 9 1530 197 383 325 128 98 67 45
5 3 5 1 100 0.75 9 1531 206 386 324 132 100 69 50
5 3 5 1 100 0.75 9 1532 211 388 326 138 103 72 51
5 3 5 1 100 0.75 9 1533 213 392 329 142 104 73 52
5 3 5 1 100 0.75 9 1534 216 392 329 140 109 78 51
5 3 5 1 100 0.75 9 1535 221 395 329 141 111 80 52
5 3 5 1 100 0.75 9 1536 223 399 332 145 111 81 56
5 3 5 1 100 0.75 9 1537 231 403 336 147 112 82 60
5 3 5 1 100 0.75 9 1538 237 406 343 153 114 84 63
5 3 5 1 100 0.75 9 1539 245 409 341 158 116 86 67
5 3 5 1 100 0.75 9 1540 252 413 346 165 117 87 69
5 3 5 1 100 0.75 9 1541 254 414 343 168 121 91 66
5 3 5 1 100 0.75 9 1542 262 412 338 163 128 98 65
5 3 5 1 100 0.75 9 1543 267 414 337 168 131 101 62
5 3 5 1 100 0.75 9 1544 274 417 343 171 133 103 62
5 3 5 1 100 0.75 9 1545 283 422 341 178 133 103 68
5 3 5 1 100 0.75 9 1546 289 421 337 183 139 109 66
5 3 5 1 100 0.75 9 1547 301 423 334 186 142 112 71
5 3 5 1 100 0.75 9 1548 302 426 336 197 144 114 70
5 3 5 1 100 0.75 9 1549 305 426 338 195 149 119 70
5 3 5 1 100 0.75 9 1550 313 430 342 198 150 120 75
5 3 5 1 100 0.75 9 1551 317 427 337 198 158 128 69
5 3 5 1 100 0.75 9 1552 327 428 334 198 162 132 73
5 3 5 1 100 0.75 9 1553 336 429 330 207 166 136 79
5 3 5 1 100 0.75 9 1554 343 432 342 214 168 138 83
5 3 5 1 100 0.75 9 1555 350 432 336 217 173 143 85
5 3 5 1 100 0.75 9 1556 355 431 334 218 179 149 79
5 3 5 1 100 0.75 9 1557 366 434 329 221 181 151 81
5 3 5 1 100 0.75 9 1558 376 434 323 227 186 156 81
5 3 5 1 100 0.75 9 1559 382 436 332 234 189 159 85
5 3 5 1 100 0.75 9 1560 395 438 326 240 192 162 92
5 3 5 1 100 0.75 9 1561 397 439 327 249 196 166 91
5 3 5 1 100 0.75 9 1562 405 439 322 247 201 171 93
5 3 5 1 100 0.75 9 1563 411 443 326 256 202 172 96
5 3 5 1 100 0.75 9 1564 420 445 324 260 205 175 98
5 3 5 1 100 0.75 9 1565 424 441 328 260 214 184 92
5 3 5 1 100 0.75 9 1566 431 442 320 261 218 188 97
5 3 5 1 100 0.75 9 1567 442 443 323 264 221 192 104
5 3 5 1 100 0.75 9 1568 450 443 322 271 226 197 104
5 3 5 1 100 0.75 9 1569 456 441 313 272 233 204 104
5 3 5 1 100 0.75 9 1570 463 442 321 277 237 208 104
5 3 5 1 100 0.75 9 1571 471 446 314 284 238 209 109
5 3 5 1 100 0.75 9 1572 481 440 309 282 249 220 102
5 3 5 1 100 0.75 9 1573 484 438 304 288 256 227 101
5 3 5 1 100 0.75 9 1574 491 438 298 288 261 232 100
5 3 5 1 100 0.75 9 1575 501 436 298 290 268 239 103
5 3 5 1 100 0.75 9 1576 504 439 302 299 269 241 106
5 3 5 1 100 0.75 9 1577 509 438 300 298 275 247 104
5 3 5 1 100 0.75 9 1578 518 436 295 298 282 254 104
5 3 5 1 100 0.75 9 1579 527 434 287 300 289 261 107
5 3 5 1 100 0.75 9 1580 532 433 288 303 294 267 106
5 3 5 1 100 0.75 9 1581 539 433 291 304 299 272 107
5 3 5 1 100 0.75 9 1582 546 432 279 306 305 278 109
5 3 5 1 100 0.75 9 1583 550 431 286 309 311 284 109
5 3 5 1 100 0.75 9 1584 556 431 277 310 316 289 108
5 3 5 1 100 0.75 9 1585 563 432 274 313 320 293 111
5 3 5 1 100 0.75 9 1586 570 427 278 311 329 303 108
5 3 5 1 100 0.75 9 1587 580 425 257 312 336 310 108
5 3 5 1 100 0.75 9 1588 587 423 259 316 342 317 104
5 3 5 1 100 0.75 9 1589 594 426 268 322 344 319 109
5 3 5 1 100 0.75 9 1590 599 424 260 324 351 326 105
5 3 5 1 100 0.75 9 1590 599 424 424 324 438 326 105
5 3 5 1 100 0.75 9 1620 599 424 424 324 33 326 105
5 3 5 1 100 0.75 10 1621 0 5 5 0 33 0 0
5 3 5 1 100 0.75 10 1622 0 10 10 0 33 0 0
5 3 5 1 100 0.75 10 1623 0 15 15 0 33 0 0
5 3 5 1 100 0.75 10 1624 0 20 20 0 33 0 0
5 3 5 1 100 0.75 10 1625 0 25 25 0 33 0 0
5 3 5 1 100 0.75 10 1626 0 30 30 0 33 0 0
5 3 5 1 100 0.75 10 1627 0 35 35 0 33 0 0
5 3 5 1 100 0.75 10 1628 0 40 40 0 33 0 0
5 3 5 1 100 0.75 10 1629 0 45 45 0 33 0 0
5 3 5 1 100 0.75 10 1630 1 50 49 0 33 0 0
5 3 5 1 100 0.75 10 1631 1 55 54 1 33 0 0
5 3 5 1 100 0.75 10 1632 2 60 58 1 33 0 0
5 3 5 1 100 0.75 10 1633 2 65 63 2 33 0 0
5 3 5 1 100 0.75 10 1634 2 70 68 2 33 0 0
5 3 5 1 100 0.75 10 1635 2 75 73 2 33 0 0
5 3 5 1 100 0.75 10 1636 2 80 78 2 33 0 0
5 3 5 1 100 0.75 10 1637 3 85 81 2 33 0 1
5 3 5 1 100 0.75 10 1638 4 90 87 3 33 0 1
5 3 5 1 100 0.75 10 1639 7 95 88 4 33 0 1
5 3 5 1 100 0.75 10 1640 7 100 95 7 33 0 2
5 3 5 1 100 0.75 10 1641 9 105 97 7 33 0 2
5 3 5 1 100 0.75 10 1642 9 110 103 9 33 0 2
5 3 5 1 100 0.75 10 1643 9 115 107 9 33 0 2
5 3 5 1 100 0.75 10 1644 10 120 111 9 33 0 2
5 3 5 1 100 0.75 10 1645 11 125 118 10 33 0 4
5 3 5 1 100 0.75 10 1646 11 130 121 11 33 0 4
5 3 5 1 100 0.75 10 1647 13 135 128 11 33 0 7
5 3 5 1 100 0.75 10 1648 15 140 131 13 33 0 7
5 3 5 1 100 0.75 10 1649 15 145 138 15 33 0 8
5 3 5 1 100 0.75 10 1650 18 150 140 15 33 0 8
5 3 5 1 100 0.75 10 1651 19 155 143 18 33 0 8
5 3 5 1 100 0.75 10 1652 20 160 149 19 33 0 10
5 3 5 1 100 0.75 10 1653 20 165 153 20 33 0 10
5 3 5 1 100 0.75 10 1654 21 170 158 20 33 0 11
5 3 5 1 100 0.75 10 1655 23 175 165 21 33 0 13
5 3 5 1 100 0.75 10 1656 25 178 164 21 35 2 11
5 3 5 1 100 0.75 10 1657 25 183 170 23 35 2 12
5 3 5 1 100 0.75 10 1658 27 188 178 23 35 2 15
5 3 5 1 100 0.75 10 1659 31 193 179 25 35 2 15
5 3 5 1 100 0.75 10 1660 31 198 185 29 35 2 16
5 3 5 1 100 0.75 10 1661 32 203 187 29 35 2 16
5 3 5 1 100 0.75 10 1662 35 206 190 28 37 4 14
5 3 5 1 100 0.75 10 1663 36 209 193 29 39 6 14
5 3 5 1 100 0.75 10 1664 36 214 199 30 39 6 15
5 3 5 1 100 0.75 10 1665 38 219 203 30 39 6 17
5 3 5 1 100 0.75 10 1666 38 223 210 31 40 7 18
5 3 5 1 100 0.75 10 1667 43 227 211 30 41 8 19
5 3 5 1 100 0.75 10 1668 45 232 215 35 41 8 20
5 3 5 1 100 0.75 10 1669 46 237 222 37 41 8 23
5 3 5 1 100 0.75 10 1670 47 240 220 36 43 10 21
5 3 5 1 100 0.75 10 1671 49 243 227 35 45 12 20
5 3 5 1 100 0.75 10 1672 51 248 227 37 45 12 21
5 3 5 1 100 0.75 10 1673 52 253 233 39 45 12 22
5 3 5 1 100 0.75 10 1674 53 256 238 38 47 14 23
5 3 5 1 100 0.75 10 1675 55 259 239 37 48 16 22
5 3 5 1 100 0.75 10 1676 56 263 246 38 49 17 22
5 3 5 1 100 0.75 10 1677 63 268 245 39 49 17 23
5 3 5 1 100 0.75 10 1678 64 272 251 45 50 18 23
5 3 5 1 100 0.75 10 1679 65 276 253 45 51 19 23
5 3 5 1 100 0.75 10 1680 65 279 257 44 53 21 21
5 3 5 1 100 0.75 10 1681 70 282 255 42 55 23 21
5 3 5 1 100 0.75 10 1682 72 287 262 47 55 23 21
5 3 5 1 100 0.75 10 1683 78 291 262 48 56 24 21
5 3 5 1 100 0.75 10 1684 80 292 267 50 60 28 20
5 3 5 1 100 0.75 10 1685 82 297 269 52 60 28 22
5 3 5 1 100 0.75 10 1686 85 301 274 53 61 29 22
5 3 5 1 100 0.75 10 1687 86 306 277 56 61 29 22
5 3 5 1 100 0.75 10 1688 87 308 279 54 64 32 19
5 3 5 1 100 0.75 10 1689 91 313 285 55 64 32 22
5 3 5 1 100 0.75 10 1690 93 317 288 58 65 33 24
5 3 5 1 100 0.75 10 1691 98 322 292 60 65 33 28
5 3 5 1 100 0.75 10 1692 99 322 288 61 70 38 24
5 3 5 1 100 0.75 10 1693 105 326 291 61 71 39 25
5 3 5 1 100 0.75 10 1694 109 329 289 65 73 41 25
5 3 5 1 100 0.75 10 1695 111 334 298 70 73 41 25
5 3 5 1 100 0.75 10 1696 118 339 298 72 73 41 28
5 3 5 1 100 0.75 10 1697 120 344 301 80 73 41 30
5 3 5 1 100 0.75 10 1698 125 347 303 80 75 43 31
5 3 5 1 100 0.75 10 1699 130 351 305 85 76 44 33
5 3 5 1 100 0.75 10 1700 133 354 305 90 78 46 32
5 3 5 1 100 0.75 10 1701 134 357 312 92 80 48 34
5 3 5 1 100 0.75 10 1702 138 360 312 92 82 50 34
5 3 5 1 100 0.75 10 1703 143 364 311 96 83 51 35
5 3 5 1 100 0.75 10 1704 145 369 319 101 82 51 40
5 3 5 1 100 0.75 10 1705 147 373 327 102 83 52 43
5 3 5 1 100 0.75 10 1706 150 377 334 103 84 53 50
5 3 5 1 100 0.75 10 1707 156 379 325 103 87 56 49
5 3 5 1 100 0.75 10 1708 157 383 338 108 87 57 51
5 3 5 1 100 0.75 10 1709 161 384 334 105 91 61 48
5 3 5 1 100 0.75 10 1710 164 388 347 108 90 62 52
5 3 5 1 100 0.75 10 1711 172 389 343 107 94 66 51
5 3 5 1 100 0.75 10 1712 177 394 337 115 94 66 51
5 3 5 1 100 0.75 10 1713 185 396 343 117 97 69 51
5 3 5 1 100 0.75 10 1714 190 399 339 124 99 71 51
5 3 5 1 100 0.75 10 1715 197 401 339 126 102 74 51
5 3 5 1 100 0.75 10 1716 201 404 343 131 103 76 52
5 3 5 1 100 0.75 10 1717 205 405 343 131 107 80 50
5 3 5 1 100 0.75 10 1718 211 408 342 134 109 82 52
5 3 5 1 100 0.75 10 1719 218 411 338 139 111 84 54
5 3 5 1 100 0.75 10 1720 224 413 341 143 114 87 53
5 3 5 1 100 0.75 10 1721 236 413 340 144 119 92 56
5 3 5 1 100 0.75 10 1722 242 416 340 154 121 94 60
5 3 5 1 100 0.75 10 1723 246 416 335 155 126 99 59
5 3 5 1 100 0.75 10 1724 251 415 335 154 132 105 56
5 3 5 1 100 0.75 10 1725 261 418 336 158 134 107 57
5 3 5 1 100 0.75 10 1726 264 420 339 165 137 110 61
5 3 5 1 100 0.75 10 1727 268 424 338 167 138 111 64
5 3 5 1 100 0.75 10 1728 277 424 344 167 143 116 65
5 3 5 1 100 0.75 10 1729 285 429 346 176 143 116 71
5 3 5 1 100 0.75 10 1730 291 432 348 182 145 118 74
5 3 5 1 100 0.75 10 1731 299 435 351 186 147 120 78
5 3 5 1 100 0.75 10 1732 303 436 350 190 151 124 77
5 3 5 1 100 0.75 10 1733 309 438 348 193 154 127 80
5 3 5 1 100 0.75 10 1734 313 441 352 198 156 129 82
5 3 5 1 100 0.75 10 1735 319 444 355 200 158 131 84
5 3 5 1 100 0.75 10 1736 323 445 356 202 162 135 87
5 3 5 1 100 0.75 10 1737 331 447 355 204 165 138 87
5 3 5 1 100 0.75 10 1738 335 445 347 206 172 145 88
5 3 5 1 100 0.75 10 1739 340 445 348 207 177 150 88
5 3 5 1 100 0.75 10 1740 349 444 351 206 183 156 89
5 3 5 1 100 0.75 10 1741 353 443 341 213 189 162 88
5 3 5 1 100 0.75 10 1742 360 447 345 217 190 163 93
5 3 5 1 100 0.75 10 1743 367 450 340 223 192 165 94
5 3 5 1 100 0.75 10 1744 378 445 342 221 202 175 89
5 3 5 1 100 0.75 10 1745 384 444 329 227 208 181 89
5 3 5 1 100 0.75 10 1746 390 446 338 231 211 184 91
5 3 5 1 100 0.75 10 1747 398 448 327 234 214 187 92
5 3 5 1 100 0.75 10 1748 403 449 338 238 218 191 95
5 3 5 1 100 0.75 10 1749 411 448 320 241 224 197 93
5 3 5 1 100 0.75 10 1750 420 447 324 244 230 203 94
5 3 5 1 100 0.75 10 1751 429 445 320 247 237 210 100
5 3 5 1 100 0.75 10 1752 442 445 320 252 242 215 100
5 3 5 1 100 0.75 10 1753 448 444 312 259 248 221 99
5 3 5 1 100 0.75 10 1754 454 445 306 261 252 225 99
5 3 5 1 100 0.75 10 1755 461 447 309 266 255 228 99
5 3 5 1 100 0.75 10 1756 469 441 308 262 265 239 96
5 3 5 1 100 0.75 10 1757 479 440 305 264 271 245 97
5 3 5 1 100 0.75 10 1758 483 441 311 270 275 249 102
5 3 5 1 100 0.75 10 1759 495 443 312 275 278 252 106
5 3 5 1 100 0.75 10 1760 503 441 301 281 285 259 108
5 3 5 1 100 0.75 10 1761 508 442 303 287 289 263 107
5 3 5 1 100 0.75 10 1762 514 444 295 291 292 266 111
5 3 5 1 100 0.75 10 1763 524 446 301 294 295 269 113
5 3 5 1 100 0.75 10 1764 528 444 298 299 302 276 110
5 3 5 1 100 0.75 10 1765 539 444 297 299 307 281 111
5 3 5 1 100 0.75 10 1766 552 439 278 300 317 291 109
5 3 5 1 100 0.75 10 1767 562 439 284 310 322 296 116
5 3 5 1 100 0.75 10 1768 568 437 276 314 329 303 113
5 3 5 1 100 0.75 10 1769 571 431 266 313 340 314 107
5 3 5 1 100 0.75 10 1770 581 432 264 313 344 318 112
5 3 5 1 100 0.75 10 1770 581 432 432 313 428 318 112
5 3 5 1 100 0.75 10 1800 581 432 432 313 33 318 112
