10 7 1 1 100 0.75 1 1 0 10 10 0 100 0 0
10 7 1 1 100 0.75 1 2 0 20 20 0 100 0 0
10 7 1 1 100 0.75 1 3 0 30 30 0 100 0 0
10 7 1 1 100 0.75 1 4 0 40 40 0 100 0 0
10 7 1 1 100 0.75 1 5 0 50 50 0 100 0 0
10 7 1 1 100 0.75 1 6 0 60 59 0 100 0 0
10 7 1 1 100 0.75 1 7 3 70 65 0 100 0 0
10 7 1 1 100 0.75 1 8 3 80 76 3 100 0 0
10 7 1 1 100 0.75 1 9 9 90 76 3 100 0 0
10 7 1 1 100 0.75 1 10 10 100 87 9 100 0 0
10 7 1 1 100 0.75 1 11 16 110 88 10 100 0 0
10 7 1 1 100 0.75 1 12 24 120 93 16 100 0 0
10 7 1 1 100 0.75 1 13 30 130 96 24 100 0 0
10 7 1 1 100 0.75 1 14 38 140 97 30 100 0 0
10 7 1 1 100 0.75 1 15 42 150 104 38 100 0 3
10 7 1 1 100 0.75 1 16 47 160 119 42 100 0 6
10 7 1 1 100 0.75 1 17 54 170 123 47 100 0 7
10 7 1 1 100 0.75 1 18 62 180 128 54 100 0 10
10 7 1 1 100 0.75 1 19 67 190 140 62 100 0 14
10 7 1 1 100 0.75 1 20 71 200 151 67 100 0 19
10 7 1 1 100 0.75 1 21 79 210 161 71 100 0 25
10 7 1 1 100 0.75 1 22 86 220 168 79 100 0 27
10 7 1 1 100 0.75 1 23 92 230 179 86 100 0 29
10 7 1 1 100 0.75 1 24 104 240 182 92 100 0 33
10 7 1 1 100 0.75 1 25 110 250 193 104 100 0 39
10 7 1 1 100 0.75 1 26 111 260 204 110 100 0 46
10 7 1 1 100 0.75 1 27 119 270 212 111 100 0 48
10 7 1 1 100 0.75 1 28 128 280 217 119 100 0 53
10 7 1 1 100 0.75 1 29 135 290 232 128 100 0 59
10 7 1 1 100 0.75 1 30 143 300 236 135 100 0 64
10 7 1 1 100 0.75 1 31 147 309 247 142 101 1 69
10 7 1 1 100 0.75 1 32 151 318 263 145 102 2 76
10 7 1 1 100 0.75 1 33 159 326 256 147 104 4 78
10 7 1 1 100 0.75 1 34 168 335 272 154 105 5 79
10 7 1 1 100 0.75 1 35 177 343 269 161 107 7 81
10 7 1 1 100 0.75 1 36 181 345 277 162 115 15 83
10 7 1 1 100 0.75 1 37 195 352 272 163 118 18 83
10 7 1 1 100 0.75 1 38 203 358 278 173 122 22 85
10 7 1 1 100 0.75 1 39 209 367 281 180 123 23 86
10 7 1 1 100 0.75 1 40 215 373 292 182 127 27 85
10 7 1 1 100 0.75 1 41 225 379 290 184 131 31 89
10 7 1 1 100 0.75 1 42 236 386 298 191 134 34 96
10 7 1 1 100 0.75 1 43 247 390 293 196 140 40 92
10 7 1 1 100 0.75 1 44 264 390 297 197 150 50 88
10 7 1 1 100 0.75 1 45 276 397 289 211 153 53 95
10 7 1 1 100 0.75 1 46 284 403 299 219 157 57 96
10 7 1 1 100 0.75 1 47 290 408 297 222 162 62 95
10 7 1 1 100 0.75 1 48 295 416 308 226 164 64 100
10 7 1 1 100 0.75 1 49 312 418 302 224 172 72 100
10 7 1 1 100 0.75 1 50 317 426 315 239 174 74 107
10 7 1 1 100 0.75 1 51 333 427 309 236 183 83 109
10 7 1 1 100 0.75 1 52 338 434 318 249 186 86 119
10 7 1 1 100 0.75 1 53 352 442 330 254 188 88 124
10 7 1 1 100 0.75 1 54 363 447 320 263 193 93 125
10 7 1 1 100 0.75 1 55 374 446 319 263 204 104 116
10 7 1 1 100 0.75 1 56 386 453 312 272 207 107 124
10 7 1 1 100 0.75 1 57 398 455 308 277 215 115 126
10 7 1 1 100 0.75 1 58 411 460 315 286 220 120 133
10 7 1 1 100 0.75 1 59 423 465 311 296 225 125 134
10 7 1 1 100 0.75 1 60 434 470 329 305 230 130 135
10 7 1 1 100 0.75 1 61 442 471 317 307 239 139 135
10 7 1 1 100 0.75 1 62 454 478 330 314 242 142 138
10 7 1 1 100 0.75 1 63 466 482 324 321 248 148 140
10 7 1 1 100 0.75 1 64 479 486 329 328 254 154 148
10 7 1 1 100 0.75 1 65 490 490 329 337 260 160 154
10 7 1 1 100 0.75 1 66 501 491 319 341 269 169 155
10 7 1 1 100 0.75 1 67 513 490 310 343 280 180 154
10 7 1 1 100 0.75 1 68 527 495 315 354 285 185 155
10 7 1 1 100 0.75 1 69 537 497 305 360 293 193 155
10 7 1 1 100 0.75 1 70 550 496 305 363 304 204 153
10 7 1 1 100 0.75 1 71 561 496 312 367 314 214 158
10 7 1 1 100 0.75 1 72 570 495 305 368 325 225 156
10 7 1 1 100 0.75 1 73 581 502 312 377 328 228 167
10 7 1 1 100 0.75 1 74 590 504 303 383 336 236 166
10 7 1 1 100 0.75 1 75 601 510 311 391 340 240 176
10 7 1 1 100 0.75 1 76 612 509 288 394 351 251 176
10 7 1 1 100 0.75 1 77 618 511 297 398 359 259 184
10 7 1 1 100 0.75 1 78 627 513 298 403 366 267 186
10 7 1 1 100 0.75 1 79 635 514 294 408 375 276 184
10 7 1 1 100 0.75 1 80 643 512 296 407 387 288 182
10 7 1 1 100 0.75 1 81 653 512 285 409 397 298 182
10 7 1 1 100 0.75 1 82 661 512 295 412 407 308 181
10 7 1 1 100 0.75 1 83 676 513 287 414 416 317 183
10 7 1 1 100 0.75 1 84 682 514 292 421 425 326 182
10 7 1 1 100 0.75 1 85 689 518 287 423 431 332 182
10 7 1 1 100 0.75 1 86 697 521 289 425 438 339 186
10 7 1 1 100 0.75 1 87 703 515 275 423 454 355 178
10 7 1 1 100 0.75 1 88 710 513 284 423 466 367 176
10 7 1 1 100 0.75 1 89 717 515 259 426 474 375 177
10 7 1 1 100 0.75 1 90 725 512 262 423 487 388 175
10 7 1 1 100 0.75 1 91 731 511 260 422 498 399 170
10 7 1 1 100 0.75 1 92 737 511 255 424 508 409 167
10 7 1 1 100 0.75 1 93 746 514 247 426 514 416 170
10 7 1 1 100 0.75 1 94 753 505 231 418 533 435 156
10 7 1 1 100 0.75 1 95 762 504 238 418 543 446 154
10 7 1 1 100 0.75 1 96 765 508 226 428 548 452 156
10 7 1 1 100 0.75 1 97 771 507 228 427 559 463 149
10 7 1 1 100 0.75 1 98 774 504 228 426 571 476 144
10 7 1 1 100 0.75 1 99 778 503 219 423 582 487 144
10 7 1 1 100 0.75 1 100 786 504 231 424 590 496 144
10 7 1 1 100 0.75 1 101 790 507 210 429 595 503 144
10 7 1 1 100 0.75 1 102 797 502 206 422 610 518 134
10 7 1 1 100 0.75 1 103 802 507 211 431 615 523 142
10 7 1 1 100 0.75 1 104 806 511 212 437 621 529 146
10 7 1 1 100 0.75 1 105 810 511 210 434 631 539 143
10 7 1 1 100 0.75 1 106 815 512 199 434 640 548 138
10 7 1 1 100 0.75 1 107 816 516 232 441 644 554 143
10 7 1 1 100 0.75 1 108 822 513 204 436 656 567 133
10 7 1 1 100 0.75 1 109 828 516 207 438 660 574 138
10 7 1 1 100 0.75 1 110 834 518 205 441 667 582 134
10 7 1 1 100 0.75 1 111 836 516 205 439 679 594 130
10 7 1 1 100 0.75 1 112 841 522 199 444 683 598 130
10 7 1 1 100 0.75 1 113 844 527 212 450 687 603 135
10 7 1 1 100 0.75 1 114 850 530 216 449 694 610 137
10 7 1 1 100 0.75 1 115 852 533 204 454 700 617 135
10 7 1 1 100 0.75 1 116 855 536 216 458 707 624 139
10 7 1 1 100 0.75 1 117 857 538 209 456 715 632 139
10 7 1 1 100 0.75 1 118 862 537 198 458 726 643 134
10 7 1 1 100 0.75 1 119 865 537 203 462 736 653 133
10 7 1 1 100 0.75 1 120 866 537 209 460 745 663 129
10 7 1 1 100 0.75 1 121 869 543 207 464 749 667 131
10 7 1 1 100 0.75 1 122 875 546 195 468 756 674 134
10 7 1 1 100 0.75 1 123 876 548 194 473 764 682 134
10 7 1 1 100 0.75 1 124 879 549 196 471 773 691 133
10 7 1 1 100 0.75 1 125 880 547 216 472 784 703 129
10 7 1 1 100 0.75 1 126 883 553 196 478 788 707 133
10 7 1 1 100 0.75 1 127 888 556 194 479 795 714 133
10 7 1 1 100 0.75 1 128 892 563 214 487 798 717 140
10 7 1 1 100 0.75 1 129 893 565 190 488 806 725 142
10 7 1 1 100 0.75 1 130 897 563 189 486 817 737 137
10 7 1 1 100 0.75 1 131 901 567 187 488 823 743 138
10 7 1 1 100 0.75 1 132 902 570 202 493 830 750 140
10 7 1 1 100 0.75 1 133 903 573 203 497 837 757 141
10 7 1 1 100 0.75 1 134 906 576 196 500 844 764 140
10 7 1 1 100 0.75 1 135 906 578 204 501 852 772 139
10 7 1 1 100 0.75 1 136 911 579 207 501 861 781 137
10 7 1 1 100 0.75 1 137 913 581 197 505 868 789 135
10 7 1 1 100 0.75 1 138 914 585 209 509 874 795 137
10 7 1 1 100 0.75 1 139 916 585 192 509 884 805 134
10 7 1 1 100 0.75 1 140 917 585 178 507 894 815 128
10 7 1 1 100 0.75 1 141 920 591 197 512 897 819 132
10 7 1 1 100 0.75 1 142 925 593 195 519 904 827 132
10 7 1 1 100 0.75 1 143 926 597 192 523 910 833 137
10 7 1 1 100 0.75 1 144 927 594 200 518 922 846 131
10 7 1 1 100 0.75 1 145 929 594 188 518 931 856 131
10 7 1 1 100 0.75 1 146 932 596 184 519 939 864 130
10 7 1 1 100 0.75 1 147 933 601 194 526 943 869 132
10 7 1 1 100 0.75 1 148 938 600 192 523 954 880 128
10 7 1 1 100 0.75 1 149 940 605 190 528 959 885 133
10 7 1 1 100 0.75 1 150 940 611 202 535 963 889 139
10 7 1 1 100 0.75 1 150 940 611 611 535 1102 889 139
10 7 1 1 100 0.75 1 180 940 611 611 535 76 889 139
10 7 1 1 100 0.75 2 181 0 10 10 0 76 0 0
10 7 1 1 100 0.75 2 182 0 20 20 0 76 0 0
10 7 1 1 100 0.75 2 183 0 30 30 0 76 0 0
10 7 1 1 100 0.75 2 184 0 40 40 0 76 0 0
10 7 1 1 100 0.75 2 185 0 50 49 0 76 0 0
10 7 1 1 100 0.75 2 186 0 60 59 0 76 0 0
10 7 1 1 100 0.75 2 187 0 70 69 0 76 0 0
10 7 1 1 100 0.75 2 188 0 80 80 0 76 0 0
10 7 1 1 100 0.75 2 189 4 90 85 0 76 0 0
10 7 1 1 100 0.75 2 190 7 100 93 4 76 0 0
10 7 1 1 100 0.75 2 191 7 110 102 7 76 0 0
10 7 1 1 100 0.75 2 192 14 120 105 7 76 0 0
10 7 1 1 100 0.75 2 193 21 130 105 14 76 0 0
10 7 1 1 100 0.75 2 194 28 140 109 21 76 0 0
10 7 1 1 100 0.75 2 195 30 150 115 28 76 0 0
10 7 1 1 100 0.75 2 196 34 160 123 30 76 0 1
10 7 1 1 100 0.75 2 197 37 170 129 34 76 0 4
10 7 1 1 100 0.75 2 198 46 180 139 37 76 0 4
10 7 1 1 100 0.75 2 199 48 190 146 46 76 0 6
10 7 1 1 100 0.75 2 200 53 200 163 48 76 0 12
10 7 1 1 100 0.75 2 201 63 210 167 53 76 0 17
10 7 1 1 100 0.75 2 202 68 220 175 63 76 0 20
10 7 1 1 100 0.75 2 203 73 230 184 68 76 0 22
10 7 1 1 100 0.75 2 204 79 240 191 73 76 0 25
10 7 1 1 100 0.75 2 205 89 250 192 79 76 0 32
10 7 1 1 100 0.75 2 206 95 260 206 89 76 0 35
10 7 1 1 100 0.75 2 207 100 270 213 95 76 0 38
10 7 1 1 100 0.75 2 208 111 280 220 100 76 0 41
10 7 1 1 100 0.75 2 209 116 290 232 111 76 0 47
10 7 1 1 100 0.75 2 210 123 300 238 116 76 0 53
10 7 1 1 100 0.75 2 211 126 310 252 123 76 0 57
10 7 1 1 100 0.75 2 212 131 318 259 124 78 2 59
10 7 1 1 100 0.75 2 213 139 328 271 129 78 2 67
10 7 1 1 100 0.75 2 214 146 337 276 136 79 3 70
10 7 1 1 100 0.75 2 215 151 346 285 142 80 4 75
10 7 1 1 100 0.75 2 216 159 354 290 145 82 6 79
10 7 1 1 100 0.75 2 217 165 360 301 149 86 10 80
10 7 1 1 100 0.75 2 218 175 367 303 152 89 13 81
10 7 1 1 100 0.75 2 219 184 372 298 157 94 18 78
10 7 1 1 100 0.75 2 220 194 379 305 163 97 21 83
10 7 1 1 100 0.75 2 221 202 387 311 171 99 23 86
10 7 1 1 100 0.75 2 222 209 394 319 176 102 26 88
10 7 1 1 100 0.75 2 223 214 397 314 176 109 33 84
10 7 1 1 100 0.75 2 224 224 401 319 175 115 39 83
10 7 1 1 100 0.75 2 225 237 408 319 182 118 42 88
10 7 1 1 100 0.75 2 226 244 415 335 194 121 45 94
10 7 1 1 100 0.75 2 227 257 419 324 195 127 51 93
10 7 1 1 100 0.75 2 228 266 423 330 202 133 57 94
10 7 1 1 100 0.75 2 229 279 429 327 208 137 61 95
10 7 1 1 100 0.75 2 230 289 435 331 217 141 65 94
10 7 1 1 100 0.75 2 231 298 440 333 223 146 70 92
10 7 1 1 100 0.75 2 232 310 446 333 228 150 74 100
10 7 1 1 100 0.75 2 233 323 449 339 234 157 81 101
10 7 1 1 100 0.75 2 234 339 454 335 242 162 86 108
10 7 1 1 100 0.75 2 235 351 460 337 255 165 90 112
10 7 1 1 100 0.75 2 236 360 462 334 259 173 98 115
10 7 1 1 100 0.75 2 237 375 465 327 263 180 105 114
10 7 1 1 100 0.75 2 238 385 472 338 275 183 108 120
10 7 1 1 100 0.75 2 239 401 480 340 283 185 110 125
10 7 1 1 100 0.75 2 240 410 484 342 295 191 116 122
10 7 1 1 100 0.75 2 241 426 490 347 301 195 120 132
10 7 1 1 100 0.75 2 242 441 496 344 315 198 124 134
10 7 1 1 100 0.75 2 243 453 502 358 327 202 128 138
10 7 1 1 100 0.75 2 244 462 504 342 332 209 136 140
10 7 1 1 100 0.75 2 245 473 505 346 333 218 145 141
10 7 1 1 100 0.75 2 246 483 506 352 336 227 154 147
10 7 1 1 100 0.75 2 247 497 510 339 341 233 160 153
10 7 1 1 100 0.75 2 248 505 514 351 351 239 166 159
10 7 1 1 100 0.75 2 249 520 519 349 355 244 171 166
10 7 1 1 100 0.75 2 250 538 524 354 366 249 176 167
10 7 1 1 100 0.75 2 251 552 526 347 376 257 184 172
10 7 1 1 100 0.75 2 252 565 529 346 385 263 191 175
10 7 1 1 100 0.75 2 253 576 525 339 388 277 205 171
10 7 1 1 100 0.75 2 254 590 521 323 387 291 219 169
10 7 1 1 100 0.75 2 255 599 529 327 402 293 221 175
10 7 1 1 100 0.75 2 256 611 528 331 402 304 232 172
10 7 1 1 100 0.75 2 257 621 530 322 412 312 240 180
10 7 1 1 100 0.75 2 258 630 534 343 417 318 246 190
10 7 1 1 100 0.75 2 259 640 536 331 422 326 254 192
10 7 1 1 100 0.75 2 260 646 540 338 428 332 260 197
10 7 1 1 100 0.75 2 261 652 538 336 426 344 272 195
10 7 1 1 100 0.75 2 262 662 541 330 426 351 279 195
10 7 1 1 100 0.75 2 263 671 540 343 426 362 290 199
10 7 1 1 100 0.75 2 264 685 525 321 413 387 315 182
10 7 1 1 100 0.75 2 265 696 528 309 424 393 322 182
10 7 1 1 100 0.75 2 266 705 535 326 437 395 325 196
10 7 1 1 100 0.75 2 267 712 531 310 434 409 339 189
10 7 1 1 100 0.75 2 268 720 529 299 432 421 351 184
10 7 1 1 100 0.75 2 269 733 532 304 440 428 358 185
10 7 1 1 100 0.75 2 270 742 526 283 438 444 374 176
10 7 1 1 100 0.75 2 271 749 529 289 443 451 381 178
10 7 1 1 100 0.75 2 272 762 526 280 441 463 394 177
10 7 1 1 100 0.75 2 273 768 525 286 446 474 405 178
10 7 1 1 100 0.75 2 274 773 529 296 449 479 411 177
10 7 1 1 100 0.75 2 275 779 527 283 449 491 423 175
10 7 1 1 100 0.75 2 276 783 530 281 451 498 430 176
10 7 1 1 100 0.75 2 277 788 528 276 449 509 442 174
10 7 1 1 100 0.75 2 278 794 521 268 443 526 459 164
10 7 1 1 100 0.75 2 279 801 517 259 438 540 473 157
10 7 1 1 100 0.75 2 280 806 520 259 440 547 480 165
10 7 1 1 100 0.75 2 281 808 522 263 447 555 488 162
10 7 1 1 100 0.75 2 282 812 520 235 440 567 500 159
10 7 1 1 100 0.75 2 283 817 521 255 443 576 509 157
10 7 1 1 100 0.75 2 284 818 520 245 443 587 520 151
10 7 1 1 100 0.75 2 285 821 522 239 441 594 528 154
10 7 1 1 100 0.75 2 286 823 520 239 444 605 540 147
10 7 1 1 100 0.75 2 287 825 517 232 441 618 553 139
10 7 1 1 100 0.75 2 288 827 521 242 441 623 559 139
10 7 1 1 100 0.75 2 289 831 526 236 449 628 564 139
10 7 1 1 100 0.75 2 290 835 523 228 449 641 577 131
10 7 1 1 100 0.75 2 291 837 524 227 448 650 586 130
10 7 1 1 100 0.75 2 292 840 526 239 451 658 594 130
10 7 1 1 100 0.75 2 293 844 528 234 451 665 602 132
10 7 1 1 100 0.75 2 294 848 535 221 461 667 605 134
10 7 1 1 100 0.75 2 295 851 531 224 454 681 619 127
10 7 1 1 100 0.75 2 296 854 530 217 455 691 630 126
10 7 1 1 100 0.75 2 297 856 529 216 453 702 641 125
10 7 1 1 100 0.75 2 298 860 531 221 454 710 649 122
10 7 1 1 100 0.75 2 299 863 535 205 460 716 655 127
10 7 1 1 100 0.75 2 300 864 537 220 462 724 663 126
10 7 1 1 100 0.75 2 301 867 538 214 460 733 672 123
10 7 1 1 100 0.75 2 302 872 542 213 464 739 678 125
10 7 1 1 100 0.75 2 303 874 549 229 473 742 681 131
10 7 1 1 100 0.75 2 304 874 555 218 478 745 685 133
10 7 1 1 100 0.75 2 305 876 556 217 484 754 694 134
10 7 1 1 100 0.75 2 306 879 561 223 485 759 699 135
10 7 1 1 100 0.75 2 307 881 563 221 487 767 707 134
10 7 1 1 100 0.75 2 308 884 564 218 485 775 716 131
10 7 1 1 100 0.75 2 309 888 569 225 490 780 721 136
10 7 1 1 100 0.75 2 310 892 576 207 501 782 724 140
10 7 1 1 100 0.75 2 311 894 577 227 500 791 733 146
10 7 1 1 100 0.75 2 312 895 580 229 503 798 740 143
10 7 1 1 100 0.75 2 313 895 583 225 504 805 747 145
10 7 1 1 100 0.75 2 314 898 583 215 507 815 757 141
10 7 1 1 100 0.75 2 315 900 580 203 505 827 770 132
10 7 1 1 100 0.75 2 316 902 585 204 510 831 775 132
10 7 1 1 100 0.75 2 317 904 586 198 512 839 784 132
10 7 1 1 100 0.75 2 318 906 587 204 512 847 793 127
10 7 1 1 100 0.75 2 319 907 587 214 513 856 803 124
10 7 1 1 100 0.75 2 320 913 592 202 518 861 808 130
10 7 1 1 100 0.75 2 321 914 592 208 518 871 818 128
10 7 1 1 100 0.75 2 322 915 596 229 521 876 824 129
10 7 1 1 100 0.75 2 323 916 601 196 525 881 829 133
10 7 1 1 100 0.75 2 324 917 602 222 526 888 838 131
10 7 1 1 100 0.75 2 325 920 606 208 528 894 844 136
10 7 1 1 100 0.75 2 326 923 609 218 531 901 851 133
10 7 1 1 100 0.75 2 327 926 607 228 535 913 863 131
10 7 1 1 100 0.75 2 328 927 607 221 530 922 873 129
10 7 1 1 100 0.75 2 329 931 610 200 533 929 880 128
10 7 1 1 100 0.75 2 330 932 613 192 540 936 887 132
10 7 1 1 100 0.75 2 330 932 613 613 540 1066 887 132
10 7 1 1 100 0.75 2 360 932 613 613 540 76 887 132
10 7 1 1 100 0.75 3 361 0 10 10 0 76 0 0
10 7 1 1 100 0.75 3 362 0 20 20 0 76 0 0
10 7 1 1 100 0.75 3 363 0 30 30 0 76 0 0
10 7 1 1 100 0.75 3 364 0 40 40 0 76 0 0
10 7 1 1 100 0.75 3 365 0 50 50 0 76 0 0
10 7 1 1 100 0.75 3 366 0 60 60 0 76 0 0
10 7 1 1 100 0.75 3 367 0 70 70 0 76 0 0
10 7 1 1 100 0.75 3 368 1 80 78 0 76 0 0
10 7 1 1 100 0.75 3 369 4 90 84 1 76 0 0
10 7 1 1 100 0.75 3 370 5 100 95 4 76 0 0
10 7 1 1 100 0.75 3 371 9 110 98 5 76 0 0
10 7 1 1 100 0.75 3 372 15 120 105 9 76 0 0
10 7 1 1 100 0.75 3 373 17 130 113 15 76 0 0
10 7 1 1 100 0.75 3 374 23 140 115 17 76 0 0
10 7 1 1 100 0.75 3 375 26 150 123 23 76 0 1
10 7 1 1 100 0.75 3 376 31 160 128 26 76 0 1
10 7 1 1 100 0.75 3 377 41 170 132 31 76 0 4
10 7 1 1 100 0.75 3 378 48 180 138 41 76 0 6
10 7 1 1 100 0.75 3 379 52 190 144 48 76 0 8
10 7 1 1 100 0.75 3 380 56 200 157 52 76 0 12
10 7 1 1 100 0.75 3 381 61 210 165 56 76 0 17
10 7 1 1 100 0.75 3 382 63 220 175 61 76 0 20
10 7 1 1 100 0.75 3 383 68 230 188 63 76 0 25
10 7 1 1 100 0.75 3 384 74 240 195 68 76 0 32
10 7 1 1 100 0.75 3 385 84 250 202 74 76 0 37
10 7 1 1 100 0.75 3 386 90 260 213 84 75 0 42
10 7 1 1 100 0.75 3 387 95 270 220 90 75 0 45
10 7 1 1 100 0.75 3 388 101 280 233 95 74 0 48
10 7 1 1 100 0.75 3 389 106 290 237 101 74 0 50
10 7 1 1 100 0.75 3 390 111 300 246 106 74 0 54
10 7 1 1 100 0.75 3 391 116 310 257 111 74 0 60
10 7 1 1 100 0.75 3 392 122 318 262 114 76 2 62
10 7 1 1 100 0.75 3 393 130 327 270 119 77 3 67
10 7 1 1 100 0.75 3 394 139 336 276 126 78 4 70
10 7 1 1 100 0.75 3 395 145 344 287 133 80 6 72
10 7 1 1 100 0.75 3 396 148 352 295 137 82 8 74
10 7 1 1 100 0.75 3 397 155 359 299 137 85 11 74
10 7 1 1 100 0.75 3 398 164 364 306 139 90 16 74
10 7 1 1 100 0.75 3 399 175 368 297 142 96 22 72
10 7 1 1 100 0.75 3 400 183 373 302 148 101 27 72
10 7 1 1 100 0.75 3 401 197 379 301 152 105 31 74
10 7 1 1 100 0.75 3 402 205 386 306 163 108 34 78
10 7 1 1 100 0.75 3 403 215 393 309 168 111 37 76
10 7 1 1 100 0.75 3 404 222 398 310 173 116 42 75
10 7 1 1 100 0.75 3 405 231 404 310 177 120 46 76
10 7 1 1 100 0.75 3 406 245 412 316 184 122 48 82
10 7 1 1 100 0.75 3 407 254 418 320 194 126 52 85
10 7 1 1 100 0.75 3 408 264 426 327 201 128 54 89
10 7 1 1 100 0.75 3 409 275 431 331 206 133 59 95
10 7 1 1 100 0.75 3 410 290 434 328 211 140 66 97
10 7 1 1 100 0.75 3 411 305 440 330 222 144 70 99
10 7 1 1 100 0.75 3 412 313 444 331 231 149 76 97
10 7 1 1 100 0.75 3 413 325 451 333 236 152 79 106
10 7 1 1 100 0.75 3 414 342 457 336 244 156 83 111
10 7 1 1 100 0.75 3 415 358 459 331 253 164 91 110
10 7 1 1 100 0.75 3 416 369 465 341 265 168 95 116
10 7 1 1 100 0.75 3 417 374 473 347 274 170 97 124
10 7 1 1 100 0.75 3 418 386 476 348 273 177 104 129
10 7 1 1 100 0.75 3 419 396 483 350 283 180 107 133
10 7 1 1 100 0.75 3 420 414 489 358 289 184 111 140
10 7 1 1 100 0.75 3 421 426 494 354 307 189 116 144
10 7 1 1 100 0.75 3 422 441 497 356 315 196 123 151
10 7 1 1 100 0.75 3 423 449 506 360 330 197 124 158
10 7 1 1 100 0.75 3 424 459 506 354 330 207 134 155
10 7 1 1 100 0.75 3 425 470 508 346 333 215 142 153
10 7 1 1 100 0.75 3 426 479 513 362 342 220 147 158
10 7 1 1 100 0.75 3 427 489 514 362 343 229 156 166
10 7 1 1 100 0.75 3 428 505 516 358 348 237 164 173
10 7 1 1 100 0.75 3 429 523 513 349 351 250 177 169
10 7 1 1 100 0.75 3 430 544 519 355 366 254 181 176
10 7 1 1 100 0.75 3 431 557 522 346 381 261 188 177
10 7 1 1 100 0.75 3 432 565 522 342 385 271 198 175
10 7 1 1 100 0.75 3 433 582 523 336 385 280 207 174
10 7 1 1 100 0.75 3 434 594 523 327 394 290 217 171
10 7 1 1 100 0.75 3 435 606 525 323 400 297 225 177
10 7 1 1 100 0.75 3 436 621 529 329 408 303 231 184
10 7 1 1 100 0.75 3 437 631 527 325 414 315 243 193
10 7 1 1 100 0.75 3 438 640 524 322 413 328 256 192
10 7 1 1 100 0.75 3 439 652 526 319 420 336 264 192
10 7 1 1 100 0.75 3 440 665 523 312 419 349 277 190
10 7 1 1 100 0.75 3 441 678 530 324 431 352 280 200
10 7 1 1 100 0.75 3 442 691 527 305 432 365 293 200
10 7 1 1 100 0.75 3 443 698 525 298 436 377 305 196
10 7 1 1 100 0.75 3 444 702 527 311 438 385 313 201
10 7 1 1 100 0.75 3 445 710 526 298 435 396 324 202
10 7 1 1 100 0.75 3 446 721 521 293 434 411 339 199
10 7 1 1 100 0.75 3 447 727 518 289 440 424 352 198
10 7 1 1 100 0.75 3 448 730 525 294 446 427 355 209
10 7 1 1 100 0.75 3 449 740 525 293 441 437 365 208
10 7 1 1 100 0.75 3 450 744 525 290 444 447 375 206
10 7 1 1 100 0.75 3 451 748 524 286 440 458 386 204
10 7 1 1 100 0.75 3 452 755 524 288 442 468 396 203
10 7 1 1 100 0.75 3 453 758 518 275 438 484 412 201
10 7 1 1 100 0.75 3 454 760 515 276 434 497 425 198
10 7 1 1 100 0.75 3 455 764 511 260 427 510 439 188
10 7 1 1 100 0.75 3 456 769 511 276 433 520 449 187
10 7 1 1 100 0.75 3 457 774 508 240 432 532 462 183
10 7 1 1 100 0.75 3 458 778 505 246 430 545 475 173
10 7 1 1 100 0.75 3 459 783 505 252 430 555 485 177
10 7 1 1 100 0.75 3 460 785 506 250 430 564 494 178
10 7 1 1 100 0.75 3 461 788 505 239 428 574 505 171
10 7 1 1 100 0.75 3 462 793 504 262 428 584 516 174
10 7 1 1 100 0.75 3 463 798 492 228 415 605 538 163
10 7 1 1 100 0.75 3 464 803 494 240 416 613 546 161
10 7 1 1 100 0.75 3 465 808 495 227 419 622 555 156
10 7 1 1 100 0.75 3 466 814 496 234 419 631 564 155
10 7 1 1 100 0.75 3 467 817 494 222 416 643 576 151
10 7 1 1 100 0.75 3 468 819 496 223 415 651 584 153
10 7 1 1 100 0.75 3 469 825 497 214 419 660 593 153
10 7 1 1 100 0.75 3 470 828 501 202 424 666 599 154
10 7 1 1 100 0.75 3 471 829 502 216 425 675 608 156
10 7 1 1 100 0.75 3 472 835 504 204 427 683 616 156
10 7 1 1 100 0.75 3 473 837 502 210 429 695 628 150
10 7 1 1 100 0.75 3 474 839 503 209 427 704 637 145
10 7 1 1 100 0.75 3 475 849 503 217 424 713 647 141
10 7 1 1 100 0.75 3 476 850 509 195 436 717 651 148
10 7 1 1 100 0.75 3 477 851 506 215 430 730 664 139
10 7 1 1 100 0.75 3 478 855 509 209 433 736 671 141
10 7 1 1 100 0.75 3 479 862 511 214 433 744 679 142
10 7 1 1 100 0.75 3 480 868 510 202 433 755 690 137
10 7 1 1 100 0.75 3 481 872 513 209 436 761 697 134
10 7 1 1 100 0.75 3 482 873 513 212 436 770 707 135
10 7 1 1 100 0.75 3 483 876 514 215 435 779 716 134
10 7 1 1 100 0.75 3 484 877 518 193 439 785 722 133
10 7 1 1 100 0.75 3 485 881 514 197 436 799 736 123
10 7 1 1 100 0.75 3 486 882 516 184 439 807 744 121
10 7 1 1 100 0.75 3 487 884 518 186 443 815 752 121
10 7 1 1 100 0.75 3 488 886 518 188 443 825 762 118
10 7 1 1 100 0.75 3 489 889 524 197 448 829 766 119
10 7 1 1 100 0.75 3 490 893 527 188 451 835 773 120
10 7 1 1 100 0.75 3 491 894 528 197 453 844 782 120
10 7 1 1 100 0.75 3 492 896 528 172 453 854 792 118
10 7 1 1 100 0.75 3 493 900 535 187 457 857 795 121
10 7 1 1 100 0.75 3 494 905 540 176 462 862 800 126
10 7 1 1 100 0.75 3 495 907 543 187 468 869 807 125
10 7 1 1 100 0.75 3 496 908 546 188 470 875 814 124
10 7 1 1 100 0.75 3 497 909 549 186 472 882 821 124
10 7 1 1 100 0.75 3 498 912 552 190 476 889 828 127
10 7 1 1 100 0.75 3 499 917 558 196 480 893 832 132
10 7 1 1 100 0.75 3 500 918 559 191 479 902 841 131
10 7 1 1 100 0.75 3 501 920 561 200 486 910 849 128
10 7 1 1 100 0.75 3 502 921 562 188 486 919 858 130
10 7 1 1 100 0.75 3 503 924 566 184 489 925 864 130
10 7 1 1 100 0.75 3 504 925 573 197 497 928 867 132
10 7 1 1 100 0.75 3 505 925 578 195 503 933 872 134
10 7 1 1 100 0.75 3 506 928 581 190 506 940 879 130
10 7 1 1 100 0.75 3 507 929 574 191 500 957 896 124
10 7 1 1 100 0.75 3 508 931 579 187 506 961 901 125
10 7 1 1 100 0.75 3 509 934 580 199 504 968 910 123
10 7 1 1 100 0.75 3 510 936 582 192 508 974 918 126
10 7 1 1 100 0.75 3 510 936 582 582 508 1100 918 126
10 7 1 1 100 0.75 3 540 936 582 582 508 76 918 126
10 7 1 1 100 0.75 4 541 0 10 10 0 76 0 0
10 7 1 1 100 0.75 4 542 0 20 20 0 76 0 0
10 7 1 1 100 0.75 4 543 0 30 30 0 76 0 0
10 7 1 1 100 0.75 4 544 0 40 40 0 76 0 0
10 7 1 1 100 0.75 4 545 0 50 50 0 76 0 0
10 7 1 1 100 0.75 4 546 0 60 58 0 76 0 0
10 7 1 1 100 0.75 4 547 0 70 70 0 76 0 0
10 7 1 1 100 0.75 4 548 2 80 78 0 76 0 0
10 7 1 1 100 0.75 4 549 7 90 82 2 76 0 0
10 7 1 1 100 0.75 4 550 9 100 90 7 76 0 0
10 7 1 1 100 0.75 4 551 14 110 92 9 76 0 0
10 7 1 1 100 0.75 4 552 18 120 101 14 76 0 0
10 7 1 1 100 0.75 4 553 24 130 104 18 76 0 0
10 7 1 1 100 0.75 4 554 26 140 111 24 76 0 0
10 7 1 1 100 0.75 4 555 31 150 118 26 76 0 1
10 7 1 1 100 0.75 4 556 36 160 126 31 76 0 3
10 7 1 1 100 0.75 4 557 43 170 131 36 76 0 6
10 7 1 1 100 0.75 4 558 43 180 143 43 76 0 8
10 7 1 1 100 0.75 4 559 47 190 153 43 76 0 12
10 7 1 1 100 0.75 4 560 53 200 162 47 76 0 17
10 7 1 1 100 0.75 4 561 61 210 170 53 76 0 20
10 7 1 1 100 0.75 4 562 64 220 179 61 76 0 22
10 7 1 1 100 0.75 4 563 69 230 189 64 76 0 26
10 7 1 1 100 0.75 4 564 77 240 196 69 76 0 30
10 7 1 1 100 0.75 4 565 80 250 206 77 76 0 33
10 7 1 1 100 0.75 4 566 86 260 213 80 76 0 36
10 7 1 1 100 0.75 4 567 92 270 218 86 76 0 40
10 7 1 1 100 0.75 4 568 95 280 236 92 76 0 46
10 7 1 1 100 0.75 4 569 110 290 234 95 76 0 53
10 7 1 1 100 0.75 4 570 111 300 245 110 76 0 57
10 7 1 1 100 0.75 4 571 118 310 258 111 76 0 63
10 7 1 1 100 0.75 4 572 127 317 257 115 79 3 61
10 7 1 1 100 0.75 4 573 136 326 264 123 80 4 63
10 7 1 1 100 0.75 4 574 143 333 276 129 83 7 65
10 7 1 1 100 0.75 4 575 151 341 274 134 85 9 64
10 7 1 1 100 0.75 4 576 156 347 283 138 89 13 65
10 7 1 1 100 0.75 4 577 166 354 285 140 92 16 68
10 7 1 1 100 0.75 4 578 171 360 288 146 96 20 66
10 7 1 1 100 0.75 4 579 177 367 298 148 99 23 70
10 7 1 1 100 0.75 4 580 195 373 297 150 103 27 70
10 7 1 1 100 0.75 4 581 204 380 297 165 106 30 73
10 7 1 1 100 0.75 4 582 215 389 307 173 107 31 78
10 7 1 1 100 0.75 4 583 221 396 315 181 110 34 79
10 7 1 1 100 0.75 4 584 231 405 320 186 111 35 85
10 7 1 1 100 0.75 4 585 244 409 314 191 117 41 83
10 7 1 1 100 0.75 4 586 255 412 318 197 124 48 82
10 7 1 1 100 0.75 4 587 268 414 308 200 132 56 84
10 7 1 1 100 0.75 4 588 279 420 323 209 136 60 91
10 7 1 1 100 0.75 4 589 292 426 320 216 140 64 97
10 7 1 1 100 0.75 4 590 301 435 328 230 141 65 98
10 7 1 1 100 0.75 4 591 314 443 330 237 143 67 101
10 7 1 1 100 0.75 4 592 329 449 335 246 147 71 109
10 7 1 1 100 0.75 4 593 343 454 334 257 152 76 111
10 7 1 1 100 0.75 4 594 353 458 331 265 158 82 114
10 7 1 1 100 0.75 4 595 372 465 341 273 161 85 122
10 7 1 1 100 0.75 4 596 380 470 340 287 166 90 128
10 7 1 1 100 0.75 4 597 391 473 350 288 173 97 127
10 7 1 1 100 0.75 4 598 406 481 348 297 175 99 132
10 7 1 1 100 0.75 4 599 417 486 348 309 180 104 138
10 7 1 1 100 0.75 4 600 431 489 344 314 187 111 145
10 7 1 1 100 0.75 4 601 444 494 358 323 192 116 148
10 7 1 1 100 0.75 4 602 456 495 360 328 201 125 151
10 7 1 1 100 0.75 4 603 471 498 351 333 208 132 155
10 7 1 1 100 0.75 4 604 485 497 349 339 219 143 151
10 7 1 1 100 0.75 4 605 500 504 347 350 222 146 156
10 7 1 1 100 0.75 4 606 518 507 341 360 229 153 163
10 7 1 1 100 0.75 4 607 529 511 339 373 235 159 169
10 7 1 1 100 0.75 4 608 539 512 340 376 244 168 167
10 7 1 1 100 0.75 4 609 553 514 336 380 252 176 167
10 7 1 1 100 0.75 4 610 563 519 345 390 257 181 172
10 7 1 1 100 0.75 4 611 576 521 335 392 265 189 178
10 7 1 1 100 0.75 4 612 589 519 341 394 277 201 179
10 7 1 1 100 0.75 4 613 600 521 334 400 285 209 188
10 7 1 1 100 0.75 4 614 611 521 330 404 295 219 194
10 7 1 1 100 0.75 4 615 618 522 329 406 304 228 188
10 7 1 1 100 0.75 4 616 632 521 333 406 315 239 187
10 7 1 1 100 0.75 4 617 640 523 322 414 323 247 187
10 7 1 1 100 0.75 4 618 651 524 308 414 332 256 187
10 7 1 1 100 0.75 4 619 659 522 317 416 344 268 185
10 7 1 1 100 0.75 4 620 673 521 309 417 355 279 186
10 7 1 1 100 0.75 4 621 686 526 317 429 360 284 192
10 7 1 1 100 0.75 4 622 693 521 298 429 375 299 183
10 7 1 1 100 0.75 4 623 701 521 301 427 385 309 187
10 7 1 1 100 0.75 4 624 708 516 286 423 400 324 182
10 7 1 1 100 0.75 4 625 715 514 291 423 412 336 179
10 7 1 1 100 0.75 4 626 720 514 287 425 422 346 181
10 7 1 1 100 0.75 4 627 728 517 275 427 429 353 185
10 7 1 1 100 0.75 4 628 740 521 297 432 435 359 195
10 7 1 1 100 0.75 4 629 743 513 272 432 453 377 187
10 7 1 1 100 0.75 4 630 745 510 277 426 466 390 179
10 7 1 1 100 0.75 4 631 755 505 261 417 481 405 176
10 7 1 1 100 0.75 4 632 764 508 263 423 487 412 177
10 7 1 1 100 0.75 4 633 773 507 263 426 498 423 170
10 7 1 1 100 0.75 4 634 776 507 267 429 508 433 165
10 7 1 1 100 0.75 4 635 777 512 258 431 513 438 170
10 7 1 1 100 0.75 4 636 782 515 254 431 520 445 172
10 7 1 1 100 0.75 4 637 787 516 242 433 529 454 166
10 7 1 1 100 0.75 4 638 794 513 249 430 542 467 162
10 7 1 1 100 0.75 4 639 799 509 233 430 556 481 153
10 7 1 1 100 0.75 4 640 804 509 238 428 566 491 159
10 7 1 1 100 0.75 4 641 809 511 230 433 574 499 160
10 7 1 1 100 0.75 4 642 813 511 234 433 583 509 156
10 7 1 1 100 0.75 4 643 815 513 222 435 591 517 153
10 7 1 1 100 0.75 4 644 817 505 227 427 609 535 141
10 7 1 1 100 0.75 4 645 821 506 218 427 617 544 144
10 7 1 1 100 0.75 4 646 825 499 217 420 634 561 133
10 7 1 1 100 0.75 4 647 828 503 209 425 640 567 140
10 7 1 1 100 0.75 4 648 831 506 202 429 647 574 141
10 7 1 1 100 0.75 4 649 838 513 210 435 650 577 148
10 7 1 1 100 0.75 4 650 840 511 200 439 662 589 139
10 7 1 1 100 0.75 4 651 844 512 210 436 670 598 141
10 7 1 1 100 0.75 4 652 847 514 208 437 678 606 137
10 7 1 1 100 0.75 4 653 850 519 204 441 683 611 140
10 7 1 1 100 0.75 4 654 856 525 209 450 687 615 144
10 7 1 1 100 0.75 4 655 859 521 209 445 701 629 138
10 7 1 1 100 0.75 4 656 860 522 211 445 709 638 139
10 7 1 1 100 0.75 4 657 863 525 205 450 716 645 142
10 7 1 1 100 0.75 4 658 864 530 213 452 720 650 141
10 7 1 1 100 0.75 4 659 867 533 216 453 727 657 138
10 7 1 1 100 0.75 4 660 870 535 214 454 735 665 141
10 7 1 1 100 0.75 4 661 872 540 223 462 740 670 148
10 7 1 1 100 0.75 4 662 874 543 220 464 747 677 147
10 7 1 1 100 0.75 4 663 877 544 221 465 755 686 147
10 7 1 1 100 0.75 4 664 878 538 211 463 771 702 139
10 7 1 1 100 0.75 4 665 878 540 204 465 779 710 135
10 7 1 1 100 0.75 4 666 879 545 218 466 784 715 134
10 7 1 1 100 0.75 4 667 881 549 200 473 790 721 141
10 7 1 1 100 0.75 4 668 883 551 212 473 798 729 141
10 7 1 1 100 0.75 4 669 886 551 190 474 808 739 139
10 7 1 1 100 0.75 4 670 889 555 211 480 814 745 143
10 7 1 1 100 0.75 4 671 891 557 206 481 821 753 147
10 7 1 1 100 0.75 4 672 892 557 217 481 830 763 143
10 7 1 1 100 0.75 4 673 893 561 209 482 836 769 145
10 7 1 1 100 0.75 4 674 896 562 196 483 845 778 145
10 7 1 1 100 0.75 4 675 897 564 190 485 852 786 145
10 7 1 1 100 0.75 4 676 899 564 200 487 862 796 138
10 7 1 1 100 0.75 4 677 904 565 190 487 871 805 141
10 7 1 1 100 0.75 4 678 905 565 194 490 881 815 136
10 7 1 1 100 0.75 4 679 907 569 199 491 887 821 135
10 7 1 1 100 0.75 4 680 910 572 197 495 894 828 133
10 7 1 1 100 0.75 4 681 914 574 196 500 901 836 129
10 7 1 1 100 0.75 4 682 915 579 185 506 906 841 134
10 7 1 1 100 0.75 4 683 917 583 185 506 911 847 136
10 7 1 1 100 0.75 4 684 920 584 183 508 920 856 138
10 7 1 1 100 0.75 4 685 924 589 197 514 924 861 139
10 7 1 1 100 0.75 4 686 926 593 207 520 930 867 141
10 7 1 1 100 0.75 4 687 929 593 200 521 940 877 138
10 7 1 1 100 0.75 4 688 930 594 194 522 949 886 137
10 7 1 1 100 0.75 4 689 931 590 188 511 962 900 129
10 7 1 1 100 0.75 4 690 934 587 178 514 975 913 119
10 7 1 1 100 0.75 4 690 934 587 587 514 1093 913 119
10 7 1 1 100 0.75 4 720 934 587 587 514 76 913 119
10 7 1 1 100 0.75 5 721 0 10 10 0 76 0 0
10 7 1 1 100 0.75 5 722 0 20 20 0 76 0 0
10 7 1 1 100 0.75 5 723 0 30 30 0 76 0 0
10 7 1 1 100 0.75 5 724 0 40 40 0 76 0 0
10 7 1 1 100 0.75 5 725 0 50 50 0 76 0 0
10 7 1 1 100 0.75 5 726 0 60 59 0 76 0 0
10 7 1 1 100 0.75 5 727 1 70 69 0 76 0 0
10 7 1 1 100 0.75 5 728 2 80 76 1 76 0 0
10 7 1 1 100 0.75 5 729 3 90 87 2 76 0 0
10 7 1 1 100 0.75 5 730 9 100 89 3 76 0 0
10 7 1 1 100 0.75 5 731 11 110 97 9 76 0 0
10 7 1 1 100 0.75 5 732 14 120 100 11 76 0 0
10 7 1 1 100 0.75 5 733 23 130 105 14 76 0 0
10 7 1 1 100 0.75 5 734 27 140 110 23 76 0 0
10 7 1 1 100 0.75 5 735 31 150 119 27 76 0 0
10 7 1 1 100 0.75 5 736 36 160 123 31 76 0 0
10 7 1 1 100 0.75 5 737 40 170 137 36 76 0 6
10 7 1 1 100 0.75 5 738 45 180 143 40 76 0 8
10 7 1 1 100 0.75 5 739 49 190 152 45 76 0 9
10 7 1 1 100 0.75 5 740 56 200 155 49 76 0 14
10 7 1 1 100 0.75 5 741 57 210 175 56 76 0 17
10 7 1 1 100 0.75 5 742 64 220 181 57 76 0 22
10 7 1 1 100 0.75 5 743 70 230 189 64 76 0 26
10 7 1 1 100 0.75 5 744 75 240 196 70 76 0 28
10 7 1 1 100 0.75 5 745 79 250 209 75 76 0 31
10 7 1 1 100 0.75 5 746 86 260 216 79 76 0 36
10 7 1 1 100 0.75 5 747 93 270 223 86 76 0 41
10 7 1 1 100 0.75 5 748 98 280 230 93 76 0 43
10 7 1 1 100 0.75 5 749 104 290 239 98 76 0 46
10 7 1 1 100 0.75 5 750 110 300 251 104 76 0 53
10 7 1 1 100 0.75 5 751 117 310 260 110 76 0 57
10 7 1 1 100 0.75 5 752 122 319 269 116 77 1 59
10 7 1 1 100 0.75 5 753 126 329 276 121 77 1 61
10 7 1 1 100 0.75 5 754 131 337 284 123 79 3 64
10 7 1 1 100 0.75 5 755 142 343 282 124 83 7 67
10 7 1 1 100 0.75 5 756 155 350 285 132 86 10 69
10 7 1 1 100 0.75 5 757 162 354 284 139 92 16 65
10 7 1 1 100 0.75 5 758 170 362 298 144 94 18 69
10 7 1 1 100 0.75 5 759 179 367 300 147 99 23 70
10 7 1 1 100 0.75 5 760 185 376 306 155 100 24 72
10 7 1 1 100 0.75 5 761 193 383 305 158 103 27 74
10 7 1 1 100 0.75 5 762 202 389 316 162 107 31 78
10 7 1 1 100 0.75 5 763 217 394 311 166 112 36 81
10 7 1 1 100 0.75 5 764 226 402 321 179 114 38 87
10 7 1 1 100 0.75 5 765 234 409 326 185 117 41 91
10 7 1 1 100 0.75 5 766 243 413 326 187 123 47 91
10 7 1 1 100 0.75 5 767 251 422 327 195 124 48 96
10 7 1 1 100 0.75 5 768 258 428 336 200 128 52 95
10 7 1 1 100 0.75 5 769 270 435 340 204 131 55 98
10 7 1 1 100 0.75 5 770 282 437 337 208 139 63 100
10 7 1 1 100 0.75 5 771 295 439 336 212 147 71 100
10 7 1 1 100 0.75 5 772 305 448 342 224 148 72 103
10 7 1 1 100 0.75 5 773 315 455 347 231 151 75 108
10 7 1 1 100 0.75 5 774 324 458 343 236 158 82 107
10 7 1 1 100 0.75 5 775 333 463 353 241 163 87 109
10 7 1 1 100 0.75 5 776 346 466 344 243 170 94 107
10 7 1 1 100 0.75 5 777 357 473 350 254 173 97 114
10 7 1 1 100 0.75 5 778 366 474 349 256 182 106 114
10 7 1 1 100 0.75 5 779 381 478 353 260 188 112 118
10 7 1 1 100 0.75 5 780 396 482 343 270 194 118 120
10 7 1 1 100 0.75 5 781 408 488 348 282 198 122 125
10 7 1 1 100 0.75 5 782 419 495 350 294 200 125 126
10 7 1 1 100 0.75 5 783 437 497 348 298 208 133 128
10 7 1 1 100 0.75 5 784 448 499 343 308 216 141 130
10 7 1 1 100 0.75 5 785 457 502 344 313 223 148 130
10 7 1 1 100 0.75 5 786 469 505 339 317 230 155 135
10 7 1 1 100 0.75 5 787 480 509 346 324 236 161 141
10 7 1 1 100 0.75 5 788 487 513 340 333 242 167 145
10 7 1 1 100 0.75 5 789 505 518 346 337 247 172 150
10 7 1 1 100 0.75 5 790 515 524 351 354 251 176 158
10 7 1 1 100 0.75 5 791 527 529 355 360 256 181 169
10 7 1 1 100 0.75 5 792 541 527 348 362 268 193 168
10 7 1 1 100 0.75 5 793 546 532 353 375 273 198 168
10 7 1 1 100 0.75 5 794 560 532 349 372 283 208 171
10 7 1 1 100 0.75 5 795 576 538 357 383 287 212 179
10 7 1 1 100 0.75 5 796 589 538 344 389 297 222 183
10 7 1 1 100 0.75 5 797 601 539 354 395 306 231 182
10 7 1 1 100 0.75 5 798 615 540 341 398 315 240 184
10 7 1 1 100 0.75 5 799 628 545 348 410 320 245 190
10 7 1 1 100 0.75 5 800 638 545 341 417 330 255 190
10 7 1 1 100 0.75 5 801 645 545 341 419 340 265 189
10 7 1 1 100 0.75 5 802 655 546 339 418 349 274 189
10 7 1 1 100 0.75 5 803 672 546 332 423 359 284 193
10 7 1 1 100 0.75 5 804 682 543 323 432 372 297 187
10 7 1 1 100 0.75 5 805 701 543 324 433 381 307 190
10 7 1 1 100 0.75 5 806 710 540 324 440 394 320 194
10 7 1 1 100 0.75 5 807 719 541 314 445 403 329 190
10 7 1 1 100 0.75 5 808 726 539 311 444 415 341 186
10 7 1 1 100 0.75 5 809 734 538 314 444 426 352 187
10 7 1 1 100 0.75 5 810 744 537 301 443 437 363 190
10 7 1 1 100 0.75 5 811 754 535 289 446 449 375 191
10 7 1 1 100 0.75 5 812 762 534 283 447 460 386 191
10 7 1 1 100 0.75 5 813 769 533 288 450 471 397 193
10 7 1 1 100 0.75 5 814 775 533 291 453 480 407 195
10 7 1 1 100 0.75 5 815 779 529 276 448 494 421 189
10 7 1 1 100 0.75 5 816 785 529 279 448 504 431 191
10 7 1 1 100 0.75 5 817 788 530 269 451 513 440 190
10 7 1 1 100 0.75 5 818 791 534 280 452 519 446 198
10 7 1 1 100 0.75 5 819 794 532 285 452 531 458 191
10 7 1 1 100 0.75 5 820 799 531 276 453 541 469 196
10 7 1 1 100 0.75 5 821 803 531 270 454 551 479 190
10 7 1 1 100 0.75 5 822 809 531 256 449 561 489 189
10 7 1 1 100 0.75 5 823 814 532 247 453 570 498 190
10 7 1 1 100 0.75 5 824 819 528 248 451 583 512 178
10 7 1 1 100 0.75 5 825 824 522 220 446 598 528 169
10 7 1 1 100 0.75 5 826 827 520 241 445 610 540 167
10 7 1 1 100 0.75 5 827 831 521 233 443 619 549 164
10 7 1 1 100 0.75 5 828 835 522 233 446 628 558 161
10 7 1 1 100 0.75 5 829 840 525 230 448 635 565 158
10 7 1 1 100 0.75 5 830 842 521 232 444 649 579 156
10 7 1 1 100 0.75 5 831 843 516 223 435 664 594 149
10 7 1 1 100 0.75 5 832 849 516 217 436 673 604 150
10 7 1 1 100 0.75 5 833 851 519 232 441 680 611 150
10 7 1 1 100 0.75 5 834 854 519 220 441 689 621 147
10 7 1 1 100 0.75 5 835 858 516 221 440 702 634 143
10 7 1 1 100 0.75 5 836 858 510 197 437 717 650 134
10 7 1 1 100 0.75 5 837 860 512 214 435 724 658 133
10 7 1 1 100 0.75 5 838 865 515 207 437 731 665 132
10 7 1 1 100 0.75 5 839 867 515 184 441 739 675 130
10 7 1 1 100 0.75 5 840 868 520 215 446 744 680 132
10 7 1 1 100 0.75 5 841 869 525 205 454 748 685 134
10 7 1 1 100 0.75 5 842 873 528 203 452 755 692 135
10 7 1 1 100 0.75 5 843 879 533 205 458 758 697 141
10 7 1 1 100 0.75 5 844 880 533 202 459 768 707 136
10 7 1 1 100 0.75 5 845 883 531 209 455 780 719 132
10 7 1 1 100 0.75 5 846 887 535 204 459 786 725 131
10 7 1 1 100 0.75 5 847 889 536 199 461 795 734 133
10 7 1 1 100 0.75 5 848 892 537 185 463 803 743 126
10 7 1 1 100 0.75 5 849 892 542 202 466 808 748 127
10 7 1 1 100 0.75 5 850 895 546 190 472 814 754 131
10 7 1 1 100 0.75 5 851 898 545 217 468 825 765 125
10 7 1 1 100 0.75 5 852 899 547 180 470 832 773 124
10 7 1 1 100 0.75 5 853 900 552 198 477 836 778 126
10 7 1 1 100 0.75 5 854 901 552 201 475 846 788 122
10 7 1 1 100 0.75 5 855 905 556 207 479 852 794 125
10 7 1 1 100 0.75 5 856 908 561 193 485 857 799 129
10 7 1 1 100 0.75 5 857 912 565 208 491 863 805 126
10 7 1 1 100 0.75 5 858 914 566 196 491 872 814 125
10 7 1 1 100 0.75 5 859 916 567 200 493 881 823 125
10 7 1 1 100 0.75 5 860 917 571 179 497 887 829 129
10 7 1 1 100 0.75 5 861 919 574 196 497 893 836 128
10 7 1 1 100 0.75 5 862 922 575 173 497 901 845 129
10 7 1 1 100 0.75 5 863 923 578 193 505 907 852 130
10 7 1 1 100 0.75 5 864 923 581 188 507 914 859 129
10 7 1 1 100 0.75 5 865 924 583 189 506 922 867 131
10 7 1 1 100 0.75 5 866 927 583 185 504 931 877 132
10 7 1 1 100 0.75 5 867 929 588 179 514 936 882 136
10 7 1 1 100 0.75 5 868 930 591 204 515 943 889 132
10 7 1 1 100 0.75 5 869 932 594 201 520 950 896 131
10 7 1 1 100 0.75 5 870 935 601 209 522 952 899 136
10 7 1 1 100 0.75 5 870 935 601 601 522 1087 899 136
10 7 1 1 100 0.75 5 900 935 601 601 522 76 899 136
10 7 1 1 100 0.75 6 901 0 10 10 0 76 0 0
10 7 1 1 100 0.75 6 902 0 20 20 0 76 0 0
10 7 1 1 100 0.75 6 903 0 30 30 0 76 0 0
10 7 1 1 100 0.75 6 904 0 40 39 0 76 0 0
10 7 1 1 100 0.75 6 905 0 50 50 0 76 0 0
10 7 1 1 100 0.75 6 906 0 60 59 0 76 0 0
10 7 1 1 100 0.75 6 907 0 70 68 0 76 0 0
10 7 1 1 100 0.75 6 908 1 80 77 0 76 0 0
10 7 1 1 100 0.75 6 909 2 90 87 1 76 0 0
10 7 1 1 100 0.75 6 910 7 100 90 2 76 0 0
10 7 1 1 100 0.75 6 911 10 110 97 7 76 0 0
10 7 1 1 100 0.75 6 912 13 120 102 10 76 0 0
10 7 1 1 100 0.75 6 913 17 130 110 13 76 0 0
10 7 1 1 100 0.75 6 914 23 140 114 17 76 0 0
10 7 1 1 100 0.75 6 915 31 150 119 23 76 0 1
10 7 1 1 100 0.75 6 916 38 160 121 31 76 0 1
10 7 1 1 100 0.75 6 917 43 170 129 38 76 0 3
10 7 1 1 100 0.75 6 918 48 180 137 43 76 0 5
10 7 1 1 100 0.75 6 919 51 190 147 48 76 0 7
10 7 1 1 100 0.75 6 920 60 200 150 51 76 0 9
10 7 1 1 100 0.75 6 921 65 210 161 60 76 0 13
10 7 1 1 100 0.75 6 922 69 220 172 65 76 0 17
10 7 1 1 100 0.75 6 923 75 230 178 69 76 0 23
10 7 1 1 100 0.75 6 924 80 240 191 75 76 0 27
10 7 1 1 100 0.75 6 925 86 250 196 80 76 0 31
10 7 1 1 100 0.75 6 926 94 260 206 86 76 0 34
10 7 1 1 100 0.75 6 927 106 270 212 94 76 0 41
10 7 1 1 100 0.75 6 928 108 280 222 106 76 0 45
10 7 1 1 100 0.75 6 929 111 290 238 108 76 0 46
10 7 1 1 100 0.75 6 930 114 299 244 110 77 1 46
10 7 1 1 100 0.75 6 931 118 309 258 113 76 1 47
10 7 1 1 100 0.75 6 932 127 318 261 116 77 2 52
10 7 1 1 100 0.75 6 933 131 327 274 124 78 3 58
10 7 1 1 100 0.75 6 934 142 337 279 128 77 3 66
10 7 1 1 100 0.75 6 935 151 346 288 138 78 4 70
10 7 1 1 100 0.75 6 936 158 353 290 144 81 7 69
10 7 1 1 100 0.75 6 937 164 361 299 149 83 9 70
10 7 1 1 100 0.75 6 938 169 367 299 151 87 13 68
10 7 1 1 100 0.75 6 939 173 371 307 150 93 19 69
10 7 1 1 100 0.75 6 940 186 379 306 152 95 21 71
10 7 1 1 100 0.75 6 941 203 383 305 159 101 27 72
10 7 1 1 100 0.75 6 942 209 388 310 171 106 32 75
10 7 1 1 100 0.75 6 943 215 393 309 172 111 37 74
10 7 1 1 100 0.75 6 944 223 403 319 178 111 37 77
10 7 1 1 100 0.75 6 945 234 411 322 184 113 39 79
10 7 1 1 100 0.75 6 946 241 418 327 192 116 42 81
10 7 1 1 100 0.75 6 947 253 424 333 195 120 46 85
10 7 1 1 100 0.75 6 948 263 431 341 204 123 49 93
10 7 1 1 100 0.75 6 949 270 439 345 212 125 51 98
10 7 1 1 100 0.75 6 950 279 445 352 215 129 55 98
10 7 1 1 100 0.75 6 951 287 450 353 219 134 60 97
10 7 1 1 100 0.75 6 952 301 453 352 221 141 67 94
10 7 1 1 100 0.75 6 953 316 456 349 229 148 74 96
10 7 1 1 100 0.75 6 954 326 463 354 241 151 77 100
10 7 1 1 100 0.75 6 955 338 469 353 247 155 81 103
10 7 1 1 100 0.75 6 956 360 476 355 256 158 84 110
10 7 1 1 100 0.75 6 957 370 482 349 275 162 88 110
10 7 1 1 100 0.75 6 958 380 488 356 281 166 92 110
10 7 1 1 100 0.75 6 959 392 488 351 281 176 102 106
10 7 1 1 100 0.75 6 960 406 494 353 291 180 106 111
10 7 1 1 100 0.75 6 961 422 498 360 299 185 112 119
10 7 1 1 100 0.75 6 962 435 504 356 313 189 116 122
10 7 1 1 100 0.75 6 963 447 507 359 319 196 123 125
10 7 1 1 100 0.75 6 964 462 512 372 328 201 128 133
10 7 1 1 100 0.75 6 965 474 513 363 335 210 137 131
10 7 1 1 100 0.75 6 966 486 514 358 339 219 146 130
10 7 1 1 100 0.75 6 967 493 522 363 351 221 148 133
10 7 1 1 100 0.75 6 968 509 527 366 355 226 153 143
10 7 1 1 100 0.75 6 969 517 531 366 368 232 159 146
10 7 1 1 100 0.75 6 970 528 532 372 367 241 168 149
10 7 1 1 100 0.75 6 971 544 533 364 369 249 177 151
10 7 1 1 100 0.75 6 972 553 535 362 378 257 185 152
10 7 1 1 100 0.75 6 973 564 540 363 385 261 190 157
10 7 1 1 100 0.75 6 974 574 542 360 389 269 198 157
10 7 1 1 100 0.75 6 975 581 547 375 396 274 203 163
10 7 1 1 100 0.75 6 976 591 548 363 396 283 212 163
10 7 1 1 100 0.75 6 977 603 555 369 407 286 215 170
10 7 1 1 100 0.75 6 978 613 556 368 413 295 224 170
10 7 1 1 100 0.75 6 979 621 559 365 419 302 231 173
10 7 1 1 100 0.75 6 980 627 558 357 418 313 242 173
10 7 1 1 100 0.75 6 981 640 559 360 419 322 251 174
10 7 1 1 100 0.75 6 982 654 558 353 429 333 262 170
10 7 1 1 100 0.75 6 983 670 559 341 434 342 271 166
10 7 1 1 100 0.75 6 984 682 559 348 440 352 281 165
10 7 1 1 100 0.75 6 985 693 561 335 448 360 289 168
10 7 1 1 100 0.75 6 986 703 560 337 452 370 300 166
10 7 1 1 100 0.75 6 987 713 555 325 450 385 315 155
10 7 1 1 100 0.75 6 988 722 557 323 453 393 323 161
10 7 1 1 100 0.75 6 989 729 558 311 457 402 332 163
10 7 1 1 100 0.75 6 990 739 561 322 462 409 339 165
10 7 1 1 100 0.75 6 991 750 559 309 463 421 351 165
10 7 1 1 100 0.75 6 992 754 562 323 473 428 358 169
10 7 1 1 100 0.75 6 993 767 565 323 475 435 365 175
10 7 1 1 100 0.75 6 994 773 565 305 482 444 375 171
10 7 1 1 100 0.75 6 995 777 563 307 482 456 387 170
10 7 1 1 100 0.75 6 996 781 561 300 480 466 399 166
10 7 1 1 100 0.75 6 997 785 558 284 479 479 412 164
10 7 1 1 100 0.75 6 998 791 564 315 483 483 416 173
10 7 1 1 100 0.75 6 999 795 562 279 483 495 428 168
10 7 1 1 100 0.75 6 1000 800 562 296 484 505 438 166
10 7 1 1 100 0.75 6 1001 801 569 303 489 507 441 176
10 7 1 1 100 0.75 6 1002 806 574 301 492 512 446 176
10 7 1 1 100 0.75 6 1003 812 580 313 502 516 450 179
10 7 1 1 100 0.75 6 1004 817 572 286 496 533 468 170
10 7 1 1 100 0.75 6 1005 820 572 300 497 543 478 167
10 7 1 1 100 0.75 6 1006 823 564 282 485 561 496 157
10 7 1 1 100 0.75 6 1007 826 567 273 489 568 503 157
10 7 1 1 100 0.75 6 1008 829 563 280 483 582 517 146
10 7 1 1 100 0.75 6 1009 833 564 267 483 591 526 148
10 7 1 1 100 0.75 6 1010 837 564 257 484 601 536 147
10 7 1 1 100 0.75 6 1011 838 567 262 490 607 543 150
10 7 1 1 100 0.75 6 1012 844 564 256 484 620 556 146
10 7 1 1 100 0.75 6 1013 846 567 255 491 627 563 142
10 7 1 1 100 0.75 6 1014 851 564 245 485 639 576 133
10 7 1 1 100 0.75 6 1015 851 566 240 487 647 584 131
10 7 1 1 100 0.75 6 1016 857 569 262 490 654 591 130
10 7 1 1 100 0.75 6 1017 860 566 251 487 667 604 126
10 7 1 1 100 0.75 6 1018 863 570 235 495 673 610 132
10 7 1 1 100 0.75 6 1019 865 566 234 489 687 624 124
10 7 1 1 100 0.75 6 1020 871 570 244 491 692 630 125
10 7 1 1 100 0.75 6 1021 879 571 239 495 700 639 126
10 7 1 1 100 0.75 6 1022 882 573 234 498 708 647 124
10 7 1 1 100 0.75 6 1023 882 581 245 504 709 649 132
10 7 1 1 100 0.75 6 1024 886 583 248 504 717 657 134
10 7 1 1 100 0.75 6 1025 886 583 239 504 727 667 134
10 7 1 1 100 0.75 6 1026 888 587 249 508 733 673 137
10 7 1 1 100 0.75 6 1027 893 590 226 513 740 680 133
10 7 1 1 100 0.75 6 1028 896 593 239 517 747 687 142
10 7 1 1 100 0.75 6 1029 903 600 243 522 750 690 145
10 7 1 1 100 0.75 6 1030 904 602 258 527 758 698 142
10 7 1 1 100 0.75 6 1031 906 607 236 528 763 703 143
10 7 1 1 100 0.75 6 1032 908 609 242 533 770 711 144
10 7 1 1 100 0.75 6 1033 911 611 220 533 778 719 146
10 7 1 1 100 0.75 6 1034 914 610 244 532 788 730 144
10 7 1 1 100 0.75 6 1035 916 614 245 537 794 736 145
10 7 1 1 100 0.75 6 1036 919 619 231 543 799 741 149
10 7 1 1 100 0.75 6 1037 920 617 235 543 811 753 145
10 7 1 1 100 0.75 6 1038 924 619 235 540 818 761 145
10 7 1 1 100 0.75 6 1039 925 613 221 538 834 777 135
10 7 1 1 100 0.75 6 1040 926 616 221 543 840 784 136
10 7 1 1 100 0.75 6 1041 930 625 229 550 841 785 141
10 7 1 1 100 0.75 6 1042 935 629 240 553 846 791 145
10 7 1 1 100 0.75 6 1043 939 628 243 551 856 802 146
10 7 1 1 100 0.75 6 1044 939 626 219 551 868 814 141
10 7 1 1 100 0.75 6 1045 941 628 224 554 873 822 140
10 7 1 1 100 0.75 6 1046 941 632 226 557 879 828 145
10 7 1 1 100 0.75 6 1047 944 635 226 555 886 835 145
10 7 1 1 100 0.75 6 1048 947 632 222 554 898 848 138
10 7 1 1 100 0.75 6 1049 948 635 229 557 903 855 139
10 7 1 1 100 0.75 6 1050 948 637 214 561 911 863 139
10 7 1 1 100 0.75 6 1050 948 637 637 561 1049 863 139
10 7 1 1 100 0.75 6 1080 948 637 637 561 76 863 139
10 7 1 1 100 0.75 7 1081 0 10 10 0 76 0 0
10 7 1 1 100 0.75 7 1082 0 20 20 0 76 0 0
10 7 1 1 100 0.75 7 1083 0 30 30 0 76 0 0
10 7 1 1 100 0.75 7 1084 0 40 40 0 76 0 0
10 7 1 1 100 0.75 7 1085 0 50 49 0 76 0 0
10 7 1 1 100 0.75 7 1086 0 60 60 0 76 0 0
10 7 1 1 100 0.75 7 1087 0 70 68 0 76 0 0
10 7 1 1 100 0.75 7 1088 0 80 79 0 76 0 0
10 7 1 1 100 0.75 7 1089 3 90 86 0 76 0 0
10 7 1 1 100 0.75 7 1090 6 100 89 3 76 0 0
10 7 1 1 100 0.75 7 1091 10 110 97 6 76 0 0
10 7 1 1 100 0.75 7 1092 14 120 104 10 76 0 0
10 7 1 1 100 0.75 7 1093 19 130 107 14 76 0 0
10 7 1 1 100 0.75 7 1094 27 140 112 19 76 0 0
10 7 1 1 100 0.75 7 1095 32 150 116 27 76 0 0
10 7 1 1 100 0.75 7 1096 39 160 117 32 76 0 1
10 7 1 1 100 0.75 7 1097 44 170 128 39 75 0 2
10 7 1 1 100 0.75 7 1098 49 180 137 44 75 0 6
10 7 1 1 100 0.75 7 1099 54 190 143 49 75 0 9
10 7 1 1 100 0.75 7 1100 62 200 153 54 75 0 13
10 7 1 1 100 0.75 7 1101 66 210 161 62 75 0 17
10 7 1 1 100 0.75 7 1102 72 220 175 66 75 0 23
10 7 1 1 100 0.75 7 1103 79 230 181 72 75 0 27
10 7 1 1 100 0.75 7 1104 88 240 189 79 74 0 31
10 7 1 1 100 0.75 7 1105 94 250 197 88 74 0 34
10 7 1 1 100 0.75 7 1106 98 260 206 94 74 0 37
10 7 1 1 100 0.75 7 1107 103 270 218 98 74 0 43
10 7 1 1 100 0.75 7 1108 112 280 225 103 74 0 46
10 7 1 1 100 0.75 7 1109 119 290 236 112 74 0 50
10 7 1 1 100 0.75 7 1110 126 300 242 119 74 0 57
10 7 1 1 100 0.75 7 1111 131 310 256 126 74 0 63
10 7 1 1 100 0.75 7 1112 139 319 265 130 75 1 71
10 7 1 1 100 0.75 7 1113 146 328 270 137 76 2 71
10 7 1 1 100 0.75 7 1114 151 338 281 144 76 2 73
10 7 1 1 100 0.75 7 1115 157 346 289 147 78 4 74
10 7 1 1 100 0.75 7 1116 162 353 298 150 80 7 79
10 7 1 1 100 0.75 7 1117 168 359 303 151 83 11 80
10 7 1 1 100 0.75 7 1118 183 365 298 153 87 15 80
10 7 1 1 100 0.75 7 1119 195 373 301 166 89 17 83
10 7 1 1 100 0.75 7 1120 203 379 302 174 93 21 84
10 7 1 1 100 0.75 7 1121 208 382 309 175 100 28 81
10 7 1 1 100 0.75 7 1122 215 388 310 176 104 32 81
10 7 1 1 100 0.75 7 1123 226 394 309 179 108 36 82
10 7 1 1 100 0.75 7 1124 235 401 313 187 111 39 84
10 7 1 1 100 0.75 7 1125 246 409 326 194 113 41 90
10 7 1 1 100 0.75 7 1126 254 415 335 201 117 45 96
10 7 1 1 100 0.75 7 1127 270 418 332 202 124 52 102
10 7 1 1 100 0.75 7 1128 283 426 331 216 126 54 105
10 7 1 1 100 0.75 7 1129 294 430 328 224 132 60 103
10 7 1 1 100 0.75 7 1130 301 433 335 228 139 67 102
10 7 1 1 100 0.75 7 1131 316 438 322 230 144 72 101
10 7 1 1 100 0.75 7 1132 325 442 334 239 150 78 103
10 7 1 1 100 0.75 7 1133 340 448 337 244 154 82 107
10 7 1 1 100 0.75 7 1134 351 454 336 255 158 86 111
10 7 1 1 100 0.75 7 1135 366 457 334 259 165 93 112
10 7 1 1 100 0.75 7 1136 382 462 338 269 170 98 117
10 7 1 1 100 0.75 7 1137 388 468 334 284 174 102 120
10 7 1 1 100 0.75 7 1138 401 471 345 284 181 109 122
10 7 1 1 100 0.75 7 1139 411 480 357 296 182 110 132
10 7 1 1 100 0.75 7 1140 424 483 351 300 189 117 134
10 7 1 1 100 0.75 7 1141 434 486 357 307 196 124 136
10 7 1 1 100 0.75 7 1142 446 489 348 310 203 131 136
10 7 1 1 100 0.75 7 1143 453 494 357 318 208 136 141
10 7 1 1 100 0.75 7 1144 470 495 352 321 216 145 142
10 7 1 1 100 0.75 7 1145 484 498 344 331 223 152 141
10 7 1 1 100 0.75 7 1146 496 503 355 343 228 157 145
10 7 1 1 100 0.75 7 1147 507 504 349 347 237 166 148
10 7 1 1 100 0.75 7 1148 514 510 352 355 241 170 152
10 7 1 1 100 0.75 7 1149 527 514 355 357 247 176 153
10 7 1 1 100 0.75 7 1150 537 518 357 365 253 182 155
10 7 1 1 100 0.75 7 1151 548 521 352 369 260 189 156
10 7 1 1 100 0.75 7 1152 563 519 345 368 272 201 157
10 7 1 1 100 0.75 7 1153 580 519 345 378 282 211 158
10 7 1 1 100 0.75 7 1154 590 519 337 388 292 221 156
10 7 1 1 100 0.75 7 1155 604 525 339 397 295 225 158
10 7 1 1 100 0.75 7 1156 607 526 336 405 304 234 157
10 7 1 1 100 0.75 7 1157 617 525 338 401 315 245 156
10 7 1 1 100 0.75 7 1158 625 528 327 408 322 252 155
10 7 1 1 100 0.75 7 1159 635 533 335 414 327 257 165
10 7 1 1 100 0.75 7 1160 644 534 338 419 336 266 169
10 7 1 1 100 0.75 7 1161 655 533 342 422 347 277 175
10 7 1 1 100 0.75 7 1162 670 531 314 425 359 289 170
10 7 1 1 100 0.75 7 1163 676 532 334 434 367 298 168
10 7 1 1 100 0.75 7 1164 683 528 306 429 380 312 162
10 7 1 1 100 0.75 7 1165 689 533 315 434 385 317 163
10 7 1 1 100 0.75 7 1166 697 534 306 434 393 326 159
10 7 1 1 100 0.75 7 1167 707 535 318 440 402 335 163
10 7 1 1 100 0.75 7 1168 710 535 313 441 412 345 161
10 7 1 1 100 0.75 7 1169 719 537 313 438 420 353 170
10 7 1 1 100 0.75 7 1170 730 540 295 447 427 360 174
10 7 1 1 100 0.75 7 1171 735 541 316 453 436 369 173
10 7 1 1 100 0.75 7 1172 742 544 302 457 442 376 173
10 7 1 1 100 0.75 7 1173 744 544 310 459 452 386 170
10 7 1 1 100 0.75 7 1174 751 544 293 457 462 396 171
10 7 1 1 100 0.75 7 1175 757 547 297 462 469 403 168
10 7 1 1 100 0.75 7 1176 759 545 290 466 481 415 165
10 7 1 1 100 0.75 7 1177 763 544 279 463 491 426 162
10 7 1 1 100 0.75 7 1178 769 540 275 459 505 440 160
10 7 1 1 100 0.75 7 1179 773 544 288 463 511 446 164
10 7 1 1 100 0.75 7 1180 776 546 282 468 519 454 164
10 7 1 1 100 0.75 7 1181 780 543 278 463 532 467 156
10 7 1 1 100 0.75 7 1182 787 547 278 466 538 473 163
10 7 1 1 100 0.75 7 1183 792 546 268 468 549 484 160
10 7 1 1 100 0.75 7 1184 801 546 282 464 559 494 152
10 7 1 1 100 0.75 7 1185 803 550 265 473 565 500 154
10 7 1 1 100 0.75 7 1186 812 542 270 462 583 518 148
10 7 1 1 100 0.75 7 1187 814 543 271 467 592 527 146
10 7 1 1 100 0.75 7 1188 820 542 276 463 603 538 140
10 7 1 1 100 0.75 7 1189 823 545 268 467 610 545 142
10 7 1 1 100 0.75 7 1190 825 548 261 473 617 552 140
10 7 1 1 100 0.75 7 1191 828 550 259 472 625 560 139
10 7 1 1 100 0.75 7 1192 833 554 249 476 631 566 140
10 7 1 1 100 0.75 7 1193 834 554 259 479 641 576 138
10 7 1 1 100 0.75 7 1194 839 551 257 471 654 589 136
10 7 1 1 100 0.75 7 1195 843 553 243 475 662 597 134
10 7 1 1 100 0.75 7 1196 847 555 244 478 670 605 140
10 7 1 1 100 0.75 7 1197 851 554 235 477 680 616 135
10 7 1 1 100 0.75 7 1198 856 556 244 479 688 624 135
10 7 1 1 100 0.75 7 1199 859 561 240 485 693 629 138
10 7 1 1 100 0.75 7 1200 861 565 232 489 698 635 138
10 7 1 1 100 0.75 7 1201 863 566 254 493 707 644 136
10 7 1 1 100 0.75 7 1202 865 565 227 491 716 655 132
10 7 1 1 100 0.75 7 1203 870 572 246 492 719 658 135
10 7 1 1 100 0.75 7 1204 873 576 251 502 725 664 140
10 7 1 1 100 0.75 7 1205 874 577 238 501 734 673 136
10 7 1 1 100 0.75 7 1206 876 581 244 508 740 679 140
10 7 1 1 100 0.75 7 1207 877 578 233 503 753 692 134
10 7 1 1 100 0.75 7 1208 881 577 233 501 764 703 130
10 7 1 1 100 0.75 7 1209 882 584 241 510 767 706 134
10 7 1 1 100 0.75 7 1210 884 588 224 513 773 712 131
10 7 1 1 100 0.75 7 1211 890 587 232 510 784 723 134
10 7 1 1 100 0.75 7 1212 893 589 233 513 792 731 134
10 7 1 1 100 0.75 7 1213 897 590 222 512 801 740 132
10 7 1 1 100 0.75 7 1214 897 591 220 515 810 749 131
10 7 1 1 100 0.75 7 1215 905 597 234 518 814 753 133
10 7 1 1 100 0.75 7 1216 908 598 228 522 822 762 130
10 7 1 1 100 0.75 7 1217 913 601 231 524 828 769 130
10 7 1 1 100 0.75 7 1218 914 604 224 528 834 776 129
10 7 1 1 100 0.75 7 1219 919 609 229 531 839 781 133
10 7 1 1 100 0.75 7 1220 924 610 236 534 848 790 128
10 7 1 1 100 0.75 7 1221 925 613 221 537 852 797 128
10 7 1 1 100 0.75 7 1222 927 614 225 538 861 806 129
10 7 1 1 100 0.75 7 1223 928 617 213 541 867 813 131
10 7 1 1 100 0.75 7 1224 928 615 214 538 879 825 127
10 7 1 1 100 0.75 7 1225 929 619 213 543 885 831 131
10 7 1 1 100 0.75 7 1226 932 621 219 541 893 839 129
10 7 1 1 100 0.75 7 1227 934 622 226 547 901 848 124
10 7 1 1 100 0.75 7 1228 936 629 224 556 904 851 129
10 7 1 1 100 0.75 7 1229 936 632 222 555 911 858 132
10 7 1 1 100 0.75 7 1230 938 636 234 557 917 864 133
10 7 1 1 100 0.75 7 1230 938 636 636 557 1049 864 133
10 7 1 1 100 0.75 7 1260 938 636 636 557 76 864 133
10 7 1 1 100 0.75 8 1261 0 10 10 0 76 0 0
10 7 1 1 100 0.75 8 1262 0 20 20 0 76 0 0
10 7 1 1 100 0.75 8 1263 0 30 30 0 76 0 0
10 7 1 1 100 0.75 8 1264 0 40 40 0 76 0 0
10 7 1 1 100 0.75 8 1265 0 50 50 0 76 0 0
10 7 1 1 100 0.75 8 1266 0 60 60 0 76 0 0
10 7 1 1 100 0.75 8 1267 0 70 69 0 76 0 0
10 7 1 1 100 0.75 8 1268 1 80 77 0 76 0 0
10 7 1 1 100 0.75 8 1269 2 90 88 1 76 0 0
10 7 1 1 100 0.75 8 1270 6 100 94 2 76 0 0
10 7 1 1 100 0.75 8 1271 9 110 99 6 76 0 0
10 7 1 1 100 0.75 8 1272 18 120 102 9 76 0 0
10 7 1 1 100 0.75 8 1273 22 130 106 18 75 0 0
10 7 1 1 100 0.75 8 1274 27 140 113 22 74 0 0
10 7 1 1 100 0.75 8 1275 29 150 120 27 74 0 1
10 7 1 1 100 0.75 8 1276 31 160 128 29 74 0 1
10 7 1 1 100 0.75 8 1277 38 170 133 31 74 0 3
10 7 1 1 100 0.75 8 1278 45 180 138 38 74 0 5
10 7 1 1 100 0.75 8 1279 50 190 151 45 74 0 12
10 7 1 1 100 0.75 8 1280 55 200 159 50 74 0 18
10 7 1 1 100 0.75 8 1281 59 210 170 55 74 0 20
10 7 1 1 100 0.75 8 1282 65 220 176 59 74 0 22
10 7 1 1 100 0.75 8 1283 69 230 183 65 74 0 24
10 7 1 1 100 0.75 8 1284 72 240 198 69 74 0 30
10 7 1 1 100 0.75 8 1285 79 250 205 72 74 0 33
10 7 1 1 100 0.75 8 1286 84 260 216 79 74 0 38
10 7 1 1 100 0.75 8 1287 92 270 222 84 74 0 40
10 7 1 1 100 0.75 8 1288 96 280 234 92 74 0 43
10 7 1 1 100 0.75 8 1289 104 290 243 96 74 0 49
10 7 1 1 100 0.75 8 1290 113 300 248 104 74 0 52
10 7 1 1 100 0.75 8 1291 122 309 248 112 75 1 55
10 7 1 1 100 0.75 8 1292 125 318 260 120 76 2 58
10 7 1 1 100 0.75 8 1293 132 328 265 123 76 2 61
10 7 1 1 100 0.75 8 1294 140 335 273 127 79 5 60
10 7 1 1 100 0.75 8 1295 148 342 278 132 82 8 66
10 7 1 1 100 0.75 8 1296 153 348 279 136 86 12 67
10 7 1 1 100 0.75 8 1297 162 358 294 141 86 12 74
10 7 1 1 100 0.75 8 1298 173 363 298 145 91 17 77
10 7 1 1 100 0.75 8 1299 181 370 303 153 94 20 78
10 7 1 1 100 0.75 8 1300 190 379 303 160 95 21 79
10 7 1 1 100 0.75 8 1301 198 384 307 164 100 26 79
10 7 1 1 100 0.75 8 1302 207 390 311 168 104 30 83
10 7 1 1 100 0.75 8 1303 216 398 317 176 106 32 86
10 7 1 1 100 0.75 8 1304 226 404 316 181 110 36 86
10 7 1 1 100 0.75 8 1305 236 408 324 185 116 42 90
10 7 1 1 100 0.75 8 1306 244 414 329 191 120 46 90
10 7 1 1 100 0.75 8 1307 251 422 335 197 122 48 95
10 7 1 1 100 0.75 8 1308 264 426 327 199 128 54 94
10 7 1 1 100 0.75 8 1309 275 434 335 210 130 56 98
10 7 1 1 100 0.75 8 1310 289 440 338 217 134 60 100
10 7 1 1 100 0.75 8 1311 301 447 341 228 137 63 107
10 7 1 1 100 0.75 8 1312 310 450 348 233 144 70 109
10 7 1 1 100 0.75 8 1313 317 454 348 237 150 76 108
10 7 1 1 100 0.75 8 1314 328 460 346 240 154 80 108
10 7 1 1 100 0.75 8 1315 343 465 352 248 159 85 113
10 7 1 1 100 0.75 8 1316 359 469 345 258 165 91 111
10 7 1 1 100 0.75 8 1317 378 470 341 265 174 100 113
10 7 1 1 100 0.75 8 1318 395 472 335 276 182 108 115
10 7 1 1 100 0.75 8 1319 410 476 330 288 188 114 114
10 7 1 1 100 0.75 8 1320 421 481 336 298 193 119 115
10 7 1 1 100 0.75 8 1321 430 488 332 307 196 122 124
10 7 1 1 100 0.75 8 1322 435 491 346 309 203 129 126
10 7 1 1 100 0.75 8 1323 441 500 355 315 204 130 137
10 7 1 1 100 0.75 8 1324 459 498 358 312 216 142 138
10 7 1 1 100 0.75 8 1325 471 503 352 327 221 147 145
10 7 1 1 100 0.75 8 1326 485 509 352 339 225 151 152
10 7 1 1 100 0.75 8 1327 500 513 354 348 231 157 158
10 7 1 1 100 0.75 8 1328 511 516 349 359 238 164 158
10 7 1 1 100 0.75 8 1329 522 517 339 365 247 173 152
10 7 1 1 100 0.75 8 1330 532 519 346 368 255 181 154
10 7 1 1 100 0.75 8 1331 544 524 349 376 260 186 159
10 7 1 1 100 0.75 8 1332 557 526 346 381 268 194 161
10 7 1 1 100 0.75 8 1333 567 527 351 386 277 203 163
10 7 1 1 100 0.75 8 1334 584 525 329 388 289 215 163
10 7 1 1 100 0.75 8 1335 595 531 346 402 293 219 168
10 7 1 1 100 0.75 8 1336 604 534 344 409 299 226 174
10 7 1 1 100 0.75 8 1337 607 540 345 416 303 230 181
10 7 1 1 100 0.75 8 1338 613 537 347 408 316 243 177
10 7 1 1 100 0.75 8 1339 625 538 348 409 325 252 180
10 7 1 1 100 0.75 8 1340 639 534 344 409 338 266 177
10 7 1 1 100 0.75 8 1341 647 531 331 418 351 279 177
10 7 1 1 100 0.75 8 1342 656 530 317 417 362 290 182
10 7 1 1 100 0.75 8 1343 663 530 321 422 372 300 182
10 7 1 1 100 0.75 8 1344 670 530 313 422 382 310 179
10 7 1 1 100 0.75 8 1345 675 535 320 426 387 315 181
10 7 1 1 100 0.75 8 1346 684 540 321 430 391 320 185
10 7 1 1 100 0.75 8 1347 694 542 328 435 399 328 189
10 7 1 1 100 0.75 8 1348 710 540 302 437 411 340 183
10 7 1 1 100 0.75 8 1349 720 540 315 445 420 350 183
10 7 1 1 100 0.75 8 1350 729 536 293 443 434 364 179
10 7 1 1 100 0.75 8 1351 734 536 288 445 444 374 173
10 7 1 1 100 0.75 8 1352 742 534 285 447 456 386 169
10 7 1 1 100 0.75 8 1353 751 536 287 450 464 394 170
10 7 1 1 100 0.75 8 1354 756 531 274 446 479 409 168
10 7 1 1 100 0.75 8 1355 763 528 274 442 492 422 164
10 7 1 1 100 0.75 8 1356 769 531 282 446 499 429 171
10 7 1 1 100 0.75 8 1357 776 529 271 445 511 441 169
10 7 1 1 100 0.75 8 1358 778 532 279 450 517 448 176
10 7 1 1 100 0.75 8 1359 783 531 275 446 528 459 173
10 7 1 1 100 0.75 8 1360 791 527 260 443 542 473 168
10 7 1 1 100 0.75 8 1361 796 522 252 441 557 488 161
10 7 1 1 100 0.75 8 1362 803 525 261 445 564 495 162
10 7 1 1 100 0.75 8 1363 807 525 241 447 574 505 161
10 7 1 1 100 0.75 8 1364 812 528 261 450 581 512 164
10 7 1 1 100 0.75 8 1365 817 529 246 452 590 521 162
10 7 1 1 100 0.75 8 1366 822 534 254 458 595 526 165
10 7 1 1 100 0.75 8 1367 828 536 253 460 602 534 161
10 7 1 1 100 0.75 8 1368 830 537 246 463 610 543 164
10 7 1 1 100 0.75 8 1369 834 537 242 460 619 553 162
10 7 1 1 100 0.75 8 1370 838 534 253 456 631 566 157
10 7 1 1 100 0.75 8 1371 841 539 234 465 636 571 156
10 7 1 1 100 0.75 8 1372 843 541 235 462 642 579 160
10 7 1 1 100 0.75 8 1373 848 537 224 459 656 593 151
10 7 1 1 100 0.75 8 1374 850 535 222 460 668 605 146
10 7 1 1 100 0.75 8 1375 853 534 219 457 679 616 143
10 7 1 1 100 0.75 8 1376 858 535 215 456 688 625 141
10 7 1 1 100 0.75 8 1377 860 538 218 462 695 632 143
10 7 1 1 100 0.75 8 1378 862 536 219 462 707 644 140
10 7 1 1 100 0.75 8 1379 862 538 220 462 715 652 139
10 7 1 1 100 0.75 8 1380 862 542 226 466 720 658 142
10 7 1 1 100 0.75 8 1381 864 539 223 461 733 671 133
10 7 1 1 100 0.75 8 1382 867 540 229 461 742 680 135
10 7 1 1 100 0.75 8 1383 872 543 223 465 749 687 134
10 7 1 1 100 0.75 8 1384 873 545 219 469 757 695 137
10 7 1 1 100 0.75 8 1385 875 546 212 468 765 704 137
10 7 1 1 100 0.75 8 1386 880 550 232 470 770 710 137
10 7 1 1 100 0.75 8 1387 883 549 207 472 781 721 134
10 7 1 1 100 0.75 8 1388 885 551 215 470 789 729 128
10 7 1 1 100 0.75 8 1389 887 553 204 477 797 737 131
10 7 1 1 100 0.75 8 1390 889 561 210 485 798 739 138
10 7 1 1 100 0.75 8 1391 891 563 214 487 806 747 133
10 7 1 1 100 0.75 8 1392 896 565 212 486 813 755 132
10 7 1 1 100 0.75 8 1393 898 564 216 486 824 766 128
10 7 1 1 100 0.75 8 1394 901 566 207 488 832 774 126
10 7 1 1 100 0.75 8 1395 903 567 213 492 841 783 123
10 7 1 1 100 0.75 8 1396 904 574 209 500 844 786 131
10 7 1 1 100 0.75 8 1397 908 574 216 499 854 796 129
10 7 1 1 100 0.75 8 1398 910 575 202 503 863 805 123
10 7 1 1 100 0.75 8 1399 912 579 216 507 868 811 128
10 7 1 1 100 0.75 8 1400 915 578 191 499 878 822 121
10 7 1 1 100 0.75 8 1401 916 581 198 503 885 829 126
10 7 1 1 100 0.75 8 1402 917 581 200 502 895 839 127
10 7 1 1 100 0.75 8 1403 921 586 192 510 900 844 131
10 7 1 1 100 0.75 8 1404 922 588 213 511 908 852 131
10 7 1 1 100 0.75 8 1405 926 592 207 515 914 858 133
10 7 1 1 100 0.75 8 1406 927 594 190 518 922 866 129
10 7 1 1 100 0.75 8 1407 929 598 198 524 928 872 127
10 7 1 1 100 0.75 8 1408 933 602 201 525 934 878 126
10 7 1 1 100 0.75 8 1409 934 606 213 529 940 884 131
10 7 1 1 100 0.75 8 1410 934 609 189 533 947 891 131
10 7 1 1 100 0.75 8 1410 934 609 609 533 1075 891 131
10 7 1 1 100 0.75 8 1440 934 609 609 533 76 891 131
10 7 1 1 100 0.75 9 1441 0 10 10 0 76 0 0
10 7 1 1 100 0.75 9 1442 0 20 20 0 76 0 0
10 7 1 1 100 0.75 9 1443 0 30 30 0 76 0 0
10 7 1 1 100 0.75 9 1444 0 40 40 0 76 0 0
10 7 1 1 100 0.75 9 1445 0 50 50 0 76 0 0
10 7 1 1 100 0.75 9 1446 0 60 59 0 76 0 0
10 7 1 1 100 0.75 9 1447 0 70 70 0 76 0 0
10 7 1 1 100 0.75 9 1448 0 80 78 0 76 0 0
10 7 1 1 100 0.75 9 1449 5 90 82 0 76 0 0
10 7 1 1 100 0.75 9 1450 13 100 86 5 76 0 0
10 7 1 1 100 0.75 9 1451 13 110 94 13 75 0 0
10 7 1 1 100 0.75 9 1452 19 120 97 13 75 0 0
10 7 1 1 100 0.75 9 1453 23 130 105 19 75 0 0
10 7 1 1 100 0.75 9 1454 29 140 108 23 75 0 0
10 7 1 1 100 0.75 9 1455 36 150 109 29 75 0 0
10 7 1 1 100 0.75 9 1456 43 160 116 36 75 0 1
10 7 1 1 100 0.75 9 1457 50 170 128 43 75 0 8
10 7 1 1 100 0.75 9 1458 55 180 136 50 75 0 11
10 7 1 1 100 0.75 9 1459 57 190 146 55 75 0 13
10 7 1 1 100 0.75 9 1460 60 200 158 57 75 0 18
10 7 1 1 100 0.75 9 1461 69 210 167 60 75 0 23
10 7 1 1 100 0.75 9 1462 75 220 175 69 75 0 28
10 7 1 1 100 0.75 9 1463 80 230 183 75 75 0 32
10 7 1 1 100 0.75 9 1464 87 240 189 80 75 0 38
10 7 1 1 100 0.75 9 1465 95 250 198 87 75 0 43
10 7 1 1 100 0.75 9 1466 97 260 212 95 75 0 46
10 7 1 1 100 0.75 9 1467 102 270 218 97 75 0 49
10 7 1 1 100 0.75 9 1468 107 280 230 102 75 0 51
10 7 1 1 100 0.75 9 1469 111 290 243 107 75 0 61
10 7 1 1 100 0.75 9 1470 120 300 252 111 75 0 64
10 7 1 1 100 0.75 9 1471 128 309 256 119 76 1 67
10 7 1 1 100 0.75 9 1472 135 317 264 125 78 3 70
10 7 1 1 100 0.75 9 1473 141 323 272 128 82 7 69
10 7 1 1 100 0.75 9 1474 154 330 269 131 85 10 69
10 7 1 1 100 0.75 9 1475 160 338 277 142 87 12 70
10 7 1 1 100 0.75 9 1476 166 347 283 147 88 13 72
10 7 1 1 100 0.75 9 1477 172 354 291 150 91 16 75
10 7 1 1 100 0.75 9 1478 184 359 289 151 96 21 74
10 7 1 1 100 0.75 9 1479 193 362 292 156 103 28 72
10 7 1 1 100 0.75 9 1480 202 370 295 163 105 30 75
10 7 1 1 100 0.75 9 1481 210 375 303 167 109 35 75
10 7 1 1 100 0.75 9 1482 223 379 297 169 115 41 80
10 7 1 1 100 0.75 9 1483 232 386 308 179 118 44 82
10 7 1 1 100 0.75 9 1484 246 393 305 185 121 47 85
10 7 1 1 100 0.75 9 1485 254 398 307 194 126 52 85
10 7 1 1 100 0.75 9 1486 262 405 314 199 129 55 92
10 7 1 1 100 0.75 9 1487 275 410 320 202 134 60 92
10 7 1 1 100 0.75 9 1488 290 415 316 210 139 65 95
10 7 1 1 100 0.75 9 1489 302 419 313 219 145 71 97
10 7 1 1 100 0.75 9 1490 316 427 319 229 147 73 105
10 7 1 1 100 0.75 9 1491 337 434 319 241 150 76 113
10 7 1 1 100 0.75 9 1492 343 439 329 258 154 81 114
10 7 1 1 100 0.75 9 1493 345 446 334 261 157 84 116
10 7 1 1 100 0.75 9 1494 363 452 335 259 161 88 121
10 7 1 1 100 0.75 9 1495 373 457 339 272 166 93 128
10 7 1 1 100 0.75 9 1496 384 459 342 276 174 101 129
10 7 1 1 100 0.75 9 1497 402 463 339 281 180 107 132
10 7 1 1 100 0.75 9 1498 417 470 346 296 183 110 146
10 7 1 1 100 0.75 9 1499 431 478 349 310 185 112 152
10 7 1 1 100 0.75 9 1500 444 479 343 316 194 121 146
10 7 1 1 100 0.75 9 1501 453 482 336 323 201 128 147
10 7 1 1 100 0.75 9 1502 467 484 329 325 209 136 145
10 7 1 1 100 0.75 9 1503 483 488 335 334 215 142 146
10 7 1 1 100 0.75 9 1504 497 492 330 345 221 148 152
10 7 1 1 100 0.75 9 1505 514 491 326 349 232 159 157
10 7 1 1 100 0.75 9 1506 523 489 323 355 244 171 157
10 7 1 1 100 0.75 9 1507 538 492 327 358 251 178 157
10 7 1 1 100 0.75 9 1508 549 498 333 371 255 182 159
10 7 1 1 100 0.75 9 1509 556 500 326 375 263 190 162
10 7 1 1 100 0.75 9 1510 569 498 326 373 275 202 162
10 7 1 1 100 0.75 9 1511 580 500 320 381 283 210 163
10 7 1 1 100 0.75 9 1512 587 500 322 383 292 220 171
10 7 1 1 100 0.75 9 1513 598 500 319 382 302 230 171
10 7 1 1 100 0.75 9 1514 606 501 318 386 311 239 170
10 7 1 1 100 0.75 9 1515 621 500 317 386 322 250 176
10 7 1 1 100 0.75 9 1516 626 500 309 395 331 260 170
10 7 1 1 100 0.75 9 1517 632 502 305 397 339 268 172
10 7 1 1 100 0.75 9 1518 645 505 304 401 346 275 175
10 7 1 1 100 0.75 9 1519 652 509 300 410 352 281 176
10 7 1 1 100 0.75 9 1520 659 512 300 414 359 288 179
10 7 1 1 100 0.75 9 1521 665 516 316 417 365 294 184
10 7 1 1 100 0.75 9 1522 675 518 289 417 373 302 182
10 7 1 1 100 0.75 9 1523 685 518 303 420 382 312 184
10 7 1 1 100 0.75 9 1524 689 516 303 423 394 324 177
10 7 1 1 100 0.75 9 1525 698 513 306 419 407 337 172
10 7 1 1 100 0.75 9 1526 704 510 282 418 420 350 171
10 7 1 1 100 0.75 9 1527 712 509 283 418 431 361 168
10 7 1 1 100 0.75 9 1528 723 510 283 419 440 370 165
10 7 1 1 100 0.75 9 1529 729 512 271 426 448 378 172
10 7 1 1 100 0.75 9 1530 736 505 262 422 465 395 162
10 7 1 1 100 0.75 9 1531 742 505 253 421 475 405 161
10 7 1 1 100 0.75 9 1532 746 503 257 421 487 417 157
10 7 1 1 100 0.75 9 1533 752 505 262 422 495 425 156
10 7 1 1 100 0.75 9 1534 753 510 263 426 500 430 157
10 7 1 1 100 0.75 9 1535 763 509 256 425 511 441 159
10 7 1 1 100 0.75 9 1536 765 513 257 433 517 447 161
10 7 1 1 100 0.75 9 1537 770 512 273 430 528 458 158
10 7 1 1 100 0.75 9 1538 777 511 250 430 539 469 156
10 7 1 1 100 0.75 9 1539 782 510 257 432 549 480 152
10 7 1 1 100 0.75 9 1540 788 509 236 431 560 491 145
10 7 1 1 100 0.75 9 1541 792 512 253 435 567 498 143
10 7 1 1 100 0.75 9 1542 795 515 257 439 574 505 145
10 7 1 1 100 0.75 9 1543 800 513 232 433 585 517 142
10 7 1 1 100 0.75 9 1544 805 519 229 438 589 521 143
10 7 1 1 100 0.75 9 1545 810 517 231 438 600 533 141
10 7 1 1 100 0.75 9 1546 811 519 227 442 608 541 143
10 7 1 1 100 0.75 9 1547 815 521 223 444 615 549 144
10 7 1 1 100 0.75 9 1548 819 522 226 444 623 558 145
10 7 1 1 100 0.75 9 1549 820 524 239 447 631 566 143
10 7 1 1 100 0.75 9 1550 822 530 237 452 635 570 142
10 7 1 1 100 0.75 9 1551 825 525 231 450 650 585 136
10 7 1 1 100 0.75 9 1552 828 528 231 453 657 592 137
10 7 1 1 100 0.75 9 1553 833 526 214 448 669 604 132
10 7 1 1 100 0.75 9 1554 835 527 232 449 677 613 128
10 7 1 1 100 0.75 9 1555 839 528 234 448 685 622 130
10 7 1 1 100 0.75 9 1556 844 535 232 457 688 625 130
10 7 1 1 100 0.75 9 1557 849 539 225 464 693 631 133
10 7 1 1 100 0.75 9 1558 850 540 233 464 702 640 130
10 7 1 1 100 0.75 9 1559 852 539 206 461 712 651 127
10 7 1 1 100 0.75 9 1560 856 542 214 465 718 658 127
10 7 1 1 100 0.75 9 1561 861 547 217 469 722 663 128
10 7 1 1 100 0.75 9 1562 863 553 201 478 725 667 129
10 7 1 1 100 0.75 9 1563 866 550 227 472 738 680 124
10 7 1 1 100 0.75 9 1564 869 552 216 477 746 688 125
10 7 1 1 100 0.75 9 1565 870 556 226 483 752 694 123
10 7 1 1 100 0.75 9 1566 873 554 199 476 764 706 114
10 7 1 1 100 0.75 9 1567 878 558 222 481 770 712 115
10 7 1 1 100 0.75 9 1568 879 562 218 485 776 718 116
10 7 1 1 100 0.75 9 1569 882 567 230 491 781 723 122
10 7 1 1 100 0.75 9 1570 887 568 216 492 790 732 121
10 7 1 1 100 0.75 9 1571 890 567 212 492 800 743 114
10 7 1 1 100 0.75 9 1572 894 570 218 496 807 750 115
10 7 1 1 100 0.75 9 1573 897 578 225 503 808 752 119
10 7 1 1 100 0.75 9 1574 899 585 229 509 811 755 123
10 7 1 1 100 0.75 9 1575 901 584 215 507 821 766 119
10 7 1 1 100 0.75 9 1576 902 586 224 509 829 774 119
10 7 1 1 100 0.75 9 1577 906 592 221 515 833 778 123
10 7 1 1 100 0.75 9 1578 907 596 208 520 839 784 123
10 7 1 1 100 0.75 9 1579 909 597 225 517 847 793 122
10 7 1 1 100 0.75 9 1580 911 598 229 518 855 802 118
10 7 1 1 100 0.75 9 1581 915 601 217 524 862 809 118
10 7 1 1 100 0.75 9 1582 916 603 220 531 870 817 119
10 7 1 1 100 0.75 9 1583 917 607 219 530 876 823 117
10 7 1 1 100 0.75 9 1584 920 612 234 533 881 828 121
10 7 1 1 100 0.75 9 1585 924 619 234 543 883 831 127
10 7 1 1 100 0.75 9 1586 926 623 210 548 888 837 129
10 7 1 1 100 0.75 9 1587 927 622 205 547 899 848 127
10 7 1 1 100 0.75 9 1588 930 626 214 550 905 854 132
10 7 1 1 100 0.75 9 1589 931 630 229 553 911 860 131
10 7 1 1 100 0.75 9 1590 931 629 214 551 922 871 125
10 7 1 1 100 0.75 9 1590 931 629 629 551 1046 871 125
10 7 1 1 100 0.75 9 1620 931 629 629 551 76 871 125
10 7 1 1 100 0.75 10 1621 0 10 10 0 76 0 0
10 7 1 1 100 0.75 10 1622 0 20 20 0 76 0 0
10 7 1 1 100 0.75 10 1623 0 30 30 0 76 0 0
10 7 1 1 100 0.75 10 1624 0 40 40 0 76 0 0
10 7 1 1 100 0.75 10 1625 0 50 50 0 76 0 0
10 7 1 1 100 0.75 10 1626 0 60 60 0 76 0 0
10 7 1 1 100 0.75 10 1627 0 70 70 0 76 0 0
10 7 1 1 100 0.75 10 1628 3 80 75 0 76 0 0
10 7 1 1 100 0.75 10 1629 6 90 84 3 76 0 0
10 7 1 1 100 0.75 10 1630 7 100 93 6 76 0 0
10 7 1 1 100 0.75 10 1631 7 110 101 7 76 0 0
10 7 1 1 100 0.75 10 1632 14 120 106 7 76 0 0
10 7 1 1 100 0.75 10 1633 16 130 113 14 76 0 0
10 7 1 1 100 0.75 10 1634 21 140 116 16 76 0 0
10 7 1 1 100 0.75 10 1635 24 150 126 21 75 0 0
10 7 1 1 100 0.75 10 1636 27 160 137 24 75 0 3
10 7 1 1 100 0.75 10 1637 31 170 142 27 75 0 3
10 7 1 1 100 0.75 10 1638 37 180 148 31 75 0 4
10 7 1 1 100 0.75 10 1639 37 190 159 37 75 0 5
10 7 1 1 100 0.75 10 1640 43 200 168 37 75 0 9
10 7 1 1 100 0.75 10 1641 54 210 168 43 75 0 13
10 7 1 1 100 0.75 10 1642 60 220 181 54 75 0 16
10 7 1 1 100 0.75 10 1643 66 230 187 60 75 0 18
10 7 1 1 100 0.75 10 1644 69 240 194 66 75 0 21
10 7 1 1 100 0.75 10 1645 80 250 200 69 75 0 24
10 7 1 1 100 0.75 10 1646 87 260 208 80 75 0 26
10 7 1 1 100 0.75 10 1647 91 270 213 87 75 0 28
10 7 1 1 100 0.75 10 1648 99 280 224 91 75 0 34
10 7 1 1 100 0.75 10 1649 108 290 233 99 75 0 44
10 7 1 1 100 0.75 10 1650 112 300 245 108 75 0 48
10 7 1 1 100 0.75 10 1651 114 310 258 112 75 0 52
10 7 1 1 100 0.75 10 1652 125 318 261 112 77 2 54
10 7 1 1 100 0.75 10 1653 129 328 272 123 77 2 58
10 7 1 1 100 0.75 10 1654 134 337 281 126 78 3 64
10 7 1 1 100 0.75 10 1655 146 347 288 131 78 3 70
10 7 1 1 100 0.75 10 1656 154 356 296 142 79 4 74
10 7 1 1 100 0.75 10 1657 162 362 301 146 83 8 77
10 7 1 1 100 0.75 10 1658 165 370 309 152 85 10 77
10 7 1 1 100 0.75 10 1659 174 378 314 153 87 12 82
10 7 1 1 100 0.75 10 1660 181 382 317 156 93 18 77
10 7 1 1 100 0.75 10 1661 193 391 320 162 94 19 82
10 7 1 1 100 0.75 10 1662 201 397 326 170 98 23 85
10 7 1 1 100 0.75 10 1663 214 403 328 174 102 27 84
10 7 1 1 100 0.75 10 1664 223 408 331 182 107 32 86
10 7 1 1 100 0.75 10 1665 232 414 327 187 111 36 85
10 7 1 1 100 0.75 10 1666 245 422 332 194 113 38 89
10 7 1 1 100 0.75 10 1667 254 425 337 200 120 45 89
10 7 1 1 100 0.75 10 1668 265 428 331 202 127 52 87
10 7 1 1 100 0.75 10 1669 281 435 337 210 130 55 90
10 7 1 1 100 0.75 10 1670 293 440 338 221 135 60 91
10 7 1 1 100 0.75 10 1671 305 447 345 231 138 63 95
10 7 1 1 100 0.75 10 1672 320 451 340 237 144 69 97
10 7 1 1 100 0.75 10 1673 333 454 337 245 151 76 98
10 7 1 1 100 0.75 10 1674 342 459 347 253 156 81 103
10 7 1 1 100 0.75 10 1675 351 464 342 257 161 86 104
10 7 1 1 100 0.75 10 1676 363 471 351 264 164 89 110
10 7 1 1 100 0.75 10 1677 379 477 346 272 168 93 117
10 7 1 1 100 0.75 10 1678 392 480 357 281 175 100 118
10 7 1 1 100 0.75 10 1679 411 481 353 285 184 109 121
10 7 1 1 100 0.75 10 1680 424 488 356 301 187 112 129
10 7 1 1 100 0.75 10 1681 439 493 351 310 192 117 132
10 7 1 1 100 0.75 10 1682 452 500 353 326 195 120 134
10 7 1 1 100 0.75 10 1683 462 502 352 332 203 128 134
10 7 1 1 100 0.75 10 1684 471 510 365 341 205 130 143
10 7 1 1 100 0.75 10 1685 482 513 361 344 212 137 146
10 7 1 1 100 0.75 10 1686 499 517 371 351 218 143 158
10 7 1 1 100 0.75 10 1687 512 519 362 361 226 151 163
10 7 1 1 100 0.75 10 1688 528 525 377 372 230 155 175
10 7 1 1 100 0.75 10 1689 534 530 372 386 235 160 177
10 7 1 1 100 0.75 10 1690 544 533 377 386 242 167 177
10 7 1 1 100 0.75 10 1691 558 532 357 387 253 178 173
10 7 1 1 100 0.75 10 1692 573 530 365 390 265 190 173
10 7 1 1 100 0.75 10 1693 586 534 361 399 271 196 176
10 7 1 1 100 0.75 10 1694 597 533 363 402 282 207 181
10 7 1 1 100 0.75 10 1695 614 536 344 410 289 214 187
10 7 1 1 100 0.75 10 1696 623 530 335 411 305 230 180
10 7 1 1 100 0.75 10 1697 635 529 324 412 316 241 174
10 7 1 1 100 0.75 10 1698 643 536 348 422 319 244 187
10 7 1 1 100 0.75 10 1699 650 539 337 427 326 251 187
10 7 1 1 100 0.75 10 1700 659 545 346 433 330 255 194
10 7 1 1 100 0.75 10 1701 669 541 330 431 344 269 186
10 7 1 1 100 0.75 10 1702 683 539 335 434 356 281 185
10 7 1 1 100 0.75 10 1703 692 525 308 429 379 305 173
10 7 1 1 100 0.75 10 1704 696 528 317 433 386 312 175
10 7 1 1 100 0.75 10 1705 706 526 306 429 398 324 179
10 7 1 1 100 0.75 10 1706 711 528 300 437 406 332 174
10 7 1 1 100 0.75 10 1707 721 531 297 438 413 339 175
10 7 1 1 100 0.75 10 1708 731 532 296 442 422 348 175
10 7 1 1 100 0.75 10 1709 738 526 285 441 438 364 167
10 7 1 1 100 0.75 10 1710 743 526 288 445 448 374 171
10 7 1 1 100 0.75 10 1711 749 530 302 445 453 380 173
10 7 1 1 100 0.75 10 1712 757 528 293 445 465 392 171
10 7 1 1 100 0.75 10 1713 762 526 266 447 477 404 167
10 7 1 1 100 0.75 10 1714 769 530 265 453 483 410 167
10 7 1 1 100 0.75 10 1715 775 533 277 457 490 417 174
10 7 1 1 100 0.75 10 1716 777 533 265 454 500 427 177
10 7 1 1 100 0.75 10 1717 784 532 273 451 510 438 172
10 7 1 1 100 0.75 10 1718 787 530 276 451 522 450 171
10 7 1 1 100 0.75 10 1719 795 527 264 446 535 463 167
10 7 1 1 100 0.75 10 1720 802 518 254 438 553 482 156
10 7 1 1 100 0.75 10 1721 809 521 258 440 560 489 154
10 7 1 1 100 0.75 10 1722 814 522 241 443 569 498 152
10 7 1 1 100 0.75 10 1723 817 524 256 445 577 506 150
10 7 1 1 100 0.75 10 1724 822 526 243 445 585 514 146
10 7 1 1 100 0.75 10 1725 825 529 260 448 592 521 148
10 7 1 1 100 0.75 10 1726 830 527 235 444 604 533 143
10 7 1 1 100 0.75 10 1727 834 530 232 451 611 540 145
10 7 1 1 100 0.75 10 1728 837 532 234 454 619 548 146
10 7 1 1 100 0.75 10 1729 841 531 247 452 628 559 139
10 7 1 1 100 0.75 10 1730 845 531 228 453 638 569 139
10 7 1 1 100 0.75 10 1731 849 535 247 459 644 575 137
10 7 1 1 100 0.75 10 1732 853 537 237 458 652 583 134
10 7 1 1 100 0.75 10 1733 858 535 230 458 664 595 134
10 7 1 1 100 0.75 10 1734 862 542 237 465 667 598 138
10 7 1 1 100 0.75 10 1735 865 535 224 458 684 615 130
10 7 1 1 100 0.75 10 1736 867 537 231 458 692 623 130
10 7 1 1 100 0.75 10 1737 873 538 233 459 701 632 133
10 7 1 1 100 0.75 10 1738 876 541 223 465 708 639 133
10 7 1 1 100 0.75 10 1739 877 544 221 467 715 646 129
10 7 1 1 100 0.75 10 1740 880 546 226 468 723 654 134
10 7 1 1 100 0.75 10 1741 883 552 227 477 726 658 140
10 7 1 1 100 0.75 10 1742 888 554 231 476 734 666 138
10 7 1 1 100 0.75 10 1743 888 559 235 482 738 671 138
10 7 1 1 100 0.75 10 1744 890 564 230 487 742 676 147
10 7 1 1 100 0.75 10 1745 891 563 241 485 753 687 141
10 7 1 1 100 0.75 10 1746 893 567 222 491 758 693 144
10 7 1 1 100 0.75 10 1747 895 569 229 492 765 701 140
10 7 1 1 100 0.75 10 1748 897 576 241 503 768 704 145
10 7 1 1 100 0.75 10 1749 898 576 238 497 778 714 140
10 7 1 1 100 0.75 10 1750 900 578 223 497 786 722 142
10 7 1 1 100 0.75 10 1751 901 579 225 500 794 731 137
10 7 1 1 100 0.75 10 1752 905 574 209 494 809 746 131
10 7 1 1 100 0.75 10 1753 909 581 218 502 812 749 134
10 7 1 1 100 0.75 10 1754 913 585 204 510 818 755 137
10 7 1 1 100 0.75 10 1755 916 587 213 511 826 763 138
10 7 1 1 100 0.75 10 1756 919 590 226 514 832 770 137
10 7 1 1 100 0.75 10 1757 920 590 226 515 842 780 137
10 7 1 1 100 0.75 10 1758 924 589 215 512 853 791 128
10 7 1 1 100 0.75 10 1759 925 590 223 512 862 800 130
10 7 1 1 100 0.75 10 1760 926 592 224 515 869 808 128
10 7 1 1 100 0.75 10 1761 928 594 218 518 877 816 129
10 7 1 1 100 0.75 10 1762 931 597 205 524 883 823 128
10 7 1 1 100 0.75 10 1763 933 598 221 526 892 832 128
10 7 1 1 100 0.75 10 1764 936 600 206 524 898 840 126
10 7 1 1 100 0.75 10 1765 937 603 223 528 905 847 127
10 7 1 1 100 0.75 10 1766 938 610 215 533 907 850 131
10 7 1 1 100 0.75 10 1767 938 609 202 533 918 861 130
10 7 1 1 100 0.75 10 1768 939 611 200 536 926 869 132
10 7 1 1 100 0.75 10 1769 942 614 221 536 932 876 135
10 7 1 1 100 0.75 10 1770 944 619 214 547 937 881 131
10 7 1 1 100 0.75 10 1770 944 619 619 547 1066 881 131
10 7 1 1 100 0.75 10 1800 944 619 619 547 76 881 131
