4 5 1 1 100 0.75 1 1 0 4 4 0 100 0 0
4 5 1 1 100 0.75 1 2 0 8 8 0 100 0 0
4 5 1 1 100 0.75 1 3 0 12 12 0 100 0 0
4 5 1 1 100 0.75 1 4 0 16 16 0 100 0 0
4 5 1 1 100 0.75 1 5 0 20 20 0 100 0 0
4 5 1 1 100 0.75 1 6 0 24 24 0 100 0 0
4 5 1 1 100 0.75 1 7 0 28 28 0 100 0 0
4 5 1 1 100 0.75 1 8 1 32 31 0 99 0 0
4 5 1 1 100 0.75 1 9 4 36 31 1 99 0 0
4 5 1 1 100 0.75 1 10 4 40 35 4 99 0 0
4 5 1 1 100 0.75 1 11 4 44 39 4 99 0 0
4 5 1 1 100 0.75 1 12 5 48 43 4 99 0 0
4 5 1 1 100 0.75 1 13 8 52 44 5 99 0 0
4 5 1 1 100 0.75 1 14 11 56 43 8 99 0 0
4 5 1 1 100 0.75 1 15 13 60 45 11 99 0 1
4 5 1 1 100 0.75 1 16 13 64 52 13 99 0 2
4 5 1 1 100 0.75 1 17 15 68 55 13 99 0 4
4 5 1 1 100 0.75 1 18 18 72 53 15 99 0 4
4 5 1 1 100 0.75 1 19 20 76 59 18 99 0 5
4 5 1 1 100 0.75 1 20 26 80 58 20 99 0 5
4 5 1 1 100 0.75 1 21 28 84 62 26 98 0 7
4 5 1 1 100 0.75 1 22 32 88 63 28 98 0 9
4 5 1 1 100 0.75 1 23 33 92 68 32 98 0 10
4 5 1 1 100 0.75 1 24 41 96 66 33 98 0 12
4 5 1 1 100 0.75 1 25 43 100 69 41 97 0 14
4 5 1 1 100 0.75 1 26 44 104 74 43 97 0 15
4 5 1 1 100 0.75 1 27 47 108 78 44 97 0 17
4 5 1 1 100 0.75 1 28 49 112 85 47 97 0 19
4 5 1 1 100 0.75 1 29 50 116 88 49 97 0 19
4 5 1 1 100 0.75 1 30 53 119 93 49 98 1 19
4 5 1 1 100 0.75 1 31 57 122 90 51 99 2 21
4 5 1 1 100 0.75 1 32 63 125 99 54 100 3 27
4 5 1 1 100 0.75 1 33 65 129 95 60 100 3 27
4 5 1 1 100 0.75 1 34 70 133 98 62 100 3 29
4 5 1 1 100 0.75 1 35 74 136 97 66 101 4 31
4 5 1 1 100 0.75 1 36 75 140 100 70 101 4 32
4 5 1 1 100 0.75 1 37 77 142 102 69 103 6 31
4 5 1 1 100 0.75 1 38 79 145 110 70 104 7 35
4 5 1 1 100 0.75 1 39 84 148 110 71 105 8 37
4 5 1 1 100 0.75 1 40 90 152 109 76 105 8 39
4 5 1 1 100 0.75 1 41 93 154 114 80 107 10 43
4 5 1 1 100 0.75 1 42 93 157 118 82 108 11 44
4 5 1 1 100 0.75 1 43 100 160 119 81 109 12 45
4 5 1 1 100 0.75 1 44 104 161 115 85 112 15 43
4 5 1 1 100 0.75 1 45 110 165 114 89 112 15 44
4 5 1 1 100 0.75 1 46 115 165 108 92 116 19 41
4 5 1 1 100 0.75 1 47 125 168 111 96 117 20 46
4 5 1 1 100 0.75 1 48 128 170 113 104 119 22 47
4 5 1 1 100 0.75 1 49 131 173 113 106 119 23 47
4 5 1 1 100 0.75 1 50 134 172 117 104 124 28 45
4 5 1 1 100 0.75 1 51 136 173 117 104 127 31 48
4 5 1 1 100 0.75 1 52 145 176 112 105 128 32 51
4 5 1 1 100 0.75 1 53 147 177 119 111 131 35 52
4 5 1 1 100 0.75 1 54 149 179 123 111 133 37 56
4 5 1 1 100 0.75 1 55 155 180 124 110 136 40 60
4 5 1 1 100 0.75 1 56 156 182 123 114 138 42 59
4 5 1 1 100 0.75 1 57 160 182 123 111 142 46 57
4 5 1 1 100 0.75 1 58 166 181 122 111 147 51 55
4 5 1 1 100 0.75 1 59 171 182 122 114 150 54 56
4 5 1 1 100 0.75 1 60 173 183 131 116 153 57 59
4 5 1 1 100 0.75 1 61 177 184 123 115 156 60 58
4 5 1 1 100 0.75 1 62 183 185 127 116 159 63 57
4 5 1 1 100 0.75 1 63 189 188 130 121 160 64 58
4 5 1 1 100 0.75 1 64 191 192 133 127 160 64 62
4 5 1 1 100 0.75 1 65 194 194 137 127 162 66 63
4 5 1 1 100 0.75 1 66 199 193 134 125 167 71 61
4 5 1 1 100 0.75 1 67 205 190 133 123 174 78 55
4 5 1 1 100 0.75 1 68 206 188 127 123 180 84 52
4 5 1 1 100 0.75 1 69 210 190 127 122 181 86 54
4 5 1 1 100 0.75 1 70 215 191 135 123 184 89 58
4 5 1 1 100 0.75 1 71 221 191 132 124 188 93 56
4 5 1 1 100 0.75 1 72 225 194 131 129 189 94 58
4 5 1 1 100 0.75 1 73 230 196 130 131 191 96 58
4 5 1 1 100 0.75 1 74 232 193 136 130 197 103 55
4 5 1 1 100 0.75 1 75 236 193 125 128 201 107 53
4 5 1 1 100 0.75 1 76 240 195 126 130 203 109 53
4 5 1 1 100 0.75 1 77 242 193 127 130 209 115 52
4 5 1 1 100 0.75 1 78 249 195 122 130 211 117 52
4 5 1 1 100 0.75 1 79 251 196 126 135 214 120 56
4 5 1 1 100 0.75 1 80 258 198 124 135 216 122 60
4 5 1 1 100 0.75 1 81 260 199 126 140 219 125 59
4 5 1 1 100 0.75 1 82 268 201 118 140 221 127 59
4 5 1 1 100 0.75 1 83 275 200 118 143 226 132 57
4 5 1 1 100 0.75 1 84 279 204 118 151 226 132 63
4 5 1 1 100 0.75 1 85 281 203 116 151 231 137 61
4 5 1 1 100 0.75 1 86 288 203 121 149 234 141 60
4 5 1 1 100 0.75 1 87 293 204 113 154 237 144 61
4 5 1 1 100 0.75 1 88 296 205 117 156 240 147 62
4 5 1 1 100 0.75 1 89 304 205 111 156 244 151 63
4 5 1 1 100 0.75 1 90 308 206 117 161 247 154 66
4 5 1 1 100 0.75 1 91 310 209 117 168 247 155 70
4 5 1 1 100 0.75 1 92 313 207 124 165 253 161 67
4 5 1 1 100 0.75 1 93 318 209 119 166 254 163 67
4 5 1 1 100 0.75 1 94 322 210 118 168 257 166 70
4 5 1 1 100 0.75 1 95 327 210 119 170 261 170 67
4 5 1 1 100 0.75 1 96 329 211 129 172 264 173 70
4 5 1 1 100 0.75 1 97 330 210 118 170 269 178 69
4 5 1 1 100 0.75 1 98 333 212 128 171 271 180 73
4 5 1 1 100 0.75 1 99 337 212 118 171 274 184 71
4 5 1 1 100 0.75 1 100 343 212 122 171 278 188 70
4 5 1 1 100 0.75 1 101 349 213 121 174 281 191 70
4 5 1 1 100 0.75 1 102 353 216 119 179 282 192 73
4 5 1 1 100 0.75 1 103 358 217 119 180 285 195 73
4 5 1 1 100 0.75 1 104 363 213 115 178 293 203 66
4 5 1 1 100 0.75 1 105 369 215 114 181 295 205 68
4 5 1 1 100 0.75 1 106 372 210 113 178 304 214 61
4 5 1 1 100 0.75 1 107 375 209 112 176 309 219 60
4 5 1 1 100 0.75 1 108 378 210 111 177 311 222 61
4 5 1 1 100 0.75 1 109 384 211 98 178 314 225 62
4 5 1 1 100 0.75 1 110 386 212 111 181 317 228 64
4 5 1 1 100 0.75 1 111 388 212 114 179 321 232 66
4 5 1 1 100 0.75 1 112 390 208 120 175 329 240 62
4 5 1 1 100 0.75 1 113 394 207 116 173 334 245 59
4 5 1 1 100 0.75 1 114 399 209 109 175 336 247 59
4 5 1 1 100 0.75 1 115 399 210 104 179 339 250 59
4 5 1 1 100 0.75 1 116 403 210 107 176 343 254 58
4 5 1 1 100 0.75 1 117 405 209 109 176 348 259 57
4 5 1 1 100 0.75 1 118 407 211 104 176 350 261 59
4 5 1 1 100 0.75 1 119 410 214 108 179 351 262 61
4 5 1 1 100 0.75 1 120 411 215 112 182 353 265 59
4 5 1 1 100 0.75 1 121 414 218 112 182 353 266 62
4 5 1 1 100 0.75 1 122 417 217 112 183 358 271 61
4 5 1 1 100 0.75 1 123 420 217 113 183 362 275 59
4 5 1 1 100 0.75 1 124 421 217 107 184 366 279 56
4 5 1 1 100 0.75 1 125 424 217 108 181 370 283 56
4 5 1 1 100 0.75 1 126 428 217 106 183 374 287 55
4 5 1 1 100 0.75 1 127 432 219 105 186 376 289 55
4 5 1 1 100 0.75 1 128 432 217 93 185 382 295 51
4 5 1 1 100 0.75 1 129 437 218 98 183 385 298 53
4 5 1 1 100 0.75 1 130 438 218 99 185 389 302 52
4 5 1 1 100 0.75 1 131 440 217 100 183 394 307 48
4 5 1 1 100 0.75 1 132 445 216 94 182 399 312 47
4 5 1 1 100 0.75 1 133 449 216 92 184 403 316 47
4 5 1 1 100 0.75 1 134 450 219 101 187 404 317 50
4 5 1 1 100 0.75 1 135 453 221 97 188 406 319 49
4 5 1 1 100 0.75 1 136 456 223 98 190 408 321 49
4 5 1 1 100 0.75 1 137 461 225 100 192 410 323 50
4 5 1 1 100 0.75 1 138 465 226 86 194 413 326 51
4 5 1 1 100 0.75 1 139 469 229 103 197 414 327 55
4 5 1 1 100 0.75 1 140 473 230 91 199 417 330 56
4 5 1 1 100 0.75 1 141 474 229 100 198 422 335 52
4 5 1 1 100 0.75 1 142 475 229 101 197 426 339 51
4 5 1 1 100 0.75 1 143 476 232 110 198 427 340 53
4 5 1 1 100 0.75 1 144 479 234 100 198 429 342 55
4 5 1 1 100 0.75 1 145 484 235 99 199 432 345 52
4 5 1 1 100 0.75 1 146 488 237 96 203 434 347 59
4 5 1 1 100 0.75 1 147 490 236 100 203 439 352 56
4 5 1 1 100 0.75 1 148 493 237 108 204 442 355 55
4 5 1 1 100 0.75 1 149 496 238 98 205 445 358 52
4 5 1 1 100 0.75 1 150 498 240 108 209 446 360 53
4 5 1 1 100 0.75 1 150 498 240 240 209 499 360 53
4 5 1 1 100 0.75 1 180 498 240 240 209 53 360 53
4 5 1 1 100 0.75 2 181 0 4 4 0 53 0 0
4 5 1 1 100 0.75 2 182 0 8 8 0 53 0 0
4 5 1 1 100 0.75 2 183 0 12 12 0 53 0 0
4 5 1 1 100 0.75 2 184 0 16 16 0 53 0 0
4 5 1 1 100 0.75 2 185 0 20 20 0 53 0 0
4 5 1 1 100 0.75 2 186 0 24 24 0 53 0 0
4 5 1 1 100 0.75 2 187 0 28 27 0 53 0 0
4 5 1 1 100 0.75 2 188 1 32 31 0 53 0 0
4 5 1 1 100 0.75 2 189 1 36 34 1 53 0 0
4 5 1 1 100 0.75 2 190 3 40 36 1 53 0 0
4 5 1 1 100 0.75 2 191 3 44 40 3 53 0 0
4 5 1 1 100 0.75 2 192 5 48 43 3 53 0 0
4 5 1 1 100 0.75 2 193 7 52 44 5 53 0 0
4 5 1 1 100 0.75 2 194 8 56 48 7 53 0 0
4 5 1 1 100 0.75 2 195 10 60 51 8 53 0 1
4 5 1 1 100 0.75 2 196 11 64 53 10 53 0 1
4 5 1 1 100 0.75 2 197 13 68 56 11 53 0 1
4 5 1 1 100 0.75 2 198 17 72 57 13 53 0 2
4 5 1 1 100 0.75 2 199 19 76 59 17 53 0 3
4 5 1 1 100 0.75 2 200 23 80 61 19 53 0 4
4 5 1 1 100 0.75 2 201 27 84 63 23 53 0 6
4 5 1 1 100 0.75 2 202 29 88 67 27 53 0 8
4 5 1 1 100 0.75 2 203 30 92 70 29 53 0 9
4 5 1 1 100 0.75 2 204 30 96 72 30 53 0 10
4 5 1 1 100 0.75 2 205 32 100 83 30 53 0 14
4 5 1 1 100 0.75 2 206 34 104 81 32 53 0 14
4 5 1 1 100 0.75 2 207 34 108 91 34 53 0 18
4 5 1 1 100 0.75 2 208 38 112 91 34 53 0 20
4 5 1 1 100 0.75 2 209 40 116 98 38 53 0 23
4 5 1 1 100 0.75 2 210 42 120 103 40 53 0 24
4 5 1 1 100 0.75 2 211 49 124 98 42 53 0 24
4 5 1 1 100 0.75 2 212 54 128 100 49 53 0 25
4 5 1 1 100 0.75 2 213 56 131 101 53 54 1 24
4 5 1 1 100 0.75 2 214 59 134 104 54 55 2 25
4 5 1 1 100 0.75 2 215 61 138 109 57 55 2 27
4 5 1 1 100 0.75 2 216 66 141 111 58 56 3 28
4 5 1 1 100 0.75 2 217 68 144 110 62 57 4 28
4 5 1 1 100 0.75 2 218 75 147 115 63 58 5 32
4 5 1 1 100 0.75 2 219 77 148 116 67 61 8 32
4 5 1 1 100 0.75 2 220 81 149 116 66 64 11 30
4 5 1 1 100 0.75 2 221 82 153 119 70 64 11 31
4 5 1 1 100 0.75 2 222 85 157 123 71 64 11 32
4 5 1 1 100 0.75 2 223 90 160 127 73 65 12 33
4 5 1 1 100 0.75 2 224 92 160 129 74 69 16 33
4 5 1 1 100 0.75 2 225 97 163 123 75 70 17 34
4 5 1 1 100 0.75 2 226 100 166 129 79 71 18 38
4 5 1 1 100 0.75 2 227 102 165 130 77 76 23 37
4 5 1 1 100 0.75 2 228 107 168 126 78 77 24 36
4 5 1 1 100 0.75 2 229 111 172 134 83 77 24 39
4 5 1 1 100 0.75 2 230 114 175 134 86 78 25 40
4 5 1 1 100 0.75 2 231 116 179 141 89 78 25 42
4 5 1 1 100 0.75 2 232 120 183 144 91 78 25 45
4 5 1 1 100 0.75 2 233 124 186 148 94 79 26 47
4 5 1 1 100 0.75 2 234 130 185 143 93 84 31 46
4 5 1 1 100 0.75 2 235 131 187 143 97 86 33 45
4 5 1 1 100 0.75 2 236 138 187 144 94 90 37 46
4 5 1 1 100 0.75 2 237 145 189 142 99 92 39 48
4 5 1 1 100 0.75 2 238 150 191 137 104 94 41 46
4 5 1 1 100 0.75 2 239 154 195 138 109 94 41 48
4 5 1 1 100 0.75 2 240 158 193 138 107 100 47 44
4 5 1 1 100 0.75 2 241 166 194 134 110 103 50 45
4 5 1 1 100 0.75 2 242 167 194 134 114 107 54 44
4 5 1 1 100 0.75 2 243 172 197 141 114 108 55 44
4 5 1 1 100 0.75 2 244 175 198 138 116 111 58 47
4 5 1 1 100 0.75 2 245 180 200 143 117 113 60 49
4 5 1 1 100 0.75 2 246 185 202 137 120 115 62 49
4 5 1 1 100 0.75 2 247 191 206 145 125 115 62 54
4 5 1 1 100 0.75 2 248 196 207 143 128 118 65 53
4 5 1 1 100 0.75 2 249 198 208 148 131 121 68 55
4 5 1 1 100 0.75 2 250 200 208 147 129 125 72 54
4 5 1 1 100 0.75 2 251 200 209 153 129 128 75 53
4 5 1 1 100 0.75 2 252 206 209 151 125 132 79 51
4 5 1 1 100 0.75 2 253 211 213 157 133 132 79 56
4 5 1 1 100 0.75 2 254 213 215 160 137 134 81 59
4 5 1 1 100 0.75 2 255 220 217 155 138 136 83 61
4 5 1 1 100 0.75 2 256 224 217 155 142 140 87 61
4 5 1 1 100 0.75 2 257 227 218 150 143 143 90 60
4 5 1 1 100 0.75 2 258 233 220 147 144 145 92 59
4 5 1 1 100 0.75 2 259 236 220 151 147 149 96 59
4 5 1 1 100 0.75 2 260 239 222 150 149 151 98 62
4 5 1 1 100 0.75 2 261 242 224 156 152 153 100 65
4 5 1 1 100 0.75 2 262 246 222 155 149 158 106 65
4 5 1 1 100 0.75 2 263 249 221 153 148 163 111 63
4 5 1 1 100 0.75 2 264 254 220 150 146 168 116 60
4 5 1 1 100 0.75 2 265 258 221 154 148 171 119 62
4 5 1 1 100 0.75 2 266 264 223 156 150 173 121 62
4 5 1 1 100 0.75 2 267 265 224 159 153 176 124 62
4 5 1 1 100 0.75 2 268 273 226 153 152 178 126 64
4 5 1 1 100 0.75 2 269 276 227 146 158 180 129 64
4 5 1 1 100 0.75 2 270 277 227 154 158 184 133 62
4 5 1 1 100 0.75 2 271 284 228 149 156 187 136 60
4 5 1 1 100 0.75 2 272 289 227 139 160 192 141 58
4 5 1 1 100 0.75 2 273 294 227 142 161 196 145 58
4 5 1 1 100 0.75 2 274 301 227 139 162 200 149 56
4 5 1 1 100 0.75 2 275 307 229 141 167 202 151 59
4 5 1 1 100 0.75 2 276 315 231 139 171 203 153 62
4 5 1 1 100 0.75 2 277 317 229 136 174 209 159 60
4 5 1 1 100 0.75 2 278 319 228 133 173 214 164 57
4 5 1 1 100 0.75 2 279 323 230 143 174 216 166 61
4 5 1 1 100 0.75 2 280 331 229 132 174 221 171 59
4 5 1 1 100 0.75 2 281 335 231 135 180 222 173 60
4 5 1 1 100 0.75 2 282 339 231 134 182 226 177 62
4 5 1 1 100 0.75 2 283 345 231 130 182 230 181 61
4 5 1 1 100 0.75 2 284 350 231 139 184 234 185 63
4 5 1 1 100 0.75 2 285 355 233 134 187 236 187 63
4 5 1 1 100 0.75 2 286 357 234 139 190 239 190 63
4 5 1 1 100 0.75 2 287 361 238 143 192 239 190 66
4 5 1 1 100 0.75 2 288 366 240 143 196 241 192 68
4 5 1 1 100 0.75 2 289 372 240 140 197 245 196 69
4 5 1 1 100 0.75 2 290 374 239 135 199 250 201 68
4 5 1 1 100 0.75 2 291 377 239 137 197 254 205 68
4 5 1 1 100 0.75 2 292 380 240 137 198 257 208 68
4 5 1 1 100 0.75 2 293 383 240 143 197 261 212 66
4 5 1 1 100 0.75 2 294 388 240 132 196 264 216 63
4 5 1 1 100 0.75 2 295 391 240 139 199 268 220 65
4 5 1 1 100 0.75 2 296 395 237 132 196 275 227 62
4 5 1 1 100 0.75 2 297 398 240 138 200 276 228 64
4 5 1 1 100 0.75 2 298 401 242 133 202 278 230 65
4 5 1 1 100 0.75 2 299 405 238 134 199 286 238 59
4 5 1 1 100 0.75 2 300 410 238 132 200 290 242 57
4 5 1 1 100 0.75 2 301 412 238 129 204 294 246 56
4 5 1 1 100 0.75 2 302 416 239 133 203 297 249 59
4 5 1 1 100 0.75 2 303 417 240 135 204 300 252 58
4 5 1 1 100 0.75 2 304 421 239 127 201 305 257 59
4 5 1 1 100 0.75 2 305 423 240 133 204 308 260 58
4 5 1 1 100 0.75 2 306 426 243 135 206 309 261 60
4 5 1 1 100 0.75 2 307 429 244 121 208 311 264 63
4 5 1 1 100 0.75 2 308 433 241 134 206 318 271 60
4 5 1 1 100 0.75 2 309 435 242 125 208 321 274 60
4 5 1 1 100 0.75 2 310 435 245 132 212 322 275 61
4 5 1 1 100 0.75 2 311 441 244 125 208 327 280 58
4 5 1 1 100 0.75 2 312 446 245 120 212 330 283 58
4 5 1 1 100 0.75 2 313 448 245 121 214 334 287 58
4 5 1 1 100 0.75 2 314 451 245 127 213 337 291 57
4 5 1 1 100 0.75 2 315 456 244 117 211 341 296 57
4 5 1 1 100 0.75 2 316 460 247 129 215 342 297 58
4 5 1 1 100 0.75 2 317 460 249 132 218 344 299 59
4 5 1 1 100 0.75 2 318 462 252 126 217 345 300 63
4 5 1 1 100 0.75 2 319 464 250 140 215 350 306 64
4 5 1 1 100 0.75 2 320 469 249 139 214 355 311 61
4 5 1 1 100 0.75 2 321 473 252 129 218 355 312 62
4 5 1 1 100 0.75 2 322 476 252 135 220 359 316 61
4 5 1 1 100 0.75 2 323 481 251 129 219 363 321 59
4 5 1 1 100 0.75 2 324 482 249 127 218 369 327 55
4 5 1 1 100 0.75 2 325 483 248 121 217 374 332 51
4 5 1 1 100 0.75 2 326 484 250 122 218 375 334 55
4 5 1 1 100 0.75 2 327 485 252 121 218 377 336 56
4 5 1 1 100 0.75 2 328 493 254 133 218 378 338 57
4 5 1 1 100 0.75 2 329 493 255 128 223 381 341 57
4 5 1 1 100 0.75 2 330 495 256 130 222 383 344 58
4 5 1 1 100 0.75 2 330 495 256 256 222 440 344 58
4 5 1 1 100 0.75 2 360 495 256 256 222 54 344 58
4 5 1 1 100 0.75 3 361 0 4 4 0 54 0 0
4 5 1 1 100 0.75 3 362 0 8 8 0 54 0 0
4 5 1 1 100 0.75 3 363 0 12 12 0 54 0 0
4 5 1 1 100 0.75 3 364 0 16 16 0 54 0 0
4 5 1 1 100 0.75 3 365 0 20 20 0 54 0 0
4 5 1 1 100 0.75 3 366 0 24 24 0 54 0 0
4 5 1 1 100 0.75 3 367 0 28 28 0 54 0 0
4 5 1 1 100 0.75 3 368 2 32 30 0 54 0 0
4 5 1 1 100 0.75 3 369 3 36 32 2 54 0 0
4 5 1 1 100 0.75 3 370 3 40 36 3 54 0 0
4 5 1 1 100 0.75 3 371 5 44 37 3 53 0 0
4 5 1 1 100 0.75 3 372 7 48 41 5 53 0 0
4 5 1 1 100 0.75 3 373 9 52 42 7 53 0 0
4 5 1 1 100 0.75 3 374 11 56 44 9 53 0 0
4 5 1 1 100 0.75 3 375 12 60 47 11 53 0 0
4 5 1 1 100 0.75 3 376 17 64 49 12 53 0 2
4 5 1 1 100 0.75 3 377 19 68 51 17 53 0 2
4 5 1 1 100 0.75 3 378 20 72 55 19 53 0 4
4 5 1 1 100 0.75 3 379 20 76 60 20 53 0 5
4 5 1 1 100 0.75 3 380 23 80 62 20 53 0 5
4 5 1 1 100 0.75 3 381 27 84 64 23 53 0 7
4 5 1 1 100 0.75 3 382 27 88 68 27 53 0 8
4 5 1 1 100 0.75 3 383 28 92 78 27 53 0 13
4 5 1 1 100 0.75 3 384 31 96 80 28 53 0 13
4 5 1 1 100 0.75 3 385 31 100 86 31 53 0 16
4 5 1 1 100 0.75 3 386 32 104 88 31 53 0 16
4 5 1 1 100 0.75 3 387 35 108 94 32 53 0 18
4 5 1 1 100 0.75 3 388 36 112 99 35 53 0 20
4 5 1 1 100 0.75 3 389 39 116 100 36 53 0 23
4 5 1 1 100 0.75 3 390 42 120 104 39 53 0 24
4 5 1 1 100 0.75 3 391 43 124 104 42 53 0 25
4 5 1 1 100 0.75 3 392 47 127 107 42 54 1 25
4 5 1 1 100 0.75 3 393 50 129 106 44 56 3 23
4 5 1 1 100 0.75 3 394 54 132 107 46 57 4 24
4 5 1 1 100 0.75 3 395 60 136 110 50 57 4 24
4 5 1 1 100 0.75 3 396 64 140 111 56 57 4 24
4 5 1 1 100 0.75 3 397 69 144 112 60 57 4 25
4 5 1 1 100 0.75 3 398 71 145 113 62 60 7 23
4 5 1 1 100 0.75 3 399 72 148 115 63 61 8 23
4 5 1 1 100 0.75 3 400 74 151 122 63 62 9 25
4 5 1 1 100 0.75 3 401 75 154 123 64 63 10 27
4 5 1 1 100 0.75 3 402 81 154 126 61 67 14 26
4 5 1 1 100 0.75 3 403 85 157 128 66 68 15 29
4 5 1 1 100 0.75 3 404 89 156 128 65 73 20 28
4 5 1 1 100 0.75 3 405 93 159 129 68 74 21 29
4 5 1 1 100 0.75 3 406 96 162 131 71 75 22 29
4 5 1 1 100 0.75 3 407 100 165 129 73 76 23 29
4 5 1 1 100 0.75 3 408 106 168 131 76 77 24 30
4 5 1 1 100 0.75 3 409 108 171 133 81 78 25 30
4 5 1 1 100 0.75 3 410 112 175 140 83 77 25 37
4 5 1 1 100 0.75 3 411 115 178 137 86 78 26 37
4 5 1 1 100 0.75 3 412 119 182 146 89 78 26 40
4 5 1 1 100 0.75 3 413 124 185 146 92 79 27 42
4 5 1 1 100 0.75 3 414 124 187 152 95 81 29 42
4 5 1 1 100 0.75 3 415 130 191 154 95 81 29 45
4 5 1 1 100 0.75 3 416 135 193 154 99 83 31 46
4 5 1 1 100 0.75 3 417 140 196 157 103 84 32 46
4 5 1 1 100 0.75 3 418 142 198 154 106 86 34 46
4 5 1 1 100 0.75 3 419 146 198 154 104 90 38 47
4 5 1 1 100 0.75 3 420 152 198 154 104 93 42 44
4 5 1 1 100 0.75 3 421 156 200 156 108 95 44 45
4 5 1 1 100 0.75 3 422 157 202 150 110 97 46 45
4 5 1 1 100 0.75 3 423 163 203 152 109 100 49 47
4 5 1 1 100 0.75 3 424 169 203 155 111 103 53 47
4 5 1 1 100 0.75 3 425 171 204 151 114 106 56 45
4 5 1 1 100 0.75 3 426 180 207 155 115 107 57 48
4 5 1 1 100 0.75 3 427 187 205 146 118 113 63 46
4 5 1 1 100 0.75 3 428 192 208 151 124 114 64 47
4 5 1 1 100 0.75 3 429 195 209 147 126 117 67 45
4 5 1 1 100 0.75 3 430 201 212 150 128 118 68 49
4 5 1 1 100 0.75 3 431 207 215 151 133 119 69 50
4 5 1 1 100 0.75 3 432 210 215 150 135 123 73 50
4 5 1 1 100 0.75 3 433 214 218 155 137 124 74 53
4 5 1 1 100 0.75 3 434 217 218 155 138 128 78 56
4 5 1 1 100 0.75 3 435 220 219 158 138 131 81 54
4 5 1 1 100 0.75 3 436 227 219 152 138 135 85 54
4 5 1 1 100 0.75 3 437 233 220 153 142 138 88 54
4 5 1 1 100 0.75 3 438 235 223 156 147 139 89 59
4 5 1 1 100 0.75 3 439 239 225 156 147 141 91 59
4 5 1 1 100 0.75 3 440 246 228 158 151 142 92 62
4 5 1 1 100 0.75 3 441 247 230 166 156 144 94 61
4 5 1 1 100 0.75 3 442 255 229 160 152 149 99 57
4 5 1 1 100 0.75 3 443 262 230 155 157 152 102 59
4 5 1 1 100 0.75 3 444 267 230 156 160 156 106 59
4 5 1 1 100 0.75 3 445 273 230 152 161 160 110 58
4 5 1 1 100 0.75 3 446 277 231 155 165 163 113 58
4 5 1 1 100 0.75 3 447 281 231 150 165 167 117 61
4 5 1 1 100 0.75 3 448 287 231 150 166 171 121 59
4 5 1 1 100 0.75 3 449 291 230 148 167 176 126 59
4 5 1 1 100 0.75 3 450 294 231 148 168 179 129 64
4 5 1 1 100 0.75 3 451 299 231 154 168 183 133 65
4 5 1 1 100 0.75 3 452 305 233 151 171 185 135 66
4 5 1 1 100 0.75 3 453 311 231 147 171 191 141 68
4 5 1 1 100 0.75 3 454 318 234 145 178 192 142 70
4 5 1 1 100 0.75 3 455 324 236 137 183 194 144 72
4 5 1 1 100 0.75 3 456 329 237 147 186 197 147 72
4 5 1 1 100 0.75 3 457 335 236 142 188 202 152 71
4 5 1 1 100 0.75 3 458 340 239 143 193 203 153 75
4 5 1 1 100 0.75 3 459 344 238 138 194 208 158 71
4 5 1 1 100 0.75 3 460 346 239 150 195 211 161 74
4 5 1 1 100 0.75 3 461 349 241 146 195 213 163 78
4 5 1 1 100 0.75 3 462 355 240 157 194 218 168 78
4 5 1 1 100 0.75 3 463 357 239 144 196 223 173 78
4 5 1 1 100 0.75 3 464 364 237 151 192 229 179 79
4 5 1 1 100 0.75 3 465 368 236 144 194 234 184 77
4 5 1 1 100 0.75 3 466 369 238 151 196 236 186 78
4 5 1 1 100 0.75 3 467 372 239 143 194 239 189 79
4 5 1 1 100 0.75 3 468 376 238 147 194 244 194 76
4 5 1 1 100 0.75 3 469 379 240 151 197 246 196 75
4 5 1 1 100 0.75 3 470 385 234 136 191 256 206 68
4 5 1 1 100 0.75 3 471 387 235 135 196 259 209 68
4 5 1 1 100 0.75 3 472 391 234 142 195 264 214 67
4 5 1 1 100 0.75 3 473 395 234 133 196 268 218 65
4 5 1 1 100 0.75 3 474 398 236 135 198 270 220 67
4 5 1 1 100 0.75 3 475 400 238 136 199 272 222 71
4 5 1 1 100 0.75 3 476 407 235 126 196 279 229 68
4 5 1 1 100 0.75 3 477 408 233 137 197 285 235 65
4 5 1 1 100 0.75 3 478 413 234 129 195 288 238 66
4 5 1 1 100 0.75 3 479 419 233 132 196 293 243 63
4 5 1 1 100 0.75 3 480 422 232 134 197 298 248 61
4 5 1 1 100 0.75 3 481 423 233 132 197 301 251 61
4 5 1 1 100 0.75 3 482 427 231 122 192 307 257 56
4 5 1 1 100 0.75 3 483 431 231 123 193 311 261 54
4 5 1 1 100 0.75 3 484 432 230 124 194 316 266 53
4 5 1 1 100 0.75 3 485 434 232 123 194 318 268 56
4 5 1 1 100 0.75 3 486 437 234 124 195 320 270 60
4 5 1 1 100 0.75 3 487 443 235 116 196 323 273 59
4 5 1 1 100 0.75 3 488 444 236 119 202 326 276 57
4 5 1 1 100 0.75 3 489 448 235 122 201 331 281 56
4 5 1 1 100 0.75 3 490 450 235 117 203 334 285 55
4 5 1 1 100 0.75 3 491 453 235 120 202 338 289 56
4 5 1 1 100 0.75 3 492 458 234 103 201 343 294 53
4 5 1 1 100 0.75 3 493 460 236 116 206 345 296 54
4 5 1 1 100 0.75 3 494 460 235 118 203 350 301 50
4 5 1 1 100 0.75 3 495 463 238 119 204 351 302 59
4 5 1 1 100 0.75 3 496 467 240 124 207 353 304 61
4 5 1 1 100 0.75 3 497 470 240 123 208 357 308 60
4 5 1 1 100 0.75 3 498 472 240 123 207 361 312 61
4 5 1 1 100 0.75 3 499 474 240 116 208 365 316 62
4 5 1 1 100 0.75 3 500 477 243 129 211 366 317 64
4 5 1 1 100 0.75 3 501 480 243 118 211 370 321 63
4 5 1 1 100 0.75 3 502 481 245 121 213 372 323 62
4 5 1 1 100 0.75 3 503 484 246 115 212 375 326 62
4 5 1 1 100 0.75 3 504 489 246 124 211 378 330 62
4 5 1 1 100 0.75 3 505 492 246 122 212 382 334 61
4 5 1 1 100 0.75 3 506 495 248 120 215 384 336 61
4 5 1 1 100 0.75 3 507 498 249 118 217 387 339 62
4 5 1 1 100 0.75 3 508 499 250 126 217 390 342 64
4 5 1 1 100 0.75 3 509 501 252 128 218 391 344 62
4 5 1 1 100 0.75 3 510 504 250 118 216 396 350 58
4 5 1 1 100 0.75 3 510 504 250 250 216 454 350 58
4 5 1 1 100 0.75 3 540 504 250 250 216 54 350 58
4 5 1 1 100 0.75 4 541 0 4 4 0 54 0 0
4 5 1 1 100 0.75 4 542 0 8 8 0 54 0 0
4 5 1 1 100 0.75 4 543 0 12 12 0 54 0 0
4 5 1 1 100 0.75 4 544 0 16 16 0 54 0 0
4 5 1 1 100 0.75 4 545 0 20 20 0 54 0 0
4 5 1 1 100 0.75 4 546 0 24 24 0 54 0 0
4 5 1 1 100 0.75 4 547 0 28 27 0 54 0 0
4 5 1 1 100 0.75 4 548 0 32 32 0 54 0 0
4 5 1 1 100 0.75 4 549 0 36 35 0 54 0 0
4 5 1 1 100 0.75 4 550 1 40 36 0 54 0 0
4 5 1 1 100 0.75 4 551 2 44 41 1 54 0 0
4 5 1 1 100 0.75 4 552 3 48 44 2 54 0 0
4 5 1 1 100 0.75 4 553 5 52 46 3 54 0 0
4 5 1 1 100 0.75 4 554 7 56 49 5 54 0 0
4 5 1 1 100 0.75 4 555 9 60 51 7 54 0 0
4 5 1 1 100 0.75 4 556 11 64 53 9 54 0 0
4 5 1 1 100 0.75 4 557 13 68 56 11 54 0 1
4 5 1 1 100 0.75 4 558 16 72 57 13 54 0 2
4 5 1 1 100 0.75 4 559 20 76 57 16 54 0 2
4 5 1 1 100 0.75 4 560 21 80 64 20 54 0 4
4 5 1 1 100 0.75 4 561 24 84 64 21 54 0 4
4 5 1 1 100 0.75 4 562 26 88 69 24 54 0 6
4 5 1 1 100 0.75 4 563 27 92 70 26 54 0 9
4 5 1 1 100 0.75 4 564 28 96 75 27 54 0 10
4 5 1 1 100 0.75 4 565 31 100 84 28 54 0 13
4 5 1 1 100 0.75 4 566 33 104 83 31 54 0 14
4 5 1 1 100 0.75 4 567 37 108 90 33 54 0 16
4 5 1 1 100 0.75 4 568 40 112 91 37 54 0 19
4 5 1 1 100 0.75 4 569 41 116 96 40 54 0 20
4 5 1 1 100 0.75 4 570 45 120 98 41 54 0 22
4 5 1 1 100 0.75 4 571 47 124 102 45 54 0 23
4 5 1 1 100 0.75 4 572 48 128 105 47 54 0 25
4 5 1 1 100 0.75 4 573 49 132 110 48 54 0 26
4 5 1 1 100 0.75 4 574 53 136 114 49 54 0 29
4 5 1 1 100 0.75 4 575 57 137 112 50 57 3 29
4 5 1 1 100 0.75 4 576 61 140 111 53 58 4 30
4 5 1 1 100 0.75 4 577 68 144 115 57 58 4 34
4 5 1 1 100 0.75 4 578 70 147 118 63 59 5 35
4 5 1 1 100 0.75 4 579 72 150 119 64 60 6 35
4 5 1 1 100 0.75 4 580 74 151 119 63 63 9 33
4 5 1 1 100 0.75 4 581 76 155 123 65 63 9 35
4 5 1 1 100 0.75 4 582 80 155 121 63 67 13 34
4 5 1 1 100 0.75 4 583 81 158 129 66 68 14 36
4 5 1 1 100 0.75 4 584 86 162 134 67 68 14 39
4 5 1 1 100 0.75 4 585 88 163 133 69 71 17 40
4 5 1 1 100 0.75 4 586 90 167 140 71 71 17 41
4 5 1 1 100 0.75 4 587 94 166 131 68 76 22 38
4 5 1 1 100 0.75 4 588 99 169 135 71 77 23 40
4 5 1 1 100 0.75 4 589 103 171 138 74 79 25 41
4 5 1 1 100 0.75 4 590 106 172 138 75 82 28 39
4 5 1 1 100 0.75 4 591 110 173 132 75 85 31 38
4 5 1 1 100 0.75 4 592 113 174 141 76 88 34 38
4 5 1 1 100 0.75 4 593 116 177 137 78 89 35 38
4 5 1 1 100 0.75 4 594 118 179 144 79 91 37 39
4 5 1 1 100 0.75 4 595 121 183 145 81 91 37 42
4 5 1 1 100 0.75 4 596 128 184 142 82 94 40 40
4 5 1 1 100 0.75 4 597 135 187 142 88 95 41 41
4 5 1 1 100 0.75 4 598 143 188 138 92 98 44 40
4 5 1 1 100 0.75 4 599 148 191 140 99 99 45 43
4 5 1 1 100 0.75 4 600 150 193 143 102 101 47 43
4 5 1 1 100 0.75 4 601 151 196 144 103 102 48 43
4 5 1 1 100 0.75 4 602 155 198 146 103 104 50 43
4 5 1 1 100 0.75 4 603 160 199 148 104 107 53 46
4 5 1 1 100 0.75 4 604 164 198 145 105 112 58 45
4 5 1 1 100 0.75 4 605 171 199 145 107 115 61 48
4 5 1 1 100 0.75 4 606 176 201 151 112 117 63 51
4 5 1 1 100 0.75 4 607 179 202 147 115 120 66 49
4 5 1 1 100 0.75 4 608 185 205 145 117 121 67 49
4 5 1 1 100 0.75 4 609 189 206 141 120 124 70 48
4 5 1 1 100 0.75 4 610 193 207 144 121 127 73 46
4 5 1 1 100 0.75 4 611 199 211 148 125 127 73 54
4 5 1 1 100 0.75 4 612 204 210 151 126 132 78 53
4 5 1 1 100 0.75 4 613 209 213 149 131 133 79 56
4 5 1 1 100 0.75 4 614 212 214 154 133 136 82 56
4 5 1 1 100 0.75 4 615 215 215 156 133 139 85 56
4 5 1 1 100 0.75 4 616 219 218 160 135 140 86 60
4 5 1 1 100 0.75 4 617 222 220 158 137 142 88 59
4 5 1 1 100 0.75 4 618 227 221 158 137 145 91 59
4 5 1 1 100 0.75 4 619 235 221 157 138 149 95 61
4 5 1 1 100 0.75 4 620 240 222 153 144 152 98 62
4 5 1 1 100 0.75 4 621 246 224 157 148 154 100 63
4 5 1 1 100 0.75 4 622 251 224 151 151 158 104 59
4 5 1 1 100 0.75 4 623 254 226 150 154 160 106 62
4 5 1 1 100 0.75 4 624 257 222 148 149 168 114 59
4 5 1 1 100 0.75 4 625 261 223 149 149 171 117 57
4 5 1 1 100 0.75 4 626 270 224 147 151 174 120 63
4 5 1 1 100 0.75 4 627 276 224 142 156 178 124 65
4 5 1 1 100 0.75 4 628 283 225 141 160 181 127 67
4 5 1 1 100 0.75 4 629 290 225 138 164 185 131 66
4 5 1 1 100 0.75 4 630 296 225 139 167 189 135 67
4 5 1 1 100 0.75 4 631 298 225 137 169 193 139 65
4 5 1 1 100 0.75 4 632 302 228 143 170 194 140 66
4 5 1 1 100 0.75 4 633 307 229 137 173 197 143 71
4 5 1 1 100 0.75 4 634 314 229 143 174 201 147 70
4 5 1 1 100 0.75 4 635 317 229 147 177 205 151 70
4 5 1 1 100 0.75 4 636 322 229 147 177 209 155 71
4 5 1 1 100 0.75 4 637 328 230 146 179 212 158 75
4 5 1 1 100 0.75 4 638 333 231 144 183 215 161 75
4 5 1 1 100 0.75 4 639 336 229 140 182 221 167 72
4 5 1 1 100 0.75 4 640 344 231 132 184 223 169 75
4 5 1 1 100 0.75 4 641 351 231 139 188 227 173 74
4 5 1 1 100 0.75 4 642 353 231 135 191 231 177 74
4 5 1 1 100 0.75 4 643 355 231 136 190 235 181 74
4 5 1 1 100 0.75 4 644 361 230 134 188 240 186 74
4 5 1 1 100 0.75 4 645 364 233 140 193 241 187 75
4 5 1 1 100 0.75 4 646 367 229 125 189 249 195 69
4 5 1 1 100 0.75 4 647 370 232 141 191 250 196 73
4 5 1 1 100 0.75 4 648 376 234 142 193 252 198 80
4 5 1 1 100 0.75 4 649 382 233 138 194 256 203 77
4 5 1 1 100 0.75 4 650 384 231 130 194 262 209 72
4 5 1 1 100 0.75 4 651 385 227 141 188 270 217 69
4 5 1 1 100 0.75 4 652 392 228 132 186 273 220 70
4 5 1 1 100 0.75 4 653 392 226 137 187 279 226 68
4 5 1 1 100 0.75 4 654 396 227 127 187 282 229 65
4 5 1 1 100 0.75 4 655 401 230 131 191 283 230 68
4 5 1 1 100 0.75 4 656 404 230 136 192 287 234 70
4 5 1 1 100 0.75 4 657 407 226 121 188 295 242 64
4 5 1 1 100 0.75 4 658 409 222 122 184 303 250 57
4 5 1 1 100 0.75 4 659 411 222 118 182 307 254 57
4 5 1 1 100 0.75 4 660 418 225 132 183 308 255 60
4 5 1 1 100 0.75 4 661 420 226 129 188 311 258 59
4 5 1 1 100 0.75 4 662 420 228 135 188 313 260 59
4 5 1 1 100 0.75 4 663 425 228 123 186 317 264 59
4 5 1 1 100 0.75 4 664 426 230 123 191 319 266 60
4 5 1 1 100 0.75 4 665 431 231 120 190 322 269 59
4 5 1 1 100 0.75 4 666 434 224 118 185 333 280 49
4 5 1 1 100 0.75 4 667 435 224 123 189 337 284 47
4 5 1 1 100 0.75 4 668 437 225 115 188 340 287 50
4 5 1 1 100 0.75 4 669 441 227 115 190 342 289 48
4 5 1 1 100 0.75 4 670 444 225 114 189 348 295 47
4 5 1 1 100 0.75 4 671 445 228 120 192 349 296 48
4 5 1 1 100 0.75 4 672 451 229 122 191 351 299 50
4 5 1 1 100 0.75 4 673 454 231 122 195 353 301 53
4 5 1 1 100 0.75 4 674 457 231 108 196 357 305 52
4 5 1 1 100 0.75 4 675 459 231 119 198 361 309 50
4 5 1 1 100 0.75 4 676 463 231 109 199 365 313 48
4 5 1 1 100 0.75 4 677 465 233 122 201 367 315 48
4 5 1 1 100 0.75 4 678 468 234 110 201 369 318 47
4 5 1 1 100 0.75 4 679 471 237 112 204 370 319 47
4 5 1 1 100 0.75 4 680 476 239 115 206 372 321 50
4 5 1 1 100 0.75 4 681 478 238 114 208 377 326 47
4 5 1 1 100 0.75 4 682 478 242 128 211 377 326 53
4 5 1 1 100 0.75 4 683 479 246 127 214 377 326 55
4 5 1 1 100 0.75 4 684 481 246 126 214 381 330 53
4 5 1 1 100 0.75 4 685 482 247 118 216 384 333 52
4 5 1 1 100 0.75 4 686 485 246 124 213 389 338 50
4 5 1 1 100 0.75 4 687 486 247 118 214 392 341 52
4 5 1 1 100 0.75 4 688 489 247 127 212 396 345 52
4 5 1 1 100 0.75 4 689 492 247 113 213 400 349 52
4 5 1 1 100 0.75 4 690 495 248 122 213 403 352 50
4 5 1 1 100 0.75 4 690 495 248 248 213 453 352 50
4 5 1 1 100 0.75 4 720 495 248 248 213 54 352 50
4 5 1 1 100 0.75 5 721 0 4 4 0 54 0 0
4 5 1 1 100 0.75 5 722 0 8 8 0 54 0 0
4 5 1 1 100 0.75 5 723 0 12 12 0 54 0 0
4 5 1 1 100 0.75 5 724 0 16 16 0 54 0 0
4 5 1 1 100 0.75 5 725 0 20 20 0 54 0 0
4 5 1 1 100 0.75 5 726 0 24 24 0 54 0 0
4 5 1 1 100 0.75 5 727 0 28 27 0 54 0 0
4 5 1 1 100 0.75 5 728 0 32 31 0 54 0 0
4 5 1 1 100 0.75 5 729 0 36 36 0 54 0 0
4 5 1 1 100 0.75 5 730 0 40 40 0 54 0 0
4 5 1 1 100 0.75 5 731 1 44 43 0 54 0 0
4 5 1 1 100 0.75 5 732 5 48 43 1 54 0 0
4 5 1 1 100 0.75 5 733 5 52 47 5 54 0 0
4 5 1 1 100 0.75 5 734 5 56 50 5 54 0 0
4 5 1 1 100 0.75 5 735 8 60 51 5 54 0 0
4 5 1 1 100 0.75 5 736 12 64 50 8 54 0 0
4 5 1 1 100 0.75 5 737 13 68 54 12 54 0 0
4 5 1 1 100 0.75 5 738 15 72 58 13 54 0 1
4 5 1 1 100 0.75 5 739 18 76 60 15 54 0 2
4 5 1 1 100 0.75 5 740 20 80 65 18 54 0 3
4 5 1 1 100 0.75 5 741 26 84 62 20 54 0 3
4 5 1 1 100 0.75 5 742 27 88 65 26 54 0 4
4 5 1 1 100 0.75 5 743 27 92 72 27 54 0 8
4 5 1 1 100 0.75 5 744 30 96 76 27 54 0 9
4 5 1 1 100 0.75 5 745 33 100 78 30 54 0 10
4 5 1 1 100 0.75 5 746 35 104 82 33 54 0 12
4 5 1 1 100 0.75 5 747 37 108 89 35 54 0 16
4 5 1 1 100 0.75 5 748 41 112 93 37 54 0 19
4 5 1 1 100 0.75 5 749 42 116 93 41 54 0 21
4 5 1 1 100 0.75 5 750 44 120 98 42 54 0 21
4 5 1 1 100 0.75 5 751 47 124 101 44 54 0 22
4 5 1 1 100 0.75 5 752 48 128 110 47 54 0 25
4 5 1 1 100 0.75 5 753 52 132 109 48 54 0 27
4 5 1 1 100 0.75 5 754 57 136 113 52 54 0 29
4 5 1 1 100 0.75 5 755 59 140 115 57 54 0 30
4 5 1 1 100 0.75 5 756 64 143 116 58 55 1 32
4 5 1 1 100 0.75 5 757 67 146 117 62 56 2 32
4 5 1 1 100 0.75 5 758 69 150 121 65 56 2 34
4 5 1 1 100 0.75 5 759 72 152 126 65 58 4 34
4 5 1 1 100 0.75 5 760 74 153 127 65 61 7 32
4 5 1 1 100 0.75 5 761 76 157 130 67 61 7 36
4 5 1 1 100 0.75 5 762 83 158 128 66 64 10 36
4 5 1 1 100 0.75 5 763 91 161 124 72 65 11 37
4 5 1 1 100 0.75 5 764 91 161 128 76 69 15 35
4 5 1 1 100 0.75 5 765 94 164 132 75 70 16 36
4 5 1 1 100 0.75 5 766 98 167 132 77 71 17 36
4 5 1 1 100 0.75 5 767 101 166 132 76 76 22 32
4 5 1 1 100 0.75 5 768 104 169 132 78 77 23 32
4 5 1 1 100 0.75 5 769 106 172 137 80 78 24 35
4 5 1 1 100 0.75 5 770 111 174 143 80 80 26 38
4 5 1 1 100 0.75 5 771 118 175 140 82 83 29 38
4 5 1 1 100 0.75 5 772 122 178 138 88 84 30 37
4 5 1 1 100 0.75 5 773 125 181 145 91 85 31 41
4 5 1 1 100 0.75 5 774 127 181 141 90 89 35 40
4 5 1 1 100 0.75 5 775 132 183 145 90 91 37 39
4 5 1 1 100 0.75 5 776 134 186 142 94 92 38 40
4 5 1 1 100 0.75 5 777 140 187 144 93 95 41 39
4 5 1 1 100 0.75 5 778 143 191 142 99 95 41 44
4 5 1 1 100 0.75 5 779 147 191 150 98 99 45 45
4 5 1 1 100 0.75 5 780 151 191 147 99 103 49 42
4 5 1 1 100 0.75 5 781 155 193 149 101 104 51 43
4 5 1 1 100 0.75 5 782 165 197 148 105 104 51 46
4 5 1 1 100 0.75 5 783 170 201 148 116 104 51 48
4 5 1 1 100 0.75 5 784 172 203 150 119 106 53 49
4 5 1 1 100 0.75 5 785 176 204 147 119 109 56 49
4 5 1 1 100 0.75 5 786 180 206 151 121 111 58 51
4 5 1 1 100 0.75 5 787 182 207 154 122 114 61 52
4 5 1 1 100 0.75 5 788 185 209 149 122 116 63 51
4 5 1 1 100 0.75 5 789 190 210 161 122 119 66 53
4 5 1 1 100 0.75 5 790 197 211 156 124 122 69 56
4 5 1 1 100 0.75 5 791 205 210 153 127 127 74 52
4 5 1 1 100 0.75 5 792 211 214 155 135 127 74 57
4 5 1 1 100 0.75 5 793 217 215 148 138 130 77 57
4 5 1 1 100 0.75 5 794 220 216 154 141 133 80 56
4 5 1 1 100 0.75 5 795 224 220 154 144 133 80 60
4 5 1 1 100 0.75 5 796 228 220 151 144 137 84 57
4 5 1 1 100 0.75 5 797 233 218 153 142 143 90 58
4 5 1 1 100 0.75 5 798 240 216 143 141 149 96 59
4 5 1 1 100 0.75 5 799 247 218 152 147 151 98 60
4 5 1 1 100 0.75 5 800 252 220 148 152 153 100 64
4 5 1 1 100 0.75 5 801 256 223 154 156 154 101 67
4 5 1 1 100 0.75 5 802 262 225 151 159 156 103 69
4 5 1 1 100 0.75 5 803 265 224 150 160 161 108 66
4 5 1 1 100 0.75 5 804 269 223 147 158 166 113 66
4 5 1 1 100 0.75 5 805 277 225 143 160 168 115 70
4 5 1 1 100 0.75 5 806 281 227 150 166 170 117 72
4 5 1 1 100 0.75 5 807 287 226 144 165 175 122 73
4 5 1 1 100 0.75 5 808 290 225 138 166 180 127 69
4 5 1 1 100 0.75 5 809 294 226 152 166 183 130 70
4 5 1 1 100 0.75 5 810 300 227 144 167 186 133 71
4 5 1 1 100 0.75 5 811 305 228 138 171 189 136 70
4 5 1 1 100 0.75 5 812 306 228 146 173 193 140 71
4 5 1 1 100 0.75 5 813 312 228 142 171 197 144 71
4 5 1 1 100 0.75 5 814 317 228 144 174 201 148 71
4 5 1 1 100 0.75 5 815 322 227 142 174 206 153 70
4 5 1 1 100 0.75 5 816 329 227 135 176 210 157 68
4 5 1 1 100 0.75 5 817 333 225 133 179 216 163 66
4 5 1 1 100 0.75 5 818 339 222 122 176 223 170 63
4 5 1 1 100 0.75 5 819 344 225 126 182 224 171 67
4 5 1 1 100 0.75 5 820 346 226 128 184 227 174 67
4 5 1 1 100 0.75 5 821 351 227 131 184 230 177 67
4 5 1 1 100 0.75 5 822 355 230 135 189 231 178 73
4 5 1 1 100 0.75 5 823 361 228 130 187 237 184 71
4 5 1 1 100 0.75 5 824 362 228 137 189 241 188 68
4 5 1 1 100 0.75 5 825 365 228 131 187 245 192 69
4 5 1 1 100 0.75 5 826 369 230 131 188 247 194 71
4 5 1 1 100 0.75 5 827 372 227 130 186 254 201 67
4 5 1 1 100 0.75 5 828 379 225 126 183 260 207 63
4 5 1 1 100 0.75 5 829 381 225 119 187 264 211 66
4 5 1 1 100 0.75 5 830 386 223 123 183 270 217 65
4 5 1 1 100 0.75 5 831 389 225 117 186 272 219 66
4 5 1 1 100 0.75 5 832 395 227 125 188 274 221 66
4 5 1 1 100 0.75 5 833 397 227 128 190 277 225 66
4 5 1 1 100 0.75 5 834 398 229 126 191 279 227 67
4 5 1 1 100 0.75 5 835 401 229 128 190 283 231 69
4 5 1 1 100 0.75 5 836 404 230 120 190 286 234 68
4 5 1 1 100 0.75 5 837 408 232 134 192 288 236 69
4 5 1 1 100 0.75 5 838 416 230 116 190 294 242 64
4 5 1 1 100 0.75 5 839 418 228 119 194 300 248 63
4 5 1 1 100 0.75 5 840 421 227 125 191 305 253 62
4 5 1 1 100 0.75 5 841 424 228 112 193 308 256 62
4 5 1 1 100 0.75 5 842 427 228 119 192 312 260 60
4 5 1 1 100 0.75 5 843 431 228 113 193 316 264 58
4 5 1 1 100 0.75 5 844 433 229 113 196 318 267 57
4 5 1 1 100 0.75 5 845 438 231 113 196 320 269 60
4 5 1 1 100 0.75 5 846 440 230 122 197 325 274 61
4 5 1 1 100 0.75 5 847 443 230 106 195 329 278 59
4 5 1 1 100 0.75 5 848 445 231 121 198 332 281 61
4 5 1 1 100 0.75 5 849 448 231 118 196 336 285 59
4 5 1 1 100 0.75 5 850 451 231 111 197 340 289 59
4 5 1 1 100 0.75 5 851 456 231 109 197 343 293 59
4 5 1 1 100 0.75 5 852 457 231 120 199 347 297 60
4 5 1 1 100 0.75 5 853 464 230 108 197 352 302 58
4 5 1 1 100 0.75 5 854 467 230 110 200 356 306 54
4 5 1 1 100 0.75 5 855 468 232 111 201 358 308 58
4 5 1 1 100 0.75 5 856 470 235 116 202 358 309 59
4 5 1 1 100 0.75 5 857 472 235 119 201 361 313 60
4 5 1 1 100 0.75 5 858 478 237 111 202 363 315 61
4 5 1 1 100 0.75 5 859 481 237 118 205 366 319 59
4 5 1 1 100 0.75 5 860 483 239 115 209 368 321 62
4 5 1 1 100 0.75 5 861 486 240 119 209 370 324 64
4 5 1 1 100 0.75 5 862 488 242 122 210 372 326 63
4 5 1 1 100 0.75 5 863 490 244 120 210 374 328 64
4 5 1 1 100 0.75 5 864 492 242 111 210 379 334 60
4 5 1 1 100 0.75 5 865 496 244 115 211 381 336 63
4 5 1 1 100 0.75 5 866 499 244 117 212 385 340 61
4 5 1 1 100 0.75 5 867 502 243 115 210 390 345 58
4 5 1 1 100 0.75 5 868 503 243 116 211 394 349 58
4 5 1 1 100 0.75 5 869 505 242 113 209 399 354 54
4 5 1 1 100 0.75 5 870 507 241 120 208 404 359 53
4 5 1 1 100 0.75 5 870 507 241 241 208 457 359 53
4 5 1 1 100 0.75 5 900 507 241 241 208 54 359 53
4 5 1 1 100 0.75 6 901 0 4 4 0 54 0 0
4 5 1 1 100 0.75 6 902 0 8 8 0 54 0 0
4 5 1 1 100 0.75 6 903 0 12 12 0 54 0 0
4 5 1 1 100 0.75 6 904 0 16 16 0 54 0 0
4 5 1 1 100 0.75 6 905 0 20 20 0 54 0 0
4 5 1 1 100 0.75 6 906 0 24 24 0 54 0 0
4 5 1 1 100 0.75 6 907 0 28 26 0 54 0 0
4 5 1 1 100 0.75 6 908 0 32 32 0 54 0 0
4 5 1 1 100 0.75 6 909 1 36 35 0 54 0 0
4 5 1 1 100 0.75 6 910 1 40 39 1 54 0 0
4 5 1 1 100 0.75 6 911 2 44 41 1 54 0 0
4 5 1 1 100 0.75 6 912 3 48 43 2 54 0 0
4 5 1 1 100 0.75 6 913 7 52 45 3 54 0 0
4 5 1 1 100 0.75 6 914 9 56 47 7 54 0 0
4 5 1 1 100 0.75 6 915 11 60 49 9 54 0 0
4 5 1 1 100 0.75 6 916 14 64 49 11 54 0 0
4 5 1 1 100 0.75 6 917 15 68 52 14 54 0 1
4 5 1 1 100 0.75 6 918 16 72 56 15 54 0 1
4 5 1 1 100 0.75 6 919 18 76 58 16 54 0 2
4 5 1 1 100 0.75 6 920 21 80 62 18 54 0 6
4 5 1 1 100 0.75 6 921 22 84 67 21 54 0 7
4 5 1 1 100 0.75 6 922 24 88 72 22 54 0 10
4 5 1 1 100 0.75 6 923 27 92 73 24 54 0 10
4 5 1 1 100 0.75 6 924 34 96 72 27 54 0 13
4 5 1 1 100 0.75 6 925 37 100 76 34 54 0 14
4 5 1 1 100 0.75 6 926 39 104 79 37 54 0 14
4 5 1 1 100 0.75 6 927 40 108 84 39 54 0 16
4 5 1 1 100 0.75 6 928 43 112 86 40 53 0 17
4 5 1 1 100 0.75 6 929 45 116 90 43 53 0 18
4 5 1 1 100 0.75 6 930 48 120 94 45 53 0 21
4 5 1 1 100 0.75 6 931 49 124 100 48 53 0 25
4 5 1 1 100 0.75 6 932 49 128 104 49 53 0 27
4 5 1 1 100 0.75 6 933 52 132 114 49 53 0 28
4 5 1 1 100 0.75 6 934 53 135 111 51 54 1 28
4 5 1 1 100 0.75 6 935 54 139 118 52 54 1 29
4 5 1 1 100 0.75 6 936 59 141 118 51 56 3 31
4 5 1 1 100 0.75 6 937 63 144 122 55 57 4 32
4 5 1 1 100 0.75 6 938 64 147 122 58 58 5 31
4 5 1 1 100 0.75 6 939 71 147 116 55 62 9 28
4 5 1 1 100 0.75 6 940 73 150 116 61 63 10 28
4 5 1 1 100 0.75 6 941 76 153 123 62 63 11 29
4 5 1 1 100 0.75 6 942 80 155 121 63 65 13 27
4 5 1 1 100 0.75 6 943 85 157 121 65 67 15 27
4 5 1 1 100 0.75 6 944 89 159 124 68 69 17 28
4 5 1 1 100 0.75 6 945 95 163 120 72 69 17 30
4 5 1 1 100 0.75 6 946 97 164 127 75 72 20 32
4 5 1 1 100 0.75 6 947 102 168 127 77 72 20 35
4 5 1 1 100 0.75 6 948 105 169 126 79 75 23 34
4 5 1 1 100 0.75 6 949 108 171 128 80 77 25 34
4 5 1 1 100 0.75 6 950 112 174 134 82 78 26 37
4 5 1 1 100 0.75 6 951 115 172 129 80 84 32 35
4 5 1 1 100 0.75 6 952 122 175 136 82 85 33 40
4 5 1 1 100 0.75 6 953 126 178 131 88 86 34 42
4 5 1 1 100 0.75 6 954 128 180 139 90 88 36 45
4 5 1 1 100 0.75 6 955 134 184 138 92 88 36 47
4 5 1 1 100 0.75 6 956 138 188 144 98 88 36 52
4 5 1 1 100 0.75 6 957 143 192 148 102 88 36 53
4 5 1 1 100 0.75 6 958 150 196 148 107 88 36 54
4 5 1 1 100 0.75 6 959 155 196 150 110 92 40 57
4 5 1 1 100 0.75 6 960 160 198 145 113 94 42 58
4 5 1 1 100 0.75 6 961 164 200 149 116 96 44 58
4 5 1 1 100 0.75 6 962 168 204 152 120 96 44 64
4 5 1 1 100 0.75 6 963 171 204 154 120 100 48 65
4 5 1 1 100 0.75 6 964 177 206 148 122 102 50 64
4 5 1 1 100 0.75 6 965 179 210 156 128 102 50 71
4 5 1 1 100 0.75 6 966 184 207 158 123 109 57 67
4 5 1 1 100 0.75 6 967 190 206 153 123 114 62 65
4 5 1 1 100 0.75 6 968 197 205 150 124 119 67 63
4 5 1 1 100 0.75 6 969 200 206 147 128 122 70 63
4 5 1 1 100 0.75 6 970 206 207 147 128 125 73 64
4 5 1 1 100 0.75 6 971 209 206 149 129 130 78 63
4 5 1 1 100 0.75 6 972 215 206 148 129 134 82 63
4 5 1 1 100 0.75 6 973 219 208 150 133 136 84 64
4 5 1 1 100 0.75 6 974 227 206 142 132 142 90 60
4 5 1 1 100 0.75 6 975 232 206 150 137 146 94 60
4 5 1 1 100 0.75 6 976 239 209 141 141 147 95 63
4 5 1 1 100 0.75 6 977 242 209 147 144 151 99 66
4 5 1 1 100 0.75 6 978 248 210 140 144 154 102 64
4 5 1 1 100 0.75 6 979 252 211 144 147 157 105 62
4 5 1 1 100 0.75 6 980 258 211 141 147 161 109 63
4 5 1 1 100 0.75 6 981 261 212 145 151 164 112 68
4 5 1 1 100 0.75 6 982 269 210 134 149 170 118 67
4 5 1 1 100 0.75 6 983 274 211 132 155 173 121 67
4 5 1 1 100 0.75 6 984 280 214 132 159 174 122 73
4 5 1 1 100 0.75 6 985 284 212 138 160 180 128 67
4 5 1 1 100 0.75 6 986 288 210 132 158 186 134 68
4 5 1 1 100 0.75 6 987 289 210 135 159 190 138 65
4 5 1 1 100 0.75 6 988 292 212 133 158 192 140 70
4 5 1 1 100 0.75 6 989 303 214 134 160 194 142 73
4 5 1 1 100 0.75 6 990 305 217 139 170 195 143 79
4 5 1 1 100 0.75 6 991 308 217 141 169 199 147 81
4 5 1 1 100 0.75 6 992 311 215 143 166 205 153 79
4 5 1 1 100 0.75 6 993 315 215 136 166 208 157 76
4 5 1 1 100 0.75 6 994 318 217 135 169 210 159 79
4 5 1 1 100 0.75 6 995 319 216 127 170 215 164 76
4 5 1 1 100 0.75 6 996 323 215 140 167 220 169 76
4 5 1 1 100 0.75 6 997 328 215 140 168 224 173 78
4 5 1 1 100 0.75 6 998 333 217 133 172 226 175 79
4 5 1 1 100 0.75 6 999 336 216 135 173 231 180 76
4 5 1 1 100 0.75 6 1000 339 214 123 172 237 186 72
4 5 1 1 100 0.75 6 1001 343 209 123 166 246 195 70
4 5 1 1 100 0.75 6 1002 348 211 114 169 247 197 70
4 5 1 1 100 0.75 6 1003 352 213 122 173 249 199 70
4 5 1 1 100 0.75 6 1004 357 213 118 173 252 203 72
4 5 1 1 100 0.75 6 1005 358 215 121 176 254 205 75
4 5 1 1 100 0.75 6 1006 362 210 127 169 263 214 73
4 5 1 1 100 0.75 6 1007 367 210 119 171 267 218 70
4 5 1 1 100 0.75 6 1008 370 206 119 168 275 226 65
4 5 1 1 100 0.75 6 1009 375 208 118 170 277 228 67
4 5 1 1 100 0.75 6 1010 378 211 118 175 278 229 71
4 5 1 1 100 0.75 6 1011 383 208 112 173 284 236 68
4 5 1 1 100 0.75 6 1012 385 208 121 175 288 240 67
4 5 1 1 100 0.75 6 1013 388 208 117 173 290 244 64
4 5 1 1 100 0.75 6 1014 390 208 121 173 294 248 64
4 5 1 1 100 0.75 6 1015 395 208 115 172 298 252 64
4 5 1 1 100 0.75 6 1016 399 208 115 173 301 256 64
4 5 1 1 100 0.75 6 1017 400 207 118 174 306 261 64
4 5 1 1 100 0.75 6 1018 406 207 116 171 310 265 63
4 5 1 1 100 0.75 6 1019 410 210 121 178 311 266 63
4 5 1 1 100 0.75 6 1020 414 209 111 177 316 271 63
4 5 1 1 100 0.75 6 1021 416 209 106 177 320 275 61
4 5 1 1 100 0.75 6 1022 420 210 108 178 323 278 63
4 5 1 1 100 0.75 6 1023 421 212 114 181 325 280 62
4 5 1 1 100 0.75 6 1024 423 213 112 181 328 283 63
4 5 1 1 100 0.75 6 1025 426 213 117 180 332 287 62
4 5 1 1 100 0.75 6 1026 428 213 114 180 336 291 65
4 5 1 1 100 0.75 6 1027 431 214 113 181 338 294 64
4 5 1 1 100 0.75 6 1028 434 211 108 178 344 301 60
4 5 1 1 100 0.75 6 1029 437 213 112 180 346 303 60
4 5 1 1 100 0.75 6 1030 440 214 105 181 349 306 60
4 5 1 1 100 0.75 6 1031 443 215 105 181 352 309 59
4 5 1 1 100 0.75 6 1032 447 211 106 177 360 317 54
4 5 1 1 100 0.75 6 1033 449 214 106 181 361 318 56
4 5 1 1 100 0.75 6 1034 452 216 102 181 362 320 57
4 5 1 1 100 0.75 6 1035 454 213 104 179 369 327 54
4 5 1 1 100 0.75 6 1036 457 215 104 179 371 329 54
4 5 1 1 100 0.75 6 1037 461 214 107 178 376 334 52
4 5 1 1 100 0.75 6 1038 467 217 101 182 377 335 54
4 5 1 1 100 0.75 6 1039 469 217 102 184 381 339 55
4 5 1 1 100 0.75 6 1040 471 219 103 185 383 341 57
4 5 1 1 100 0.75 6 1041 474 217 99 182 389 347 54
4 5 1 1 100 0.75 6 1042 475 218 106 183 391 350 52
4 5 1 1 100 0.75 6 1043 480 218 104 180 395 354 51
4 5 1 1 100 0.75 6 1044 484 219 105 185 398 357 51
4 5 1 1 100 0.75 6 1045 486 222 105 189 399 358 53
4 5 1 1 100 0.75 6 1046 490 224 105 190 401 360 54
4 5 1 1 100 0.75 6 1047 493 222 91 190 407 366 49
4 5 1 1 100 0.75 6 1048 495 224 96 194 409 368 51
4 5 1 1 100 0.75 6 1049 497 226 101 194 411 370 52
4 5 1 1 100 0.75 6 1050 503 227 104 195 414 373 56
4 5 1 1 100 0.75 6 1050 503 227 227 195 470 373 56
4 5 1 1 100 0.75 6 1080 503 227 227 195 54 373 56
4 5 1 1 100 0.75 7 1081 0 4 4 0 54 0 0
4 5 1 1 100 0.75 7 1082 0 8 8 0 54 0 0
4 5 1 1 100 0.75 7 1083 0 12 12 0 54 0 0
4 5 1 1 100 0.75 7 1084 0 16 16 0 54 0 0
4 5 1 1 100 0.75 7 1085 0 20 20 0 54 0 0
4 5 1 1 100 0.75 7 1086 0 24 24 0 54 0 0
4 5 1 1 100 0.75 7 1087 0 28 28 0 54 0 0
4 5 1 1 100 0.75 7 1088 1 32 31 0 54 0 0
4 5 1 1 100 0.75 7 1089 2 36 33 1 54 0 0
4 5 1 1 100 0.75 7 1090 3 40 37 2 54 0 0
4 5 1 1 100 0.75 7 1091 4 44 39 3 54 0 0
4 5 1 1 100 0.75 7 1092 5 48 40 4 54 0 0
4 5 1 1 100 0.75 7 1093 7 52 43 5 54 0 0
4 5 1 1 100 0.75 7 1094 9 56 44 7 54 0 0
4 5 1 1 100 0.75 7 1095 16 60 44 9 54 0 0
4 5 1 1 100 0.75 7 1096 19 64 45 16 54 0 1
4 5 1 1 100 0.75 7 1097 20 68 50 19 54 0 2
4 5 1 1 100 0.75 7 1098 23 72 50 20 54 0 3
4 5 1 1 100 0.75 7 1099 24 76 55 23 54 0 4
4 5 1 1 100 0.75 7 1100 25 80 60 24 54 0 5
4 5 1 1 100 0.75 7 1101 28 84 61 25 54 0 7
4 5 1 1 100 0.75 7 1102 30 88 66 28 54 0 10
4 5 1 1 100 0.75 7 1103 31 92 74 30 54 0 14
4 5 1 1 100 0.75 7 1104 36 96 77 31 54 0 16
4 5 1 1 100 0.75 7 1105 36 100 82 36 54 0 17
4 5 1 1 100 0.75 7 1106 41 104 84 36 54 0 20
4 5 1 1 100 0.75 7 1107 43 108 83 41 54 0 21
4 5 1 1 100 0.75 7 1108 45 112 89 43 54 0 22
4 5 1 1 100 0.75 7 1109 52 116 89 45 54 0 24
4 5 1 1 100 0.75 7 1110 53 120 95 52 54 0 27
4 5 1 1 100 0.75 7 1111 55 124 100 53 54 0 28
4 5 1 1 100 0.75 7 1112 60 128 101 55 54 0 31
4 5 1 1 100 0.75 7 1113 64 131 101 59 55 1 30
4 5 1 1 100 0.75 7 1114 66 134 104 62 56 2 32
4 5 1 1 100 0.75 7 1115 70 138 109 64 56 2 33
4 5 1 1 100 0.75 7 1116 73 141 108 67 57 3 36
4 5 1 1 100 0.75 7 1117 76 142 115 67 60 6 37
4 5 1 1 100 0.75 7 1118 79 145 113 69 61 7 38
4 5 1 1 100 0.75 7 1119 83 148 116 71 62 8 40
4 5 1 1 100 0.75 7 1120 89 150 116 73 64 10 42
4 5 1 1 100 0.75 7 1121 90 151 119 76 67 13 41
4 5 1 1 100 0.75 7 1122 95 152 121 74 70 16 39
4 5 1 1 100 0.75 7 1123 99 152 119 75 74 20 38
4 5 1 1 100 0.75 7 1124 105 156 118 79 74 20 39
4 5 1 1 100 0.75 7 1125 108 159 123 84 75 21 43
4 5 1 1 100 0.75 7 1126 111 161 125 85 77 23 41
4 5 1 1 100 0.75 7 1127 112 164 129 87 78 24 44
4 5 1 1 100 0.75 7 1128 114 165 130 86 81 27 45
4 5 1 1 100 0.75 7 1129 118 168 134 87 82 28 47
4 5 1 1 100 0.75 7 1130 124 171 130 90 83 29 47
4 5 1 1 100 0.75 7 1131 128 172 133 93 86 32 48
4 5 1 1 100 0.75 7 1132 133 175 135 96 87 33 51
4 5 1 1 100 0.75 7 1133 135 176 138 98 90 36 52
4 5 1 1 100 0.75 7 1134 139 175 136 95 95 41 49
4 5 1 1 100 0.75 7 1135 144 175 136 95 99 45 45
4 5 1 1 100 0.75 7 1136 147 178 135 99 100 46 48
4 5 1 1 100 0.75 7 1137 153 182 136 102 100 46 50
4 5 1 1 100 0.75 7 1138 157 181 135 103 105 51 47
4 5 1 1 100 0.75 7 1139 165 183 134 105 107 53 49
4 5 1 1 100 0.75 7 1140 171 181 130 108 113 59 45
4 5 1 1 100 0.75 7 1141 176 184 126 113 114 60 45
4 5 1 1 100 0.75 7 1142 178 186 136 116 116 62 46
4 5 1 1 100 0.75 7 1143 185 187 130 115 119 65 44
4 5 1 1 100 0.75 7 1144 188 188 130 119 122 68 47
4 5 1 1 100 0.75 7 1145 193 190 125 120 124 70 45
4 5 1 1 100 0.75 7 1146 200 192 134 124 126 72 50
4 5 1 1 100 0.75 7 1147 203 192 130 127 130 76 49
4 5 1 1 100 0.75 7 1148 203 193 141 127 133 79 50
4 5 1 1 100 0.75 7 1149 209 195 139 125 135 81 52
4 5 1 1 100 0.75 7 1150 217 196 137 128 138 84 53
4 5 1 1 100 0.75 7 1151 224 198 132 134 140 86 54
4 5 1 1 100 0.75 7 1152 228 200 136 139 142 88 55
4 5 1 1 100 0.75 7 1153 232 199 133 139 147 93 57
4 5 1 1 100 0.75 7 1154 234 202 140 143 148 94 60
4 5 1 1 100 0.75 7 1155 242 205 137 144 149 95 60
4 5 1 1 100 0.75 7 1156 246 206 139 149 152 98 60
4 5 1 1 100 0.75 7 1157 250 207 139 150 155 101 63
4 5 1 1 100 0.75 7 1158 252 208 137 151 158 104 63
4 5 1 1 100 0.75 7 1159 257 208 149 149 161 108 68
4 5 1 1 100 0.75 7 1160 259 209 147 151 164 111 67
4 5 1 1 100 0.75 7 1161 263 211 143 152 166 113 68
4 5 1 1 100 0.75 7 1162 267 213 142 157 168 115 68
4 5 1 1 100 0.75 7 1163 274 212 146 157 173 120 68
4 5 1 1 100 0.75 7 1164 278 213 140 161 176 123 67
4 5 1 1 100 0.75 7 1165 283 216 140 165 177 124 70
4 5 1 1 100 0.75 7 1166 291 214 141 164 183 130 68
4 5 1 1 100 0.75 7 1167 296 215 135 169 186 133 68
4 5 1 1 100 0.75 7 1168 299 211 124 167 194 141 65
4 5 1 1 100 0.75 7 1169 307 211 128 167 198 145 64
4 5 1 1 100 0.75 7 1170 310 213 138 173 200 147 69
4 5 1 1 100 0.75 7 1171 316 213 132 172 204 151 67
4 5 1 1 100 0.75 7 1172 319 216 141 177 205 152 71
4 5 1 1 100 0.75 7 1173 321 214 131 176 211 158 67
4 5 1 1 100 0.75 7 1174 324 214 140 174 215 162 70
4 5 1 1 100 0.75 7 1175 327 215 138 174 218 165 70
4 5 1 1 100 0.75 7 1176 329 217 140 177 220 167 75
4 5 1 1 100 0.75 7 1177 332 218 137 177 223 170 75
4 5 1 1 100 0.75 7 1178 338 214 143 172 231 178 70
4 5 1 1 100 0.75 7 1179 340 214 139 174 235 182 70
4 5 1 1 100 0.75 7 1180 343 216 144 174 237 184 73
4 5 1 1 100 0.75 7 1181 348 217 133 174 240 187 71
4 5 1 1 100 0.75 7 1182 348 214 136 173 247 194 68
4 5 1 1 100 0.75 7 1183 353 212 120 167 253 200 64
4 5 1 1 100 0.75 7 1184 358 213 139 172 256 203 64
4 5 1 1 100 0.75 7 1185 360 214 123 174 259 206 61
4 5 1 1 100 0.75 7 1186 365 216 132 174 261 208 64
4 5 1 1 100 0.75 7 1187 369 216 125 175 265 212 61
4 5 1 1 100 0.75 7 1188 370 215 132 175 269 217 62
4 5 1 1 100 0.75 7 1189 374 215 128 173 273 221 59
4 5 1 1 100 0.75 7 1190 377 214 127 173 278 226 56
4 5 1 1 100 0.75 7 1191 380 216 131 176 280 228 61
4 5 1 1 100 0.75 7 1192 388 213 128 172 286 235 58
4 5 1 1 100 0.75 7 1193 393 211 117 174 292 241 52
4 5 1 1 100 0.75 7 1194 395 211 121 175 296 245 53
4 5 1 1 100 0.75 7 1195 398 213 120 176 297 247 54
4 5 1 1 100 0.75 7 1196 400 214 112 177 300 250 52
4 5 1 1 100 0.75 7 1197 402 216 119 179 302 252 54
4 5 1 1 100 0.75 7 1198 406 218 115 179 304 254 54
4 5 1 1 100 0.75 7 1199 409 217 117 179 309 259 53
4 5 1 1 100 0.75 7 1200 413 219 122 180 311 261 58
4 5 1 1 100 0.75 7 1201 420 219 126 180 315 265 57
4 5 1 1 100 0.75 7 1202 422 220 113 185 318 268 54
4 5 1 1 100 0.75 7 1203 428 221 121 184 321 271 54
4 5 1 1 100 0.75 7 1204 433 224 115 189 322 272 55
4 5 1 1 100 0.75 7 1205 436 226 123 193 323 274 55
4 5 1 1 100 0.75 7 1206 439 224 113 191 328 280 52
4 5 1 1 100 0.75 7 1207 440 224 114 192 332 284 50
4 5 1 1 100 0.75 7 1208 445 223 126 188 336 289 51
4 5 1 1 100 0.75 7 1209 449 226 117 192 337 290 56
4 5 1 1 100 0.75 7 1210 455 226 115 192 341 294 56
4 5 1 1 100 0.75 7 1211 460 230 120 198 341 294 62
4 5 1 1 100 0.75 7 1212 463 230 115 199 345 298 59
4 5 1 1 100 0.75 7 1213 467 231 114 199 348 301 61
4 5 1 1 100 0.75 7 1214 468 232 120 202 351 304 60
4 5 1 1 100 0.75 7 1215 470 232 120 201 355 308 59
4 5 1 1 100 0.75 7 1216 472 234 118 201 357 310 60
4 5 1 1 100 0.75 7 1217 476 234 115 199 361 314 60
4 5 1 1 100 0.75 7 1218 479 235 125 203 363 317 60
4 5 1 1 100 0.75 7 1219 483 236 120 205 366 320 60
4 5 1 1 100 0.75 7 1220 485 236 126 206 370 324 61
4 5 1 1 100 0.75 7 1221 487 239 132 209 371 325 65
4 5 1 1 100 0.75 7 1222 490 241 133 209 373 327 64
4 5 1 1 100 0.75 7 1223 493 238 124 206 380 334 59
4 5 1 1 100 0.75 7 1224 497 238 118 206 384 338 59
4 5 1 1 100 0.75 7 1225 501 240 118 208 386 340 62
4 5 1 1 100 0.75 7 1226 502 240 124 208 390 344 60
4 5 1 1 100 0.75 7 1227 507 237 129 203 397 351 57
4 5 1 1 100 0.75 7 1228 512 236 114 203 402 356 54
4 5 1 1 100 0.75 7 1229 516 236 122 205 406 360 53
4 5 1 1 100 0.75 7 1230 519 238 117 207 408 362 54
4 5 1 1 100 0.75 7 1230 519 238 238 207 460 362 54
4 5 1 1 100 0.75 7 1260 519 238 238 207 54 362 54
4 5 1 1 100 0.75 8 1261 0 4 4 0 54 0 0
4 5 1 1 100 0.75 8 1262 0 8 8 0 54 0 0
4 5 1 1 100 0.75 8 1263 0 12 12 0 54 0 0
4 5 1 1 100 0.75 8 1264 0 16 16 0 54 0 0
4 5 1 1 100 0.75 8 1265 0 20 20 0 54 0 0
4 5 1 1 100 0.75 8 1266 0 24 24 0 54 0 0
4 5 1 1 100 0.75 8 1267 0 28 28 0 54 0 0
4 5 1 1 100 0.75 8 1268 0 32 32 0 54 0 0
4 5 1 1 100 0.75 8 1269 0 36 35 0 54 0 0
4 5 1 1 100 0.75 8 1270 0 40 39 0 54 0 0
4 5 1 1 100 0.75 8 1271 2 44 40 0 54 0 0
4 5 1 1 100 0.75 8 1272 4 48 43 2 54 0 0
4 5 1 1 100 0.75 8 1273 4 52 47 4 54 0 0
4 5 1 1 100 0.75 8 1274 6 56 49 4 54 0 0
4 5 1 1 100 0.75 8 1275 11 60 46 6 53 0 0
4 5 1 1 100 0.75 8 1276 13 64 49 11 52 0 0
4 5 1 1 100 0.75 8 1277 14 68 51 13 52 0 0
4 5 1 1 100 0.75 8 1278 16 72 56 14 52 0 0
4 5 1 1 100 0.75 8 1279 19 76 59 16 52 0 2
4 5 1 1 100 0.75 8 1280 20 80 62 19 52 0 3
4 5 1 1 100 0.75 8 1281 23 84 64 20 52 0 3
4 5 1 1 100 0.75 8 1282 25 88 69 23 52 0 6
4 5 1 1 100 0.75 8 1283 28 92 71 25 52 0 9
4 5 1 1 100 0.75 8 1284 30 96 77 28 52 0 10
4 5 1 1 100 0.75 8 1285 33 100 77 30 52 0 11
4 5 1 1 100 0.75 8 1286 39 104 80 33 52 0 14
4 5 1 1 100 0.75 8 1287 42 108 82 39 52 0 15
4 5 1 1 100 0.75 8 1288 43 112 87 42 52 0 16
4 5 1 1 100 0.75 8 1289 46 116 89 43 52 0 18
4 5 1 1 100 0.75 8 1290 46 120 95 46 52 0 19
4 5 1 1 100 0.75 8 1291 49 124 98 46 52 0 21
4 5 1 1 100 0.75 8 1292 50 128 106 49 52 0 24
4 5 1 1 100 0.75 8 1293 54 132 109 50 52 0 27
4 5 1 1 100 0.75 8 1294 56 136 113 54 52 0 30
4 5 1 1 100 0.75 8 1295 60 140 117 56 52 0 32
4 5 1 1 100 0.75 8 1296 62 143 120 59 53 1 32
4 5 1 1 100 0.75 8 1297 65 145 120 59 55 3 30
4 5 1 1 100 0.75 8 1298 66 148 120 61 56 4 30
4 5 1 1 100 0.75 8 1299 67 152 126 62 56 4 31
4 5 1 1 100 0.75 8 1300 69 154 128 61 58 6 30
4 5 1 1 100 0.75 8 1301 69 152 129 57 64 12 27
4 5 1 1 100 0.75 8 1302 74 156 132 57 64 12 29
4 5 1 1 100 0.75 8 1303 76 159 136 61 64 13 29
4 5 1 1 100 0.75 8 1304 80 162 135 62 65 14 29
4 5 1 1 100 0.75 8 1305 82 166 135 66 65 14 29
4 5 1 1 100 0.75 8 1306 87 166 132 64 69 18 26
4 5 1 1 100 0.75 8 1307 95 168 129 67 71 20 25
4 5 1 1 100 0.75 8 1308 98 171 132 74 72 21 25
4 5 1 1 100 0.75 8 1309 100 172 131 74 75 24 23
4 5 1 1 100 0.75 8 1310 101 171 132 71 80 29 23
4 5 1 1 100 0.75 8 1311 106 175 136 72 80 29 26
4 5 1 1 100 0.75 8 1312 109 178 138 76 81 30 28
4 5 1 1 100 0.75 8 1313 116 180 138 77 83 32 29
4 5 1 1 100 0.75 8 1314 119 183 138 83 84 33 33
4 5 1 1 100 0.75 8 1315 123 186 145 85 85 34 38
4 5 1 1 100 0.75 8 1316 125 189 149 88 86 35 39
4 5 1 1 100 0.75 8 1317 128 191 151 88 88 37 38
4 5 1 1 100 0.75 8 1318 129 195 154 91 88 37 40
4 5 1 1 100 0.75 8 1319 131 197 160 90 90 39 40
4 5 1 1 100 0.75 8 1320 137 199 160 90 91 41 41
4 5 1 1 100 0.75 8 1321 140 202 165 95 92 42 43
4 5 1 1 100 0.75 8 1322 145 205 162 97 93 43 45
4 5 1 1 100 0.75 8 1323 147 208 170 101 94 44 46
4 5 1 1 100 0.75 8 1324 152 210 166 101 96 46 47
4 5 1 1 100 0.75 8 1325 157 214 168 106 96 46 47
4 5 1 1 100 0.75 8 1326 159 216 170 109 98 48 46
4 5 1 1 100 0.75 8 1327 162 217 169 108 101 51 46
4 5 1 1 100 0.75 8 1328 166 219 165 110 103 53 46
4 5 1 1 100 0.75 8 1329 169 218 165 109 108 58 45
4 5 1 1 100 0.75 8 1330 172 219 170 109 111 61 45
4 5 1 1 100 0.75 8 1331 174 217 160 108 117 67 41
4 5 1 1 100 0.75 8 1332 176 220 170 109 118 68 43
4 5 1 1 100 0.75 8 1333 178 222 171 109 120 70 45
4 5 1 1 100 0.75 8 1334 184 223 171 108 123 73 44
4 5 1 1 100 0.75 8 1335 189 225 170 112 125 75 45
4 5 1 1 100 0.75 8 1336 194 227 172 115 127 77 45
4 5 1 1 100 0.75 8 1337 199 227 166 116 131 81 42
4 5 1 1 100 0.75 8 1338 201 228 170 118 134 84 42
4 5 1 1 100 0.75 8 1339 206 229 165 117 137 87 41
4 5 1 1 100 0.75 8 1340 208 232 172 121 138 88 41
4 5 1 1 100 0.75 8 1341 211 234 169 123 140 90 41
4 5 1 1 100 0.75 8 1342 215 236 171 124 142 92 43
4 5 1 1 100 0.75 8 1343 216 238 175 126 144 94 45
4 5 1 1 100 0.75 8 1344 221 242 184 127 144 94 49
4 5 1 1 100 0.75 8 1345 226 245 179 131 145 95 53
4 5 1 1 100 0.75 8 1346 230 247 179 136 147 97 52
4 5 1 1 100 0.75 8 1347 235 248 181 137 150 100 55
4 5 1 1 100 0.75 8 1348 241 245 168 135 157 107 48
4 5 1 1 100 0.75 8 1349 245 244 167 136 162 112 45
4 5 1 1 100 0.75 8 1350 250 245 170 138 165 115 45
4 5 1 1 100 0.75 8 1351 257 247 166 141 167 117 46
4 5 1 1 100 0.75 8 1352 261 249 163 146 169 119 47
4 5 1 1 100 0.75 8 1353 266 252 164 150 170 120 50
4 5 1 1 100 0.75 8 1354 270 253 172 152 173 123 51
4 5 1 1 100 0.75 8 1355 273 257 179 156 173 123 54
4 5 1 1 100 0.75 8 1356 279 258 173 157 176 126 55
4 5 1 1 100 0.75 8 1357 284 260 179 162 178 128 55
4 5 1 1 100 0.75 8 1358 289 262 174 165 180 130 57
4 5 1 1 100 0.75 8 1359 295 262 177 166 184 134 55
4 5 1 1 100 0.75 8 1360 297 262 176 168 188 138 57
4 5 1 1 100 0.75 8 1361 302 262 177 166 192 142 57
4 5 1 1 100 0.75 8 1362 309 264 170 169 194 144 58
4 5 1 1 100 0.75 8 1363 310 264 178 172 198 148 56
4 5 1 1 100 0.75 8 1364 317 266 178 171 200 150 57
4 5 1 1 100 0.75 8 1365 322 268 183 177 202 152 63
4 5 1 1 100 0.75 8 1366 328 267 179 177 207 157 61
4 5 1 1 100 0.75 8 1367 334 269 175 182 209 159 60
4 5 1 1 100 0.75 8 1368 336 269 176 186 213 163 58
4 5 1 1 100 0.75 8 1369 343 271 173 186 215 165 58
4 5 1 1 100 0.75 8 1370 345 271 169 191 219 169 58
4 5 1 1 100 0.75 8 1371 352 270 170 189 224 174 56
4 5 1 1 100 0.75 8 1372 355 272 166 194 225 176 60
4 5 1 1 100 0.75 8 1373 360 274 172 197 227 178 62
4 5 1 1 100 0.75 8 1374 365 275 170 200 230 181 61
4 5 1 1 100 0.75 8 1375 374 276 169 203 233 184 62
4 5 1 1 100 0.75 8 1376 377 277 166 209 236 187 64
4 5 1 1 100 0.75 8 1377 383 277 162 209 240 191 65
4 5 1 1 100 0.75 8 1378 386 278 168 212 243 194 63
4 5 1 1 100 0.75 8 1379 392 278 164 211 247 198 66
4 5 1 1 100 0.75 8 1380 398 279 168 216 250 201 68
4 5 1 1 100 0.75 8 1381 404 279 160 218 254 205 69
4 5 1 1 100 0.75 8 1382 412 277 159 220 260 211 70
4 5 1 1 100 0.75 8 1383 421 278 158 225 263 214 72
4 5 1 1 100 0.75 8 1384 424 279 159 231 266 217 71
4 5 1 1 100 0.75 8 1385 429 279 162 230 270 221 73
4 5 1 1 100 0.75 8 1386 438 281 165 233 272 223 74
4 5 1 1 100 0.75 8 1387 439 283 161 240 274 225 77
4 5 1 1 100 0.75 8 1388 443 282 166 236 279 230 76
4 5 1 1 100 0.75 8 1389 450 281 167 236 284 235 78
4 5 1 1 100 0.75 8 1390 452 281 169 239 288 239 81
4 5 1 1 100 0.75 8 1391 457 284 165 241 289 240 84
4 5 1 1 100 0.75 8 1392 461 285 165 244 291 243 87
4 5 1 1 100 0.75 8 1393 463 285 167 245 295 247 86
4 5 1 1 100 0.75 8 1394 466 284 167 244 300 252 86
4 5 1 1 100 0.75 8 1395 467 284 165 244 304 256 82
4 5 1 1 100 0.75 8 1396 472 285 165 242 307 259 85
4 5 1 1 100 0.75 8 1397 477 282 147 241 314 266 81
4 5 1 1 100 0.75 8 1398 481 283 152 244 317 269 81
4 5 1 1 100 0.75 8 1399 484 284 156 246 320 272 81
4 5 1 1 100 0.75 8 1400 488 281 148 243 327 279 76
4 5 1 1 100 0.75 8 1401 490 281 147 247 330 283 76
4 5 1 1 100 0.75 8 1402 495 279 146 243 336 289 73
4 5 1 1 100 0.75 8 1403 496 279 154 244 340 293 70
4 5 1 1 100 0.75 8 1404 498 278 152 240 345 298 69
4 5 1 1 100 0.75 8 1405 503 276 143 237 351 304 70
4 5 1 1 100 0.75 8 1406 506 274 135 236 357 310 65
4 5 1 1 100 0.75 8 1407 510 274 136 236 361 314 67
4 5 1 1 100 0.75 8 1408 511 272 131 235 367 320 64
4 5 1 1 100 0.75 8 1409 513 268 126 230 374 328 60
4 5 1 1 100 0.75 8 1410 517 268 133 229 378 332 58
4 5 1 1 100 0.75 8 1410 517 268 268 229 435 332 58
4 5 1 1 100 0.75 8 1440 517 268 268 229 53 332 58
4 5 1 1 100 0.75 9 1441 0 4 4 0 53 0 0
4 5 1 1 100 0.75 9 1442 0 8 8 0 53 0 0
4 5 1 1 100 0.75 9 1443 0 12 12 0 53 0 0
4 5 1 1 100 0.75 9 1444 0 16 16 0 53 0 0
4 5 1 1 100 0.75 9 1445 0 20 20 0 53 0 0
4 5 1 1 100 0.75 9 1446 0 24 24 0 53 0 0
4 5 1 1 100 0.75 9 1447 0 28 28 0 53 0 0
4 5 1 1 100 0.75 9 1448 0 32 32 0 53 0 0
4 5 1 1 100 0.75 9 1449 0 36 35 0 53 0 0
4 5 1 1 100 0.75 9 1450 1 40 39 0 53 0 0
4 5 1 1 100 0.75 9 1451 3 44 40 1 53 0 0
4 5 1 1 100 0.75 9 1452 3 48 45 3 53 0 0
4 5 1 1 100 0.75 9 1453 4 52 48 3 53 0 0
4 5 1 1 100 0.75 9 1454 7 56 49 4 53 0 0
4 5 1 1 100 0.75 9 1455 8 60 51 7 53 0 0
4 5 1 1 100 0.75 9 1456 10 64 54 8 53 0 0
4 5 1 1 100 0.75 9 1457 10 68 59 10 53 0 1
4 5 1 1 100 0.75 9 1458 13 72 58 10 53 0 2
4 5 1 1 100 0.75 9 1459 14 76 63 13 53 0 2
4 5 1 1 100 0.75 9 1460 19 80 64 14 53 0 2
4 5 1 1 100 0.75 9 1461 19 84 69 19 53 0 2
4 5 1 1 100 0.75 9 1462 23 88 71 19 53 0 5
4 5 1 1 100 0.75 9 1463 24 92 74 23 53 0 5
4 5 1 1 100 0.75 9 1464 27 96 78 24 53 0 6
4 5 1 1 100 0.75 9 1465 28 100 82 27 53 0 6
4 5 1 1 100 0.75 9 1466 31 104 85 28 53 0 9
4 5 1 1 100 0.75 9 1467 34 108 85 31 53 0 10
4 5 1 1 100 0.75 9 1468 37 112 91 34 53 0 13
4 5 1 1 100 0.75 9 1469 37 116 95 37 53 0 14
4 5 1 1 100 0.75 9 1470 39 120 100 37 53 0 15
4 5 1 1 100 0.75 9 1471 41 124 104 39 53 0 15
4 5 1 1 100 0.75 9 1472 42 128 111 41 53 0 17
4 5 1 1 100 0.75 9 1473 45 132 112 42 52 0 20
4 5 1 1 100 0.75 9 1474 48 136 118 45 52 0 22
4 5 1 1 100 0.75 9 1475 52 139 118 47 53 1 25
4 5 1 1 100 0.75 9 1476 58 142 115 50 54 2 24
4 5 1 1 100 0.75 9 1477 60 146 121 56 54 2 26
4 5 1 1 100 0.75 9 1478 62 150 124 58 54 2 27
4 5 1 1 100 0.75 9 1479 62 153 129 59 55 3 28
4 5 1 1 100 0.75 9 1480 66 156 128 58 56 4 27
4 5 1 1 100 0.75 9 1481 68 157 131 59 59 7 25
4 5 1 1 100 0.75 9 1482 70 159 134 59 60 9 28
4 5 1 1 100 0.75 9 1483 74 163 140 61 60 9 32
4 5 1 1 100 0.75 9 1484 78 166 136 64 61 10 32
4 5 1 1 100 0.75 9 1485 80 170 141 68 61 10 33
4 5 1 1 100 0.75 9 1486 84 172 141 68 63 12 31
4 5 1 1 100 0.75 9 1487 89 176 146 72 63 12 34
4 5 1 1 100 0.75 9 1488 93 178 140 75 65 14 34
4 5 1 1 100 0.75 9 1489 97 181 140 78 66 15 35
4 5 1 1 100 0.75 9 1490 98 182 143 79 69 18 33
4 5 1 1 100 0.75 9 1491 102 184 150 78 71 20 35
4 5 1 1 100 0.75 9 1492 106 186 148 80 73 22 37
4 5 1 1 100 0.75 9 1493 109 189 155 83 74 23 38
4 5 1 1 100 0.75 9 1494 118 189 146 82 78 27 37
4 5 1 1 100 0.75 9 1495 120 191 150 89 80 29 37
4 5 1 1 100 0.75 9 1496 125 194 152 90 81 30 38
4 5 1 1 100 0.75 9 1497 127 195 153 92 84 33 38
4 5 1 1 100 0.75 9 1498 132 199 156 95 84 33 41
4 5 1 1 100 0.75 9 1499 135 203 160 100 84 33 41
4 5 1 1 100 0.75 9 1500 136 203 159 99 88 37 43
4 5 1 1 100 0.75 9 1501 144 206 158 99 89 38 48
4 5 1 1 100 0.75 9 1502 150 208 159 105 91 40 50
4 5 1 1 100 0.75 9 1503 154 210 160 109 92 42 51
4 5 1 1 100 0.75 9 1504 159 210 158 109 96 46 52
4 5 1 1 100 0.75 9 1505 164 214 159 114 96 46 53
4 5 1 1 100 0.75 9 1506 168 215 163 116 99 49 53
4 5 1 1 100 0.75 9 1507 169 216 159 117 102 52 52
4 5 1 1 100 0.75 9 1508 171 217 167 115 105 55 53
4 5 1 1 100 0.75 9 1509 174 219 168 115 107 57 54
4 5 1 1 100 0.75 9 1510 177 220 174 115 110 60 55
4 5 1 1 100 0.75 9 1511 181 222 165 117 112 62 53
4 5 1 1 100 0.75 9 1512 189 224 170 120 114 64 54
4 5 1 1 100 0.75 9 1513 195 227 170 128 115 65 56
4 5 1 1 100 0.75 9 1514 198 225 166 128 121 71 50
4 5 1 1 100 0.75 9 1515 200 227 167 129 123 73 51
4 5 1 1 100 0.75 9 1516 200 229 170 129 125 75 49
4 5 1 1 100 0.75 9 1517 207 229 168 125 129 79 49
4 5 1 1 100 0.75 9 1518 215 226 162 125 136 86 42
4 5 1 1 100 0.75 9 1519 219 225 158 128 141 91 42
4 5 1 1 100 0.75 9 1520 222 226 164 130 144 94 46
4 5 1 1 100 0.75 9 1521 228 229 165 132 145 95 48
4 5 1 1 100 0.75 9 1522 233 233 168 138 145 95 51
4 5 1 1 100 0.75 9 1523 237 230 158 137 152 102 45
4 5 1 1 100 0.75 9 1524 243 233 154 141 153 103 46
4 5 1 1 100 0.75 9 1525 246 235 159 145 155 105 49
4 5 1 1 100 0.75 9 1526 251 236 163 146 158 108 53
4 5 1 1 100 0.75 9 1527 256 239 165 150 159 109 55
4 5 1 1 100 0.75 9 1528 264 240 160 153 162 112 55
4 5 1 1 100 0.75 9 1529 267 241 166 158 165 115 57
4 5 1 1 100 0.75 9 1530 274 242 160 158 168 118 57
4 5 1 1 100 0.75 9 1531 277 244 165 163 170 120 60
4 5 1 1 100 0.75 9 1532 281 246 169 164 172 122 61
4 5 1 1 100 0.75 9 1533 287 247 163 165 175 125 62
4 5 1 1 100 0.75 9 1534 296 250 168 171 176 126 67
4 5 1 1 100 0.75 9 1535 301 252 163 178 177 128 68
4 5 1 1 100 0.75 9 1536 303 254 174 181 179 130 71
4 5 1 1 100 0.75 9 1537 312 252 166 178 185 136 70
4 5 1 1 100 0.75 9 1538 316 253 169 184 188 139 70
4 5 1 1 100 0.75 9 1539 321 252 166 183 193 144 70
4 5 1 1 100 0.75 9 1540 324 252 164 184 197 148 68
4 5 1 1 100 0.75 9 1541 328 254 168 185 199 150 72
4 5 1 1 100 0.75 9 1542 333 255 171 186 202 153 75
4 5 1 1 100 0.75 9 1543 337 256 169 188 205 156 74
4 5 1 1 100 0.75 9 1544 342 255 171 187 210 161 77
4 5 1 1 100 0.75 9 1545 347 254 158 190 215 166 77
4 5 1 1 100 0.75 9 1546 351 256 166 194 217 168 77
4 5 1 1 100 0.75 9 1547 356 257 158 196 218 171 76
4 5 1 1 100 0.75 9 1548 364 256 157 198 223 176 73
4 5 1 1 100 0.75 9 1549 364 257 156 203 226 179 73
4 5 1 1 100 0.75 9 1550 369 256 160 199 230 184 72
4 5 1 1 100 0.75 9 1551 376 255 155 199 235 189 73
4 5 1 1 100 0.75 9 1552 383 255 156 202 239 193 73
4 5 1 1 100 0.75 9 1553 386 257 158 208 241 195 77
4 5 1 1 100 0.75 9 1554 391 253 152 203 248 203 70
4 5 1 1 100 0.75 9 1555 396 255 147 206 250 205 75
4 5 1 1 100 0.75 9 1556 401 255 144 209 254 209 75
4 5 1 1 100 0.75 9 1557 403 252 143 207 261 216 71
4 5 1 1 100 0.75 9 1558 408 252 152 206 265 220 72
4 5 1 1 100 0.75 9 1559 411 249 148 205 272 227 70
4 5 1 1 100 0.75 9 1560 414 253 154 209 272 227 75
4 5 1 1 100 0.75 9 1561 417 252 158 207 277 232 75
4 5 1 1 100 0.75 9 1562 420 254 150 208 279 234 76
4 5 1 1 100 0.75 9 1563 425 249 144 202 288 243 72
4 5 1 1 100 0.75 9 1564 429 250 132 206 291 246 73
4 5 1 1 100 0.75 9 1565 431 249 141 207 296 251 74
4 5 1 1 100 0.75 9 1566 437 252 137 208 297 252 75
4 5 1 1 100 0.75 9 1567 441 254 142 213 299 254 75
4 5 1 1 100 0.75 9 1568 444 255 143 216 302 257 75
4 5 1 1 100 0.75 9 1569 448 256 136 217 305 260 76
4 5 1 1 100 0.75 9 1570 450 252 146 214 313 268 73
4 5 1 1 100 0.75 9 1571 455 250 133 211 319 274 68
4 5 1 1 100 0.75 9 1572 458 250 128 214 323 278 67
4 5 1 1 100 0.75 9 1573 461 252 123 215 325 280 67
4 5 1 1 100 0.75 9 1574 467 249 129 214 332 287 67
4 5 1 1 100 0.75 9 1575 469 251 126 218 334 289 69
4 5 1 1 100 0.75 9 1576 470 252 128 218 337 292 70
4 5 1 1 100 0.75 9 1577 475 252 132 215 341 296 66
4 5 1 1 100 0.75 9 1578 478 253 139 218 344 299 67
4 5 1 1 100 0.75 9 1579 479 249 127 214 351 307 61
4 5 1 1 100 0.75 9 1580 484 246 123 210 357 314 55
4 5 1 1 100 0.75 9 1581 488 244 117 213 363 320 56
4 5 1 1 100 0.75 9 1582 491 245 120 214 366 323 57
4 5 1 1 100 0.75 9 1583 491 245 126 213 370 327 54
4 5 1 1 100 0.75 9 1584 491 246 128 213 372 330 53
4 5 1 1 100 0.75 9 1585 493 247 126 211 374 333 52
4 5 1 1 100 0.75 9 1586 496 249 126 213 376 335 53
4 5 1 1 100 0.75 9 1587 498 253 127 217 376 335 59
4 5 1 1 100 0.75 9 1588 500 251 123 214 382 341 59
4 5 1 1 100 0.75 9 1589 503 252 119 216 384 344 59
4 5 1 1 100 0.75 9 1590 505 251 119 216 389 349 56
4 5 1 1 100 0.75 9 1590 505 251 251 216 440 349 56
4 5 1 1 100 0.75 9 1620 505 251 251 216 52 349 56
4 5 1 1 100 0.75 10 1621 0 4 4 0 52 0 0
4 5 1 1 100 0.75 10 1622 0 8 8 0 52 0 0
4 5 1 1 100 0.75 10 1623 0 12 12 0 52 0 0
4 5 1 1 100 0.75 10 1624 0 16 16 0 52 0 0
4 5 1 1 100 0.75 10 1625 0 20 20 0 52 0 0
4 5 1 1 100 0.75 10 1626 0 24 24 0 52 0 0
4 5 1 1 100 0.75 10 1627 0 28 28 0 52 0 0
4 5 1 1 100 0.75 10 1628 1 32 30 0 52 0 0
4 5 1 1 100 0.75 10 1629 1 36 35 1 52 0 0
4 5 1 1 100 0.75 10 1630 3 40 37 1 52 0 0
4 5 1 1 100 0.75 10 1631 4 44 40 3 52 0 0
4 5 1 1 100 0.75 10 1632 6 48 40 4 52 0 0
4 5 1 1 100 0.75 10 1633 7 52 45 6 52 0 0
4 5 1 1 100 0.75 10 1634 8 56 47 7 52 0 0
4 5 1 1 100 0.75 10 1635 10 60 48 8 52 0 1
4 5 1 1 100 0.75 10 1636 11 64 53 10 52 0 1
4 5 1 1 100 0.75 10 1637 14 68 51 11 52 0 2
4 5 1 1 100 0.75 10 1638 18 72 55 14 52 0 3
4 5 1 1 100 0.75 10 1639 22 76 57 18 52 0 5
4 5 1 1 100 0.75 10 1640 24 80 61 22 52 0 6
4 5 1 1 100 0.75 10 1641 25 84 63 24 52 0 7
4 5 1 1 100 0.75 10 1642 28 88 68 25 52 0 8
4 5 1 1 100 0.75 10 1643 30 92 72 28 52 0 9
4 5 1 1 100 0.75 10 1644 33 96 74 30 52 0 9
4 5 1 1 100 0.75 10 1645 34 100 83 33 52 0 12
4 5 1 1 100 0.75 10 1646 38 104 84 34 52 0 14
4 5 1 1 100 0.75 10 1647 41 108 86 38 52 0 17
4 5 1 1 100 0.75 10 1648 43 112 91 41 52 0 18
4 5 1 1 100 0.75 10 1649 48 116 91 43 51 0 19
4 5 1 1 100 0.75 10 1650 53 120 93 48 51 0 21
4 5 1 1 100 0.75 10 1651 53 124 99 53 51 0 23
4 5 1 1 100 0.75 10 1652 54 128 105 53 51 0 24
4 5 1 1 100 0.75 10 1653 54 132 111 54 51 0 26
4 5 1 1 100 0.75 10 1654 58 135 113 53 52 1 27
4 5 1 1 100 0.75 10 1655 60 137 115 55 53 3 26
4 5 1 1 100 0.75 10 1656 66 140 114 56 54 4 27
4 5 1 1 100 0.75 10 1657 67 143 120 61 55 5 30
4 5 1 1 100 0.75 10 1658 69 146 122 61 56 6 32
4 5 1 1 100 0.75 10 1659 71 148 124 61 58 8 30
4 5 1 1 100 0.75 10 1660 73 152 125 63 58 8 31
4 5 1 1 100 0.75 10 1661 76 156 131 65 58 8 34
4 5 1 1 100 0.75 10 1662 81 160 128 68 58 8 35
4 5 1 1 100 0.75 10 1663 85 159 133 68 63 13 34
4 5 1 1 100 0.75 10 1664 87 163 132 72 63 13 36
4 5 1 1 100 0.75 10 1665 87 164 138 71 66 16 35
4 5 1 1 100 0.75 10 1666 94 167 135 70 66 17 35
4 5 1 1 100 0.75 10 1667 96 169 139 75 68 19 35
4 5 1 1 100 0.75 10 1668 98 170 137 74 71 22 35
4 5 1 1 100 0.75 10 1669 102 171 136 73 74 25 35
4 5 1 1 100 0.75 10 1670 105 175 141 77 74 25 39
4 5 1 1 100 0.75 10 1671 111 178 143 79 75 26 39
4 5 1 1 100 0.75 10 1672 116 180 139 83 77 28 37
4 5 1 1 100 0.75 10 1673 121 181 137 85 80 31 36
4 5 1 1 100 0.75 10 1674 127 182 140 87 83 34 37
4 5 1 1 100 0.75 10 1675 131 186 139 93 83 34 39
4 5 1 1 100 0.75 10 1676 135 187 140 94 86 37 37
4 5 1 1 100 0.75 10 1677 143 189 135 96 88 39 38
4 5 1 1 100 0.75 10 1678 146 192 141 103 89 40 43
4 5 1 1 100 0.75 10 1679 149 194 145 104 91 42 45
4 5 1 1 100 0.75 10 1680 153 196 147 105 93 44 48
4 5 1 1 100 0.75 10 1681 161 200 148 109 93 44 53
4 5 1 1 100 0.75 10 1682 168 204 151 117 93 44 56
4 5 1 1 100 0.75 10 1683 174 203 150 119 98 49 57
4 5 1 1 100 0.75 10 1684 179 204 147 122 101 52 56
4 5 1 1 100 0.75 10 1685 182 207 154 126 102 53 60
4 5 1 1 100 0.75 10 1686 185 206 149 124 107 58 57
4 5 1 1 100 0.75 10 1687 186 207 151 124 109 61 57
4 5 1 1 100 0.75 10 1688 191 210 154 124 110 62 59
4 5 1 1 100 0.75 10 1689 193 211 161 126 113 65 65
4 5 1 1 100 0.75 10 1690 199 213 157 128 115 67 67
4 5 1 1 100 0.75 10 1691 203 215 160 133 117 69 70
4 5 1 1 100 0.75 10 1692 208 214 162 132 122 74 69
4 5 1 1 100 0.75 10 1693 211 213 157 132 127 79 68
4 5 1 1 100 0.75 10 1694 217 215 160 133 129 81 66
4 5 1 1 100 0.75 10 1695 221 215 153 135 133 85 63
4 5 1 1 100 0.75 10 1696 228 216 149 137 136 88 67
4 5 1 1 100 0.75 10 1697 234 216 154 140 140 92 68
4 5 1 1 100 0.75 10 1698 238 213 134 139 147 99 62
4 5 1 1 100 0.75 10 1699 243 216 140 143 148 100 64
4 5 1 1 100 0.75 10 1700 246 214 147 142 154 106 63
4 5 1 1 100 0.75 10 1701 250 214 145 142 158 110 64
4 5 1 1 100 0.75 10 1702 258 217 143 145 158 111 66
4 5 1 1 100 0.75 10 1703 261 219 145 151 160 113 70
4 5 1 1 100 0.75 10 1704 268 220 154 151 163 116 73
4 5 1 1 100 0.75 10 1705 269 217 146 151 170 123 67
4 5 1 1 100 0.75 10 1706 271 219 156 150 172 125 70
4 5 1 1 100 0.75 10 1707 278 219 147 148 176 129 70
4 5 1 1 100 0.75 10 1708 281 217 143 149 182 135 67
4 5 1 1 100 0.75 10 1709 286 214 142 146 189 142 67
4 5 1 1 100 0.75 10 1710 291 217 149 150 190 143 71
4 5 1 1 100 0.75 10 1711 291 218 146 152 193 146 70
4 5 1 1 100 0.75 10 1712 295 220 152 151 195 148 72
4 5 1 1 100 0.75 10 1713 299 220 142 152 199 152 68
4 5 1 1 100 0.75 10 1714 304 222 157 154 201 154 70
4 5 1 1 100 0.75 10 1715 307 217 145 152 210 163 66
4 5 1 1 100 0.75 10 1716 312 218 141 152 213 166 66
4 5 1 1 100 0.75 10 1717 318 220 144 155 215 168 70
4 5 1 1 100 0.75 10 1718 325 221 132 158 218 171 70
4 5 1 1 100 0.75 10 1719 331 223 132 163 220 173 70
4 5 1 1 100 0.75 10 1720 336 223 133 167 224 177 71
4 5 1 1 100 0.75 10 1721 339 222 139 167 229 182 70
4 5 1 1 100 0.75 10 1722 343 217 136 161 238 191 64
4 5 1 1 100 0.75 10 1723 347 218 129 163 241 194 64
4 5 1 1 100 0.75 10 1724 354 218 132 163 245 198 65
4 5 1 1 100 0.75 10 1725 358 219 133 168 248 201 67
4 5 1 1 100 0.75 10 1726 364 219 132 170 251 205 67
4 5 1 1 100 0.75 10 1727 369 221 130 176 253 207 70
4 5 1 1 100 0.75 10 1728 371 221 132 177 257 211 67
4 5 1 1 100 0.75 10 1729 375 218 121 173 264 218 63
4 5 1 1 100 0.75 10 1730 378 218 121 174 268 222 64
4 5 1 1 100 0.75 10 1731 380 220 130 176 270 224 66
4 5 1 1 100 0.75 10 1732 384 219 132 176 275 229 64
4 5 1 1 100 0.75 10 1733 387 219 126 177 279 233 63
4 5 1 1 100 0.75 10 1734 393 221 139 178 281 235 66
4 5 1 1 100 0.75 10 1735 397 223 126 182 283 237 68
4 5 1 1 100 0.75 10 1736 399 222 130 182 288 242 65
4 5 1 1 100 0.75 10 1737 402 220 124 179 294 248 64
4 5 1 1 100 0.75 10 1738 404 220 130 181 298 252 61
4 5 1 1 100 0.75 10 1739 413 220 115 179 301 256 60
4 5 1 1 100 0.75 10 1740 416 221 118 185 304 259 58
4 5 1 1 100 0.75 10 1741 421 218 111 181 311 266 54
4 5 1 1 100 0.75 10 1742 424 219 119 183 314 269 55
4 5 1 1 100 0.75 10 1743 428 220 122 185 317 272 54
4 5 1 1 100 0.75 10 1744 433 221 121 187 320 275 56
4 5 1 1 100 0.75 10 1745 435 224 114 191 320 276 56
4 5 1 1 100 0.75 10 1746 435 222 118 188 324 282 55
4 5 1 1 100 0.75 10 1747 439 225 126 189 325 283 60
4 5 1 1 100 0.75 10 1748 441 226 118 191 328 286 59
4 5 1 1 100 0.75 10 1749 447 227 118 190 331 289 62
4 5 1 1 100 0.75 10 1750 450 225 118 190 337 295 57
4 5 1 1 100 0.75 10 1751 455 226 122 191 340 298 59
4 5 1 1 100 0.75 10 1752 457 225 123 191 345 303 58
4 5 1 1 100 0.75 10 1753 460 225 119 191 349 307 54
4 5 1 1 100 0.75 10 1754 464 226 110 191 352 310 54
4 5 1 1 100 0.75 10 1755 469 228 111 195 354 312 55
4 5 1 1 100 0.75 10 1756 471 229 120 200 357 315 57
4 5 1 1 100 0.75 10 1757 472 230 124 200 359 318 56
4 5 1 1 100 0.75 10 1758 473 231 112 198 362 321 57
4 5 1 1 100 0.75 10 1759 474 233 121 200 364 323 59
4 5 1 1 100 0.75 10 1760 476 234 113 199 367 326 58
4 5 1 1 100 0.75 10 1761 478 233 112 198 372 331 56
4 5 1 1 100 0.75 10 1762 479 235 123 200 373 333 57
4 5 1 1 100 0.75 10 1763 481 236 126 198 376 336 59
4 5 1 1 100 0.75 10 1764 483 235 118 199 381 341 55
4 5 1 1 100 0.75 10 1765 486 237 125 202 382 343 57
4 5 1 1 100 0.75 10 1766 493 235 114 199 388 349 52
4 5 1 1 100 0.75 10 1767 496 236 112 205 391 352 52
4 5 1 1 100 0.75 10 1768 501 237 101 206 394 355 51
4 5 1 1 100 0.75 10 1769 502 240 115 210 394 356 53
4 5 1 1 100 0.75 10 1770 504 243 121 211 395 357 56
4 5 1 1 100 0.75 10 1770 504 243 243 211 450 357 56
4 5 1 1 100 0.75 10 1800 504 243 243 211 54 357 56
