9 70 1 1 100 0.75 1 1 0 9 9 0 100 0 0
9 70 1 1 100 0.75 1 2 0 18 18 0 100 0 0
9 70 1 1 100 0.75 1 3 0 27 27 0 100 0 0
9 70 1 1 100 0.75 1 4 0 36 36 0 100 0 0
9 70 1 1 100 0.75 1 5 0 45 44 0 100 0 0
9 70 1 1 100 0.75 1 6 0 54 53 0 100 0 0
9 70 1 1 100 0.75 1 7 1 63 60 0 100 0 0
9 70 1 1 100 0.75 1 8 4 72 68 1 100 0 0
9 70 1 1 100 0.75 1 9 5 81 76 4 100 0 0
9 70 1 1 100 0.75 1 10 12 90 78 5 100 0 0
9 70 1 1 100 0.75 1 11 17 99 80 12 100 0 0
9 70 1 1 100 0.75 1 12 21 108 85 17 100 0 0
9 70 1 1 100 0.75 1 13 24 117 89 21 100 0 0
9 70 1 1 100 0.75 1 14 31 126 93 24 100 0 0
9 70 1 1 100 0.75 1 15 37 135 97 31 100 0 2
9 70 1 1 100 0.75 1 16 44 144 101 37 100 0 3
9 70 1 1 100 0.75 1 17 50 153 111 44 100 0 8
9 70 1 1 100 0.75 1 18 59 162 110 50 100 0 9
9 70 1 1 100 0.75 1 19 68 171 117 59 100 0 13
9 70 1 1 100 0.75 1 20 70 180 125 68 100 0 15
9 70 1 1 100 0.75 1 21 78 189 134 70 100 0 20
9 70 1 1 100 0.75 1 22 83 198 138 78 99 0 26
9 70 1 1 100 0.75 1 23 87 207 157 83 99 0 32
9 70 1 1 100 0.75 1 24 99 216 160 87 99 0 39
9 70 1 1 100 0.75 1 25 107 225 164 99 99 0 44
9 70 1 1 100 0.75 1 26 110 234 177 107 99 0 48
9 70 1 1 100 0.75 1 27 120 243 182 110 99 0 51
9 70 1 1 100 0.75 1 28 125 252 194 120 99 0 55
9 70 1 1 100 0.75 1 29 128 261 200 125 99 0 57
9 70 1 1 100 0.75 1 30 133 270 208 128 99 0 63
9 70 1 1 100 0.75 1 31 139 279 216 133 99 0 69
9 70 1 1 100 0.75 1 32 145 285 221 136 102 3 74
9 70 1 1 100 0.75 1 33 159 293 225 141 103 4 79
9 70 1 1 100 0.75 1 34 169 301 229 154 104 5 82
9 70 1 1 100 0.75 1 35 177 308 238 162 106 7 85
9 70 1 1 100 0.75 1 36 187 314 233 167 109 10 87
9 70 1 1 100 0.75 1 37 196 321 239 175 111 12 87
9 70 1 1 100 0.75 1 38 203 319 232 176 119 20 84
9 70 1 1 100 0.75 1 39 209 325 238 181 121 22 87
9 70 1 1 100 0.75 1 40 219 320 233 180 128 29 85
9 70 1 1 100 0.75 1 41 225 322 238 185 133 34 91
9 70 1 1 100 0.75 1 42 239 322 224 188 138 39 90
9 70 1 1 100 0.75 1 43 245 321 226 197 144 45 95
9 70 1 1 100 0.75 1 44 254 325 229 202 146 47 98
9 70 1 1 100 0.75 1 45 263 325 226 210 148 49 101
9 70 1 1 100 0.75 1 46 267 320 219 215 155 56 97
9 70 1 1 100 0.75 1 47 274 321 218 217 161 62 97
9 70 1 1 100 0.75 1 48 280 317 211 218 171 72 94
9 70 1 1 100 0.75 1 49 286 322 214 220 175 76 98
9 70 1 1 100 0.75 1 50 290 324 216 227 178 79 103
9 70 1 1 100 0.75 1 51 294 324 219 235 181 82 106
9 70 1 1 100 0.75 1 52 302 320 204 239 188 89 106
9 70 1 1 100 0.75 1 53 305 322 212 243 193 94 111
9 70 1 1 100 0.75 1 54 309 323 209 245 197 98 113
9 70 1 1 100 0.75 1 55 311 322 208 248 202 103 115
9 70 1 1 100 0.75 1 56 312 324 206 258 205 106 118
9 70 1 1 100 0.75 1 57 316 319 203 256 213 114 119
9 70 1 1 100 0.75 1 58 317 319 204 260 221 122 118
9 70 1 1 100 0.75 1 59 320 319 204 255 229 130 117
9 70 1 1 100 0.75 1 60 320 322 208 259 234 135 117
9 70 1 1 100 0.75 1 61 321 323 212 260 238 139 119
9 70 1 1 100 0.75 1 62 324 317 186 257 248 149 117
9 70 1 1 100 0.75 1 63 325 323 188 266 251 152 119
9 70 1 1 100 0.75 1 64 325 319 198 263 259 160 122
9 70 1 1 100 0.75 1 65 325 319 196 260 267 168 120
9 70 1 1 100 0.75 1 66 325 324 201 261 270 171 121
9 70 1 1 100 0.75 1 67 325 320 188 267 277 178 117
9 70 1 1 100 0.75 1 68 325 317 189 262 286 188 112
9 70 1 1 100 0.75 1 69 325 323 184 265 289 191 114
9 70 1 1 100 0.75 1 70 325 318 193 264 298 200 112
9 70 1 1 100 0.75 1 71 325 319 178 262 306 208 107
9 70 1 1 100 0.75 1 72 325 317 182 260 316 218 100
9 70 1 1 100 0.75 1 73 325 317 170 257 325 227 96
9 70 1 1 100 0.75 1 74 326 319 186 256 332 234 96
9 70 1 1 100 0.75 1 75 327 324 186 261 335 237 99
9 70 1 1 100 0.75 1 76 327 322 173 264 340 242 98
9 70 1 1 100 0.75 1 77 327 321 174 264 346 248 98
9 70 1 1 100 0.75 1 78 327 317 170 258 356 258 92
9 70 1 1 100 0.75 1 79 327 320 169 263 362 264 92
9 70 1 1 100 0.75 1 80 327 319 168 263 370 272 88
9 70 1 1 100 0.75 1 81 327 323 162 266 374 276 86
9 70 1 1 100 0.75 1 82 327 320 168 270 381 283 88
9 70 1 1 100 0.75 1 83 327 324 169 272 384 286 90
9 70 1 1 100 0.75 1 84 327 319 166 268 392 294 88
9 70 1 1 100 0.75 1 85 327 322 160 268 396 299 89
9 70 1 1 100 0.75 1 86 327 324 164 271 399 302 91
9 70 1 1 100 0.75 1 87 327 322 154 274 404 307 91
9 70 1 1 100 0.75 1 88 327 318 158 273 413 316 91
9 70 1 1 100 0.75 1 89 327 324 167 275 416 319 94
9 70 1 1 100 0.75 1 90 327 322 165 279 421 324 93
9 70 1 1 100 0.75 1 91 327 323 156 280 425 328 92
9 70 1 1 100 0.75 1 92 327 323 148 285 429 332 91
9 70 1 1 100 0.75 1 93 327 320 150 282 436 339 89
9 70 1 1 100 0.75 1 94 327 325 159 285 438 341 96
9 70 1 1 100 0.75 1 95 327 324 160 287 441 344 98
9 70 1 1 100 0.75 1 96 327 321 161 288 446 350 97
9 70 1 1 100 0.75 1 97 327 320 156 284 453 357 96
9 70 1 1 100 0.75 1 98 327 321 153 284 459 363 93
9 70 1 1 100 0.75 1 99 327 322 163 286 464 368 96
9 70 1 1 100 0.75 1 100 327 324 153 285 467 371 96
9 70 1 1 100 0.75 1 101 327 320 156 286 474 378 93
9 70 1 1 100 0.75 1 102 327 320 148 280 481 385 87
9 70 1 1 100 0.75 1 103 327 323 161 280 485 389 89
9 70 1 1 100 0.75 1 104 327 319 144 277 493 397 84
9 70 1 1 100 0.75 1 105 327 323 158 277 497 401 84
9 70 1 1 100 0.75 1 106 327 325 142 280 499 403 86
9 70 1 1 100 0.75 1 107 327 316 147 277 510 414 78
9 70 1 1 100 0.75 1 108 327 317 139 274 518 422 73
9 70 1 1 100 0.75 1 109 327 324 139 279 520 424 72
9 70 1 1 100 0.75 1 110 327 326 146 282 521 425 77
9 70 1 1 100 0.75 1 111 327 320 138 283 528 432 73
9 70 1 1 100 0.75 1 112 327 321 134 280 534 438 71
9 70 1 1 100 0.75 1 113 327 322 147 282 539 443 73
9 70 1 1 100 0.75 1 114 327 317 133 275 548 453 63
9 70 1 1 100 0.75 1 115 327 322 134 277 552 457 64
9 70 1 1 100 0.75 1 116 327 322 133 279 557 462 61
9 70 1 1 100 0.75 1 117 327 324 133 283 560 465 60
9 70 1 1 100 0.75 1 118 327 323 132 282 564 469 59
9 70 1 1 100 0.75 1 119 327 324 129 284 567 472 62
9 70 1 1 100 0.75 1 120 327 325 135 286 569 474 65
9 70 1 1 100 0.75 1 121 327 321 130 287 575 480 60
9 70 1 1 100 0.75 1 122 327 325 128 292 577 482 62
9 70 1 1 100 0.75 1 123 327 325 124 297 579 484 68
9 70 1 1 100 0.75 1 124 327 323 127 299 583 488 67
9 70 1 1 100 0.75 1 125 327 323 129 298 587 492 67
9 70 1 1 100 0.75 1 126 327 323 131 298 591 496 67
9 70 1 1 100 0.75 1 127 327 325 125 298 593 498 71
9 70 1 1 100 0.75 1 128 327 325 133 300 595 500 73
9 70 1 1 100 0.75 1 129 327 322 125 296 600 505 72
9 70 1 1 100 0.75 1 130 327 323 135 299 604 509 75
9 70 1 1 100 0.75 1 131 327 325 137 299 606 511 76
9 70 1 1 100 0.75 1 132 327 322 121 297 611 516 73
9 70 1 1 100 0.75 1 133 327 321 134 294 617 522 68
9 70 1 1 100 0.75 1 134 327 324 125 295 620 525 68
9 70 1 1 100 0.75 1 135 327 323 135 296 623 529 66
9 70 1 1 100 0.75 1 136 327 324 121 294 626 532 67
9 70 1 1 100 0.75 1 137 327 323 122 293 630 536 64
9 70 1 1 100 0.75 1 138 327 322 124 294 635 541 62
9 70 1 1 100 0.75 1 139 327 324 137 293 638 544 61
9 70 1 1 100 0.75 1 140 327 322 118 290 643 549 57
9 70 1 1 100 0.75 1 141 327 322 116 291 648 554 56
9 70 1 1 100 0.75 1 142 327 325 125 295 650 556 55
9 70 1 1 100 0.75 1 143 327 322 122 294 654 561 51
9 70 1 1 100 0.75 1 144 327 320 119 289 661 568 48
9 70 1 1 100 0.75 1 145 327 319 112 285 669 576 43
9 70 1 1 100 0.75 1 146 327 324 118 286 671 579 41
9 70 1 1 100 0.75 1 147 327 324 106 287 673 582 41
9 70 1 1 100 0.75 1 148 327 326 116 292 674 583 44
9 70 1 1 100 0.75 1 149 327 323 112 289 678 587 45
9 70 1 1 100 0.75 1 150 327 326 112 292 679 588 47
9 70 1 1 100 0.75 1 150 327 326 326 292 725 588 47
9 70 1 1 100 0.75 1 180 327 326 326 292 636 588 47
9 70 1 1 100 0.75 2 181 0 9 9 0 636 0 0
9 70 1 1 100 0.75 2 182 0 18 18 0 636 0 0
9 70 1 1 100 0.75 2 183 0 27 27 0 636 0 0
9 70 1 1 100 0.75 2 184 0 36 35 0 636 0 0
9 70 1 1 100 0.75 2 185 0 45 42 0 636 0 0
9 70 1 1 100 0.75 2 186 0 54 48 0 636 0 0
9 70 1 1 100 0.75 2 187 4 63 51 0 636 0 0
9 70 1 1 100 0.75 2 188 9 72 51 4 636 0 0
9 70 1 1 100 0.75 2 189 18 81 53 9 636 0 0
9 70 1 1 100 0.75 2 190 27 90 44 18 636 0 0
9 70 1 1 100 0.75 2 191 37 99 38 27 636 0 0
9 70 1 1 100 0.75 2 192 46 108 44 37 636 0 0
9 70 1 1 100 0.75 2 193 54 117 36 46 636 0 0
9 70 1 1 100 0.75 2 194 69 126 36 54 636 0 2
9 70 1 1 100 0.75 2 195 76 135 44 69 636 0 6
9 70 1 1 100 0.75 2 196 85 144 46 76 636 0 11
9 70 1 1 100 0.75 2 197 91 153 51 85 636 0 15
9 70 1 1 100 0.75 2 198 100 162 50 91 636 0 19
9 70 1 1 100 0.75 2 199 110 171 57 100 636 0 31
9 70 1 1 100 0.75 2 200 121 180 63 110 636 0 37
9 70 1 1 100 0.75 2 201 131 189 68 121 636 0 47
9 70 1 1 100 0.75 2 202 141 198 70 131 636 0 56
9 70 1 1 100 0.75 2 203 148 207 84 141 636 0 60
9 70 1 1 100 0.75 2 204 155 216 89 148 636 0 66
9 70 1 1 100 0.75 2 205 164 225 77 155 636 0 70
9 70 1 1 100 0.75 2 206 173 234 95 164 635 0 76
9 70 1 1 100 0.75 2 207 181 243 88 173 635 0 81
9 70 1 1 100 0.75 2 208 193 252 101 181 635 0 94
9 70 1 1 100 0.75 2 209 200 261 120 193 635 0 100
9 70 1 1 100 0.75 2 210 211 268 121 198 637 2 105
9 70 1 1 100 0.75 2 211 219 277 124 209 637 2 109
9 70 1 1 100 0.75 2 212 228 282 119 213 641 6 109
9 70 1 1 100 0.75 2 213 234 287 135 218 645 10 114
9 70 1 1 100 0.75 2 214 243 291 124 219 650 15 113
9 70 1 1 100 0.75 2 215 251 294 122 222 656 21 111
9 70 1 1 100 0.75 2 216 262 300 139 227 659 24 116
9 70 1 1 100 0.75 2 217 273 296 123 225 671 37 113
9 70 1 1 100 0.75 2 218 280 299 139 230 677 43 110
9 70 1 1 100 0.75 2 219 291 301 121 230 684 50 108
9 70 1 1 100 0.75 2 220 298 304 135 236 690 56 106
9 70 1 1 100 0.75 2 221 308 304 113 236 699 65 101
9 70 1 1 100 0.75 2 222 312 309 133 242 703 69 105
9 70 1 1 100 0.75 2 223 314 313 110 243 708 74 102
9 70 1 1 100 0.75 2 224 318 312 127 243 718 84 100
9 70 1 1 100 0.75 2 225 321 315 121 245 724 90 101
9 70 1 1 100 0.75 2 226 323 314 122 242 734 100 96
9 70 1 1 100 0.75 2 227 324 319 123 250 738 104 102
9 70 1 1 100 0.75 2 228 324 323 111 257 742 108 106
9 70 1 1 100 0.75 2 229 325 320 121 258 749 115 108
9 70 1 1 100 0.75 2 230 325 325 120 265 749 117 108
9 70 1 1 100 0.75 2 231 327 318 118 262 758 126 109
9 70 1 1 100 0.75 2 232 327 321 127 267 764 132 108
9 70 1 1 100 0.75 2 233 327 319 117 267 770 140 109
9 70 1 1 100 0.75 2 234 327 317 115 269 780 150 107
9 70 1 1 100 0.75 2 235 327 323 121 272 783 153 110
9 70 1 1 100 0.75 2 236 327 320 115 274 790 160 110
9 70 1 1 100 0.75 2 237 327 325 120 276 792 162 116
9 70 1 1 100 0.75 2 238 327 323 116 276 796 166 117
9 70 1 1 100 0.75 2 239 327 325 128 281 798 168 122
9 70 1 1 100 0.75 2 240 327 322 108 280 803 173 125
9 70 1 1 100 0.75 2 241 327 322 118 286 808 178 127
9 70 1 1 100 0.75 2 242 327 320 110 286 814 185 124
9 70 1 1 100 0.75 2 243 327 317 124 285 824 195 119
9 70 1 1 100 0.75 2 244 327 321 114 282 829 200 118
9 70 1 1 100 0.75 2 245 327 317 110 277 839 210 110
9 70 1 1 100 0.75 2 246 327 318 105 272 847 218 108
9 70 1 1 100 0.75 2 247 327 320 125 268 853 225 107
9 70 1 1 100 0.75 2 248 327 316 115 261 863 236 103
9 70 1 1 100 0.75 2 249 327 321 128 263 867 240 106
9 70 1 1 100 0.75 2 250 327 323 119 262 871 244 105
9 70 1 1 100 0.75 2 251 327 320 120 267 877 251 102
9 70 1 1 100 0.75 2 252 327 321 114 266 883 257 98
9 70 1 1 100 0.75 2 253 327 314 99 260 896 270 88
9 70 1 1 100 0.75 2 254 327 314 97 262 905 279 81
9 70 1 1 100 0.75 2 255 327 317 98 262 911 285 81
9 70 1 1 100 0.75 2 256 327 322 96 265 915 289 80
9 70 1 1 100 0.75 2 257 327 323 109 272 919 293 81
9 70 1 1 100 0.75 2 258 327 320 92 269 926 300 79
9 70 1 1 100 0.75 2 259 327 322 89 269 931 305 79
9 70 1 1 100 0.75 2 260 327 324 106 273 934 308 83
9 70 1 1 100 0.75 2 261 327 316 97 270 945 319 76
9 70 1 1 100 0.75 2 262 327 323 97 278 947 321 79
9 70 1 1 100 0.75 2 263 327 323 109 281 951 325 81
9 70 1 1 100 0.75 2 264 327 320 102 279 958 332 77
9 70 1 1 100 0.75 2 265 327 321 102 280 964 338 76
9 70 1 1 100 0.75 2 266 327 322 98 281 969 343 74
9 70 1 1 100 0.75 2 267 327 325 105 285 971 345 79
9 70 1 1 100 0.75 2 268 327 321 102 281 977 351 79
9 70 1 1 100 0.75 2 269 327 323 100 283 981 355 80
9 70 1 1 100 0.75 2 270 327 323 94 287 985 359 80
9 70 1 1 100 0.75 2 271 327 325 99 290 986 361 84
9 70 1 1 100 0.75 2 272 327 325 91 292 988 363 87
9 70 1 1 100 0.75 2 273 327 323 89 293 991 367 87
9 70 1 1 100 0.75 2 274 327 322 96 296 996 372 84
9 70 1 1 100 0.75 2 275 327 322 93 294 1001 377 84
9 70 1 1 100 0.75 2 276 327 324 82 294 1004 380 85
9 70 1 1 100 0.75 2 277 327 318 91 293 1012 389 83
9 70 1 1 100 0.75 2 278 327 324 86 292 1014 392 84
9 70 1 1 100 0.75 2 279 327 325 104 293 1016 394 83
9 70 1 1 100 0.75 2 280 327 320 79 288 1023 401 83
9 70 1 1 100 0.75 2 281 327 324 95 287 1025 404 83
9 70 1 1 100 0.75 2 282 327 322 86 288 1029 409 82
9 70 1 1 100 0.75 2 283 327 319 99 284 1037 417 79
9 70 1 1 100 0.75 2 284 327 323 94 284 1041 421 79
9 70 1 1 100 0.75 2 285 327 321 90 285 1047 427 74
9 70 1 1 100 0.75 2 286 327 320 89 284 1054 434 70
9 70 1 1 100 0.75 2 287 327 323 89 283 1058 438 68
9 70 1 1 100 0.75 2 288 327 323 88 285 1062 442 67
9 70 1 1 100 0.75 2 289 327 324 87 285 1065 445 67
9 70 1 1 100 0.75 2 290 327 321 91 283 1071 451 66
9 70 1 1 100 0.75 2 291 327 323 77 286 1075 455 63
9 70 1 1 100 0.75 2 292 327 320 84 285 1082 462 59
9 70 1 1 100 0.75 2 293 327 325 81 290 1084 464 62
9 70 1 1 100 0.75 2 294 327 321 82 287 1089 470 59
9 70 1 1 100 0.75 2 295 327 322 69 288 1094 475 56
9 70 1 1 100 0.75 2 296 327 324 78 288 1097 478 54
9 70 1 1 100 0.75 2 297 327 324 83 290 1100 481 55
9 70 1 1 100 0.75 2 298 327 322 80 289 1105 486 55
9 70 1 1 100 0.75 2 299 327 324 73 291 1108 489 56
9 70 1 1 100 0.75 2 300 327 324 96 295 1110 492 56
9 70 1 1 100 0.75 2 301 327 323 77 293 1114 496 55
9 70 1 1 100 0.75 2 302 327 325 98 299 1116 498 58
9 70 1 1 100 0.75 2 303 327 324 81 298 1118 501 58
9 70 1 1 100 0.75 2 304 327 324 69 300 1121 504 59
9 70 1 1 100 0.75 2 305 327 326 69 302 1121 505 65
9 70 1 1 100 0.75 2 306 327 321 82 301 1127 511 62
9 70 1 1 100 0.75 2 307 327 324 82 301 1130 514 61
9 70 1 1 100 0.75 2 308 327 323 85 300 1134 518 61
9 70 1 1 100 0.75 2 309 327 324 85 299 1136 521 62
9 70 1 1 100 0.75 2 310 327 324 76 300 1138 524 62
9 70 1 1 100 0.75 2 311 327 322 68 299 1143 529 59
9 70 1 1 100 0.75 2 312 327 325 84 299 1145 531 60
9 70 1 1 100 0.75 2 313 327 325 75 298 1147 533 60
9 70 1 1 100 0.75 2 314 327 324 83 299 1150 536 59
9 70 1 1 100 0.75 2 315 327 327 77 304 1150 536 60
9 70 1 1 100 0.75 2 316 327 322 81 302 1154 541 58
9 70 1 1 100 0.75 2 317 327 323 71 302 1158 545 59
9 70 1 1 100 0.75 2 318 327 324 76 302 1160 548 58
9 70 1 1 100 0.75 2 319 327 323 77 303 1164 552 55
9 70 1 1 100 0.75 2 320 327 324 59 302 1167 555 55
9 70 1 1 100 0.75 2 321 327 323 82 300 1171 559 55
9 70 1 1 100 0.75 2 322 327 321 74 297 1177 565 51
9 70 1 1 100 0.75 2 323 327 325 76 296 1179 567 51
9 70 1 1 100 0.75 2 324 327 322 71 293 1184 572 47
9 70 1 1 100 0.75 2 325 327 323 76 293 1187 576 48
9 70 1 1 100 0.75 2 326 327 321 72 291 1193 582 45
9 70 1 1 100 0.75 2 327 327 323 72 291 1197 586 43
9 70 1 1 100 0.75 2 328 327 327 67 295 1197 586 45
9 70 1 1 100 0.75 2 329 327 324 69 295 1198 589 44
9 70 1 1 100 0.75 2 330 327 325 60 298 1200 591 44
9 70 1 1 100 0.75 2 330 327 325 325 298 1244 591 44
9 70 1 1 100 0.75 2 360 327 325 325 298 762 591 44
9 70 1 1 100 0.75 3 361 0 9 9 0 762 0 0
9 70 1 1 100 0.75 3 362 0 18 18 0 762 0 0
9 70 1 1 100 0.75 3 363 0 27 27 0 762 0 0
9 70 1 1 100 0.75 3 364 0 36 36 0 762 0 0
9 70 1 1 100 0.75 3 365 0 45 45 0 762 0 0
9 70 1 1 100 0.75 3 366 0 54 50 0 762 0 0
9 70 1 1 100 0.75 3 367 1 63 59 0 762 0 0
9 70 1 1 100 0.75 3 368 6 72 58 1 762 0 0
9 70 1 1 100 0.75 3 369 20 81 48 6 762 0 0
9 70 1 1 100 0.75 3 370 27 90 44 20 762 0 0
9 70 1 1 100 0.75 3 371 41 99 36 27 762 0 0
9 70 1 1 100 0.75 3 372 46 108 36 41 762 0 0
9 70 1 1 100 0.75 3 373 55 117 39 46 762 0 0
9 70 1 1 100 0.75 3 374 68 126 32 55 762 0 0
9 70 1 1 100 0.75 3 375 75 135 39 68 762 0 3
9 70 1 1 100 0.75 3 376 83 144 38 75 762 0 9
9 70 1 1 100 0.75 3 377 92 153 51 83 762 0 20
9 70 1 1 100 0.75 3 378 101 162 50 92 762 0 29
9 70 1 1 100 0.75 3 379 111 171 49 101 762 0 37
9 70 1 1 100 0.75 3 380 124 180 53 111 762 0 41
9 70 1 1 100 0.75 3 381 127 189 69 124 761 0 48
9 70 1 1 100 0.75 3 382 138 198 70 127 761 0 56
9 70 1 1 100 0.75 3 383 147 207 77 138 761 0 60
9 70 1 1 100 0.75 3 384 155 216 76 147 761 0 66
9 70 1 1 100 0.75 3 385 165 225 83 155 761 0 76
9 70 1 1 100 0.75 3 386 176 234 97 165 761 0 83
9 70 1 1 100 0.75 3 387 183 243 86 176 761 0 90
9 70 1 1 100 0.75 3 388 194 252 87 183 761 0 94
9 70 1 1 100 0.75 3 389 200 261 92 194 760 0 103
9 70 1 1 100 0.75 3 390 214 270 83 200 760 0 106
9 70 1 1 100 0.75 3 391 223 278 105 213 761 1 114
9 70 1 1 100 0.75 3 392 232 283 106 218 764 5 115
9 70 1 1 100 0.75 3 393 236 289 99 224 767 8 120
9 70 1 1 100 0.75 3 394 244 294 122 224 771 12 123
9 70 1 1 100 0.75 3 395 256 299 108 228 775 16 125
9 70 1 1 100 0.75 3 396 264 297 103 229 786 27 122
9 70 1 1 100 0.75 3 397 273 293 120 224 799 40 115
9 70 1 1 100 0.75 3 398 283 298 114 229 802 44 119
9 70 1 1 100 0.75 3 399 292 298 96 230 811 53 115
9 70 1 1 100 0.75 3 400 301 301 119 233 817 59 118
9 70 1 1 100 0.75 3 401 309 302 101 234 825 67 114
9 70 1 1 100 0.75 3 402 312 308 112 244 828 70 119
9 70 1 1 100 0.75 3 403 316 308 107 241 837 79 115
9 70 1 1 100 0.75 3 404 321 308 107 239 846 88 111
9 70 1 1 100 0.75 3 405 323 311 104 241 852 94 112
9 70 1 1 100 0.75 3 406 323 315 112 247 857 99 115
9 70 1 1 100 0.75 3 407 323 314 103 246 867 109 112
9 70 1 1 100 0.75 3 408 324 322 108 256 868 110 118
9 70 1 1 100 0.75 3 409 325 323 110 261 872 114 125
9 70 1 1 100 0.75 3 410 325 320 90 264 879 121 123
9 70 1 1 100 0.75 3 411 326 324 108 263 882 124 125
9 70 1 1 100 0.75 3 412 326 316 110 262 893 135 122
9 70 1 1 100 0.75 3 413 327 314 94 264 904 146 117
9 70 1 1 100 0.75 3 414 327 316 102 266 911 153 118
9 70 1 1 100 0.75 3 415 327 317 96 265 919 161 119
9 70 1 1 100 0.75 3 416 327 318 93 268 927 169 116
9 70 1 1 100 0.75 3 417 327 324 110 265 930 172 117
9 70 1 1 100 0.75 3 418 327 318 103 262 939 181 111
9 70 1 1 100 0.75 3 419 327 323 112 265 943 185 116
9 70 1 1 100 0.75 3 420 327 323 103 269 947 189 120
9 70 1 1 100 0.75 3 421 327 322 99 269 952 194 122
9 70 1 1 100 0.75 3 422 327 320 104 272 959 201 122
9 70 1 1 100 0.75 3 423 327 321 100 276 964 207 119
9 70 1 1 100 0.75 3 424 327 323 98 280 968 211 115
9 70 1 1 100 0.75 3 425 327 322 97 281 973 216 116
9 70 1 1 100 0.75 3 426 327 318 99 280 982 225 116
9 70 1 1 100 0.75 3 427 327 315 93 274 994 237 107
9 70 1 1 100 0.75 3 428 327 319 88 273 998 242 107
9 70 1 1 100 0.75 3 429 327 316 98 264 1009 253 103
9 70 1 1 100 0.75 3 430 327 313 91 261 1021 265 96
9 70 1 1 100 0.75 3 431 327 318 89 263 1024 269 99
9 70 1 1 100 0.75 3 432 327 325 91 264 1025 271 101
9 70 1 1 100 0.75 3 433 327 316 86 259 1034 282 98
9 70 1 1 100 0.75 3 434 327 318 97 259 1041 289 91
9 70 1 1 100 0.75 3 435 327 321 80 262 1047 295 89
9 70 1 1 100 0.75 3 436 327 323 80 266 1051 299 87
9 70 1 1 100 0.75 3 437 327 321 77 268 1057 305 87
9 70 1 1 100 0.75 3 438 327 319 71 268 1065 313 84
9 70 1 1 100 0.75 3 439 327 321 83 274 1070 319 83
9 70 1 1 100 0.75 3 440 327 323 69 274 1074 323 85
9 70 1 1 100 0.75 3 441 327 319 90 269 1082 331 84
9 70 1 1 100 0.75 3 442 327 326 73 278 1083 332 87
9 70 1 1 100 0.75 3 443 327 322 83 284 1088 337 90
9 70 1 1 100 0.75 3 444 327 323 83 283 1092 341 93
9 70 1 1 100 0.75 3 445 327 324 87 285 1094 344 97
9 70 1 1 100 0.75 3 446 327 320 70 283 1101 351 95
9 70 1 1 100 0.75 3 447 327 323 78 288 1104 355 94
9 70 1 1 100 0.75 3 448 327 322 85 286 1109 360 92
9 70 1 1 100 0.75 3 449 327 319 79 288 1117 368 93
9 70 1 1 100 0.75 3 450 327 321 87 284 1122 374 90
9 70 1 1 100 0.75 3 451 327 323 89 284 1125 378 90
9 70 1 1 100 0.75 3 452 327 321 83 282 1131 384 88
9 70 1 1 100 0.75 3 453 327 323 85 281 1134 388 90
9 70 1 1 100 0.75 3 454 327 322 79 282 1138 393 91
9 70 1 1 100 0.75 3 455 327 324 101 285 1141 396 94
9 70 1 1 100 0.75 3 456 327 322 83 281 1146 401 93
9 70 1 1 100 0.75 3 457 327 323 101 286 1150 405 92
9 70 1 1 100 0.75 3 458 327 323 87 289 1154 409 90
9 70 1 1 100 0.75 3 459 327 320 73 287 1161 416 86
9 70 1 1 100 0.75 3 460 327 316 81 282 1172 427 75
9 70 1 1 100 0.75 3 461 327 320 70 282 1177 432 77
9 70 1 1 100 0.75 3 462 327 319 81 277 1185 440 73
9 70 1 1 100 0.75 3 463 327 323 77 278 1188 444 70
9 70 1 1 100 0.75 3 464 327 324 84 278 1190 447 73
9 70 1 1 100 0.75 3 465 327 321 77 276 1196 453 73
9 70 1 1 100 0.75 3 466 327 323 75 279 1200 457 72
9 70 1 1 100 0.75 3 467 327 321 79 276 1206 463 68
9 70 1 1 100 0.75 3 468 327 323 72 280 1210 467 67
9 70 1 1 100 0.75 3 469 327 324 72 285 1213 470 67
9 70 1 1 100 0.75 3 470 327 325 60 291 1215 472 68
9 70 1 1 100 0.75 3 471 327 320 71 290 1222 479 61
9 70 1 1 100 0.75 3 472 327 321 58 288 1228 485 59
9 70 1 1 100 0.75 3 473 327 322 69 285 1233 490 61
9 70 1 1 100 0.75 3 474 327 323 76 289 1236 494 60
9 70 1 1 100 0.75 3 475 327 323 65 290 1240 498 60
9 70 1 1 100 0.75 3 476 327 322 66 289 1244 503 60
9 70 1 1 100 0.75 3 477 327 327 70 293 1244 503 63
9 70 1 1 100 0.75 3 478 327 324 63 292 1247 506 64
9 70 1 1 100 0.75 3 479 327 323 63 291 1251 510 64
9 70 1 1 100 0.75 3 480 327 322 68 293 1256 515 61
9 70 1 1 100 0.75 3 481 327 324 72 296 1259 518 65
9 70 1 1 100 0.75 3 482 327 322 57 297 1264 523 62
9 70 1 1 100 0.75 3 483 327 325 80 296 1265 525 65
9 70 1 1 100 0.75 3 484 327 323 67 298 1269 529 62
9 70 1 1 100 0.75 3 485 327 322 60 296 1274 534 60
9 70 1 1 100 0.75 3 486 327 326 66 296 1274 535 62
9 70 1 1 100 0.75 3 487 327 324 76 297 1277 538 63
9 70 1 1 100 0.75 3 488 327 325 77 300 1279 540 66
9 70 1 1 100 0.75 3 489 327 320 58 296 1286 547 62
9 70 1 1 100 0.75 3 490 327 325 65 300 1288 549 61
9 70 1 1 100 0.75 3 491 327 322 72 296 1292 554 61
9 70 1 1 100 0.75 3 492 327 323 57 295 1296 558 58
9 70 1 1 100 0.75 3 493 327 323 48 296 1300 562 54
9 70 1 1 100 0.75 3 494 327 323 61 295 1304 566 58
9 70 1 1 100 0.75 3 495 327 322 53 292 1309 571 55
9 70 1 1 100 0.75 3 496 327 325 67 293 1311 573 56
9 70 1 1 100 0.75 3 497 327 324 54 295 1314 576 57
9 70 1 1 100 0.75 3 498 327 325 66 298 1316 578 56
9 70 1 1 100 0.75 3 499 327 323 59 296 1320 582 53
9 70 1 1 100 0.75 3 500 327 323 62 296 1323 586 52
9 70 1 1 100 0.75 3 501 327 325 57 300 1325 588 53
9 70 1 1 100 0.75 3 502 327 322 59 297 1330 593 49
9 70 1 1 100 0.75 3 503 327 323 58 300 1334 597 48
9 70 1 1 100 0.75 3 504 327 323 68 298 1338 601 48
9 70 1 1 100 0.75 3 505 327 325 59 297 1340 603 49
9 70 1 1 100 0.75 3 506 327 324 71 299 1343 606 50
9 70 1 1 100 0.75 3 507 327 325 61 298 1345 608 54
9 70 1 1 100 0.75 3 508 327 325 54 301 1345 610 53
9 70 1 1 100 0.75 3 509 327 322 50 298 1349 615 49
9 70 1 1 100 0.75 3 510 327 325 70 299 1350 617 50
9 70 1 1 100 0.75 3 510 327 325 325 299 1400 617 50
9 70 1 1 100 0.75 3 540 327 325 325 299 762 617 50
9 70 1 1 100 0.75 4 541 0 9 9 0 762 0 0
9 70 1 1 100 0.75 4 542 0 18 18 0 762 0 0
9 70 1 1 100 0.75 4 543 0 27 27 0 762 0 0
9 70 1 1 100 0.75 4 544 0 36 36 0 762 0 0
9 70 1 1 100 0.75 4 545 0 45 42 0 762 0 0
9 70 1 1 100 0.75 4 546 0 54 50 0 762 0 0
9 70 1 1 100 0.75 4 547 3 63 51 0 762 0 0
9 70 1 1 100 0.75 4 548 10 72 53 3 762 0 0
9 70 1 1 100 0.75 4 549 20 81 45 10 762 0 0
9 70 1 1 100 0.75 4 550 29 90 47 20 762 0 0
9 70 1 1 100 0.75 4 551 38 99 43 29 762 0 0
9 70 1 1 100 0.75 4 552 44 108 41 38 762 0 0
9 70 1 1 100 0.75 4 553 56 117 32 44 762 0 0
9 70 1 1 100 0.75 4 554 70 126 36 56 762 0 1
9 70 1 1 100 0.75 4 555 74 135 40 70 762 0 5
9 70 1 1 100 0.75 4 556 85 144 37 74 762 0 9
9 70 1 1 100 0.75 4 557 96 153 46 85 762 0 19
9 70 1 1 100 0.75 4 558 103 162 55 96 762 0 26
9 70 1 1 100 0.75 4 559 112 171 51 103 762 0 30
9 70 1 1 100 0.75 4 560 119 180 55 112 762 0 37
9 70 1 1 100 0.75 4 561 130 189 61 119 762 0 45
9 70 1 1 100 0.75 4 562 140 198 77 130 762 0 52
9 70 1 1 100 0.75 4 563 145 207 76 140 762 0 60
9 70 1 1 100 0.75 4 564 158 216 79 145 762 0 67
9 70 1 1 100 0.75 4 565 165 225 82 158 762 0 74
9 70 1 1 100 0.75 4 566 176 234 95 165 762 0 78
9 70 1 1 100 0.75 4 567 184 243 91 176 762 0 83
9 70 1 1 100 0.75 4 568 193 252 98 184 762 0 93
9 70 1 1 100 0.75 4 569 203 260 88 192 763 1 101
9 70 1 1 100 0.75 4 570 213 269 89 202 763 1 108
9 70 1 1 100 0.75 4 571 219 277 96 211 763 2 112
9 70 1 1 100 0.75 4 572 228 282 111 213 767 6 117
9 70 1 1 100 0.75 4 573 237 286 111 217 772 11 120
9 70 1 1 100 0.75 4 574 249 291 110 222 776 15 126
9 70 1 1 100 0.75 4 575 258 294 117 228 782 21 128
9 70 1 1 100 0.75 4 576 267 297 114 231 788 27 128
9 70 1 1 100 0.75 4 577 272 301 109 235 793 32 132
9 70 1 1 100 0.75 4 578 283 300 115 230 803 42 131
9 70 1 1 100 0.75 4 579 288 301 117 233 810 50 124
9 70 1 1 100 0.75 4 580 296 304 112 233 816 56 128
9 70 1 1 100 0.75 4 581 304 308 110 238 821 61 132
9 70 1 1 100 0.75 4 582 311 309 119 243 829 69 133
9 70 1 1 100 0.75 4 583 315 309 103 243 838 78 136
9 70 1 1 100 0.75 4 584 319 309 97 243 847 87 130
9 70 1 1 100 0.75 4 585 323 311 110 244 854 94 128
9 70 1 1 100 0.75 4 586 324 314 104 247 860 100 130
9 70 1 1 100 0.75 4 587 325 320 115 250 862 103 135
9 70 1 1 100 0.75 4 588 326 320 103 254 869 110 133
9 70 1 1 100 0.75 4 589 327 318 114 254 878 119 133
9 70 1 1 100 0.75 4 590 327 320 112 256 885 126 133
9 70 1 1 100 0.75 4 591 327 318 121 253 894 135 131
9 70 1 1 100 0.75 4 592 327 321 102 260 900 141 131
9 70 1 1 100 0.75 4 593 327 315 101 259 912 153 128
9 70 1 1 100 0.75 4 594 327 318 112 257 917 159 130
9 70 1 1 100 0.75 4 595 327 320 106 261 924 166 128
9 70 1 1 100 0.75 4 596 327 316 110 257 935 177 125
9 70 1 1 100 0.75 4 597 327 319 110 257 941 183 121
9 70 1 1 100 0.75 4 598 327 320 107 260 948 190 125
9 70 1 1 100 0.75 4 599 327 319 97 261 956 198 124
9 70 1 1 100 0.75 4 600 327 321 105 259 962 204 124
9 70 1 1 100 0.75 4 601 327 319 91 262 970 212 121
9 70 1 1 100 0.75 4 602 327 323 97 265 973 216 127
9 70 1 1 100 0.75 4 603 327 319 105 263 980 224 122
9 70 1 1 100 0.75 4 604 327 323 108 267 984 228 126
9 70 1 1 100 0.75 4 605 327 321 87 271 990 234 125
9 70 1 1 100 0.75 4 606 327 315 91 269 1002 246 119
9 70 1 1 100 0.75 4 607 327 315 93 266 1011 255 114
9 70 1 1 100 0.75 4 608 327 319 92 267 1016 260 116
9 70 1 1 100 0.75 4 609 327 318 85 264 1025 269 111
9 70 1 1 100 0.75 4 610 327 320 93 264 1032 276 111
9 70 1 1 100 0.75 4 611 327 321 103 263 1037 282 113
9 70 1 1 100 0.75 4 612 327 320 97 264 1044 289 115
9 70 1 1 100 0.75 4 613 327 316 98 257 1055 300 110
9 70 1 1 100 0.75 4 614 327 323 102 261 1057 302 113
9 70 1 1 100 0.75 4 615 327 314 95 256 1069 315 101
9 70 1 1 100 0.75 4 616 327 318 80 263 1074 320 103
9 70 1 1 100 0.75 4 617 327 321 83 265 1080 326 101
9 70 1 1 100 0.75 4 618 327 318 92 265 1089 335 98
9 70 1 1 100 0.75 4 619 327 323 81 266 1093 339 97
9 70 1 1 100 0.75 4 620 327 324 94 271 1096 342 99
9 70 1 1 100 0.75 4 621 327 319 82 271 1104 350 95
9 70 1 1 100 0.75 4 622 327 317 69 267 1114 360 90
9 70 1 1 100 0.75 4 623 327 321 80 267 1119 365 93
9 70 1 1 100 0.75 4 624 327 322 74 269 1123 370 94
9 70 1 1 100 0.75 4 625 327 324 75 275 1126 373 96
9 70 1 1 100 0.75 4 626 327 322 66 278 1131 378 97
9 70 1 1 100 0.75 4 627 327 321 79 281 1137 384 96
9 70 1 1 100 0.75 4 628 327 319 83 275 1145 392 92
9 70 1 1 100 0.75 4 629 327 322 74 275 1149 397 93
9 70 1 1 100 0.75 4 630 327 321 77 278 1155 403 94
9 70 1 1 100 0.75 4 631 327 319 80 278 1163 411 93
9 70 1 1 100 0.75 4 632 327 322 77 279 1167 416 92
9 70 1 1 100 0.75 4 633 327 321 76 276 1173 422 92
9 70 1 1 100 0.75 4 634 327 324 78 279 1176 425 90
9 70 1 1 100 0.75 4 635 327 321 76 278 1182 431 87
9 70 1 1 100 0.75 4 636 327 323 81 280 1186 435 89
9 70 1 1 100 0.75 4 637 327 321 84 280 1192 441 87
9 70 1 1 100 0.75 4 638 327 324 87 284 1195 444 92
9 70 1 1 100 0.75 4 639 327 324 81 287 1198 447 92
9 70 1 1 100 0.75 4 640 327 321 73 286 1204 453 90
9 70 1 1 100 0.75 4 641 327 324 71 290 1206 456 91
9 70 1 1 100 0.75 4 642 327 319 76 286 1213 464 87
9 70 1 1 100 0.75 4 643 327 321 69 284 1219 470 87
9 70 1 1 100 0.75 4 644 327 319 69 281 1227 478 81
9 70 1 1 100 0.75 4 645 327 321 73 282 1233 484 80
9 70 1 1 100 0.75 4 646 327 320 74 277 1240 491 81
9 70 1 1 100 0.75 4 647 327 323 70 277 1243 495 81
9 70 1 1 100 0.75 4 648 327 323 66 279 1247 499 80
9 70 1 1 100 0.75 4 649 327 319 69 274 1255 507 77
9 70 1 1 100 0.75 4 650 327 322 71 273 1260 512 76
9 70 1 1 100 0.75 4 651 327 323 66 277 1263 516 78
9 70 1 1 100 0.75 4 652 327 325 58 283 1265 518 80
9 70 1 1 100 0.75 4 653 327 322 64 284 1269 523 76
9 70 1 1 100 0.75 4 654 327 326 78 290 1270 524 79
9 70 1 1 100 0.75 4 655 327 321 62 290 1276 530 75
9 70 1 1 100 0.75 4 656 327 322 67 290 1281 535 71
9 70 1 1 100 0.75 4 657 327 321 61 287 1287 541 69
9 70 1 1 100 0.75 4 658 327 321 63 290 1293 547 72
9 70 1 1 100 0.75 4 659 327 323 61 290 1297 551 71
9 70 1 1 100 0.75 4 660 327 322 63 289 1301 556 71
9 70 1 1 100 0.75 4 661 327 319 74 282 1309 564 71
9 70 1 1 100 0.75 4 662 327 324 64 284 1312 567 72
9 70 1 1 100 0.75 4 663 327 325 66 286 1314 569 76
9 70 1 1 100 0.75 4 664 327 324 71 288 1317 572 76
9 70 1 1 100 0.75 4 665 327 323 65 290 1321 576 79
9 70 1 1 100 0.75 4 666 327 323 70 291 1325 580 76
9 70 1 1 100 0.75 4 667 327 323 61 292 1329 584 74
9 70 1 1 100 0.75 4 668 327 321 63 292 1334 590 71
9 70 1 1 100 0.75 4 669 327 322 73 291 1339 595 68
9 70 1 1 100 0.75 4 670 327 324 65 294 1342 598 69
9 70 1 1 100 0.75 4 671 327 324 66 295 1345 601 70
9 70 1 1 100 0.75 4 672 327 324 60 292 1348 604 69
9 70 1 1 100 0.75 4 673 327 325 64 295 1348 606 69
9 70 1 1 100 0.75 4 674 327 323 75 296 1352 610 71
9 70 1 1 100 0.75 4 675 327 325 61 297 1354 612 73
9 70 1 1 100 0.75 4 676 327 316 51 290 1365 623 63
9 70 1 1 100 0.75 4 677 327 320 65 291 1370 628 62
9 70 1 1 100 0.75 4 678 327 322 50 291 1375 633 58
9 70 1 1 100 0.75 4 679 327 323 54 288 1379 637 55
9 70 1 1 100 0.75 4 680 327 322 66 289 1384 642 55
9 70 1 1 100 0.75 4 681 327 321 51 283 1389 648 53
9 70 1 1 100 0.75 4 682 327 324 59 284 1392 651 53
9 70 1 1 100 0.75 4 683 327 326 59 287 1393 652 56
9 70 1 1 100 0.75 4 684 327 323 63 288 1397 656 58
9 70 1 1 100 0.75 4 685 327 326 56 294 1397 657 58
9 70 1 1 100 0.75 4 686 327 322 64 294 1402 662 57
9 70 1 1 100 0.75 4 687 327 322 55 295 1406 667 54
9 70 1 1 100 0.75 4 688 327 325 68 298 1408 669 53
9 70 1 1 100 0.75 4 689 327 323 64 297 1412 673 52
9 70 1 1 100 0.75 4 690 327 324 56 300 1414 676 52
9 70 1 1 100 0.75 4 690 327 324 324 300 1465 676 52
9 70 1 1 100 0.75 4 720 327 324 324 300 761 676 52
9 70 1 1 100 0.75 5 721 0 9 9 0 761 0 0
9 70 1 1 100 0.75 5 722 0 18 18 0 761 0 0
9 70 1 1 100 0.75 5 723 0 27 27 0 761 0 0
9 70 1 1 100 0.75 5 724 0 36 35 0 761 0 0
9 70 1 1 100 0.75 5 725 0 45 41 0 761 0 0
9 70 1 1 100 0.75 5 726 0 54 49 0 761 0 0
9 70 1 1 100 0.75 5 727 2 63 56 0 761 0 0
9 70 1 1 100 0.75 5 728 9 72 51 2 761 0 0
9 70 1 1 100 0.75 5 729 16 81 54 9 761 0 0
9 70 1 1 100 0.75 5 730 26 90 43 16 761 0 0
9 70 1 1 100 0.75 5 731 40 99 44 26 761 0 0
9 70 1 1 100 0.75 5 732 49 108 41 40 761 0 0
9 70 1 1 100 0.75 5 733 56 117 38 49 761 0 0
9 70 1 1 100 0.75 5 734 65 126 40 56 761 0 0
9 70 1 1 100 0.75 5 735 74 135 32 65 760 0 3
9 70 1 1 100 0.75 5 736 83 144 43 74 760 0 9
9 70 1 1 100 0.75 5 737 95 153 39 83 760 0 14
9 70 1 1 100 0.75 5 738 100 162 53 95 760 0 19
9 70 1 1 100 0.75 5 739 112 171 61 100 760 0 27
9 70 1 1 100 0.75 5 740 123 180 50 112 760 0 34
9 70 1 1 100 0.75 5 741 130 189 63 123 760 0 44
9 70 1 1 100 0.75 5 742 136 198 63 130 760 0 50
9 70 1 1 100 0.75 5 743 146 207 71 136 760 0 56
9 70 1 1 100 0.75 5 744 158 216 74 146 760 0 63
9 70 1 1 100 0.75 5 745 166 225 77 158 760 0 69
9 70 1 1 100 0.75 5 746 177 234 85 166 760 0 76
9 70 1 1 100 0.75 5 747 185 243 97 177 760 0 85
9 70 1 1 100 0.75 5 748 192 252 94 185 760 0 90
9 70 1 1 100 0.75 5 749 200 261 105 192 760 0 94
9 70 1 1 100 0.75 5 750 209 270 104 200 760 0 98
9 70 1 1 100 0.75 5 751 220 279 97 209 760 0 106
9 70 1 1 100 0.75 5 752 229 286 107 218 762 2 112
9 70 1 1 100 0.75 5 753 238 289 116 221 768 8 113
9 70 1 1 100 0.75 5 754 246 294 107 226 772 12 120
9 70 1 1 100 0.75 5 755 253 298 111 229 777 17 119
9 70 1 1 100 0.75 5 756 265 302 107 231 782 22 120
9 70 1 1 100 0.75 5 757 273 306 110 238 786 27 121
9 70 1 1 100 0.75 5 758 286 311 121 242 790 31 125
9 70 1 1 100 0.75 5 759 290 307 116 242 803 44 123
9 70 1 1 100 0.75 5 760 302 308 110 239 811 52 121
9 70 1 1 100 0.75 5 761 308 309 111 243 819 60 120
9 70 1 1 100 0.75 5 762 313 310 114 242 826 68 117
9 70 1 1 100 0.75 5 763 317 308 110 240 837 79 115
9 70 1 1 100 0.75 5 764 320 314 103 245 840 82 116
9 70 1 1 100 0.75 5 765 324 321 120 255 842 84 121
9 70 1 1 100 0.75 5 766 325 322 120 258 847 89 126
9 70 1 1 100 0.75 5 767 327 323 100 262 851 93 127
9 70 1 1 100 0.75 5 768 327 323 128 268 855 97 130
9 70 1 1 100 0.75 5 769 327 317 109 266 864 107 125
9 70 1 1 100 0.75 5 770 327 317 106 266 873 116 122
9 70 1 1 100 0.75 5 771 327 318 100 266 881 124 125
9 70 1 1 100 0.75 5 772 327 320 113 269 888 131 122
9 70 1 1 100 0.75 5 773 327 320 91 271 893 138 123
9 70 1 1 100 0.75 5 774 327 316 106 267 904 149 116
9 70 1 1 100 0.75 5 775 327 318 111 262 910 156 119
9 70 1 1 100 0.75 5 776 327 318 118 255 919 165 118
9 70 1 1 100 0.75 5 777 327 322 110 257 924 170 120
9 70 1 1 100 0.75 5 778 327 321 98 262 929 176 119
9 70 1 1 100 0.75 5 779 327 319 106 263 937 184 118
9 70 1 1 100 0.75 5 780 327 323 106 264 941 188 121
9 70 1 1 100 0.75 5 781 327 319 97 266 949 196 116
9 70 1 1 100 0.75 5 782 327 324 101 270 952 199 115
9 70 1 1 100 0.75 5 783 327 323 104 274 956 203 114
9 70 1 1 100 0.75 5 784 327 318 104 274 965 212 109
9 70 1 1 100 0.75 5 785 327 319 93 274 973 220 111
9 70 1 1 100 0.75 5 786 327 315 81 267 985 232 104
9 70 1 1 100 0.75 5 787 327 315 98 265 994 241 104
9 70 1 1 100 0.75 5 788 327 318 92 265 1000 247 101
9 70 1 1 100 0.75 5 789 327 324 97 270 1003 250 106
9 70 1 1 100 0.75 5 790 327 321 89 269 1009 256 105
9 70 1 1 100 0.75 5 791 327 320 103 264 1015 263 106
9 70 1 1 100 0.75 5 792 327 322 100 266 1018 268 105
9 70 1 1 100 0.75 5 793 327 318 92 264 1027 277 99
9 70 1 1 100 0.75 5 794 327 320 92 266 1034 284 97
9 70 1 1 100 0.75 5 795 327 317 92 264 1043 294 90
9 70 1 1 100 0.75 5 796 327 319 95 265 1050 301 90
9 70 1 1 100 0.75 5 797 327 323 93 270 1054 305 88
9 70 1 1 100 0.75 5 798 327 323 88 272 1058 309 87
9 70 1 1 100 0.75 5 799 327 323 90 273 1062 313 89
9 70 1 1 100 0.75 5 800 327 326 89 278 1063 314 95
9 70 1 1 100 0.75 5 801 327 322 90 279 1068 319 99
9 70 1 1 100 0.75 5 802 327 323 80 284 1072 323 100
9 70 1 1 100 0.75 5 803 327 316 84 282 1083 334 98
9 70 1 1 100 0.75 5 804 327 318 71 285 1090 341 96
9 70 1 1 100 0.75 5 805 327 321 93 283 1096 347 92
9 70 1 1 100 0.75 5 806 327 319 82 278 1104 355 87
9 70 1 1 100 0.75 5 807 327 319 79 276 1112 363 82
9 70 1 1 100 0.75 5 808 327 326 77 276 1113 364 84
9 70 1 1 100 0.75 5 809 327 324 98 274 1116 367 89
9 70 1 1 100 0.75 5 810 327 319 84 275 1123 375 88
9 70 1 1 100 0.75 5 811 327 322 78 276 1128 380 87
9 70 1 1 100 0.75 5 812 327 326 77 284 1128 381 91
9 70 1 1 100 0.75 5 813 327 322 80 285 1132 386 89
9 70 1 1 100 0.75 5 814 327 319 82 283 1140 394 83
9 70 1 1 100 0.75 5 815 327 324 71 291 1143 397 81
9 70 1 1 100 0.75 5 816 327 325 72 291 1145 399 82
9 70 1 1 100 0.75 5 817 327 319 80 285 1153 407 78
9 70 1 1 100 0.75 5 818 327 318 73 282 1162 416 76
9 70 1 1 100 0.75 5 819 327 324 80 285 1165 419 83
9 70 1 1 100 0.75 5 820 327 321 81 283 1171 425 82
9 70 1 1 100 0.75 5 821 327 322 76 282 1175 430 82
9 70 1 1 100 0.75 5 822 327 321 82 279 1181 436 81
9 70 1 1 100 0.75 5 823 327 321 70 280 1187 442 75
9 70 1 1 100 0.75 5 824 327 323 76 278 1191 446 77
9 70 1 1 100 0.75 5 825 327 324 76 283 1194 449 79
9 70 1 1 100 0.75 5 826 327 318 70 280 1203 458 74
9 70 1 1 100 0.75 5 827 327 324 66 282 1206 461 71
9 70 1 1 100 0.75 5 828 327 324 65 286 1209 464 70
9 70 1 1 100 0.75 5 829 327 323 64 288 1212 468 67
9 70 1 1 100 0.75 5 830 327 324 64 291 1215 471 70
9 70 1 1 100 0.75 5 831 327 325 64 294 1214 473 70
9 70 1 1 100 0.75 5 832 327 323 79 294 1218 477 75
9 70 1 1 100 0.75 5 833 327 323 64 294 1222 481 77
9 70 1 1 100 0.75 5 834 327 322 64 293 1227 486 73
9 70 1 1 100 0.75 5 835 327 322 62 296 1232 491 71
9 70 1 1 100 0.75 5 836 327 318 67 289 1241 500 66
9 70 1 1 100 0.75 5 837 327 319 72 286 1248 508 64
9 70 1 1 100 0.75 5 838 327 323 59 284 1252 512 63
9 70 1 1 100 0.75 5 839 327 325 78 286 1253 514 65
9 70 1 1 100 0.75 5 840 327 323 63 284 1257 518 64
9 70 1 1 100 0.75 5 841 327 321 71 281 1263 524 62
9 70 1 1 100 0.75 5 842 327 325 69 285 1264 526 62
9 70 1 1 100 0.75 5 843 327 324 67 286 1267 529 63
9 70 1 1 100 0.75 5 844 327 326 58 291 1268 530 66
9 70 1 1 100 0.75 5 845 327 323 76 296 1272 534 65
9 70 1 1 100 0.75 5 846 327 323 68 298 1276 538 61
9 70 1 1 100 0.75 5 847 327 326 63 301 1277 539 61
9 70 1 1 100 0.75 5 848 327 323 61 301 1281 543 63
9 70 1 1 100 0.75 5 849 327 324 57 302 1284 546 61
9 70 1 1 100 0.75 5 850 327 321 60 300 1290 552 60
9 70 1 1 100 0.75 5 851 327 322 64 298 1295 557 59
9 70 1 1 100 0.75 5 852 327 324 59 296 1297 560 62
9 70 1 1 100 0.75 5 853 327 325 67 297 1298 562 65
9 70 1 1 100 0.75 5 854 327 323 62 298 1302 566 64
9 70 1 1 100 0.75 5 855 327 319 68 292 1310 574 57
9 70 1 1 100 0.75 5 856 327 323 63 290 1314 578 56
9 70 1 1 100 0.75 5 857 327 322 58 288 1319 583 54
9 70 1 1 100 0.75 5 858 327 324 71 288 1321 586 54
9 70 1 1 100 0.75 5 859 327 326 54 296 1322 587 55
9 70 1 1 100 0.75 5 860 327 326 72 297 1323 588 56
9 70 1 1 100 0.75 5 861 327 324 60 298 1326 591 56
9 70 1 1 100 0.75 5 862 327 324 56 296 1329 594 55
9 70 1 1 100 0.75 5 863 327 319 53 294 1337 602 48
9 70 1 1 100 0.75 5 864 327 326 48 301 1338 603 49
9 70 1 1 100 0.75 5 865 327 327 53 305 1338 603 53
9 70 1 1 100 0.75 5 866 327 324 66 307 1341 606 56
9 70 1 1 100 0.75 5 867 327 326 47 307 1341 607 56
9 70 1 1 100 0.75 5 868 327 322 61 303 1346 612 55
9 70 1 1 100 0.75 5 869 327 322 53 298 1351 617 51
9 70 1 1 100 0.75 5 870 327 320 56 297 1358 624 49
9 70 1 1 100 0.75 5 870 327 320 320 297 1407 624 49
9 70 1 1 100 0.75 5 900 327 320 320 297 761 624 49
9 70 1 1 100 0.75 6 901 0 9 9 0 761 0 0
9 70 1 1 100 0.75 6 902 0 18 18 0 761 0 0
9 70 1 1 100 0.75 6 903 0 27 26 0 761 0 0
9 70 1 1 100 0.75 6 904 0 36 36 0 761 0 0
9 70 1 1 100 0.75 6 905 0 45 43 0 761 0 0
9 70 1 1 100 0.75 6 906 0 54 47 0 761 0 0
9 70 1 1 100 0.75 6 907 1 63 55 0 761 0 0
9 70 1 1 100 0.75 6 908 12 72 42 1 761 0 0
9 70 1 1 100 0.75 6 909 22 81 44 12 761 0 0
9 70 1 1 100 0.75 6 910 28 90 44 22 761 0 0
9 70 1 1 100 0.75 6 911 39 99 41 28 761 0 0
9 70 1 1 100 0.75 6 912 47 108 31 39 760 0 0
9 70 1 1 100 0.75 6 913 61 117 36 47 760 0 0
9 70 1 1 100 0.75 6 914 68 126 34 61 760 0 0
9 70 1 1 100 0.75 6 915 76 135 40 68 759 0 5
9 70 1 1 100 0.75 6 916 86 144 42 76 759 0 13
9 70 1 1 100 0.75 6 917 93 153 42 86 759 0 18
9 70 1 1 100 0.75 6 918 103 162 44 93 759 0 26
9 70 1 1 100 0.75 6 919 111 171 56 103 759 0 34
9 70 1 1 100 0.75 6 920 120 180 71 111 758 0 42
9 70 1 1 100 0.75 6 921 129 189 61 120 758 0 51
9 70 1 1 100 0.75 6 922 138 198 62 129 758 0 58
9 70 1 1 100 0.75 6 923 148 207 72 138 758 0 65
9 70 1 1 100 0.75 6 924 157 216 75 148 757 0 73
9 70 1 1 100 0.75 6 925 164 225 89 157 757 0 80
9 70 1 1 100 0.75 6 926 176 234 74 164 757 0 87
9 70 1 1 100 0.75 6 927 180 243 90 176 757 0 94
9 70 1 1 100 0.75 6 928 193 252 101 180 757 0 101
9 70 1 1 100 0.75 6 929 202 261 96 193 757 0 110
9 70 1 1 100 0.75 6 930 212 268 100 200 759 2 115
9 70 1 1 100 0.75 6 931 219 275 111 208 760 4 120
9 70 1 1 100 0.75 6 932 229 282 109 213 762 6 123
9 70 1 1 100 0.75 6 933 234 287 125 219 766 10 127
9 70 1 1 100 0.75 6 934 247 290 105 218 772 16 128
9 70 1 1 100 0.75 6 935 256 295 119 227 776 20 128
9 70 1 1 100 0.75 6 936 265 292 109 224 788 32 123
9 70 1 1 100 0.75 6 937 274 293 117 225 796 40 121
9 70 1 1 100 0.75 6 938 282 294 118 226 803 48 117
9 70 1 1 100 0.75 6 939 292 297 113 228 809 54 118
9 70 1 1 100 0.75 6 940 303 301 112 233 814 59 118
9 70 1 1 100 0.75 6 941 305 301 105 237 823 68 115
9 70 1 1 100 0.75 6 942 314 304 112 234 829 74 117
9 70 1 1 100 0.75 6 943 317 303 113 237 839 84 114
9 70 1 1 100 0.75 6 944 322 307 113 239 844 89 115
9 70 1 1 100 0.75 6 945 322 310 114 243 850 95 116
9 70 1 1 100 0.75 6 946 325 309 122 240 860 105 113
9 70 1 1 100 0.75 6 947 325 311 108 243 867 112 119
9 70 1 1 100 0.75 6 948 327 313 116 241 874 119 115
9 70 1 1 100 0.75 6 949 327 314 109 244 882 127 112
9 70 1 1 100 0.75 6 950 327 314 117 245 891 136 110
9 70 1 1 100 0.75 6 951 327 317 105 246 897 142 113
9 70 1 1 100 0.75 6 952 327 321 111 252 902 147 114
9 70 1 1 100 0.75 6 953 327 324 109 259 905 150 118
9 70 1 1 100 0.75 6 954 327 318 97 259 914 159 116
9 70 1 1 100 0.75 6 955 327 320 100 262 921 166 113
9 70 1 1 100 0.75 6 956 327 324 107 268 924 169 120
9 70 1 1 100 0.75 6 957 327 323 101 274 926 173 123
9 70 1 1 100 0.75 6 958 327 317 100 273 936 183 122
9 70 1 1 100 0.75 6 959 327 320 97 273 942 189 120
9 70 1 1 100 0.75 6 960 327 325 100 279 943 191 124
9 70 1 1 100 0.75 6 961 327 319 101 276 951 199 125
9 70 1 1 100 0.75 6 962 327 316 103 272 962 210 118
9 70 1 1 100 0.75 6 963 327 317 104 271 970 218 118
9 70 1 1 100 0.75 6 964 327 321 109 271 975 223 119
9 70 1 1 100 0.75 6 965 327 319 100 268 983 231 118
9 70 1 1 100 0.75 6 966 327 322 96 268 988 236 118
9 70 1 1 100 0.75 6 967 327 322 96 269 993 241 117
9 70 1 1 100 0.75 6 968 327 325 111 273 995 243 119
9 70 1 1 100 0.75 6 969 327 320 102 272 1001 250 116
9 70 1 1 100 0.75 6 970 327 312 98 265 1015 265 108
9 70 1 1 100 0.75 6 971 327 315 93 266 1020 271 103
9 70 1 1 100 0.75 6 972 327 316 83 266 1028 279 100
9 70 1 1 100 0.75 6 973 327 321 85 270 1032 283 99
9 70 1 1 100 0.75 6 974 327 321 97 272 1038 289 97
9 70 1 1 100 0.75 6 975 327 319 100 269 1046 297 95
9 70 1 1 100 0.75 6 976 327 315 97 261 1058 309 87
9 70 1 1 100 0.75 6 977 327 320 91 261 1062 313 88
9 70 1 1 100 0.75 6 978 327 319 99 260 1070 321 87
9 70 1 1 100 0.75 6 979 327 321 82 264 1076 327 85
9 70 1 1 100 0.75 6 980 327 324 89 268 1079 330 90
9 70 1 1 100 0.75 6 981 327 324 81 272 1082 333 90
9 70 1 1 100 0.75 6 982 327 316 88 268 1093 344 84
9 70 1 1 100 0.75 6 983 327 323 80 272 1095 346 85
9 70 1 1 100 0.75 6 984 327 320 80 275 1102 353 86
9 70 1 1 100 0.75 6 985 327 319 83 274 1110 361 82
9 70 1 1 100 0.75 6 986 327 324 78 281 1113 364 84
9 70 1 1 100 0.75 6 987 327 322 86 283 1118 369 87
9 70 1 1 100 0.75 6 988 327 323 90 283 1122 373 86
9 70 1 1 100 0.75 6 989 327 325 86 284 1124 375 88
9 70 1 1 100 0.75 6 990 327 319 65 281 1132 383 88
9 70 1 1 100 0.75 6 991 327 325 88 284 1134 385 91
9 70 1 1 100 0.75 6 992 327 322 75 286 1139 390 95
9 70 1 1 100 0.75 6 993 327 322 82 289 1144 395 95
9 70 1 1 100 0.75 6 994 327 321 88 289 1150 401 92
9 70 1 1 100 0.75 6 995 327 323 73 288 1154 405 90
9 70 1 1 100 0.75 6 996 327 323 76 288 1158 409 90
9 70 1 1 100 0.75 6 997 327 319 68 283 1166 417 87
9 70 1 1 100 0.75 6 998 327 319 75 281 1174 425 84
9 70 1 1 100 0.75 6 999 327 323 81 280 1178 429 85
9 70 1 1 100 0.75 6 1000 327 324 74 282 1181 432 88
9 70 1 1 100 0.75 6 1001 327 322 84 282 1185 437 88
9 70 1 1 100 0.75 6 1002 327 321 78 282 1190 443 83
9 70 1 1 100 0.75 6 1003 327 324 70 282 1193 446 81
9 70 1 1 100 0.75 6 1004 327 323 76 284 1197 450 80
9 70 1 1 100 0.75 6 1005 327 320 70 284 1203 457 80
9 70 1 1 100 0.75 6 1006 327 317 57 284 1212 467 70
9 70 1 1 100 0.75 6 1007 327 323 66 286 1214 470 71
9 70 1 1 100 0.75 6 1008 327 322 69 284 1219 475 72
9 70 1 1 100 0.75 6 1009 327 322 68 279 1224 480 73
9 70 1 1 100 0.75 6 1010 327 323 73 283 1228 484 71
9 70 1 1 100 0.75 6 1011 327 318 63 278 1237 493 66
9 70 1 1 100 0.75 6 1012 327 324 68 279 1239 496 66
9 70 1 1 100 0.75 6 1013 327 324 70 281 1242 499 69
9 70 1 1 100 0.75 6 1014 327 324 74 286 1244 502 68
9 70 1 1 100 0.75 6 1015 327 325 65 292 1246 504 67
9 70 1 1 100 0.75 6 1016 327 322 72 291 1250 509 66
9 70 1 1 100 0.75 6 1017 327 323 55 292 1254 513 64
9 70 1 1 100 0.75 6 1018 327 323 63 292 1257 517 65
9 70 1 1 100 0.75 6 1019 327 321 54 294 1263 523 60
9 70 1 1 100 0.75 6 1020 327 322 74 292 1268 528 61
9 70 1 1 100 0.75 6 1021 327 325 57 294 1270 530 68
9 70 1 1 100 0.75 6 1022 327 325 77 296 1272 532 68
9 70 1 1 100 0.75 6 1023 327 325 57 295 1274 534 68
9 70 1 1 100 0.75 6 1024 327 322 62 293 1279 539 68
9 70 1 1 100 0.75 6 1025 327 325 67 298 1281 541 71
9 70 1 1 100 0.75 6 1026 327 322 66 296 1286 546 69
9 70 1 1 100 0.75 6 1027 327 324 56 297 1288 549 69
9 70 1 1 100 0.75 6 1028 327 319 67 295 1296 557 64
9 70 1 1 100 0.75 6 1029 327 324 66 295 1297 560 62
9 70 1 1 100 0.75 6 1030 327 324 65 295 1300 563 61
9 70 1 1 100 0.75 6 1031 327 325 77 295 1302 565 61
9 70 1 1 100 0.75 6 1032 327 321 65 292 1308 571 58
9 70 1 1 100 0.75 6 1033 327 324 59 293 1311 574 58
9 70 1 1 100 0.75 6 1034 327 324 60 293 1313 577 58
9 70 1 1 100 0.75 6 1035 327 324 65 295 1316 580 59
9 70 1 1 100 0.75 6 1036 327 324 59 297 1318 583 59
9 70 1 1 100 0.75 6 1037 327 325 52 300 1320 585 59
9 70 1 1 100 0.75 6 1038 327 320 54 297 1327 592 54
9 70 1 1 100 0.75 6 1039 327 322 60 294 1332 597 52
9 70 1 1 100 0.75 6 1040 327 319 51 291 1340 605 48
9 70 1 1 100 0.75 6 1041 327 322 60 291 1344 610 46
9 70 1 1 100 0.75 6 1042 327 326 63 292 1345 611 49
9 70 1 1 100 0.75 6 1043 327 326 60 295 1344 612 49
9 70 1 1 100 0.75 6 1044 327 325 61 294 1346 614 51
9 70 1 1 100 0.75 6 1045 327 322 55 292 1351 619 49
9 70 1 1 100 0.75 6 1046 327 324 49 293 1354 622 46
9 70 1 1 100 0.75 6 1047 327 324 53 298 1357 625 47
9 70 1 1 100 0.75 6 1048 327 327 48 303 1357 625 52
9 70 1 1 100 0.75 6 1049 327 324 50 306 1360 628 51
9 70 1 1 100 0.75 6 1050 327 326 52 308 1361 629 52
9 70 1 1 100 0.75 6 1050 327 326 326 308 1413 629 52
9 70 1 1 100 0.75 6 1080 327 326 326 308 762 629 52
9 70 1 1 100 0.75 7 1081 0 9 9 0 762 0 0
9 70 1 1 100 0.75 7 1082 0 18 18 0 762 0 0
9 70 1 1 100 0.75 7 1083 0 27 26 0 762 0 0
9 70 1 1 100 0.75 7 1084 0 36 36 0 762 0 0
9 70 1 1 100 0.75 7 1085 0 45 42 0 762 0 0
9 70 1 1 100 0.75 7 1086 0 54 51 0 762 0 0
9 70 1 1 100 0.75 7 1087 0 63 51 0 762 0 0
9 70 1 1 100 0.75 7 1088 9 72 48 0 762 0 0
9 70 1 1 100 0.75 7 1089 20 81 39 9 762 0 0
9 70 1 1 100 0.75 7 1090 26 90 41 20 762 0 0
9 70 1 1 100 0.75 7 1091 39 99 41 26 762 0 0
9 70 1 1 100 0.75 7 1092 49 108 37 39 762 0 0
9 70 1 1 100 0.75 7 1093 57 117 32 49 762 0 0
9 70 1 1 100 0.75 7 1094 69 126 34 57 762 0 0
9 70 1 1 100 0.75 7 1095 75 135 40 69 761 0 4
9 70 1 1 100 0.75 7 1096 85 144 37 75 759 0 14
9 70 1 1 100 0.75 7 1097 96 153 42 85 759 0 18
9 70 1 1 100 0.75 7 1098 105 162 40 96 758 0 25
9 70 1 1 100 0.75 7 1099 113 171 56 105 757 0 39
9 70 1 1 100 0.75 7 1100 119 180 54 113 757 0 46
9 70 1 1 100 0.75 7 1101 130 189 69 119 757 0 54
9 70 1 1 100 0.75 7 1102 136 198 68 130 757 0 60
9 70 1 1 100 0.75 7 1103 147 207 70 136 757 0 67
9 70 1 1 100 0.75 7 1104 155 216 84 147 757 0 75
9 70 1 1 100 0.75 7 1105 164 225 82 155 757 0 80
9 70 1 1 100 0.75 7 1106 171 234 89 164 757 0 88
9 70 1 1 100 0.75 7 1107 187 243 89 171 757 0 93
9 70 1 1 100 0.75 7 1108 193 252 100 187 755 0 100
9 70 1 1 100 0.75 7 1109 204 261 102 193 755 0 106
9 70 1 1 100 0.75 7 1110 212 269 102 203 756 1 115
9 70 1 1 100 0.75 7 1111 220 276 100 209 758 3 118
9 70 1 1 100 0.75 7 1112 229 281 105 213 761 7 118
9 70 1 1 100 0.75 7 1113 235 287 116 219 764 10 125
9 70 1 1 100 0.75 7 1114 248 294 96 223 766 12 131
9 70 1 1 100 0.75 7 1115 257 294 119 227 775 21 133
9 70 1 1 100 0.75 7 1116 263 294 118 227 784 30 130
9 70 1 1 100 0.75 7 1117 273 297 120 227 790 36 131
9 70 1 1 100 0.75 7 1118 282 296 110 227 800 46 124
9 70 1 1 100 0.75 7 1119 291 295 117 226 809 56 123
9 70 1 1 100 0.75 7 1120 298 298 101 229 815 62 122
9 70 1 1 100 0.75 7 1121 306 300 115 231 822 69 123
9 70 1 1 100 0.75 7 1122 312 303 107 236 828 75 125
9 70 1 1 100 0.75 7 1123 317 307 105 240 833 80 127
9 70 1 1 100 0.75 7 1124 319 305 104 238 842 91 124
9 70 1 1 100 0.75 7 1125 322 309 112 240 847 96 125
9 70 1 1 100 0.75 7 1126 324 309 100 240 856 105 124
9 70 1 1 100 0.75 7 1127 325 312 100 244 862 111 125
9 70 1 1 100 0.75 7 1128 326 319 118 252 864 113 131
9 70 1 1 100 0.75 7 1129 326 320 103 254 871 120 133
9 70 1 1 100 0.75 7 1130 326 314 114 249 884 133 128
9 70 1 1 100 0.75 7 1131 326 314 118 248 893 142 123
9 70 1 1 100 0.75 7 1132 327 316 110 252 900 149 126
9 70 1 1 100 0.75 7 1133 327 314 97 248 911 160 120
9 70 1 1 100 0.75 7 1134 327 317 105 253 917 166 122
9 70 1 1 100 0.75 7 1135 327 321 95 254 922 171 122
9 70 1 1 100 0.75 7 1136 327 319 106 253 929 179 119
9 70 1 1 100 0.75 7 1137 327 323 104 259 933 183 120
9 70 1 1 100 0.75 7 1138 327 321 104 263 939 189 121
9 70 1 1 100 0.75 7 1139 327 315 89 259 951 201 115
9 70 1 1 100 0.75 7 1140 327 318 104 262 957 207 112
9 70 1 1 100 0.75 7 1141 327 320 99 264 964 214 111
9 70 1 1 100 0.75 7 1142 327 316 99 263 974 225 102
9 70 1 1 100 0.75 7 1143 327 321 89 266 978 229 107
9 70 1 1 100 0.75 7 1144 327 322 99 268 982 234 110
9 70 1 1 100 0.75 7 1145 327 321 82 267 988 240 109
9 70 1 1 100 0.75 7 1146 327 320 87 267 995 247 107
9 70 1 1 100 0.75 7 1147 327 316 94 264 1006 258 103
9 70 1 1 100 0.75 7 1148 327 321 93 267 1010 262 105
9 70 1 1 100 0.75 7 1149 327 317 97 266 1019 272 102
9 70 1 1 100 0.75 7 1150 327 322 94 268 1023 276 104
9 70 1 1 100 0.75 7 1151 327 320 94 268 1029 283 100
9 70 1 1 100 0.75 7 1152 327 319 97 265 1036 291 96
9 70 1 1 100 0.75 7 1153 327 321 105 267 1042 297 97
9 70 1 1 100 0.75 7 1154 327 322 88 269 1047 302 95
9 70 1 1 100 0.75 7 1155 327 323 93 273 1051 306 96
9 70 1 1 100 0.75 7 1156 327 321 89 274 1057 312 96
9 70 1 1 100 0.75 7 1157 327 323 89 280 1060 316 99
9 70 1 1 100 0.75 7 1158 327 325 90 282 1062 318 100
9 70 1 1 100 0.75 7 1159 327 313 84 274 1075 332 91
9 70 1 1 100 0.75 7 1160 327 320 96 280 1077 334 93
9 70 1 1 100 0.75 7 1161 327 322 81 283 1082 339 93
9 70 1 1 100 0.75 7 1162 327 319 87 279 1090 347 90
9 70 1 1 100 0.75 7 1163 327 321 80 278 1096 353 90
9 70 1 1 100 0.75 7 1164 327 321 80 278 1102 359 90
9 70 1 1 100 0.75 7 1165 327 323 79 278 1106 363 90
9 70 1 1 100 0.75 7 1166 327 320 87 274 1113 370 88
9 70 1 1 100 0.75 7 1167 327 326 80 277 1114 371 96
9 70 1 1 100 0.75 7 1168 327 320 96 281 1120 378 94
9 70 1 1 100 0.75 7 1169 327 321 75 280 1126 384 90
9 70 1 1 100 0.75 7 1170 327 323 72 282 1130 388 92
9 70 1 1 100 0.75 7 1171 327 322 80 286 1135 393 92
9 70 1 1 100 0.75 7 1172 327 321 82 282 1141 399 89
9 70 1 1 100 0.75 7 1173 327 319 66 282 1148 407 83
9 70 1 1 100 0.75 7 1174 327 323 89 281 1152 411 84
9 70 1 1 100 0.75 7 1175 327 321 75 279 1158 417 87
9 70 1 1 100 0.75 7 1176 327 323 87 280 1162 421 89
9 70 1 1 100 0.75 7 1177 327 324 76 284 1165 424 90
9 70 1 1 100 0.75 7 1178 327 322 82 285 1170 429 88
9 70 1 1 100 0.75 7 1179 327 320 74 281 1177 436 85
9 70 1 1 100 0.75 7 1180 327 324 84 285 1180 439 85
9 70 1 1 100 0.75 7 1181 327 318 75 284 1189 448 79
9 70 1 1 100 0.75 7 1182 327 320 85 280 1196 455 74
9 70 1 1 100 0.75 7 1183 327 323 74 280 1200 459 76
9 70 1 1 100 0.75 7 1184 327 324 83 282 1203 462 76
9 70 1 1 100 0.75 7 1185 327 323 77 283 1207 466 73
9 70 1 1 100 0.75 7 1186 327 323 86 282 1211 470 74
9 70 1 1 100 0.75 7 1187 327 322 80 283 1216 475 75
9 70 1 1 100 0.75 7 1188 327 320 68 282 1223 482 69
9 70 1 1 100 0.75 7 1189 327 322 94 282 1228 487 66
9 70 1 1 100 0.75 7 1190 327 325 70 288 1229 489 67
9 70 1 1 100 0.75 7 1191 327 323 78 291 1233 493 69
9 70 1 1 100 0.75 7 1192 327 323 67 291 1237 497 66
9 70 1 1 100 0.75 7 1193 327 318 68 286 1245 506 61
9 70 1 1 100 0.75 7 1194 327 325 74 287 1247 508 66
9 70 1 1 100 0.75 7 1195 327 320 67 284 1254 515 63
9 70 1 1 100 0.75 7 1196 327 322 56 285 1259 520 63
9 70 1 1 100 0.75 7 1197 327 321 70 287 1264 526 63
9 70 1 1 100 0.75 7 1198 327 323 76 286 1266 530 64
9 70 1 1 100 0.75 7 1199 327 326 61 285 1267 531 66
9 70 1 1 100 0.75 7 1200 327 325 74 290 1269 533 67
9 70 1 1 100 0.75 7 1201 327 325 62 295 1271 535 67
9 70 1 1 100 0.75 7 1202 327 323 62 293 1275 539 68
9 70 1 1 100 0.75 7 1203 327 325 61 300 1277 541 72
9 70 1 1 100 0.75 7 1204 327 326 78 302 1278 542 76
9 70 1 1 100 0.75 7 1205 327 321 69 303 1284 548 71
9 70 1 1 100 0.75 7 1206 327 323 66 304 1288 552 69
9 70 1 1 100 0.75 7 1207 327 323 70 302 1291 556 72
9 70 1 1 100 0.75 7 1208 327 322 59 298 1296 561 67
9 70 1 1 100 0.75 7 1209 327 326 75 298 1297 562 70
9 70 1 1 100 0.75 7 1210 327 323 84 299 1301 566 72
9 70 1 1 100 0.75 7 1211 327 321 71 295 1307 572 69
9 70 1 1 100 0.75 7 1212 327 324 81 293 1310 575 70
9 70 1 1 100 0.75 7 1213 327 325 69 296 1311 577 71
9 70 1 1 100 0.75 7 1214 327 317 72 291 1321 587 63
9 70 1 1 100 0.75 7 1215 327 322 67 289 1325 591 61
9 70 1 1 100 0.75 7 1216 327 325 67 292 1327 593 61
9 70 1 1 100 0.75 7 1217 327 321 64 289 1333 599 58
9 70 1 1 100 0.75 7 1218 327 325 70 289 1335 601 56
9 70 1 1 100 0.75 7 1219 327 325 53 293 1337 603 57
9 70 1 1 100 0.75 7 1220 327 322 60 292 1342 608 58
9 70 1 1 100 0.75 7 1221 327 324 68 291 1345 611 57
9 70 1 1 100 0.75 7 1222 327 323 49 296 1349 615 56
9 70 1 1 100 0.75 7 1223 327 324 58 298 1352 618 55
9 70 1 1 100 0.75 7 1224 327 321 60 294 1358 624 52
9 70 1 1 100 0.75 7 1225 327 325 64 297 1360 626 52
9 70 1 1 100 0.75 7 1226 327 321 58 295 1366 632 51
9 70 1 1 100 0.75 7 1227 327 324 59 294 1368 635 50
9 70 1 1 100 0.75 7 1228 327 322 61 293 1373 640 49
9 70 1 1 100 0.75 7 1229 327 325 51 293 1375 642 50
9 70 1 1 100 0.75 7 1230 327 325 59 296 1377 644 52
9 70 1 1 100 0.75 7 1230 327 325 325 296 1429 644 52
9 70 1 1 100 0.75 7 1260 327 325 325 296 762 644 52
9 70 1 1 100 0.75 8 1261 0 9 9 0 762 0 0
9 70 1 1 100 0.75 8 1262 0 18 18 0 762 0 0
9 70 1 1 100 0.75 8 1263 0 27 27 0 762 0 0
9 70 1 1 100 0.75 8 1264 0 36 36 0 762 0 0
9 70 1 1 100 0.75 8 1265 0 45 42 0 762 0 0
9 70 1 1 100 0.75 8 1266 0 54 49 0 762 0 0
9 70 1 1 100 0.75 8 1267 2 63 53 0 762 0 0
9 70 1 1 100 0.75 8 1268 8 72 53 2 762 0 0
9 70 1 1 100 0.75 8 1269 15 81 53 8 762 0 0
9 70 1 1 100 0.75 8 1270 26 90 51 15 762 0 0
9 70 1 1 100 0.75 8 1271 38 99 44 26 762 0 0
9 70 1 1 100 0.75 8 1272 48 108 36 38 762 0 0
9 70 1 1 100 0.75 8 1273 56 117 34 48 762 0 0
9 70 1 1 100 0.75 8 1274 65 126 32 56 761 0 0
9 70 1 1 100 0.75 8 1275 74 135 37 65 761 0 2
9 70 1 1 100 0.75 8 1276 87 144 41 74 761 0 5
9 70 1 1 100 0.75 8 1277 96 153 44 87 761 0 11
9 70 1 1 100 0.75 8 1278 104 162 57 96 761 0 20
9 70 1 1 100 0.75 8 1279 114 171 46 104 760 0 28
9 70 1 1 100 0.75 8 1280 119 180 60 114 760 0 39
9 70 1 1 100 0.75 8 1281 130 189 66 119 760 0 39
9 70 1 1 100 0.75 8 1282 138 198 69 130 760 0 48
9 70 1 1 100 0.75 8 1283 148 207 74 138 760 0 57
9 70 1 1 100 0.75 8 1284 156 216 86 148 760 0 67
9 70 1 1 100 0.75 8 1285 166 225 72 156 760 0 74
9 70 1 1 100 0.75 8 1286 174 234 82 166 760 0 80
9 70 1 1 100 0.75 8 1287 183 243 80 174 760 0 86
9 70 1 1 100 0.75 8 1288 190 252 85 183 760 0 94
9 70 1 1 100 0.75 8 1289 202 261 99 190 760 0 105
9 70 1 1 100 0.75 8 1290 211 270 110 202 760 0 110
9 70 1 1 100 0.75 8 1291 221 277 110 209 762 2 112
9 70 1 1 100 0.75 8 1292 229 284 101 217 764 4 117
9 70 1 1 100 0.75 8 1293 236 291 118 223 766 6 121
9 70 1 1 100 0.75 8 1294 246 291 119 221 774 15 120
9 70 1 1 100 0.75 8 1295 252 290 109 221 783 25 116
9 70 1 1 100 0.75 8 1296 267 293 108 221 789 31 112
9 70 1 1 100 0.75 8 1297 274 296 130 230 795 37 118
9 70 1 1 100 0.75 8 1298 283 302 105 234 797 40 119
9 70 1 1 100 0.75 8 1299 290 303 134 236 805 48 115
9 70 1 1 100 0.75 8 1300 299 308 105 239 809 52 117
9 70 1 1 100 0.75 8 1301 306 307 123 239 819 62 115
9 70 1 1 100 0.75 8 1302 310 305 108 236 830 73 111
9 70 1 1 100 0.75 8 1303 316 306 110 237 838 81 112
9 70 1 1 100 0.75 8 1304 321 309 116 240 844 87 112
9 70 1 1 100 0.75 8 1305 323 315 100 249 847 90 115
9 70 1 1 100 0.75 8 1306 324 314 102 245 857 100 110
9 70 1 1 100 0.75 8 1307 327 316 113 250 863 107 112
9 70 1 1 100 0.75 8 1308 327 318 118 252 870 114 112
9 70 1 1 100 0.75 8 1309 327 318 109 252 879 123 109
9 70 1 1 100 0.75 8 1310 327 324 110 258 881 126 111
9 70 1 1 100 0.75 8 1311 327 325 132 263 883 128 120
9 70 1 1 100 0.75 8 1312 327 318 100 261 892 137 119
9 70 1 1 100 0.75 8 1313 327 315 125 257 904 149 116
9 70 1 1 100 0.75 8 1314 327 321 96 265 907 152 118
9 70 1 1 100 0.75 8 1315 327 323 104 269 910 156 123
9 70 1 1 100 0.75 8 1316 327 320 95 275 917 163 118
9 70 1 1 100 0.75 8 1317 327 317 101 274 927 173 117
9 70 1 1 100 0.75 8 1318 327 323 94 274 930 176 116
9 70 1 1 100 0.75 8 1319 327 321 105 271 936 182 118
9 70 1 1 100 0.75 8 1320 327 319 106 270 944 190 121
9 70 1 1 100 0.75 8 1321 327 318 96 267 953 199 116
9 70 1 1 100 0.75 8 1322 327 321 103 270 959 205 117
9 70 1 1 100 0.75 8 1323 327 320 103 268 965 212 117
9 70 1 1 100 0.75 8 1324 327 324 91 272 968 215 119
9 70 1 1 100 0.75 8 1325 327 322 100 275 973 220 116
9 70 1 1 100 0.75 8 1326 327 318 96 273 982 229 112
9 70 1 1 100 0.75 8 1327 327 322 90 274 987 234 111
9 70 1 1 100 0.75 8 1328 327 314 93 265 999 247 100
9 70 1 1 100 0.75 8 1329 327 317 70 271 1005 253 103
9 70 1 1 100 0.75 8 1330 327 319 91 270 1012 260 97
9 70 1 1 100 0.75 8 1331 327 323 91 270 1016 264 98
9 70 1 1 100 0.75 8 1332 327 318 97 268 1025 273 97
9 70 1 1 100 0.75 8 1333 327 322 101 265 1030 278 94
9 70 1 1 100 0.75 8 1334 327 319 82 264 1038 286 92
9 70 1 1 100 0.75 8 1335 327 318 86 263 1047 295 91
9 70 1 1 100 0.75 8 1336 327 322 90 265 1052 300 90
9 70 1 1 100 0.75 8 1337 327 320 77 268 1059 307 85
9 70 1 1 100 0.75 8 1338 327 323 88 271 1062 311 85
9 70 1 1 100 0.75 8 1339 327 321 85 273 1068 317 85
9 70 1 1 100 0.75 8 1340 327 322 86 276 1072 322 83
9 70 1 1 100 0.75 8 1341 327 324 81 277 1075 325 87
9 70 1 1 100 0.75 8 1342 327 320 77 275 1082 332 83
9 70 1 1 100 0.75 8 1343 327 320 82 277 1089 339 83
9 70 1 1 100 0.75 8 1344 327 322 79 280 1094 344 83
9 70 1 1 100 0.75 8 1345 327 322 90 282 1098 349 84
9 70 1 1 100 0.75 8 1346 327 327 89 285 1098 349 90
9 70 1 1 100 0.75 8 1347 327 320 95 286 1105 356 87
9 70 1 1 100 0.75 8 1348 327 325 69 288 1107 358 87
9 70 1 1 100 0.75 8 1349 327 322 75 289 1112 363 88
9 70 1 1 100 0.75 8 1350 327 320 68 285 1118 370 88
9 70 1 1 100 0.75 8 1351 327 324 74 291 1121 373 87
9 70 1 1 100 0.75 8 1352 327 321 76 290 1127 379 85
9 70 1 1 100 0.75 8 1353 327 319 72 287 1135 387 81
9 70 1 1 100 0.75 8 1354 327 324 83 286 1136 390 83
9 70 1 1 100 0.75 8 1355 327 323 76 285 1140 394 80
9 70 1 1 100 0.75 8 1356 327 325 84 288 1142 396 84
9 70 1 1 100 0.75 8 1357 327 321 74 285 1148 402 82
9 70 1 1 100 0.75 8 1358 327 321 84 286 1154 408 80
9 70 1 1 100 0.75 8 1359 327 322 73 284 1159 413 80
9 70 1 1 100 0.75 8 1360 327 324 80 286 1162 416 80
9 70 1 1 100 0.75 8 1361 327 323 75 293 1166 420 76
9 70 1 1 100 0.75 8 1362 327 321 77 289 1172 426 73
9 70 1 1 100 0.75 8 1363 327 323 72 289 1176 430 73
9 70 1 1 100 0.75 8 1364 327 320 67 285 1183 437 69
9 70 1 1 100 0.75 8 1365 327 319 77 281 1191 445 65
9 70 1 1 100 0.75 8 1366 327 322 78 281 1196 450 64
9 70 1 1 100 0.75 8 1367 327 322 76 282 1201 455 65
9 70 1 1 100 0.75 8 1368 327 323 68 284 1205 459 65
9 70 1 1 100 0.75 8 1369 327 323 73 281 1209 463 62
9 70 1 1 100 0.75 8 1370 327 322 70 282 1214 468 59
9 70 1 1 100 0.75 8 1371 327 323 75 283 1218 472 59
9 70 1 1 100 0.75 8 1372 327 323 64 284 1222 476 56
9 70 1 1 100 0.75 8 1373 327 325 76 291 1224 478 57
9 70 1 1 100 0.75 8 1374 327 322 62 293 1229 483 58
9 70 1 1 100 0.75 8 1375 327 324 70 292 1232 486 58
9 70 1 1 100 0.75 8 1376 327 321 71 291 1238 492 54
9 70 1 1 100 0.75 8 1377 327 323 81 292 1242 496 54
9 70 1 1 100 0.75 8 1378 327 323 67 294 1246 500 52
9 70 1 1 100 0.75 8 1379 327 324 72 295 1249 503 59
9 70 1 1 100 0.75 8 1380 327 326 65 298 1250 504 64
9 70 1 1 100 0.75 8 1381 327 326 76 298 1251 505 64
9 70 1 1 100 0.75 8 1382 327 324 53 299 1254 508 64
9 70 1 1 100 0.75 8 1383 327 322 72 298 1259 513 64
9 70 1 1 100 0.75 8 1384 327 323 63 299 1263 517 61
9 70 1 1 100 0.75 8 1385 327 325 68 303 1264 519 66
9 70 1 1 100 0.75 8 1386 327 323 67 302 1268 523 66
9 70 1 1 100 0.75 8 1387 327 325 64 303 1270 525 65
9 70 1 1 100 0.75 8 1388 327 320 66 298 1277 532 59
9 70 1 1 100 0.75 8 1389 327 326 73 298 1278 533 61
9 70 1 1 100 0.75 8 1390 327 321 73 294 1284 539 60
9 70 1 1 100 0.75 8 1391 327 327 70 298 1284 539 63
9 70 1 1 100 0.75 8 1392 327 325 66 299 1286 541 63
9 70 1 1 100 0.75 8 1393 327 323 76 300 1290 545 60
9 70 1 1 100 0.75 8 1394 327 325 62 300 1292 547 59
9 70 1 1 100 0.75 8 1395 327 322 71 298 1297 552 55
9 70 1 1 100 0.75 8 1396 327 324 67 300 1300 555 53
9 70 1 1 100 0.75 8 1397 327 320 62 298 1307 562 46
9 70 1 1 100 0.75 8 1398 327 322 57 296 1312 567 44
9 70 1 1 100 0.75 8 1399 327 321 45 293 1318 573 40
9 70 1 1 100 0.75 8 1400 327 326 64 294 1319 574 43
9 70 1 1 100 0.75 8 1401 327 322 64 290 1324 579 39
9 70 1 1 100 0.75 8 1402 327 323 63 290 1327 583 36
9 70 1 1 100 0.75 8 1403 327 325 64 290 1329 585 41
9 70 1 1 100 0.75 8 1404 327 325 69 292 1331 587 43
9 70 1 1 100 0.75 8 1405 327 324 62 297 1334 590 40
9 70 1 1 100 0.75 8 1406 327 323 58 298 1337 594 39
9 70 1 1 100 0.75 8 1407 327 325 62 301 1339 596 38
9 70 1 1 100 0.75 8 1408 327 324 58 302 1341 599 38
9 70 1 1 100 0.75 8 1409 327 326 62 304 1342 600 41
9 70 1 1 100 0.75 8 1410 327 324 58 305 1344 603 39
9 70 1 1 100 0.75 8 1410 327 324 324 305 1382 603 39
9 70 1 1 100 0.75 8 1440 327 324 324 305 761 603 39
9 70 1 1 100 0.75 9 1441 0 9 9 0 761 0 0
9 70 1 1 100 0.75 9 1442 0 18 18 0 761 0 0
9 70 1 1 100 0.75 9 1443 0 27 27 0 761 0 0
9 70 1 1 100 0.75 9 1444 0 36 34 0 761 0 0
9 70 1 1 100 0.75 9 1445 0 45 41 0 761 0 0
9 70 1 1 100 0.75 9 1446 0 54 50 0 760 0 0
9 70 1 1 100 0.75 9 1447 1 63 56 0 760 0 0
9 70 1 1 100 0.75 9 1448 6 72 53 1 760 0 0
9 70 1 1 100 0.75 9 1449 21 81 41 6 760 0 0
9 70 1 1 100 0.75 9 1450 26 90 45 21 760 0 0
9 70 1 1 100 0.75 9 1451 41 99 38 26 760 0 0
9 70 1 1 100 0.75 9 1452 47 108 32 41 760 0 0
9 70 1 1 100 0.75 9 1453 56 117 34 47 760 0 0
9 70 1 1 100 0.75 9 1454 68 126 31 56 760 0 1
9 70 1 1 100 0.75 9 1455 75 135 33 68 760 0 2
9 70 1 1 100 0.75 9 1456 83 144 49 75 760 0 11
9 70 1 1 100 0.75 9 1457 94 153 51 83 760 0 18
9 70 1 1 100 0.75 9 1458 105 162 41 94 760 0 26
9 70 1 1 100 0.75 9 1459 111 171 56 105 760 0 35
9 70 1 1 100 0.75 9 1460 122 180 56 111 760 0 40
9 70 1 1 100 0.75 9 1461 128 189 67 122 759 0 50
9 70 1 1 100 0.75 9 1462 138 198 56 128 759 0 56
9 70 1 1 100 0.75 9 1463 147 207 86 138 759 0 60
9 70 1 1 100 0.75 9 1464 156 216 76 147 759 0 71
9 70 1 1 100 0.75 9 1465 166 225 84 156 759 0 78
9 70 1 1 100 0.75 9 1466 177 234 82 166 759 0 85
9 70 1 1 100 0.75 9 1467 183 243 84 177 759 0 89
9 70 1 1 100 0.75 9 1468 193 252 90 183 759 0 99
9 70 1 1 100 0.75 9 1469 204 261 95 193 759 0 101
9 70 1 1 100 0.75 9 1470 213 270 101 204 758 0 113
9 70 1 1 100 0.75 9 1471 219 278 105 212 759 1 116
9 70 1 1 100 0.75 9 1472 227 285 119 216 761 3 123
9 70 1 1 100 0.75 9 1473 238 288 108 218 767 9 122
9 70 1 1 100 0.75 9 1474 248 291 110 223 772 15 124
9 70 1 1 100 0.75 9 1475 256 293 117 226 779 22 127
9 70 1 1 100 0.75 9 1476 264 293 109 225 788 31 126
9 70 1 1 100 0.75 9 1477 271 294 110 225 796 39 127
9 70 1 1 100 0.75 9 1478 283 297 109 226 802 45 125
9 70 1 1 100 0.75 9 1479 292 300 118 232 808 51 124
9 70 1 1 100 0.75 9 1480 298 301 106 234 816 59 120
9 70 1 1 100 0.75 9 1481 304 302 107 233 824 67 121
9 70 1 1 100 0.75 9 1482 310 305 110 237 830 73 126
9 70 1 1 100 0.75 9 1483 313 305 99 236 839 82 123
9 70 1 1 100 0.75 9 1484 319 309 98 239 844 87 123
9 70 1 1 100 0.75 9 1485 320 308 102 242 854 97 120
9 70 1 1 100 0.75 9 1486 321 310 113 241 861 104 120
9 70 1 1 100 0.75 9 1487 322 316 111 246 863 107 124
9 70 1 1 100 0.75 9 1488 323 315 106 245 873 117 124
9 70 1 1 100 0.75 9 1489 325 319 107 252 878 122 123
9 70 1 1 100 0.75 9 1490 326 323 103 256 881 126 122
9 70 1 1 100 0.75 9 1491 327 317 102 256 891 136 123
9 70 1 1 100 0.75 9 1492 327 323 104 262 894 139 125
9 70 1 1 100 0.75 9 1493 327 317 110 259 903 149 125
9 70 1 1 100 0.75 9 1494 327 315 107 256 914 160 119
9 70 1 1 100 0.75 9 1495 327 316 98 257 922 168 114
9 70 1 1 100 0.75 9 1496 327 321 97 265 926 172 123
9 70 1 1 100 0.75 9 1497 327 320 104 265 933 179 123
9 70 1 1 100 0.75 9 1498 327 319 106 263 941 187 120
9 70 1 1 100 0.75 9 1499 327 322 97 266 946 192 122
9 70 1 1 100 0.75 9 1500 327 320 97 266 953 199 118
9 70 1 1 100 0.75 9 1501 327 318 94 262 961 208 116
9 70 1 1 100 0.75 9 1502 327 321 98 267 967 214 116
9 70 1 1 100 0.75 9 1503 327 320 80 269 974 221 118
9 70 1 1 100 0.75 9 1504 327 322 85 268 979 226 116
9 70 1 1 100 0.75 9 1505 327 322 106 273 984 231 119
9 70 1 1 100 0.75 9 1506 327 319 94 271 992 239 113
9 70 1 1 100 0.75 9 1507 327 320 83 271 999 246 110
9 70 1 1 100 0.75 9 1508 327 320 102 268 1006 253 106
9 70 1 1 100 0.75 9 1509 327 322 87 269 1011 258 111
9 70 1 1 100 0.75 9 1510 327 315 90 270 1022 270 105
9 70 1 1 100 0.75 9 1511 327 320 87 269 1026 274 108
9 70 1 1 100 0.75 9 1512 327 316 91 266 1037 285 101
9 70 1 1 100 0.75 9 1513 327 318 83 263 1044 292 100
9 70 1 1 100 0.75 9 1514 327 316 92 259 1055 303 90
9 70 1 1 100 0.75 9 1515 327 324 83 265 1056 304 93
9 70 1 1 100 0.75 9 1516 327 323 85 271 1060 308 94
9 70 1 1 100 0.75 9 1517 327 319 77 267 1068 316 97
9 70 1 1 100 0.75 9 1518 327 318 97 261 1077 325 93
9 70 1 1 100 0.75 9 1519 327 324 88 271 1080 328 95
9 70 1 1 100 0.75 9 1520 327 322 83 274 1085 333 93
9 70 1 1 100 0.75 9 1521 327 323 88 276 1089 337 94
9 70 1 1 100 0.75 9 1522 327 324 79 282 1092 340 96
9 70 1 1 100 0.75 9 1523 327 319 71 281 1100 348 93
9 70 1 1 100 0.75 9 1524 327 321 75 279 1105 354 88
9 70 1 1 100 0.75 9 1525 327 323 83 283 1109 358 93
9 70 1 1 100 0.75 9 1526 327 318 78 279 1118 367 88
9 70 1 1 100 0.75 9 1527 327 321 75 280 1123 373 88
9 70 1 1 100 0.75 9 1528 327 323 75 278 1127 377 92
9 70 1 1 100 0.75 9 1529 327 323 80 281 1131 381 93
9 70 1 1 100 0.75 9 1530 327 322 79 280 1135 386 92
9 70 1 1 100 0.75 9 1531 327 322 85 279 1139 391 90
9 70 1 1 100 0.75 9 1532 327 322 80 281 1144 396 91
9 70 1 1 100 0.75 9 1533 327 320 60 280 1151 403 89
9 70 1 1 100 0.75 9 1534 327 321 74 280 1157 409 85
9 70 1 1 100 0.75 9 1535 327 322 91 284 1162 414 85
9 70 1 1 100 0.75 9 1536 327 325 84 285 1164 416 86
9 70 1 1 100 0.75 9 1537 327 321 67 284 1170 422 81
9 70 1 1 100 0.75 9 1538 327 322 72 283 1175 427 80
9 70 1 1 100 0.75 9 1539 327 323 73 285 1179 431 79
9 70 1 1 100 0.75 9 1540 327 321 60 285 1185 437 79
9 70 1 1 100 0.75 9 1541 327 319 78 283 1193 445 77
9 70 1 1 100 0.75 9 1542 327 325 75 286 1195 447 78
9 70 1 1 100 0.75 9 1543 327 323 78 287 1199 451 78
9 70 1 1 100 0.75 9 1544 327 325 79 289 1201 453 79
9 70 1 1 100 0.75 9 1545 327 316 75 281 1212 464 70
9 70 1 1 100 0.75 9 1546 327 320 78 282 1217 469 72
9 70 1 1 100 0.75 9 1547 327 320 63 279 1224 476 68
9 70 1 1 100 0.75 9 1548 327 322 81 281 1229 481 65
9 70 1 1 100 0.75 9 1549 327 323 64 281 1233 485 62
9 70 1 1 100 0.75 9 1550 327 319 69 279 1241 493 60
9 70 1 1 100 0.75 9 1551 327 323 59 276 1244 497 56
9 70 1 1 100 0.75 9 1552 327 327 63 281 1244 497 59
9 70 1 1 100 0.75 9 1553 327 324 73 284 1246 500 62
9 70 1 1 100 0.75 9 1554 327 326 64 290 1247 501 63
9 70 1 1 100 0.75 9 1555 327 323 75 295 1251 505 64
9 70 1 1 100 0.75 9 1556 327 323 55 297 1255 509 67
9 70 1 1 100 0.75 9 1557 327 321 62 294 1261 515 63
9 70 1 1 100 0.75 9 1558 327 324 65 296 1263 518 63
9 70 1 1 100 0.75 9 1559 327 322 70 299 1267 523 63
9 70 1 1 100 0.75 9 1560 327 325 68 299 1269 525 65
9 70 1 1 100 0.75 9 1561 327 321 61 294 1275 531 66
9 70 1 1 100 0.75 9 1562 327 323 66 293 1279 535 67
9 70 1 1 100 0.75 9 1563 327 322 68 288 1283 540 66
9 70 1 1 100 0.75 9 1564 327 325 73 292 1285 542 67
9 70 1 1 100 0.75 9 1565 327 326 68 298 1285 543 71
9 70 1 1 100 0.75 9 1566 327 323 66 297 1289 547 72
9 70 1 1 100 0.75 9 1567 327 326 70 300 1290 548 71
9 70 1 1 100 0.75 9 1568 327 323 69 298 1293 552 69
9 70 1 1 100 0.75 9 1569 327 324 61 298 1295 555 67
9 70 1 1 100 0.75 9 1570 327 322 73 298 1300 560 64
9 70 1 1 100 0.75 9 1571 327 326 58 304 1300 561 67
9 70 1 1 100 0.75 9 1572 327 320 66 300 1307 568 65
9 70 1 1 100 0.75 9 1573 327 324 50 299 1310 571 65
9 70 1 1 100 0.75 9 1574 327 323 60 298 1314 575 65
9 70 1 1 100 0.75 9 1575 327 319 69 291 1322 583 57
9 70 1 1 100 0.75 9 1576 327 325 53 291 1324 585 58
9 70 1 1 100 0.75 9 1577 327 320 59 289 1331 592 57
9 70 1 1 100 0.75 9 1578 327 324 60 288 1334 595 57
9 70 1 1 100 0.75 9 1579 327 323 61 289 1338 599 56
9 70 1 1 100 0.75 9 1580 327 320 54 285 1345 606 50
9 70 1 1 100 0.75 9 1581 327 324 56 288 1348 609 48
9 70 1 1 100 0.75 9 1582 327 326 58 291 1349 610 47
9 70 1 1 100 0.75 9 1583 327 324 58 293 1352 613 46
9 70 1 1 100 0.75 9 1584 327 322 56 293 1357 618 42
9 70 1 1 100 0.75 9 1585 327 325 59 296 1359 620 44
9 70 1 1 100 0.75 9 1586 327 327 50 300 1358 620 45
9 70 1 1 100 0.75 9 1587 327 323 67 300 1362 624 45
9 70 1 1 100 0.75 9 1588 327 325 55 303 1364 626 46
9 70 1 1 100 0.75 9 1589 327 325 64 307 1366 628 48
9 70 1 1 100 0.75 9 1590 327 324 56 306 1369 631 50
9 70 1 1 100 0.75 9 1590 327 324 324 306 1419 631 50
9 70 1 1 100 0.75 9 1620 327 324 324 306 762 631 50
9 70 1 1 100 0.75 10 1621 0 9 9 0 762 0 0
9 70 1 1 100 0.75 10 1622 0 18 18 0 762 0 0
9 70 1 1 100 0.75 10 1623 0 27 27 0 762 0 0
9 70 1 1 100 0.75 10 1624 0 36 36 0 762 0 0
9 70 1 1 100 0.75 10 1625 0 45 44 0 762 0 0
9 70 1 1 100 0.75 10 1626 0 54 50 0 762 0 0
9 70 1 1 100 0.75 10 1627 2 63 51 0 762 0 0
9 70 1 1 100 0.75 10 1628 9 72 52 2 762 0 0
9 70 1 1 100 0.75 10 1629 15 81 44 9 762 0 0
9 70 1 1 100 0.75 10 1630 30 90 48 15 762 0 0
9 70 1 1 100 0.75 10 1631 37 99 36 30 761 0 0
9 70 1 1 100 0.75 10 1632 47 108 40 37 761 0 0
9 70 1 1 100 0.75 10 1633 56 117 36 47 761 0 0
9 70 1 1 100 0.75 10 1634 67 126 32 56 761 0 2
9 70 1 1 100 0.75 10 1635 76 135 35 67 761 0 3
9 70 1 1 100 0.75 10 1636 83 144 34 76 761 0 8
9 70 1 1 100 0.75 10 1637 94 153 44 83 761 0 17
9 70 1 1 100 0.75 10 1638 104 162 47 94 761 0 26
9 70 1 1 100 0.75 10 1639 112 171 56 104 761 0 32
9 70 1 1 100 0.75 10 1640 120 180 57 112 761 0 39
9 70 1 1 100 0.75 10 1641 130 189 57 120 761 0 42
9 70 1 1 100 0.75 10 1642 138 198 71 130 761 0 52
9 70 1 1 100 0.75 10 1643 148 207 68 138 761 0 54
9 70 1 1 100 0.75 10 1644 157 216 75 148 761 0 65
9 70 1 1 100 0.75 10 1645 166 225 89 157 761 0 71
9 70 1 1 100 0.75 10 1646 172 234 77 166 761 0 78
9 70 1 1 100 0.75 10 1647 184 243 82 172 761 0 84
9 70 1 1 100 0.75 10 1648 191 252 89 184 761 0 91
9 70 1 1 100 0.75 10 1649 202 260 115 190 762 1 96
9 70 1 1 100 0.75 10 1650 213 269 93 201 762 1 104
9 70 1 1 100 0.75 10 1651 220 278 105 212 762 1 107
9 70 1 1 100 0.75 10 1652 229 284 100 216 764 4 114
9 70 1 1 100 0.75 10 1653 238 288 113 220 769 9 113
9 70 1 1 100 0.75 10 1654 244 291 106 223 775 15 115
9 70 1 1 100 0.75 10 1655 257 292 112 221 781 23 114
9 70 1 1 100 0.75 10 1656 263 296 114 229 786 28 116
9 70 1 1 100 0.75 10 1657 271 296 112 226 795 37 111
9 70 1 1 100 0.75 10 1658 284 300 118 229 800 42 114
9 70 1 1 100 0.75 10 1659 290 303 121 236 806 48 110
9 70 1 1 100 0.75 10 1660 297 309 113 240 809 51 114
9 70 1 1 100 0.75 10 1661 303 313 108 244 814 56 116
9 70 1 1 100 0.75 10 1662 310 310 111 239 826 68 114
9 70 1 1 100 0.75 10 1663 314 313 113 245 832 74 110
9 70 1 1 100 0.75 10 1664 316 313 101 244 841 83 106
9 70 1 1 100 0.75 10 1665 322 316 94 248 847 89 109
9 70 1 1 100 0.75 10 1666 324 320 106 251 852 94 113
9 70 1 1 100 0.75 10 1667 324 323 100 257 856 98 116
9 70 1 1 100 0.75 10 1668 326 319 99 259 864 106 114
9 70 1 1 100 0.75 10 1669 326 321 106 260 870 112 118
9 70 1 1 100 0.75 10 1670 327 318 118 260 879 121 116
9 70 1 1 100 0.75 10 1671 327 320 108 263 886 128 116
9 70 1 1 100 0.75 10 1672 327 315 110 260 898 140 113
9 70 1 1 100 0.75 10 1673 327 319 98 260 903 145 113
9 70 1 1 100 0.75 10 1674 327 323 106 266 907 149 117
9 70 1 1 100 0.75 10 1675 327 323 113 271 911 153 119
9 70 1 1 100 0.75 10 1676 327 321 82 268 917 159 115
9 70 1 1 100 0.75 10 1677 327 319 111 269 925 167 115
9 70 1 1 100 0.75 10 1678 327 321 109 269 931 173 114
9 70 1 1 100 0.75 10 1679 327 322 103 272 936 178 115
9 70 1 1 100 0.75 10 1680 327 321 103 275 942 184 115
9 70 1 1 100 0.75 10 1681 327 322 100 278 947 189 112
9 70 1 1 100 0.75 10 1682 327 318 93 277 956 198 111
9 70 1 1 100 0.75 10 1683 327 323 109 276 960 202 113
9 70 1 1 100 0.75 10 1684 327 318 106 271 969 211 110
9 70 1 1 100 0.75 10 1685 327 321 110 275 975 217 109
9 70 1 1 100 0.75 10 1686 327 317 101 272 984 227 108
9 70 1 1 100 0.75 10 1687 327 322 103 272 988 231 108
9 70 1 1 100 0.75 10 1688 327 317 85 266 998 241 104
9 70 1 1 100 0.75 10 1689 327 318 93 264 1006 249 99
9 70 1 1 100 0.75 10 1690 327 321 97 264 1012 255 96
9 70 1 1 100 0.75 10 1691 327 322 91 265 1017 260 96
9 70 1 1 100 0.75 10 1692 327 317 87 265 1027 270 91
9 70 1 1 100 0.75 10 1693 327 318 92 262 1034 278 88
9 70 1 1 100 0.75 10 1694 327 323 89 265 1038 282 88
9 70 1 1 100 0.75 10 1695 327 324 82 272 1041 285 91
9 70 1 1 100 0.75 10 1696 327 323 77 273 1044 289 88
9 70 1 1 100 0.75 10 1697 327 320 83 275 1051 296 85
9 70 1 1 100 0.75 10 1698 327 322 83 278 1056 301 88
9 70 1 1 100 0.75 10 1699 327 323 86 280 1060 305 85
9 70 1 1 100 0.75 10 1700 327 322 81 281 1065 310 81
9 70 1 1 100 0.75 10 1701 327 323 77 286 1069 314 87
9 70 1 1 100 0.75 10 1702 327 321 85 287 1075 320 88
9 70 1 1 100 0.75 10 1703 327 318 76 282 1083 329 83
9 70 1 1 100 0.75 10 1704 327 324 84 282 1086 332 89
9 70 1 1 100 0.75 10 1705 327 321 81 283 1092 338 86
9 70 1 1 100 0.75 10 1706 327 322 97 281 1097 343 86
9 70 1 1 100 0.75 10 1707 327 322 85 279 1101 348 84
9 70 1 1 100 0.75 10 1708 327 320 87 279 1107 355 82
9 70 1 1 100 0.75 10 1709 327 325 86 282 1109 357 85
9 70 1 1 100 0.75 10 1710 327 321 91 281 1115 363 82
9 70 1 1 100 0.75 10 1711 327 319 75 283 1123 371 79
9 70 1 1 100 0.75 10 1712 327 326 77 285 1124 372 79
9 70 1 1 100 0.75 10 1713 327 324 87 287 1127 375 78
9 70 1 1 100 0.75 10 1714 327 320 68 287 1134 382 75
9 70 1 1 100 0.75 10 1715 327 324 69 287 1137 385 76
9 70 1 1 100 0.75 10 1716 327 321 77 287 1143 391 72
9 70 1 1 100 0.75 10 1717 327 323 76 288 1146 395 72
9 70 1 1 100 0.75 10 1718 327 321 77 289 1152 401 72
9 70 1 1 100 0.75 10 1719 327 325 81 293 1154 403 72
9 70 1 1 100 0.75 10 1720 327 323 75 292 1158 407 73
9 70 1 1 100 0.75 10 1721 327 319 61 285 1166 415 69
9 70 1 1 100 0.75 10 1722 327 321 69 283 1172 421 65
9 70 1 1 100 0.75 10 1723 327 322 79 283 1177 426 66
9 70 1 1 100 0.75 10 1724 327 322 75 283 1181 431 67
9 70 1 1 100 0.75 10 1725 327 321 79 284 1187 437 67
9 70 1 1 100 0.75 10 1726 327 324 75 283 1190 440 66
9 70 1 1 100 0.75 10 1727 327 324 55 286 1193 443 64
9 70 1 1 100 0.75 10 1728 327 323 68 287 1197 447 62
9 70 1 1 100 0.75 10 1729 327 326 68 290 1198 448 67
9 70 1 1 100 0.75 10 1730 327 321 67 291 1203 454 63
9 70 1 1 100 0.75 10 1731 327 324 77 294 1206 457 65
9 70 1 1 100 0.75 10 1732 327 326 68 297 1207 458 66
9 70 1 1 100 0.75 10 1733 327 324 66 301 1210 461 65
9 70 1 1 100 0.75 10 1734 327 323 68 300 1214 465 64
9 70 1 1 100 0.75 10 1735 327 322 70 299 1219 470 63
9 70 1 1 100 0.75 10 1736 327 321 66 294 1225 476 64
9 70 1 1 100 0.75 10 1737 327 325 65 296 1226 478 62
9 70 1 1 100 0.75 10 1738 327 323 76 295 1229 482 63
9 70 1 1 100 0.75 10 1739 327 322 64 294 1234 487 61
9 70 1 1 100 0.75 10 1740 327 324 69 295 1237 490 62
9 70 1 1 100 0.75 10 1741 327 321 64 289 1243 496 61
9 70 1 1 100 0.75 10 1742 327 322 57 289 1248 501 57
9 70 1 1 100 0.75 10 1743 327 324 69 290 1251 504 56
9 70 1 1 100 0.75 10 1744 327 324 71 295 1254 507 57
9 70 1 1 100 0.75 10 1745 327 326 58 296 1255 508 58
9 70 1 1 100 0.75 10 1746 327 323 68 295 1258 512 58
9 70 1 1 100 0.75 10 1747 327 322 55 294 1263 517 53
9 70 1 1 100 0.75 10 1748 327 323 58 296 1266 521 51
9 70 1 1 100 0.75 10 1749 327 325 65 298 1268 523 53
9 70 1 1 100 0.75 10 1750 327 325 64 299 1269 525 56
9 70 1 1 100 0.75 10 1751 327 326 54 303 1270 526 57
9 70 1 1 100 0.75 10 1752 327 325 56 305 1272 528 57
9 70 1 1 100 0.75 10 1753 327 321 54 301 1278 534 56
9 70 1 1 100 0.75 10 1754 327 324 66 300 1280 537 57
9 70 1 1 100 0.75 10 1755 327 322 59 298 1285 542 54
9 70 1 1 100 0.75 10 1756 327 321 64 298 1291 548 52
9 70 1 1 100 0.75 10 1757 327 323 63 297 1295 552 50
9 70 1 1 100 0.75 10 1758 327 327 68 299 1294 552 52
9 70 1 1 100 0.75 10 1759 327 322 56 296 1299 557 50
9 70 1 1 100 0.75 10 1760 327 324 62 294 1302 560 47
9 70 1 1 100 0.75 10 1761 327 323 54 295 1305 564 47
9 70 1 1 100 0.75 10 1762 327 325 65 297 1306 566 48
9 70 1 1 100 0.75 10 1763 327 326 64 300 1307 567 51
9 70 1 1 100 0.75 10 1764 327 326 59 303 1307 568 52
9 70 1 1 100 0.75 10 1765 327 323 49 305 1310 572 50
9 70 1 1 100 0.75 10 1766 327 324 56 304 1313 575 47
9 70 1 1 100 0.75 10 1767 327 325 63 304 1315 577 48
9 70 1 1 100 0.75 10 1768 327 326 64 309 1316 578 49
9 70 1 1 100 0.75 10 1769 327 324 45 310 1318 581 50
9 70 1 1 100 0.75 10 1770 327 321 51 305 1324 587 48
9 70 1 1 100 0.75 10 1770 327 321 321 305 1372 587 48
9 70 1 1 100 0.75 10 1800 327 321 321 305 762 587 48
