9 9 1 1 100 0.75 1 1 0 9 9 0 100 0 0
9 9 1 1 100 0.75 1 2 0 18 18 0 100 0 0
9 9 1 1 100 0.75 1 3 0 27 27 0 100 0 0
9 9 1 1 100 0.75 1 4 0 36 36 0 100 0 0
9 9 1 1 100 0.75 1 5 0 45 44 0 100 0 0
9 9 1 1 100 0.75 1 6 0 54 53 0 100 0 0
9 9 1 1 100 0.75 1 7 0 63 62 0 100 0 0
9 9 1 1 100 0.75 1 8 3 72 67 0 100 0 0
9 9 1 1 100 0.75 1 9 5 81 71 3 100 0 0
9 9 1 1 100 0.75 1 10 12 90 74 5 100 0 0
9 9 1 1 100 0.75 1 11 15 99 82 12 100 0 0
9 9 1 1 100 0.75 1 12 19 108 83 15 100 0 0
9 9 1 1 100 0.75 1 13 24 117 89 19 100 0 0
9 9 1 1 100 0.75 1 14 30 126 93 24 100 0 0
9 9 1 1 100 0.75 1 15 35 135 98 30 100 0 1
9 9 1 1 100 0.75 1 16 44 144 100 35 100 0 3
9 9 1 1 100 0.75 1 17 49 153 107 44 100 0 5
9 9 1 1 100 0.75 1 18 57 162 112 49 100 0 10
9 9 1 1 100 0.75 1 19 61 171 123 57 100 0 13
9 9 1 1 100 0.75 1 20 68 180 128 61 100 0 17
9 9 1 1 100 0.75 1 21 71 189 140 68 100 0 20
9 9 1 1 100 0.75 1 22 75 198 150 71 100 0 22
9 9 1 1 100 0.75 1 23 81 207 155 75 100 0 29
9 9 1 1 100 0.75 1 24 86 216 165 81 100 0 34
9 9 1 1 100 0.75 1 25 95 225 173 86 100 0 40
9 9 1 1 100 0.75 1 26 101 234 183 95 100 0 44
9 9 1 1 100 0.75 1 27 111 243 183 101 100 0 47
9 9 1 1 100 0.75 1 28 116 252 195 111 100 0 51
9 9 1 1 100 0.75 1 29 123 261 203 116 100 0 54
9 9 1 1 100 0.75 1 30 133 270 203 123 100 0 59
9 9 1 1 100 0.75 1 31 139 278 219 132 101 1 63
9 9 1 1 100 0.75 1 32 146 285 217 136 103 3 64
9 9 1 1 100 0.75 1 33 156 291 221 140 106 6 66
9 9 1 1 100 0.75 1 34 165 299 229 149 106 7 73
9 9 1 1 100 0.75 1 35 170 306 233 156 108 9 77
9 9 1 1 100 0.75 1 36 177 313 239 159 110 11 80
9 9 1 1 100 0.75 1 37 191 316 240 160 116 17 79
9 9 1 1 100 0.75 1 38 201 321 240 170 120 21 80
9 9 1 1 100 0.75 1 39 212 328 246 178 122 23 82
9 9 1 1 100 0.75 1 40 218 334 258 186 125 26 90
9 9 1 1 100 0.75 1 41 227 337 256 186 131 32 91
9 9 1 1 100 0.75 1 42 237 343 258 192 133 35 91
9 9 1 1 100 0.75 1 43 250 346 262 196 139 41 89
9 9 1 1 100 0.75 1 44 261 354 263 208 140 42 99
9 9 1 1 100 0.75 1 45 273 359 268 215 144 46 103
9 9 1 1 100 0.75 1 46 283 363 262 222 149 51 108
9 9 1 1 100 0.75 1 47 295 368 265 228 153 55 109
9 9 1 1 100 0.75 1 48 309 374 271 237 156 58 113
9 9 1 1 100 0.75 1 49 314 376 265 244 163 65 110
9 9 1 1 100 0.75 1 50 325 375 267 239 172 75 108
9 9 1 1 100 0.75 1 51 334 379 263 245 177 80 111
9 9 1 1 100 0.75 1 52 350 383 268 250 182 85 117
9 9 1 1 100 0.75 1 53 360 387 270 261 187 90 124
9 9 1 1 100 0.75 1 54 371 393 275 268 190 93 124
9 9 1 1 100 0.75 1 55 380 393 273 270 198 102 124
9 9 1 1 100 0.75 1 56 388 400 273 277 200 104 128
9 9 1 1 100 0.75 1 57 398 400 272 277 209 113 125
9 9 1 1 100 0.75 1 58 407 407 280 285 211 115 131
9 9 1 1 100 0.75 1 59 417 409 284 288 218 122 132
9 9 1 1 100 0.75 1 60 425 410 289 291 226 130 134
9 9 1 1 100 0.75 1 61 436 414 280 296 231 135 135
9 9 1 1 100 0.75 1 62 441 415 278 300 239 143 134
9 9 1 1 100 0.75 1 63 450 418 284 300 245 149 140
9 9 1 1 100 0.75 1 64 463 418 261 300 254 158 134
9 9 1 1 100 0.75 1 65 476 417 263 305 264 168 134
9 9 1 1 100 0.75 1 66 487 419 254 313 271 175 129
9 9 1 1 100 0.75 1 67 495 423 270 321 275 180 136
9 9 1 1 100 0.75 1 68 503 418 262 317 289 194 129
9 9 1 1 100 0.75 1 69 508 421 259 321 293 200 129
9 9 1 1 100 0.75 1 70 515 424 259 321 299 206 131
9 9 1 1 100 0.75 1 71 524 423 258 323 309 216 131
9 9 1 1 100 0.75 1 72 533 425 251 325 316 223 133
9 9 1 1 100 0.75 1 73 543 432 252 334 318 225 141
9 9 1 1 100 0.75 1 74 552 436 270 341 323 230 145
9 9 1 1 100 0.75 1 75 557 434 259 340 334 241 138
9 9 1 1 100 0.75 1 76 564 433 258 337 344 251 133
9 9 1 1 100 0.75 1 77 574 431 254 333 355 262 131
9 9 1 1 100 0.75 1 78 582 429 238 334 365 273 127
9 9 1 1 100 0.75 1 79 587 433 246 341 370 278 132
9 9 1 1 100 0.75 1 80 594 438 245 348 373 282 133
9 9 1 1 100 0.75 1 81 599 440 252 350 380 289 134
9 9 1 1 100 0.75 1 82 608 442 243 352 387 296 132
9 9 1 1 100 0.75 1 83 617 443 241 355 395 304 130
9 9 1 1 100 0.75 1 84 623 449 245 362 398 307 131
9 9 1 1 100 0.75 1 85 631 447 252 359 409 318 132
9 9 1 1 100 0.75 1 86 641 449 248 367 416 325 131
9 9 1 1 100 0.75 1 87 648 447 231 367 427 336 131
9 9 1 1 100 0.75 1 88 651 446 237 370 437 346 129
9 9 1 1 100 0.75 1 89 657 449 250 369 442 352 129
9 9 1 1 100 0.75 1 90 665 451 233 373 449 359 134
9 9 1 1 100 0.75 1 91 672 452 234 379 457 367 131
9 9 1 1 100 0.75 1 92 675 449 224 375 469 379 126
9 9 1 1 100 0.75 1 93 685 453 230 378 474 384 129
9 9 1 1 100 0.75 1 94 690 455 233 384 480 391 134
9 9 1 1 100 0.75 1 95 692 456 228 385 488 399 136
9 9 1 1 100 0.75 1 96 697 460 244 387 492 404 135
9 9 1 1 100 0.75 1 97 704 460 227 388 501 413 138
9 9 1 1 100 0.75 1 98 711 460 232 389 510 422 139
9 9 1 1 100 0.75 1 99 717 461 223 391 518 430 134
9 9 1 1 100 0.75 1 100 719 466 242 398 522 434 137
9 9 1 1 100 0.75 1 101 724 473 235 404 523 436 140
9 9 1 1 100 0.75 1 102 729 475 233 405 530 443 144
9 9 1 1 100 0.75 1 103 734 476 226 406 538 451 144
9 9 1 1 100 0.75 1 104 737 479 232 409 544 457 145
9 9 1 1 100 0.75 1 105 745 477 233 405 555 468 143
9 9 1 1 100 0.75 1 106 750 476 234 406 565 478 137
9 9 1 1 100 0.75 1 107 753 476 216 405 574 487 139
9 9 1 1 100 0.75 1 108 757 474 210 400 585 498 134
9 9 1 1 100 0.75 1 109 763 478 218 406 590 503 133
9 9 1 1 100 0.75 1 110 766 481 234 408 596 509 137
9 9 1 1 100 0.75 1 111 768 480 207 409 606 519 132
9 9 1 1 100 0.75 1 112 775 480 213 409 615 528 131
9 9 1 1 100 0.75 1 113 778 476 201 408 628 541 122
9 9 1 1 100 0.75 1 114 782 478 204 407 634 548 119
9 9 1 1 100 0.75 1 115 785 480 210 411 641 555 117
9 9 1 1 100 0.75 1 116 788 484 214 414 646 560 120
9 9 1 1 100 0.75 1 117 792 482 207 410 656 571 118
9 9 1 1 100 0.75 1 118 797 482 207 412 665 580 118
9 9 1 1 100 0.75 1 119 800 485 217 414 671 586 121
9 9 1 1 100 0.75 1 120 803 485 192 417 680 595 120
9 9 1 1 100 0.75 1 121 805 486 205 419 688 603 116
9 9 1 1 100 0.75 1 122 809 488 198 418 695 610 117
9 9 1 1 100 0.75 1 123 813 494 199 424 698 613 121
9 9 1 1 100 0.75 1 124 815 495 202 425 706 621 123
9 9 1 1 100 0.75 1 125 816 500 201 432 710 625 123
9 9 1 1 100 0.75 1 126 818 501 193 431 718 633 126
9 9 1 1 100 0.75 1 127 823 500 205 429 727 643 122
9 9 1 1 100 0.75 1 128 826 501 180 432 735 651 120
9 9 1 1 100 0.75 1 129 827 509 194 441 736 652 121
9 9 1 1 100 0.75 1 130 831 515 199 446 739 655 125
9 9 1 1 100 0.75 1 131 835 515 205 445 747 664 126
9 9 1 1 100 0.75 1 132 838 517 205 450 754 671 125
9 9 1 1 100 0.75 1 133 839 521 205 453 759 676 122
9 9 1 1 100 0.75 1 134 841 525 203 456 764 681 126
9 9 1 1 100 0.75 1 135 843 518 197 450 780 697 117
9 9 1 1 100 0.75 1 136 845 521 199 455 785 703 117
9 9 1 1 100 0.75 1 137 851 525 207 455 790 708 120
9 9 1 1 100 0.75 1 138 852 525 179 459 798 717 118
9 9 1 1 100 0.75 1 139 853 529 189 460 803 722 123
9 9 1 1 100 0.75 1 140 856 527 206 457 813 733 115
9 9 1 1 100 0.75 1 141 858 526 190 461 823 743 113
9 9 1 1 100 0.75 1 142 861 529 192 460 828 749 113
9 9 1 1 100 0.75 1 143 862 533 181 467 833 754 116
9 9 1 1 100 0.75 1 144 866 537 184 468 838 759 115
9 9 1 1 100 0.75 1 145 868 542 196 472 841 763 121
9 9 1 1 100 0.75 1 146 873 540 180 470 851 774 114
9 9 1 1 100 0.75 1 147 875 545 181 478 854 778 117
9 9 1 1 100 0.75 1 148 878 552 200 484 856 780 121
9 9 1 1 100 0.75 1 149 878 552 195 480 865 789 120
9 9 1 1 100 0.75 1 150 880 555 189 484 871 795 117
9 9 1 1 100 0.75 1 150 880 555 555 484 986 795 117
9 9 1 1 100 0.75 1 180 880 555 555 484 97 795 117
9 9 1 1 100 0.75 2 181 0 9 9 0 97 0 0
9 9 1 1 100 0.75 2 182 0 18 18 0 97 0 0
9 9 1 1 100 0.75 2 183 0 27 27 0 97 0 0
9 9 1 1 100 0.75 2 184 0 36 36 0 97 0 0
9 9 1 1 100 0.75 2 185 0 45 45 0 97 0 0
9 9 1 1 100 0.75 2 186 0 54 54 0 97 0 0
9 9 1 1 100 0.75 2 187 0 63 62 0 97 0 0
9 9 1 1 100 0.75 2 188 2 72 68 0 97 0 0
9 9 1 1 100 0.75 2 189 3 81 77 2 97 0 0
9 9 1 1 100 0.75 2 190 8 90 79 3 97 0 0
9 9 1 1 100 0.75 2 191 11 99 87 8 97 0 0
9 9 1 1 100 0.75 2 192 16 108 88 11 97 0 0
9 9 1 1 100 0.75 2 193 25 117 89 16 97 0 0
9 9 1 1 100 0.75 2 194 29 126 91 25 97 0 0
9 9 1 1 100 0.75 2 195 36 135 97 29 97 0 0
9 9 1 1 100 0.75 2 196 42 144 102 36 97 0 1
9 9 1 1 100 0.75 2 197 50 153 105 42 97 0 4
9 9 1 1 100 0.75 2 198 56 162 112 50 97 0 5
9 9 1 1 100 0.75 2 199 59 171 124 56 97 0 10
9 9 1 1 100 0.75 2 200 65 180 131 59 97 0 14
9 9 1 1 100 0.75 2 201 69 189 143 65 97 0 19
9 9 1 1 100 0.75 2 202 76 198 148 69 97 0 22
9 9 1 1 100 0.75 2 203 85 207 155 76 97 0 30
9 9 1 1 100 0.75 2 204 89 216 164 85 97 0 34
9 9 1 1 100 0.75 2 205 94 225 173 89 97 0 40
9 9 1 1 100 0.75 2 206 102 234 175 94 97 0 42
9 9 1 1 100 0.75 2 207 111 243 190 102 97 0 48
9 9 1 1 100 0.75 2 208 115 252 193 111 97 0 50
9 9 1 1 100 0.75 2 209 120 261 207 115 97 0 56
9 9 1 1 100 0.75 2 210 132 270 205 120 97 0 64
9 9 1 1 100 0.75 2 211 136 279 217 132 97 0 69
9 9 1 1 100 0.75 2 212 144 287 222 135 98 1 71
9 9 1 1 100 0.75 2 213 153 294 230 141 100 3 73
9 9 1 1 100 0.75 2 214 159 303 237 150 100 3 78
9 9 1 1 100 0.75 2 215 168 309 235 153 103 6 78
9 9 1 1 100 0.75 2 216 176 315 240 159 106 9 79
9 9 1 1 100 0.75 2 217 186 320 249 163 110 13 83
9 9 1 1 100 0.75 2 218 198 324 243 168 115 18 82
9 9 1 1 100 0.75 2 219 205 328 247 175 120 23 80
9 9 1 1 100 0.75 2 220 217 330 242 175 127 30 78
9 9 1 1 100 0.75 2 221 223 334 246 182 132 35 78
9 9 1 1 100 0.75 2 222 233 340 244 185 135 38 81
9 9 1 1 100 0.75 2 223 239 342 250 188 142 45 84
9 9 1 1 100 0.75 2 224 249 348 250 191 145 48 85
9 9 1 1 100 0.75 2 225 258 354 251 198 148 51 90
9 9 1 1 100 0.75 2 226 270 361 268 205 150 53 98
9 9 1 1 100 0.75 2 227 279 368 266 215 152 55 99
9 9 1 1 100 0.75 2 228 290 370 269 218 159 62 103
9 9 1 1 100 0.75 2 229 306 372 261 222 166 69 98
9 9 1 1 100 0.75 2 230 316 376 258 233 171 74 99
9 9 1 1 100 0.75 2 231 327 382 261 240 174 77 103
9 9 1 1 100 0.75 2 232 336 386 265 247 179 82 104
9 9 1 1 100 0.75 2 233 347 385 258 246 189 92 105
9 9 1 1 100 0.75 2 234 356 391 268 254 192 95 111
9 9 1 1 100 0.75 2 235 368 397 265 261 195 98 113
9 9 1 1 100 0.75 2 236 384 402 276 269 199 102 119
9 9 1 1 100 0.75 2 237 391 406 280 280 204 107 127
9 9 1 1 100 0.75 2 238 403 413 273 286 206 109 131
9 9 1 1 100 0.75 2 239 411 418 286 296 210 113 134
9 9 1 1 100 0.75 2 240 419 420 282 298 217 120 136
9 9 1 1 100 0.75 2 241 429 422 280 299 224 127 135
9 9 1 1 100 0.75 2 242 437 420 281 299 235 138 130
9 9 1 1 100 0.75 2 243 453 426 277 306 238 141 138
9 9 1 1 100 0.75 2 244 462 426 279 314 247 150 140
9 9 1 1 100 0.75 2 245 475 429 277 318 253 156 144
9 9 1 1 100 0.75 2 246 487 429 268 323 262 165 144
9 9 1 1 100 0.75 2 247 498 432 272 330 267 171 146
9 9 1 1 100 0.75 2 248 503 432 265 334 276 180 143
9 9 1 1 100 0.75 2 249 511 435 273 337 282 186 143
9 9 1 1 100 0.75 2 250 522 440 277 341 286 190 149
9 9 1 1 100 0.75 2 251 535 440 267 344 295 199 149
9 9 1 1 100 0.75 2 252 546 442 277 352 302 206 153
9 9 1 1 100 0.75 2 253 553 442 256 356 311 215 153
9 9 1 1 100 0.75 2 254 559 446 274 363 316 220 156
9 9 1 1 100 0.75 2 255 570 442 256 357 328 233 153
9 9 1 1 100 0.75 2 256 576 443 270 362 336 241 150
9 9 1 1 100 0.75 2 257 587 442 251 361 346 251 145
9 9 1 1 100 0.75 2 258 593 444 258 367 353 258 144
9 9 1 1 100 0.75 2 259 600 444 249 365 362 267 152
9 9 1 1 100 0.75 2 260 606 448 261 371 367 272 156
9 9 1 1 100 0.75 2 261 613 442 253 363 381 287 148
9 9 1 1 100 0.75 2 262 620 441 245 368 391 297 142
9 9 1 1 100 0.75 2 263 625 442 250 371 399 305 146
9 9 1 1 100 0.75 2 264 632 445 248 371 405 311 147
9 9 1 1 100 0.75 2 265 636 446 244 370 413 319 144
9 9 1 1 100 0.75 2 266 643 445 240 369 423 329 142
9 9 1 1 100 0.75 2 267 650 448 235 375 429 335 138
9 9 1 1 100 0.75 2 268 653 448 241 376 438 344 140
9 9 1 1 100 0.75 2 269 660 449 222 376 446 352 139
9 9 1 1 100 0.75 2 270 663 449 237 379 455 361 136
9 9 1 1 100 0.75 2 271 668 451 235 381 462 368 134
9 9 1 1 100 0.75 2 272 676 453 239 380 468 375 132
9 9 1 1 100 0.75 2 273 682 453 229 381 477 384 129
9 9 1 1 100 0.75 2 274 684 455 246 387 484 391 130
9 9 1 1 100 0.75 2 275 687 453 227 383 495 402 128
9 9 1 1 100 0.75 2 276 694 454 238 383 503 410 126
9 9 1 1 100 0.75 2 277 698 453 238 385 513 420 125
9 9 1 1 100 0.75 2 278 704 450 217 380 525 432 117
9 9 1 1 100 0.75 2 279 711 453 215 385 531 438 117
9 9 1 1 100 0.75 2 280 715 456 208 388 537 444 117
9 9 1 1 100 0.75 2 281 723 455 208 382 547 454 115
9 9 1 1 100 0.75 2 282 723 458 214 390 553 460 114
9 9 1 1 100 0.75 2 283 730 466 224 393 553 461 122
9 9 1 1 100 0.75 2 284 732 465 215 396 561 471 115
9 9 1 1 100 0.75 2 285 737 464 218 392 571 481 111
9 9 1 1 100 0.75 2 286 743 464 206 395 580 490 114
9 9 1 1 100 0.75 2 287 747 470 214 403 583 493 117
9 9 1 1 100 0.75 2 288 748 473 219 406 589 499 119
9 9 1 1 100 0.75 2 289 753 475 221 404 596 506 117
9 9 1 1 100 0.75 2 290 758 476 213 407 603 514 111
9 9 1 1 100 0.75 2 291 761 479 211 409 609 520 114
9 9 1 1 100 0.75 2 292 766 482 223 410 615 526 117
9 9 1 1 100 0.75 2 293 770 485 206 414 621 532 118
9 9 1 1 100 0.75 2 294 773 491 212 420 624 535 123
9 9 1 1 100 0.75 2 295 776 491 222 423 633 544 120
9 9 1 1 100 0.75 2 296 779 490 208 421 643 554 114
9 9 1 1 100 0.75 2 297 781 493 226 424 649 560 117
9 9 1 1 100 0.75 2 298 786 496 222 427 655 566 118
9 9 1 1 100 0.75 2 299 790 498 214 428 661 573 114
9 9 1 1 100 0.75 2 300 793 499 199 431 669 581 115
9 9 1 1 100 0.75 2 301 797 501 217 430 676 588 114
9 9 1 1 100 0.75 2 302 802 506 218 435 680 592 118
9 9 1 1 100 0.75 2 303 806 505 196 436 689 602 115
9 9 1 1 100 0.75 2 304 810 510 204 443 692 606 117
9 9 1 1 100 0.75 2 305 812 516 209 448 695 609 119
9 9 1 1 100 0.75 2 306 815 515 207 446 705 619 120
9 9 1 1 100 0.75 2 307 818 516 222 447 712 627 114
9 9 1 1 100 0.75 2 308 825 519 214 449 718 633 115
9 9 1 1 100 0.75 2 309 826 526 214 457 719 635 122
9 9 1 1 100 0.75 2 310 827 526 212 457 728 644 122
9 9 1 1 100 0.75 2 311 829 529 220 462 733 650 119
9 9 1 1 100 0.75 2 312 833 528 207 458 742 660 114
9 9 1 1 100 0.75 2 313 837 528 213 459 751 669 113
9 9 1 1 100 0.75 2 314 840 532 199 463 756 674 113
9 9 1 1 100 0.75 2 315 843 535 211 465 762 680 116
9 9 1 1 100 0.75 2 316 845 541 210 472 764 683 119
9 9 1 1 100 0.75 2 317 847 542 206 472 772 691 118
9 9 1 1 100 0.75 2 318 851 541 196 474 782 701 116
9 9 1 1 100 0.75 2 319 855 545 205 475 786 706 117
9 9 1 1 100 0.75 2 320 861 545 203 475 795 715 114
9 9 1 1 100 0.75 2 321 862 550 209 482 798 719 118
9 9 1 1 100 0.75 2 322 866 554 219 483 803 724 117
9 9 1 1 100 0.75 2 323 867 556 205 488 810 731 116
9 9 1 1 100 0.75 2 324 870 558 216 489 817 738 122
9 9 1 1 100 0.75 2 325 872 558 222 492 825 747 119
9 9 1 1 100 0.75 2 326 874 561 207 492 831 753 118
9 9 1 1 100 0.75 2 327 876 567 222 497 834 756 122
9 9 1 1 100 0.75 2 328 878 569 214 501 841 763 122
9 9 1 1 100 0.75 2 329 879 571 210 502 847 770 118
9 9 1 1 100 0.75 2 330 882 574 207 503 853 776 123
9 9 1 1 100 0.75 2 330 882 574 574 503 975 776 123
9 9 1 1 100 0.75 2 360 882 574 574 503 98 776 123
9 9 1 1 100 0.75 3 361 0 9 9 0 98 0 0
9 9 1 1 100 0.75 3 362 0 18 18 0 98 0 0
9 9 1 1 100 0.75 3 363 0 27 27 0 98 0 0
9 9 1 1 100 0.75 3 364 0 36 36 0 98 0 0
9 9 1 1 100 0.75 3 365 0 45 45 0 98 0 0
9 9 1 1 100 0.75 3 366 0 54 53 0 98 0 0
9 9 1 1 100 0.75 3 367 0 63 62 0 98 0 0
9 9 1 1 100 0.75 3 368 2 72 69 0 98 0 0
9 9 1 1 100 0.75 3 369 3 81 77 2 98 0 0
9 9 1 1 100 0.75 3 370 8 90 80 3 98 0 0
9 9 1 1 100 0.75 3 371 11 99 86 8 98 0 0
9 9 1 1 100 0.75 3 372 18 108 90 11 98 0 0
9 9 1 1 100 0.75 3 373 21 117 93 18 98 0 0
9 9 1 1 100 0.75 3 374 27 126 95 21 98 0 0
9 9 1 1 100 0.75 3 375 32 135 101 27 98 0 1
9 9 1 1 100 0.75 3 376 39 144 100 32 98 0 2
9 9 1 1 100 0.75 3 377 50 153 107 39 98 0 4
9 9 1 1 100 0.75 3 378 58 162 109 50 98 0 7
9 9 1 1 100 0.75 3 379 65 171 115 58 98 0 12
9 9 1 1 100 0.75 3 380 70 180 121 65 98 0 15
9 9 1 1 100 0.75 3 381 74 189 130 70 98 0 16
9 9 1 1 100 0.75 3 382 81 198 142 74 98 0 21
9 9 1 1 100 0.75 3 383 84 207 146 81 98 0 24
9 9 1 1 100 0.75 3 384 94 216 159 84 98 0 35
9 9 1 1 100 0.75 3 385 102 225 163 94 98 0 39
9 9 1 1 100 0.75 3 386 111 234 172 102 98 0 45
9 9 1 1 100 0.75 3 387 117 243 180 111 98 0 47
9 9 1 1 100 0.75 3 388 120 252 189 117 98 0 52
9 9 1 1 100 0.75 3 389 128 261 192 120 98 0 58
9 9 1 1 100 0.75 3 390 135 270 200 128 98 0 63
9 9 1 1 100 0.75 3 391 145 279 206 135 98 0 66
9 9 1 1 100 0.75 3 392 155 288 211 145 98 0 77
9 9 1 1 100 0.75 3 393 167 295 218 153 100 2 80
9 9 1 1 100 0.75 3 394 173 302 223 163 102 4 82
9 9 1 1 100 0.75 3 395 180 310 233 168 103 5 85
9 9 1 1 100 0.75 3 396 184 315 238 171 107 9 85
9 9 1 1 100 0.75 3 397 195 321 236 172 110 12 86
9 9 1 1 100 0.75 3 398 208 327 242 180 113 15 91
9 9 1 1 100 0.75 3 399 218 328 239 185 121 23 88
9 9 1 1 100 0.75 3 400 226 333 244 191 125 27 93
9 9 1 1 100 0.75 3 401 235 340 247 197 127 29 97
9 9 1 1 100 0.75 3 402 243 339 249 196 137 39 92
9 9 1 1 100 0.75 3 403 255 347 248 203 138 40 95
9 9 1 1 100 0.75 3 404 263 348 246 207 146 48 93
9 9 1 1 100 0.75 3 405 272 356 256 214 147 49 101
9 9 1 1 100 0.75 3 406 281 360 260 218 152 54 106
9 9 1 1 100 0.75 3 407 293 365 264 223 156 58 106
9 9 1 1 100 0.75 3 408 305 370 266 231 160 62 114
9 9 1 1 100 0.75 3 409 312 373 265 238 166 68 113
9 9 1 1 100 0.75 3 410 326 378 262 241 170 72 116
9 9 1 1 100 0.75 3 411 337 379 265 247 178 80 115
9 9 1 1 100 0.75 3 412 345 381 258 251 185 87 114
9 9 1 1 100 0.75 3 413 359 386 257 256 189 91 119
9 9 1 1 100 0.75 3 414 367 389 263 264 195 97 120
9 9 1 1 100 0.75 3 415 382 394 261 268 199 101 123
9 9 1 1 100 0.75 3 416 388 394 263 275 208 110 122
9 9 1 1 100 0.75 3 417 394 400 266 279 211 113 127
9 9 1 1 100 0.75 3 418 406 401 265 277 219 121 128
9 9 1 1 100 0.75 3 419 417 406 261 288 223 125 135
9 9 1 1 100 0.75 3 420 427 410 262 296 228 130 140
9 9 1 1 100 0.75 3 421 439 410 264 298 237 139 141
9 9 1 1 100 0.75 3 422 454 409 259 301 247 149 140
9 9 1 1 100 0.75 3 423 466 407 252 306 258 160 136
9 9 1 1 100 0.75 3 424 472 413 257 315 261 163 141
9 9 1 1 100 0.75 3 425 477 414 258 314 269 171 139
9 9 1 1 100 0.75 3 426 488 415 255 312 277 179 140
9 9 1 1 100 0.75 3 427 494 418 265 318 283 185 145
9 9 1 1 100 0.75 3 428 505 418 261 315 292 194 142
9 9 1 1 100 0.75 3 429 516 422 260 323 297 199 149
9 9 1 1 100 0.75 3 430 529 425 263 329 303 205 151
9 9 1 1 100 0.75 3 431 536 429 257 338 308 210 153
9 9 1 1 100 0.75 3 432 548 433 260 342 313 215 151
9 9 1 1 100 0.75 3 433 552 427 252 341 326 230 145
9 9 1 1 100 0.75 3 434 561 432 251 345 330 234 148
9 9 1 1 100 0.75 3 435 572 429 254 343 342 246 143
9 9 1 1 100 0.75 3 436 581 429 229 346 351 255 141
9 9 1 1 100 0.75 3 437 587 430 247 349 359 263 146
9 9 1 1 100 0.75 3 438 591 428 237 347 370 274 144
9 9 1 1 100 0.75 3 439 599 429 234 349 378 282 144
9 9 1 1 100 0.75 3 440 605 429 240 351 387 291 147
9 9 1 1 100 0.75 3 441 614 426 232 347 399 303 140
9 9 1 1 100 0.75 3 442 626 427 228 349 406 311 141
9 9 1 1 100 0.75 3 443 628 427 218 355 415 320 141
9 9 1 1 100 0.75 3 444 635 429 229 354 420 327 144
9 9 1 1 100 0.75 3 445 641 431 222 357 427 334 142
9 9 1 1 100 0.75 3 446 645 433 220 360 434 341 145
9 9 1 1 100 0.75 3 447 650 435 231 361 441 348 144
9 9 1 1 100 0.75 3 448 657 436 221 362 449 356 144
9 9 1 1 100 0.75 3 449 662 435 230 362 458 366 147
9 9 1 1 100 0.75 3 450 668 439 224 366 463 371 145
9 9 1 1 100 0.75 3 451 673 439 220 369 471 380 144
9 9 1 1 100 0.75 3 452 677 444 234 375 475 384 148
9 9 1 1 100 0.75 3 453 682 445 227 371 483 392 146
9 9 1 1 100 0.75 3 454 688 443 223 369 493 403 144
9 9 1 1 100 0.75 3 455 693 444 208 373 501 411 145
9 9 1 1 100 0.75 3 456 696 440 227 370 514 424 139
9 9 1 1 100 0.75 3 457 702 440 221 369 523 433 136
9 9 1 1 100 0.75 3 458 704 440 208 369 531 442 137
9 9 1 1 100 0.75 3 459 707 442 209 369 538 449 136
9 9 1 1 100 0.75 3 460 712 443 218 371 546 457 134
9 9 1 1 100 0.75 3 461 719 444 210 373 554 465 131
9 9 1 1 100 0.75 3 462 723 446 208 377 561 472 131
9 9 1 1 100 0.75 3 463 727 448 218 377 568 479 133
9 9 1 1 100 0.75 3 464 733 449 199 378 576 487 131
9 9 1 1 100 0.75 3 465 734 452 203 384 581 493 133
9 9 1 1 100 0.75 3 466 739 456 216 385 586 498 137
9 9 1 1 100 0.75 3 467 742 451 198 382 600 512 129
9 9 1 1 100 0.75 3 468 746 448 191 377 612 524 127
9 9 1 1 100 0.75 3 469 750 451 203 381 618 530 127
9 9 1 1 100 0.75 3 470 753 454 190 384 623 536 124
9 9 1 1 100 0.75 3 471 756 454 181 388 632 545 129
9 9 1 1 100 0.75 3 472 761 456 199 386 639 552 125
9 9 1 1 100 0.75 3 473 767 460 201 389 644 557 126
9 9 1 1 100 0.75 3 474 770 459 195 389 654 567 124
9 9 1 1 100 0.75 3 475 778 461 196 391 659 574 121
9 9 1 1 100 0.75 3 476 781 462 181 395 667 582 118
9 9 1 1 100 0.75 3 477 784 465 189 397 673 588 117
9 9 1 1 100 0.75 3 478 784 467 200 399 679 595 123
9 9 1 1 100 0.75 3 479 786 470 190 402 685 601 121
9 9 1 1 100 0.75 3 480 791 472 200 402 692 608 120
9 9 1 1 100 0.75 3 481 796 475 199 405 698 614 122
9 9 1 1 100 0.75 3 482 797 480 204 409 701 618 125
9 9 1 1 100 0.75 3 483 801 482 192 412 708 625 126
9 9 1 1 100 0.75 3 484 802 482 197 412 717 634 122
9 9 1 1 100 0.75 3 485 804 482 175 411 725 643 122
9 9 1 1 100 0.75 3 486 808 481 189 412 735 653 116
9 9 1 1 100 0.75 3 487 812 485 185 414 740 658 118
9 9 1 1 100 0.75 3 488 815 489 173 419 745 663 119
9 9 1 1 100 0.75 3 489 817 492 184 426 751 669 119
9 9 1 1 100 0.75 3 490 818 491 180 425 761 679 116
9 9 1 1 100 0.75 3 491 822 493 173 424 768 686 119
9 9 1 1 100 0.75 3 492 826 498 188 430 772 690 119
9 9 1 1 100 0.75 3 493 828 501 182 435 778 696 125
9 9 1 1 100 0.75 3 494 829 503 175 437 784 703 123
9 9 1 1 100 0.75 3 495 831 506 186 438 790 709 124
9 9 1 1 100 0.75 3 496 834 507 192 439 798 717 126
9 9 1 1 100 0.75 3 497 835 510 168 443 804 723 125
9 9 1 1 100 0.75 3 498 838 506 179 437 816 736 119
9 9 1 1 100 0.75 3 499 842 512 182 441 819 739 124
9 9 1 1 100 0.75 3 500 846 514 176 445 826 746 124
9 9 1 1 100 0.75 3 501 848 516 165 446 833 753 123
9 9 1 1 100 0.75 3 502 850 522 179 454 834 756 127
9 9 1 1 100 0.75 3 503 852 523 179 455 842 764 125
9 9 1 1 100 0.75 3 504 852 527 179 460 846 769 126
9 9 1 1 100 0.75 3 505 857 525 195 455 857 780 122
9 9 1 1 100 0.75 3 506 858 531 176 461 860 783 126
9 9 1 1 100 0.75 3 507 861 536 192 466 864 787 129
9 9 1 1 100 0.75 3 508 861 540 182 473 867 792 130
9 9 1 1 100 0.75 3 509 866 539 191 469 877 802 128
9 9 1 1 100 0.75 3 510 868 539 187 473 886 811 127
9 9 1 1 100 0.75 3 510 868 539 539 473 1013 811 127
9 9 1 1 100 0.75 3 540 868 539 539 473 98 811 127
9 9 1 1 100 0.75 4 541 0 9 9 0 98 0 0
9 9 1 1 100 0.75 4 542 0 18 18 0 98 0 0
9 9 1 1 100 0.75 4 543 0 27 27 0 98 0 0
9 9 1 1 100 0.75 4 544 0 36 35 0 98 0 0
9 9 1 1 100 0.75 4 545 0 45 45 0 98 0 0
9 9 1 1 100 0.75 4 546 0 54 53 0 98 0 0
9 9 1 1 100 0.75 4 547 0 63 62 0 98 0 0
9 9 1 1 100 0.75 4 548 2 72 69 0 98 0 0
9 9 1 1 100 0.75 4 549 3 81 76 2 98 0 0
9 9 1 1 100 0.75 4 550 5 90 83 3 98 0 0
9 9 1 1 100 0.75 4 551 12 99 82 5 98 0 0
9 9 1 1 100 0.75 4 552 14 108 89 12 98 0 0
9 9 1 1 100 0.75 4 553 17 117 97 14 98 0 0
9 9 1 1 100 0.75 4 554 27 126 96 17 98 0 0
9 9 1 1 100 0.75 4 555 37 135 95 27 98 0 2
9 9 1 1 100 0.75 4 556 39 144 105 37 98 0 3
9 9 1 1 100 0.75 4 557 41 153 108 39 98 0 3
9 9 1 1 100 0.75 4 558 48 162 119 41 98 0 6
9 9 1 1 100 0.75 4 559 52 171 123 48 98 0 8
9 9 1 1 100 0.75 4 560 57 180 135 52 98 0 8
9 9 1 1 100 0.75 4 561 62 189 141 57 98 0 11
9 9 1 1 100 0.75 4 562 68 198 153 62 98 0 19
9 9 1 1 100 0.75 4 563 74 207 163 68 98 0 25
9 9 1 1 100 0.75 4 564 81 216 165 74 98 0 25
9 9 1 1 100 0.75 4 565 87 225 168 81 98 0 28
9 9 1 1 100 0.75 4 566 93 234 182 87 98 0 33
9 9 1 1 100 0.75 4 567 101 243 186 93 97 0 39
9 9 1 1 100 0.75 4 568 111 252 190 101 97 0 42
9 9 1 1 100 0.75 4 569 114 261 198 111 97 0 46
9 9 1 1 100 0.75 4 570 120 270 209 114 97 0 50
9 9 1 1 100 0.75 4 571 127 279 215 120 97 0 54
9 9 1 1 100 0.75 4 572 136 286 217 125 99 2 58
9 9 1 1 100 0.75 4 573 145 295 227 134 99 2 63
9 9 1 1 100 0.75 4 574 153 302 230 141 101 4 67
9 9 1 1 100 0.75 4 575 161 311 239 149 101 4 73
9 9 1 1 100 0.75 4 576 172 319 241 156 102 5 79
9 9 1 1 100 0.75 4 577 176 325 254 164 105 8 82
9 9 1 1 100 0.75 4 578 182 331 252 165 108 11 81
9 9 1 1 100 0.75 4 579 191 336 263 167 112 15 88
9 9 1 1 100 0.75 4 580 199 342 259 173 115 18 90
9 9 1 1 100 0.75 4 581 214 344 259 174 122 25 89
9 9 1 1 100 0.75 4 582 221 347 258 183 128 31 90
9 9 1 1 100 0.75 4 583 233 355 267 189 129 32 95
9 9 1 1 100 0.75 4 584 247 360 262 197 133 36 98
9 9 1 1 100 0.75 4 585 257 365 266 207 137 40 98
9 9 1 1 100 0.75 4 586 267 373 266 216 138 41 100
9 9 1 1 100 0.75 4 587 277 371 264 215 149 52 96
9 9 1 1 100 0.75 4 588 290 376 259 221 153 56 102
9 9 1 1 100 0.75 4 589 303 383 274 232 155 58 107
9 9 1 1 100 0.75 4 590 312 388 271 241 159 62 107
9 9 1 1 100 0.75 4 591 319 390 275 243 165 69 112
9 9 1 1 100 0.75 4 592 330 391 278 243 173 77 116
9 9 1 1 100 0.75 4 593 339 397 272 251 176 80 118
9 9 1 1 100 0.75 4 594 351 399 281 253 183 87 119
9 9 1 1 100 0.75 4 595 361 401 280 259 190 94 123
9 9 1 1 100 0.75 4 596 372 400 272 260 199 104 123
9 9 1 1 100 0.75 4 597 384 406 288 269 202 107 127
9 9 1 1 100 0.75 4 598 394 413 287 279 204 109 133
9 9 1 1 100 0.75 4 599 408 414 277 282 212 117 133
9 9 1 1 100 0.75 4 600 417 417 267 291 218 123 135
9 9 1 1 100 0.75 4 601 433 421 277 296 223 128 141
9 9 1 1 100 0.75 4 602 440 424 274 309 229 134 143
9 9 1 1 100 0.75 4 603 447 429 283 312 233 138 148
9 9 1 1 100 0.75 4 604 460 429 274 312 241 147 147
9 9 1 1 100 0.75 4 605 467 432 284 320 247 153 149
9 9 1 1 100 0.75 4 606 477 432 288 318 256 162 150
9 9 1 1 100 0.75 4 607 485 432 267 320 265 171 147
9 9 1 1 100 0.75 4 608 496 437 285 324 269 175 155
9 9 1 1 100 0.75 4 609 514 439 271 332 276 182 159
9 9 1 1 100 0.75 4 610 523 440 272 344 284 190 153
9 9 1 1 100 0.75 4 611 532 435 264 341 298 204 151
9 9 1 1 100 0.75 4 612 540 437 264 345 304 211 151
9 9 1 1 100 0.75 4 613 548 432 256 342 318 225 145
9 9 1 1 100 0.75 4 614 559 434 251 345 324 232 144
9 9 1 1 100 0.75 4 615 567 438 251 353 329 237 149
9 9 1 1 100 0.75 4 616 574 435 260 352 341 249 151
9 9 1 1 100 0.75 4 617 582 436 256 352 349 257 156
9 9 1 1 100 0.75 4 618 590 437 252 355 357 265 154
9 9 1 1 100 0.75 4 619 597 440 256 360 363 271 157
9 9 1 1 100 0.75 4 620 605 442 259 363 370 278 158
9 9 1 1 100 0.75 4 621 614 442 247 365 379 287 161
9 9 1 1 100 0.75 4 622 622 437 239 361 393 301 153
9 9 1 1 100 0.75 4 623 627 439 241 365 399 308 154
9 9 1 1 100 0.75 4 624 632 440 245 368 407 316 148
9 9 1 1 100 0.75 4 625 639 445 251 373 411 320 153
9 9 1 1 100 0.75 4 626 649 444 237 373 421 330 148
9 9 1 1 100 0.75 4 627 650 441 236 374 432 342 141
9 9 1 1 100 0.75 4 628 654 442 241 370 439 350 143
9 9 1 1 100 0.75 4 629 658 445 233 371 444 356 143
9 9 1 1 100 0.75 4 630 661 449 247 375 448 361 146
9 9 1 1 100 0.75 4 631 668 447 232 372 459 372 142
9 9 1 1 100 0.75 4 632 681 445 211 370 470 383 138
9 9 1 1 100 0.75 4 633 684 442 208 373 481 395 136
9 9 1 1 100 0.75 4 634 688 444 203 373 488 402 135
9 9 1 1 100 0.75 4 635 691 441 210 370 499 414 126
9 9 1 1 100 0.75 4 636 697 440 204 367 509 424 123
9 9 1 1 100 0.75 4 637 700 438 199 365 520 435 117
9 9 1 1 100 0.75 4 638 704 438 196 364 529 444 117
9 9 1 1 100 0.75 4 639 710 443 207 371 533 448 120
9 9 1 1 100 0.75 4 640 717 441 210 370 543 459 120
9 9 1 1 100 0.75 4 641 721 448 200 377 544 461 124
9 9 1 1 100 0.75 4 642 727 448 199 375 552 470 122
9 9 1 1 100 0.75 4 643 731 450 198 379 559 477 123
9 9 1 1 100 0.75 4 644 733 457 223 386 559 479 127
9 9 1 1 100 0.75 4 645 739 459 210 386 565 486 125
9 9 1 1 100 0.75 4 646 747 462 213 392 571 492 125
9 9 1 1 100 0.75 4 647 755 464 206 395 578 499 128
9 9 1 1 100 0.75 4 648 759 465 213 397 586 507 126
9 9 1 1 100 0.75 4 649 763 466 200 396 594 515 125
9 9 1 1 100 0.75 4 650 767 467 209 396 602 523 123
9 9 1 1 100 0.75 4 651 771 470 201 402 608 529 125
9 9 1 1 100 0.75 4 652 775 470 202 401 617 538 124
9 9 1 1 100 0.75 4 653 778 468 189 398 628 549 123
9 9 1 1 100 0.75 4 654 780 474 194 405 631 552 123
9 9 1 1 100 0.75 4 655 783 478 215 408 636 557 125
9 9 1 1 100 0.75 4 656 784 481 190 413 641 563 125
9 9 1 1 100 0.75 4 657 786 482 193 412 649 571 122
9 9 1 1 100 0.75 4 658 789 479 186 411 660 583 115
9 9 1 1 100 0.75 4 659 791 481 201 413 667 590 115
9 9 1 1 100 0.75 4 660 793 484 189 415 673 596 114
9 9 1 1 100 0.75 4 661 795 490 192 418 676 599 118
9 9 1 1 100 0.75 4 662 801 492 195 419 683 606 118
9 9 1 1 100 0.75 4 663 802 493 195 424 691 614 118
9 9 1 1 100 0.75 4 664 803 493 190 423 700 623 113
9 9 1 1 100 0.75 4 665 807 499 199 427 702 626 118
9 9 1 1 100 0.75 4 666 810 500 187 429 710 634 119
9 9 1 1 100 0.75 4 667 814 500 185 430 719 643 115
9 9 1 1 100 0.75 4 668 817 501 184 432 727 651 113
9 9 1 1 100 0.75 4 669 818 506 188 437 731 655 120
9 9 1 1 100 0.75 4 670 822 508 184 437 738 662 122
9 9 1 1 100 0.75 4 671 824 514 188 442 741 665 123
9 9 1 1 100 0.75 4 672 827 509 197 440 755 679 115
9 9 1 1 100 0.75 4 673 830 511 173 442 762 686 116
9 9 1 1 100 0.75 4 674 834 515 196 446 766 691 114
9 9 1 1 100 0.75 4 675 834 517 186 452 773 698 117
9 9 1 1 100 0.75 4 676 836 519 189 452 780 705 115
9 9 1 1 100 0.75 4 677 840 527 185 457 781 706 120
9 9 1 1 100 0.75 4 678 843 529 200 464 788 713 119
9 9 1 1 100 0.75 4 679 844 533 207 467 793 718 126
9 9 1 1 100 0.75 4 680 849 538 180 466 796 722 130
9 9 1 1 100 0.75 4 681 852 535 179 464 808 734 122
9 9 1 1 100 0.75 4 682 858 538 186 467 813 740 126
9 9 1 1 100 0.75 4 683 860 537 200 469 823 750 121
9 9 1 1 100 0.75 4 684 865 539 200 468 830 757 120
9 9 1 1 100 0.75 4 685 869 543 184 475 835 762 123
9 9 1 1 100 0.75 4 686 872 542 188 474 845 772 116
9 9 1 1 100 0.75 4 687 876 545 174 476 849 778 116
9 9 1 1 100 0.75 4 688 879 543 170 473 860 789 113
9 9 1 1 100 0.75 4 689 880 547 171 477 865 794 114
9 9 1 1 100 0.75 4 690 884 548 176 479 873 802 110
9 9 1 1 100 0.75 4 690 884 548 548 479 982 802 110
9 9 1 1 100 0.75 4 720 884 548 548 479 98 802 110
9 9 1 1 100 0.75 5 721 0 9 9 0 98 0 0
9 9 1 1 100 0.75 5 722 0 18 18 0 98 0 0
9 9 1 1 100 0.75 5 723 0 27 27 0 98 0 0
9 9 1 1 100 0.75 5 724 0 36 35 0 98 0 0
9 9 1 1 100 0.75 5 725 0 45 45 0 98 0 0
9 9 1 1 100 0.75 5 726 0 54 53 0 98 0 0
9 9 1 1 100 0.75 5 727 0 63 62 0 98 0 0
9 9 1 1 100 0.75 5 728 2 72 70 0 98 0 0
9 9 1 1 100 0.75 5 729 4 81 76 2 98 0 0
9 9 1 1 100 0.75 5 730 6 90 79 4 98 0 0
9 9 1 1 100 0.75 5 731 12 99 83 6 98 0 0
9 9 1 1 100 0.75 5 732 16 108 88 12 98 0 0
9 9 1 1 100 0.75 5 733 19 117 92 16 98 0 0
9 9 1 1 100 0.75 5 734 24 126 99 19 98 0 0
9 9 1 1 100 0.75 5 735 29 135 107 24 98 0 1
9 9 1 1 100 0.75 5 736 33 144 111 29 98 0 3
9 9 1 1 100 0.75 5 737 40 153 116 33 98 0 5
9 9 1 1 100 0.75 5 738 53 162 116 40 98 0 8
9 9 1 1 100 0.75 5 739 59 171 125 53 98 0 11
9 9 1 1 100 0.75 5 740 65 180 130 59 98 0 14
9 9 1 1 100 0.75 5 741 73 189 130 65 98 0 15
9 9 1 1 100 0.75 5 742 75 198 142 73 98 0 18
9 9 1 1 100 0.75 5 743 80 207 154 75 98 0 24
9 9 1 1 100 0.75 5 744 85 216 160 80 98 0 28
9 9 1 1 100 0.75 5 745 94 225 167 85 98 0 36
9 9 1 1 100 0.75 5 746 105 234 175 94 98 0 45
9 9 1 1 100 0.75 5 747 110 243 181 105 98 0 49
9 9 1 1 100 0.75 5 748 117 252 188 110 98 0 54
9 9 1 1 100 0.75 5 749 124 261 192 117 98 0 59
9 9 1 1 100 0.75 5 750 130 270 200 124 98 0 62
9 9 1 1 100 0.75 5 751 136 278 213 129 99 1 67
9 9 1 1 100 0.75 5 752 143 286 214 134 100 2 69
9 9 1 1 100 0.75 5 753 147 294 225 140 101 3 74
9 9 1 1 100 0.75 5 754 152 302 235 143 102 4 77
9 9 1 1 100 0.75 5 755 162 309 242 146 104 6 80
9 9 1 1 100 0.75 5 756 168 315 245 153 107 9 82
9 9 1 1 100 0.75 5 757 176 320 252 155 111 13 85
9 9 1 1 100 0.75 5 758 187 326 248 160 114 16 83
9 9 1 1 100 0.75 5 759 195 333 257 169 116 18 83
9 9 1 1 100 0.75 5 760 205 337 257 172 121 23 83
9 9 1 1 100 0.75 5 761 215 345 259 181 122 24 86
9 9 1 1 100 0.75 5 762 227 348 260 185 128 30 88
9 9 1 1 100 0.75 5 763 236 349 257 189 136 38 86
9 9 1 1 100 0.75 5 764 246 350 254 190 143 46 84
9 9 1 1 100 0.75 5 765 254 355 257 196 147 50 89
9 9 1 1 100 0.75 5 766 268 360 258 200 151 54 93
9 9 1 1 100 0.75 5 767 277 366 260 213 154 57 93
9 9 1 1 100 0.75 5 768 283 368 262 216 161 64 93
9 9 1 1 100 0.75 5 769 291 371 266 216 166 70 96
9 9 1 1 100 0.75 5 770 302 376 262 220 170 74 105
9 9 1 1 100 0.75 5 771 313 383 270 229 172 76 106
9 9 1 1 100 0.75 5 772 325 388 278 236 176 80 109
9 9 1 1 100 0.75 5 773 334 389 272 240 184 88 108
9 9 1 1 100 0.75 5 774 341 394 288 245 187 92 110
9 9 1 1 100 0.75 5 775 355 400 277 249 190 95 114
9 9 1 1 100 0.75 5 776 370 405 281 261 194 99 115
9 9 1 1 100 0.75 5 777 376 410 281 273 198 103 118
9 9 1 1 100 0.75 5 778 394 415 279 276 202 107 122
9 9 1 1 100 0.75 5 779 402 420 281 293 206 111 125
9 9 1 1 100 0.75 5 780 410 423 283 295 211 117 127
9 9 1 1 100 0.75 5 781 417 424 277 296 218 125 128
9 9 1 1 100 0.75 5 782 437 423 274 295 228 135 125
9 9 1 1 100 0.75 5 783 448 423 273 306 237 144 131
9 9 1 1 100 0.75 5 784 458 430 273 316 239 146 134
9 9 1 1 100 0.75 5 785 467 429 283 317 249 156 136
9 9 1 1 100 0.75 5 786 481 430 280 320 257 164 140
9 9 1 1 100 0.75 5 787 491 430 274 327 266 173 136
9 9 1 1 100 0.75 5 788 502 432 266 333 273 180 133
9 9 1 1 100 0.75 5 789 508 435 274 338 279 186 138
9 9 1 1 100 0.75 5 790 515 436 283 338 287 194 146
9 9 1 1 100 0.75 5 791 518 436 279 336 296 203 145
9 9 1 1 100 0.75 5 792 527 441 281 338 300 207 147
9 9 1 1 100 0.75 5 793 538 444 272 343 306 213 153
9 9 1 1 100 0.75 5 794 550 447 282 349 312 219 158
9 9 1 1 100 0.75 5 795 560 447 270 354 320 228 158
9 9 1 1 100 0.75 5 796 566 449 273 362 327 235 157
9 9 1 1 100 0.75 5 797 575 452 262 365 333 241 156
9 9 1 1 100 0.75 5 798 583 453 256 368 341 249 152
9 9 1 1 100 0.75 5 799 593 454 255 370 349 257 151
9 9 1 1 100 0.75 5 800 598 453 264 372 358 267 148
9 9 1 1 100 0.75 5 801 607 452 253 369 368 277 148
9 9 1 1 100 0.75 5 802 613 443 250 364 386 295 143
9 9 1 1 100 0.75 5 803 622 446 252 367 392 301 151
9 9 1 1 100 0.75 5 804 629 450 249 373 397 306 153
9 9 1 1 100 0.75 5 805 638 450 249 372 406 315 151
9 9 1 1 100 0.75 5 806 644 449 240 373 416 325 148
9 9 1 1 100 0.75 5 807 654 447 245 370 426 336 146
9 9 1 1 100 0.75 5 808 658 449 230 376 433 343 146
9 9 1 1 100 0.75 5 809 665 449 239 375 442 352 144
9 9 1 1 100 0.75 5 810 670 451 244 379 449 359 144
9 9 1 1 100 0.75 5 811 677 448 245 376 461 371 142
9 9 1 1 100 0.75 5 812 683 448 236 374 470 380 140
9 9 1 1 100 0.75 5 813 690 448 239 372 479 389 136
9 9 1 1 100 0.75 5 814 694 450 230 377 486 396 136
9 9 1 1 100 0.75 5 815 697 452 241 379 493 403 138
9 9 1 1 100 0.75 5 816 703 453 220 379 501 411 138
9 9 1 1 100 0.75 5 817 708 456 232 384 507 417 140
9 9 1 1 100 0.75 5 818 713 458 208 386 514 424 138
9 9 1 1 100 0.75 5 819 717 453 220 381 528 438 129
9 9 1 1 100 0.75 5 820 724 456 229 383 534 444 131
9 9 1 1 100 0.75 5 821 730 454 223 382 544 455 133
9 9 1 1 100 0.75 5 822 733 455 226 383 551 463 130
9 9 1 1 100 0.75 5 823 738 455 214 382 560 472 126
9 9 1 1 100 0.75 5 824 741 459 215 387 564 477 129
9 9 1 1 100 0.75 5 825 747 464 221 391 568 481 130
9 9 1 1 100 0.75 5 826 751 462 217 389 579 492 125
9 9 1 1 100 0.75 5 827 756 465 210 394 585 498 126
9 9 1 1 100 0.75 5 828 760 466 209 395 593 506 126
9 9 1 1 100 0.75 5 829 767 467 216 398 601 514 122
9 9 1 1 100 0.75 5 830 769 469 195 401 608 521 120
9 9 1 1 100 0.75 5 831 772 475 222 402 611 524 124
9 9 1 1 100 0.75 5 832 777 478 215 407 617 530 124
9 9 1 1 100 0.75 5 833 784 478 204 408 626 539 121
9 9 1 1 100 0.75 5 834 785 479 201 408 633 547 121
9 9 1 1 100 0.75 5 835 790 478 205 409 643 557 118
9 9 1 1 100 0.75 5 836 793 480 205 411 650 564 119
9 9 1 1 100 0.75 5 837 795 482 202 413 657 571 119
9 9 1 1 100 0.75 5 838 800 482 200 414 666 580 118
9 9 1 1 100 0.75 5 839 805 483 191 414 674 588 116
9 9 1 1 100 0.75 5 840 806 485 189 418 681 595 115
9 9 1 1 100 0.75 5 841 811 487 189 415 688 602 114
9 9 1 1 100 0.75 5 842 814 490 197 422 694 608 114
9 9 1 1 100 0.75 5 843 816 493 197 425 699 614 115
9 9 1 1 100 0.75 5 844 817 494 198 427 707 622 116
9 9 1 1 100 0.75 5 845 820 500 191 431 710 625 120
9 9 1 1 100 0.75 5 846 823 501 193 431 717 633 118
9 9 1 1 100 0.75 5 847 826 501 185 434 726 642 114
9 9 1 1 100 0.75 5 848 828 505 207 433 731 647 118
9 9 1 1 100 0.75 5 849 829 510 199 443 734 651 124
9 9 1 1 100 0.75 5 850 833 515 195 443 737 655 128
9 9 1 1 100 0.75 5 851 835 518 211 448 743 661 128
9 9 1 1 100 0.75 5 852 838 518 207 449 752 670 125
9 9 1 1 100 0.75 5 853 841 517 192 449 759 680 122
9 9 1 1 100 0.75 5 854 846 516 195 443 769 690 120
9 9 1 1 100 0.75 5 855 850 518 186 448 776 697 118
9 9 1 1 100 0.75 5 856 853 524 202 454 779 700 121
9 9 1 1 100 0.75 5 857 856 529 191 460 782 704 121
9 9 1 1 100 0.75 5 858 860 530 201 461 789 712 123
9 9 1 1 100 0.75 5 859 864 531 191 462 797 720 121
9 9 1 1 100 0.75 5 860 866 530 186 461 807 730 114
9 9 1 1 100 0.75 5 861 867 532 189 463 814 737 113
9 9 1 1 100 0.75 5 862 868 536 200 468 819 742 116
9 9 1 1 100 0.75 5 863 868 541 202 474 823 746 123
9 9 1 1 100 0.75 5 864 870 544 187 476 829 752 122
9 9 1 1 100 0.75 5 865 871 545 204 476 837 760 120
9 9 1 1 100 0.75 5 866 873 542 194 474 849 772 116
9 9 1 1 100 0.75 5 867 875 544 186 477 855 779 116
9 9 1 1 100 0.75 5 868 876 545 189 475 863 787 114
9 9 1 1 100 0.75 5 869 878 548 206 479 868 793 116
9 9 1 1 100 0.75 5 870 883 554 179 482 870 796 121
9 9 1 1 100 0.75 5 870 883 554 554 482 989 796 121
9 9 1 1 100 0.75 5 900 883 554 554 482 97 796 121
9 9 1 1 100 0.75 6 901 0 9 9 0 97 0 0
9 9 1 1 100 0.75 6 902 0 18 18 0 97 0 0
9 9 1 1 100 0.75 6 903 0 27 27 0 97 0 0
9 9 1 1 100 0.75 6 904 0 36 36 0 97 0 0
9 9 1 1 100 0.75 6 905 0 45 44 0 97 0 0
9 9 1 1 100 0.75 6 906 0 54 54 0 97 0 0
9 9 1 1 100 0.75 6 907 0 63 62 0 97 0 0
9 9 1 1 100 0.75 6 908 2 72 68 0 97 0 0
9 9 1 1 100 0.75 6 909 3 81 77 2 97 0 0
9 9 1 1 100 0.75 6 910 11 90 77 3 97 0 0
9 9 1 1 100 0.75 6 911 18 99 76 11 97 0 0
9 9 1 1 100 0.75 6 912 21 108 84 18 97 0 0
9 9 1 1 100 0.75 6 913 26 117 89 21 97 0 0
9 9 1 1 100 0.75 6 914 32 126 92 26 97 0 0
9 9 1 1 100 0.75 6 915 39 135 95 32 97 0 1
9 9 1 1 100 0.75 6 916 45 144 98 39 97 0 2
9 9 1 1 100 0.75 6 917 49 153 110 45 97 0 6
9 9 1 1 100 0.75 6 918 53 162 118 49 97 0 11
9 9 1 1 100 0.75 6 919 60 171 123 53 97 0 13
9 9 1 1 100 0.75 6 920 65 180 131 60 97 0 16
9 9 1 1 100 0.75 6 921 69 189 138 65 97 0 23
9 9 1 1 100 0.75 6 922 75 198 151 69 97 0 26
9 9 1 1 100 0.75 6 923 85 207 159 75 97 0 31
9 9 1 1 100 0.75 6 924 96 216 162 85 97 0 38
9 9 1 1 100 0.75 6 925 99 225 168 96 97 0 38
9 9 1 1 100 0.75 6 926 111 234 173 99 97 0 44
9 9 1 1 100 0.75 6 927 116 243 185 111 97 0 47
9 9 1 1 100 0.75 6 928 121 252 192 116 97 0 48
9 9 1 1 100 0.75 6 929 126 261 198 121 97 0 49
9 9 1 1 100 0.75 6 930 130 269 208 125 98 1 54
9 9 1 1 100 0.75 6 931 142 277 212 128 99 2 63
9 9 1 1 100 0.75 6 932 149 286 218 140 99 2 67
9 9 1 1 100 0.75 6 933 158 295 231 147 99 2 76
9 9 1 1 100 0.75 6 934 167 302 237 154 101 4 80
9 9 1 1 100 0.75 6 935 176 310 240 162 102 5 82
9 9 1 1 100 0.75 6 936 183 312 240 164 109 12 80
9 9 1 1 100 0.75 6 937 197 318 238 168 112 15 80
9 9 1 1 100 0.75 6 938 205 320 236 175 119 22 77
9 9 1 1 100 0.75 6 939 210 323 247 177 125 28 81
9 9 1 1 100 0.75 6 940 218 326 239 176 131 34 79
9 9 1 1 100 0.75 6 941 227 334 253 183 132 35 86
9 9 1 1 100 0.75 6 942 235 338 252 187 137 40 86
9 9 1 1 100 0.75 6 943 246 346 260 194 138 41 93
9 9 1 1 100 0.75 6 944 254 353 260 204 139 43 98
9 9 1 1 100 0.75 6 945 265 360 266 210 141 45 105
9 9 1 1 100 0.75 6 946 273 365 275 217 145 49 106
9 9 1 1 100 0.75 6 947 281 369 278 220 150 54 106
9 9 1 1 100 0.75 6 948 294 372 270 222 156 60 107
9 9 1 1 100 0.75 6 949 303 374 268 228 163 67 107
9 9 1 1 100 0.75 6 950 314 376 261 230 170 74 108
9 9 1 1 100 0.75 6 951 326 379 267 235 176 80 108
9 9 1 1 100 0.75 6 952 340 384 256 243 180 84 112
9 9 1 1 100 0.75 6 953 348 387 263 251 186 90 112
9 9 1 1 100 0.75 6 954 357 392 264 257 190 94 112
9 9 1 1 100 0.75 6 955 371 395 255 261 196 100 111
9 9 1 1 100 0.75 6 956 379 397 267 268 203 107 115
9 9 1 1 100 0.75 6 957 388 404 268 275 205 109 120
9 9 1 1 100 0.75 6 958 395 403 274 276 215 119 118
9 9 1 1 100 0.75 6 959 407 403 269 274 224 128 119
9 9 1 1 100 0.75 6 960 414 407 273 281 229 133 125
9 9 1 1 100 0.75 6 961 428 408 265 281 237 141 123
9 9 1 1 100 0.75 6 962 445 412 267 292 242 146 131
9 9 1 1 100 0.75 6 963 458 411 250 299 252 156 129
9 9 1 1 100 0.75 6 964 468 415 257 309 257 161 130
9 9 1 1 100 0.75 6 965 479 419 249 314 261 166 130
9 9 1 1 100 0.75 6 966 491 420 244 318 269 174 129
9 9 1 1 100 0.75 6 967 503 426 243 330 272 177 131
9 9 1 1 100 0.75 6 968 508 428 246 336 279 184 132
9 9 1 1 100 0.75 6 969 517 432 252 339 284 189 143
9 9 1 1 100 0.75 6 970 529 430 255 338 295 200 145
9 9 1 1 100 0.75 6 971 536 433 254 346 301 206 148
9 9 1 1 100 0.75 6 972 543 435 259 348 308 213 150
9 9 1 1 100 0.75 6 973 552 439 262 353 312 218 154
9 9 1 1 100 0.75 6 974 564 442 277 356 318 224 159
9 9 1 1 100 0.75 6 975 572 441 268 359 327 234 157
9 9 1 1 100 0.75 6 976 577 439 256 358 338 245 155
9 9 1 1 100 0.75 6 977 583 437 250 358 349 256 150
9 9 1 1 100 0.75 6 978 593 437 249 358 358 265 151
9 9 1 1 100 0.75 6 979 598 442 246 367 362 269 154
9 9 1 1 100 0.75 6 980 604 439 249 366 373 281 150
9 9 1 1 100 0.75 6 981 613 441 245 366 380 288 153
9 9 1 1 100 0.75 6 982 620 443 246 369 387 295 155
9 9 1 1 100 0.75 6 983 627 445 246 375 394 302 156
9 9 1 1 100 0.75 6 984 631 447 253 377 401 309 154
9 9 1 1 100 0.75 6 985 640 448 237 374 409 317 153
9 9 1 1 100 0.75 6 986 642 449 253 380 417 325 154
9 9 1 1 100 0.75 6 987 647 449 237 375 426 334 153
9 9 1 1 100 0.75 6 988 657 449 239 375 434 343 151
9 9 1 1 100 0.75 6 989 659 444 242 376 448 357 146
9 9 1 1 100 0.75 6 990 664 445 245 372 456 365 150
9 9 1 1 100 0.75 6 991 670 444 228 369 465 375 145
9 9 1 1 100 0.75 6 992 677 443 222 369 473 385 140
9 9 1 1 100 0.75 6 993 685 444 215 371 479 393 136
9 9 1 1 100 0.75 6 994 690 444 217 372 487 402 131
9 9 1 1 100 0.75 6 995 695 448 209 377 491 407 137
9 9 1 1 100 0.75 6 996 698 447 214 377 498 417 133
9 9 1 1 100 0.75 6 997 703 444 219 374 510 429 126
9 9 1 1 100 0.75 6 998 707 445 199 374 518 437 125
9 9 1 1 100 0.75 6 999 714 444 205 373 528 447 122
9 9 1 1 100 0.75 6 1000 720 449 210 379 532 451 126
9 9 1 1 100 0.75 6 1001 723 447 211 377 542 462 122
9 9 1 1 100 0.75 6 1002 726 449 213 380 548 469 122
9 9 1 1 100 0.75 6 1003 728 450 217 380 555 477 118
9 9 1 1 100 0.75 6 1004 735 455 222 380 559 481 122
9 9 1 1 100 0.75 6 1005 739 457 212 384 566 488 122
9 9 1 1 100 0.75 6 1006 741 459 211 385 572 495 123
9 9 1 1 100 0.75 6 1007 747 456 205 385 582 507 117
9 9 1 1 100 0.75 6 1008 752 455 205 383 592 517 115
9 9 1 1 100 0.75 6 1009 753 455 195 388 601 526 113
9 9 1 1 100 0.75 6 1010 756 461 201 392 604 529 113
9 9 1 1 100 0.75 6 1011 759 463 205 394 610 536 109
9 9 1 1 100 0.75 6 1012 764 468 213 400 614 540 113
9 9 1 1 100 0.75 6 1013 770 475 216 406 615 542 118
9 9 1 1 100 0.75 6 1014 771 477 222 410 622 549 122
9 9 1 1 100 0.75 6 1015 774 478 205 406 629 557 123
9 9 1 1 100 0.75 6 1016 778 478 211 408 638 566 119
9 9 1 1 100 0.75 6 1017 782 479 198 410 646 574 116
9 9 1 1 100 0.75 6 1018 787 482 196 412 652 580 117
9 9 1 1 100 0.75 6 1019 789 484 192 415 659 587 116
9 9 1 1 100 0.75 6 1020 792 490 199 420 661 590 118
9 9 1 1 100 0.75 6 1021 795 491 192 421 669 598 119
9 9 1 1 100 0.75 6 1022 800 494 213 422 675 604 120
9 9 1 1 100 0.75 6 1023 807 498 202 426 680 609 122
9 9 1 1 100 0.75 6 1024 811 498 212 429 689 618 121
9 9 1 1 100 0.75 6 1025 814 499 195 429 697 626 123
9 9 1 1 100 0.75 6 1026 817 503 201 434 702 631 125
9 9 1 1 100 0.75 6 1027 819 502 201 433 712 641 122
9 9 1 1 100 0.75 6 1028 821 508 199 437 715 644 127
9 9 1 1 100 0.75 6 1029 827 510 188 440 722 651 125
9 9 1 1 100 0.75 6 1030 830 513 205 445 728 657 129
9 9 1 1 100 0.75 6 1031 832 515 206 446 735 664 126
9 9 1 1 100 0.75 6 1032 834 514 200 444 744 674 121
9 9 1 1 100 0.75 6 1033 836 516 203 445 751 681 120
9 9 1 1 100 0.75 6 1034 841 519 177 449 757 687 124
9 9 1 1 100 0.75 6 1035 844 520 207 449 765 695 118
9 9 1 1 100 0.75 6 1036 845 523 182 454 770 701 121
9 9 1 1 100 0.75 6 1037 848 528 202 458 774 705 124
9 9 1 1 100 0.75 6 1038 853 531 192 462 780 711 125
9 9 1 1 100 0.75 6 1039 859 532 196 463 787 719 121
9 9 1 1 100 0.75 6 1040 865 532 181 463 796 728 118
9 9 1 1 100 0.75 6 1041 866 536 189 467 801 733 119
9 9 1 1 100 0.75 6 1042 868 534 190 467 812 744 114
9 9 1 1 100 0.75 6 1043 868 534 193 465 821 753 114
9 9 1 1 100 0.75 6 1044 872 537 189 468 827 759 117
9 9 1 1 100 0.75 6 1045 874 539 194 471 833 766 118
9 9 1 1 100 0.75 6 1046 878 541 201 473 840 773 118
9 9 1 1 100 0.75 6 1047 879 543 178 476 847 780 117
9 9 1 1 100 0.75 6 1048 881 548 191 482 851 784 120
9 9 1 1 100 0.75 6 1049 885 548 188 477 860 793 122
9 9 1 1 100 0.75 6 1050 887 551 187 483 866 799 120
9 9 1 1 100 0.75 6 1050 887 551 551 483 986 799 120
9 9 1 1 100 0.75 6 1080 887 551 551 483 97 799 120
9 9 1 1 100 0.75 7 1081 0 9 9 0 97 0 0
9 9 1 1 100 0.75 7 1082 0 18 18 0 97 0 0
9 9 1 1 100 0.75 7 1083 0 27 27 0 97 0 0
9 9 1 1 100 0.75 7 1084 0 36 36 0 97 0 0
9 9 1 1 100 0.75 7 1085 0 45 44 0 97 0 0
9 9 1 1 100 0.75 7 1086 0 54 54 0 97 0 0
9 9 1 1 100 0.75 7 1087 1 63 59 0 97 0 0
9 9 1 1 100 0.75 7 1088 1 72 68 1 97 0 0
9 9 1 1 100 0.75 7 1089 5 81 76 1 97 0 0
9 9 1 1 100 0.75 7 1090 11 90 78 5 97 0 0
9 9 1 1 100 0.75 7 1091 14 99 82 11 97 0 0
9 9 1 1 100 0.75 7 1092 20 108 87 14 97 0 0
9 9 1 1 100 0.75 7 1093 24 117 92 20 97 0 0
9 9 1 1 100 0.75 7 1094 27 126 97 24 97 0 0
9 9 1 1 100 0.75 7 1095 37 135 98 27 97 0 0
9 9 1 1 100 0.75 7 1096 40 144 102 37 97 0 1
9 9 1 1 100 0.75 7 1097 46 153 108 40 97 0 7
9 9 1 1 100 0.75 7 1098 53 162 121 46 97 0 12
9 9 1 1 100 0.75 7 1099 58 171 124 53 97 0 14
9 9 1 1 100 0.75 7 1100 65 180 131 58 97 0 19
9 9 1 1 100 0.75 7 1101 70 189 137 65 97 0 22
9 9 1 1 100 0.75 7 1102 75 198 152 70 97 0 29
9 9 1 1 100 0.75 7 1103 85 207 150 75 97 0 32
9 9 1 1 100 0.75 7 1104 97 216 154 85 97 0 34
9 9 1 1 100 0.75 7 1105 107 225 164 97 97 0 41
9 9 1 1 100 0.75 7 1106 111 234 168 107 97 0 44
9 9 1 1 100 0.75 7 1107 117 243 181 111 97 0 47
9 9 1 1 100 0.75 7 1108 119 252 190 117 97 0 51
9 9 1 1 100 0.75 7 1109 125 261 196 119 97 0 57
9 9 1 1 100 0.75 7 1110 132 270 209 125 97 0 62
9 9 1 1 100 0.75 7 1111 138 279 219 132 97 0 70
9 9 1 1 100 0.75 7 1112 148 283 226 133 102 5 73
9 9 1 1 100 0.75 7 1113 153 291 229 142 103 6 75
9 9 1 1 100 0.75 7 1114 161 300 233 147 103 6 76
9 9 1 1 100 0.75 7 1115 172 306 236 152 106 9 77
9 9 1 1 100 0.75 7 1116 177 311 244 159 110 13 77
9 9 1 1 100 0.75 7 1117 189 316 243 160 114 17 79
9 9 1 1 100 0.75 7 1118 195 320 239 167 119 22 79
9 9 1 1 100 0.75 7 1119 205 325 248 169 123 26 81
9 9 1 1 100 0.75 7 1120 212 328 244 173 129 32 78
9 9 1 1 100 0.75 7 1121 221 333 244 176 133 36 79
9 9 1 1 100 0.75 7 1122 230 338 245 181 137 40 84
9 9 1 1 100 0.75 7 1123 239 343 246 186 141 44 85
9 9 1 1 100 0.75 7 1124 248 349 256 192 144 47 94
9 9 1 1 100 0.75 7 1125 257 354 262 197 148 51 93
9 9 1 1 100 0.75 7 1126 267 357 263 200 154 57 93
9 9 1 1 100 0.75 7 1127 271 362 265 206 158 61 94
9 9 1 1 100 0.75 7 1128 280 366 267 205 163 66 95
9 9 1 1 100 0.75 7 1129 291 366 268 205 172 75 94
9 9 1 1 100 0.75 7 1130 302 371 264 212 176 79 95
9 9 1 1 100 0.75 7 1131 315 375 267 218 181 84 98
9 9 1 1 100 0.75 7 1132 330 379 266 226 186 89 101
9 9 1 1 100 0.75 7 1133 342 384 274 237 190 93 108
9 9 1 1 100 0.75 7 1134 346 392 274 248 191 94 111
9 9 1 1 100 0.75 7 1135 351 397 282 248 195 98 112
9 9 1 1 100 0.75 7 1136 362 398 282 245 203 106 113
9 9 1 1 100 0.75 7 1137 377 405 279 256 205 108 121
9 9 1 1 100 0.75 7 1138 386 410 277 270 209 112 125
9 9 1 1 100 0.75 7 1139 395 410 278 272 218 121 125
9 9 1 1 100 0.75 7 1140 404 407 276 270 230 133 128
9 9 1 1 100 0.75 7 1141 418 413 273 279 233 136 129
9 9 1 1 100 0.75 7 1142 422 416 273 288 238 142 129
9 9 1 1 100 0.75 7 1143 432 420 273 288 243 147 128
9 9 1 1 100 0.75 7 1144 448 424 272 293 248 152 129
9 9 1 1 100 0.75 7 1145 458 425 279 301 256 160 132
9 9 1 1 100 0.75 7 1146 469 427 266 306 263 167 135
9 9 1 1 100 0.75 7 1147 478 429 265 312 270 174 133
9 9 1 1 100 0.75 7 1148 491 429 272 312 279 183 136
9 9 1 1 100 0.75 7 1149 505 431 262 318 286 190 137
9 9 1 1 100 0.75 7 1150 515 436 259 330 290 194 136
9 9 1 1 100 0.75 7 1151 525 438 267 335 297 201 137
9 9 1 1 100 0.75 7 1152 534 437 260 337 307 211 142
9 9 1 1 100 0.75 7 1153 548 438 254 341 315 219 146
9 9 1 1 100 0.75 7 1154 557 442 268 351 320 224 150
9 9 1 1 100 0.75 7 1155 564 444 256 353 327 231 152
9 9 1 1 100 0.75 7 1156 572 440 258 351 340 244 150
9 9 1 1 100 0.75 7 1157 585 442 254 354 346 251 151
9 9 1 1 100 0.75 7 1158 591 445 258 361 352 257 151
9 9 1 1 100 0.75 7 1159 598 446 262 362 360 265 156
9 9 1 1 100 0.75 7 1160 606 448 252 367 367 272 156
9 9 1 1 100 0.75 7 1161 615 448 255 368 376 281 156
9 9 1 1 100 0.75 7 1162 621 451 251 374 382 287 158
9 9 1 1 100 0.75 7 1163 628 449 251 372 393 298 152
9 9 1 1 100 0.75 7 1164 633 447 256 375 404 309 151
9 9 1 1 100 0.75 7 1165 636 449 240 375 411 316 149
9 9 1 1 100 0.75 7 1166 642 450 244 375 419 324 142
9 9 1 1 100 0.75 7 1167 651 453 231 376 425 330 147
9 9 1 1 100 0.75 7 1168 656 457 242 384 430 335 149
9 9 1 1 100 0.75 7 1169 663 460 249 387 436 341 153
9 9 1 1 100 0.75 7 1170 670 455 240 380 450 355 145
9 9 1 1 100 0.75 7 1171 672 451 229 377 463 368 139
9 9 1 1 100 0.75 7 1172 677 444 213 368 479 384 129
9 9 1 1 100 0.75 7 1173 682 444 210 372 488 393 126
9 9 1 1 100 0.75 7 1174 687 446 207 374 494 400 126
9 9 1 1 100 0.75 7 1175 695 448 217 373 501 407 124
9 9 1 1 100 0.75 7 1176 699 451 223 378 503 413 125
9 9 1 1 100 0.75 7 1177 702 456 207 382 507 417 124
9 9 1 1 100 0.75 7 1178 706 454 209 382 518 428 122
9 9 1 1 100 0.75 7 1179 710 454 204 382 527 437 122
9 9 1 1 100 0.75 7 1180 715 458 204 387 532 442 126
9 9 1 1 100 0.75 7 1181 719 458 204 384 541 451 119
9 9 1 1 100 0.75 7 1182 723 461 196 390 547 457 118
9 9 1 1 100 0.75 7 1183 729 460 203 390 557 467 118
9 9 1 1 100 0.75 7 1184 734 466 222 398 559 470 121
9 9 1 1 100 0.75 7 1185 735 466 212 397 568 479 123
9 9 1 1 100 0.75 7 1186 737 468 219 396 575 486 124
9 9 1 1 100 0.75 7 1187 744 470 207 396 582 493 123
9 9 1 1 100 0.75 7 1188 749 471 196 400 589 501 118
9 9 1 1 100 0.75 7 1189 752 474 211 404 594 507 121
9 9 1 1 100 0.75 7 1190 755 475 206 404 602 515 121
9 9 1 1 100 0.75 7 1191 760 477 216 407 609 522 122
9 9 1 1 100 0.75 7 1192 762 483 205 416 612 525 128
9 9 1 1 100 0.75 7 1193 764 485 219 417 619 532 125
9 9 1 1 100 0.75 7 1194 771 487 210 415 626 539 125
9 9 1 1 100 0.75 7 1195 772 487 206 420 635 548 125
9 9 1 1 100 0.75 7 1196 777 490 209 419 641 554 128
9 9 1 1 100 0.75 7 1197 779 492 197 423 648 561 126
9 9 1 1 100 0.75 7 1198 780 495 209 427 654 567 129
9 9 1 1 100 0.75 7 1199 785 494 203 425 664 577 124
9 9 1 1 100 0.75 7 1200 789 497 189 432 670 583 127
9 9 1 1 100 0.75 7 1201 791 499 204 431 677 590 129
9 9 1 1 100 0.75 7 1202 792 497 199 430 688 601 123
9 9 1 1 100 0.75 7 1203 796 501 204 431 693 606 126
9 9 1 1 100 0.75 7 1204 801 506 187 436 696 610 129
9 9 1 1 100 0.75 7 1205 806 509 201 440 702 616 131
9 9 1 1 100 0.75 7 1206 810 511 184 442 709 623 129
9 9 1 1 100 0.75 7 1207 812 516 206 448 713 627 135
9 9 1 1 100 0.75 7 1208 817 520 202 448 718 632 137
9 9 1 1 100 0.75 7 1209 819 518 189 451 729 643 129
9 9 1 1 100 0.75 7 1210 820 516 189 447 740 654 124
9 9 1 1 100 0.75 7 1211 821 518 188 447 746 661 123
9 9 1 1 100 0.75 7 1212 821 518 179 448 755 670 119
9 9 1 1 100 0.75 7 1213 825 523 177 451 758 674 124
9 9 1 1 100 0.75 7 1214 827 521 177 452 768 685 116
9 9 1 1 100 0.75 7 1215 830 522 187 453 775 693 115
9 9 1 1 100 0.75 7 1216 832 525 188 457 781 699 116
9 9 1 1 100 0.75 7 1217 836 533 195 467 782 700 118
9 9 1 1 100 0.75 7 1218 839 532 189 465 792 710 114
9 9 1 1 100 0.75 7 1219 843 533 185 466 800 718 112
9 9 1 1 100 0.75 7 1220 845 533 188 466 809 727 109
9 9 1 1 100 0.75 7 1221 848 530 178 460 820 739 105
9 9 1 1 100 0.75 7 1222 850 533 181 465 824 745 109
9 9 1 1 100 0.75 7 1223 856 534 175 464 832 753 106
9 9 1 1 100 0.75 7 1224 857 537 188 469 837 759 111
9 9 1 1 100 0.75 7 1225 862 541 195 469 842 764 112
9 9 1 1 100 0.75 7 1226 863 547 209 481 845 767 117
9 9 1 1 100 0.75 7 1227 866 552 185 484 849 771 119
9 9 1 1 100 0.75 7 1228 869 551 195 483 859 781 115
9 9 1 1 100 0.75 7 1229 872 557 189 487 862 784 117
9 9 1 1 100 0.75 7 1230 874 559 182 490 867 791 119
9 9 1 1 100 0.75 7 1230 874 559 559 490 983 791 119
9 9 1 1 100 0.75 7 1260 874 559 559 490 98 791 119
9 9 1 1 100 0.75 8 1261 0 9 9 0 98 0 0
9 9 1 1 100 0.75 8 1262 0 18 18 0 98 0 0
9 9 1 1 100 0.75 8 1263 0 27 27 0 98 0 0
9 9 1 1 100 0.75 8 1264 0 36 35 0 98 0 0
9 9 1 1 100 0.75 8 1265 0 45 45 0 98 0 0
9 9 1 1 100 0.75 8 1266 0 54 52 0 98 0 0
9 9 1 1 100 0.75 8 1267 0 63 63 0 98 0 0
9 9 1 1 100 0.75 8 1268 1 72 70 0 98 0 0
9 9 1 1 100 0.75 8 1269 3 81 77 1 98 0 0
9 9 1 1 100 0.75 8 1270 6 90 82 3 98 0 0
9 9 1 1 100 0.75 8 1271 11 99 86 6 98 0 0
9 9 1 1 100 0.75 8 1272 19 108 86 11 98 0 0
9 9 1 1 100 0.75 8 1273 25 117 90 19 98 0 0
9 9 1 1 100 0.75 8 1274 29 126 95 25 98 0 0
9 9 1 1 100 0.75 8 1275 36 135 97 29 98 0 0
9 9 1 1 100 0.75 8 1276 42 144 100 36 98 0 1
9 9 1 1 100 0.75 8 1277 48 153 101 42 98 0 2
9 9 1 1 100 0.75 8 1278 53 162 114 48 98 0 7
9 9 1 1 100 0.75 8 1279 62 171 113 53 98 0 11
9 9 1 1 100 0.75 8 1280 69 180 128 62 98 0 16
9 9 1 1 100 0.75 8 1281 73 189 135 69 98 0 20
9 9 1 1 100 0.75 8 1282 78 198 148 73 98 0 22
9 9 1 1 100 0.75 8 1283 86 207 153 78 98 0 29
9 9 1 1 100 0.75 8 1284 91 216 162 86 98 0 32
9 9 1 1 100 0.75 8 1285 97 225 165 91 98 0 34
9 9 1 1 100 0.75 8 1286 104 234 178 97 98 0 39
9 9 1 1 100 0.75 8 1287 115 243 182 104 98 0 44
9 9 1 1 100 0.75 8 1288 123 252 190 115 98 0 48
9 9 1 1 100 0.75 8 1289 126 261 202 123 98 0 52
9 9 1 1 100 0.75 8 1290 133 270 208 126 98 0 59
9 9 1 1 100 0.75 8 1291 136 279 217 133 98 0 62
9 9 1 1 100 0.75 8 1292 144 288 220 136 98 0 66
9 9 1 1 100 0.75 8 1293 151 296 231 143 99 1 69
9 9 1 1 100 0.75 8 1294 157 304 238 149 100 2 73
9 9 1 1 100 0.75 8 1295 165 312 247 154 101 3 80
9 9 1 1 100 0.75 8 1296 173 316 249 157 106 8 80
9 9 1 1 100 0.75 8 1297 184 319 247 159 112 14 77
9 9 1 1 100 0.75 8 1298 194 319 240 161 121 23 73
9 9 1 1 100 0.75 8 1299 204 326 244 169 123 25 75
9 9 1 1 100 0.75 8 1300 211 334 247 178 124 26 80
9 9 1 1 100 0.75 8 1301 220 339 253 181 128 30 79
9 9 1 1 100 0.75 8 1302 227 345 254 187 131 33 81
9 9 1 1 100 0.75 8 1303 234 350 258 190 135 37 84
9 9 1 1 100 0.75 8 1304 248 353 256 191 141 43 84
9 9 1 1 100 0.75 8 1305 260 357 264 200 146 48 90
9 9 1 1 100 0.75 8 1306 271 362 259 208 150 52 91
9 9 1 1 100 0.75 8 1307 281 368 269 217 153 55 96
9 9 1 1 100 0.75 8 1308 292 375 260 225 155 57 101
9 9 1 1 100 0.75 8 1309 302 375 262 227 164 66 98
9 9 1 1 100 0.75 8 1310 315 380 257 234 168 70 101
9 9 1 1 100 0.75 8 1311 326 379 255 238 178 80 100
9 9 1 1 100 0.75 8 1312 339 387 262 249 179 81 109
9 9 1 1 100 0.75 8 1313 344 394 275 260 181 83 117
9 9 1 1 100 0.75 8 1314 357 397 270 259 187 89 120
9 9 1 1 100 0.75 8 1315 365 401 285 267 192 94 120
9 9 1 1 100 0.75 8 1316 375 407 278 272 195 97 122
9 9 1 1 100 0.75 8 1317 389 409 277 275 202 104 127
9 9 1 1 100 0.75 8 1318 402 415 284 287 205 107 133
9 9 1 1 100 0.75 8 1319 411 420 290 297 209 111 141
9 9 1 1 100 0.75 8 1320 419 423 285 300 215 117 139
9 9 1 1 100 0.75 8 1321 431 424 288 301 223 125 141
9 9 1 1 100 0.75 8 1322 440 424 279 305 232 134 139
9 9 1 1 100 0.75 8 1323 450 424 284 306 241 143 136
9 9 1 1 100 0.75 8 1324 458 423 274 308 251 153 136
9 9 1 1 100 0.75 8 1325 468 424 278 312 259 161 136
9 9 1 1 100 0.75 8 1326 485 430 272 321 262 164 141
9 9 1 1 100 0.75 8 1327 495 433 271 333 268 170 142
9 9 1 1 100 0.75 8 1328 504 435 290 337 275 177 144
9 9 1 1 100 0.75 8 1329 513 434 269 338 284 187 144
9 9 1 1 100 0.75 8 1330 519 437 269 343 290 193 143
9 9 1 1 100 0.75 8 1331 531 438 261 343 298 201 145
9 9 1 1 100 0.75 8 1332 538 438 267 347 307 210 142
9 9 1 1 100 0.75 8 1333 542 435 271 346 319 222 147
9 9 1 1 100 0.75 8 1334 554 434 263 341 328 232 147
9 9 1 1 100 0.75 8 1335 561 435 262 346 336 240 144
9 9 1 1 100 0.75 8 1336 573 440 260 351 340 244 152
9 9 1 1 100 0.75 8 1337 585 441 263 355 348 252 152
9 9 1 1 100 0.75 8 1338 595 439 265 357 358 263 148
9 9 1 1 100 0.75 8 1339 602 441 256 361 365 270 146
9 9 1 1 100 0.75 8 1340 608 443 255 363 372 277 145
9 9 1 1 100 0.75 8 1341 615 443 246 362 381 286 141
9 9 1 1 100 0.75 8 1342 623 447 254 367 386 291 145
9 9 1 1 100 0.75 8 1343 634 444 237 366 398 303 141
9 9 1 1 100 0.75 8 1344 635 445 248 372 406 311 142
9 9 1 1 100 0.75 8 1345 644 449 242 372 411 316 148
9 9 1 1 100 0.75 8 1346 655 453 244 377 416 321 149
9 9 1 1 100 0.75 8 1347 666 449 241 378 429 334 140
9 9 1 1 100 0.75 8 1348 667 451 245 383 436 341 142
9 9 1 1 100 0.75 8 1349 675 451 232 375 445 350 140
9 9 1 1 100 0.75 8 1350 682 451 237 378 454 359 142
9 9 1 1 100 0.75 8 1351 689 450 236 379 464 369 139
9 9 1 1 100 0.75 8 1352 694 447 226 376 476 381 134
9 9 1 1 100 0.75 8 1353 698 448 227 377 484 389 134
9 9 1 1 100 0.75 8 1354 703 451 209 381 490 395 137
9 9 1 1 100 0.75 8 1355 706 451 224 379 499 404 135
9 9 1 1 100 0.75 8 1356 714 451 225 374 508 413 129
9 9 1 1 100 0.75 8 1357 717 455 216 386 512 418 134
9 9 1 1 100 0.75 8 1358 723 457 217 387 519 425 135
9 9 1 1 100 0.75 8 1359 723 457 224 389 528 434 133
9 9 1 1 100 0.75 8 1360 730 459 216 386 535 441 135
9 9 1 1 100 0.75 8 1361 732 460 226 391 543 449 134
9 9 1 1 100 0.75 8 1362 735 461 216 389 551 457 128
9 9 1 1 100 0.75 8 1363 742 463 221 390 558 464 128
9 9 1 1 100 0.75 8 1364 746 463 208 391 567 473 131
9 9 1 1 100 0.75 8 1365 751 468 226 400 571 477 138
9 9 1 1 100 0.75 8 1366 751 468 219 402 580 486 133
9 9 1 1 100 0.75 8 1367 754 469 210 400 588 494 132
9 9 1 1 100 0.75 8 1368 757 471 216 402 595 501 131
9 9 1 1 100 0.75 8 1369 758 476 221 408 598 505 134
9 9 1 1 100 0.75 8 1370 765 474 202 403 609 516 128
9 9 1 1 100 0.75 8 1371 769 476 217 409 616 523 134
9 9 1 1 100 0.75 8 1372 769 473 208 408 628 535 127
9 9 1 1 100 0.75 8 1373 776 477 209 405 633 540 129
9 9 1 1 100 0.75 8 1374 778 477 213 411 642 549 125
9 9 1 1 100 0.75 8 1375 780 481 211 411 647 554 130
9 9 1 1 100 0.75 8 1376 784 481 218 409 656 563 127
9 9 1 1 100 0.75 8 1377 788 482 207 411 664 571 132
9 9 1 1 100 0.75 8 1378 790 481 206 410 674 581 130
9 9 1 1 100 0.75 8 1379 795 481 194 409 683 590 123
9 9 1 1 100 0.75 8 1380 799 484 208 412 689 596 124
9 9 1 1 100 0.75 8 1381 803 487 189 415 695 602 126
9 9 1 1 100 0.75 8 1382 805 493 197 425 697 605 130
9 9 1 1 100 0.75 8 1383 811 498 191 428 701 609 132
9 9 1 1 100 0.75 8 1384 812 493 195 425 715 623 125
9 9 1 1 100 0.75 8 1385 813 494 187 424 723 631 125
9 9 1 1 100 0.75 8 1386 815 497 210 426 729 637 125
9 9 1 1 100 0.75 8 1387 817 498 189 430 737 645 126
9 9 1 1 100 0.75 8 1388 821 497 210 428 747 655 128
9 9 1 1 100 0.75 8 1389 823 504 215 435 749 657 130
9 9 1 1 100 0.75 8 1390 825 505 202 438 756 665 128
9 9 1 1 100 0.75 8 1391 830 508 183 438 762 671 130
9 9 1 1 100 0.75 8 1392 836 512 202 444 767 676 129
9 9 1 1 100 0.75 8 1393 840 512 176 444 776 685 127
9 9 1 1 100 0.75 8 1394 843 512 202 442 784 694 126
9 9 1 1 100 0.75 8 1395 845 512 177 443 793 703 121
9 9 1 1 100 0.75 8 1396 850 515 185 443 799 709 122
9 9 1 1 100 0.75 8 1397 853 515 185 447 808 718 118
9 9 1 1 100 0.75 8 1398 855 520 199 452 811 722 121
9 9 1 1 100 0.75 8 1399 857 523 190 455 816 728 120
9 9 1 1 100 0.75 8 1400 860 520 197 452 828 740 116
9 9 1 1 100 0.75 8 1401 862 523 187 454 834 746 116
9 9 1 1 100 0.75 8 1402 865 526 185 456 840 752 113
9 9 1 1 100 0.75 8 1403 869 528 190 459 847 759 116
9 9 1 1 100 0.75 8 1404 872 525 180 456 858 771 115
9 9 1 1 100 0.75 8 1405 874 527 182 458 865 778 113
9 9 1 1 100 0.75 8 1406 874 526 176 457 875 788 110
9 9 1 1 100 0.75 8 1407 876 528 184 460 882 795 110
9 9 1 1 100 0.75 8 1408 878 533 163 465 885 799 111
9 9 1 1 100 0.75 8 1409 883 536 185 467 891 805 109
9 9 1 1 100 0.75 8 1410 884 540 167 472 896 810 114
9 9 1 1 100 0.75 8 1410 884 540 540 472 1009 810 114
9 9 1 1 100 0.75 8 1440 884 540 540 472 96 810 114
9 9 1 1 100 0.75 9 1441 0 9 9 0 96 0 0
9 9 1 1 100 0.75 9 1442 0 18 18 0 96 0 0
9 9 1 1 100 0.75 9 1443 0 27 27 0 96 0 0
9 9 1 1 100 0.75 9 1444 0 36 35 0 96 0 0
9 9 1 1 100 0.75 9 1445 0 45 44 0 96 0 0
9 9 1 1 100 0.75 9 1446 0 54 52 0 96 0 0
9 9 1 1 100 0.75 9 1447 1 63 60 0 96 0 0
9 9 1 1 100 0.75 9 1448 1 72 69 1 96 0 0
9 9 1 1 100 0.75 9 1449 2 81 77 1 96 0 0
9 9 1 1 100 0.75 9 1450 8 90 80 2 96 0 0
9 9 1 1 100 0.75 9 1451 13 99 85 8 96 0 0
9 9 1 1 100 0.75 9 1452 15 108 90 13 96 0 0
9 9 1 1 100 0.75 9 1453 24 117 92 15 96 0 0
9 9 1 1 100 0.75 9 1454 28 126 99 24 96 0 1
9 9 1 1 100 0.75 9 1455 34 135 99 28 96 0 1
9 9 1 1 100 0.75 9 1456 40 144 103 34 96 0 1
9 9 1 1 100 0.75 9 1457 44 153 110 40 96 0 4
9 9 1 1 100 0.75 9 1458 45 162 116 44 96 0 7
9 9 1 1 100 0.75 9 1459 52 171 126 45 96 0 10
9 9 1 1 100 0.75 9 1460 59 180 133 52 96 0 11
9 9 1 1 100 0.75 9 1461 67 189 140 59 96 0 18
9 9 1 1 100 0.75 9 1462 73 198 150 67 96 0 24
9 9 1 1 100 0.75 9 1463 81 207 159 73 96 0 28
9 9 1 1 100 0.75 9 1464 89 216 163 81 96 0 32
9 9 1 1 100 0.75 9 1465 97 225 166 89 96 0 35
9 9 1 1 100 0.75 9 1466 100 234 178 97 95 0 36
9 9 1 1 100 0.75 9 1467 108 243 186 100 95 0 42
9 9 1 1 100 0.75 9 1468 117 252 191 108 95 0 46
9 9 1 1 100 0.75 9 1469 126 261 191 117 95 0 51
9 9 1 1 100 0.75 9 1470 131 270 206 126 95 0 55
9 9 1 1 100 0.75 9 1471 138 279 213 131 95 0 65
9 9 1 1 100 0.75 9 1472 146 288 218 138 95 0 70
9 9 1 1 100 0.75 9 1473 154 295 225 144 97 2 74
9 9 1 1 100 0.75 9 1474 163 303 229 151 98 3 78
9 9 1 1 100 0.75 9 1475 174 310 232 158 100 5 86
9 9 1 1 100 0.75 9 1476 182 315 238 165 104 9 91
9 9 1 1 100 0.75 9 1477 191 319 242 168 109 14 91
9 9 1 1 100 0.75 9 1478 198 325 246 174 112 17 95
9 9 1 1 100 0.75 9 1479 204 329 250 176 117 22 95
9 9 1 1 100 0.75 9 1480 216 332 249 176 123 28 95
9 9 1 1 100 0.75 9 1481 224 338 252 185 126 31 97
9 9 1 1 100 0.75 9 1482 233 344 263 190 129 34 100
9 9 1 1 100 0.75 9 1483 249 350 262 196 132 37 109
9 9 1 1 100 0.75 9 1484 254 354 267 207 137 42 109
9 9 1 1 100 0.75 9 1485 267 359 260 208 141 46 112
9 9 1 1 100 0.75 9 1486 278 364 260 217 145 50 111
9 9 1 1 100 0.75 9 1487 285 370 263 225 148 53 117
9 9 1 1 100 0.75 9 1488 299 369 264 222 158 63 115
9 9 1 1 100 0.75 9 1489 307 374 267 232 162 67 119
9 9 1 1 100 0.75 9 1490 318 374 260 231 171 76 119
9 9 1 1 100 0.75 9 1491 327 376 266 235 178 83 119
9 9 1 1 100 0.75 9 1492 339 383 273 242 180 85 124
9 9 1 1 100 0.75 9 1493 351 388 269 250 184 89 127
9 9 1 1 100 0.75 9 1494 363 387 263 252 194 99 124
9 9 1 1 100 0.75 9 1495 373 386 257 254 204 109 123
9 9 1 1 100 0.75 9 1496 386 389 266 258 209 115 123
9 9 1 1 100 0.75 9 1497 399 391 248 265 216 122 122
9 9 1 1 100 0.75 9 1498 409 395 259 276 221 127 124
9 9 1 1 100 0.75 9 1499 421 397 251 279 228 134 125
9 9 1 1 100 0.75 9 1500 431 402 254 287 232 138 130
9 9 1 1 100 0.75 9 1501 437 404 262 290 239 145 133
9 9 1 1 100 0.75 9 1502 446 405 255 291 247 153 135
9 9 1 1 100 0.75 9 1503 458 408 258 297 253 159 137
9 9 1 1 100 0.75 9 1504 469 410 273 303 260 166 140
9 9 1 1 100 0.75 9 1505 485 412 262 307 267 173 142
9 9 1 1 100 0.75 9 1506 492 407 260 310 281 187 141
9 9 1 1 100 0.75 9 1507 499 409 254 312 288 194 142
9 9 1 1 100 0.75 9 1508 507 410 250 312 296 202 139
9 9 1 1 100 0.75 9 1509 517 415 258 317 300 206 146
9 9 1 1 100 0.75 9 1510 524 417 255 322 307 213 147
9 9 1 1 100 0.75 9 1511 533 423 261 330 310 216 152
9 9 1 1 100 0.75 9 1512 539 425 269 335 317 223 157
9 9 1 1 100 0.75 9 1513 548 426 255 335 325 231 157
9 9 1 1 100 0.75 9 1514 556 428 248 339 332 238 152
9 9 1 1 100 0.75 9 1515 562 428 255 342 341 247 151
9 9 1 1 100 0.75 9 1516 570 426 254 341 352 258 149
9 9 1 1 100 0.75 9 1517 578 429 239 348 358 264 155
9 9 1 1 100 0.75 9 1518 585 431 244 356 365 271 153
9 9 1 1 100 0.75 9 1519 593 429 225 355 375 282 151
9 9 1 1 100 0.75 9 1520 596 428 228 356 385 292 148
9 9 1 1 100 0.75 9 1521 604 428 240 353 394 301 150
9 9 1 1 100 0.75 9 1522 609 429 245 355 402 309 148
9 9 1 1 100 0.75 9 1523 618 427 243 351 413 320 147
9 9 1 1 100 0.75 9 1524 629 424 231 349 425 332 143
9 9 1 1 100 0.75 9 1525 634 426 244 356 432 339 146
9 9 1 1 100 0.75 9 1526 638 426 242 353 439 348 146
9 9 1 1 100 0.75 9 1527 645 429 223 355 445 354 142
9 9 1 1 100 0.75 9 1528 648 430 228 357 452 362 141
9 9 1 1 100 0.75 9 1529 654 428 223 350 463 373 134
9 9 1 1 100 0.75 9 1530 662 433 228 357 467 377 139
9 9 1 1 100 0.75 9 1531 666 427 219 358 482 392 134
9 9 1 1 100 0.75 9 1532 675 429 216 356 489 399 134
9 9 1 1 100 0.75 9 1533 680 431 202 363 496 406 134
9 9 1 1 100 0.75 9 1534 684 433 198 365 503 413 134
9 9 1 1 100 0.75 9 1535 690 429 206 358 516 426 128
9 9 1 1 100 0.75 9 1536 692 429 206 357 525 435 126
9 9 1 1 100 0.75 9 1537 696 430 199 356 533 443 137
9 9 1 1 100 0.75 9 1538 702 437 206 367 535 445 138
9 9 1 1 100 0.75 9 1539 706 438 210 370 543 453 135
9 9 1 1 100 0.75 9 1540 708 434 200 366 556 466 128
9 9 1 1 100 0.75 9 1541 712 434 193 363 565 475 126
9 9 1 1 100 0.75 9 1542 715 437 192 367 571 481 125
9 9 1 1 100 0.75 9 1543 718 437 188 366 580 490 121
9 9 1 1 100 0.75 9 1544 722 443 203 373 583 493 124
9 9 1 1 100 0.75 9 1545 728 447 190 378 588 498 128
9 9 1 1 100 0.75 9 1546 731 450 198 379 593 504 132
9 9 1 1 100 0.75 9 1547 735 450 195 376 602 513 129
9 9 1 1 100 0.75 9 1548 739 451 212 382 610 521 126
9 9 1 1 100 0.75 9 1549 741 456 193 386 614 525 132
9 9 1 1 100 0.75 9 1550 744 459 200 389 620 531 131
9 9 1 1 100 0.75 9 1551 748 457 180 387 631 542 124
9 9 1 1 100 0.75 9 1552 755 459 208 392 637 549 125
9 9 1 1 100 0.75 9 1553 758 458 190 390 646 559 122
9 9 1 1 100 0.75 9 1554 766 458 202 388 654 568 119
9 9 1 1 100 0.75 9 1555 768 459 192 392 662 576 119
9 9 1 1 100 0.75 9 1556 771 461 186 393 669 583 118
9 9 1 1 100 0.75 9 1557 774 460 191 392 677 593 113
9 9 1 1 100 0.75 9 1558 779 466 186 396 680 596 118
9 9 1 1 100 0.75 9 1559 782 468 184 398 687 603 121
9 9 1 1 100 0.75 9 1560 788 473 187 401 691 607 124
9 9 1 1 100 0.75 9 1561 794 475 188 405 698 614 123
9 9 1 1 100 0.75 9 1562 797 471 171 402 710 627 122
9 9 1 1 100 0.75 9 1563 806 472 186 402 718 635 117
9 9 1 1 100 0.75 9 1564 808 479 176 413 720 637 121
9 9 1 1 100 0.75 9 1565 813 480 184 410 728 645 120
9 9 1 1 100 0.75 9 1566 817 483 175 414 734 651 119
9 9 1 1 100 0.75 9 1567 820 487 186 418 739 656 123
9 9 1 1 100 0.75 9 1568 823 487 185 419 748 665 121
9 9 1 1 100 0.75 9 1569 825 489 179 422 755 672 124
9 9 1 1 100 0.75 9 1570 827 494 200 422 759 676 127
9 9 1 1 100 0.75 9 1571 828 495 185 426 766 684 125
9 9 1 1 100 0.75 9 1572 830 501 192 432 768 687 128
9 9 1 1 100 0.75 9 1573 834 503 203 433 775 694 127
9 9 1 1 100 0.75 9 1574 837 503 195 433 784 703 125
9 9 1 1 100 0.75 9 1575 841 502 169 433 794 713 128
9 9 1 1 100 0.75 9 1576 843 504 176 435 801 720 124
9 9 1 1 100 0.75 9 1577 847 506 177 436 808 727 123
9 9 1 1 100 0.75 9 1578 851 509 194 441 814 733 122
9 9 1 1 100 0.75 9 1579 853 512 183 446 819 739 121
9 9 1 1 100 0.75 9 1580 857 513 191 445 826 747 125
9 9 1 1 100 0.75 9 1581 858 516 185 450 831 753 124
9 9 1 1 100 0.75 9 1582 861 515 176 449 841 763 124
9 9 1 1 100 0.75 9 1583 867 516 190 450 848 771 123
9 9 1 1 100 0.75 9 1584 869 519 183 453 854 777 122
9 9 1 1 100 0.75 9 1585 869 521 196 454 861 784 121
9 9 1 1 100 0.75 9 1586 870 524 180 457 867 790 125
9 9 1 1 100 0.75 9 1587 871 521 183 452 879 802 122
9 9 1 1 100 0.75 9 1588 874 524 181 457 884 808 123
9 9 1 1 100 0.75 9 1589 875 527 186 460 890 814 122
9 9 1 1 100 0.75 9 1590 877 531 175 463 895 819 124
9 9 1 1 100 0.75 9 1590 877 531 531 463 1017 819 124
9 9 1 1 100 0.75 9 1620 877 531 531 463 97 819 124
9 9 1 1 100 0.75 10 1621 0 9 9 0 97 0 0
9 9 1 1 100 0.75 10 1622 0 18 18 0 97 0 0
9 9 1 1 100 0.75 10 1623 0 27 27 0 97 0 0
9 9 1 1 100 0.75 10 1624 0 36 36 0 97 0 0
9 9 1 1 100 0.75 10 1625 0 45 45 0 97 0 0
9 9 1 1 100 0.75 10 1626 0 54 54 0 97 0 0
9 9 1 1 100 0.75 10 1627 0 63 62 0 97 0 0
9 9 1 1 100 0.75 10 1628 2 72 69 0 97 0 0
9 9 1 1 100 0.75 10 1629 6 81 73 2 97 0 0
9 9 1 1 100 0.75 10 1630 8 90 81 6 97 0 0
9 9 1 1 100 0.75 10 1631 9 99 87 8 97 0 0
9 9 1 1 100 0.75 10 1632 16 108 89 9 97 0 0
9 9 1 1 100 0.75 10 1633 24 117 88 16 97 0 0
9 9 1 1 100 0.75 10 1634 30 126 95 24 97 0 0
9 9 1 1 100 0.75 10 1635 38 135 95 30 97 0 0
9 9 1 1 100 0.75 10 1636 44 144 100 38 97 0 0
9 9 1 1 100 0.75 10 1637 48 153 109 44 97 0 3
9 9 1 1 100 0.75 10 1638 53 162 109 48 97 0 4
9 9 1 1 100 0.75 10 1639 56 171 121 53 97 0 8
9 9 1 1 100 0.75 10 1640 67 180 127 56 97 0 11
9 9 1 1 100 0.75 10 1641 74 189 136 67 97 0 16
9 9 1 1 100 0.75 10 1642 79 198 149 74 97 0 22
9 9 1 1 100 0.75 10 1643 92 207 153 79 97 0 28
9 9 1 1 100 0.75 10 1644 98 216 159 92 97 0 33
9 9 1 1 100 0.75 10 1645 105 225 163 98 97 0 37
9 9 1 1 100 0.75 10 1646 110 234 169 105 97 0 41
9 9 1 1 100 0.75 10 1647 113 243 183 110 97 0 43
9 9 1 1 100 0.75 10 1648 118 252 196 113 97 0 53
9 9 1 1 100 0.75 10 1649 125 261 198 118 97 0 57
9 9 1 1 100 0.75 10 1650 132 270 213 125 97 0 67
9 9 1 1 100 0.75 10 1651 140 279 218 132 97 0 73
9 9 1 1 100 0.75 10 1652 145 288 226 140 97 0 77
9 9 1 1 100 0.75 10 1653 151 294 234 142 100 3 78
9 9 1 1 100 0.75 10 1654 159 303 243 148 100 3 84
9 9 1 1 100 0.75 10 1655 162 309 246 153 103 6 83
9 9 1 1 100 0.75 10 1656 169 315 258 153 106 9 86
9 9 1 1 100 0.75 10 1657 178 321 256 157 109 12 87
9 9 1 1 100 0.75 10 1658 186 328 266 164 111 14 89
9 9 1 1 100 0.75 10 1659 194 329 261 164 119 22 85
9 9 1 1 100 0.75 10 1660 207 335 264 169 122 25 86
9 9 1 1 100 0.75 10 1661 217 338 256 176 128 31 86
9 9 1 1 100 0.75 10 1662 225 342 259 181 133 36 83
9 9 1 1 100 0.75 10 1663 235 347 258 185 137 40 81
9 9 1 1 100 0.75 10 1664 241 351 262 190 142 45 83
9 9 1 1 100 0.75 10 1665 251 354 260 190 148 51 85
9 9 1 1 100 0.75 10 1666 256 360 269 197 151 54 87
9 9 1 1 100 0.75 10 1667 264 365 270 198 155 58 92
9 9 1 1 100 0.75 10 1668 277 363 267 195 166 69 92
9 9 1 1 100 0.75 10 1669 287 370 267 208 168 71 96
9 9 1 1 100 0.75 10 1670 298 371 269 210 176 79 96
9 9 1 1 100 0.75 10 1671 306 373 267 214 183 86 95
9 9 1 1 100 0.75 10 1672 324 375 261 216 190 93 93
9 9 1 1 100 0.75 10 1673 337 382 262 233 192 95 93
9 9 1 1 100 0.75 10 1674 345 388 269 243 195 98 95
9 9 1 1 100 0.75 10 1675 356 394 270 249 198 101 101
9 9 1 1 100 0.75 10 1676 364 398 272 255 202 106 105
9 9 1 1 100 0.75 10 1677 381 402 264 258 207 111 107
9 9 1 1 100 0.75 10 1678 394 409 274 274 209 113 113
9 9 1 1 100 0.75 10 1679 403 415 281 285 212 116 119
9 9 1 1 100 0.75 10 1680 415 414 270 286 222 126 118
9 9 1 1 100 0.75 10 1681 419 417 284 292 228 132 125
9 9 1 1 100 0.75 10 1682 428 421 281 291 233 137 126
9 9 1 1 100 0.75 10 1683 443 426 287 296 237 141 128
9 9 1 1 100 0.75 10 1684 454 430 280 306 242 146 135
9 9 1 1 100 0.75 10 1685 466 431 291 310 250 154 140
9 9 1 1 100 0.75 10 1686 485 429 282 312 261 165 137
9 9 1 1 100 0.75 10 1687 493 433 282 326 266 170 138
9 9 1 1 100 0.75 10 1688 503 438 279 331 270 174 143
9 9 1 1 100 0.75 10 1689 510 439 275 334 278 182 140
9 9 1 1 100 0.75 10 1690 521 443 283 338 283 187 146
9 9 1 1 100 0.75 10 1691 530 445 264 344 289 194 149
9 9 1 1 100 0.75 10 1692 537 449 285 350 294 199 153
9 9 1 1 100 0.75 10 1693 546 448 273 350 304 209 153
9 9 1 1 100 0.75 10 1694 564 451 272 355 308 215 159
9 9 1 1 100 0.75 10 1695 575 453 273 366 315 222 161
9 9 1 1 100 0.75 10 1696 580 448 263 366 329 236 154
9 9 1 1 100 0.75 10 1697 587 448 267 363 338 245 153
9 9 1 1 100 0.75 10 1698 592 450 269 366 344 252 157
9 9 1 1 100 0.75 10 1699 601 449 250 363 354 262 156
9 9 1 1 100 0.75 10 1700 608 451 262 370 361 269 156
9 9 1 1 100 0.75 10 1701 613 452 261 372 369 277 156
9 9 1 1 100 0.75 10 1702 620 448 267 368 382 290 158
9 9 1 1 100 0.75 10 1703 629 447 253 366 392 300 155
9 9 1 1 100 0.75 10 1704 637 448 247 370 399 308 154
9 9 1 1 100 0.75 10 1705 644 446 241 373 410 319 151
9 9 1 1 100 0.75 10 1706 653 450 249 377 415 324 152
9 9 1 1 100 0.75 10 1707 658 452 247 381 422 331 152
9 9 1 1 100 0.75 10 1708 661 447 239 376 436 345 148
9 9 1 1 100 0.75 10 1709 666 449 220 379 443 352 145
9 9 1 1 100 0.75 10 1710 671 450 232 380 451 360 143
9 9 1 1 100 0.75 10 1711 674 451 235 381 459 368 145
9 9 1 1 100 0.75 10 1712 680 455 233 383 462 373 147
9 9 1 1 100 0.75 10 1713 685 448 227 379 477 389 142
9 9 1 1 100 0.75 10 1714 688 451 222 380 483 395 145
9 9 1 1 100 0.75 10 1715 693 453 225 382 490 402 144
9 9 1 1 100 0.75 10 1716 699 451 220 378 501 413 138
9 9 1 1 100 0.75 10 1717 704 450 225 379 511 423 135
9 9 1 1 100 0.75 10 1718 709 453 229 383 517 429 138
9 9 1 1 100 0.75 10 1719 715 452 218 381 527 439 132
9 9 1 1 100 0.75 10 1720 722 453 227 385 535 447 134
9 9 1 1 100 0.75 10 1721 724 454 207 386 543 455 132
9 9 1 1 100 0.75 10 1722 728 453 222 382 552 465 126
9 9 1 1 100 0.75 10 1723 733 446 201 373 568 481 119
9 9 1 1 100 0.75 10 1724 739 451 201 380 572 485 123
9 9 1 1 100 0.75 10 1725 745 454 214 381 578 491 126
9 9 1 1 100 0.75 10 1726 751 458 200 388 583 496 134
9 9 1 1 100 0.75 10 1727 754 460 208 392 589 503 130
9 9 1 1 100 0.75 10 1728 761 461 200 390 597 511 130
9 9 1 1 100 0.75 10 1729 767 461 219 391 605 520 123
9 9 1 1 100 0.75 10 1730 770 463 199 393 612 527 123
9 9 1 1 100 0.75 10 1731 771 462 213 393 622 537 122
9 9 1 1 100 0.75 10 1732 776 465 210 391 628 543 120
9 9 1 1 100 0.75 10 1733 782 468 203 395 634 549 125
9 9 1 1 100 0.75 10 1734 785 469 197 398 642 557 122
9 9 1 1 100 0.75 10 1735 790 469 191 399 650 566 119
9 9 1 1 100 0.75 10 1736 797 474 206 402 654 570 124
9 9 1 1 100 0.75 10 1737 801 480 195 412 657 573 128
9 9 1 1 100 0.75 10 1738 804 482 200 414 664 580 123
9 9 1 1 100 0.75 10 1739 808 479 193 408 676 592 117
9 9 1 1 100 0.75 10 1740 811 482 176 412 682 598 114
9 9 1 1 100 0.75 10 1741 811 483 185 418 689 606 118
9 9 1 1 100 0.75 10 1742 814 488 189 419 692 610 117
9 9 1 1 100 0.75 10 1743 819 483 188 413 704 624 108
9 9 1 1 100 0.75 10 1744 821 488 181 419 708 628 118
9 9 1 1 100 0.75 10 1745 823 489 188 417 715 636 115
9 9 1 1 100 0.75 10 1746 828 487 192 419 725 647 108
9 9 1 1 100 0.75 10 1747 832 491 186 422 728 652 114
9 9 1 1 100 0.75 10 1748 835 494 186 426 734 658 113
9 9 1 1 100 0.75 10 1749 837 496 185 426 738 665 111
9 9 1 1 100 0.75 10 1750 839 503 192 431 740 667 112
9 9 1 1 100 0.75 10 1751 841 503 185 434 749 676 112
9 9 1 1 100 0.75 10 1752 844 507 185 435 754 681 111
9 9 1 1 100 0.75 10 1753 847 511 184 442 759 686 113
9 9 1 1 100 0.75 10 1754 848 513 170 445 766 693 114
9 9 1 1 100 0.75 10 1755 852 518 191 451 770 697 115
9 9 1 1 100 0.75 10 1756 857 517 177 448 780 707 112
9 9 1 1 100 0.75 10 1757 859 518 188 455 788 715 111
9 9 1 1 100 0.75 10 1758 862 524 185 457 791 718 114
9 9 1 1 100 0.75 10 1759 866 531 206 463 791 720 117
9 9 1 1 100 0.75 10 1760 868 531 178 464 800 729 117
9 9 1 1 100 0.75 10 1761 870 531 180 462 809 738 116
9 9 1 1 100 0.75 10 1762 874 533 184 467 815 745 115
9 9 1 1 100 0.75 10 1763 875 536 177 466 821 751 116
9 9 1 1 100 0.75 10 1764 880 536 191 465 830 760 117
9 9 1 1 100 0.75 10 1765 881 538 184 470 837 767 113
9 9 1 1 100 0.75 10 1766 884 541 174 473 843 773 114
9 9 1 1 100 0.75 10 1767 889 544 175 474 848 779 111
9 9 1 1 100 0.75 10 1768 890 547 196 478 853 785 110
9 9 1 1 100 0.75 10 1769 892 552 191 483 857 789 116
9 9 1 1 100 0.75 10 1770 892 558 182 488 860 792 116
9 9 1 1 100 0.75 10 1770 892 558 558 488 975 792 116
9 9 1 1 100 0.75 10 1800 892 558 558 488 96 792 116
