3 5 1 1 100 0.75 1 1 0 3 3 0 100 0 0
3 5 1 1 100 0.75 1 2 0 6 6 0 100 0 0
3 5 1 1 100 0.75 1 3 0 9 9 0 100 0 0
3 5 1 1 100 0.75 1 4 0 12 12 0 100 0 0
3 5 1 1 100 0.75 1 5 0 15 15 0 100 0 0
3 5 1 1 100 0.75 1 6 0 18 18 0 100 0 0
3 5 1 1 100 0.75 1 7 0 21 21 0 100 0 0
3 5 1 1 100 0.75 1 8 2 24 22 0 100 0 0
3 5 1 1 100 0.75 1 9 2 27 25 2 100 0 0
3 5 1 1 100 0.75 1 10 3 30 26 2 100 0 0
3 5 1 1 100 0.75 1 11 4 33 29 3 100 0 0
3 5 1 1 100 0.75 1 12 6 36 27 4 100 0 0
3 5 1 1 100 0.75 1 13 6 39 31 6 100 0 0
3 5 1 1 100 0.75 1 14 9 42 32 6 100 0 0
3 5 1 1 100 0.75 1 15 10 45 35 9 100 0 1
3 5 1 1 100 0.75 1 16 12 48 37 10 100 0 1
3 5 1 1 100 0.75 1 17 14 51 35 12 100 0 1
3 5 1 1 100 0.75 1 18 17 54 37 14 100 0 1
3 5 1 1 100 0.75 1 19 20 57 38 17 99 0 3
3 5 1 1 100 0.75 1 20 25 60 35 20 99 0 4
3 5 1 1 100 0.75 1 21 27 63 39 25 99 0 5
3 5 1 1 100 0.75 1 22 33 66 40 27 99 0 7
3 5 1 1 100 0.75 1 23 37 69 36 33 98 0 7
3 5 1 1 100 0.75 1 24 38 72 43 37 98 0 10
3 5 1 1 100 0.75 1 25 40 75 43 38 98 0 11
3 5 1 1 100 0.75 1 26 43 78 48 40 98 0 15
3 5 1 1 100 0.75 1 27 43 81 59 43 98 0 19
3 5 1 1 100 0.75 1 28 44 84 59 43 98 0 22
3 5 1 1 100 0.75 1 29 49 87 57 44 98 0 24
3 5 1 1 100 0.75 1 30 52 90 63 49 98 0 25
3 5 1 1 100 0.75 1 31 55 93 65 52 98 0 29
3 5 1 1 100 0.75 1 32 58 96 66 55 98 0 29
3 5 1 1 100 0.75 1 33 60 99 74 58 98 0 32
3 5 1 1 100 0.75 1 34 64 101 71 59 98 1 31
3 5 1 1 100 0.75 1 35 65 102 77 61 99 3 29
3 5 1 1 100 0.75 1 36 70 105 70 62 99 3 29
3 5 1 1 100 0.75 1 37 72 108 79 67 99 3 34
3 5 1 1 100 0.75 1 38 75 110 77 68 100 4 35
3 5 1 1 100 0.75 1 39 77 111 80 69 102 6 36
3 5 1 1 100 0.75 1 40 80 112 82 69 104 8 36
3 5 1 1 100 0.75 1 41 82 113 82 70 106 10 35
3 5 1 1 100 0.75 1 42 84 113 85 69 109 13 34
3 5 1 1 100 0.75 1 43 86 113 86 68 112 16 35
3 5 1 1 100 0.75 1 44 90 115 82 69 113 17 35
3 5 1 1 100 0.75 1 45 94 115 80 70 116 20 35
3 5 1 1 100 0.75 1 46 98 115 79 71 119 23 35
3 5 1 1 100 0.75 1 47 103 116 77 73 121 25 35
3 5 1 1 100 0.75 1 48 105 116 76 75 123 28 33
3 5 1 1 100 0.75 1 49 106 118 81 76 124 29 35
3 5 1 1 100 0.75 1 50 108 120 83 76 125 30 35
3 5 1 1 100 0.75 1 51 113 123 84 78 125 30 36
3 5 1 1 100 0.75 1 52 118 123 78 80 128 33 35
3 5 1 1 100 0.75 1 53 124 125 83 84 129 34 38
3 5 1 1 100 0.75 1 54 129 125 79 87 132 37 37
3 5 1 1 100 0.75 1 55 133 126 81 90 134 39 39
3 5 1 1 100 0.75 1 56 135 127 80 92 136 41 37
3 5 1 1 100 0.75 1 57 136 127 78 91 139 44 35
3 5 1 1 100 0.75 1 58 139 129 79 91 139 45 34
3 5 1 1 100 0.75 1 59 141 131 86 93 140 46 40
3 5 1 1 100 0.75 1 60 144 134 84 95 140 46 42
3 5 1 1 100 0.75 1 61 147 134 93 95 143 49 44
3 5 1 1 100 0.75 1 62 150 133 91 94 147 53 44
3 5 1 1 100 0.75 1 63 153 132 93 93 151 57 41
3 5 1 1 100 0.75 1 64 158 134 88 95 152 58 43
3 5 1 1 100 0.75 1 65 160 133 86 96 156 62 40
3 5 1 1 100 0.75 1 66 163 136 89 99 156 62 42
3 5 1 1 100 0.75 1 67 166 139 91 102 156 62 44
3 5 1 1 100 0.75 1 68 169 138 93 101 160 66 41
3 5 1 1 100 0.75 1 69 173 138 90 101 163 69 40
3 5 1 1 100 0.75 1 70 176 139 92 103 165 71 42
3 5 1 1 100 0.75 1 71 179 139 93 103 168 74 40
3 5 1 1 100 0.75 1 72 182 140 92 104 170 76 41
3 5 1 1 100 0.75 1 73 186 143 90 109 170 76 42
3 5 1 1 100 0.75 1 74 191 144 88 111 172 78 41
3 5 1 1 100 0.75 1 75 192 143 91 112 175 82 40
3 5 1 1 100 0.75 1 76 196 144 90 111 177 84 41
3 5 1 1 100 0.75 1 77 196 143 83 111 181 88 39
3 5 1 1 100 0.75 1 78 198 142 82 109 184 92 38
3 5 1 1 100 0.75 1 79 200 141 87 107 188 96 38
3 5 1 1 100 0.75 1 80 202 141 85 106 191 99 38
3 5 1 1 100 0.75 1 81 208 142 82 107 193 101 40
3 5 1 1 100 0.75 1 82 210 144 89 112 194 102 39
3 5 1 1 100 0.75 1 83 214 147 90 114 194 102 42
3 5 1 1 100 0.75 1 84 218 147 88 115 196 105 41
3 5 1 1 100 0.75 1 85 219 146 89 115 200 109 39
3 5 1 1 100 0.75 1 86 222 147 86 114 202 111 37
3 5 1 1 100 0.75 1 87 226 148 89 115 204 113 39
3 5 1 1 100 0.75 1 88 231 150 85 118 205 114 43
3 5 1 1 100 0.75 1 89 233 150 83 120 208 117 42
3 5 1 1 100 0.75 1 90 234 151 88 120 210 119 41
3 5 1 1 100 0.75 1 91 236 151 84 118 213 122 41
3 5 1 1 100 0.75 1 92 241 153 87 119 214 123 44
3 5 1 1 100 0.75 1 93 243 154 87 123 216 125 44
3 5 1 1 100 0.75 1 94 244 155 94 124 218 127 44
3 5 1 1 100 0.75 1 95 247 155 88 122 221 130 46
3 5 1 1 100 0.75 1 96 251 155 86 122 224 133 45
3 5 1 1 100 0.75 1 97 255 156 89 125 226 135 45
3 5 1 1 100 0.75 1 98 258 156 86 128 229 138 43
3 5 1 1 100 0.75 1 99 264 157 87 129 231 140 45
3 5 1 1 100 0.75 1 100 267 158 81 133 233 142 45
3 5 1 1 100 0.75 1 101 268 161 91 136 233 142 47
3 5 1 1 100 0.75 1 102 270 160 92 134 237 146 45
3 5 1 1 100 0.75 1 103 272 161 92 134 239 148 44
3 5 1 1 100 0.75 1 104 275 160 92 132 243 152 44
3 5 1 1 100 0.75 1 105 277 159 88 132 247 156 43
3 5 1 1 100 0.75 1 106 278 160 97 132 248 158 46
3 5 1 1 100 0.75 1 107 280 163 96 133 248 158 48
3 5 1 1 100 0.75 1 108 288 163 85 132 250 161 46
3 5 1 1 100 0.75 1 109 293 163 80 138 253 164 45
3 5 1 1 100 0.75 1 110 293 163 89 140 256 167 43
3 5 1 1 100 0.75 1 111 296 164 84 138 258 169 43
3 5 1 1 100 0.75 1 112 298 163 89 137 261 173 40
3 5 1 1 100 0.75 1 113 301 163 87 138 264 176 39
3 5 1 1 100 0.75 1 114 303 166 87 142 264 176 40
3 5 1 1 100 0.75 1 115 305 165 88 142 268 180 42
3 5 1 1 100 0.75 1 116 306 165 91 142 271 183 44
3 5 1 1 100 0.75 1 117 310 165 82 140 274 186 42
3 5 1 1 100 0.75 1 118 312 167 86 144 275 187 42
3 5 1 1 100 0.75 1 119 315 167 88 143 278 190 41
3 5 1 1 100 0.75 1 120 317 166 90 143 282 194 38
3 5 1 1 100 0.75 1 121 319 168 89 145 283 195 42
3 5 1 1 100 0.75 1 122 322 166 82 143 288 200 38
3 5 1 1 100 0.75 1 123 322 166 87 143 291 203 37
3 5 1 1 100 0.75 1 124 326 167 83 141 293 205 37
3 5 1 1 100 0.75 1 125 329 170 86 146 293 205 40
3 5 1 1 100 0.75 1 126 329 172 93 148 294 206 39
3 5 1 1 100 0.75 1 127 333 172 96 145 296 209 38
3 5 1 1 100 0.75 1 128 336 174 98 148 297 210 39
3 5 1 1 100 0.75 1 129 337 175 91 149 299 212 40
3 5 1 1 100 0.75 1 130 342 177 89 149 300 213 40
3 5 1 1 100 0.75 1 131 348 178 91 152 302 215 39
3 5 1 1 100 0.75 1 132 350 177 84 154 306 219 37
3 5 1 1 100 0.75 1 133 352 178 88 154 308 221 38
3 5 1 1 100 0.75 1 134 356 178 89 153 310 224 37
3 5 1 1 100 0.75 1 135 357 175 83 152 316 230 34
3 5 1 1 100 0.75 1 136 358 176 84 151 318 232 34
3 5 1 1 100 0.75 1 137 359 177 88 151 320 234 37
3 5 1 1 100 0.75 1 138 362 179 90 152 321 235 40
3 5 1 1 100 0.75 1 139 365 179 87 153 324 238 39
3 5 1 1 100 0.75 1 140 367 180 84 155 326 240 38
3 5 1 1 100 0.75 1 141 370 180 82 154 329 243 38
3 5 1 1 100 0.75 1 142 371 182 79 158 329 244 39
3 5 1 1 100 0.75 1 143 371 184 93 160 330 245 40
3 5 1 1 100 0.75 1 144 377 184 87 157 333 248 38
3 5 1 1 100 0.75 1 145 380 186 85 162 334 249 40
3 5 1 1 100 0.75 1 146 382 187 89 163 336 251 41
3 5 1 1 100 0.75 1 147 385 186 95 161 340 255 41
3 5 1 1 100 0.75 1 148 388 187 95 162 342 257 42
3 5 1 1 100 0.75 1 149 388 189 92 164 342 258 46
3 5 1 1 100 0.75 1 150 389 192 88 166 342 258 47
3 5 1 1 100 0.75 1 150 389 192 192 166 388 258 47
3 5 1 1 100 0.75 1 180 389 192 192 166 54 258 47
3 5 1 1 100 0.75 2 181 0 3 3 0 54 0 0
3 5 1 1 100 0.75 2 182 0 6 6 0 54 0 0
3 5 1 1 100 0.75 2 183 0 9 9 0 54 0 0
3 5 1 1 100 0.75 2 184 0 12 12 0 54 0 0
3 5 1 1 100 0.75 2 185 0 15 15 0 54 0 0
3 5 1 1 100 0.75 2 186 0 18 18 0 54 0 0
3 5 1 1 100 0.75 2 187 0 21 21 0 54 0 0
3 5 1 1 100 0.75 2 188 0 24 23 0 54 0 0
3 5 1 1 100 0.75 2 189 0 27 27 0 54 0 0
3 5 1 1 100 0.75 2 190 0 30 30 0 54 0 0
3 5 1 1 100 0.75 2 191 1 33 31 0 53 0 0
3 5 1 1 100 0.75 2 192 1 36 35 1 53 0 0
3 5 1 1 100 0.75 2 193 2 39 36 1 53 0 0
3 5 1 1 100 0.75 2 194 3 42 38 2 53 0 0
3 5 1 1 100 0.75 2 195 7 45 36 3 53 0 0
3 5 1 1 100 0.75 2 196 10 48 37 7 53 0 0
3 5 1 1 100 0.75 2 197 12 51 39 10 53 0 0
3 5 1 1 100 0.75 2 198 16 54 39 12 52 0 1
3 5 1 1 100 0.75 2 199 16 57 42 16 52 0 1
3 5 1 1 100 0.75 2 200 18 60 43 16 52 0 1
3 5 1 1 100 0.75 2 201 21 63 43 18 52 0 3
3 5 1 1 100 0.75 2 202 23 66 49 21 52 0 6
3 5 1 1 100 0.75 2 203 23 69 54 23 52 0 9
3 5 1 1 100 0.75 2 204 25 72 58 23 52 0 10
3 5 1 1 100 0.75 2 205 27 75 57 25 52 0 11
3 5 1 1 100 0.75 2 206 29 78 63 27 52 0 13
3 5 1 1 100 0.75 2 207 31 81 67 29 52 0 13
3 5 1 1 100 0.75 2 208 34 84 69 31 52 0 14
3 5 1 1 100 0.75 2 209 37 87 72 34 52 0 16
3 5 1 1 100 0.75 2 210 38 90 73 37 52 0 16
3 5 1 1 100 0.75 2 211 40 93 71 38 52 0 16
3 5 1 1 100 0.75 2 212 40 96 80 40 52 0 18
3 5 1 1 100 0.75 2 213 42 98 81 39 52 1 20
3 5 1 1 100 0.75 2 214 45 101 81 41 52 1 21
3 5 1 1 100 0.75 2 215 47 104 86 44 52 1 24
3 5 1 1 100 0.75 2 216 50 106 89 45 53 2 26
3 5 1 1 100 0.75 2 217 51 108 90 47 54 3 25
3 5 1 1 100 0.75 2 218 53 111 94 48 54 3 28
3 5 1 1 100 0.75 2 219 56 112 91 48 56 5 26
3 5 1 1 100 0.75 2 220 57 113 95 49 58 7 24
3 5 1 1 100 0.75 2 221 58 110 90 44 64 13 20
3 5 1 1 100 0.75 2 222 60 113 92 45 64 13 21
3 5 1 1 100 0.75 2 223 63 116 95 47 64 13 22
3 5 1 1 100 0.75 2 224 64 118 100 49 65 14 24
3 5 1 1 100 0.75 2 225 67 121 100 50 65 14 24
3 5 1 1 100 0.75 2 226 71 123 103 52 66 15 28
3 5 1 1 100 0.75 2 227 75 126 100 56 66 15 28
3 5 1 1 100 0.75 2 228 78 127 99 58 68 17 28
3 5 1 1 100 0.75 2 229 79 127 95 58 71 20 25
3 5 1 1 100 0.75 2 230 80 128 104 57 73 22 26
3 5 1 1 100 0.75 2 231 81 130 102 57 74 23 27
3 5 1 1 100 0.75 2 232 87 132 104 57 75 24 28
3 5 1 1 100 0.75 2 233 94 134 102 62 76 25 29
3 5 1 1 100 0.75 2 234 97 136 102 68 77 26 29
3 5 1 1 100 0.75 2 235 103 137 100 69 79 28 31
3 5 1 1 100 0.75 2 236 106 138 100 73 81 30 30
3 5 1 1 100 0.75 2 237 108 139 98 74 83 32 29
3 5 1 1 100 0.75 2 238 112 141 100 75 84 33 28
3 5 1 1 100 0.75 2 239 116 143 99 78 85 34 30
3 5 1 1 100 0.75 2 240 118 145 103 81 86 35 32
3 5 1 1 100 0.75 2 241 121 146 106 81 88 37 34
3 5 1 1 100 0.75 2 242 122 146 107 81 91 40 31
3 5 1 1 100 0.75 2 243 126 147 106 80 93 42 33
3 5 1 1 100 0.75 2 244 128 150 109 85 93 42 35
3 5 1 1 100 0.75 2 245 129 152 112 86 94 43 36
3 5 1 1 100 0.75 2 246 134 151 109 83 98 47 36
3 5 1 1 100 0.75 2 247 135 153 109 87 99 48 37
3 5 1 1 100 0.75 2 248 139 153 114 85 102 51 36
3 5 1 1 100 0.75 2 249 140 154 111 87 104 53 35
3 5 1 1 100 0.75 2 250 144 157 113 88 104 53 38
3 5 1 1 100 0.75 2 251 147 160 116 93 104 53 41
3 5 1 1 100 0.75 2 252 152 161 117 94 106 55 40
3 5 1 1 100 0.75 2 253 156 161 117 96 109 58 39
3 5 1 1 100 0.75 2 254 159 161 114 97 112 61 38
3 5 1 1 100 0.75 2 255 163 160 111 96 116 65 36
3 5 1 1 100 0.75 2 256 168 162 107 100 117 66 36
3 5 1 1 100 0.75 2 257 169 162 109 102 120 69 35
3 5 1 1 100 0.75 2 258 172 165 113 103 120 69 39
3 5 1 1 100 0.75 2 259 177 166 115 104 122 71 41
3 5 1 1 100 0.75 2 260 180 168 116 108 123 72 43
3 5 1 1 100 0.75 2 261 182 166 114 106 128 77 39
3 5 1 1 100 0.75 2 262 188 168 113 107 129 78 43
3 5 1 1 100 0.75 2 263 192 168 113 110 132 81 43
3 5 1 1 100 0.75 2 264 194 170 119 113 133 82 46
3 5 1 1 100 0.75 2 265 197 171 117 113 135 84 46
3 5 1 1 100 0.75 2 266 199 170 116 112 139 88 47
3 5 1 1 100 0.75 2 267 203 170 115 112 142 91 46
3 5 1 1 100 0.75 2 268 207 171 120 114 144 93 46
3 5 1 1 100 0.75 2 269 209 173 120 117 145 94 47
3 5 1 1 100 0.75 2 270 217 175 123 118 146 95 53
3 5 1 1 100 0.75 2 271 221 174 115 123 150 99 52
3 5 1 1 100 0.75 2 272 227 175 108 125 152 101 52
3 5 1 1 100 0.75 2 273 228 177 118 131 153 102 52
3 5 1 1 100 0.75 2 274 233 177 113 129 156 105 52
3 5 1 1 100 0.75 2 275 236 180 116 134 156 105 54
3 5 1 1 100 0.75 2 276 239 182 116 136 157 106 56
3 5 1 1 100 0.75 2 277 243 181 122 135 161 110 59
3 5 1 1 100 0.75 2 278 251 178 112 133 167 116 53
3 5 1 1 100 0.75 2 279 252 176 111 136 172 121 51
3 5 1 1 100 0.75 2 280 254 177 111 135 174 123 52
3 5 1 1 100 0.75 2 281 260 177 112 136 177 126 53
3 5 1 1 100 0.75 2 282 262 177 113 140 180 129 51
3 5 1 1 100 0.75 2 283 265 175 115 137 185 134 48
3 5 1 1 100 0.75 2 284 269 175 111 137 188 137 46
3 5 1 1 100 0.75 2 285 270 176 114 139 190 139 51
3 5 1 1 100 0.75 2 286 271 176 117 137 192 142 50
3 5 1 1 100 0.75 2 287 275 177 109 136 194 144 50
3 5 1 1 100 0.75 2 288 277 174 117 134 200 150 51
3 5 1 1 100 0.75 2 289 283 173 105 133 204 154 50
3 5 1 1 100 0.75 2 290 288 172 107 135 208 158 48
3 5 1 1 100 0.75 2 291 288 174 109 140 209 159 50
3 5 1 1 100 0.75 2 292 293 176 111 139 210 160 51
3 5 1 1 100 0.75 2 293 294 175 111 142 214 164 47
3 5 1 1 100 0.75 2 294 295 175 110 140 217 167 47
3 5 1 1 100 0.75 2 295 299 175 107 138 220 170 47
3 5 1 1 100 0.75 2 296 303 176 107 142 222 172 47
3 5 1 1 100 0.75 2 297 307 178 112 145 223 173 50
3 5 1 1 100 0.75 2 298 309 177 110 146 227 177 47
3 5 1 1 100 0.75 2 299 314 179 110 147 228 178 48
3 5 1 1 100 0.75 2 300 315 178 109 149 231 182 46
3 5 1 1 100 0.75 2 301 316 178 107 147 234 185 43
3 5 1 1 100 0.75 2 302 319 178 108 147 237 188 43
3 5 1 1 100 0.75 2 303 323 181 100 150 237 188 48
3 5 1 1 100 0.75 2 304 331 178 96 150 242 194 43
3 5 1 1 100 0.75 2 305 331 176 94 153 246 199 40
3 5 1 1 100 0.75 2 306 333 173 90 147 252 205 38
3 5 1 1 100 0.75 2 307 334 173 97 146 255 208 36
3 5 1 1 100 0.75 2 308 337 175 87 146 256 209 36
3 5 1 1 100 0.75 2 309 341 176 101 147 257 211 38
3 5 1 1 100 0.75 2 310 342 177 88 149 259 213 39
3 5 1 1 100 0.75 2 311 344 179 101 150 260 214 44
3 5 1 1 100 0.75 2 312 350 179 96 150 263 217 43
3 5 1 1 100 0.75 2 313 350 181 98 155 264 218 43
3 5 1 1 100 0.75 2 314 355 179 98 151 269 223 40
3 5 1 1 100 0.75 2 315 357 178 91 153 273 227 37
3 5 1 1 100 0.75 2 316 358 180 93 155 274 228 39
3 5 1 1 100 0.75 2 317 361 182 91 155 275 229 39
3 5 1 1 100 0.75 2 318 365 185 88 159 275 229 40
3 5 1 1 100 0.75 2 319 366 186 95 161 277 231 43
3 5 1 1 100 0.75 2 320 368 185 97 161 281 235 42
3 5 1 1 100 0.75 2 321 369 184 84 160 285 239 39
3 5 1 1 100 0.75 2 322 372 186 104 160 286 240 43
3 5 1 1 100 0.75 2 323 373 187 97 161 288 242 42
3 5 1 1 100 0.75 2 324 376 188 99 161 290 244 41
3 5 1 1 100 0.75 2 325 379 189 95 164 292 246 41
3 5 1 1 100 0.75 2 326 381 189 107 165 295 249 41
3 5 1 1 100 0.75 2 327 384 191 97 167 296 250 44
3 5 1 1 100 0.75 2 328 385 192 101 169 298 252 43
3 5 1 1 100 0.75 2 329 386 192 98 167 301 255 43
3 5 1 1 100 0.75 2 330 388 192 102 165 304 258 42
3 5 1 1 100 0.75 2 330 388 192 192 165 345 258 42
3 5 1 1 100 0.75 2 360 388 192 192 165 53 258 42
3 5 1 1 100 0.75 3 361 0 3 3 0 53 0 0
3 5 1 1 100 0.75 3 362 0 6 6 0 53 0 0
3 5 1 1 100 0.75 3 363 0 9 9 0 53 0 0
3 5 1 1 100 0.75 3 364 0 12 12 0 53 0 0
3 5 1 1 100 0.75 3 365 0 15 15 0 53 0 0
3 5 1 1 100 0.75 3 366 0 18 18 0 53 0 0
3 5 1 1 100 0.75 3 367 0 21 21 0 53 0 0
3 5 1 1 100 0.75 3 368 0 24 24 0 53 0 0
3 5 1 1 100 0.75 3 369 0 27 27 0 53 0 0
3 5 1 1 100 0.75 3 370 1 30 29 0 53 0 0
3 5 1 1 100 0.75 3 371 2 33 30 1 53 0 0
3 5 1 1 100 0.75 3 372 4 36 31 2 53 0 0
3 5 1 1 100 0.75 3 373 5 39 34 4 53 0 0
3 5 1 1 100 0.75 3 374 5 42 36 5 53 0 0
3 5 1 1 100 0.75 3 375 7 45 38 5 53 0 0
3 5 1 1 100 0.75 3 376 11 48 37 7 53 0 0
3 5 1 1 100 0.75 3 377 12 51 39 11 53 0 0
3 5 1 1 100 0.75 3 378 14 54 42 12 53 0 2
3 5 1 1 100 0.75 3 379 15 57 43 14 53 0 2
3 5 1 1 100 0.75 3 380 16 60 49 15 53 0 3
3 5 1 1 100 0.75 3 381 19 63 49 16 52 0 3
3 5 1 1 100 0.75 3 382 22 66 50 19 52 0 3
3 5 1 1 100 0.75 3 383 24 69 55 22 52 0 6
3 5 1 1 100 0.75 3 384 26 72 53 24 52 0 6
3 5 1 1 100 0.75 3 385 27 75 59 26 52 0 7
3 5 1 1 100 0.75 3 386 28 78 61 27 52 0 8
3 5 1 1 100 0.75 3 387 30 81 59 28 52 0 8
3 5 1 1 100 0.75 3 388 31 84 62 30 52 0 9
3 5 1 1 100 0.75 3 389 33 87 68 31 52 0 12
3 5 1 1 100 0.75 3 390 34 90 74 33 52 0 14
3 5 1 1 100 0.75 3 391 34 93 78 34 52 0 14
3 5 1 1 100 0.75 3 392 34 96 83 34 52 0 15
3 5 1 1 100 0.75 3 393 37 98 84 33 53 1 14
3 5 1 1 100 0.75 3 394 40 101 84 36 53 1 14
3 5 1 1 100 0.75 3 395 42 104 84 39 53 1 15
3 5 1 1 100 0.75 3 396 42 106 88 40 54 2 16
3 5 1 1 100 0.75 3 397 43 109 90 40 54 2 16
3 5 1 1 100 0.75 3 398 49 110 85 39 56 4 15
3 5 1 1 100 0.75 3 399 51 111 84 43 58 6 13
3 5 1 1 100 0.75 3 400 52 114 87 45 58 6 14
3 5 1 1 100 0.75 3 401 54 116 92 45 59 7 15
3 5 1 1 100 0.75 3 402 59 118 89 46 60 8 16
3 5 1 1 100 0.75 3 403 60 120 93 50 61 9 16
3 5 1 1 100 0.75 3 404 66 122 88 50 62 10 16
3 5 1 1 100 0.75 3 405 69 122 91 53 65 13 16
3 5 1 1 100 0.75 3 406 70 125 94 56 65 13 17
3 5 1 1 100 0.75 3 407 73 128 94 57 65 13 17
3 5 1 1 100 0.75 3 408 75 130 96 59 66 14 17
3 5 1 1 100 0.75 3 409 77 133 100 61 66 14 20
3 5 1 1 100 0.75 3 410 79 135 98 62 67 15 22
3 5 1 1 100 0.75 3 411 83 137 104 63 68 16 24
3 5 1 1 100 0.75 3 412 84 140 109 67 68 16 27
3 5 1 1 100 0.75 3 413 88 143 111 68 68 16 28
3 5 1 1 100 0.75 3 414 90 145 111 71 69 17 27
3 5 1 1 100 0.75 3 415 96 145 111 70 72 20 27
3 5 1 1 100 0.75 3 416 96 148 115 76 72 20 27
3 5 1 1 100 0.75 3 417 97 150 118 75 73 21 27
3 5 1 1 100 0.75 3 418 99 152 119 75 74 22 30
3 5 1 1 100 0.75 3 419 101 154 121 76 75 23 31
3 5 1 1 100 0.75 3 420 102 157 122 78 74 23 31
3 5 1 1 100 0.75 3 421 107 158 126 77 76 25 34
3 5 1 1 100 0.75 3 422 111 159 125 80 78 27 36
3 5 1 1 100 0.75 3 423 112 162 131 84 78 27 38
3 5 1 1 100 0.75 3 424 117 162 129 82 81 30 36
3 5 1 1 100 0.75 3 425 120 163 124 85 83 32 36
3 5 1 1 100 0.75 3 426 124 165 125 87 84 33 36
3 5 1 1 100 0.75 3 427 126 166 125 89 86 35 35
3 5 1 1 100 0.75 3 428 128 167 125 89 88 37 34
3 5 1 1 100 0.75 3 429 130 166 128 87 92 41 36
3 5 1 1 100 0.75 3 430 136 167 122 87 94 43 36
3 5 1 1 100 0.75 3 431 140 168 120 91 96 45 36
3 5 1 1 100 0.75 3 432 141 171 128 95 96 45 40
3 5 1 1 100 0.75 3 433 146 172 127 94 98 47 41
3 5 1 1 100 0.75 3 434 149 173 127 97 100 49 39
3 5 1 1 100 0.75 3 435 149 175 129 99 101 50 40
3 5 1 1 100 0.75 3 436 154 177 132 98 102 51 41
3 5 1 1 100 0.75 3 437 156 177 131 100 105 54 41
3 5 1 1 100 0.75 3 438 159 177 131 99 108 57 41
3 5 1 1 100 0.75 3 439 163 178 132 101 110 59 40
3 5 1 1 100 0.75 3 440 167 178 131 102 113 62 39
3 5 1 1 100 0.75 3 441 172 177 129 102 116 66 38
3 5 1 1 100 0.75 3 442 176 178 132 105 118 68 38
3 5 1 1 100 0.75 3 443 183 179 127 107 120 70 37
3 5 1 1 100 0.75 3 444 189 180 121 112 121 72 37
3 5 1 1 100 0.75 3 445 191 183 127 118 121 72 39
3 5 1 1 100 0.75 3 446 196 184 125 118 123 74 42
3 5 1 1 100 0.75 3 447 199 184 129 120 126 77 41
3 5 1 1 100 0.75 3 448 204 185 123 121 128 79 41
3 5 1 1 100 0.75 3 449 206 182 127 120 134 85 39
3 5 1 1 100 0.75 3 450 209 182 122 119 137 88 39
3 5 1 1 100 0.75 3 451 213 183 127 120 139 90 43
3 5 1 1 100 0.75 3 452 214 186 127 125 139 90 46
3 5 1 1 100 0.75 3 453 220 186 127 123 142 93 45
3 5 1 1 100 0.75 3 454 223 185 126 125 146 97 41
3 5 1 1 100 0.75 3 455 227 188 127 128 146 97 45
3 5 1 1 100 0.75 3 456 229 190 131 132 147 98 47
3 5 1 1 100 0.75 3 457 233 193 130 134 147 98 48
3 5 1 1 100 0.75 3 458 236 193 136 135 150 101 49
3 5 1 1 100 0.75 3 459 238 196 137 138 150 101 49
3 5 1 1 100 0.75 3 460 243 196 136 137 153 104 47
3 5 1 1 100 0.75 3 461 247 195 132 138 157 108 48
3 5 1 1 100 0.75 3 462 249 195 130 139 160 111 50
3 5 1 1 100 0.75 3 463 252 198 135 142 160 111 50
3 5 1 1 100 0.75 3 464 256 197 132 141 164 115 48
3 5 1 1 100 0.75 3 465 260 197 130 143 167 118 51
3 5 1 1 100 0.75 3 466 262 196 129 144 171 122 49
3 5 1 1 100 0.75 3 467 268 196 126 143 174 125 48
3 5 1 1 100 0.75 3 468 272 197 129 147 176 127 47
3 5 1 1 100 0.75 3 469 276 196 124 147 180 131 47
3 5 1 1 100 0.75 3 470 277 194 124 146 185 136 45
3 5 1 1 100 0.75 3 471 284 195 120 146 187 138 46
3 5 1 1 100 0.75 3 472 288 195 120 150 190 141 46
3 5 1 1 100 0.75 3 473 289 197 122 153 191 142 48
3 5 1 1 100 0.75 3 474 291 198 122 153 193 144 48
3 5 1 1 100 0.75 3 475 294 197 124 151 197 148 50
3 5 1 1 100 0.75 3 476 297 197 129 151 200 151 49
3 5 1 1 100 0.75 3 477 304 198 126 152 202 153 50
3 5 1 1 100 0.75 3 478 306 200 125 158 203 154 54
3 5 1 1 100 0.75 3 479 310 198 123 155 207 159 51
3 5 1 1 100 0.75 3 480 313 201 129 159 207 159 55
3 5 1 1 100 0.75 3 481 317 200 121 159 211 163 51
3 5 1 1 100 0.75 3 482 320 200 117 160 214 166 49
3 5 1 1 100 0.75 3 483 324 200 119 162 217 169 48
3 5 1 1 100 0.75 3 484 328 200 119 163 219 172 48
3 5 1 1 100 0.75 3 485 331 203 129 167 219 172 52
3 5 1 1 100 0.75 3 486 335 202 112 167 223 176 49
3 5 1 1 100 0.75 3 487 339 202 118 169 226 179 50
3 5 1 1 100 0.75 3 488 343 204 107 173 227 180 51
3 5 1 1 100 0.75 3 489 348 204 120 174 229 183 51
3 5 1 1 100 0.75 3 490 349 203 115 175 233 187 51
3 5 1 1 100 0.75 3 491 350 204 126 174 235 189 51
3 5 1 1 100 0.75 3 492 354 200 108 170 242 196 48
3 5 1 1 100 0.75 3 493 356 200 108 171 245 199 49
3 5 1 1 100 0.75 3 494 359 201 119 172 247 201 52
3 5 1 1 100 0.75 3 495 363 199 107 170 251 206 53
3 5 1 1 100 0.75 3 496 368 200 110 173 253 208 52
3 5 1 1 100 0.75 3 497 369 201 107 177 255 210 54
3 5 1 1 100 0.75 3 498 371 201 100 177 258 213 52
3 5 1 1 100 0.75 3 499 372 203 107 178 259 214 54
3 5 1 1 100 0.75 3 500 374 199 105 174 266 221 49
3 5 1 1 100 0.75 3 501 378 200 96 174 268 223 48
3 5 1 1 100 0.75 3 502 378 201 103 177 270 225 50
3 5 1 1 100 0.75 3 503 381 202 102 176 272 227 51
3 5 1 1 100 0.75 3 504 383 204 105 179 273 228 51
3 5 1 1 100 0.75 3 505 386 202 107 176 278 233 49
3 5 1 1 100 0.75 3 506 389 203 107 177 279 235 47
3 5 1 1 100 0.75 3 507 391 203 109 177 282 238 45
3 5 1 1 100 0.75 3 508 393 204 108 177 284 240 45
3 5 1 1 100 0.75 3 509 394 204 108 176 287 243 47
3 5 1 1 100 0.75 3 510 398 205 107 177 289 245 45
3 5 1 1 100 0.75 3 510 398 205 205 177 334 245 45
3 5 1 1 100 0.75 3 540 398 205 205 177 54 245 45
3 5 1 1 100 0.75 4 541 0 3 3 0 54 0 0
3 5 1 1 100 0.75 4 542 0 6 6 0 54 0 0
3 5 1 1 100 0.75 4 543 0 9 9 0 54 0 0
3 5 1 1 100 0.75 4 544 0 12 12 0 54 0 0
3 5 1 1 100 0.75 4 545 0 15 15 0 54 0 0
3 5 1 1 100 0.75 4 546 0 18 18 0 54 0 0
3 5 1 1 100 0.75 4 547 0 21 21 0 54 0 0
3 5 1 1 100 0.75 4 548 0 24 23 0 54 0 0
3 5 1 1 100 0.75 4 549 0 27 26 0 54 0 0
3 5 1 1 100 0.75 4 550 0 30 30 0 54 0 0
3 5 1 1 100 0.75 4 551 3 33 30 0 54 0 0
3 5 1 1 100 0.75 4 552 5 36 31 3 54 0 0
3 5 1 1 100 0.75 4 553 7 39 31 5 54 0 0
3 5 1 1 100 0.75 4 554 8 42 34 7 54 0 0
3 5 1 1 100 0.75 4 555 10 45 34 8 54 0 0
3 5 1 1 100 0.75 4 556 10 48 38 10 54 0 0
3 5 1 1 100 0.75 4 557 11 51 39 10 53 0 0
3 5 1 1 100 0.75 4 558 14 54 40 11 53 0 0
3 5 1 1 100 0.75 4 559 15 57 44 14 53 0 3
3 5 1 1 100 0.75 4 560 18 60 43 15 53 0 5
3 5 1 1 100 0.75 4 561 21 63 47 18 53 0 6
3 5 1 1 100 0.75 4 562 24 66 50 21 53 0 8
3 5 1 1 100 0.75 4 563 25 69 51 24 53 0 9
3 5 1 1 100 0.75 4 564 26 72 56 25 53 0 10
3 5 1 1 100 0.75 4 565 27 75 59 26 53 0 11
3 5 1 1 100 0.75 4 566 28 78 64 27 53 0 13
3 5 1 1 100 0.75 4 567 31 81 65 28 53 0 14
3 5 1 1 100 0.75 4 568 35 84 66 31 53 0 16
3 5 1 1 100 0.75 4 569 37 87 68 35 53 0 16
3 5 1 1 100 0.75 4 570 37 90 75 37 53 0 18
3 5 1 1 100 0.75 4 571 38 93 78 37 53 0 19
3 5 1 1 100 0.75 4 572 40 96 79 38 53 0 19
3 5 1 1 100 0.75 4 573 44 99 76 40 53 0 21
3 5 1 1 100 0.75 4 574 44 102 82 44 53 0 23
3 5 1 1 100 0.75 4 575 46 103 80 42 55 2 24
3 5 1 1 100 0.75 4 576 48 106 91 44 55 2 28
3 5 1 1 100 0.75 4 577 53 107 85 44 57 4 26
3 5 1 1 100 0.75 4 578 55 108 86 47 59 6 24
3 5 1 1 100 0.75 4 579 55 111 88 49 58 6 25
3 5 1 1 100 0.75 4 580 56 112 92 47 60 8 27
3 5 1 1 100 0.75 4 581 58 114 93 47 61 9 27
3 5 1 1 100 0.75 4 582 59 116 99 48 62 10 28
3 5 1 1 100 0.75 4 583 59 116 97 46 65 13 26
3 5 1 1 100 0.75 4 584 62 118 101 45 66 14 27
3 5 1 1 100 0.75 4 585 64 120 104 47 67 15 30
3 5 1 1 100 0.75 4 586 69 122 100 48 68 16 30
3 5 1 1 100 0.75 4 587 70 125 103 53 68 16 31
3 5 1 1 100 0.75 4 588 73 126 104 52 70 18 31
3 5 1 1 100 0.75 4 589 77 126 102 52 73 21 28
3 5 1 1 100 0.75 4 590 78 128 98 55 74 22 27
3 5 1 1 100 0.75 4 591 80 130 102 55 75 23 27
3 5 1 1 100 0.75 4 592 82 132 107 56 76 24 28
3 5 1 1 100 0.75 4 593 85 133 106 57 78 26 28
3 5 1 1 100 0.75 4 594 93 132 98 56 82 30 26
3 5 1 1 100 0.75 4 595 97 134 100 64 83 31 27
3 5 1 1 100 0.75 4 596 101 135 98 66 85 33 26
3 5 1 1 100 0.75 4 597 104 137 99 69 86 34 28
3 5 1 1 100 0.75 4 598 109 139 99 71 87 35 28
3 5 1 1 100 0.75 4 599 112 139 98 73 90 38 27
3 5 1 1 100 0.75 4 600 115 142 99 76 90 38 30
3 5 1 1 100 0.75 4 601 118 142 104 76 93 41 32
3 5 1 1 100 0.75 4 602 122 143 104 78 95 43 33
3 5 1 1 100 0.75 4 603 124 145 104 81 96 44 34
3 5 1 1 100 0.75 4 604 126 148 113 83 96 44 35
3 5 1 1 100 0.75 4 605 131 149 109 84 98 46 37
3 5 1 1 100 0.75 4 606 132 150 108 87 100 48 37
3 5 1 1 100 0.75 4 607 135 152 115 87 101 49 39
3 5 1 1 100 0.75 4 608 137 153 118 88 103 51 39
3 5 1 1 100 0.75 4 609 140 156 123 90 103 51 45
3 5 1 1 100 0.75 4 610 144 158 122 92 104 52 46
3 5 1 1 100 0.75 4 611 146 158 119 93 107 55 44
3 5 1 1 100 0.75 4 612 148 159 122 93 109 57 45
3 5 1 1 100 0.75 4 613 153 160 123 93 111 59 45
3 5 1 1 100 0.75 4 614 156 162 123 97 112 60 46
3 5 1 1 100 0.75 4 615 159 163 119 98 114 62 46
3 5 1 1 100 0.75 4 616 165 163 113 98 117 65 44
3 5 1 1 100 0.75 4 617 167 165 119 104 118 66 47
3 5 1 1 100 0.75 4 618 170 164 111 102 122 70 44
3 5 1 1 100 0.75 4 619 171 167 117 105 122 70 46
3 5 1 1 100 0.75 4 620 176 164 112 100 128 76 43
3 5 1 1 100 0.75 4 621 179 166 115 104 129 77 45
3 5 1 1 100 0.75 4 622 183 167 115 105 131 79 44
3 5 1 1 100 0.75 4 623 185 166 112 106 135 83 41
3 5 1 1 100 0.75 4 624 190 165 112 104 139 87 44
3 5 1 1 100 0.75 4 625 192 167 115 108 140 88 45
3 5 1 1 100 0.75 4 626 196 167 118 107 143 91 43
3 5 1 1 100 0.75 4 627 201 168 108 109 145 93 42
3 5 1 1 100 0.75 4 628 203 167 117 110 149 97 45
3 5 1 1 100 0.75 4 629 206 166 115 108 153 101 43
3 5 1 1 100 0.75 4 630 210 168 112 110 154 102 44
3 5 1 1 100 0.75 4 631 214 169 110 112 156 104 45
3 5 1 1 100 0.75 4 632 217 170 113 115 158 106 47
3 5 1 1 100 0.75 4 633 221 171 112 116 160 108 48
3 5 1 1 100 0.75 4 634 224 173 117 120 161 109 50
3 5 1 1 100 0.75 4 635 225 172 116 119 165 113 51
3 5 1 1 100 0.75 4 636 227 173 113 119 167 115 50
3 5 1 1 100 0.75 4 637 230 175 113 121 168 116 51
3 5 1 1 100 0.75 4 638 234 175 119 121 171 119 53
3 5 1 1 100 0.75 4 639 239 177 118 124 172 120 55
3 5 1 1 100 0.75 4 640 241 177 121 127 175 123 54
3 5 1 1 100 0.75 4 641 244 175 118 127 180 128 52
3 5 1 1 100 0.75 4 642 247 175 117 127 183 131 53
3 5 1 1 100 0.75 4 643 252 172 113 124 189 137 48
3 5 1 1 100 0.75 4 644 256 174 104 128 190 138 48
3 5 1 1 100 0.75 4 645 257 175 118 130 192 140 50
3 5 1 1 100 0.75 4 646 262 177 118 130 193 141 54
3 5 1 1 100 0.75 4 647 265 176 122 131 197 145 54
3 5 1 1 100 0.75 4 648 269 175 112 130 201 149 51
3 5 1 1 100 0.75 4 649 272 172 109 128 207 155 47
3 5 1 1 100 0.75 4 650 278 171 108 127 211 159 47
3 5 1 1 100 0.75 4 651 282 173 101 132 212 160 48
3 5 1 1 100 0.75 4 652 285 176 110 138 212 160 50
3 5 1 1 100 0.75 4 653 287 174 109 136 217 165 47
3 5 1 1 100 0.75 4 654 291 175 102 137 219 167 47
3 5 1 1 100 0.75 4 655 295 174 102 137 223 171 47
3 5 1 1 100 0.75 4 656 299 175 100 139 224 173 48
3 5 1 1 100 0.75 4 657 302 173 105 138 228 178 46
3 5 1 1 100 0.75 4 658 306 174 96 139 230 180 50
3 5 1 1 100 0.75 4 659 311 176 101 142 231 181 53
3 5 1 1 100 0.75 4 660 314 178 98 146 232 182 53
3 5 1 1 100 0.75 4 661 318 176 102 146 237 187 52
3 5 1 1 100 0.75 4 662 323 175 84 146 241 191 51
3 5 1 1 100 0.75 4 663 325 178 100 152 241 191 53
3 5 1 1 100 0.75 4 664 327 178 92 151 244 194 54
3 5 1 1 100 0.75 4 665 331 177 100 149 248 198 51
3 5 1 1 100 0.75 4 666 334 178 93 152 250 200 51
3 5 1 1 100 0.75 4 667 335 177 95 152 254 204 50
3 5 1 1 100 0.75 4 668 339 176 87 149 258 208 48
3 5 1 1 100 0.75 4 669 341 176 92 150 261 211 48
3 5 1 1 100 0.75 4 670 343 177 91 152 263 213 51
3 5 1 1 100 0.75 4 671 346 177 91 151 266 216 49
3 5 1 1 100 0.75 4 672 349 174 89 149 271 222 47
3 5 1 1 100 0.75 4 673 350 176 95 152 270 223 49
3 5 1 1 100 0.75 4 674 350 177 88 153 272 225 47
3 5 1 1 100 0.75 4 675 353 179 95 153 273 226 48
3 5 1 1 100 0.75 4 676 353 177 93 153 278 231 45
3 5 1 1 100 0.75 4 677 357 177 94 150 281 234 45
3 5 1 1 100 0.75 4 678 359 175 85 150 286 239 41
3 5 1 1 100 0.75 4 679 360 177 96 154 287 240 43
3 5 1 1 100 0.75 4 680 363 177 96 154 289 243 44
3 5 1 1 100 0.75 4 681 364 180 85 157 289 243 45
3 5 1 1 100 0.75 4 682 365 179 101 154 293 247 43
3 5 1 1 100 0.75 4 683 368 180 101 153 295 249 44
3 5 1 1 100 0.75 4 684 371 180 87 154 298 252 42
3 5 1 1 100 0.75 4 685 373 180 91 155 301 255 44
3 5 1 1 100 0.75 4 686 376 182 101 156 302 256 46
3 5 1 1 100 0.75 4 687 377 184 96 158 303 257 47
3 5 1 1 100 0.75 4 688 379 180 83 154 310 264 41
3 5 1 1 100 0.75 4 689 382 182 91 156 311 265 41
3 5 1 1 100 0.75 4 690 383 183 85 158 312 267 40
3 5 1 1 100 0.75 4 690 383 183 183 158 352 267 40
3 5 1 1 100 0.75 4 720 383 183 183 158 53 267 40
3 5 1 1 100 0.75 5 721 0 3 3 0 53 0 0
3 5 1 1 100 0.75 5 722 0 6 6 0 53 0 0
3 5 1 1 100 0.75 5 723 0 9 9 0 53 0 0
3 5 1 1 100 0.75 5 724 0 12 12 0 53 0 0
3 5 1 1 100 0.75 5 725 0 15 15 0 53 0 0
3 5 1 1 100 0.75 5 726 0 18 17 0 53 0 0
3 5 1 1 100 0.75 5 727 0 21 20 0 53 0 0
3 5 1 1 100 0.75 5 728 1 24 22 0 53 0 0
3 5 1 1 100 0.75 5 729 1 27 25 1 53 0 0
3 5 1 1 100 0.75 5 730 1 30 27 1 53 0 0
3 5 1 1 100 0.75 5 731 3 33 30 1 53 0 0
3 5 1 1 100 0.75 5 732 5 36 30 3 53 0 0
3 5 1 1 100 0.75 5 733 6 39 31 5 53 0 0
3 5 1 1 100 0.75 5 734 7 42 34 6 53 0 0
3 5 1 1 100 0.75 5 735 9 45 37 7 53 0 1
3 5 1 1 100 0.75 5 736 11 48 37 9 53 0 1
3 5 1 1 100 0.75 5 737 12 51 38 11 53 0 1
3 5 1 1 100 0.75 5 738 15 54 40 12 53 0 1
3 5 1 1 100 0.75 5 739 16 57 44 15 53 0 4
3 5 1 1 100 0.75 5 740 17 60 47 16 53 0 4
3 5 1 1 100 0.75 5 741 20 63 49 17 53 0 5
3 5 1 1 100 0.75 5 742 20 66 52 20 53 0 6
3 5 1 1 100 0.75 5 743 24 69 55 20 53 0 8
3 5 1 1 100 0.75 5 744 26 72 53 24 53 0 9
3 5 1 1 100 0.75 5 745 27 75 59 26 53 0 10
3 5 1 1 100 0.75 5 746 30 78 60 27 53 0 11
3 5 1 1 100 0.75 5 747 32 81 64 30 53 0 12
3 5 1 1 100 0.75 5 748 35 84 67 32 53 0 14
3 5 1 1 100 0.75 5 749 37 87 68 35 53 0 14
3 5 1 1 100 0.75 5 750 39 90 74 37 53 0 17
3 5 1 1 100 0.75 5 751 43 93 73 39 53 0 18
3 5 1 1 100 0.75 5 752 44 95 77 42 54 1 19
3 5 1 1 100 0.75 5 753 47 98 74 43 54 1 20
3 5 1 1 100 0.75 5 754 49 99 77 44 56 3 21
3 5 1 1 100 0.75 5 755 51 102 81 46 56 3 23
3 5 1 1 100 0.75 5 756 54 105 82 48 56 3 24
3 5 1 1 100 0.75 5 757 55 108 85 51 56 3 25
3 5 1 1 100 0.75 5 758 57 109 89 50 58 5 27
3 5 1 1 100 0.75 5 759 58 111 89 51 59 6 27
3 5 1 1 100 0.75 5 760 61 112 89 50 60 8 27
3 5 1 1 100 0.75 5 761 63 114 95 52 61 9 29
3 5 1 1 100 0.75 5 762 67 117 96 54 61 9 30
3 5 1 1 100 0.75 5 763 68 119 100 57 62 10 31
3 5 1 1 100 0.75 5 764 71 121 99 57 63 11 32
3 5 1 1 100 0.75 5 765 73 121 97 57 66 14 29
3 5 1 1 100 0.75 5 766 79 124 100 59 66 14 31
3 5 1 1 100 0.75 5 767 83 123 91 61 70 18 28
3 5 1 1 100 0.75 5 768 88 125 97 64 71 19 30
3 5 1 1 100 0.75 5 769 90 128 95 69 71 19 31
3 5 1 1 100 0.75 5 770 92 129 102 69 73 21 32
3 5 1 1 100 0.75 5 771 93 130 99 69 75 23 33
3 5 1 1 100 0.75 5 772 96 132 99 69 76 24 33
3 5 1 1 100 0.75 5 773 97 133 102 70 78 26 32
3 5 1 1 100 0.75 5 774 102 132 103 67 82 30 33
3 5 1 1 100 0.75 5 775 104 134 103 71 83 31 35
3 5 1 1 100 0.75 5 776 107 135 104 71 85 33 34
3 5 1 1 100 0.75 5 777 110 137 106 73 86 34 35
3 5 1 1 100 0.75 5 778 114 138 106 74 88 36 34
3 5 1 1 100 0.75 5 779 114 139 107 76 90 38 33
3 5 1 1 100 0.75 5 780 120 141 107 75 91 39 34
3 5 1 1 100 0.75 5 781 120 141 109 78 94 42 33
3 5 1 1 100 0.75 5 782 128 143 108 77 95 43 35
3 5 1 1 100 0.75 5 783 131 146 102 86 95 43 37
3 5 1 1 100 0.75 5 784 133 148 108 90 96 44 36
3 5 1 1 100 0.75 5 785 137 147 103 88 100 48 35
3 5 1 1 100 0.75 5 786 139 150 106 92 100 48 38
3 5 1 1 100 0.75 5 787 140 152 115 94 101 49 39
3 5 1 1 100 0.75 5 788 143 152 114 92 104 52 39
3 5 1 1 100 0.75 5 789 148 155 116 95 104 52 45
3 5 1 1 100 0.75 5 790 151 154 115 96 108 56 45
3 5 1 1 100 0.75 5 791 155 155 117 97 109 58 45
3 5 1 1 100 0.75 5 792 159 155 119 98 112 61 47
3 5 1 1 100 0.75 5 793 162 156 114 100 114 63 45
3 5 1 1 100 0.75 5 794 163 154 117 98 119 68 41
3 5 1 1 100 0.75 5 795 165 155 114 97 121 70 40
3 5 1 1 100 0.75 5 796 167 158 118 99 121 70 42
3 5 1 1 100 0.75 5 797 173 160 119 101 122 71 45
3 5 1 1 100 0.75 5 798 176 161 115 105 124 73 48
3 5 1 1 100 0.75 5 799 181 164 122 108 123 73 50
3 5 1 1 100 0.75 5 800 186 163 118 109 127 77 49
3 5 1 1 100 0.75 5 801 189 163 113 111 130 80 47
3 5 1 1 100 0.75 5 802 190 165 118 114 131 81 47
3 5 1 1 100 0.75 5 803 193 165 117 112 134 84 46
3 5 1 1 100 0.75 5 804 195 167 117 114 135 85 47
3 5 1 1 100 0.75 5 805 197 165 118 113 139 90 46
3 5 1 1 100 0.75 5 806 198 164 118 111 143 94 44
3 5 1 1 100 0.75 5 807 205 159 109 104 151 102 41
3 5 1 1 100 0.75 5 808 208 160 109 109 153 104 43
3 5 1 1 100 0.75 5 809 210 162 110 111 154 105 43
3 5 1 1 100 0.75 5 810 213 162 111 111 157 108 41
3 5 1 1 100 0.75 5 811 216 163 112 112 159 110 41
3 5 1 1 100 0.75 5 812 219 164 113 113 161 112 40
3 5 1 1 100 0.75 5 813 228 166 108 115 162 113 40
3 5 1 1 100 0.75 5 814 232 167 110 122 164 115 42
3 5 1 1 100 0.75 5 815 237 168 104 124 166 117 45
3 5 1 1 100 0.75 5 816 241 168 101 127 169 120 43
3 5 1 1 100 0.75 5 817 243 169 111 129 170 122 44
3 5 1 1 100 0.75 5 818 245 171 110 130 171 123 43
3 5 1 1 100 0.75 5 819 248 171 118 130 174 126 40
3 5 1 1 100 0.75 5 820 250 171 114 130 177 129 41
3 5 1 1 100 0.75 5 821 250 172 116 131 179 131 42
3 5 1 1 100 0.75 5 822 252 173 119 129 181 133 44
3 5 1 1 100 0.75 5 823 255 173 121 129 184 136 45
3 5 1 1 100 0.75 5 824 260 172 118 128 188 140 42
3 5 1 1 100 0.75 5 825 262 171 112 129 192 144 39
3 5 1 1 100 0.75 5 826 267 174 114 132 191 144 40
3 5 1 1 100 0.75 5 827 268 175 111 135 193 146 43
3 5 1 1 100 0.75 5 828 272 176 111 136 195 148 42
3 5 1 1 100 0.75 5 829 276 175 116 136 199 152 39
3 5 1 1 100 0.75 5 830 278 177 115 139 200 153 39
3 5 1 1 100 0.75 5 831 281 176 116 137 203 157 37
3 5 1 1 100 0.75 5 832 285 177 110 138 205 159 38
3 5 1 1 100 0.75 5 833 289 176 113 139 209 163 36
3 5 1 1 100 0.75 5 834 295 178 117 142 210 164 37
3 5 1 1 100 0.75 5 835 300 180 102 148 211 165 37
3 5 1 1 100 0.75 5 836 304 182 112 152 212 166 42
3 5 1 1 100 0.75 5 837 305 182 109 153 215 169 41
3 5 1 1 100 0.75 5 838 309 185 114 154 215 169 43
3 5 1 1 100 0.75 5 839 314 184 106 154 219 173 40
3 5 1 1 100 0.75 5 840 319 183 108 156 223 177 41
3 5 1 1 100 0.75 5 841 321 185 103 160 224 178 44
3 5 1 1 100 0.75 5 842 322 183 108 158 229 183 43
3 5 1 1 100 0.75 5 843 324 183 114 156 232 186 46
3 5 1 1 100 0.75 5 844 326 185 112 157 233 187 48
3 5 1 1 100 0.75 5 845 330 187 110 158 234 188 50
3 5 1 1 100 0.75 5 846 331 189 117 161 235 189 50
3 5 1 1 100 0.75 5 847 332 188 116 159 238 193 50
3 5 1 1 100 0.75 5 848 334 188 116 157 241 196 51
3 5 1 1 100 0.75 5 849 339 190 119 158 242 197 53
3 5 1 1 100 0.75 5 850 341 191 116 161 244 199 52
3 5 1 1 100 0.75 5 851 346 194 117 163 244 199 53
3 5 1 1 100 0.75 5 852 347 195 122 166 246 201 55
3 5 1 1 100 0.75 5 853 351 193 119 163 251 206 51
3 5 1 1 100 0.75 5 854 352 195 110 166 252 207 50
3 5 1 1 100 0.75 5 855 354 194 118 163 256 211 47
3 5 1 1 100 0.75 5 856 359 196 119 164 257 212 51
3 5 1 1 100 0.75 5 857 361 196 115 168 260 215 52
3 5 1 1 100 0.75 5 858 366 195 116 166 264 219 51
3 5 1 1 100 0.75 5 859 367 192 107 166 270 225 47
3 5 1 1 100 0.75 5 860 370 192 112 164 273 228 46
3 5 1 1 100 0.75 5 861 375 190 101 163 278 233 42
3 5 1 1 100 0.75 5 862 376 191 98 166 280 235 42
3 5 1 1 100 0.75 5 863 379 187 96 160 287 242 39
3 5 1 1 100 0.75 5 864 381 188 101 161 289 244 39
3 5 1 1 100 0.75 5 865 382 189 97 162 291 246 42
3 5 1 1 100 0.75 5 866 388 192 104 164 291 246 43
3 5 1 1 100 0.75 5 867 392 194 105 169 292 247 45
3 5 1 1 100 0.75 5 868 393 192 104 168 297 252 45
3 5 1 1 100 0.75 5 869 395 192 94 167 300 255 43
3 5 1 1 100 0.75 5 870 397 193 106 167 300 257 43
3 5 1 1 100 0.75 5 870 397 193 193 167 342 257 43
3 5 1 1 100 0.75 5 900 397 193 193 167 53 257 43
3 5 1 1 100 0.75 6 901 0 3 3 0 53 0 0
3 5 1 1 100 0.75 6 902 0 6 6 0 53 0 0
3 5 1 1 100 0.75 6 903 0 9 9 0 53 0 0
3 5 1 1 100 0.75 6 904 0 12 12 0 53 0 0
3 5 1 1 100 0.75 6 905 0 15 15 0 53 0 0
3 5 1 1 100 0.75 6 906 0 18 18 0 53 0 0
3 5 1 1 100 0.75 6 907 0 21 21 0 53 0 0
3 5 1 1 100 0.75 6 908 1 24 23 0 53 0 0
3 5 1 1 100 0.75 6 909 2 27 25 1 53 0 0
3 5 1 1 100 0.75 6 910 3 30 26 2 53 0 0
3 5 1 1 100 0.75 6 911 5 33 28 3 53 0 0
3 5 1 1 100 0.75 6 912 5 36 31 5 53 0 0
3 5 1 1 100 0.75 6 913 6 39 32 5 53 0 0
3 5 1 1 100 0.75 6 914 7 42 35 6 53 0 0
3 5 1 1 100 0.75 6 915 8 45 37 7 53 0 0
3 5 1 1 100 0.75 6 916 9 48 40 8 53 0 0
3 5 1 1 100 0.75 6 917 9 51 41 9 53 0 0
3 5 1 1 100 0.75 6 918 10 54 45 9 53 0 1
3 5 1 1 100 0.75 6 919 14 57 48 10 53 0 2
3 5 1 1 100 0.75 6 920 18 60 47 14 53 0 3
3 5 1 1 100 0.75 6 921 19 63 47 18 53 0 3
3 5 1 1 100 0.75 6 922 21 66 50 19 53 0 3
3 5 1 1 100 0.75 6 923 24 69 53 21 53 0 3
3 5 1 1 100 0.75 6 924 25 72 52 24 53 0 3
3 5 1 1 100 0.75 6 925 25 75 55 25 53 0 4
3 5 1 1 100 0.75 6 926 27 78 57 25 53 0 4
3 5 1 1 100 0.75 6 927 29 81 63 27 53 0 5
3 5 1 1 100 0.75 6 928 30 84 68 29 53 0 6
3 5 1 1 100 0.75 6 929 31 87 71 30 53 0 6
3 5 1 1 100 0.75 6 930 34 90 73 31 53 0 11
3 5 1 1 100 0.75 6 931 34 93 77 34 53 0 11
3 5 1 1 100 0.75 6 932 36 96 80 34 53 0 11
3 5 1 1 100 0.75 6 933 39 99 76 36 53 0 12
3 5 1 1 100 0.75 6 934 39 102 83 39 53 0 13
3 5 1 1 100 0.75 6 935 40 104 85 38 54 1 13
3 5 1 1 100 0.75 6 936 41 106 86 38 55 2 13
3 5 1 1 100 0.75 6 937 42 109 93 39 55 2 17
3 5 1 1 100 0.75 6 938 43 112 92 40 55 2 17
3 5 1 1 100 0.75 6 939 48 114 96 40 56 3 18
3 5 1 1 100 0.75 6 940 50 117 98 45 56 3 19
3 5 1 1 100 0.75 6 941 52 120 99 47 56 3 20
3 5 1 1 100 0.75 6 942 54 123 97 49 56 3 20
3 5 1 1 100 0.75 6 943 57 126 102 51 56 3 22
3 5 1 1 100 0.75 6 944 57 129 103 54 56 3 22
3 5 1 1 100 0.75 6 945 60 131 105 53 57 4 23
3 5 1 1 100 0.75 6 946 62 132 103 54 59 6 22
3 5 1 1 100 0.75 6 947 64 135 112 56 59 6 24
3 5 1 1 100 0.75 6 948 67 135 106 55 62 9 22
3 5 1 1 100 0.75 6 949 68 137 110 57 63 10 23
3 5 1 1 100 0.75 6 950 71 138 110 56 65 12 24
3 5 1 1 100 0.75 6 951 72 140 113 58 65 13 23
3 5 1 1 100 0.75 6 952 77 143 112 59 65 13 24
3 5 1 1 100 0.75 6 953 80 142 113 60 69 17 23
3 5 1 1 100 0.75 6 954 82 144 112 62 70 18 23
3 5 1 1 100 0.75 6 955 84 147 116 64 70 18 25
3 5 1 1 100 0.75 6 956 87 150 119 66 70 18 27
3 5 1 1 100 0.75 6 957 90 152 117 68 71 19 29
3 5 1 1 100 0.75 6 958 93 152 118 68 74 22 26
3 5 1 1 100 0.75 6 959 94 154 119 70 75 23 27
3 5 1 1 100 0.75 6 960 98 155 120 69 77 25 27
3 5 1 1 100 0.75 6 961 103 157 119 72 78 26 29
3 5 1 1 100 0.75 6 962 105 160 120 77 78 26 29
3 5 1 1 100 0.75 6 963 110 161 119 77 80 28 28
3 5 1 1 100 0.75 6 964 114 164 118 82 80 28 31
3 5 1 1 100 0.75 6 965 117 165 121 84 82 30 33
3 5 1 1 100 0.75 6 966 119 166 121 85 84 32 33
3 5 1 1 100 0.75 6 967 122 169 126 87 84 32 36
3 5 1 1 100 0.75 6 968 123 168 123 86 88 36 34
3 5 1 1 100 0.75 6 969 130 170 127 86 89 37 36
3 5 1 1 100 0.75 6 970 134 172 125 92 90 38 40
3 5 1 1 100 0.75 6 971 137 173 127 94 92 40 42
3 5 1 1 100 0.75 6 972 141 173 124 95 95 43 41
3 5 1 1 100 0.75 6 973 143 174 127 97 97 45 40
3 5 1 1 100 0.75 6 974 147 175 124 98 99 47 40
3 5 1 1 100 0.75 6 975 152 176 121 100 101 49 39
3 5 1 1 100 0.75 6 976 155 176 125 102 104 52 38
3 5 1 1 100 0.75 6 977 160 177 127 103 106 54 43
3 5 1 1 100 0.75 6 978 166 180 123 108 106 54 46
3 5 1 1 100 0.75 6 979 168 182 130 114 107 55 47
3 5 1 1 100 0.75 6 980 171 183 127 114 109 57 47
3 5 1 1 100 0.75 6 981 173 182 130 113 113 61 48
3 5 1 1 100 0.75 6 982 175 184 130 114 114 62 48
3 5 1 1 100 0.75 6 983 180 186 128 116 115 63 51
3 5 1 1 100 0.75 6 984 183 186 127 118 118 66 50
3 5 1 1 100 0.75 6 985 185 188 133 121 119 67 52
3 5 1 1 100 0.75 6 986 190 188 130 120 122 70 53
3 5 1 1 100 0.75 6 987 193 188 131 122 125 73 52
3 5 1 1 100 0.75 6 988 197 187 127 122 129 77 49
3 5 1 1 100 0.75 6 989 200 186 129 122 133 81 48
3 5 1 1 100 0.75 6 990 207 186 119 122 136 84 45
3 5 1 1 100 0.75 6 991 211 189 132 129 136 84 51
3 5 1 1 100 0.75 6 992 214 189 127 130 139 87 50
3 5 1 1 100 0.75 6 993 217 187 124 128 144 92 46
3 5 1 1 100 0.75 6 994 221 185 123 126 149 97 45
3 5 1 1 100 0.75 6 995 226 187 123 129 150 98 47
3 5 1 1 100 0.75 6 996 231 188 124 132 152 100 48
3 5 1 1 100 0.75 6 997 236 187 118 133 156 104 46
3 5 1 1 100 0.75 6 998 237 189 126 137 157 105 53
3 5 1 1 100 0.75 6 999 240 189 118 135 160 108 52
3 5 1 1 100 0.75 6 1000 241 192 131 140 160 108 54
3 5 1 1 100 0.75 6 1001 245 187 120 133 168 116 48
3 5 1 1 100 0.75 6 1002 250 185 117 133 173 121 47
3 5 1 1 100 0.75 6 1003 252 187 123 137 174 122 49
3 5 1 1 100 0.75 6 1004 256 188 119 137 176 124 51
3 5 1 1 100 0.75 6 1005 260 191 127 141 176 124 52
3 5 1 1 100 0.75 6 1006 265 189 117 140 181 129 47
3 5 1 1 100 0.75 6 1007 268 191 120 145 182 130 49
3 5 1 1 100 0.75 6 1008 272 192 121 146 184 132 47
3 5 1 1 100 0.75 6 1009 277 190 118 145 189 137 45
3 5 1 1 100 0.75 6 1010 279 193 114 150 189 137 46
3 5 1 1 100 0.75 6 1011 279 196 125 153 188 137 50
3 5 1 1 100 0.75 6 1012 285 194 117 149 193 142 47
3 5 1 1 100 0.75 6 1013 289 192 121 152 198 147 47
3 5 1 1 100 0.75 6 1014 293 190 114 151 203 152 45
3 5 1 1 100 0.75 6 1015 294 190 117 152 206 155 45
3 5 1 1 100 0.75 6 1016 300 189 110 149 210 159 45
3 5 1 1 100 0.75 6 1017 302 189 112 152 213 162 45
3 5 1 1 100 0.75 6 1018 307 190 114 152 215 164 45
3 5 1 1 100 0.75 6 1019 309 192 104 157 216 165 47
3 5 1 1 100 0.75 6 1020 313 192 110 157 219 168 48
3 5 1 1 100 0.75 6 1021 315 194 115 161 220 169 50
3 5 1 1 100 0.75 6 1022 318 194 115 160 223 172 48
3 5 1 1 100 0.75 6 1023 320 193 106 159 227 176 47
3 5 1 1 100 0.75 6 1024 323 195 116 160 228 177 49
3 5 1 1 100 0.75 6 1025 324 197 114 165 229 178 49
3 5 1 1 100 0.75 6 1026 326 197 113 167 232 181 49
3 5 1 1 100 0.75 6 1027 330 198 109 167 233 183 52
3 5 1 1 100 0.75 6 1028 334 200 113 171 234 184 55
3 5 1 1 100 0.75 6 1029 336 201 113 174 236 186 56
3 5 1 1 100 0.75 6 1030 340 201 111 173 239 189 56
3 5 1 1 100 0.75 6 1031 341 198 105 172 245 195 51
3 5 1 1 100 0.75 6 1032 344 199 110 173 247 197 52
3 5 1 1 100 0.75 6 1033 347 198 104 173 251 201 52
3 5 1 1 100 0.75 6 1034 347 196 109 171 256 206 51
3 5 1 1 100 0.75 6 1035 349 195 108 169 260 210 49
3 5 1 1 100 0.75 6 1036 350 195 101 169 263 213 49
3 5 1 1 100 0.75 6 1037 353 195 102 167 265 216 49
3 5 1 1 100 0.75 6 1038 356 195 104 167 268 219 48
3 5 1 1 100 0.75 6 1039 357 194 98 166 272 223 47
3 5 1 1 100 0.75 6 1040 360 197 114 168 272 223 52
3 5 1 1 100 0.75 6 1041 365 196 102 167 276 227 49
3 5 1 1 100 0.75 6 1042 366 195 103 168 280 231 46
3 5 1 1 100 0.75 6 1043 370 196 100 167 282 233 45
3 5 1 1 100 0.75 6 1044 373 198 103 170 283 234 45
3 5 1 1 100 0.75 6 1045 376 199 95 171 285 236 45
3 5 1 1 100 0.75 6 1046 378 200 106 172 287 238 45
3 5 1 1 100 0.75 6 1047 382 197 104 169 292 244 41
3 5 1 1 100 0.75 6 1048 383 195 86 168 297 249 39
3 5 1 1 100 0.75 6 1049 384 194 92 165 301 253 38
3 5 1 1 100 0.75 6 1050 388 194 92 164 304 256 36
3 5 1 1 100 0.75 6 1050 388 194 194 164 340 256 36
3 5 1 1 100 0.75 6 1080 388 194 194 164 53 256 36
3 5 1 1 100 0.75 7 1081 0 3 3 0 53 0 0
3 5 1 1 100 0.75 7 1082 0 6 6 0 53 0 0
3 5 1 1 100 0.75 7 1083 0 9 9 0 53 0 0
3 5 1 1 100 0.75 7 1084 0 12 12 0 53 0 0
3 5 1 1 100 0.75 7 1085 0 15 15 0 53 0 0
3 5 1 1 100 0.75 7 1086 0 18 18 0 53 0 0
3 5 1 1 100 0.75 7 1087 1 21 20 0 53 0 0
3 5 1 1 100 0.75 7 1088 1 24 22 1 53 0 0
3 5 1 1 100 0.75 7 1089 2 27 25 1 53 0 0
3 5 1 1 100 0.75 7 1090 2 30 28 2 53 0 0
3 5 1 1 100 0.75 7 1091 3 33 30 2 53 0 0
3 5 1 1 100 0.75 7 1092 4 36 31 3 53 0 0
3 5 1 1 100 0.75 7 1093 6 39 30 4 53 0 0
3 5 1 1 100 0.75 7 1094 10 42 33 6 53 0 0
3 5 1 1 100 0.75 7 1095 12 45 33 10 53 0 0
3 5 1 1 100 0.75 7 1096 14 48 36 12 53 0 1
3 5 1 1 100 0.75 7 1097 16 51 37 14 53 0 1
3 5 1 1 100 0.75 7 1098 19 54 38 16 53 0 2
3 5 1 1 100 0.75 7 1099 20 57 40 19 53 0 3
3 5 1 1 100 0.75 7 1100 21 60 43 20 53 0 3
3 5 1 1 100 0.75 7 1101 23 63 48 21 53 0 6
3 5 1 1 100 0.75 7 1102 24 66 50 23 52 0 7
3 5 1 1 100 0.75 7 1103 26 69 54 24 52 0 8
3 5 1 1 100 0.75 7 1104 29 72 54 26 52 0 10
3 5 1 1 100 0.75 7 1105 30 75 61 29 52 0 12
3 5 1 1 100 0.75 7 1106 33 78 62 30 52 0 14
3 5 1 1 100 0.75 7 1107 35 81 65 33 52 0 15
3 5 1 1 100 0.75 7 1108 38 84 67 35 52 0 17
3 5 1 1 100 0.75 7 1109 39 87 67 38 52 0 18
3 5 1 1 100 0.75 7 1110 41 90 71 39 52 0 19
3 5 1 1 100 0.75 7 1111 42 93 74 41 52 0 20
3 5 1 1 100 0.75 7 1112 43 96 78 42 52 0 20
3 5 1 1 100 0.75 7 1113 44 98 81 42 53 1 21
3 5 1 1 100 0.75 7 1114 47 101 82 43 53 1 23
3 5 1 1 100 0.75 7 1115 47 103 85 45 54 2 22
3 5 1 1 100 0.75 7 1116 48 104 90 43 56 4 23
3 5 1 1 100 0.75 7 1117 50 106 91 43 57 5 25
3 5 1 1 100 0.75 7 1118 53 109 93 45 57 5 25
3 5 1 1 100 0.75 7 1119 56 110 90 46 59 7 24
3 5 1 1 100 0.75 7 1120 58 113 93 49 59 7 25
3 5 1 1 100 0.75 7 1121 60 115 94 50 60 8 25
3 5 1 1 100 0.75 7 1122 65 117 95 51 61 9 24
3 5 1 1 100 0.75 7 1123 68 118 91 54 63 11 22
3 5 1 1 100 0.75 7 1124 70 118 90 54 66 14 22
3 5 1 1 100 0.75 7 1125 74 120 91 55 67 15 22
3 5 1 1 100 0.75 7 1126 74 120 92 56 70 18 23
3 5 1 1 100 0.75 7 1127 76 123 93 56 70 18 24
3 5 1 1 100 0.75 7 1128 81 125 95 57 71 19 25
3 5 1 1 100 0.75 7 1129 88 125 94 59 74 22 25
3 5 1 1 100 0.75 7 1130 92 127 91 65 75 23 28
3 5 1 1 100 0.75 7 1131 96 128 94 67 77 25 27
3 5 1 1 100 0.75 7 1132 99 129 91 69 79 27 25
3 5 1 1 100 0.75 7 1133 100 132 98 72 79 27 28
3 5 1 1 100 0.75 7 1134 103 134 100 72 80 28 27
3 5 1 1 100 0.75 7 1135 107 135 98 73 82 30 27
3 5 1 1 100 0.75 7 1136 111 136 103 75 84 32 32
3 5 1 1 100 0.75 7 1137 114 139 103 79 84 32 38
3 5 1 1 100 0.75 7 1138 117 142 108 82 84 32 40
3 5 1 1 100 0.75 7 1139 120 144 109 84 85 33 41
3 5 1 1 100 0.75 7 1140 122 145 113 85 86 35 40
3 5 1 1 100 0.75 7 1141 125 147 111 86 87 36 42
3 5 1 1 100 0.75 7 1142 127 150 113 89 87 36 42
3 5 1 1 100 0.75 7 1143 130 151 118 89 89 38 43
3 5 1 1 100 0.75 7 1144 138 149 112 87 94 43 42
3 5 1 1 100 0.75 7 1145 142 152 110 96 94 43 43
3 5 1 1 100 0.75 7 1146 144 151 115 96 98 47 43
3 5 1 1 100 0.75 7 1147 149 154 113 98 98 47 46
3 5 1 1 100 0.75 7 1148 151 156 112 102 99 48 46
3 5 1 1 100 0.75 7 1149 152 158 118 103 100 49 50
3 5 1 1 100 0.75 7 1150 155 158 113 101 103 52 48
3 5 1 1 100 0.75 7 1151 159 160 114 103 104 53 50
3 5 1 1 100 0.75 7 1152 163 161 123 105 106 55 53
3 5 1 1 100 0.75 7 1153 166 159 119 104 111 60 50
3 5 1 1 100 0.75 7 1154 169 157 119 102 116 65 47
3 5 1 1 100 0.75 7 1155 174 156 109 101 120 69 44
3 5 1 1 100 0.75 7 1156 176 157 113 104 122 71 42
3 5 1 1 100 0.75 7 1157 180 156 107 102 126 75 40
3 5 1 1 100 0.75 7 1158 181 156 109 103 129 78 38
3 5 1 1 100 0.75 7 1159 185 158 113 103 130 79 41
3 5 1 1 100 0.75 7 1160 187 159 112 105 131 81 42
3 5 1 1 100 0.75 7 1161 194 161 112 106 132 82 44
3 5 1 1 100 0.75 7 1162 198 163 110 112 133 83 45
3 5 1 1 100 0.75 7 1163 201 160 112 110 139 89 40
3 5 1 1 100 0.75 7 1164 206 160 108 110 142 92 39
3 5 1 1 100 0.75 7 1165 210 160 105 112 145 95 38
3 5 1 1 100 0.75 7 1166 216 161 96 114 147 97 40
3 5 1 1 100 0.75 7 1167 218 162 105 118 149 99 41
3 5 1 1 100 0.75 7 1168 222 161 100 117 153 103 42
3 5 1 1 100 0.75 7 1169 225 163 109 120 153 104 44
3 5 1 1 100 0.75 7 1170 228 163 105 120 156 107 43
3 5 1 1 100 0.75 7 1171 231 165 105 122 157 108 44
3 5 1 1 100 0.75 7 1172 234 165 106 122 160 111 45
3 5 1 1 100 0.75 7 1173 237 166 110 123 162 113 47
3 5 1 1 100 0.75 7 1174 241 168 116 125 163 114 49
3 5 1 1 100 0.75 7 1175 241 169 123 127 165 116 52
3 5 1 1 100 0.75 7 1176 247 171 112 126 166 117 52
3 5 1 1 100 0.75 7 1177 253 170 115 128 170 121 49
3 5 1 1 100 0.75 7 1178 254 171 115 133 172 123 50
3 5 1 1 100 0.75 7 1179 258 172 112 132 174 125 51
3 5 1 1 100 0.75 7 1180 262 173 116 134 176 127 54
3 5 1 1 100 0.75 7 1181 266 172 111 135 179 131 53
3 5 1 1 100 0.75 7 1182 271 173 106 138 181 133 52
3 5 1 1 100 0.75 7 1183 275 174 109 141 183 135 52
3 5 1 1 100 0.75 7 1184 280 170 104 138 190 142 51
3 5 1 1 100 0.75 7 1185 284 170 103 140 193 145 49
3 5 1 1 100 0.75 7 1186 286 173 104 144 192 145 51
3 5 1 1 100 0.75 7 1187 288 172 104 143 196 149 51
3 5 1 1 100 0.75 7 1188 292 173 109 143 198 151 53
3 5 1 1 100 0.75 7 1189 295 172 102 144 202 155 53
3 5 1 1 100 0.75 7 1190 298 169 106 141 208 161 47
3 5 1 1 100 0.75 7 1191 301 169 102 141 211 164 49
3 5 1 1 100 0.75 7 1192 303 171 107 144 212 165 53
3 5 1 1 100 0.75 7 1193 306 170 105 142 216 169 52
3 5 1 1 100 0.75 7 1194 309 172 103 144 217 170 51
3 5 1 1 100 0.75 7 1195 313 173 109 145 219 172 51
3 5 1 1 100 0.75 7 1196 316 174 106 147 221 174 50
3 5 1 1 100 0.75 7 1197 320 175 103 148 223 176 52
3 5 1 1 100 0.75 7 1198 325 175 105 150 225 179 53
3 5 1 1 100 0.75 7 1199 326 175 101 152 228 182 51
3 5 1 1 100 0.75 7 1200 328 174 107 149 232 186 50
3 5 1 1 100 0.75 7 1201 330 175 101 149 234 188 49
3 5 1 1 100 0.75 7 1202 331 175 98 150 237 191 49
3 5 1 1 100 0.75 7 1203 335 173 96 146 241 196 47
3 5 1 1 100 0.75 7 1204 337 170 98 144 247 202 44
3 5 1 1 100 0.75 7 1205 341 170 104 144 249 205 48
3 5 1 1 100 0.75 7 1206 342 170 94 146 252 208 47
3 5 1 1 100 0.75 7 1207 344 170 94 144 255 211 45
3 5 1 1 100 0.75 7 1208 344 170 100 145 258 214 44
3 5 1 1 100 0.75 7 1209 348 171 105 143 260 216 44
3 5 1 1 100 0.75 7 1210 352 172 100 145 262 218 44
3 5 1 1 100 0.75 7 1211 354 173 92 148 264 220 44
3 5 1 1 100 0.75 7 1212 357 174 101 150 265 222 46
3 5 1 1 100 0.75 7 1213 361 175 93 151 267 224 46
3 5 1 1 100 0.75 7 1214 362 177 92 154 268 225 48
3 5 1 1 100 0.75 7 1215 364 176 103 151 272 229 45
3 5 1 1 100 0.75 7 1216 366 177 99 152 274 231 43
3 5 1 1 100 0.75 7 1217 368 179 99 154 275 232 46
3 5 1 1 100 0.75 7 1218 370 176 97 151 281 238 41
3 5 1 1 100 0.75 7 1219 372 176 102 150 284 241 41
3 5 1 1 100 0.75 7 1220 374 176 101 150 287 244 39
3 5 1 1 100 0.75 7 1221 377 175 90 149 291 248 35
3 5 1 1 100 0.75 7 1222 378 176 91 151 293 250 34
3 5 1 1 100 0.75 7 1223 381 179 96 152 293 250 37
3 5 1 1 100 0.75 7 1224 383 180 98 153 295 252 37
3 5 1 1 100 0.75 7 1225 386 176 87 150 302 259 33
3 5 1 1 100 0.75 7 1226 388 179 105 153 302 259 35
3 5 1 1 100 0.75 7 1227 390 182 96 155 302 259 35
3 5 1 1 100 0.75 7 1228 394 179 90 152 308 265 30
3 5 1 1 100 0.75 7 1229 395 181 87 155 309 266 32
3 5 1 1 100 0.75 7 1230 396 182 100 155 311 268 30
3 5 1 1 100 0.75 7 1230 396 182 182 155 341 268 30
3 5 1 1 100 0.75 7 1260 396 182 182 155 53 268 30
3 5 1 1 100 0.75 8 1261 0 3 3 0 53 0 0
3 5 1 1 100 0.75 8 1262 0 6 6 0 53 0 0
3 5 1 1 100 0.75 8 1263 0 9 9 0 53 0 0
3 5 1 1 100 0.75 8 1264 0 12 12 0 53 0 0
3 5 1 1 100 0.75 8 1265 0 15 15 0 53 0 0
3 5 1 1 100 0.75 8 1266 0 18 18 0 53 0 0
3 5 1 1 100 0.75 8 1267 0 21 21 0 53 0 0
3 5 1 1 100 0.75 8 1268 0 24 24 0 53 0 0
3 5 1 1 100 0.75 8 1269 1 27 26 0 53 0 0
3 5 1 1 100 0.75 8 1270 1 30 28 1 53 0 0
3 5 1 1 100 0.75 8 1271 2 33 30 1 53 0 0
3 5 1 1 100 0.75 8 1272 5 36 30 2 53 0 0
3 5 1 1 100 0.75 8 1273 6 39 32 5 53 0 0
3 5 1 1 100 0.75 8 1274 7 42 35 6 53 0 0
3 5 1 1 100 0.75 8 1275 10 45 33 7 53 0 0
3 5 1 1 100 0.75 8 1276 11 48 38 10 53 0 1
3 5 1 1 100 0.75 8 1277 13 51 38 11 53 0 1
3 5 1 1 100 0.75 8 1278 15 54 40 13 53 0 1
3 5 1 1 100 0.75 8 1279 15 57 45 15 53 0 2
3 5 1 1 100 0.75 8 1280 16 60 49 15 53 0 3
3 5 1 1 100 0.75 8 1281 17 63 51 16 53 0 4
3 5 1 1 100 0.75 8 1282 18 66 55 17 53 0 5
3 5 1 1 100 0.75 8 1283 21 69 56 18 53 0 6
3 5 1 1 100 0.75 8 1284 23 72 59 21 53 0 7
3 5 1 1 100 0.75 8 1285 26 75 61 23 53 0 9
3 5 1 1 100 0.75 8 1286 27 78 66 26 53 0 10
3 5 1 1 100 0.75 8 1287 28 81 66 27 53 0 11
3 5 1 1 100 0.75 8 1288 29 84 70 28 53 0 11
3 5 1 1 100 0.75 8 1289 32 87 72 29 53 0 12
3 5 1 1 100 0.75 8 1290 35 90 73 32 53 0 13
3 5 1 1 100 0.75 8 1291 37 93 75 35 53 0 14
3 5 1 1 100 0.75 8 1292 40 96 77 37 53 0 16
3 5 1 1 100 0.75 8 1293 43 98 79 39 54 1 18
3 5 1 1 100 0.75 8 1294 45 100 80 41 55 2 17
3 5 1 1 100 0.75 8 1295 48 103 79 43 55 2 17
3 5 1 1 100 0.75 8 1296 49 106 80 46 55 2 17
3 5 1 1 100 0.75 8 1297 51 108 85 46 56 3 19
3 5 1 1 100 0.75 8 1298 55 111 87 48 56 3 19
3 5 1 1 100 0.75 8 1299 56 113 90 51 57 4 20
3 5 1 1 100 0.75 8 1300 60 113 90 49 60 7 21
3 5 1 1 100 0.75 8 1301 61 115 91 52 61 8 23
3 5 1 1 100 0.75 8 1302 64 118 95 53 61 8 25
3 5 1 1 100 0.75 8 1303 66 121 97 56 61 8 26
3 5 1 1 100 0.75 8 1304 70 122 98 56 63 10 25
3 5 1 1 100 0.75 8 1305 73 124 96 59 64 11 24
3 5 1 1 100 0.75 8 1306 74 124 98 59 67 14 23
3 5 1 1 100 0.75 8 1307 79 126 96 59 68 15 25
3 5 1 1 100 0.75 8 1308 81 128 101 63 69 16 25
3 5 1 1 100 0.75 8 1309 83 131 100 65 69 16 27
3 5 1 1 100 0.75 8 1310 84 132 103 65 71 18 26
3 5 1 1 100 0.75 8 1311 86 135 104 67 71 18 27
3 5 1 1 100 0.75 8 1312 90 138 110 69 70 18 29
3 5 1 1 100 0.75 8 1313 94 139 107 71 72 20 28
3 5 1 1 100 0.75 8 1314 96 142 111 75 72 20 29
3 5 1 1 100 0.75 8 1315 97 140 112 72 77 25 26
3 5 1 1 100 0.75 8 1316 100 143 109 73 77 25 27
3 5 1 1 100 0.75 8 1317 102 145 112 75 78 26 27
3 5 1 1 100 0.75 8 1318 106 148 117 77 78 26 30
3 5 1 1 100 0.75 8 1319 107 148 115 78 81 29 31
3 5 1 1 100 0.75 8 1320 109 149 121 77 83 31 32
3 5 1 1 100 0.75 8 1321 112 149 113 76 86 34 31
3 5 1 1 100 0.75 8 1322 113 150 119 77 88 36 29
3 5 1 1 100 0.75 8 1323 115 150 116 75 91 39 29
3 5 1 1 100 0.75 8 1324 119 153 123 77 91 39 31
3 5 1 1 100 0.75 8 1325 123 155 119 80 92 40 32
3 5 1 1 100 0.75 8 1326 128 156 119 82 94 42 32
3 5 1 1 100 0.75 8 1327 131 157 119 85 95 44 30
3 5 1 1 100 0.75 8 1328 136 159 115 87 96 45 32
3 5 1 1 100 0.75 8 1329 139 161 116 91 97 46 31
3 5 1 1 100 0.75 8 1330 141 164 117 94 97 46 32
3 5 1 1 100 0.75 8 1331 146 166 115 95 98 47 32
3 5 1 1 100 0.75 8 1332 151 167 116 99 100 49 32
3 5 1 1 100 0.75 8 1333 155 168 117 102 102 51 33
3 5 1 1 100 0.75 8 1334 160 168 118 103 105 54 36
3 5 1 1 100 0.75 8 1335 164 170 115 107 106 55 35
3 5 1 1 100 0.75 8 1336 167 170 120 108 109 58 38
3 5 1 1 100 0.75 8 1337 172 169 113 107 113 62 35
3 5 1 1 100 0.75 8 1338 173 169 114 109 116 65 36
3 5 1 1 100 0.75 8 1339 182 170 114 108 118 67 39
3 5 1 1 100 0.75 8 1340 184 172 119 116 119 68 44
3 5 1 1 100 0.75 8 1341 184 171 121 114 123 72 43
3 5 1 1 100 0.75 8 1342 190 174 123 114 123 72 46
3 5 1 1 100 0.75 8 1343 193 176 124 119 124 73 49
3 5 1 1 100 0.75 8 1344 196 177 125 120 126 75 49
3 5 1 1 100 0.75 8 1345 199 180 127 123 126 75 51
3 5 1 1 100 0.75 8 1346 203 181 125 124 128 77 53
3 5 1 1 100 0.75 8 1347 203 184 137 129 128 77 59
3 5 1 1 100 0.75 8 1348 206 184 134 126 131 80 56
3 5 1 1 100 0.75 8 1349 210 185 132 128 133 82 56
3 5 1 1 100 0.75 8 1350 213 184 128 129 137 86 55
3 5 1 1 100 0.75 8 1351 220 185 132 131 139 88 55
3 5 1 1 100 0.75 8 1352 223 185 130 135 142 91 53
3 5 1 1 100 0.75 8 1353 226 186 131 136 144 93 52
3 5 1 1 100 0.75 8 1354 229 185 124 135 148 97 51
3 5 1 1 100 0.75 8 1355 233 185 122 135 151 100 49
3 5 1 1 100 0.75 8 1356 240 184 122 136 155 104 51
3 5 1 1 100 0.75 8 1357 243 185 119 141 157 106 51
3 5 1 1 100 0.75 8 1358 244 183 125 140 162 111 52
3 5 1 1 100 0.75 8 1359 248 181 118 136 166 116 49
3 5 1 1 100 0.75 8 1360 250 180 111 136 170 120 47
3 5 1 1 100 0.75 8 1361 254 178 112 134 175 125 43
3 5 1 1 100 0.75 8 1362 259 178 105 135 178 128 42
3 5 1 1 100 0.75 8 1363 264 181 117 141 178 128 49
3 5 1 1 100 0.75 8 1364 271 182 113 144 180 130 52
3 5 1 1 100 0.75 8 1365 273 182 112 148 183 133 51
3 5 1 1 100 0.75 8 1366 273 181 107 146 187 137 49
3 5 1 1 100 0.75 8 1367 277 182 114 144 189 139 52
3 5 1 1 100 0.75 8 1368 282 183 104 146 191 141 52
3 5 1 1 100 0.75 8 1369 285 186 112 151 191 141 55
3 5 1 1 100 0.75 8 1370 288 186 116 151 194 144 54
3 5 1 1 100 0.75 8 1371 292 187 117 152 196 146 59
3 5 1 1 100 0.75 8 1372 295 187 121 153 199 149 61
3 5 1 1 100 0.75 8 1373 298 189 119 155 200 150 60
3 5 1 1 100 0.75 8 1374 301 187 114 154 205 155 56
3 5 1 1 100 0.75 8 1375 306 188 109 158 207 157 58
3 5 1 1 100 0.75 8 1376 307 188 109 160 210 160 58
3 5 1 1 100 0.75 8 1377 309 187 104 159 214 164 55
3 5 1 1 100 0.75 8 1378 312 187 120 159 217 167 55
3 5 1 1 100 0.75 8 1379 314 187 109 159 220 170 53
3 5 1 1 100 0.75 8 1380 315 188 118 159 221 172 52
3 5 1 1 100 0.75 8 1381 318 187 114 156 225 176 52
3 5 1 1 100 0.75 8 1382 321 185 119 154 230 181 49
3 5 1 1 100 0.75 8 1383 324 182 105 151 236 187 46
3 5 1 1 100 0.75 8 1384 326 180 106 150 241 192 44
3 5 1 1 100 0.75 8 1385 330 183 103 153 240 192 45
3 5 1 1 100 0.75 8 1386 334 185 107 157 241 193 46
3 5 1 1 100 0.75 8 1387 337 185 104 158 243 196 44
3 5 1 1 100 0.75 8 1388 339 182 95 155 249 202 39
3 5 1 1 100 0.75 8 1389 342 181 91 153 253 206 37
3 5 1 1 100 0.75 8 1390 345 180 96 152 255 210 36
3 5 1 1 100 0.75 8 1391 350 180 97 152 258 213 33
3 5 1 1 100 0.75 8 1392 351 182 89 157 258 214 35
3 5 1 1 100 0.75 8 1393 355 184 94 158 259 215 39
3 5 1 1 100 0.75 8 1394 356 187 95 162 259 215 39
3 5 1 1 100 0.75 8 1395 357 187 103 160 262 218 39
3 5 1 1 100 0.75 8 1396 359 187 98 158 265 221 37
3 5 1 1 100 0.75 8 1397 364 186 98 156 269 225 37
3 5 1 1 100 0.75 8 1398 367 186 94 158 272 228 40
3 5 1 1 100 0.75 8 1399 368 189 104 163 272 228 43
3 5 1 1 100 0.75 8 1400 370 191 104 163 273 229 45
3 5 1 1 100 0.75 8 1401 374 188 101 159 278 235 42
3 5 1 1 100 0.75 8 1402 374 191 109 164 277 235 43
3 5 1 1 100 0.75 8 1403 375 191 100 163 280 238 42
3 5 1 1 100 0.75 8 1404 378 192 101 163 282 240 41
3 5 1 1 100 0.75 8 1405 380 195 98 166 282 240 46
3 5 1 1 100 0.75 8 1406 381 195 106 167 285 243 45
3 5 1 1 100 0.75 8 1407 382 197 104 168 286 244 44
3 5 1 1 100 0.75 8 1408 387 196 104 168 290 248 44
3 5 1 1 100 0.75 8 1409 389 198 103 172 291 249 44
3 5 1 1 100 0.75 8 1410 390 200 107 173 292 250 44
3 5 1 1 100 0.75 8 1410 390 200 200 173 336 250 44
3 5 1 1 100 0.75 8 1440 390 200 200 173 53 250 44
3 5 1 1 100 0.75 9 1441 0 3 3 0 53 0 0
3 5 1 1 100 0.75 9 1442 0 6 6 0 53 0 0
3 5 1 1 100 0.75 9 1443 0 9 9 0 53 0 0
3 5 1 1 100 0.75 9 1444 0 12 12 0 53 0 0
3 5 1 1 100 0.75 9 1445 0 15 15 0 53 0 0
3 5 1 1 100 0.75 9 1446 0 18 18 0 53 0 0
3 5 1 1 100 0.75 9 1447 0 21 21 0 53 0 0
3 5 1 1 100 0.75 9 1448 0 24 24 0 53 0 0
3 5 1 1 100 0.75 9 1449 0 27 27 0 53 0 0
3 5 1 1 100 0.75 9 1450 0 30 30 0 53 0 0
3 5 1 1 100 0.75 9 1451 1 33 31 0 53 0 0
3 5 1 1 100 0.75 9 1452 1 36 35 1 52 0 0
3 5 1 1 100 0.75 9 1453 4 39 35 1 52 0 0
3 5 1 1 100 0.75 9 1454 5 42 37 4 52 0 0
3 5 1 1 100 0.75 9 1455 6 45 39 5 52 0 0
3 5 1 1 100 0.75 9 1456 8 48 39 6 52 0 0
3 5 1 1 100 0.75 9 1457 10 51 41 8 52 0 0
3 5 1 1 100 0.75 9 1458 12 54 42 10 52 0 1
3 5 1 1 100 0.75 9 1459 12 57 46 12 52 0 1
3 5 1 1 100 0.75 9 1460 14 60 47 12 52 0 2
3 5 1 1 100 0.75 9 1461 16 63 49 14 52 0 4
3 5 1 1 100 0.75 9 1462 18 66 52 16 52 0 4
3 5 1 1 100 0.75 9 1463 20 69 53 18 52 0 4
3 5 1 1 100 0.75 9 1464 22 72 58 20 52 0 6
3 5 1 1 100 0.75 9 1465 23 75 60 22 52 0 10
3 5 1 1 100 0.75 9 1466 27 78 61 23 52 0 10
3 5 1 1 100 0.75 9 1467 28 81 64 27 52 0 11
3 5 1 1 100 0.75 9 1468 29 84 70 28 52 0 13
3 5 1 1 100 0.75 9 1469 32 87 70 29 52 0 14
3 5 1 1 100 0.75 9 1470 33 90 74 32 52 0 14
3 5 1 1 100 0.75 9 1471 35 93 78 33 52 0 15
3 5 1 1 100 0.75 9 1472 36 96 79 35 52 0 17
3 5 1 1 100 0.75 9 1473 38 98 82 35 53 1 18
3 5 1 1 100 0.75 9 1474 40 101 83 37 53 1 20
3 5 1 1 100 0.75 9 1475 41 104 87 39 53 1 21
3 5 1 1 100 0.75 9 1476 44 106 87 39 54 2 22
3 5 1 1 100 0.75 9 1477 46 109 90 42 54 2 23
3 5 1 1 100 0.75 9 1478 48 111 91 43 55 3 24
3 5 1 1 100 0.75 9 1479 48 114 97 45 55 3 26
3 5 1 1 100 0.75 9 1480 52 116 95 44 56 4 26
3 5 1 1 100 0.75 9 1481 54 117 98 46 57 6 26
3 5 1 1 100 0.75 9 1482 57 118 98 46 59 8 25
3 5 1 1 100 0.75 9 1483 58 119 97 47 61 10 24
3 5 1 1 100 0.75 9 1484 59 121 103 47 62 11 25
3 5 1 1 100 0.75 9 1485 63 123 97 47 63 12 25
3 5 1 1 100 0.75 9 1486 63 126 105 51 63 12 27
3 5 1 1 100 0.75 9 1487 66 128 103 50 64 13 27
3 5 1 1 100 0.75 9 1488 70 131 104 53 64 13 28
3 5 1 1 100 0.75 9 1489 73 132 106 55 66 15 26
3 5 1 1 100 0.75 9 1490 75 134 105 57 67 16 28
3 5 1 1 100 0.75 9 1491 76 131 106 53 73 22 23
3 5 1 1 100 0.75 9 1492 76 132 107 52 75 24 21
3 5 1 1 100 0.75 9 1493 80 133 105 50 77 26 19
3 5 1 1 100 0.75 9 1494 82 133 101 51 80 29 17
3 5 1 1 100 0.75 9 1495 83 136 109 53 80 29 19
3 5 1 1 100 0.75 9 1496 90 138 107 53 81 30 19
3 5 1 1 100 0.75 9 1497 91 141 112 60 81 30 22
3 5 1 1 100 0.75 9 1498 97 141 105 58 84 33 19
3 5 1 1 100 0.75 9 1499 98 142 105 62 86 35 18
3 5 1 1 100 0.75 9 1500 101 144 108 62 86 36 18
3 5 1 1 100 0.75 9 1501 104 146 106 65 87 37 20
3 5 1 1 100 0.75 9 1502 106 148 108 67 88 38 21
3 5 1 1 100 0.75 9 1503 110 148 107 66 91 41 21
3 5 1 1 100 0.75 9 1504 112 151 110 70 91 41 24
3 5 1 1 100 0.75 9 1505 113 154 112 72 91 41 25
3 5 1 1 100 0.75 9 1506 114 156 118 72 91 42 27
3 5 1 1 100 0.75 9 1507 116 158 120 72 92 43 30
3 5 1 1 100 0.75 9 1508 119 160 121 74 93 44 32
3 5 1 1 100 0.75 9 1509 123 163 121 77 93 44 33
3 5 1 1 100 0.75 9 1510 126 165 125 80 94 45 32
3 5 1 1 100 0.75 9 1511 132 168 121 83 94 45 33
3 5 1 1 100 0.75 9 1512 135 169 128 88 96 47 32
3 5 1 1 100 0.75 9 1513 137 170 118 89 98 49 30
3 5 1 1 100 0.75 9 1514 140 173 124 91 98 49 31
3 5 1 1 100 0.75 9 1515 146 176 127 94 98 49 34
3 5 1 1 100 0.75 9 1516 148 177 124 98 100 51 33
3 5 1 1 100 0.75 9 1517 152 177 122 98 103 54 32
3 5 1 1 100 0.75 9 1518 155 178 127 100 105 56 36
3 5 1 1 100 0.75 9 1519 163 180 127 102 106 57 38
3 5 1 1 100 0.75 9 1520 163 180 125 107 109 60 36
3 5 1 1 100 0.75 9 1521 164 181 129 105 111 62 36
3 5 1 1 100 0.75 9 1522 169 179 122 101 116 67 33
3 5 1 1 100 0.75 9 1523 172 180 130 104 118 69 35
3 5 1 1 100 0.75 9 1524 177 183 125 107 118 69 37
3 5 1 1 100 0.75 9 1525 179 184 131 110 120 71 36
3 5 1 1 100 0.75 9 1526 186 184 126 109 123 74 35
3 5 1 1 100 0.75 9 1527 189 185 128 114 125 76 36
3 5 1 1 100 0.75 9 1528 192 187 122 116 126 77 35
3 5 1 1 100 0.75 9 1529 192 189 132 118 127 78 38
3 5 1 1 100 0.75 9 1530 197 190 127 117 129 80 39
3 5 1 1 100 0.75 9 1531 201 193 133 122 129 80 41
3 5 1 1 100 0.75 9 1532 202 195 136 125 130 81 43
3 5 1 1 100 0.75 9 1533 204 196 139 124 132 83 44
3 5 1 1 100 0.75 9 1534 207 197 137 124 134 85 45
3 5 1 1 100 0.75 9 1535 208 198 138 126 136 87 44
3 5 1 1 100 0.75 9 1536 213 199 138 125 138 89 44
3 5 1 1 100 0.75 9 1537 217 200 137 129 140 91 44
3 5 1 1 100 0.75 9 1538 223 195 134 125 148 99 39
3 5 1 1 100 0.75 9 1539 231 194 122 127 152 103 37
3 5 1 1 100 0.75 9 1540 234 197 129 135 152 103 39
3 5 1 1 100 0.75 9 1541 240 198 125 136 154 105 38
3 5 1 1 100 0.75 9 1542 243 200 122 141 155 106 41
3 5 1 1 100 0.75 9 1543 245 201 128 143 156 108 41
3 5 1 1 100 0.75 9 1544 250 202 128 143 158 110 44
3 5 1 1 100 0.75 9 1545 252 204 131 147 159 111 48
3 5 1 1 100 0.75 9 1546 256 205 127 148 161 113 52
3 5 1 1 100 0.75 9 1547 259 206 135 150 162 115 55
3 5 1 1 100 0.75 9 1548 262 206 132 150 165 118 54
3 5 1 1 100 0.75 9 1549 267 206 140 150 168 121 57
3 5 1 1 100 0.75 9 1550 272 206 128 152 171 124 58
3 5 1 1 100 0.75 9 1551 273 207 137 155 173 126 58
3 5 1 1 100 0.75 9 1552 277 206 135 152 177 130 58
3 5 1 1 100 0.75 9 1553 280 206 129 153 179 133 59
3 5 1 1 100 0.75 9 1554 285 207 134 154 181 135 59
3 5 1 1 100 0.75 9 1555 289 207 129 157 184 138 60
3 5 1 1 100 0.75 9 1556 295 210 134 162 184 138 63
3 5 1 1 100 0.75 9 1557 296 210 137 166 187 141 63
3 5 1 1 100 0.75 9 1558 300 210 133 165 190 144 61
3 5 1 1 100 0.75 9 1559 303 209 132 165 194 148 60
3 5 1 1 100 0.75 9 1560 303 209 133 166 197 151 58
3 5 1 1 100 0.75 9 1561 305 211 136 165 198 152 60
3 5 1 1 100 0.75 9 1562 310 210 126 165 201 156 60
3 5 1 1 100 0.75 9 1563 314 212 132 170 202 157 65
3 5 1 1 100 0.75 9 1564 315 208 131 167 209 164 61
3 5 1 1 100 0.75 9 1565 320 206 127 163 214 169 59
3 5 1 1 100 0.75 9 1566 326 206 125 165 217 172 58
3 5 1 1 100 0.75 9 1567 330 205 120 168 221 176 55
3 5 1 1 100 0.75 9 1568 335 201 110 165 228 183 49
3 5 1 1 100 0.75 9 1569 340 199 101 165 233 188 48
3 5 1 1 100 0.75 9 1570 343 200 107 168 235 190 48
3 5 1 1 100 0.75 9 1571 347 199 102 169 239 194 47
3 5 1 1 100 0.75 9 1572 349 201 99 172 239 195 47
3 5 1 1 100 0.75 9 1573 353 202 110 173 241 197 51
3 5 1 1 100 0.75 9 1574 354 205 116 179 241 197 53
3 5 1 1 100 0.75 9 1575 356 203 111 176 246 202 53
3 5 1 1 100 0.75 9 1576 359 203 107 175 249 205 54
3 5 1 1 100 0.75 9 1577 361 203 106 176 252 208 55
3 5 1 1 100 0.75 9 1578 364 205 109 177 253 209 58
3 5 1 1 100 0.75 9 1579 368 202 106 174 259 215 54
3 5 1 1 100 0.75 9 1580 371 201 109 175 263 219 54
3 5 1 1 100 0.75 9 1581 373 201 109 175 266 222 53
3 5 1 1 100 0.75 9 1582 376 202 109 175 268 224 52
3 5 1 1 100 0.75 9 1583 381 201 110 174 272 228 52
3 5 1 1 100 0.75 9 1584 382 202 115 177 274 230 50
3 5 1 1 100 0.75 9 1585 386 202 108 175 277 233 49
3 5 1 1 100 0.75 9 1586 386 202 116 176 280 236 49
3 5 1 1 100 0.75 9 1587 391 204 110 175 281 237 50
3 5 1 1 100 0.75 9 1588 392 205 116 179 283 239 50
3 5 1 1 100 0.75 9 1589 398 207 108 180 284 240 51
3 5 1 1 100 0.75 9 1590 400 205 100 182 289 245 50
3 5 1 1 100 0.75 9 1590 400 205 205 182 339 245 50
3 5 1 1 100 0.75 9 1620 400 205 205 182 53 245 50
3 5 1 1 100 0.75 10 1621 0 3 3 0 53 0 0
3 5 1 1 100 0.75 10 1622 0 6 6 0 53 0 0
3 5 1 1 100 0.75 10 1623 0 9 9 0 53 0 0
3 5 1 1 100 0.75 10 1624 0 12 12 0 53 0 0
3 5 1 1 100 0.75 10 1625 0 15 15 0 53 0 0
3 5 1 1 100 0.75 10 1626 0 18 18 0 53 0 0
3 5 1 1 100 0.75 10 1627 0 21 21 0 53 0 0
3 5 1 1 100 0.75 10 1628 0 24 23 0 53 0 0
3 5 1 1 100 0.75 10 1629 1 27 26 0 53 0 0
3 5 1 1 100 0.75 10 1630 1 30 28 1 53 0 0
3 5 1 1 100 0.75 10 1631 4 33 29 1 53 0 0
3 5 1 1 100 0.75 10 1632 7 36 29 4 53 0 0
3 5 1 1 100 0.75 10 1633 7 39 31 7 53 0 0
3 5 1 1 100 0.75 10 1634 9 42 33 7 53 0 0
3 5 1 1 100 0.75 10 1635 9 45 33 9 53 0 0
3 5 1 1 100 0.75 10 1636 12 48 37 9 53 0 1
3 5 1 1 100 0.75 10 1637 15 51 37 12 53 0 1
3 5 1 1 100 0.75 10 1638 18 54 36 15 53 0 2
3 5 1 1 100 0.75 10 1639 18 57 45 18 53 0 6
3 5 1 1 100 0.75 10 1640 20 60 43 18 53 0 6
3 5 1 1 100 0.75 10 1641 23 63 45 20 53 0 6
3 5 1 1 100 0.75 10 1642 26 66 47 23 53 0 8
3 5 1 1 100 0.75 10 1643 27 69 50 26 53 0 10
3 5 1 1 100 0.75 10 1644 27 72 54 27 53 0 12
3 5 1 1 100 0.75 10 1645 30 75 57 27 53 0 16
3 5 1 1 100 0.75 10 1646 34 78 59 30 53 0 16
3 5 1 1 100 0.75 10 1647 35 81 59 34 53 0 17
3 5 1 1 100 0.75 10 1648 38 84 63 35 53 0 18
3 5 1 1 100 0.75 10 1649 40 87 67 38 53 0 21
3 5 1 1 100 0.75 10 1650 41 90 73 40 53 0 23
3 5 1 1 100 0.75 10 1651 42 93 74 41 53 0 23
3 5 1 1 100 0.75 10 1652 45 96 73 42 53 0 24
3 5 1 1 100 0.75 10 1653 45 97 77 43 55 2 26
3 5 1 1 100 0.75 10 1654 50 99 78 42 56 3 26
3 5 1 1 100 0.75 10 1655 51 101 79 46 57 4 27
3 5 1 1 100 0.75 10 1656 53 104 84 47 57 4 29
3 5 1 1 100 0.75 10 1657 57 107 82 49 57 4 31
3 5 1 1 100 0.75 10 1658 60 110 82 53 57 4 31
3 5 1 1 100 0.75 10 1659 63 111 82 54 59 6 30
3 5 1 1 100 0.75 10 1660 65 112 82 55 61 8 30
3 5 1 1 100 0.75 10 1661 68 114 85 56 62 9 31
3 5 1 1 100 0.75 10 1662 69 113 83 55 66 13 28
3 5 1 1 100 0.75 10 1663 71 115 88 55 67 14 28
3 5 1 1 100 0.75 10 1664 74 116 88 55 69 16 29
3 5 1 1 100 0.75 10 1665 75 118 88 57 70 17 31
3 5 1 1 100 0.75 10 1666 78 117 91 54 74 21 28
3 5 1 1 100 0.75 10 1667 84 119 89 56 75 22 29
3 5 1 1 100 0.75 10 1668 87 121 89 61 76 23 31
3 5 1 1 100 0.75 10 1669 90 123 89 63 77 24 31
3 5 1 1 100 0.75 10 1670 92 123 92 63 80 27 29
3 5 1 1 100 0.75 10 1671 95 125 92 64 81 28 32
3 5 1 1 100 0.75 10 1672 97 125 91 64 84 31 30
3 5 1 1 100 0.75 10 1673 99 126 92 64 86 33 29
3 5 1 1 100 0.75 10 1674 102 128 96 65 87 34 30
3 5 1 1 100 0.75 10 1675 106 130 98 67 88 35 33
3 5 1 1 100 0.75 10 1676 110 131 93 69 90 37 35
3 5 1 1 100 0.75 10 1677 115 134 95 73 90 37 35
3 5 1 1 100 0.75 10 1678 115 135 98 76 92 39 37
3 5 1 1 100 0.75 10 1679 118 138 102 76 92 39 38
3 5 1 1 100 0.75 10 1680 124 140 100 78 93 40 40
3 5 1 1 100 0.75 10 1681 128 137 97 78 99 46 34
3 5 1 1 100 0.75 10 1682 130 139 96 81 100 47 35
3 5 1 1 100 0.75 10 1683 130 140 99 81 102 49 37
3 5 1 1 100 0.75 10 1684 137 141 104 79 104 51 39
3 5 1 1 100 0.75 10 1685 142 144 99 86 102 51 40
3 5 1 1 100 0.75 10 1686 146 145 100 89 104 53 38
3 5 1 1 100 0.75 10 1687 150 146 102 91 106 55 40
3 5 1 1 100 0.75 10 1688 154 146 103 92 109 58 40
3 5 1 1 100 0.75 10 1689 157 144 92 91 114 63 37
3 5 1 1 100 0.75 10 1690 162 147 96 94 114 63 38
3 5 1 1 100 0.75 10 1691 166 149 99 99 115 64 41
3 5 1 1 100 0.75 10 1692 167 151 103 102 116 65 44
3 5 1 1 100 0.75 10 1693 173 151 101 100 119 68 43
3 5 1 1 100 0.75 10 1694 178 148 95 100 125 74 40
3 5 1 1 100 0.75 10 1695 181 149 94 103 127 76 41
3 5 1 1 100 0.75 10 1696 186 150 95 104 129 78 41
3 5 1 1 100 0.75 10 1697 190 152 95 109 130 79 40
3 5 1 1 100 0.75 10 1698 196 153 98 111 132 81 45
3 5 1 1 100 0.75 10 1699 197 153 98 114 135 84 43
3 5 1 1 100 0.75 10 1700 201 152 95 112 139 88 40
3 5 1 1 100 0.75 10 1701 203 155 102 116 139 88 46
3 5 1 1 100 0.75 10 1702 207 155 98 115 142 91 47
3 5 1 1 100 0.75 10 1703 210 157 103 118 143 92 48
3 5 1 1 100 0.75 10 1704 217 157 100 118 146 95 47
3 5 1 1 100 0.75 10 1705 220 157 99 122 149 98 47
3 5 1 1 100 0.75 10 1706 224 159 102 124 150 99 50
3 5 1 1 100 0.75 10 1707 228 157 97 123 155 104 45
3 5 1 1 100 0.75 10 1708 229 159 102 126 156 105 45
3 5 1 1 100 0.75 10 1709 231 160 104 125 158 107 46
3 5 1 1 100 0.75 10 1710 234 159 100 123 162 111 45
3 5 1 1 100 0.75 10 1711 238 159 95 123 165 114 46
3 5 1 1 100 0.75 10 1712 241 161 102 129 166 115 46
3 5 1 1 100 0.75 10 1713 243 161 100 131 169 118 45
3 5 1 1 100 0.75 10 1714 247 163 103 132 170 119 46
3 5 1 1 100 0.75 10 1715 250 162 101 132 174 123 44
3 5 1 1 100 0.75 10 1716 252 164 102 134 175 124 44
3 5 1 1 100 0.75 10 1717 253 162 101 132 179 129 39
3 5 1 1 100 0.75 10 1718 260 162 96 130 181 132 41
3 5 1 1 100 0.75 10 1719 262 162 99 134 184 135 41
3 5 1 1 100 0.75 10 1720 262 161 96 132 188 139 40
3 5 1 1 100 0.75 10 1721 262 161 96 131 191 142 38
3 5 1 1 100 0.75 10 1722 264 164 96 131 191 142 42
3 5 1 1 100 0.75 10 1723 270 164 89 130 194 145 41
3 5 1 1 100 0.75 10 1724 272 166 91 136 195 146 43
3 5 1 1 100 0.75 10 1725 273 163 91 132 201 152 40
3 5 1 1 100 0.75 10 1726 277 163 93 131 204 155 41
3 5 1 1 100 0.75 10 1727 279 164 96 133 206 157 40
3 5 1 1 100 0.75 10 1728 282 166 94 134 207 158 40
3 5 1 1 100 0.75 10 1729 284 166 90 134 210 161 38
3 5 1 1 100 0.75 10 1730 286 168 94 136 211 162 40
3 5 1 1 100 0.75 10 1731 290 170 98 138 212 163 44
3 5 1 1 100 0.75 10 1732 292 171 99 141 214 165 44
3 5 1 1 100 0.75 10 1733 296 171 86 142 217 168 43
3 5 1 1 100 0.75 10 1734 297 170 97 143 221 172 41
3 5 1 1 100 0.75 10 1735 300 171 87 142 222 174 42
3 5 1 1 100 0.75 10 1736 303 171 91 143 225 177 40
3 5 1 1 100 0.75 10 1737 304 172 94 145 227 179 40
3 5 1 1 100 0.75 10 1738 305 174 100 145 228 180 42
3 5 1 1 100 0.75 10 1739 306 175 97 144 230 182 44
3 5 1 1 100 0.75 10 1740 308 175 104 143 233 185 43
3 5 1 1 100 0.75 10 1741 311 173 97 140 238 190 41
3 5 1 1 100 0.75 10 1742 315 174 98 141 240 192 40
3 5 1 1 100 0.75 10 1743 318 174 93 143 243 195 41
3 5 1 1 100 0.75 10 1744 320 176 98 146 244 196 41
3 5 1 1 100 0.75 10 1745 324 179 92 150 244 196 42
3 5 1 1 100 0.75 10 1746 325 178 92 150 248 200 39
3 5 1 1 100 0.75 10 1747 330 181 97 152 247 200 40
3 5 1 1 100 0.75 10 1748 335 179 91 152 252 205 37
3 5 1 1 100 0.75 10 1749 338 181 92 156 253 206 40
3 5 1 1 100 0.75 10 1750 339 178 97 153 259 212 41
3 5 1 1 100 0.75 10 1751 340 181 99 154 259 212 43
3 5 1 1 100 0.75 10 1752 342 179 89 150 264 217 42
3 5 1 1 100 0.75 10 1753 346 181 96 151 265 218 42
3 5 1 1 100 0.75 10 1754 350 183 100 154 266 219 45
3 5 1 1 100 0.75 10 1755 355 183 101 155 269 222 46
3 5 1 1 100 0.75 10 1756 359 181 95 155 274 227 43
3 5 1 1 100 0.75 10 1757 359 183 100 158 275 228 45
3 5 1 1 100 0.75 10 1758 363 185 96 157 276 229 45
3 5 1 1 100 0.75 10 1759 365 187 91 161 277 230 44
3 5 1 1 100 0.75 10 1760 367 189 101 163 278 231 47
3 5 1 1 100 0.75 10 1761 368 190 103 164 280 233 47
3 5 1 1 100 0.75 10 1762 373 191 111 163 282 235 51
3 5 1 1 100 0.75 10 1763 377 191 111 165 285 238 50
3 5 1 1 100 0.75 10 1764 382 190 99 165 289 242 48
3 5 1 1 100 0.75 10 1765 384 192 94 170 290 243 51
3 5 1 1 100 0.75 10 1766 385 192 95 169 293 246 50
3 5 1 1 100 0.75 10 1767 387 193 97 169 295 248 52
3 5 1 1 100 0.75 10 1768 388 192 89 169 299 252 48
3 5 1 1 100 0.75 10 1769 389 191 102 167 303 256 47
3 5 1 1 100 0.75 10 1770 393 192 88 166 305 258 48
3 5 1 1 100 0.75 10 1770 393 192 192 166 349 258 48
3 5 1 1 100 0.75 10 1800 393 192 192 166 54 258 48
