15 10 1 1 979.435582632805 222.70082472225033 103.85645765463404
15 10 1 2 979.2803084552401 213.89421107466313 109.77656104927452
15 10 1 3 979.3067430045772 218.75982352383886 106.65890119033611
15 10 1 4 979.2610382510359 220.84878716762594 103.91016248167104
15 10 1 5 979.1312195946604 217.01112442917946 110.24730763798934
15 10 1 6 979.5672512078374 225.76351093224866 103.84495659548509
15 10 1 7 979.0529309014881 213.62885933103757 109.84296545927431
15 10 1 8 979.512327702423 221.54497776404733 106.9231169829629
15 10 1 9 979.2503526540386 221.92479272379126 106.97521946897494
15 10 1 10 979.3136037492922 222.89814782049055 105.28761326487424
