7 90 5 1 108.9999997636953 44.98323932116676 32.113751651900394
7 90 5 2 108.9999997636953 42.87618999349799 37.05914884006196
7 90 5 3 108.99999976369527 40.19508019486233 40.79365606704517
7 90 5 4 108.99999976369526 39.96953572367778 39.63243878344774
7 90 5 5 108.99999976369526 40.490736599523004 39.2478304310636
7 90 5 6 108.99999976369529 38.546683911452035 41.89934805472551
7 90 5 7 108.99999976369533 43.23139784711304 35.88015801851335
7 90 5 8 108.99999976369527 40.60521806677823 39.97939901885786
7 90 5 9 108.99999976369529 41.49616661684469 38.24761604894769
7 90 5 10 108.99999976369527 39.27197451905514 41.329418627024175
