7 10 1 1 772.3035997243625 104.51112966014233 49.59419555575372
7 10 1 2 757.2940364537558 99.63924987366802 52.06184819779788
7 10 1 3 760.0203570115157 98.92633459822096 53.389808632282836
7 10 1 4 746.2996307008469 96.14793294466622 54.72739304767503
7 10 1 5 751.4976956244903 98.29014892035023 53.60870215700175
7 10 1 6 752.3021467927184 93.40751197866568 56.85108811529918
7 10 1 7 756.8992087672651 95.94091900542716 55.13250132075861
7 10 1 8 772.9383277361867 104.35885059606427 50.530118023414566
7 10 1 9 750.4885586206398 96.39292696253288 55.2256138680219
7 10 1 10 772.5614179077629 103.75537152116571 50.33134600774319
