7 3 5 1 839.643079265121 126.94156196230742 25.470496509194557
7 3 5 2 858.3426733864303 134.65879637859234 17.92149439536505
7 3 5 3 858.6181546397966 136.4702345921842 17.979651550187267
7 3 5 4 879.8540175545043 142.2072776271258 14.74162257805408
7 3 5 5 860.674199543031 138.35707249785378 16.569031125718997
7 3 5 6 877.3974374647195 139.14617578926337 14.885141975096062
7 3 5 7 868.698698075255 140.09428552575585 15.680495686547351
7 3 5 8 855.2355808199569 136.29094884066322 17.742004010220782
7 3 5 9 872.1739936706794 140.0377519380996 14.627407673472296
7 3 5 10 865.7276511935665 139.16107445341967 14.745088487175638
