20 90 1 1 108.99999999981901 57.51876789679194 34.57347847509905
20 90 1 2 108.99999999981901 54.112626454616766 40.64994411452987
20 90 1 3 108.99999999981898 45.037286237200895 50.119199778814725
20 90 1 4 108.999999999819 52.048071394787655 43.675450107108574
20 90 1 5 108.99999999981897 45.003620864305894 50.61243151647119
20 90 1 6 108.99999999981895 48.57481911083645 46.951846087803695
20 90 1 7 108.99999999981898 51.59307723555359 44.607866722240324
20 90 1 8 108.99999999981901 42.7835639890068 52.22488465839174
20 90 1 9 108.99999999981898 46.702938848327605 48.47817687478654
20 90 1 10 108.99999999981895 44.50919927736781 50.25446415759752
