9 7 5 1 909.4177102197282 146.34577074507797 48.11892183453504
9 7 5 2 924.8788726867508 156.88860316038458 39.01979608368516
9 7 5 3 915.4543345778831 150.9438403854872 44.35632257686954
9 7 5 4 920.6243696397119 159.62884417698774 37.00698182030398
9 7 5 5 921.2936645030925 157.43143427636943 39.46758580458254
9 7 5 6 920.6952957109324 157.3971459333333 38.992283045251014
9 7 5 7 926.9446274088773 156.48379492645358 38.95318322993182
9 7 5 8 926.4042673407242 152.19649900526687 42.981899270901984
9 7 5 9 931.8532933796633 154.3495339406879 39.76813203507971
9 7 5 10 912.7720703423581 154.18596283329347 42.356013744377414
