10 90 5 1 108.99999998149931 48.28309013111732 35.19106666218808
10 90 5 2 108.99999998149934 48.7213945543482 37.09063657561301
10 90 5 3 108.99999998149931 41.2759452743269 45.03611648931145
10 90 5 4 108.99999998149933 45.55137071130921 40.93169828476756
10 90 5 5 108.99999998149933 43.19023683875776 43.01154249925648
10 90 5 6 108.99999998149931 45.41555759070553 41.2095285094707
10 90 5 7 108.99999998149933 42.98533419765379 43.40795488106223
10 90 5 8 108.99999998149931 45.25666429206039 41.611216734136114
10 90 5 9 108.99999998149931 42.549450336223096 44.24147232232127
10 90 5 10 108.99999998149934 45.25946947783315 41.558433558306426
