7 5 1 1 775.5952453927084 99.21161531160521 51.92963013473764
7 5 1 2 784.4865756470945 112.71097884202601 39.8498846460116
7 5 1 3 809.5337305581696 111.9707997255737 39.99662815256623
7 5 1 4 803.3769793583684 113.23966912320103 40.651995274960605
7 5 1 5 796.7496257391255 110.17314365429579 43.2105493659529
7 5 1 6 778.7000599656193 110.89685226787707 40.60262272727736
7 5 1 7 804.9766007759238 112.95165233762171 41.27079961443637
7 5 1 8 792.9663796068821 118.85161852900453 35.85725570727931
7 5 1 9 791.6542997228346 114.54402353537841 37.81365637795854
7 5 1 10 796.5321021623998 109.04414421549946 41.951564497410764
