15 50 5 1 543.9994644906956 191.27116160805 82.81090301350896
15 50 5 2 543.9993851211619 163.2372818248083 131.52243411481098
15 50 5 3 543.9994115803819 161.8767663374239 133.83407097247647
15 50 5 4 543.9994160973591 161.3458735352202 133.81374180626582
15 50 5 5 543.9993574516697 158.28845624566347 137.95448648384627
15 50 5 6 543.9993922756676 159.31469742654656 134.57670101330112
15 50 5 7 543.9993108413073 153.59390542545526 140.24801695080112
15 50 5 8 543.9993870911323 162.84880860701566 132.79634482367595
15 50 5 9 543.9993629894954 158.8595748260228 136.38835040713178
15 50 5 10 543.9993347703406 150.22965483443815 143.48726528575818
