5 1 1 1 611.9917353240967 73.93463458775129 33.89461652341212
5 1 1 2 677.1225531447063 99.07018871443695 9.723850941395753
5 1 1 3 660.0817066352299 95.43907382255016 11.345668121282708
5 1 1 4 667.29108788575 95.4112587588662 13.54871313448758
5 1 1 5 669.7578771189119 100.93365391601976 9.926798903445535
5 1 1 6 665.1577276140805 97.16346475623136 10.923465629396906
5 1 1 7 668.8647008075252 97.88172781135553 10.50126204036179
5 1 1 8 660.2481360574645 100.10126072417117 10.890689998614864
5 1 1 9 653.2314038883089 95.06642390014746 12.944872369017213
5 1 1 10 671.1479036428464 97.92152135091601 10.900157086420661
