5 70 1 1 326.6691095725383 70.05416601958154 39.00598342631229
5 70 1 2 326.55812091378135 61.98863532158852 47.402890533235926
5 70 1 3 326.35039742536355 61.73460384688466 47.80508367902094
5 70 1 4 326.50641436774004 63.05981939141452 46.63658154795492
5 70 1 5 326.73095242854913 64.44245768314602 45.596036412184596
5 70 1 6 326.5197145158278 59.43635328593523 49.167800571257274
5 70 1 7 326.2706769101208 56.26858902632903 50.63122758725292
5 70 1 8 326.4815267277631 55.58323594427072 51.43984650069023
5 70 1 9 326.71305294197003 66.30764399317665 44.683073111051925
5 70 1 10 326.4944599860886 63.04593599127891 46.31436935165315
