11 3 1 1 997.2884106245027 164.54101392288456 72.75909086809507
11 3 1 2 1028.5243241588598 193.90585351396786 42.69128980205945
11 3 1 3 1027.4713612316432 199.44684234970808 40.71263989009609
11 3 1 4 1018.409978118267 188.90553460752477 48.45456456944751
11 3 1 5 1030.597193332746 194.80922499503924 44.916836548978736
11 3 1 6 1027.8752873660158 191.30195824601932 46.67947371099078
11 3 1 7 1036.824727724463 199.7373235971424 39.35669325339594
11 3 1 8 1027.4224034467336 193.40748696741895 46.993582648943836
11 3 1 9 1034.8065829633686 199.2599854738085 42.146452057132734
11 3 1 10 1037.8605745467216 202.09829851961842 39.55960384412428
