9 50 1 1 543.8208872843838 124.58188022863119 69.55421830329895
9 50 1 2 543.5035714136906 109.61549493552324 85.90191898207736
9 50 1 3 543.6370376199475 111.4734075358725 85.2828738412878
9 50 1 4 543.568389449589 112.01218573542006 84.91433382169329
9 50 1 5 543.64671083015 107.01725571095123 87.78810768386496
9 50 1 6 543.5858006795439 110.40871290458757 85.41321908755938
9 50 1 7 543.5887234025554 110.25067430060456 86.36758570659836
9 50 1 8 543.5964069166777 105.95727714001839 88.8586418561125
9 50 1 9 543.5053011624999 105.76064484772917 89.06862940895965
9 50 1 10 543.6962095537756 110.4082704863759 85.49873766354165
