15 3 5 1 1055.793110661875 272.08753449294255 49.43222429967656
15 3 5 2 1055.8285568541262 282.2263345587558 33.54894340728226
15 3 5 3 1055.828204353562 284.540257072418 32.95339522821917
15 3 5 4 1055.8272298086047 280.2567233599771 37.66607559573487
15 3 5 5 1055.8335309080483 282.52860071329775 33.06179514476746
15 3 5 6 1055.8339222116201 283.6333395903483 31.708609318328538
15 3 5 7 1055.8340346321118 281.9622302106535 32.69347421303936
15 3 5 8 1055.8290983564984 284.68555071163865 33.13579605944221
15 3 5 9 1055.8303494420443 279.2197701772119 32.44049347676516
15 3 5 10 1055.82502420475 280.8517612500204 35.89059535090813
