10 5 1 1 951.3413971999775 154.04455659188346 65.15635739537574
10 5 1 2 967.1653405559064 161.76499681906333 54.91262497586483
10 5 1 3 945.9313919465004 154.9124391271889 59.743057275962585
10 5 1 4 957.6851811998453 163.17937890059682 54.01452440099694
10 5 1 5 968.368223048998 166.65125174373537 52.78591153956554
10 5 1 6 969.1415369854235 161.4113333673521 56.255109367805204
10 5 1 7 971.7316275615601 172.1592523038878 48.93012396728387
10 5 1 8 958.487734745607 165.4520772553024 54.68988435149324
10 5 1 9 966.0517801465992 154.61872396561714 60.695391847888594
10 5 1 10 972.3221804581341 164.3298381228142 54.42338281305185
