15 90 1 1 108.99999999881423 49.66082165769036 38.606174456213175
15 90 1 2 108.99999999881426 48.79789995705261 41.78616790137955
15 90 1 3 108.99999999881425 53.155157690373585 39.586213276545735
15 90 1 4 108.99999999881423 44.017246911807945 48.2545929564278
15 90 1 5 108.99999999881425 42.763096349687686 49.16986049765926
15 90 1 6 108.99999999881425 45.624846544219075 45.96380119372242
15 90 1 7 108.99999999881429 45.88071470573052 47.1808090617513
15 90 1 8 108.99999999881425 44.74793043911128 46.4410345576522
15 90 1 9 108.99999999881426 51.847940451943906 40.25968525261959
15 90 1 10 108.99999999881426 45.880927045835634 45.797204823915166
