3 9 5 1 396.2125375096992 49.91221411330791 15.567359819800997
3 9 5 2 392.0220026997803 45.556666593100516 19.106112683870624
3 9 5 3 405.63895243489225 48.00947995385412 17.679987304918367
3 9 5 4 399.1746722310786 51.80042193054888 15.653113957901212
3 9 5 5 397.1567822477672 45.1656189093406 18.83717122560038
3 9 5 6 394.7896042729594 46.976579493507906 18.483638894661805
3 9 5 7 404.1774420553417 48.21826821856367 16.785654644769483
3 9 5 8 391.1299639980556 45.513043524946724 19.194414583748763
3 9 5 9 403.49528355809974 46.68033621528719 17.55796536449353
3 9 5 10 379.9393114693138 44.990943727243575 18.839767974720733
