9 70 5 1 326.9996759869135 109.28499772538322 60.09143879136705
9 70 5 2 326.99960437893174 89.96009751102135 88.54351903484236
9 70 5 3 326.9995933622546 96.32808923328076 81.29302241717278
9 70 5 4 326.9995145813076 93.39327018577193 83.18072205006726
9 70 5 5 326.9995438222893 90.99537840505067 87.73593354627012
9 70 5 6 326.999642966961 96.70074395701549 79.79361412156184
9 70 5 7 326.99958322568847 93.113178893492 83.47959215210243
9 70 5 8 326.9994783878446 90.37448972838862 85.72798916375798
9 70 5 9 326.9995797480162 94.40694725843612 82.78902491954824
9 70 5 10 326.99953224150454 92.49984839283239 84.11681725160003
