20 9 1 1 990.984556343018 292.32426641460904 127.56733096797457
20 9 1 2 990.9842638232619 289.3264794166688 133.21054400080146
20 9 1 3 990.9845513961701 292.870065730328 130.60194893534612
20 9 1 4 990.9851134580337 284.66959734205983 136.1054621146528
20 9 1 5 990.9841550548306 296.248969448417 121.57628445380618
20 9 1 6 990.9859935706365 294.94209123583266 126.60241606773585
20 9 1 7 990.9855786690515 292.9228656302194 127.42085933707003
20 9 1 8 990.9846133106337 288.81920657555844 131.66034277909642
20 9 1 9 990.9831478086202 285.9075408478234 133.99529293079803
20 9 1 10 990.9844182892512 291.8824103539044 128.6349020746835
