10 30 1 1 755.0627353410623 139.0548780034391 77.57530584918892
10 30 1 2 750.1014483590976 122.97104413498482 94.09374245337959
10 30 1 3 751.329101301152 130.69304634585885 89.89747973190542
10 30 1 4 751.7301071405476 122.13029784244851 94.24533907040697
10 30 1 5 751.9076923721096 121.78588677377579 95.72496903085535
10 30 1 6 753.0569823380899 118.75283310900375 96.30253166578392
10 30 1 7 749.2205689617285 122.92258958099467 93.72313015767286
10 30 1 8 749.7828474014653 121.79176046374258 94.57439013384626
10 30 1 9 749.9367915628595 125.0990089883503 93.27892730578968
10 30 1 10 751.811390177361 117.14107149369707 97.96851947221471
