1 3 5 1 141.54078258134558 15.499626014963455 5.500366259287013
1 3 5 2 142.53095493254673 19.058108686637937 2.6935960249962463
1 3 5 3 145.23262066475326 19.388981006805633 2.8694905628527017
1 3 5 4 143.2614931582385 19.599342203633906 2.586271393539855
1 3 5 5 141.9936516744515 17.96511763689279 3.7989103444918255
1 3 5 6 140.65060430250261 20.495343578083183 2.354401093042846
1 3 5 7 143.73922821139962 18.853712006337435 2.787802930865401
1 3 5 8 140.88555565148943 18.701188084514456 3.0160639937260925
1 3 5 9 142.26807782034274 17.54696057213598 3.9585335881925987
1 3 5 10 142.40904170218272 17.515134235072303 3.2228682651729375
