3 1 1 1 397.8105318035752 48.24392284745445 17.967312349037474
3 1 1 2 420.1066429151638 58.806098789732054 6.946918915948593
3 1 1 3 419.71269869342103 58.119056462246625 8.963560472550196
3 1 1 4 421.9376786727019 64.10699407274981 4.095128217857176
3 1 1 5 422.36999404928235 61.2656558808561 4.955752967736352
3 1 1 6 407.09751595196786 54.80538223546107 9.114587575813555
3 1 1 7 414.1575672086493 58.23036680123613 8.039009869730172
3 1 1 8 419.8882662691294 62.27817569489294 5.234664576010097
3 1 1 9 419.6131981397044 60.62808845417006 5.358601041530663
3 1 1 10 418.7224257112248 58.95431880158778 7.707221301922654
