5 7 1 1 587.5009382582521 69.06559500270373 40.35541796905527
5 7 1 2 600.077070374074 74.5574577045105 34.413505226291555
5 7 1 3 608.4592810202258 71.14335851052823 36.25628915094177
5 7 1 4 601.1245029238474 69.25654049367427 38.28294378855764
5 7 1 5 609.0104921505964 72.65177598003906 35.54173769130148
5 7 1 6 590.6585913761282 74.48173809238138 35.20429177935726
5 7 1 7 600.5749216746833 70.19198801107015 38.11653132010636
5 7 1 8 607.3758863286184 68.09352562153656 38.62366136375608
5 7 1 9 614.4133581191264 70.1066919211227 37.75133311143226
5 7 1 10 601.4477589436997 72.35017268729159 35.06645121721039
