1 70 5 1 126.79365809040453 13.45765468640381 8.087710679320676
1 70 5 2 129.34269768860557 12.805257898104045 9.101107585177289
1 70 5 3 133.16263914316272 12.355381845819895 9.473078049789423
1 70 5 4 126.41520713900972 14.247491488927118 8.422127010347507
1 70 5 5 125.46603587289884 12.828521361795108 9.361887040538642
1 70 5 6 135.0487576535948 9.898325651948351 10.883567491702951
1 70 5 7 130.6861507676127 12.783626215698176 9.124260335076062
1 70 5 8 136.7227085033831 11.226367925238087 10.081737610886984
1 70 5 9 130.49159419492702 10.866103977818275 10.352366855832443
1 70 5 10 126.75304542088752 11.67588354908508 9.846178106300139
