11 30 5 1 761.2872056162098 172.83357403082684 67.6603353348801
11 30 5 2 760.4304261687613 149.35753725055397 90.11465688359462
11 30 5 3 758.0923507317799 140.70041008883598 98.27882897793943
11 30 5 4 758.5489904741918 137.1735139198484 98.21763099976503
11 30 5 5 760.2033175774701 146.0760758541705 95.03872978303157
11 30 5 6 759.2403207770719 149.74763108676663 91.09646316822521
11 30 5 7 759.8105197217635 147.0410138214428 92.98408403169708
11 30 5 8 758.3350903559272 137.22204592796191 98.89596683365546
11 30 5 9 760.2606927772828 145.31732015205185 93.40011114540165
11 30 5 10 760.4879802856267 143.8763148695041 95.64710627743678
