9 70 1 1 326.9996621522897 107.25137245806975 62.134192520650394
9 70 1 2 326.9995838272176 97.78187634172397 78.54208443341923
9 70 1 3 326.9995818609728 93.50097651140511 82.85408834197024
9 70 1 4 326.999596529743 91.90184157322103 86.93322648578916
9 70 1 5 326.9996283262593 96.83468845690504 80.84185921232222
9 70 1 6 326.9996246521796 90.99160243080073 85.30618221827933
9 70 1 7 326.99958181238657 89.31409479052218 87.19185682926438
9 70 1 8 326.9996102374796 95.4200222645084 80.98185645020807
9 70 1 9 326.99953913299765 90.9883395306989 85.43949789363616
9 70 1 10 326.999592304505 97.08881149207154 79.3891861313451
