5 30 5 1 565.6232996312036 73.76819199899543 34.550427124713536
5 30 5 2 554.8047984238857 63.681374163867964 44.47745205822813
5 30 5 3 562.483833871805 65.74743502906318 43.130874202681284
5 30 5 4 550.4857230811702 63.299347124297185 44.7048193966113
5 30 5 5 552.889372218986 68.481231613612 41.36812853157961
5 30 5 6 550.6301817585096 60.33720815402141 46.44755312608136
5 30 5 7 576.2085773401539 67.75839585366195 41.25280812316742
5 30 5 8 563.8478408332174 69.1124664867275 41.59434812756659
5 30 5 9 560.6377837736325 66.26634904180327 43.57624110693966
5 30 5 10 557.6246266173441 63.55457041651397 44.722731251684415
