11 3 5 1 1044.2189694101553 199.48154945145058 41.10060755670056
11 3 5 2 1050.8757967300942 210.93789222786137 28.23727865651057
11 3 5 3 1050.9926334023737 215.09636262000637 27.56360942129706
11 3 5 4 1052.3557599783126 214.72506122559824 27.839324842305214
11 3 5 5 1051.7106305162395 217.67092327679282 26.038409805548056
11 3 5 6 1051.706995246991 212.3979888387443 28.342419670264466
11 3 5 7 1052.8421870374389 211.883159559315 26.949122499399696
11 3 5 8 1053.12433045482 218.23401080385761 24.61673392185518
11 3 5 9 1050.8102961219602 214.57087486894434 26.219142474526095
11 3 5 10 1052.299843363324 217.03712151970004 26.595289126664447
