7 1 1 1 806.0084357649744 112.39036187642716 40.968797948769705
7 1 1 2 881.6537508089181 139.69689515051851 13.595749319697228
7 1 1 3 890.6871342376018 141.67179877288146 11.996678819022145
7 1 1 4 881.5539203921992 138.94321971113058 13.062278845271402
7 1 1 5 887.0810001644004 139.74380650637437 14.189137739083153
7 1 1 6 875.9992675047987 135.68747982284444 16.738697107392728
7 1 1 7 880.4100026037449 138.7280869353846 15.245708547788043
7 1 1 8 883.136335361457 143.96011244270176 12.754478372648645
7 1 1 9 872.1711009175813 136.11065916321206 14.996048617248164
7 1 1 10 867.9211751506452 136.40134274882027 16.30467993122126
