4 90 1 1 108.9999869308747 39.36732748095332 24.971043882426642
4 90 1 2 108.99998693087477 36.33155888932694 29.46157994907917
4 90 1 3 108.99998693087477 34.631519346506145 31.731848692180378
4 90 1 4 108.99998693087473 31.700721357967478 36.443518303217594
4 90 1 5 108.99998693087474 31.23781572261419 36.10851693466462
4 90 1 6 108.99998693087473 36.46947641754068 30.91553121811759
4 90 1 7 108.99998693087477 34.92243775383178 32.389498735685905
4 90 1 8 108.99998693087477 37.0169284338255 29.983268775612284
4 90 1 9 108.99998693087471 33.59578191163931 33.79410514051714
4 90 1 10 108.99998693087477 37.33697614410524 28.37031507210465
