10 1 5 1 1030.0056008932622 185.14893128530218 32.3605227112357
10 1 5 2 1073.477293665295 215.4362950231026 11.537895674905823
10 1 5 3 1072.3383617997229 211.5786859798276 14.560270680713954
10 1 5 4 1073.6912992078135 220.3510815917392 10.017434131979996
10 1 5 5 1072.64020695152 211.8937631828324 15.180557891419658
10 1 5 6 1073.1664765493636 214.9323751300536 12.789570668629375
10 1 5 7 1071.8196238715009 213.38045186972786 15.38415249646116
10 1 5 8 1072.2294622779632 210.20837882180123 14.61860826460489
10 1 5 9 1073.7689353791611 219.67353367398908 10.755194667522236
10 1 5 10 1070.1147305060322 205.85371992459565 17.83500796549715
