1 30 1 1 136.67185192292123 12.759289380031452 8.165981047021402
1 30 1 2 139.80220589110417 12.628981653202692 9.065356893034082
1 30 1 3 141.39846671379811 12.078711962955769 9.376605417090321
1 30 1 4 142.56393839193075 12.035391659573646 9.31326259991831
1 30 1 5 138.56817703023077 12.718020846245404 9.335365654916052
1 30 1 6 133.1340556176911 12.354758039622467 9.278044064382117
1 30 1 7 136.61426638900133 12.666472512423141 9.100743320096957
1 30 1 8 139.51397692410387 12.157520517327628 9.377247037026011
1 30 1 9 140.7919344249295 12.121197205605002 9.431909977202952
1 30 1 10 136.26657174335548 10.82623243264039 10.242349772379681
