1 10 1 1 141.571094844714 14.288671304882266 7.77385838592275
1 10 1 2 141.31526268938993 12.811378142889613 9.092660599772517
1 10 1 3 145.23262066475323 12.940000128185938 8.972093415346958
1 10 1 4 140.46879358800243 13.23178595459106 8.82711408411604
1 10 1 5 141.44450552949462 12.597637444644535 9.109421838503938
1 10 1 6 140.44807734036618 12.932393034395032 8.968716901520612
1 10 1 7 140.47889635602812 14.074340527946068 8.428939755097286
1 10 1 8 142.26827911151221 11.496203746754482 10.09258182371236
1 10 1 9 140.44296487555374 10.916575894038806 10.448765305545006
1 10 1 10 141.3030548677922 11.782478683582873 9.986848221908977
