20 50 5 1 543.999935706194 216.33235530046883 93.10815202036927
20 50 5 2 543.9999357061944 178.99347401759317 157.8751592776751
20 50 5 3 543.9999357061942 173.93766337377025 160.23767880909176
20 50 5 4 543.9999357061939 184.97193001055544 149.4330088428827
20 50 5 5 543.9999357061942 179.56887019358402 156.3876330652155
20 50 5 6 543.9999357061942 181.86630794733603 153.27214848849718
20 50 5 7 543.9999357061932 186.8819409999395 149.5397468180478
20 50 5 8 543.9999357061937 181.0284845615858 151.9056662938163
20 50 5 9 543.9999357061944 182.911249598316 150.30048862666845
20 50 5 10 543.999935706194 178.68761657760135 156.56631226288022
