10 10 5 1 930.8050769567456 172.57180984106145 49.61851643537652
10 10 5 2 928.8177451024603 161.8358410352822 54.488904654667074
10 10 5 3 935.036264040478 170.8357944537588 48.98515915931227
10 10 5 4 929.5939821843967 164.7938427610007 52.517990160410434
10 10 5 5 939.5230323521253 166.97559200287998 52.095287587211814
10 10 5 6 929.3692331982944 161.36511128039436 57.29030454807238
10 10 5 7 931.1663579293063 166.2265303352983 52.39000967816586
10 10 5 8 941.5983758211958 165.62708324042356 51.80128080941287
10 10 5 9 937.8495449453901 162.84953011436522 54.23682093321321
10 10 5 10 939.119485587469 165.5742386694561 50.94473724261971
