11 7 1 1 973.0516588585842 168.72623570718136 72.02389884224743
11 7 1 2 970.8200738121501 173.61253744754046 67.15156859952629
11 7 1 3 970.9406405856292 165.7253131782089 71.57829500149295
11 7 1 4 967.3002785029997 168.50292723640783 70.7122369059648
11 7 1 5 963.7146413764738 167.29947700934457 71.40890090017409
11 7 1 6 968.937530091965 163.57807752294124 73.11590440603078
11 7 1 7 973.0415135296969 173.62847295414477 65.98359068760534
11 7 1 8 973.6475803218235 169.85869514980044 68.50986453693363
11 7 1 9 976.0410740274922 171.78783507924558 68.41999777516773
11 7 1 10 967.5811726941002 165.17761467080763 73.59073193961956
