4 50 5 1 424.01989185793065 54.19473571462211 31.87525590938575
4 50 5 2 425.73001078623616 52.61850195495507 35.42782838898534
4 50 5 3 429.90549092878064 49.924088542681474 37.40249753766454
4 50 5 4 426.4622276677489 49.09716044738875 37.970411049159665
4 50 5 5 425.92767438739133 44.16042441850402 41.182250712652056
4 50 5 6 424.0749433553244 46.745846641822475 39.640030280850446
4 50 5 7 423.72962572786196 49.30005454705526 37.630542080438794
4 50 5 8 425.46713817189544 46.91076321201326 39.08376675522919
4 50 5 9 433.5371559212338 45.076327816945685 40.125984812979674
4 50 5 10 430.3074813629556 49.55668783093597 37.606816759554086
