11 5 1 1 991.7882480398288 165.00200428051014 75.13286111261222
11 5 1 2 988.8464810170228 179.03525053322863 60.67689614879617
11 5 1 3 1000.7195982690356 182.69029381014008 55.89676219908691
11 5 1 4 995.1727419649201 181.26243818795845 58.780846617177566
11 5 1 5 995.4801373643747 179.37761387569216 60.77213210051523
11 5 1 6 998.1042510154491 175.52127644984628 60.81874699848395
11 5 1 7 998.1495173203687 182.6660650465571 57.65659263776512
11 5 1 8 995.6724947690561 180.63938129586649 57.91094655389563
11 5 1 9 998.0250560881202 180.10778025398037 59.80401669851756
11 5 1 10 987.5127615320749 173.88326571643375 62.91755373210928
