5 3 1 1 599.5700365604921 71.1825236785449 37.1467220791678
5 3 1 2 616.0591474977947 80.31951127705551 27.647332907648803
5 3 1 3 624.4806923276201 80.86091398655208 24.680603196904148
5 3 1 4 621.6261962771746 85.24421866305804 23.73640842325276
5 3 1 5 625.5818020665467 81.83619602290156 25.553570269179517
5 3 1 6 632.5800000425046 86.88792944265673 22.117649261476508
5 3 1 7 630.5711241707334 88.54274498808182 21.37492188757445
5 3 1 8 628.1580043489174 85.30037030877881 21.95578692625155
5 3 1 9 624.6252061176544 84.89718787904064 23.768317429269494
5 3 1 10 621.8509227437842 82.70663691397905 24.49815933785753
