15 10 5 1 979.8554838517193 255.4922715979254 70.54633028062848
15 10 5 2 979.8126710612014 246.41824285902118 78.96880543760767
15 10 5 3 979.7775794175367 244.35063179871076 82.27284681600256
15 10 5 4 979.7791792701983 243.09158418039058 81.32414810306595
15 10 5 5 979.8387939108947 250.19813723653385 75.67372659743108
15 10 5 6 979.8293431226527 248.0604292541904 77.08007752811695
15 10 5 7 979.8498399844843 250.17961256849156 74.5465760211238
15 10 5 8 979.8687065652847 257.979976120234 70.41408825003681
15 10 5 9 979.8532075608027 253.78689277036375 74.91111720281582
15 10 5 10 979.8461830427517 255.60710903742483 71.73995679907885
