1 5 1 1 143.38803948418783 15.424987541019082 6.769127161444709
1 5 1 2 140.4006350150419 16.605017679392784 5.57398761608596
1 5 1 3 141.53533991580667 16.848646485269644 5.2253075573420675
1 5 1 4 140.9471921054493 15.03682455414594 6.223077036452365
1 5 1 5 139.66098807899886 16.882310926243317 5.456303430497122
1 5 1 6 143.27557374612311 16.86864174739072 5.72369294411203
1 5 1 7 139.6547476232301 17.18439406620779 4.743688789901506
1 5 1 8 143.23424497273632 16.18600473891694 5.368891107729072
1 5 1 9 144.4796587213935 16.868245427331573 5.05311846450915
1 5 1 10 142.3314817034814 14.702581627882223 6.520930746935883
