5 5 1 1 616.8032747458147 69.28140779544886 38.46953620568769
5 5 1 2 621.6703896939664 77.52263851840034 30.710730311766923
5 5 1 3 607.2107852822527 79.49726136645327 28.996461387874973
5 5 1 4 616.4136564994487 74.61388031782468 33.19085370784666
5 5 1 5 610.9432086646125 75.10904803512143 32.298736206812364
5 5 1 6 611.235144817854 79.96557820628794 29.34109736073304
5 5 1 7 614.2418748849486 77.09488372148301 32.06873511609075
5 5 1 8 614.2693863539146 74.03479476041173 33.46803416118351
5 5 1 9 614.0648625508934 81.67148293322552 28.945192049964003
5 5 1 10 617.5281113733886 78.55252502432388 28.84207239811834
