7 50 1 1 537.6121693676865 96.07863628105899 55.203909243571076
7 50 1 2 532.1213517867409 85.34796377118887 67.36488501987388
7 50 1 3 534.8257230959189 81.8161795791408 69.15772607515513
7 50 1 4 535.4841607748425 90.27960566669785 63.66878473416884
7 50 1 5 534.8722786231142 87.94716902537441 65.78235904452477
7 50 1 6 535.8120355527693 84.24489606380638 67.2409478805019
7 50 1 7 535.8140180173807 79.82734746535799 70.08508490303157
7 50 1 8 533.1299730092157 81.18764500615887 68.8122702786781
7 50 1 9 537.8466063530949 90.06662530468041 63.141371646097454
7 50 1 10 536.1127230870134 82.94669492597399 68.33393251065213
