10 9 1 1 920.3241559984705 142.783709780208 73.91058959197929
10 9 1 2 930.248693993873 148.1718952392596 69.45779647717403
10 9 1 3 918.9768796666073 136.35333880972723 79.32507454308809
10 9 1 4 918.3556612274054 143.81220706845343 73.46565831924428
10 9 1 5 919.3933050225529 143.50247515112656 73.43210503191838
10 9 1 6 933.402977684682 150.3013087788705 68.62632196041147
10 9 1 7 923.2282282369756 145.1949281933561 72.60587217367333
10 9 1 8 927.7545151794797 150.02085444774806 69.66630309897624
10 9 1 9 926.8211445099818 142.5715120319008 74.30400443579549
10 9 1 10 908.5014997117042 145.37671717717458 72.95442025606715
